100 4456 1
1 2 65
1 4 59
1 9 42
1 13 90
1 14 11
1 17 61
1 25 15
1 27 44
1 28 98
1 31 51
1 34 33
1 35 71
1 38 61
1 39 78
1 45 41
1 51 40
1 56 69
1 57 39
1 60 16
1 63 34
1 65 83
1 67 65
1 68 35
1 71 68
1 74 94
1 75 22
1 76 26
1 78 2
1 80 90
1 81 65
1 82 16
1 83 76
1 87 66
1 91 52
1 96 26
1 99 64
2 3 3
2 10 16
2 11 66
2 13 35
2 15 21
2 17 35
2 22 12
2 23 8
2 27 32
2 30 65
2 31 50
2 32 68
2 34 60
2 36 95
2 37 20
2 39 31
2 40 55
2 41 83
2 42 16
2 48 13
2 51 78
2 54 2
2 55 23
2 56 83
2 61 63
2 62 32
2 63 56
2 65 85
2 67 22
2 68 81
2 73 56
2 75 87
2 76 82
2 77 21
2 81 68
2 84 58
2 87 100
2 89 93
2 90 9
2 91 64
2 96 56
2 100 71
3 12 60
3 13 31
3 16 71
3 17 43
3 19 84
3 23 7
3 24 47
3 25 78
3 26 49
3 33 86
3 35 85
3 37 67
3 38 47
3 39 20
3 40 28
3 44 12
3 45 30
3 46 59
3 47 69
3 48 89
3 53 8
3 55 100
3 56 63
3 58 21
3 60 12
3 67 86
3 69 51
3 71 96
3 75 44
3 76 43
3 78 50
3 79 52
3 82 74
3 84 19
3 86 89
3 90 74
3 91 34
3 92 76
3 95 61
3 96 75
4 7 24
4 10 10
4 11 71
4 12 88
4 15 97
4 16 84
4 21 52
4 22 9
4 23 20
4 25 50
4 26 37
4 28 48
4 30 36
4 33 60
4 34 8
4 38 2
4 42 16
4 45 16
4 46 57
4 47 39
4 48 46
4 51 70
4 52 33
4 54 18
4 60 38
4 62 36
4 63 26
4 64 22
4 67 45
4 68 86
4 69 14
4 71 10
4 74 33
4 78 31
4 80 63
4 81 89
4 83 28
4 84 75
4 86 65
4 88 78
4 89 21
4 91 39
4 96 51
4 97 6
4 98 42
5 6 68
5 9 53
5 12 59
5 13 6
5 14 6
5 20 63
5 21 14
5 23 79
5 26 69
5 31 87
5 36 4
5 38 59
5 41 77
5 42 6
5 44 28
5 45 34
5 46 18
5 48 71
5 49 26
5 50 83
5 57 79
5 59 74
5 62 75
5 63 5
5 64 66
5 65 13
5 70 8
5 71 99
5 73 92
5 78 87
5 81 86
5 83 8
5 84 2
5 86 26
5 90 79
5 96 31
5 97 32
5 98 82
5 100 98
6 7 61
6 8 42
6 10 6
6 13 73
6 14 39
6 16 4
6 17 6
6 19 59
6 20 29
6 22 91
6 26 42
6 27 41
6 28 47
6 29 49
6 30 43
6 32 24
6 33 74
6 35 74
6 38 50
6 39 82
6 40 33
6 43 44
6 45 88
6 47 49
6 48 85
6 49 54
6 50 83
6 52 63
6 53 68
6 55 58
6 56 90
6 62 86
6 63 87
6 64 49
6 65 12
6 66 57
6 73 98
6 75 20
6 78 41
6 79 82
6 80 48
6 82 33
6 84 95
6 88 85
6 89 27
6 93 43
6 94 8
6 95 2
6 97 21
7 9 64
7 10 67
7 13 55
7 15 24
7 16 91
7 17 41
7 21 34
7 22 38
7 29 68
7 30 73
7 31 66
7 32 11
7 33 20
7 37 75
7 39 30
7 40 37
7 42 37
7 44 74
7 46 79
7 47 70
7 48 44
7 50 22
7 51 73
7 53 87
7 54 5
7 62 53
7 64 80
7 69 51
7 71 36
7 73 13
7 78 51
7 80 92
7 81 79
7 82 66
7 83 76
7 84 78
7 86 73
7 89 23
7 92 22
7 93 74
7 98 61
7 99 44
7 100 25
8 10 74
8 13 74
8 15 67
8 17 61
8 31 46
8 32 33
8 34 1
8 35 80
8 38 49
8 39 36
8 44 71
8 47 3
8 49 64
8 50 67
8 51 68
8 56 85
8 66 83
8 70 59
8 77 9
8 79 87
8 80 78
8 81 35
8 83 28
8 84 7
8 86 4
8 96 40
8 97 47
8 98 12
8 99 53
8 100 16
9 10 52
9 11 54
9 16 21
9 19 63
9 21 29
9 23 53
9 26 49
9 30 11
9 32 93
9 34 32
9 38 6
9 39 35
9 41 34
9 42 40
9 43 7
9 47 16
9 48 82
9 49 81
9 50 30
9 52 92
9 58 61
9 59 29
9 60 97
9 65 18
9 66 84
9 69 80
9 73 74
9 75 95
9 77 27
9 80 36
9 81 55
9 83 6
9 85 24
9 88 54
9 90 99
9 91 24
9 94 50
9 97 29
9 98 79
10 11 33
10 12 6
10 13 64
10 16 29
10 17 85
10 19 50
10 20 6
10 22 34
10 24 6
10 27 23
10 29 45
10 34 70
10 35 91
10 36 80
10 37 72
10 38 4
10 39 90
10 40 69
10 43 35
10 45 42
10 46 92
10 48 37
10 53 8
10 54 14
10 58 38
10 60 7
10 61 34
10 63 66
10 66 31
10 68 4
10 69 29
10 70 69
10 71 99
10 78 41
10 79 34
10 83 67
10 90 27
10 94 81
10 97 67
10 98 16
10 99 5
10 100 25
11 13 9
11 14 92
11 15 78
11 19 37
11 20 86
11 21 43
11 30 98
11 31 94
11 32 94
11 37 59
11 38 54
11 40 8
11 45 94
11 46 31
11 49 24
11 51 93
11 52 1
11 56 13
11 59 88
11 60 31
11 61 75
11 62 36
11 65 40
11 71 41
11 75 41
11 76 67
11 78 88
11 81 29
11 83 56
11 85 29
11 86 24
11 94 36
11 96 18
11 97 58
11 100 37
12 14 32
12 21 13
12 22 41
12 25 94
12 26 42
12 27 79
12 29 59
12 30 54
12 32 62
12 35 17
12 36 79
12 39 19
12 42 65
12 43 7
12 44 62
12 46 44
12 47 97
12 50 19
12 51 27
12 53 19
12 58 24
12 60 22
12 62 33
12 64 40
12 65 6
12 67 39
12 69 35
12 71 46
12 72 68
12 74 18
12 75 92
12 78 1
12 87 23
12 90 41
12 91 36
12 93 11
12 95 36
12 99 14
12 100 96
13 14 33
13 16 7
13 17 56
13 18 48
13 21 55
13 22 13
13 24 50
13 29 64
13 30 53
13 31 83
13 32 7
13 34 17
13 38 48
13 39 74
13 40 31
13 41 66
13 42 51
13 43 38
13 45 36
13 46 40
13 48 81
13 50 40
13 52 94
13 53 96
13 56 45
13 58 51
13 61 7
13 64 85
13 66 92
13 70 17
13 74 44
13 75 31
13 76 80
13 78 2
13 79 63
13 83 57
13 84 14
13 85 94
13 91 62
13 95 54
13 96 83
13 98 5
13 100 92
14 15 42
14 20 42
14 21 34
14 23 66
14 24 72
14 31 57
14 32 66
14 34 17
14 36 71
14 41 79
14 42 97
14 45 97
14 47 79
14 48 15
14 53 5
14 55 82
14 61 33
14 62 15
14 63 8
14 66 11
14 67 85
14 69 21
14 75 44
14 76 95
14 78 57
14 79 18
14 80 68
14 84 52
14 85 2
14 90 68
14 92 69
14 93 86
14 100 2
15 21 19
15 22 73
15 24 94
15 25 44
15 27 94
15 29 48
15 33 85
15 36 47
15 38 4
15 41 16
15 45 94
15 46 79
15 52 95
15 53 71
15 54 52
15 57 63
15 58 63
15 61 19
15 62 57
15 63 80
15 66 49
15 69 26
15 73 72
15 74 68
15 75 95
15 76 19
15 78 100
15 80 55
15 83 11
15 84 9
15 87 44
15 88 65
15 90 97
15 91 12
15 92 69
15 97 80
15 98 16
15 99 2
15 100 23
16 17 27
16 26 97
16 33 50
16 35 64
16 39 65
16 40 8
16 44 27
16 48 90
16 50 78
16 52 99
16 54 25
16 57 34
16 60 73
16 62 7
16 63 6
16 68 54
16 70 1
16 75 1
16 79 95
16 84 30
16 87 96
16 90 8
16 91 53
16 94 10
16 97 57
16 98 31
17 22 63
17 25 2
17 27 27
17 28 80
17 30 83
17 31 34
17 33 31
17 41 53
17 42 84
17 47 59
17 48 14
17 49 1
17 53 43
17 56 78
17 58 43
17 65 6
17 67 24
17 69 39
17 72 64
17 73 23
17 83 99
17 87 69
17 88 81
17 90 77
17 94 63
17 96 4
18 19 51
18 21 42
18 25 69
18 26 1
18 27 19
18 28 72
18 32 14
18 33 11
18 36 25
18 41 50
18 42 21
18 44 20
18 47 37
18 49 76
18 50 71
18 51 39
18 53 32
18 55 23
18 56 25
18 59 17
18 60 43
18 64 75
18 69 49
18 72 11
18 73 23
18 77 57
18 79 21
18 80 36
18 81 35
18 82 10
18 89 19
18 92 29
18 94 99
18 95 91
18 97 48
18 98 35
18 99 32
19 21 32
19 22 70
19 24 68
19 30 2
19 32 51
19 36 9
19 37 86
19 38 50
19 40 59
19 44 65
19 45 42
19 46 20
19 48 35
19 49 45
19 54 90
19 55 58
19 57 63
19 60 58
19 61 94
19 64 57
19 68 12
19 69 38
19 72 22
19 73 17
19 75 27
19 79 90
19 81 89
19 82 44
19 84 16
19 88 75
19 95 61
19 97 43
19 99 58
19 100 65
20 31 68
20 35 63
20 37 98
20 38 79
20 39 18
20 40 68
20 41 49
20 44 88
20 46 9
20 54 26
20 55 89
20 59 18
20 61 8
20 62 50
20 64 8
20 65 92
20 77 37
20 78 63
20 83 62
20 84 8
20 87 61
20 96 59
20 97 9
20 98 4
20 100 53
21 22 12
21 23 32
21 27 41
21 33 99
21 34 85
21 35 17
21 40 4
21 41 53
21 45 89
21 48 2
21 52 24
21 54 71
21 58 77
21 59 85
21 61 67
21 62 60
21 63 17
21 67 78
21 68 94
21 70 60
21 71 44
21 73 16
21 75 60
21 80 55
21 81 94
21 83 22
21 86 86
21 91 88
21 93 65
21 94 61
21 98 62
21 99 57
22 23 99
22 25 74
22 27 84
22 29 35
22 30 50
22 35 93
22 36 20
22 38 7
22 45 96
22 46 78
22 47 28
22 48 27
22 49 95
22 53 17
22 54 3
22 55 2
22 57 83
22 58 77
22 60 62
22 61 7
22 62 90
22 64 70
22 65 32
22 72 55
22 73 2
22 74 69
22 81 83
22 89 60
22 91 33
22 93 92
22 99 94
23 30 10
23 32 56
23 33 24
23 34 28
23 35 76
23 36 18
23 39 91
23 41 16
23 43 37
23 44 48
23 49 72
23 50 12
23 51 64
23 56 24
23 57 53
23 58 47
23 60 79
23 64 42
23 71 95
23 80 63
23 83 17
23 84 87
23 87 39
23 90 44
23 94 59
23 96 21
23 98 38
23 99 12
23 100 8
24 28 68
24 29 2
24 33 75
24 34 98
24 36 78
24 37 27
24 39 74
24 43 41
24 45 86
24 47 16
24 48 10
24 53 23
24 56 37
24 57 1
24 60 69
24 63 15
24 64 78
24 66 41
24 67 74
24 69 3
24 70 89
24 71 10
24 72 67
24 73 35
24 78 61
24 79 33
24 80 88
24 81 45
24 84 96
24 85 70
24 88 55
24 89 78
24 90 89
24 94 53
24 95 77
24 97 46
25 26 36
25 29 6
25 35 28
25 37 13
25 40 13
25 41 59
25 42 94
25 43 44
25 44 30
25 46 56
25 50 53
25 57 91
25 58 80
25 59 92
25 70 22
25 72 56
25 73 92
25 74 58
25 83 92
25 84 7
25 85 94
25 87 76
25 91 52
25 94 14
25 98 87
25 100 75
26 27 34
26 28 18
26 30 82
26 35 57
26 39 71
26 41 61
26 43 22
26 44 15
26 50 91
26 52 65
26 59 10
26 60 83
26 64 49
26 66 44
26 68 44
26 72 82
26 73 31
26 74 8
26 79 7
26 82 4
26 83 41
26 84 19
26 85 21
26 86 86
26 87 74
26 89 36
26 95 8
26 97 23
26 99 34
27 31 39
27 33 53
27 36 15
27 38 94
27 39 56
27 44 32
27 45 46
27 47 97
27 49 71
27 51 3
27 54 55
27 56 73
27 59 81
27 66 72
27 68 87
27 70 37
27 71 7
27 76 60
27 78 25
27 79 58
27 83 59
27 84 75
27 89 86
27 90 57
27 92 60
27 93 46
27 95 77
27 96 86
27 98 91
27 99 17
27 100 52
28 33 98
28 34 2
28 35 46
28 37 16
28 39 29
28 40 42
28 42 81
28 43 63
28 45 1
28 46 93
28 50 50
28 51 92
28 53 97
28 54 23
28 55 1
28 63 92
28 66 44
28 67 74
28 68 81
28 69 22
28 72 12
28 74 39
28 75 44
28 78 21
28 79 38
28 83 80
28 85 10
28 87 76
28 89 79
28 94 86
28 96 35
28 97 74
28 100 37
29 34 93
29 36 52
29 39 72
29 41 41
29 43 59
29 44 27
29 45 23
29 47 28
29 49 67
29 51 69
29 52 96
29 53 41
29 54 36
29 56 79
29 60 6
29 63 99
29 65 55
29 68 57
29 69 13
29 72 55
29 74 40
29 75 90
29 76 12
29 79 78
29 80 55
29 83 54
29 88 86
29 92 69
29 93 15
29 98 99
30 32 64
30 33 37
30 36 3
30 43 5
30 44 58
30 45 18
30 47 88
30 53 85
30 56 17
30 59 13
30 65 79
30 76 77
30 77 61
30 84 69
30 85 10
30 86 7
30 89 89
30 95 79
30 96 18
30 97 10
30 98 43
31 34 58
31 37 58
31 38 86
31 39 65
31 40 2
31 45 65
31 47 95
31 49 22
31 50 20
31 55 87
31 57 13
31 58 94
31 60 33
31 65 41
31 70 8
31 71 30
31 75 53
31 76 76
31 85 67
31 87 27
31 90 22
31 95 28
31 96 64
31 97 63
31 100 1
32 33 8
32 36 7
32 41 45
32 43 18
32 48 91
32 49 39
32 52 64
32 55 41
32 58 89
32 61 82
32 62 21
32 64 98
32 66 58
32 67 21
32 74 11
32 76 63
32 78 20
32 79 9
32 83 6
32 90 58
32 91 64
32 93 74
32 94 72
32 99 51
32 100 30
33 35 5
33 36 67
33 37 56
33 39 71
33 40 79
33 42 95
33 51 50
33 52 1
33 53 34
33 54 52
33 59 90
33 61 68
33 64 35
33 65 21
33 67 66
33 69 57
33 74 28
33 75 39
33 78 45
33 79 94
33 82 96
33 83 19
33 86 76
33 87 87
33 89 80
33 91 34
33 92 59
33 95 14
33 96 96
33 98 44
33 99 22
33 100 86
34 36 1
34 39 99
34 40 18
34 42 83
34 43 9
34 49 4
34 51 91
34 53 56
34 55 22
34 56 1
34 61 43
34 62 72
34 65 96
34 67 54
34 68 63
34 70 18
34 71 18
34 72 75
34 75 6
34 76 14
34 78 90
34 79 51
34 81 89
34 82 3
34 84 42
34 86 25
34 87 65
34 88 97
34 91 27
34 95 35
34 96 8
34 97 68
35 37 33
35 38 24
35 39 1
35 40 22
35 41 4
35 44 32
35 45 21
35 47 48
35 49 50
35 51 83
35 52 20
35 54 87
35 56 89
35 58 63
35 59 82
35 61 34
35 64 29
35 67 47
35 69 80
35 71 10
35 73 73
35 77 96
35 78 58
35 80 45
35 81 80
35 84 28
35 85 3
35 86 80
35 88 24
35 96 42
35 97 85
35 98 32
36 37 86
36 40 94
36 41 97
36 42 79
36 44 64
36 45 4
36 47 47
36 52 40
36 53 96
36 56 68
36 57 18
36 59 83
36 60 50
36 61 40
36 64 60
36 66 31
36 67 53
36 75 26
36 77 53
36 78 92
36 83 89
36 85 68
36 86 41
36 87 81
36 88 25
36 95 50
36 99 28
37 40 34
37 41 53
37 42 25
37 44 83
37 47 2
37 50 89
37 55 55
37 59 36
37 60 32
37 64 72
37 66 66
37 67 23
37 69 80
37 71 38
37 72 45
37 75 59
37 77 39
37 88 88
37 94 99
37 99 12
38 41 67
38 43 71
38 44 67
38 50 18
38 55 47
38 56 8
38 59 22
38 60 19
38 61 20
38 69 70
38 72 23
38 74 31
38 84 24
38 88 72
38 92 53
38 97 73
38 99 51
38 100 3
39 40 94
39 42 7
39 44 97
39 45 56
39 46 95
39 47 1
39 52 81
39 53 56
39 56 68
39 57 72
39 61 84
39 62 61
39 66 91
39 68 3
39 69 19
39 70 1
39 71 84
39 72 89
39 73 76
39 75 45
39 78 75
39 81 12
39 83 79
39 84 76
39 85 86
39 86 71
39 90 45
39 91 12
39 92 60
39 96 61
39 97 60
39 98 9
40 45 82
40 46 38
40 51 66
40 54 28
40 61 74
40 67 52
40 72 68
40 73 76
40 74 14
40 75 17
40 76 51
40 79 25
40 81 85
40 95 75
40 96 39
40 100 89
41 46 28
41 47 8
41 49 61
41 50 95
41 54 83
41 56 28
41 63 11
41 65 71
41 66 86
41 69 46
41 70 41
41 71 88
41 72 11
41 74 97
41 76 60
41 77 99
41 80 67
41 81 43
41 86 67
41 91 76
41 95 81
41 98 71
41 100 94
42 45 20
42 48 70
42 50 71
42 55 28
42 56 65
42 57 57
42 59 55
42 61 18
42 63 39
42 64 3
42 73 51
42 75 93
42 80 57
42 81 17
42 82 27
42 86 71
42 89 14
42 93 45
42 96 65
42 97 24
42 99 39
43 48 56
43 49 73
43 51 7
43 52 40
43 57 33
43 60 65
43 61 34
43 64 9
43 66 43
43 67 82
43 74 78
43 76 18
43 77 98
43 79 22
43 80 88
43 83 14
43 88 75
43 89 51
43 91 16
43 95 89
43 98 3
43 99 79
44 45 60
44 50 57
44 53 21
44 62 80
44 64 76
44 69 34
44 70 25
44 73 13
44 74 14
44 75 89
44 76 84
44 77 51
44 79 9
44 86 24
44 92 38
44 94 32
44 100 48
45 47 1
45 50 1
45 51 81
45 53 70
45 57 92
45 59 3
45 63 51
45 64 34
45 65 38
45 67 12
45 69 70
45 70 86
45 71 23
45 72 71
45 73 46
45 77 34
45 81 58
45 82 4
45 86 73
45 87 10
45 91 52
45 92 40
45 93 34
45 96 22
45 98 98
45 99 29
45 100 32
46 50 9
46 51 48
46 52 92
46 54 17
46 56 100
46 57 58
46 58 56
46 59 83
46 63 46
46 67 51
46 68 22
46 70 38
46 75 93
46 80 73
46 83 3
46 91 69
46 92 85
46 95 29
46 96 84
46 98 33
46 99 84
46 100 47
47 53 38
47 56 13
47 58 57
47 65 31
47 66 71
47 67 34
47 71 94
47 72 53
47 78 31
47 79 34
47 80 35
47 82 44
47 83 52
47 86 14
47 88 61
47 89 30
47 90 34
47 92 37
47 94 3
47 97 94
47 100 15
48 50 20
48 51 24
48 52 71
48 55 97
48 58 99
48 60 87
48 62 31
48 63 45
48 68 33
48 74 66
48 75 8
48 78 64
48 80 28
48 83 88
48 84 3
48 85 75
48 86 22
48 94 67
48 95 56
48 99 60
48 100 74
49 52 100
49 53 13
49 54 90
49 57 67
49 58 31
49 59 12
49 63 64
49 64 90
49 65 91
49 68 100
49 69 40
49 71 72
49 75 20
49 76 18
49 80 95
49 84 20
49 85 90
49 86 4
49 87 24
49 90 91
49 91 59
49 92 87
49 93 54
49 94 97
50 54 95
50 58 86
50 59 5
50 64 66
50 67 73
50 76 4
50 86 22
50 89 26
50 91 95
50 93 49
50 96 16
50 97 1
50 98 34
51 54 42
51 55 19
51 58 93
51 59 17
51 60 4
51 61 24
51 62 1
51 64 85
51 65 69
51 66 3
51 69 40
51 71 86
51 74 100
51 80 76
51 81 50
51 83 22
51 84 89
51 85 94
51 90 91
51 91 67
51 92 57
51 95 92
51 97 13
51 100 45
52 55 25
52 57 89
52 59 93
52 61 74
52 62 67
52 64 62
52 68 68
52 69 45
52 72 27
52 73 58
52 74 53
52 77 73
52 79 27
52 85 20
52 87 9
52 88 40
52 89 99
52 90 54
52 94 91
52 95 12
52 97 58
52 98 44
52 99 98
53 55 17
53 57 48
53 62 12
53 63 52
53 65 65
53 67 2
53 70 75
53 74 81
53 75 69
53 78 43
53 80 47
53 83 33
53 84 80
53 89 92
53 90 38
53 91 96
53 98 29
54 61 35
54 63 90
54 65 95
54 67 44
54 70 45
54 75 75
54 77 19
54 81 8
54 83 30
54 84 91
54 88 24
54 93 23
54 95 57
54 96 60
54 98 50
54 99 66
55 58 97
55 62 43
55 64 81
55 66 17
55 67 94
55 71 85
55 72 17
55 73 33
55 77 24
55 79 51
55 83 49
55 86 78
55 90 1
55 93 57
55 98 35
55 100 27
56 59 27
56 64 57
56 68 43
56 69 22
56 71 24
56 73 91
56 75 17
56 76 23
56 77 42
56 83 34
56 89 71
56 94 9
57 58 62
57 59 47
57 64 90
57 68 41
57 69 78
57 70 40
57 75 98
57 76 82
57 77 81
57 79 39
57 81 16
57 86 98
57 89 60
57 90 85
57 91 64
57 92 48
57 93 55
57 94 36
57 96 45
57 98 29
57 99 27
58 59 93
58 63 86
58 64 46
58 65 87
58 68 65
58 73 31
58 74 95
58 75 56
58 80 37
58 82 10
58 83 28
58 85 89
58 86 96
58 90 90
58 93 10
58 94 55
58 95 19
58 98 23
59 60 11
59 67 81
59 70 79
59 72 55
59 73 77
59 79 16
59 83 87
59 85 97
59 86 36
59 90 16
59 92 36
59 93 35
59 97 94
59 98 88
59 99 35
60 62 41
60 63 83
60 64 82
60 65 44
60 67 41
60 69 100
60 70 86
60 75 80
60 78 18
60 86 38
60 90 73
60 94 36
60 95 78
60 96 11
61 67 27
61 73 58
61 75 39
61 77 84
61 83 1
61 86 83
61 87 5
61 92 50
61 94 82
61 96 23
61 97 68
61 99 12
62 66 25
62 68 29
62 70 47
62 75 64
62 78 83
62 79 8
62 80 47
62 85 64
62 86 12
62 88 77
62 89 65
62 90 73
62 92 69
62 96 67
62 97 72
62 98 95
63 64 30
63 66 41
63 67 34
63 69 87
63 72 30
63 78 29
63 79 95
63 80 97
63 81 55
63 85 9
63 90 26
63 92 5
63 97 8
63 98 47
64 65 17
64 66 27
64 68 88
64 70 57
64 72 77
64 74 67
64 76 76
64 79 29
64 80 11
64 86 66
64 87 26
64 90 42
64 95 67
64 96 5
65 71 55
65 73 18
65 74 15
65 75 67
65 77 52
65 81 10
65 83 75
65 84 30
65 85 60
65 86 70
65 87 43
65 88 60
65 92 19
65 93 35
65 100 25
66 69 61
66 71 91
66 73 39
66 75 87
66 84 24
66 86 82
66 88 35
66 89 91
66 91 47
66 93 5
66 94 23
66 98 19
66 99 55
66 100 86
67 69 40
67 70 61
67 73 76
67 74 13
67 84 82
67 86 84
67 88 42
67 89 63
67 90 81
67 91 21
67 92 10
67 93 2
67 97 23
67 98 16
67 100 10
68 69 69
68 74 59
68 75 99
68 77 42
68 79 3
68 85 1
68 86 24
68 89 44
68 90 54
68 93 81
68 94 3
68 97 98
68 99 71
69 71 72
69 80 86
69 81 55
69 82 21
69 83 7
69 86 57
69 88 73
69 91 24
69 92 59
69 93 11
69 94 19
69 96 48
69 97 29
69 98 44
69 99 58
70 73 39
70 74 51
70 87 31
70 88 7
70 89 4
70 91 83
70 92 87
70 94 37
70 96 33
70 98 22
70 99 11
71 72 85
71 84 82
71 85 23
71 87 42
71 90 28
71 91 30
71 99 51
72 76 17
72 82 65
72 83 98
72 84 67
72 91 76
72 95 95
72 97 30
72 98 91
73 75 75
73 79 78
73 80 8
73 83 83
73 85 20
73 92 69
73 93 47
73 95 74
73 100 47
74 75 17
74 76 23
74 80 66
74 81 36
74 83 62
74 84 97
74 85 29
74 86 27
74 87 73
74 90 65
74 91 9
74 94 63
74 95 8
74 96 77
74 97 16
74 99 53
75 76 74
75 79 58
75 80 34
75 81 54
75 82 55
75 83 57
75 84 83
75 85 23
75 86 77
75 88 72
75 94 79
75 95 1
75 98 32
76 77 52
76 78 73
76 79 36
76 80 89
76 83 68
76 85 95
76 92 59
76 94 44
76 96 32
76 97 17
76 98 76
76 100 76
77 78 23
77 79 50
77 81 3
77 85 21
77 89 57
77 91 79
77 92 11
77 94 72
77 95 33
77 96 38
77 99 42
78 80 84
78 81 99
78 84 88
78 85 6
78 86 87
78 87 73
78 88 92
78 89 43
78 90 32
78 95 83
78 96 78
78 99 19
78 100 34
79 80 66
79 84 100
79 85 49
79 86 46
79 88 20
79 90 28
79 95 50
79 98 72
80 87 89
80 88 17
80 90 99
80 97 91
80 98 74
80 99 78
81 82 36
81 84 60
81 87 41
81 89 20
81 96 81
81 97 67
81 99 63
81 100 93
82 83 38
82 85 52
82 86 13
82 88 62
82 90 6
82 91 98
82 93 61
83 91 16
83 92 95
83 95 91
84 86 67
84 89 60
84 93 93
84 96 63
84 97 88
84 99 6
85 86 47
85 87 13
85 89 22
85 91 5
85 93 41
85 94 15
85 95 6
85 99 38
86 90 10
86 94 99
86 95 56
86 97 67
86 98 77
86 100 29
87 89 51
87 91 79
87 93 86
87 95 38
88 89 10
88 92 67
88 93 5
88 94 29
88 95 58
89 91 65
89 92 73
89 93 66
89 94 33
89 95 18
89 96 100
89 99 94
89 100 16
90 91 56
90 92 51
90 93 19
90 96 92
90 97 33
90 100 27
91 93 76
91 96 94
92 94 40
93 94 22
93 95 24
93 99 37
94 95 13
94 96 76
94 97 24
94 100 97
95 96 73
95 98 44
95 99 5
96 97 32
96 99 31
96 100 47
97 98 9
97 99 49
98 99 95
1 4 46
1 7 54
1 9 63
1 15 35
1 19 1
1 21 66
1 22 64
1 25 97
1 29 37
1 31 67
1 32 95
1 37 21
1 42 89
1 43 72
1 47 67
1 48 95
1 59 38
1 60 9
1 64 31
1 65 10
1 66 13
1 67 86
1 68 14
1 70 70
1 72 75
1 74 86
1 76 87
1 77 60
1 80 84
1 84 29
1 87 55
1 90 23
1 98 45
2 4 31
2 6 28
2 7 92
2 8 25
2 9 98
2 11 60
2 13 98
2 14 46
2 15 55
2 16 52
2 22 24
2 24 91
2 25 65
2 26 75
2 27 23
2 29 93
2 30 76
2 31 18
2 33 43
2 34 12
2 37 99
2 39 87
2 41 74
2 46 84
2 47 87
2 52 37
2 54 18
2 55 60
2 56 54
2 59 7
2 60 15
2 61 51
2 63 59
2 65 27
2 66 43
2 68 21
2 70 20
2 72 7
2 76 91
2 77 10
2 78 6
2 82 98
2 84 3
2 85 92
2 86 94
2 89 69
2 92 55
2 93 89
2 95 10
2 96 65
3 5 68
3 6 8
3 8 7
3 10 64
3 11 88
3 12 2
3 21 21
3 22 14
3 23 1
3 26 79
3 29 43
3 30 51
3 36 23
3 39 42
3 41 87
3 43 3
3 44 31
3 52 22
3 53 50
3 55 66
3 56 18
3 61 79
3 64 30
3 65 72
3 70 43
3 71 35
3 72 28
3 78 2
3 81 57
3 82 53
3 84 54
3 91 47
3 92 73
3 94 40
3 95 10
3 96 5
3 97 68
3 99 42
4 11 45
4 13 42
4 15 4
4 18 35
4 25 71
4 26 60
4 28 37
4 31 99
4 34 8
4 35 74
4 39 10
4 43 21
4 44 29
4 45 26
4 46 98
4 47 37
4 53 13
4 56 92
4 57 57
4 64 78
4 69 71
4 71 45
4 73 22
4 74 68
4 75 64
4 76 53
4 77 26
4 78 56
4 79 52
4 81 82
4 83 53
4 86 97
4 90 47
4 93 37
4 94 3
4 96 31
4 97 30
5 11 77
5 16 18
5 17 1
5 18 77
5 19 14
5 24 39
5 25 23
5 26 41
5 28 75
5 29 81
5 30 94
5 32 29
5 33 2
5 36 72
5 40 68
5 45 75
5 52 59
5 53 42
5 54 93
5 55 2
5 59 91
5 62 52
5 64 74
5 67 70
5 70 18
5 71 32
5 76 78
5 84 9
5 89 95
5 91 66
5 93 7
5 94 68
5 96 85
5 99 89
6 7 31
6 11 85
6 12 20
6 13 85
6 15 20
6 17 90
6 19 67
6 21 91
6 23 75
6 26 57
6 27 20
6 28 100
6 30 50
6 31 25
6 34 4
6 36 61
6 41 77
6 44 56
6 46 4
6 51 98
6 54 93
6 59 63
6 63 87
6 64 43
6 67 78
6 75 16
6 76 43
6 77 83
6 81 10
6 91 32
6 93 42
6 95 73
6 96 6
6 99 20
7 11 22
7 13 27
7 14 78
7 17 32
7 18 10
7 20 2
7 21 60
7 22 67
7 23 71
7 26 81
7 28 30
7 35 28
7 39 27
7 41 42
7 43 4
7 45 86
7 48 85
7 52 51
7 54 86
7 56 36
7 60 100
7 61 74
7 66 16
7 68 30
7 71 39
7 73 75
7 75 96
7 76 66
7 78 62
7 80 12
7 81 39
7 82 44
7 85 100
7 96 29
7 98 31
7 100 45
8 11 4
8 12 20
8 14 13
8 16 43
8 22 35
8 24 9
8 25 13
8 34 18
8 36 47
8 39 62
8 41 81
8 42 91
8 44 85
8 45 50
8 46 54
8 53 36
8 54 92
8 56 46
8 59 69
8 64 79
8 65 23
8 67 6
8 69 57
8 70 28
8 72 94
8 73 17
8 74 15
8 79 42
8 86 5
8 88 93
8 90 62
8 91 3
8 93 82
9 10 40
9 12 93
9 16 68
9 17 14
9 20 19
9 24 63
9 25 58
9 29 95
9 31 68
9 33 25
9 35 78
9 40 20
9 41 62
9 46 72
9 47 3
9 51 60
9 56 70
9 57 50
9 58 43
9 62 19
9 64 56
9 65 60
9 68 46
9 70 69
9 71 9
9 75 9
9 76 31
9 77 94
9 83 86
9 84 69
9 85 78
9 86 85
9 87 37
9 89 83
9 91 55
9 92 42
9 99 37
9 100 52
10 12 86
10 13 74
10 16 19
10 17 35
10 21 93
10 22 28
10 23 55
10 26 79
10 32 84
10 33 30
10 35 64
10 39 63
10 42 57
10 43 60
10 47 38
10 54 18
10 56 26
10 59 53
10 60 31
10 62 41
10 63 77
10 66 91
10 67 36
10 68 35
10 71 66
10 72 47
10 74 49
10 75 55
10 76 98
10 77 94
10 78 89
10 80 10
10 81 70
10 86 39
10 87 92
10 89 65
10 90 68
10 92 39
10 94 49
10 97 44
10 98 78
10 99 52
11 12 16
11 16 33
11 20 3
11 21 100
11 24 48
11 26 15
11 32 16
11 33 21
11 37 82
11 39 22
11 44 23
11 49 46
11 52 45
11 54 88
11 55 14
11 57 45
11 58 45
11 59 100
11 60 9
11 63 73
11 68 81
11 70 41
11 71 15
11 72 78
11 74 64
11 75 64
11 77 29
11 80 76
11 83 43
11 85 69
11 86 42
11 90 47
11 91 6
11 95 64
11 97 84
11 99 17
11 100 38
12 14 44
12 17 66
12 20 6
12 22 65
12 25 10
12 27 1
12 28 16
12 30 89
12 33 90
12 36 9
12 37 35
12 42 28
12 45 48
12 46 74
12 50 2
12 52 44
12 53 46
12 55 52
12 58 99
12 62 97
12 63 3
12 64 83
12 65 12
12 66 86
12 67 60
12 71 7
12 75 85
12 78 18
12 82 36
12 87 76
12 89 42
12 91 62
12 93 86
12 95 5
12 97 29
12 99 8
13 14 57
13 17 36
13 18 1
13 22 49
13 24 51
13 25 41
13 26 61
13 27 36
13 28 27
13 29 43
13 31 47
13 33 50
13 34 45
13 37 34
13 41 15
13 43 33
13 48 24
13 49 69
13 51 59
13 52 33
13 53 10
13 55 61
13 58 50
13 62 90
13 63 94
13 64 34
13 67 81
13 70 19
13 72 11
13 73 79
13 77 67
13 79 52
13 80 41
13 81 91
13 83 21
13 87 94
13 91 8
13 92 100
13 93 18
13 96 18
13 99 29
14 15 46
14 18 34
14 20 39
14 22 91
14 26 61
14 27 61
14 33 31
14 35 94
14 41 15
14 43 97
14 44 66
14 48 54
14 49 75
14 50 7
14 55 58
14 56 16
14 58 94
14 59 9
14 62 44
14 63 86
14 67 69
14 71 32
14 72 29
14 77 67
14 79 9
14 84 63
14 89 7
14 91 48
14 94 36
14 95 34
14 100 16
15 17 20
15 18 34
15 20 56
15 21 15
15 33 67
15 34 41
15 39 74
15 40 41
15 44 11
15 46 52
15 51 91
15 57 21
15 59 92
15 64 92
15 65 28
15 66 79
15 67 52
15 68 90
15 70 59
15 73 77
15 75 10
15 80 95
15 82 37
15 84 39
15 85 58
15 86 34
15 89 60
15 97 49
15 99 4
15 100 35
16 17 97
16 19 75
16 22 49
16 27 1
16 31 51
16 32 96
16 34 95
16 35 72
16 37 93
16 42 60
16 44 88
16 46 54
16 48 82
16 49 71
16 50 55
16 55 97
16 58 78
16 65 51
16 72 32
16 73 94
16 77 41
16 78 45
16 79 56
16 82 46
16 83 5
16 86 37
16 87 52
16 92 29
16 96 5
17 19 60
17 22 13
17 25 96
17 28 5
17 29 73
17 38 56
17 41 36
17 43 100
17 44 55
17 46 23
17 47 11
17 49 7
17 50 70
17 51 31
17 52 11
17 54 34
17 56 84
17 58 32
17 61 63
17 63 31
17 65 72
17 66 36
17 68 70
17 69 22
17 72 95
17 73 3
17 76 12
17 77 96
17 78 97
17 79 5
17 83 90
17 84 81
17 86 14
17 88 84
17 89 5
17 90 52
17 96 91
17 97 79
17 99 2
17 100 44
18 21 42
18 22 97
18 34 4
18 35 6
18 42 21
18 44 9
18 45 35
18 46 73
18 47 88
18 49 91
18 50 54
18 51 56
18 52 93
18 53 44
18 55 43
18 57 10
18 58 46
18 61 99
18 62 27
18 65 82
18 67 47
18 69 58
18 76 72
18 80 49
18 81 14
18 84 15
18 85 61
18 87 64
18 93 2
18 96 98
18 98 8
18 99 91
18 100 50
19 21 8
19 25 52
19 28 30
19 35 61
19 37 59
19 42 5
19 47 87
19 49 62
19 50 67
19 51 25
19 52 83
19 55 62
19 66 89
19 68 52
19 70 21
19 71 53
19 75 48
19 77 4
19 79 62
19 80 45
19 84 38
19 85 94
19 89 52
19 90 42
19 91 69
19 94 75
19 97 84
20 24 77
20 25 37
20 27 71
20 33 14
20 34 94
20 35 96
20 36 96
20 41 23
20 44 15
20 45 66
20 46 25
20 49 78
20 53 52
20 55 84
20 62 61
20 64 22
20 65 90
20 68 16
20 69 92
20 70 35
20 71 95
20 73 52
20 75 45
20 76 77
20 77 57
20 82 21
20 83 91
20 84 13
20 85 25
20 87 65
20 89 42
20 90 34
20 92 69
20 94 7
20 98 25
21 25 80
21 27 55
21 29 49
21 31 81
21 32 32
21 35 18
21 37 9
21 38 13
21 40 46
21 42 69
21 49 47
21 55 13
21 56 98
21 62 79
21 66 89
21 71 70
21 74 10
21 75 45
21 76 74
21 79 54
21 80 67
21 82 28
21 83 27
21 85 55
21 87 59
21 92 29
21 93 2
21 99 61
21 100 62
22 23 71
22 24 39
22 26 11
22 27 75
22 31 93
22 32 100
22 34 86
22 35 33
22 36 58
22 48 86
22 49 69
22 50 23
22 54 30
22 55 98
22 56 20
22 57 2
22 66 59
22 67 98
22 68 49
22 70 11
22 71 36
22 75 66
22 76 56
22 77 29
22 79 19
22 81 6
22 84 15
22 88 63
22 93 28
22 95 26
22 99 19
23 24 38
23 27 15
23 36 52
23 39 100
23 40 67
23 43 1
23 45 27
23 50 76
23 51 97
23 53 70
23 56 48
23 57 81
23 61 95
23 67 9
23 68 84
23 69 19
23 72 61
23 75 4
23 80 56
23 82 56
23 85 92
23 86 78
23 87 90
23 89 13
23 91 61
23 97 31
23 99 7
23 100 24
24 25 8
24 30 1
24 31 8
24 34 57
24 35 43
24 38 25
24 41 84
24 43 98
24 44 41
24 45 33
24 49 59
24 58 76
24 61 95
24 62 96
24 63 73
24 64 8
24 67 37
24 72 59
24 74 36
24 75 92
24 77 96
24 79 50
24 80 39
24 88 64
24 89 44
24 90 40
24 100 89
25 28 3
25 29 98
25 32 65
25 34 52
25 36 36
25 41 42
25 44 90
25 45 66
25 49 16
25 52 4
25 54 47
25 56 75
25 57 45
25 59 92
25 60 51
25 61 23
25 65 64
25 67 17
25 74 55
25 76 78
25 80 44
25 83 29
25 85 60
25 88 73
25 91 13
25 92 79
25 93 86
25 94 22
25 97 37
25 98 74
25 100 85
26 30 39
26 31 92
26 32 22
26 34 6
26 36 53
26 37 75
26 40 20
26 41 51
26 42 2
26 43 98
26 44 74
26 45 75
26 46 28
26 48 73
26 51 91
26 53 78
26 56 31
26 59 74
26 60 34
26 61 72
26 65 12
26 71 75
26 72 79
26 73 80
26 76 23
26 79 63
26 80 16
26 84 46
26 85 85
26 86 26
26 95 2
26 99 51
26 100 96
27 30 64
27 32 76
27 34 66
27 37 77
27 40 68
27 41 19
27 42 92
27 43 71
27 48 13
27 49 17
27 50 90
27 54 10
27 57 18
27 58 55
27 61 39
27 62 2
27 65 9
27 68 8
27 70 20
27 71 15
27 75 76
27 80 77
27 85 48
27 89 66
27 92 51
28 29 35
28 37 12
28 44 52
28 47 30
28 48 26
28 57 11
28 62 7
28 65 76
28 68 34
28 69 73
28 70 89
28 71 4
28 72 26
28 73 21
28 78 17
28 81 33
28 83 96
28 84 48
28 87 3
28 90 76
28 92 73
28 99 79
28 100 21
29 31 53
29 34 67
29 35 1
29 36 19
29 42 75
29 43 6
29 49 40
29 50 95
29 52 20
29 53 16
29 55 65
29 59 82
29 61 6
29 65 50
29 70 34
29 72 26
29 73 85
29 75 46
29 76 21
29 82 94
29 83 80
29 87 42
29 88 59
29 90 35
29 92 85
29 94 67
29 95 33
29 96 6
30 31 91
30 32 46
30 33 13
30 34 70
30 35 15
30 39 85
30 42 66
30 45 84
30 49 98
30 50 58
30 51 62
30 52 91
30 53 50
30 54 34
30 55 34
30 56 99
30 57 14
30 61 38
30 64 10
30 68 30
30 69 59
30 70 94
30 73 7
30 77 92
30 78 29
30 82 99
30 87 45
30 90 13
30 91 43
30 92 31
30 96 55
30 99 75
30 100 27
31 33 32
31 34 85
31 35 65
31 37 17
31 39 60
31 41 75
31 44 80
31 48 48
31 50 82
31 60 61
31 62 42
31 63 32
31 66 77
31 68 27
31 70 36
31 76 63
31 80 55
31 81 21
31 82 27
31 83 17
31 84 87
31 86 54
31 87 86
31 89 10
31 90 22
31 91 28
31 94 2
31 95 54
31 96 90
31 100 72
32 33 16
32 34 38
32 36 57
32 37 67
32 41 53
32 42 7
32 46 73
32 47 80
32 52 84
32 55 89
32 58 78
32 62 24
32 65 12
32 68 40
32 70 2
32 73 60
32 74 71
32 75 58
32 76 67
32 77 97
32 82 16
32 88 11
32 96 93
32 97 12
32 98 7
32 99 82
33 34 61
33 35 10
33 38 35
33 39 37
33 43 1
33 45 71
33 49 11
33 50 24
33 53 100
33 62 6
33 64 7
33 66 37
33 67 20
33 69 67
33 71 68
33 72 99
33 76 1
33 79 52
33 82 11
33 83 54
33 85 65
33 91 46
33 92 88
33 94 82
33 96 8
33 99 39
34 38 22
34 48 21
34 50 54
34 51 28
34 55 5
34 56 88
34 57 69
34 59 22
34 60 54
34 67 78
34 68 18
34 71 52
34 72 69
34 73 93
34 79 67
34 80 31
34 86 86
34 87 46
34 88 7
34 95 54
34 96 64
34 100 62
35 36 25
35 37 62
35 40 52
35 41 69
35 42 38
35 43 66
35 44 55
35 45 96
35 46 8
35 49 86
35 51 37
35 53 82
35 57 24
35 58 58
35 59 65
35 60 29
35 65 29
35 66 12
35 68 30
35 70 44
35 71 26
35 72 86
35 73 40
35 74 54
35 75 4
35 78 99
35 80 80
35 82 93
35 84 25
35 87 44
35 90 56
35 92 70
35 95 36
35 100 20
36 39 47
36 41 46
36 43 81
36 49 10
36 51 81
36 53 77
36 55 38
36 57 50
36 59 17
36 62 21
36 73 99
36 76 37
36 77 42
36 79 27
36 81 59
36 83 85
36 84 69
36 86 85
36 87 100
36 88 10
36 93 60
36 95 31
36 96 86
37 38 77
37 39 18
37 43 5
37 51 12
37 54 1
37 55 4
37 56 89
37 57 80
37 59 78
37 60 29
37 61 60
37 67 32
37 68 41
37 70 6
37 75 23
37 76 15
37 77 77
37 78 67
37 80 42
37 81 95
37 82 38
37 83 63
37 85 49
37 89 1
37 91 4
37 92 9
37 96 59
37 100 74
38 42 71
38 44 85
38 48 24
38 53 44
38 58 80
38 60 18
38 62 80
38 65 39
38 68 11
38 70 49
38 72 37
38 75 94
38 76 41
38 82 100
38 83 45
38 84 67
38 88 66
38 91 19
38 93 93
38 95 6
38 100 67
39 42 61
39 43 5
39 45 95
39 46 88
39 47 11
39 48 67
39 49 22
39 51 89
39 52 8
39 56 43
39 57 75
39 60 34
39 64 18
39 70 25
39 73 75
39 75 97
39 81 96
39 82 66
39 83 51
39 84 56
39 93 9
39 96 35
39 97 89
40 42 27
40 43 28
40 49 35
40 50 77
40 51 59
40 53 78
40 54 27
40 55 81
40 56 65
40 58 70
40 59 20
40 61 47
40 63 70
40 64 39
40 68 59
40 69 11
40 70 21
40 73 9
40 74 92
40 76 41
40 81 90
40 84 42
40 86 89
40 91 57
40 92 4
40 95 69
41 45 8
41 49 34
41 52 78
41 53 92
41 56 32
41 59 91
41 61 85
41 64 23
41 66 79
41 67 26
41 68 12
41 71 80
41 72 94
41 75 54
41 76 57
41 83 40
41 84 30
41 87 55
41 89 64
41 92 62
41 98 77
42 43 45
42 46 12
42 52 21
42 53 22
42 54 28
42 55 29
42 56 5
42 58 4
42 59 27
42 60 25
42 62 37
42 64 17
42 76 85
42 79 74
42 80 83
42 81 92
42 82 16
42 84 38
42 90 62
42 92 85
42 93 58
42 94 93
42 99 45
42 100 23
43 47 64
43 50 34
43 51 76
43 53 91
43 58 98
43 59 81
43 62 79
43 63 32
43 66 15
43 69 69
43 70 23
43 71 86
43 72 76
43 74 5
43 76 82
43 82 46
43 85 98
43 86 1
43 89 87
43 90 40
43 91 15
43 98 77
43 100 43
44 45 61
44 50 5
44 51 42
44 52 23
44 56 19
44 57 46
44 59 94
44 66 49
44 67 39
44 72 45
44 74 72
44 75 96
44 86 58
44 87 24
44 88 57
44 91 81
44 92 60
44 95 89
44 96 12
44 99 34
44 100 41
45 51 77
45 53 14
45 54 8
45 56 75
45 57 86
45 60 15
45 61 26
45 63 73
45 64 78
45 65 24
45 68 20
45 69 43
45 71 29
45 72 65
45 73 52
45 74 46
45 77 52
45 78 1
45 79 98
45 82 75
45 84 14
45 85 90
45 88 35
45 89 58
45 90 67
45 95 65
45 100 48
46 47 90
46 48 22
46 49 76
46 50 4
46 51 91
46 52 73
46 54 14
46 60 20
46 64 100
46 65 67
46 66 6
46 67 27
46 73 2
46 74 15
46 75 52
46 76 35
46 77 89
46 78 36
46 79 81
46 81 65
46 87 62
46 92 5
47 48 1
47 52 98
47 53 41
47 54 17
47 59 22
47 62 24
47 64 4
47 65 39
47 66 77
47 72 58
47 74 62
47 84 19
47 85 74
47 86 89
47 89 90
47 90 19
47 92 40
47 94 9
47 98 92
47 99 4
48 55 74
48 59 84
48 60 28
48 61 21
48 68 6
48 69 88
48 71 58
48 72 86
48 74 76
48 75 97
48 84 74
48 86 13
48 89 98
48 92 6
48 94 81
48 99 90
49 58 94
49 59 80
49 60 22
49 68 62
49 71 32
49 74 79
49 75 71
49 78 18
49 79 88
49 80 45
49 82 14
49 83 9
49 85 5
49 90 100
49 91 12
49 92 16
49 93 51
49 94 15
49 95 51
49 96 24
49 99 59
50 51 55
50 52 44
50 53 14
50 58 23
50 60 20
50 65 13
50 67 96
50 70 73
50 73 20
50 74 96
50 75 32
50 80 73
50 81 82
50 84 53
50 88 56
50 91 68
50 93 94
50 94 82
50 96 45
50 97 5
51 55 91
51 56 86
51 57 68
51 64 48
51 65 2
51 68 85
51 71 7
51 73 31
51 75 32
51 81 57
51 85 57
51 87 84
51 88 49
51 90 100
51 94 49
51 95 27
51 98 48
51 99 22
52 55 74
52 59 75
52 60 35
52 63 71
52 66 50
52 67 13
52 68 38
52 73 80
52 74 14
52 75 25
52 76 21
52 78 12
52 79 39
52 80 83
52 81 12
52 84 25
52 85 84
52 86 3
52 95 1
52 98 42
52 99 89
53 54 52
53 55 33
53 56 7
53 57 22
53 58 81
53 60 31
53 64 26
53 69 37
53 73 50
53 75 88
53 76 88
53 79 55
53 80 100
53 83 76
53 87 89
53 89 72
53 90 20
53 92 84
53 94 100
53 95 58
53 96 59
53 97 29
53 98 58
53 99 20
54 61 73
54 62 63
54 67 3
54 70 33
54 73 35
54 74 80
54 75 3
54 77 33
54 78 31
54 81 82
54 88 52
54 90 38
54 91 9
54 93 11
54 95 9
54 100 70
55 57 9
55 59 10
55 60 64
55 61 84
55 70 75
55 72 46
55 73 10
55 78 42
55 80 89
55 82 26
55 84 76
55 89 93
55 91 7
55 94 67
55 95 95
55 96 47
55 97 97
55 99 90
55 100 81
56 58 5
56 59 20
56 64 15
56 65 70
56 67 91
56 72 31
56 73 70
56 76 37
56 77 13
56 81 60
56 85 77
56 87 30
56 88 20
56 89 67
56 90 45
56 92 35
56 93 39
56 94 76
56 96 42
56 97 71
56 99 49
57 58 92
57 59 83
57 61 34
57 62 46
57 63 40
57 67 63
57 70 66
57 73 72
57 77 22
57 78 18
57 82 43
57 87 87
57 88 88
57 90 93
57 92 75
57 95 76
57 96 69
57 98 52
58 59 50
58 60 25
58 61 76
58 62 43
58 64 28
58 68 40
58 70 67
58 73 1
58 75 84
58 79 59
58 82 37
58 83 2
58 90 91
58 95 69
58 97 37
58 99 52
59 63 13
59 64 20
59 65 12
59 66 72
59 67 45
59 69 93
59 71 44
59 72 96
59 74 8
59 78 69
59 79 4
59 80 31
59 81 55
59 89 5
59 94 14
59 95 38
59 99 92
59 100 64
60 63 34
60 65 6
60 67 80
60 68 54
60 69 74
60 71 11
60 74 74
60 75 25
60 76 12
60 77 8
60 78 32
60 83 76
60 85 49
60 86 93
60 88 99
60 91 100
60 97 60
60 98 92
61 63 84
61 66 45
61 67 77
61 68 66
61 69 27
61 74 93
61 75 36
61 77 1
61 80 90
61 83 2
61 85 9
61 87 25
61 89 1
61 91 23
61 93 36
61 94 37
62 63 77
62 66 94
62 69 71
62 72 91
62 74 75
62 75 97
62 77 32
62 79 23
62 81 83
62 82 43
62 83 48
62 98 94
62 99 69
63 65 60
63 67 33
63 68 26
63 70 69
63 73 41
63 75 51
63 78 27
63 79 69
63 81 1
63 83 88
63 86 45
63 91 5
63 99 94
64 70 92
64 72 66
64 73 61
64 77 9
64 83 18
64 85 65
64 91 69
64 93 1
64 96 91
64 97 97
64 98 82
64 100 61
65 67 75
65 69 8
65 74 62
65 77 27
65 78 54
65 79 8
65 83 42
65 84 26
65 86 2
65 88 42
65 92 60
65 94 87
65 97 83
66 67 26
66 68 15
66 71 41
66 76 89
66 79 18
66 84 26
66 85 43
66 86 83
66 87 72
66 89 87
66 93 21
66 94 32
66 98 82
66 99 43
67 71 76
67 73 80
67 82 14
67 84 69
67 87 57
67 88 41
67 91 55
67 99 22
67 100 34
68 69 92
68 71 97
68 72 6
68 74 89
68 76 87
68 77 75
68 82 26
68 84 35
68 86 11
68 88 93
68 91 50
68 95 69
68 96 69
68 98 35
68 99 29
69 70 57
69 71 7
69 74 11
69 77 74
69 78 33
69 84 22
69 85 37
69 87 82
69 88 50
69 91 80
69 95 3
69 98 25
69 100 73
70 71 1
70 72 9
70 73 29
70 78 16
70 79 31
70 84 56
70 85 75
70 87 75
70 88 83
70 92 40
70 93 19
70 94 61
70 95 48
70 97 99
70 99 84
70 100 86
71 76 49
71 79 28
71 80 5
71 84 64
71 85 46
71 86 56
71 91 61
71 92 84
71 94 43
71 96 52
72 76 98
72 84 33
72 88 38
72 91 64
72 94 24
72 96 95
72 98 67
72 99 20
73 74 92
73 82 64
73 83 96
73 87 81
73 95 88
73 96 61
73 99 90
74 75 29
74 76 92
74 77 35
74 78 89
74 80 41
74 81 100
74 85 12
74 86 58
74 90 96
74 96 29
74 97 13
74 98 15
75 76 69
75 80 76
75 84 63
75 85 34
75 86 57
75 88 29
75 89 77
75 90 4
75 92 93
75 94 4
75 96 70
75 98 74
75 99 59
75 100 30
76 82 50
76 83 82
76 88 97
76 93 36
76 95 30
76 97 11
76 99 93
76 100 46
77 80 77
77 82 2
77 84 66
77 88 38
77 97 71
77 99 85
78 81 3
78 85 13
78 86 40
78 87 34
78 91 100
78 93 24
78 94 91
78 95 50
78 98 14
78 100 32
79 82 50
79 85 63
79 87 82
79 88 69
79 89 32
79 93 20
79 94 99
79 95 3
79 96 43
79 98 23
79 100 46
80 84 50
80 87 88
80 89 11
80 90 58
80 93 59
80 95 96
80 98 4
81 82 74
81 83 95
81 84 14
81 87 70
81 89 24
81 93 70
81 95 48
81 98 82
82 86 35
82 90 67
82 91 78
82 92 13
82 93 10
83 84 41
83 85 47
83 88 5
83 90 11
83 93 38
83 94 93
83 97 5
84 89 52
84 91 14
84 92 91
84 93 31
84 94 53
84 98 57
84 99 31
85 90 21
85 91 49
85 93 60
85 95 48
85 97 19
85 99 16
85 100 65
86 88 12
86 89 59
86 90 28
86 94 76
86 95 40
86 96 80
86 97 55
86 99 18
87 88 4
87 90 96
87 97 17
87 99 78
87 100 79
88 89 72
88 91 88
88 93 45
88 94 84
88 96 75
89 92 39
89 100 37
90 93 74
90 94 16
90 98 14
90 99 20
90 100 78
91 93 98
91 95 29
91 97 30
91 98 62
92 94 64
92 97 2
92 100 67
93 98 34
93 99 45
93 100 64
94 95 56
94 100 24
95 97 71
96 100 23
98 99 8
98 100 87
99 100 55
1 5 67
1 8 82
1 17 3
1 18 70
1 25 9
1 27 89
1 30 45
1 36 38
1 37 69
1 43 97
1 45 94
1 48 29
1 52 52
1 57 28
1 59 54
1 61 78
1 62 38
1 64 30
1 67 94
1 70 62
1 74 19
1 76 67
1 81 95
1 82 71
1 83 33
1 84 6
1 85 33
1 86 11
1 87 38
1 90 60
1 92 69
1 95 99
1 100 45
2 3 18
2 4 54
2 6 96
2 7 99
2 10 91
2 13 42
2 18 28
2 20 62
2 24 33
2 28 60
2 29 14
2 31 34
2 39 57
2 44 69
2 47 9
2 48 92
2 52 56
2 53 93
2 54 25
2 56 68
2 58 64
2 60 35
2 62 35
2 66 66
2 67 60
2 69 15
2 70 5
2 72 15
2 75 37
2 77 67
2 78 39
2 79 69
2 80 27
2 81 87
2 82 46
2 85 66
2 86 66
2 87 59
2 89 17
2 93 1
2 95 79
3 4 93
3 6 62
3 8 18
3 12 62
3 17 3
3 19 37
3 20 82
3 23 70
3 24 28
3 27 4
3 28 46
3 29 35
3 30 94
3 31 4
3 33 93
3 37 23
3 40 35
3 44 59
3 51 23
3 52 94
3 54 99
3 56 42
3 57 91
3 58 31
3 59 4
3 63 56
3 64 34
3 68 53
3 72 91
3 74 90
3 76 93
3 77 2
3 78 92
3 79 57
3 84 67
3 87 61
3 89 18
3 90 71
3 91 3
3 98 66
3 99 17
4 5 69
4 10 98
4 11 87
4 14 48
4 15 3
4 19 78
4 20 10
4 22 21
4 26 68
4 32 53
4 34 10
4 36 25
4 37 28
4 39 5
4 42 63
4 43 50
4 45 8
4 46 70
4 50 41
4 51 13
4 52 22
4 53 8
4 57 11
4 58 37
4 59 78
4 64 67
4 66 48
4 67 23
4 71 18
4 73 76
4 74 65
4 81 96
4 84 86
4 85 33
4 86 6
4 90 82
4 91 24
4 92 25
4 93 15
4 94 75
4 95 71
4 96 73
4 98 69
5 7 24
5 9 52
5 10 40
5 11 16
5 12 13
5 14 44
5 15 77
5 16 54
5 19 59
5 21 11
5 22 61
5 24 56
5 25 28
5 27 16
5 29 7
5 32 73
5 37 66
5 40 87
5 42 28
5 49 88
5 51 21
5 52 64
5 55 18
5 57 43
5 61 31
5 64 23
5 65 36
5 69 17
5 70 13
5 72 8
5 74 43
5 77 4
5 80 68
5 83 97
5 84 62
5 85 13
5 86 16
5 87 36
5 88 8
5 93 93
5 96 34
5 97 36
5 98 12
5 99 50
6 7 25
6 9 62
6 10 77
6 12 2
6 13 88
6 14 72
6 24 75
6 29 2
6 33 1
6 37 41
6 38 82
6 40 95
6 43 64
6 46 67
6 48 74
6 53 47
6 59 27
6 64 54
6 68 72
6 69 27
6 70 31
6 74 100
6 75 33
6 76 98
6 77 27
6 79 43
6 80 38
6 81 41
6 86 26
6 87 80
6 90 14
6 92 75
6 93 74
6 94 13
7 8 27
7 9 10
7 10 2
7 13 60
7 14 22
7 18 36
7 19 53
7 20 86
7 21 73
7 22 98
7 24 53
7 28 58
7 29 54
7 36 88
7 37 50
7 39 32
7 40 52
7 43 64
7 44 68
7 47 99
7 49 97
7 61 29
7 65 81
7 66 98
7 67 98
7 70 97
7 71 47
7 72 21
7 73 31
7 74 9
7 76 80
7 77 46
7 78 2
7 81 46
7 86 13
7 87 62
7 88 97
7 94 88
7 100 57
8 9 76
8 12 80
8 13 29
8 14 10
8 19 10
8 22 53
8 23 84
8 25 90
8 29 6
8 30 53
8 31 98
8 33 41
8 34 19
8 35 80
8 36 90
8 39 62
8 42 51
8 47 75
8 49 51
8 58 24
8 61 10
8 62 97
8 63 95
8 64 12
8 65 5
8 66 93
8 68 87
8 71 73
8 72 87
8 74 1
8 78 64
8 85 34
8 87 82
8 91 74
8 99 43
9 10 6
9 12 66
9 17 6
9 21 44
9 23 15
9 24 83
9 25 38
9 28 85
9 30 34
9 32 19
9 33 25
9 36 96
9 39 29
9 43 24
9 44 44
9 45 34
9 46 6
9 47 59
9 48 84
9 49 92
9 55 55
9 56 12
9 58 63
9 60 38
9 61 16
9 62 66
9 63 15
9 64 53
9 66 63
9 67 52
9 68 86
9 71 62
9 72 60
9 73 49
9 75 80
9 76 23
9 81 3
9 82 91
9 85 12
9 86 12
9 90 7
9 91 39
9 92 88
9 93 68
9 94 83
9 98 58
9 99 2
10 13 11
10 15 40
10 20 38
10 21 2
10 23 63
10 32 70
10 33 16
10 35 3
10 36 73
10 39 40
10 43 53
10 45 75
10 46 40
10 47 99
10 50 18
10 54 84
10 57 53
10 58 35
10 62 31
10 63 50
10 64 42
10 65 42
10 66 2
10 67 80
10 69 90
10 70 59
10 71 33
10 72 88
10 74 33
10 75 54
10 77 14
10 78 50
10 80 26
10 81 33
10 83 61
10 85 78
10 87 23
10 88 78
10 91 100
10 93 42
10 96 4
11 13 92
11 15 33
11 17 36
11 18 26
11 21 42
11 25 85
11 27 22
11 28 2
11 30 16
11 31 37
11 32 19
11 34 75
11 35 65
11 36 24
11 38 90
11 39 26
11 41 48
11 42 30
11 46 82
11 48 61
11 49 88
11 50 92
11 53 16
11 56 39
11 59 38
11 61 79
11 65 23
11 66 56
11 67 82
11 70 8
11 71 59
11 76 48
11 78 21
11 80 95
11 86 28
11 89 10
11 91 3
11 93 18
11 94 83
11 99 26
12 15 34
12 16 91
12 19 43
12 20 66
12 21 78
12 22 61
12 26 89
12 32 22
12 35 32
12 37 66
12 41 91
12 42 17
12 43 68
12 46 39
12 48 35
12 49 56
12 52 78
12 54 23
12 58 5
12 59 6
12 60 79
12 63 89
12 64 82
12 65 38
12 68 93
12 72 37
12 73 63
12 75 53
12 78 35
12 79 47
12 85 8
12 86 40
12 88 44
12 89 52
12 92 52
12 93 98
12 95 52
12 96 40
13 17 5
13 19 99
13 21 91
13 24 57
