100 4456 1
1 3 47
1 4 8
1 6 36
1 7 7
1 8 93
1 12 64
1 15 71
1 18 48
1 21 4
1 22 48
1 26 36
1 27 72
1 29 93
1 30 35
1 32 42
1 36 70
1 38 64
1 39 31
1 40 47
1 41 9
1 43 59
1 44 59
1 50 18
1 55 67
1 58 74
1 62 59
1 64 18
1 65 87
1 69 86
1 70 27
1 75 19
1 77 69
1 78 75
1 80 36
1 85 68
1 87 23
1 91 95
1 94 88
1 95 86
1 100 69
2 3 56
2 5 68
2 7 47
2 13 77
2 14 78
2 17 6
2 18 50
2 20 2
2 23 72
2 24 73
2 25 77
2 29 2
2 34 92
2 35 53
2 36 66
2 38 63
2 40 68
2 45 80
2 50 47
2 53 6
2 54 12
2 56 53
2 58 84
2 59 55
2 60 4
2 61 96
2 63 16
2 64 24
2 66 3
2 68 26
2 73 33
2 74 36
2 75 7
2 76 14
2 77 70
2 78 99
2 79 7
2 81 86
2 84 39
2 86 98
2 87 54
2 89 18
2 90 14
2 91 18
2 93 20
2 99 2
3 5 6
3 8 47
3 10 68
3 11 52
3 12 43
3 22 72
3 23 57
3 24 21
3 27 83
3 28 32
3 30 64
3 31 28
3 32 7
3 33 7
3 35 52
3 36 47
3 37 44
3 38 66
3 39 15
3 40 9
3 47 24
3 48 70
3 51 84
3 58 33
3 60 5
3 61 70
3 62 4
3 63 30
3 64 86
3 65 74
3 74 6
3 78 57
3 80 68
3 81 99
3 83 38
3 85 39
3 86 11
3 87 45
3 95 42
3 97 24
3 99 48
4 7 75
4 8 59
4 9 4
4 10 90
4 11 62
4 15 99
4 17 18
4 18 88
4 24 7
4 27 13
4 31 33
4 34 47
4 41 73
4 42 16
4 43 86
4 45 56
4 48 85
4 49 2
4 50 22
4 52 43
4 53 73
4 54 58
4 56 47
4 57 74
4 58 2
4 61 65
4 62 30
4 63 57
4 69 87
4 71 78
4 72 95
4 73 15
4 75 71
4 76 61
4 77 97
4 78 82
4 81 93
4 83 31
4 85 11
4 92 79
4 98 61
5 6 99
5 8 75
5 10 10
5 11 46
5 14 66
5 15 59
5 18 12
5 20 58
5 23 4
5 24 74
5 28 95
5 30 20
5 34 50
5 40 33
5 41 53
5 43 24
5 44 15
5 45 100
5 46 73
5 47 78
5 50 9
5 52 53
5 60 47
5 61 52
5 62 49
5 63 84
5 79 30
5 80 40
5 85 38
5 88 41
5 89 87
5 93 15
5 95 31
5 96 33
5 98 94
6 9 61
6 11 27
6 12 36
6 13 35
6 15 75
6 16 12
6 17 89
6 22 21
6 24 64
6 26 48
6 27 86
6 36 81
6 37 46
6 38 44
6 40 75
6 41 58
6 50 51
6 51 78
6 54 10
6 55 99
6 56 54
6 57 100
6 61 82
6 66 58
6 67 67
6 68 22
6 69 95
6 70 4
6 74 23
6 77 89
6 78 10
6 85 73
6 86 46
6 89 50
6 90 77
6 91 91
6 94 40
6 98 37
6 99 94
7 9 3
7 13 79
7 14 78
7 17 53
7 19 18
7 23 47
7 24 34
7 25 57
7 30 18
7 42 6
7 46 42
7 47 72
7 49 58
7 50 21
7 60 91
7 61 13
7 64 1
7 65 66
7 66 50
7 70 20
7 72 22
7 77 60
7 79 75
7 82 17
7 85 60
7 90 14
7 91 39
7 94 33
7 95 32
7 99 12
7 100 80
8 9 100
8 10 11
8 11 46
8 14 77
8 15 65
8 18 57
8 19 20
8 22 59
8 24 92
8 27 47
8 32 81
8 35 95
8 36 66
8 38 5
8 39 76
8 43 71
8 44 40
8 48 59
8 51 34
8 63 60
8 65 48
8 66 93
8 69 53
8 71 86
8 72 67
8 73 57
8 74 50
8 75 52
8 76 92
8 78 9
8 79 94
8 80 34
8 81 81
8 82 79
8 83 2
8 86 61
8 91 12
8 92 44
8 93 78
8 96 96
8 97 24
9 10 89
9 12 42
9 17 28
9 18 80
9 20 1
9 24 55
9 26 78
9 27 67
9 29 74
9 33 30
9 34 3
9 35 52
9 36 32
9 41 41
9 42 8
9 43 42
9 47 22
9 59 87
9 60 50
9 61 50
9 62 9
9 65 66
9 73 54
9 78 94
9 79 1
9 80 88
9 82 66
9 84 36
9 86 12
9 87 2
9 90 19
9 92 79
9 93 90
9 94 36
9 96 22
9 97 43
10 11 45
10 13 48
10 14 4
10 16 51
10 25 57
10 27 41
10 31 89
10 32 19
10 35 71
10 38 59
10 45 20
10 46 19
10 47 92
10 50 23
10 51 61
10 52 98
10 53 57
10 56 59
10 57 6
10 59 55
10 61 96
10 63 46
10 67 31
10 68 91
10 69 43
10 70 42
10 77 64
10 80 58
10 81 81
10 82 48
10 84 31
10 87 71
10 89 59
10 90 14
10 93 92
10 97 92
10 98 71
10 99 84
10 100 25
11 15 26
11 17 6
11 18 97
11 20 66
11 23 19
11 24 7
11 26 34
11 27 43
11 29 49
11 30 29
11 41 13
11 42 98
11 50 56
11 52 57
11 56 75
11 60 77
11 62 76
11 65 94
11 66 55
11 72 12
11 74 87
11 78 2
11 80 5
11 81 56
11 86 73
11 87 100
11 90 40
11 91 42
11 96 57
11 97 29
11 98 14
11 99 83
12 16 18
12 17 87
12 22 25
12 23 60
12 25 7
12 28 77
12 29 81
12 30 58
12 33 5
12 35 13
12 38 88
12 45 71
12 47 27
12 51 49
12 53 27
12 54 74
12 55 38
12 58 82
12 65 30
12 70 47
12 72 17
12 76 97
12 77 55
12 78 92
12 79 2
12 81 58
12 82 58
12 83 78
12 84 15
12 85 36
12 87 17
12 95 25
12 98 67
12 99 23
12 100 31
13 17 82
13 26 14
13 27 91
13 28 79
13 30 26
13 32 93
13 34 85
13 36 41
13 41 77
13 42 17
13 48 33
13 49 60
13 54 100
13 57 55
13 63 43
13 66 87
13 68 99
13 76 81
13 77 54
13 78 87
13 87 52
13 88 87
13 90 11
13 91 100
13 93 38
13 96 44
13 98 1
14 15 38
14 16 1
14 17 66
14 22 93
14 23 17
14 26 68
14 31 73
14 33 94
14 36 20
14 38 69
14 40 26
14 42 12
14 47 73
14 50 12
14 52 60
14 53 80
14 54 11
14 56 33
14 58 5
14 60 5
14 62 50
14 64 50
14 68 3
14 71 86
14 72 65
14 77 87
14 78 70
14 83 94
14 84 56
14 88 91
14 93 15
14 95 85
14 97 86
14 99 75
15 17 7
15 18 16
15 19 92
15 20 61
15 21 15
15 22 45
15 28 37
15 33 15
15 34 99
15 38 7
15 40 69
15 45 66
15 46 35
15 55 78
15 57 47
15 59 92
15 60 42
15 65 9
15 67 20
15 68 92
15 69 60
15 70 69
15 71 36
15 73 11
15 76 91
15 78 10
15 79 21
15 82 38
15 83 14
15 85 30
15 87 95
15 92 19
15 93 69
15 94 92
15 97 16
15 99 92
16 17 2
16 20 66
16 23 91
16 26 100
16 28 57
16 29 57
16 31 42
16 32 92
16 36 94
16 37 49
16 38 80
16 39 14
16 40 35
16 42 47
16 43 5
16 46 47
16 55 92
16 57 50
16 60 64
16 65 60
16 69 93
16 71 75
16 72 65
16 75 35
16 77 27
16 80 47
16 81 16
16 85 82
16 86 16
16 87 23
16 88 54
16 90 38
16 93 27
16 99 29
17 19 33
17 21 23
17 24 15
17 27 35
17 32 83
17 33 60
17 34 60
17 40 85
17 44 88
17 45 52
17 47 53
17 51 32
17 52 53
17 60 74
17 61 45
17 64 98
17 71 15
17 72 28
17 78 49
17 87 29
17 95 72
17 96 35
17 98 85
17 100 62
18 19 45
18 20 36
18 24 99
18 25 60
18 26 72
18 30 73
18 32 72
18 35 11
18 36 71
18 37 7
18 40 41
18 42 57
18 43 53
18 47 3
18 48 22
18 49 98
18 51 70
18 54 38
18 56 16
18 57 6
18 59 34
18 62 53
18 63 36
18 67 44
18 68 60
18 69 1
18 70 11
18 80 56
18 82 24
18 84 74
18 89 24
18 90 99
18 92 18
18 94 56
18 98 89
18 99 36
18 100 6
19 23 12
19 24 44
19 27 80
19 30 38
19 31 96
19 37 28
19 38 40
19 41 70
19 44 7
19 45 28
19 51 96
19 54 3
19 57 51
19 59 96
19 60 97
19 65 75
19 66 26
19 68 21
19 70 85
19 74 43
19 76 27
19 78 29
19 79 51
19 81 48
19 82 92
19 84 8
19 87 65
19 89 40
19 91 13
19 92 86
19 98 96
19 100 57
20 23 51
20 24 61
20 32 37
20 35 24
20 37 45
20 38 86
20 39 4
20 41 77
20 45 83
20 48 88
20 50 57
20 56 95
20 57 13
20 58 91
20 61 93
20 64 36
20 66 5
20 71 68
20 73 35
20 74 2
20 77 78
20 79 47
20 90 74
20 91 73
20 92 91
20 93 34
20 94 28
20 96 50
20 99 67
21 26 79
21 28 64
21 29 65
21 32 80
21 34 14
21 41 13
21 42 54
21 43 5
21 44 9
21 51 7
21 58 80
21 63 1
21 64 34
21 67 56
21 68 78
21 70 17
21 71 92
21 79 84
21 81 77
21 85 72
21 87 94
21 89 32
21 92 51
21 95 9
21 97 15
21 98 77
21 99 20
21 100 27
22 23 76
22 24 71
22 25 65
22 28 49
22 29 46
22 30 99
22 38 4
22 39 89
22 40 90
22 44 24
22 45 60
22 49 29
22 51 52
22 53 55
22 55 49
22 56 46
22 57 59
22 58 78
22 60 81
22 62 98
22 64 75
22 66 11
22 70 48
22 77 30
22 81 28
22 83 89
22 84 47
22 85 38
22 87 96
22 88 3
22 91 34
22 92 74
23 26 51
23 28 90
23 31 61
23 40 39
23 43 8
23 44 26
23 46 3
23 52 91
23 54 89
23 59 2
23 60 40
23 61 88
23 63 34
23 67 42
23 68 96
23 69 64
23 70 7
23 73 79
23 78 31
23 79 2
23 80 67
23 83 46
23 85 32
23 86 21
23 92 80
23 93 99
23 95 16
23 96 18
23 97 81
23 99 37
23 100 47
24 28 75
24 30 78
24 32 79
24 33 93
24 37 27
24 39 8
24 43 67
24 46 74
24 49 16
24 50 23
24 51 93
24 52 22
24 55 26
24 60 10
24 61 38
24 63 18
24 66 74
24 67 44
24 68 70
24 69 29
24 71 53
24 74 36
24 75 81
24 78 52
24 80 44
24 81 84
24 82 58
24 83 38
24 86 76
24 94 45
24 95 81
24 99 87
24 100 98
25 28 7
25 30 8
25 32 89
25 33 96
25 34 27
25 35 9
25 36 21
25 39 20
25 41 1
25 42 25
25 43 45
25 44 67
25 46 32
25 48 13
25 50 47
25 51 51
25 52 87
25 56 63
25 66 68
25 68 20
25 71 12
25 73 17
25 76 72
25 85 23
25 88 16
25 89 20
25 90 47
25 91 61
25 92 33
25 93 23
25 97 58
25 99 29
26 27 3
26 28 81
26 30 5
26 35 67
26 37 70
26 39 58
26 41 40
26 42 92
26 44 29
26 45 18
26 47 61
26 50 67
26 53 23
26 55 84
26 56 84
26 58 46
26 61 90
26 65 30
26 66 80
26 73 81
26 75 26
26 76 55
26 79 23
26 81 91
26 82 28
26 83 26
26 88 67
26 89 1
26 91 40
26 93 53
26 94 96
26 97 91
26 99 24
27 30 33
27 31 81
27 41 29
27 44 60
27 46 84
27 48 55
27 52 58
27 54 12
27 55 60
27 56 100
27 59 21
27 60 82
27 65 7
27 66 29
27 67 63
27 68 72
27 72 88
27 77 50
27 83 14
27 84 76
27 85 69
27 86 95
27 89 11
27 91 14
27 95 58
27 96 81
28 34 46
28 40 85
28 41 71
28 45 97
28 46 58
28 48 38
28 50 19
28 52 22
28 56 85
28 57 32
28 59 4
28 60 9
28 66 44
28 73 40
28 76 95
28 77 52
28 78 68
28 79 4
28 82 29
28 85 60
28 87 57
28 88 77
28 90 36
28 91 65
28 92 84
28 96 69
28 99 1
29 35 10
29 37 52
29 45 70
29 47 91
29 49 45
29 53 60
29 60 3
29 65 56
29 66 24
29 70 2
29 76 22
29 81 97
29 85 71
29 87 13
29 88 26
29 89 8
29 90 69
29 93 15
29 95 16
29 96 94
29 97 28
29 99 19
30 31 59
30 40 95
30 41 23
30 42 68
30 47 42
30 50 3
30 55 81
30 56 68
30 59 60
30 63 19
30 71 94
30 72 89
30 75 26
30 76 30
30 78 47
30 80 92
30 82 19
30 86 7
30 89 74
30 90 57
30 91 44
30 93 34
30 96 46
30 97 12
30 99 20
31 35 94
31 38 22
31 39 57
31 41 22
31 44 24
31 45 8
31 46 86
31 47 63
31 48 77
31 51 80
31 54 48
31 62 81
31 65 28
31 68 77
31 69 2
31 70 54
31 71 85
31 72 34
31 73 36
31 74 10
31 75 73
31 76 40
31 77 4
31 79 14
31 80 70
31 82 55
31 84 31
31 86 38
31 87 69
31 90 69
31 92 70
31 94 26
31 95 20
31 96 67
31 98 95
31 100 22
32 35 1
32 36 70
32 37 51
32 38 13
32 46 20
32 49 20
32 50 83
32 51 40
32 56 7
32 60 27
32 61 26
32 63 17
32 64 82
32 67 4
32 69 92
32 71 22
32 72 97
32 77 36
32 78 91
32 79 10
32 82 19
32 86 97
32 87 39
32 91 19
32 95 55
32 96 33
32 99 52
32 100 91
33 34 42
33 37 48
33 38 91
33 40 55
33 41 78
33 45 86
33 49 83
33 50 14
33 51 50
33 54 40
33 57 76
33 58 92
33 68 68
33 70 88
33 71 28
33 73 75
33 75 59
33 81 95
33 82 9
33 86 47
33 88 90
33 89 12
33 91 40
33 92 97
33 93 95
33 95 16
33 96 80
33 97 19
33 98 98
34 36 40
34 38 10
34 39 2
34 40 25
34 48 44
34 50 43
34 52 85
34 56 30
34 57 94
34 58 60
34 61 58
34 63 80
34 64 18
34 67 83
34 68 93
34 72 89
34 76 80
34 78 14
34 83 41
34 86 79
34 89 46
34 92 62
34 93 34
34 96 1
35 36 64
35 37 98
35 39 40
35 40 6
35 54 76
35 56 78
35 57 73
35 58 59
35 59 35
35 60 97
35 61 86
35 62 60
35 67 100
35 68 37
35 69 60
35 74 78
35 80 69
35 81 42
35 82 52
35 91 18
35 93 45
35 94 6
35 95 86
35 99 2
36 41 97
36 43 84
36 47 45
36 49 73
36 51 38
36 52 97
36 56 69
36 58 5
36 59 13
36 63 74
36 65 53
36 66 80
36 68 81
36 69 45
36 74 22
36 75 6
36 77 80
36 79 49
36 80 47
36 81 15
36 82 33
36 83 70
36 84 21
36 87 86
36 89 13
36 90 60
36 94 81
36 95 17
36 96 97
36 98 24
37 40 27
37 41 78
37 42 89
37 44 81
37 45 17
37 48 55
37 52 18
37 55 71
37 56 22
37 57 17
37 61 9
37 63 92
37 67 42
37 70 12
37 71 61
37 72 5
37 73 79
37 74 83
37 76 74
37 78 75
37 83 96
37 85 41
37 86 34
37 87 95
37 90 46
37 92 7
37 95 41
37 96 50
37 98 48
37 99 8
37 100 23
38 39 95
38 42 35
38 47 95
38 48 72
38 50 22
38 51 87
38 54 42
38 58 35
38 59 81
38 60 70
38 62 48
38 63 18
38 64 53
38 66 7
38 67 86
38 69 9
38 70 4
38 72 56
38 74 44
38 79 30
38 82 76
38 83 2
38 85 64
38 92 76
38 96 69
38 98 5
38 100 22
39 44 7
39 46 68
39 47 33
39 51 49
39 53 38
39 56 78
39 59 67
39 61 97
39 64 71
39 65 68
39 66 77
39 67 64
39 68 76
39 69 17
39 78 62
39 81 42
39 85 29
39 86 64
39 87 47
39 88 74
39 91 52
39 94 75
39 95 27
39 97 94
39 98 2
39 99 67
40 42 89
40 43 55
40 45 62
40 47 13
40 48 47
40 55 99
40 56 48
40 61 10
40 62 76
40 63 73
40 65 59
40 67 89
40 68 58
40 72 49
40 76 87
40 79 17
40 80 10
40 85 21
40 87 71
40 90 94
40 93 79
40 94 66
40 95 59
40 97 95
40 98 66
40 99 47
40 100 100
41 50 12
41 53 46
41 56 86
41 57 42
41 59 9
41 60 62
41 62 86
41 63 72
41 68 45
41 69 82
41 70 98
41 76 27
41 80 78
41 82 50
41 87 48
41 90 46
41 95 41
41 96 1
41 97 26
41 98 50
41 99 31
41 100 70
42 43 55
42 44 41
42 48 73
42 49 67
42 52 39
42 53 28
42 57 2
42 61 1
42 64 21
42 68 42
42 69 10
42 71 23
42 75 88
42 79 66
42 81 18
42 85 86
42 86 52
42 89 26
42 91 11
42 99 56
43 46 98
43 52 82
43 53 28
43 56 22
43 62 82
43 64 12
43 70 32
43 71 24
43 73 25
43 74 93
43 76 83
43 77 87
43 79 40
43 81 50
43 86 86
43 89 29
43 90 37
43 94 78
43 96 29
43 99 60
44 50 89
44 52 35
44 56 26
44 60 20
44 61 21
44 64 14
44 65 59
44 67 94
44 74 87
44 77 20
44 78 67
44 82 74
44 85 2
44 86 98
44 87 76
44 88 10
44 91 73
44 95 95
44 98 86
45 46 20
45 48 6
45 49 37
45 50 36
45 51 13
45 52 98
45 53 36
45 54 29
45 56 9
45 59 10
45 60 36
45 62 83
45 65 7
45 67 22
45 70 7
45 79 9
45 85 8
45 87 73
45 90 83
45 91 100
45 92 75
45 93 85
45 96 85
45 99 8
45 100 40
46 48 16
46 49 30
46 51 29
46 52 11
46 57 25
46 61 100
46 62 84
46 67 64
46 68 47
46 69 40
46 79 70
46 81 19
46 83 90
46 85 90
46 91 68
46 93 52
46 96 39
46 98 31
46 99 9
46 100 33
47 49 78
47 50 96
47 59 81
47 60 12
47 65 76
47 68 27
47 69 58
47 72 16
47 75 38
47 76 15
47 79 64
47 81 99
47 90 14
47 91 44
47 96 36
47 97 21
47 98 49
48 49 95
48 54 66
48 55 84
48 56 14
48 59 40
48 61 29
48 62 42
48 63 80
48 66 75
48 68 72
48 72 26
48 73 34
48 74 41
48 75 66
48 76 81
48 79 21
48 80 64
48 82 92
48 84 52
48 87 99
48 88 38
48 91 62
48 92 14
48 95 98
48 96 11
48 99 55
48 100 53
49 51 96
49 57 55
49 59 25
49 61 63
49 62 55
49 64 22
49 66 61
49 69 35
49 72 22
49 74 34
49 77 80
49 79 18
49 81 60
49 85 5
49 86 69
49 92 95
49 94 91
49 99 43
50 54 83
50 55 12
50 58 89
50 61 44
50 65 47
50 67 11
50 68 21
50 71 11
50 74 62
50 75 28
50 78 9
50 80 34
50 82 20
50 84 88
50 86 97
50 87 62
50 88 81
50 90 61
50 95 15
50 96 37
50 98 46
50 100 4
51 57 89
51 58 35
51 59 98
51 66 2
51 67 43
51 70 20
51 78 71
51 80 78
51 82 32
51 84 66
51 87 46
51 89 27
51 91 55
51 95 78
51 97 68
51 99 86
52 53 73
52 55 81
52 58 48
52 63 55
52 64 96
52 66 55
52 67 20
52 73 32
52 75 49
52 77 54
52 79 94
52 81 38
52 82 76
52 85 73
52 87 89
52 88 59
52 92 45
52 93 94
52 95 11
52 96 41
53 60 48
53 62 34
53 66 38
53 68 36
53 72 11
53 74 80
53 78 24
53 83 73
53 84 52
53 86 6
53 87 83
53 99 73
54 55 86
54 56 84
54 58 52
54 60 87
54 62 89
54 63 65
54 66 27
54 67 4
54 68 13
54 69 15
54 74 97
54 76 32
54 77 44
54 79 16
54 80 58
54 83 28
54 87 52
54 88 10
54 89 25
54 92 90
54 93 85
54 94 53
54 95 2
54 96 85
54 98 100
54 99 62
55 58 61
55 59 46
55 62 74
55 71 11
55 78 47
55 83 90
55 86 99
55 88 77
55 91 80
55 93 44
55 95 23
55 98 5
55 100 66
56 60 49
56 62 51
56 64 68
56 69 56
56 72 83
56 78 87
56 80 12
56 83 86
56 84 30
56 86 50
56 87 95
56 88 47
56 89 92
56 90 61
56 92 72
56 94 5
56 95 39
56 96 33
56 97 52
56 98 64
56 99 9
56 100 14
57 59 70
57 60 57
57 63 99
57 65 74
57 67 86
57 77 93
57 80 28
57 84 15
57 86 37
57 88 17
57 91 41
57 93 27
58 61 66
58 62 5
58 64 18
58 65 90
58 72 15
58 78 13
58 79 2
58 80 88
58 93 74
58 96 59
58 99 3
59 60 72
59 61 45
59 62 27
59 63 2
59 68 77
59 70 87
59 75 75
59 77 45
59 79 54
59 80 94
59 83 35
59 84 7
59 85 62
59 88 10
59 89 95
59 90 6
59 92 48
59 95 16
59 96 57
59 97 69
59 98 83
60 66 12
60 67 23
60 70 26
60 73 9
60 74 36
60 81 6
60 82 39
60 84 58
60 85 72
60 89 89
60 90 38
60 93 41
60 95 85
60 97 91
60 99 11
61 69 24
61 71 54
61 75 91
61 76 52
61 77 30
61 84 57
61 85 15
61 86 27
61 88 99
61 90 84
61 94 74
61 99 100
61 100 88
62 65 87
62 66 67
62 67 84
62 68 54
62 70 39
62 72 62
62 73 21
62 74 74
62 75 56
62 78 86
62 79 30
62 82 58
62 83 51
62 86 52
62 88 83
62 90 48
62 91 31
62 92 50
62 93 67
62 100 29
63 64 2
63 65 63
63 66 10
63 67 4
63 68 77
63 72 86
63 73 57
63 75 32
63 76 7
63 77 28
63 78 24
63 79 80
63 83 72
63 84 44
63 85 11
63 88 23
63 91 5
63 93 45
63 94 34
63 96 23
63 100 46
64 65 30
64 67 38
64 70 46
64 74 59
64 75 79
64 77 74
64 79 15
64 80 22
64 81 25
64 86 94
64 87 56
64 89 5
64 91 81
64 96 9
64 100 14
65 68 55
65 69 47
65 70 64
65 72 87
65 73 15
65 77 35
65 79 92
65 80 13
65 83 31
65 84 8
65 86 37
65 87 28
65 88 28
65 90 87
65 91 79
65 92 38
65 97 80
65 98 60
66 69 3
66 71 39
66 74 55
66 75 36
66 76 88
66 78 43
66 83 32
66 84 5
66 85 47
66 86 3
66 87 66
66 89 40
66 92 30
66 96 72
66 97 25
66 98 82
67 69 92
67 74 15
67 77 14
67 78 23
67 79 90
67 81 29
67 85 16
67 88 94
67 92 32
67 93 61
67 94 31
67 95 4
67 96 80
67 97 52
68 69 1
68 72 87
68 73 45
68 74 44
68 80 86
68 81 63
68 83 69
68 84 72
68 85 32
68 89 17
68 90 94
68 92 31
68 98 2
68 99 8
68 100 20
69 74 44
69 81 7
69 84 6
69 86 41
69 87 44
69 92 96
69 95 68
69 96 13
69 97 80
69 100 1
70 71 33
70 72 5
70 74 13
70 75 12
70 76 30
70 82 32
70 83 86
70 84 19
70 85 12
70 89 84
70 90 41
70 91 19
70 93 92
70 98 71
70 100 93
71 72 21
71 78 32
71 82 93
71 87 36
71 88 46
71 90 79
71 92 95
71 94 47
71 98 56
71 99 79
72 73 46
72 74 46
72 76 5
72 78 63
72 79 90
72 83 41
72 85 62
72 91 34
72 92 21
72 93 32
72 94 72
72 95 97
72 96 67
72 99 65
72 100 15
73 74 56
73 76 21
73 77 84
73 81 40
73 89 17
73 90 60
73 92 11
73 99 31
74 75 94
74 77 68
74 79 2
74 85 84
74 86 79
74 93 68
74 95 58
74 96 82
74 97 13
74 98 58
74 99 17
74 100 51
75 76 30
75 79 1
75 82 68
75 83 67
75 84 92
75 86 17
75 87 7
75 90 79
75 92 21
75 93 54
75 99 88
76 77 49
76 79 88
76 80 30
76 82 25
76 85 43
76 91 80
76 94 35
76 96 53
76 97 86
77 78 55
77 79 78
77 84 2
77 85 8
77 86 43
77 87 29
77 88 6
77 89 91
77 90 76
77 92 47
77 94 12
77 95 31
77 97 67
78 81 98
78 85 8
78 91 71
78 96 6
78 97 37
78 98 27
78 100 9
79 81 52
79 85 67
79 86 44
79 89 26
79 90 50
79 91 39
79 92 89
79 95 61
79 97 24
79 100 31
80 83 55
80 84 60
80 88 94
80 91 70
80 93 92
80 95 40
80 96 79
80 100 26
81 83 40
81 84 60
81 85 10
81 87 83
81 88 77
81 91 47
81 92 40
81 93 6
81 94 10
81 96 74
81 100 37
82 83 11
82 86 71
82 88 6
82 89 18
82 90 9
82 95 35
82 98 91
82 100 62
83 92 90
83 96 92
84 86 14
84 94 93
84 95 86
84 96 50
84 97 65
84 98 28
85 87 50
85 89 52
85 91 8
85 92 27
85 97 28
86 87 56
86 92 6
86 94 37
86 96 35
86 97 9
86 98 43
87 88 55
87 90 2
87 91 62
87 93 46
87 94 2
87 96 76
87 98 77
87 99 88
87 100 4
88 89 44
88 92 78
88 93 29
88 94 78
89 90 43
89 91 40
89 93 78
89 94 74
89 95 15
89 99 53
90 98 89
90 99 87
91 94 64
91 97 73
92 97 62
93 97 21
93 98 36
93 99 80
93 100 65
94 97 76
94 98 26
94 100 5
95 96 77
95 98 28
96 99 60
98 99 80
99 100 76
1 3 54
1 4 81
1 5 32
1 9 49
1 10 85
1 11 8
1 12 49
1 16 67
1 19 51
1 23 83
1 25 91
1 27 54
1 29 24
1 32 47
1 37 97
1 40 10
1 45 19
1 48 59
1 51 46
1 55 37
1 58 91
1 59 7
1 60 93
1 61 4
1 65 47
1 67 70
1 68 62
1 72 95
1 76 30
1 81 89
1 82 76
1 84 66
1 85 58
1 86 18
1 87 47
1 89 15
1 93 24
1 100 50
2 3 46
2 5 73
2 7 42
2 13 42
2 16 11
2 19 40
2 20 65
2 21 15
2 23 61
2 24 30
2 26 42
2 27 42
2 28 73
2 31 79
2 34 52
2 37 2
2 38 60
2 39 48
2 42 82
2 43 29
2 45 8
2 46 80
2 47 80
2 49 42
2 51 57
2 56 56
2 60 91
2 61 93
2 62 72
2 63 35
2 66 39
2 69 61
2 71 34
2 72 84
2 76 3
2 78 3
2 79 55
2 80 7
2 82 65
2 83 36
2 90 44
2 92 21
2 94 18
2 95 51
2 96 69
2 100 4
3 4 8
3 6 34
3 8 80
3 9 76
3 11 42
3 12 8
3 13 62
3 15 40
3 24 4
3 26 9
3 30 57
3 33 56
3 35 71
3 36 79
3 37 8
3 41 34
3 43 83
3 44 48
3 49 3
3 50 55
3 51 33
3 55 45
3 57 48
3 58 41
3 61 67
3 63 42
3 64 2
3 65 51
3 68 77
3 70 9
3 76 74
3 77 69
3 82 89
3 83 22
3 84 86
3 88 67
3 91 83
3 93 18
3 94 1
3 97 85
4 5 30
4 8 68
4 11 1
4 12 90
4 14 47
4 18 27
4 21 89
4 35 27
4 36 69
4 37 16
4 44 65
4 48 37
4 51 77
4 53 20
4 55 82
4 59 42
4 60 90
4 62 59
4 63 68
4 64 68
4 65 74
4 66 53
4 69 11
4 70 83
4 73 23
4 74 22
4 76 33
4 86 48
4 87 92
4 89 2
4 96 81
5 6 41
5 8 46
5 16 35
5 18 64
5 20 93
5 33 14
5 35 22
5 41 83
5 42 1
5 43 100
5 49 20
5 54 81
5 55 70
5 57 79
5 60 49
5 61 72
5 62 8
5 63 91
5 67 71
5 74 86
5 75 66
5 77 16
5 80 91
5 81 79
5 85 79
5 86 15
5 96 37
5 100 54
6 9 39
6 12 76
6 13 4
6 16 6
6 21 11
6 26 36
6 27 83
6 30 63
6 36 35
6 37 99
6 45 66
6 46 5
6 48 81
6 55 10
6 57 38
6 65 87
6 67 39
6 73 17
6 74 77
6 75 5
6 82 31
6 83 21
6 84 75
6 88 24
6 94 93
6 100 64
7 8 97
7 12 92
7 14 64
7 15 50
7 18 93
7 20 85
7 21 60
7 24 86
7 27 44
7 29 5
7 30 46
7 33 89
7 35 38
7 37 72
7 40 14
7 42 51
7 43 66
7 45 46
7 57 85
7 59 73
7 60 4
7 61 55
7 62 96
7 67 4
7 77 20
7 78 22
7 85 9
7 86 90
7 87 79
7 88 62
7 91 93
7 95 60
8 9 97
8 10 17
8 11 24
8 13 47
8 18 73
8 19 98
8 20 19
8 21 34
8 22 57
8 25 88
8 28 74
8 31 38
8 37 86
8 38 76
8 44 21
8 45 68
8 49 2
8 50 22
8 51 7
8 53 87
8 55 48
8 57 89
8 61 75
8 62 65
8 64 80
8 65 41
8 70 90
8 72 47
8 78 12
8 79 78
8 82 1
8 83 54
8 85 16
8 87 95
8 88 71
8 92 19
8 93 1
8 98 42
8 99 15
9 12 16
9 15 35
9 18 61
9 19 69
9 21 1
9 25 75
9 28 71
9 30 69
9 31 14
9 33 14
9 35 2
9 38 39
9 39 87
9 40 25
9 43 22
9 45 14
9 46 21
9 47 93
9 49 51
9 59 22
9 60 98
9 62 46
9 64 41
9 65 23
9 66 84
9 69 40
9 70 69
9 71 65
9 73 93
9 74 64
9 77 12
9 79 56
9 86 72
9 87 1
9 90 27
9 91 19
9 92 92
9 94 12
9 95 81
9 99 92
9 100 38
10 12 99
10 14 73
10 15 35
10 16 25
10 17 17
10 22 19
10 29 10
10 31 1
10 33 62
10 37 39
10 39 5
10 40 25
10 41 34
10 42 37
10 45 100
10 46 25
10 50 76
10 51 17
10 52 85
10 53 54
10 57 84
10 63 18
10 66 55
10 69 18
10 73 36
10 76 17
10 80 21
10 87 48
10 89 33
10 95 59
10 98 86
10 99 82
11 16 81
11 17 34
11 23 36
11 26 60
11 27 84
11 28 50
11 32 77
11 36 38
11 37 37
11 39 30
11 40 60
11 43 55
11 46 33
11 47 96
11 48 78
11 52 57
11 53 10
11 55 72
11 56 14
11 57 57
11 58 31
11 60 37
11 63 91
11 69 52
11 71 2
11 72 18
11 73 42
11 76 40
11 77 87
11 79 62
11 81 63
11 82 71
11 83 61
11 87 68
11 89 99
11 93 17
11 96 9
11 99 42
11 100 10
12 14 18
12 17 62
12 19 20
12 21 38
12 22 76
12 28 1
12 29 86
12 31 69
12 34 64
12 35 97
12 36 94
12 37 58
12 42 10
12 46 23
12 49 81
12 53 36
12 54 4
12 56 38
12 57 85
12 62 69
12 65 51
12 66 71
12 68 44
12 71 20
12 73 22
12 76 58
12 77 50
12 81 68
12 85 80
12 87 45
12 92 81
12 93 54
12 94 37
12 96 81
12 98 17
13 16 59
13 30 73
13 32 6
13 33 27
13 35 87
13 38 67
13 39 15
13 45 36
13 46 43
13 47 9
13 48 72
13 49 41
13 50 52
13 54 59
13 55 85
13 58 75
13 61 14
13 64 85
13 65 97
13 67 70
13 68 35
13 72 75
13 76 48
13 77 98
13 81 15
13 83 62
13 85 75
13 86 68
13 87 33
13 89 41
13 90 49
13 94 28
13 100 72
14 16 43
14 17 31
14 18 5
14 19 97
14 20 7
14 22 20
14 23 26
14 24 49
14 26 69
14 31 58
14 32 63
14 33 70
14 38 100
14 39 49
14 41 96
14 48 57
14 50 34
14 53 51
14 58 84
14 59 66
14 61 73
14 62 77
14 65 46
14 66 55
14 70 6
14 72 59
14 74 77
14 77 17
14 79 50
14 80 97
14 86 70
14 87 51
14 89 42
14 90 11
14 91 5
14 92 4
14 93 90
14 94 28
14 95 11
14 96 35
14 97 86
14 98 95
14 99 43
15 18 29
15 21 41
15 24 25
15 25 92
15 26 29
15 27 99
15 28 60
15 32 99
15 33 30
15 40 60
15 41 86
15 43 49
15 47 93
15 49 32
15 50 81
15 52 25
15 54 38
15 56 53
15 58 98
15 59 96
15 64 44
15 67 3
15 69 93
15 72 16
15 76 80
15 80 12
15 81 26
15 83 32
15 87 97
15 90 18
15 99 59
15 100 28
16 17 17
16 19 14
16 20 77
16 22 84
16 25 53
16 30 68
16 33 9
16 35 25
16 36 67
16 39 48
16 42 12
16 45 48
16 48 38
16 50 26
16 52 33
16 54 11
16 55 68
16 56 12
16 57 17
16 58 17
16 62 66
16 64 50
16 66 13
16 67 19
16 69 81
16 72 63
16 74 48
16 75 22
16 76 43
16 77 34
16 79 71
16 80 93
16 81 76
16 82 73
16 91 99
16 95 60
16 97 54
16 99 31
16 100 4
17 18 93
17 19 84
17 20 51
17 22 15
17 25 39
17 27 49
17 30 19
17 43 44
17 45 4
17 48 3
17 50 73
17 52 8
17 53 21
17 54 38
17 56 81
17 57 75
17 60 73
17 61 38
17 62 40
17 63 49
17 66 32
17 67 91
17 71 56
17 72 46
17 74 41
17 77 40
17 79 10
17 81 2
17 82 90
17 86 70
17 89 84
17 90 94
17 91 82
17 93 40
17 94 89
17 98 44
18 25 49
18 26 70
18 27 14
18 28 21
18 34 30
18 35 49
18 44 4
18 45 8
18 47 78
18 48 19
18 49 79
18 50 10
18 63 14
18 64 60
18 66 71
18 72 25
18 73 61
18 74 84
18 75 44
18 76 3
18 79 1
18 81 15
18 83 73
18 91 84
18 92 98
18 95 61
18 96 6
18 98 95
18 99 93
18 100 12
19 20 24
19 26 45
19 31 6
19 33 37
19 37 43
19 38 31
19 39 92
19 40 3
19 41 61
19 43 46
19 44 55
19 49 8
19 51 81
19 58 100
19 61 55
19 66 22
19 68 19
19 70 82
19 71 68
19 75 23
19 77 94
19 78 20
19 79 35
19 80 65
19 81 72
19 82 47
19 84 17
19 86 30
19 89 29
19 91 30
19 92 41
19 94 90
19 98 71
19 100 42
20 29 97
20 31 73
20 34 64
20 36 78
20 39 32
20 43 75
20 44 29
20 46 71
20 47 69
20 52 92
20 55 70
20 56 57
20 62 93
20 63 38
20 64 48
20 66 33
20 77 31
20 79 38
20 80 18
20 81 84
20 87 99
20 88 44
20 89 78
20 94 69
20 97 43
20 98 10
20 99 15
20 100 69
21 28 23
21 29 44
21 32 53
21 34 97
21 35 40
21 37 68
21 42 65
21 44 96
21 46 50
21 51 98
21 52 81
21 56 73
21 57 21
21 59 75
21 60 13
21 63 5
21 64 34
21 65 46
21 66 46
21 67 21
21 75 91
21 76 67
21 78 67
21 79 43
21 86 84
21 88 32
21 89 92
21 90 17
21 94 79
21 96 77
22 25 35
22 29 45
22 31 15
22 32 9
22 34 96
22 36 65
22 37 46
22 42 61
22 44 50
22 45 7
22 50 37
22 51 19
22 53 6
22 56 42
22 57 95
22 58 59
22 59 61
22 63 23
22 65 27
22 67 81
22 68 14
22 70 69
22 73 51
22 77 39
22 78 29
22 81 96
22 82 72
22 85 69
22 88 18
22 90 40
22 92 18
22 93 28
22 94 80
22 96 63
22 100 22
23 25 81
23 28 63
23 31 72
23 33 31
23 36 9
23 44 70
23 45 23
23 50 17
23 51 14
23 54 52
23 56 77
23 63 57
23 64 97
23 65 12
23 68 94
23 70 91
23 72 25
23 74 55
23 75 40
23 78 100
23 81 23
23 83 54
24 25 17
24 27 84
24 29 36
24 32 32
24 33 66
24 37 2
24 41 67
24 43 11
24 45 28
24 49 95
24 50 92
24 52 48
24 54 82
24 57 48
24 58 92
24 59 13
24 61 26
24 62 18
24 64 36
24 65 63
24 68 14
24 69 73
24 70 18
24 71 54
24 73 53
24 75 3
24 83 81
24 85 7
24 88 22
24 90 16
24 91 90
24 94 98
24 95 36
24 98 83
24 99 86
25 26 85
25 28 37
25 29 19
25 30 40
25 32 36
25 33 17
25 34 20
25 35 87
25 37 71
25 39 5
25 42 91
25 43 31
25 45 93
25 46 59
25 47 5
25 51 1
25 53 71
25 60 58
25 61 20
25 66 9
25 68 28
25 69 41
25 70 77
25 76 19
25 77 82
25 79 46
25 83 64
25 85 77
25 86 94
25 89 8
25 93 62
25 96 46
25 100 17
26 27 93
26 28 20
26 29 29
26 32 12
26 34 1
26 42 40
26 44 7
26 45 19
26 48 2
26 50 87
26 55 62
26 58 54
26 59 88
26 60 48
26 61 7
26 63 31
26 65 36
26 72 40
26 75 65
26 76 55
26 78 35
26 79 77
26 80 2
26 85 57
26 87 42
26 88 2
26 93 62
27 34 19
27 37 89
27 39 6
27 40 96
27 41 28
27 42 69
27 46 26
27 50 69
27 51 21
27 56 22
27 60 85
27 61 41
27 63 92
27 66 23
27 67 93
27 68 57
27 69 84
27 72 79
27 73 5
27 79 60
27 89 5
27 96 66
27 98 48
28 31 49
28 32 31
28 33 9
28 40 92
28 46 63
28 48 6
28 50 53
28 52 71
28 55 87
28 59 91
28 62 69
28 63 73
28 65 31
28 73 53
28 74 33
28 76 26
28 77 37
28 80 35
28 83 77
28 85 62
28 86 14
28 87 33
28 91 73
28 95 86
29 30 81
29 35 40
29 38 77
29 41 99
29 45 11
29 48 91
29 52 12
29 53 58
29 56 72
29 57 66
29 59 5
29 63 79
29 64 61
29 66 19
29 71 93
29 74 71
29 79 54
29 82 44
29 87 89
29 88 42
29 90 77
29 95 8
29 97 90
29 99 54
30 31 57
30 33 36
30 38 8
30 40 82
30 41 96
30 45 33
30 46 32
30 47 68
30 49 45
30 51 45
30 52 60
30 63 5
30 73 31
30 77 5
30 81 59
30 84 80
30 85 91
30 88 92
30 89 74
30 90 11
30 92 82
30 94 97
30 95 71
30 97 30
30 98 13
31 33 97
31 36 70
31 37 7
31 46 32
31 50 34
31 51 89
31 52 58
31 53 50
31 55 73
31 58 71
31 59 43
31 62 86
31 64 96
31 65 90
31 72 92
31 74 15
31 77 9
31 78 24
31 85 90
31 92 13
31 93 81
31 97 64
31 98 38
31 99 73
31 100 92
32 33 52
32 34 67
32 35 19
32 37 63
32 39 83
32 45 32
32 46 50
32 49 26
32 56 3
32 59 46
32 60 84
32 68 56
32 69 70
32 71 73
32 72 11
32 76 87
32 78 24
32 83 52
32 86 13
32 87 5
32 93 4
32 94 87
32 95 70
33 34 10
33 36 64
33 38 94
33 39 41
33 41 55
33 43 1
33 45 77
33 47 80
33 51 43
33 55 72
33 57 37
33 59 20
33 60 45
33 61 51
33 62 43
33 63 54
33 65 94
33 69 9
33 70 66
33 71 8
33 75 42
33 77 34
33 78 45
33 84 45
33 85 86
33 90 60
33 91 63
33 93 77
33 96 14
33 98 24
33 99 34
34 35 61
34 39 65
34 43 31
34 44 87
34 45 65
34 47 60
34 48 31
34 50 66
34 52 4
34 53 18
34 55 94
34 56 99
34 63 42
34 64 98
34 67 93
34 68 79
34 72 36
34 76 46
34 79 37
34 80 91
34 81 75
34 83 71
34 84 71
34 85 18
34 86 52
34 88 26
34 89 60
34 90 66
34 91 77
34 93 82
34 94 55
34 95 44
34 96 73
34 99 94
35 38 83
35 40 33
35 42 18
35 50 10
35 51 58
35 56 27
35 58 59
35 61 43
35 63 90
35 66 59
35 67 30
35 69 15
35 72 24
35 77 10
35 78 58
35 79 6
35 80 22
35 81 65
35 83 56
35 84 81
35 85 9
35 87 93
35 89 82
35 90 86
35 92 23
35 93 85
35 95 4
35 100 48
36 40 74
36 41 16
36 42 5
36 44 100
36 45 99
36 48 26
36 49 29
36 50 64
36 51 55
36 52 73
36 55 34
36 60 41
36 64 83
36 65 53
36 67 57
36 68 89
36 71 56
36 72 89
36 74 32
36 75 48
36 82 22
36 84 64
36 86 97
36 87 83
36 91 68
36 92 8
36 93 60
36 97 11
36 100 20
37 39 76
37 40 21
37 41 16
37 43 18
37 44 83
37 45 20
37 54 19
37 56 82
37 57 43
37 59 29
37 63 58
37 65 65
37 66 46
37 67 21
37 68 8
37 69 71
37 70 26
37 74 34
37 75 75
37 76 96
37 77 88
37 78 12
37 81 74
37 82 47
37 85 78
37 87 4
37 89 38
37 90 71
37 91 24
37 92 16
37 96 98
37 99 32
37 100 19
38 45 80
38 47 91
38 50 93
38 54 55
38 55 74
38 59 77
38 62 33
38 65 42
38 67 45
38 68 84
38 69 37
38 71 68
38 74 96
38 77 33
38 78 59
38 79 76
38 80 71
38 81 7
38 84 13
38 86 66
38 88 56
38 89 15
38 91 79
38 92 28
38 97 41
39 40 87
39 41 67
39 42 40
39 46 61
39 52 6
39 57 46
39 59 6
39 61 18
39 62 37
39 63 88
39 69 79
39 72 65
39 75 22
39 76 25
39 79 27
39 82 79
39 84 20
39 89 68
39 91 48
39 93 59
39 94 57
39 96 5
39 98 91
39 99 19
40 44 60
40 48 77
40 51 87
40 53 72
40 54 1
40 55 29
40 57 69
40 58 73
40 65 5
40 66 87
40 68 58
40 69 92
40 76 33
40 79 35
40 82 12
40 84 13
40 85 73
40 86 86
40 90 6
40 91 47
40 94 2
40 97 32
41 42 100
41 43 71
41 46 36
41 47 49
41 50 32
41 51 71
41 55 37
41 57 48
41 61 12
41 62 62
41 63 86
41 65 55
41 66 35
41 69 24
41 71 100
41 74 11
41 76 53
41 77 54
41 79 23
41 80 78
41 83 73
41 84 38
41 87 74
41 89 14
41 92 81
41 93 92
41 98 14
41 99 49
41 100 12
42 46 4
42 52 7
42 55 86
42 62 12
42 64 55
42 69 97
42 70 27
42 72 78
42 75 93
42 77 62
42 78 38
42 79 76
42 80 87
42 81 40
42 85 38
42 91 71
42 92 27
42 94 31
42 99 5
43 44 26
43 45 15
43 48 51
43 50 89
43 57 11
43 59 60
43 61 23
43 62 55
43 63 60
43 64 48
43 66 79
43 67 12
43 68 17
43 69 8
43 71 22
43 78 55
43 82 21
43 84 79
43 85 3
43 88 36
43 90 47
43 91 84
43 95 54
43 97 65
43 99 61
44 47 38
44 49 21
44 55 86
44 60 78
44 64 81
44 66 33
44 67 77
44 69 18
44 70 6
44 73 98
44 74 86
44 76 43
44 77 99
44 78 62
44 79 45
44 83 65
44 86 57
44 88 48
44 89 34
44 90 43
44 92 45
44 94 48
44 97 34
44 99 100
45 46 56
45 49 77
45 50 15
45 53 40
45 56 23
45 57 98
45 60 76
45 63 88
45 66 27
45 67 46
45 73 43
45 74 29
45 75 40
45 82 43
45 84 80
45 88 51
45 90 78
45 92 3
45 93 40
45 94 8
45 95 33
45 98 73
46 55 2
46 56 62
46 57 35
46 59 46
46 62 71
46 64 10
46 70 12
46 72 26
46 74 52
46 77 4
46 84 18
46 87 64
46 88 29
46 89 100
46 91 91
46 96 69
46 97 80
46 98 69
46 100 92
47 48 12
47 50 69
47 52 18
47 55 75
47 59 39
47 61 83
47 62 60
47 65 37
47 70 98
47 73 20
47 74 100
47 75 52
47 80 44
47 81 71
47 83 75
47 84 17
47 86 45
47 88 47
47 89 21
47 92 96
47 96 31
47 99 92
47 100 30
48 49 20
48 50 40
48 51 8
48 52 33
48 54 73
48 56 13
48 58 53
48 63 57
48 66 97
48 69 24
48 71 55
48 72 67
48 73 86
48 75 94
48 87 2
48 88 37
48 90 74
48 91 17
48 92 89
48 93 80
48 96 51
49 50 52
49 57 6
49 59 56
49 61 46
49 62 2
49 63 49
49 65 66
49 67 94
49 68 7
49 72 26
49 74 100
49 75 63
49 76 11
49 82 14
49 85 14
49 92 26
49 94 30
49 99 22
49 100 27
50 52 13
50 54 68
50 55 95
50 56 86
50 61 37
50 63 33
50 64 8
50 67 42
50 71 39
50 74 98
50 77 33
50 79 37
50 80 44
50 83 5
50 86 62
50 87 45
50 88 29
50 91 71
50 95 78
50 97 44
50 98 13
50 100 90
51 55 14
51 58 81
51 61 8
51 62 78
51 63 42
51 64 72
51 66 28
51 68 88
51 69 57
51 70 98
51 73 39
51 75 69
51 77 51
51 78 88
51 81 45
51 82 82
51 87 61
51 89 48
51 92 44
51 93 28
51 94 73
51 96 75
51 97 11
51 98 53
51 100 12
52 53 23
52 54 69
52 56 52
52 57 34
52 58 53
52 62 68
52 63 92
52 69 14
52 74 34
52 75 66
52 81 10
52 85 81
52 87 38
52 88 5
52 95 98
52 96 61
53 58 55
53 63 89
53 64 91
53 67 92
53 71 52
53 73 33
53 75 3
53 81 57
53 86 88
53 87 10
53 88 66
53 89 56
53 90 76
53 93 73
53 94 38
53 95 11
53 97 70
54 55 71
54 56 32
54 57 29
54 59 5
54 60 7
54 63 70
54 69 27
54 71 26
54 73 19
54 74 25
54 76 39
54 78 59
54 79 72
54 87 26
54 89 43
54 92 69
54 93 85
54 95 48
54 96 99
54 99 15
55 56 3
55 65 70
55 66 25
55 70 7
55 74 53
55 76 81
55 79 56
55 84 66
55 87 90
55 90 58
55 98 45
55 99 19
56 61 32
56 64 92
56 69 99
56 72 59
56 73 4
56 77 3
56 82 60
56 87 66
56 88 76
56 90 68
56 93 4
56 94 8
56 96 16
56 97 31
56 99 88
57 60 82
57 64 92
57 66 97
57 67 25
57 69 13
57 72 5
57 74 3
57 78 51
57 80 12
57 86 72
57 89 71
57 92 37
57 95 58
57 97 86
57 98 88
57 100 21
58 59 45
58 69 76
58 74 39
58 75 58
58 76 82
58 78 71
58 80 42
58 82 51
58 83 11
58 84 84
58 85 52
58 87 29
58 89 87
58 90 21
58 93 82
58 95 48
58 96 19
59 66 66
59 70 30
59 72 17
59 74 99
59 75 12
59 77 3
59 80 29
59 81 99
59 83 98
59 85 71
59 86 60
59 87 74
59 91 63
59 92 13
59 94 6
59 96 6
59 97 65
59 99 40
59 100 69
60 62 95
60 64 24
60 66 33
60 67 78
60 68 51
60 73 13
60 80 58
60 83 3
60 86 64
60 88 77
60 89 35
60 99 33
60 100 44
61 62 79
61 66 84
61 68 44
61 69 5
61 79 57
61 86 53
61 91 39
61 92 59
61 93 55
61 95 39
61 98 41
62 63 93
62 64 20
62 67 65
62 68 18
62 69 32
62 73 24
62 76 95
62 77 10
62 81 83
62 84 59
62 85 65
62 88 84
62 91 87
62 92 42
62 94 1
62 95 16
62 97 56
63 64 74
63 66 58
63 67 51
63 69 90
63 72 36
63 73 12
63 74 28
63 78 53
63 88 30
63 89 24
63 92 55
63 93 86
63 100 41
64 66 20
64 67 63
64 70 66
64 73 44
64 76 35
64 82 65
64 83 55
64 84 4
64 85 64
64 86 35
64 89 22
64 91 48
64 92 60
64 94 93
64 95 32
64 96 5
64 97 24
65 66 42
65 74 43
65 77 99
65 82 65
65 84 46
65 85 82
65 87 3
65 88 35
65 92 34
65 95 95
65 97 20
65 99 41
66 67 81
66 68 54
66 69 84
66 72 4
66 74 38
66 76 90
66 80 62
66 81 100
66 84 26
66 85 70
66 87 25
66 90 70
66 92 15
66 94 35
66 95 43
66 97 38
66 98 85
67 68 77
67 73 64
67 79 13
67 80 61
67 82 68
67 83 82
67 84 18
67 86 85
67 89 60
67 90 95
67 99 14
68 70 59
68 72 15
68 76 80
68 77 27
68 78 60
68 83 19
68 84 97
68 87 84
68 89 27
68 91 81
68 95 38
68 96 75
68 98 79
68 99 13
68 100 59
69 71 69
69 72 82
69 73 93
69 78 76
69 80 85
69 81 1
69 84 87
69 86 68
69 87 50
69 90 86
69 91 15
69 94 5
70 71 12
70 73 59
70 74 18
70 75 92
70 79 84
70 83 37
70 84 52
70 87 36
70 90 70
70 91 86
70 92 28
70 93 100
70 95 87
70 96 5
70 97 4
70 99 66
70 100 76
71 73 89
71 77 15
71 78 74
71 79 49
71 82 19
71 83 22
71 86 77
71 91 46
71 93 39
71 95 14
71 97 27
71 99 33
71 100 93
72 73 53
72 76 12
72 84 93
72 87 99
72 90 9
72 91 49
72 92 38
72 94 14
72 95 25
72 98 59
72 100 83
73 75 91
73 78 92
73 80 8
73 84 73
73 86 95
73 96 38
73 97 20
73 98 23
73 99 2
74 77 86
74 78 17
74 80 58
74 81 50
74 82 97
74 83 99
74 85 24
74 86 29
74 88 28
74 89 7
74 90 10
74 96 51
75 76 79
75 90 93
75 91 97
75 99 100
75 100 47
76 78 64
76 80 73
76 84 93
76 85 18
76 90 41
76 92 23
76 94 70
76 96 42
76 97 72
76 98 55
76 99 52
76 100 32
77 80 99
77 81 69
77 82 69
77 83 53
77 84 8
77 86 81
77 87 71
77 88 66
77 94 66
77 96 8
77 97 73
77 98 98
78 79 27
78 80 21
78 81 28
78 82 55
78 83 9
78 84 52
78 85 51
78 96 68
78 98 69
78 99 53
78 100 45
79 80 67
79 81 84
79 83 40
79 89 70
79 93 71
79 95 18
79 97 45
79 98 15
80 81 83
80 82 7
80 88 45
80 92 88
80 96 41
80 98 21
80 100 89
81 84 70
81 85 4
81 87 45
81 90 45
81 94 93
81 95 70
81 96 65
81 99 27
82 83 60
82 85 79
82 90 69
82 94 24
82 95 53
83 84 82
83 87 29
83 88 22
83 89 45
83 91 33
83 92 9
83 94 68
83 95 56
83 97 10
83 100 76
84 90 4
84 95 28
84 96 91
84 98 89
84 100 23
85 87 88
85 89 78
85 92 30
85 94 59
85 96 96
85 99 86
86 88 37
86 89 98
86 94 33
86 96 3
86 97 91
86 99 79
87 92 84
87 93 57
87 94 97
87 97 15
87 99 45
87 100 33
88 90 43
88 91 71
88 92 59
88 95 42
88 96 23
88 98 97
89 93 11
89 94 25
90 92 29
90 94 83
90 95 49
90 96 32
90 97 81
90 99 21
90 100 52
91 93 24
91 94 72
91 95 75
91 96 19
91 100 82
92 93 54
92 94 49
92 97 62
92 98 64
92 100 55
94 96 88
94 97 81
94 98 18
95 96 40
95 99 69
97 100 16
98 100 12
1 2 5
1 5 54
1 9 57
1 13 12
1 15 40
1 18 7
1 21 74
1 26 53
1 28 27
1 31 3
1 34 86
1 35 45
1 36 15
1 38 80
1 40 12
1 41 17
1 42 85
1 44 61
1 48 69
1 49 90
1 55 71
1 62 79
1 68 63
1 70 34
1 71 52
1 73 7
1 74 49
1 77 77
1 78 46
1 80 57
1 81 66
1 82 36
1 85 22
1 91 20
1 95 83
1 97 50
2 4 77
2 8 88
2 9 41
2 13 54
2 15 8
2 17 90
2 19 54
2 24 62
2 26 20
2 34 50
2 35 77
2 36 40
2 38 27
2 39 99
2 41 30
2 45 18
2 46 98
2 48 73
2 53 44
2 55 48
2 59 10
2 60 65
2 65 51
2 69 99
2 71 8
2 72 76
2 74 27
2 79 51
2 80 14
2 81 66
2 84 94
2 89 57
2 94 91
2 96 74
2 98 69
2 99 36
3 5 91
3 6 87
3 9 69
3 10 97
3 11 97
3 13 96
3 16 61
3 17 29
3 20 35
3 21 20
3 31 84
3 32 72
3 38 40
3 40 80
3 41 45
3 43 31
3 44 20
3 45 74
3 49 32
3 51 37
3 52 49
3 54 62
3 55 97
3 57 35
3 58 52
3 60 41
3 61 60
3 63 21
3 65 83
3 68 23
3 70 45
3 74 98
3 75 52
3 78 90
3 79 58
3 81 100
3 83 7
3 84 100
3 88 67
3 90 60
3 91 80
3 92 29
3 93 19
3 95 30
3 96 74
4 5 80
4 8 79
4 9 64
4 11 97
4 13 55
4 14 67
4 15 18
4 18 27
4 22 2
4 23 94
4 24 89
4 30 31
4 34 6
4 36 32
4 38 66
4 44 73
4 45 78
4 46 44
4 48 71
4 50 23
4 52 48
4 53 33
4 57 72
4 58 7
4 60 24
4 61 8
4 62 37
4 67 34
4 71 82
4 75 9
4 76 99
4 77 99
4 78 14
4 81 74
4 82 53
4 83 100
4 84 41
4 91 22
4 92 81
4 95 29
4 96 46
4 97 9
4 98 46
4 99 76
5 6 38
5 8 61
5 12 97
5 14 65
5 15 45
5 17 31
5 21 23
5 24 96
5 28 75
5 29 6
5 31 56
5 34 73
5 36 95
5 37 4
5 46 43
5 49 17
5 50 87
5 51 70
5 53 32
5 54 74
5 55 59
5 56 25
5 57 38
5 59 8
5 60 64
5 63 28
5 67 14
5 69 40
5 70 93
5 71 55
5 72 5
5 74 23
5 75 57
5 79 34
5 82 4
5 83 93
5 90 17
5 92 18
5 94 68
5 98 71
5 99 47
6 7 53
6 8 80
6 10 37
6 12 43
6 16 98
6 20 55
6 22 95
6 24 86
6 26 22
6 34 54
6 35 19
6 36 86
6 38 73
6 42 2
6 45 71
6 47 15
6 48 54
6 49 12
6 50 94
6 51 43
6 53 13
6 54 54
6 55 17
6 58 23
6 59 31
6 60 14
6 61 20
6 62 88
6 63 84
6 65 39
6 68 74
6 70 99
6 79 43
6 80 17
6 83 82
6 88 66
6 92 46
6 95 12
6 96 64
6 99 55
7 9 80
7 11 67
7 13 85
7 14 78
7 16 26
7 17 81
7 21 41
7 23 41
7 27 13
7 28 8
7 30 56
7 33 25
7 36 45
7 37 73
7 42 40
7 43 84
7 44 77
7 45 64
7 46 10
7 47 6
7 49 51
7 52 86
7 57 34
7 59 34
7 61 26
7 63 8
7 65 41
7 69 28
7 73 82
7 76 82
7 77 35
7 78 19
7 82 19
7 83 17
7 85 5
7 90 70
7 94 22
7 95 74
7 96 17
8 9 21
8 16 86
8 17 52
8 18 34
8 26 64
8 30 3
8 32 48
8 42 94
8 47 36
8 49 8
8 56 39
8 58 58
8 60 14
8 61 58
8 74 58
8 76 49
8 79 65
8 81 47
8 82 1
8 85 53
8 91 94
8 96 86
8 97 70
8 99 3
8 100 39
9 11 84
9 14 32
9 16 93
9 17 59
9 18 58
9 20 2
9 24 84
9 26 82
9 32 39
9 34 36
9 38 69
9 39 89
9 41 49
9 44 34
9 46 48
9 54 71
9 57 57
9 59 27
9 61 82
9 62 71
9 64 99
9 66 64
9 67 76
9 68 50
9 70 60
9 71 96
9 73 27
9 75 36
9 76 19
9 81 5
9 84 92
9 88 60
9 90 4
9 95 82
9 96 51
9 97 97
9 98 45
9 100 26
10 11 64
10 12 48
10 14 86
10 15 55
10 16 81
10 17 26
10 18 49
10 19 42
10 20 13
10 21 37
10 22 9
10 23 84
10 25 70
10 31 98
10 33 83
10 36 45
10 42 53
10 44 79
10 46 81
10 48 17
10 51 52
10 52 92
10 56 56
10 59 22
10 64 12
10 65 79
10 68 1
10 69 95
10 70 55
10 71 28
10 73 35
10 74 37
10 77 73
10 79 29
10 81 92
10 82 80
10 88 3
10 90 63
10 93 76
10 95 68
11 12 22
11 15 80
11 16 86
11 22 88
11 25 58
11 27 58
11 28 100
11 30 5
11 33 15
11 35 49
11 38 94
11 45 40
11 47 20
11 48 80
11 49 27
11 52 39
11 53 92
11 56 57
11 57 14
11 58 95
11 59 62
11 62 1
11 66 20
11 67 82
11 70 89
11 71 1
11 72 5
11 78 87
11 79 39
11 80 96
11 81 53
11 82 35
11 87 14
12 15 6
12 17 20
12 18 66
12 19 56
12 21 84
12 23 22
12 24 41
12 28 92
12 30 93
12 37 27
12 39 74
12 40 90
12 44 7
12 47 21
12 48 95
12 49 98
12 50 58
12 51 34
12 52 43
12 53 54
12 56 81
12 57 54
12 60 52
12 61 40
12 62 37
12 66 15
12 67 14
12 68 12
12 72 14
12 73 57
12 75 45
12 76 47
12 77 65
12 88 35
12 91 92
12 93 100
12 94 94
12 96 36
12 97 21
12 98 2
13 15 14
13 16 8
13 19 59
13 20 63
13 21 99
13 22 37
13 24 34
13 25 7
13 26 59
13 28 28
13 32 4
13 34 7
13 35 79
13 38 87
13 39 14
13 40 51
13 44 75
13 46 86
13 51 50
13 52 27
13 55 98
13 57 32
13 60 55
13 62 46
13 63 52
13 68 27
13 72 57
13 73 79
13 75 56
13 76 93
13 77 52
13 78 86
13 86 47
13 89 55
14 15 10
14 16 81
14 17 93
14 18 44
14 19 21
14 27 69
