100 4456 1
1 2 27
1 4 61
1 5 68
1 9 78
1 12 11
1 13 62
1 15 11
1 20 11
1 21 43
1 24 80
1 27 64
1 28 52
1 29 70
1 33 13
1 37 95
1 40 85
1 43 10
1 44 67
1 46 36
1 47 91
1 53 96
1 54 68
1 65 84
1 67 86
1 68 39
1 75 98
1 77 43
1 78 68
1 79 73
1 84 76
1 86 91
1 88 52
1 90 23
1 93 50
1 95 57
1 96 69
1 97 55
1 98 71
2 5 74
2 6 27
2 12 96
2 14 8
2 15 69
2 16 71
2 19 93
2 22 58
2 23 47
2 24 62
2 25 79
2 27 62
2 39 33
2 40 94
2 41 7
2 44 100
2 45 75
2 48 86
2 49 79
2 53 66
2 58 58
2 59 62
2 64 37
2 65 71
2 66 43
2 67 85
2 68 4
2 69 75
2 77 43
2 78 83
2 82 67
2 83 12
2 85 54
2 87 43
2 89 49
2 98 74
2 99 24
3 4 93
3 6 80
3 9 29
3 11 98
3 18 45
3 22 74
3 25 89
3 26 95
3 27 39
3 33 42
3 34 33
3 36 70
3 37 9
3 38 11
3 40 2
3 41 13
3 42 41
3 43 50
3 46 38
3 47 59
3 49 53
3 55 9
3 59 5
3 62 69
3 64 43
3 65 60
3 74 5
3 75 15
3 78 44
3 80 15
3 83 45
3 84 43
3 87 35
3 90 64
3 92 89
3 95 95
3 96 42
3 97 2
3 98 75
3 100 47
4 8 32
4 9 8
4 15 85
4 16 16
4 17 11
4 21 20
4 24 61
4 25 80
4 27 88
4 29 5
4 31 83
4 32 5
4 36 86
4 42 83
4 47 50
4 49 50
4 50 61
4 52 19
4 54 17
4 61 10
4 63 25
4 66 55
4 70 69
4 77 74
4 78 60
4 80 26
4 82 61
4 86 63
4 90 55
4 97 6
4 100 76
5 8 4
5 11 48
5 15 89
5 16 20
5 18 81
5 19 10
5 21 28
5 23 50
5 25 36
5 32 69
5 33 26
5 34 100
5 36 41
5 39 34
5 41 84
5 43 50
5 44 62
5 45 99
5 46 54
5 47 83
5 49 44
5 50 14
5 52 55
5 56 17
5 64 19
5 65 2
5 66 7
5 67 94
5 71 24
5 73 67
5 77 56
5 78 80
5 83 6
5 84 24
5 87 78
5 88 95
5 89 6
5 91 7
5 93 74
5 94 69
5 97 40
5 98 66
5 99 1
6 7 47
6 9 67
6 12 18
6 13 34
6 14 17
6 22 62
6 23 13
6 26 32
6 29 57
6 32 19
6 35 25
6 38 6
6 39 99
6 40 55
6 43 9
6 44 80
6 46 86
6 49 83
6 53 13
6 54 4
6 55 53
6 57 16
6 62 75
6 63 90
6 65 91
6 68 92
6 69 98
6 74 38
6 76 19
6 78 4
6 79 48
6 82 3
6 83 80
6 84 76
6 86 99
6 88 32
6 94 58
6 95 67
6 98 82
7 12 77
7 15 74
7 16 88
7 17 84
7 18 41
7 19 65
7 21 63
7 23 68
7 25 65
7 28 15
7 31 36
7 36 57
7 37 51
7 40 17
7 41 33
7 44 70
7 45 69
7 48 98
7 55 80
7 56 43
7 60 15
7 62 27
7 64 30
7 68 21
7 75 20
7 77 33
7 80 85
7 87 39
7 91 33
7 92 46
7 95 75
7 96 36
7 97 9
7 98 83
8 9 89
8 14 7
8 16 36
8 19 9
8 23 9
8 28 30
8 36 87
8 44 81
8 47 53
8 50 18
8 54 18
8 57 23
8 58 10
8 64 28
8 65 11
8 68 99
8 73 93
8 77 57
8 79 52
8 81 51
8 82 73
8 84 71
8 86 33
8 93 67
9 12 36
9 15 52
9 17 10
9 18 84
9 20 34
9 21 71
9 25 79
9 30 46
9 38 10
9 39 47
9 48 84
9 51 56
9 52 72
9 55 38
9 59 25
9 63 58
9 64 57
9 66 89
9 67 11
9 68 11
9 69 100
9 70 96
9 71 31
9 72 89
9 74 7
9 75 98
9 76 56
9 80 30
9 82 60
9 83 1
9 85 15
9 96 19
9 98 35
10 11 39
10 15 6
10 18 29
10 21 16
10 25 18
10 26 6
10 32 82
10 33 11
10 34 60
10 35 19
10 37 87
10 43 15
10 48 95
10 49 52
10 50 1
10 51 17
10 52 73
10 53 69
10 54 21
10 55 22
10 61 91
10 63 95
10 66 41
10 67 13
10 70 41
10 71 56
10 76 73
10 77 98
10 79 4
10 80 16
10 82 99
10 83 57
10 91 7
10 92 56
10 94 40
10 95 61
10 99 77
11 14 63
11 18 62
11 19 86
11 20 33
11 21 68
11 26 95
11 29 64
11 30 30
11 34 51
11 36 7
11 41 25
11 53 65
11 55 39
11 58 8
11 66 11
11 70 61
11 72 74
11 73 19
11 74 96
11 76 71
11 80 53
11 81 32
11 89 19
11 91 98
11 92 21
11 94 20
11 99 76
11 100 68
12 15 3
12 17 100
12 19 52
12 20 84
12 23 15
12 25 65
12 26 58
12 28 28
12 32 61
12 38 27
12 39 72
12 42 56
12 44 4
12 49 36
12 50 62
12 51 52
12 52 55
12 53 8
12 55 93
12 59 37
12 60 14
12 62 74
12 63 83
12 64 36
12 65 56
12 68 20
12 71 4
12 72 38
12 76 72
12 77 8
12 78 94
12 87 56
12 90 8
12 92 12
12 95 51
12 97 17
12 98 92
12 100 55
13 18 61
13 20 16
13 21 90
13 22 34
13 23 28
13 24 39
13 27 44
13 28 80
13 32 90
13 35 19
13 36 40
13 39 19
13 40 92
13 41 14
13 42 76
13 43 99
13 45 58
13 46 88
13 49 54
13 50 95
13 52 93
13 53 93
13 57 37
13 60 72
13 61 65
13 62 20
13 64 65
13 69 56
13 70 25
13 72 22
13 74 83
13 75 45
13 77 25
13 78 82
13 79 98
13 81 28
13 86 26
13 87 87
13 90 57
14 17 10
14 23 37
14 24 59
14 25 18
14 26 1
14 27 51
14 33 12
14 35 39
14 37 65
14 39 64
14 43 77
14 44 1
14 48 98
14 49 39
14 51 84
14 54 40
14 56 90
14 57 70
14 61 88
14 63 5
14 67 82
14 69 59
14 76 97
14 77 100
14 80 17
14 85 47
14 87 85
14 92 5
14 95 11
14 97 98
14 99 48
15 17 25
15 18 60
15 19 11
15 23 27
15 24 26
15 25 19
15 26 91
15 29 87
15 32 11
15 34 59
15 40 3
15 43 21
15 44 39
15 46 47
15 53 82
15 54 50
15 55 31
15 60 6
15 61 71
15 63 80
15 65 1
15 67 3
15 71 33
15 72 86
15 73 32
15 78 43
15 79 94
15 81 71
15 82 82
15 84 12
15 86 97
15 91 38
15 92 50
15 93 29
15 94 75
15 98 2
16 20 4
16 21 15
16 23 67
16 26 31
16 27 29
16 31 56
16 32 22
16 33 51
16 39 48
16 45 14
16 46 46
16 47 29
16 48 2
16 50 53
16 51 73
16 52 21
16 53 47
16 56 59
16 58 81
16 59 5
16 61 18
16 62 1
16 63 69
16 64 46
16 68 9
16 74 58
16 78 30
16 81 10
16 82 8
16 83 5
16 87 16
16 89 96
16 90 67
16 93 60
16 94 64
16 96 84
17 18 50
17 19 6
17 22 89
17 25 58
17 28 76
17 35 26
17 36 55
17 37 6
17 38 73
17 39 39
17 42 20
17 43 97
17 44 68
17 45 18
17 49 3
17 50 65
17 51 35
17 53 42
17 56 53
17 57 75
17 60 38
17 61 87
17 72 53
17 76 6
17 77 80
17 78 87
17 89 75
17 91 65
17 94 96
17 95 41
18 24 38
18 25 84
18 26 91
18 29 17
18 30 63
18 31 27
18 33 30
18 35 66
18 37 100
18 41 3
18 42 42
18 43 14
18 44 53
18 52 39
18 53 4
18 54 59
18 55 95
18 61 76
18 64 40
18 65 44
18 68 50
18 70 27
18 71 92
18 72 9
18 74 52
18 75 25
18 76 75
18 77 38
18 78 45
18 88 36
18 89 46
18 90 47
18 91 53
18 93 9
18 95 11
18 96 10
18 97 20
19 21 33
19 26 60
19 35 65
19 37 85
19 44 45
19 47 14
19 49 74
19 50 48
19 51 73
19 53 23
19 56 16
19 59 33
19 62 54
19 69 46
19 72 59
19 75 25
19 78 2
19 80 84
19 84 20
19 87 60
19 88 91
19 90 6
19 94 30
19 95 48
19 96 52
20 21 42
20 23 53
20 25 66
20 29 34
20 31 52
20 34 53
20 36 13
20 38 22
20 39 65
20 44 49
20 45 82
20 47 72
20 48 56
20 49 43
20 55 10
20 56 44
20 57 45
20 64 24
20 67 5
20 70 21
20 74 38
20 76 6
20 78 100
20 81 59
20 84 43
20 88 3
20 92 66
20 94 62
20 95 47
20 96 69
20 97 76
20 98 29
20 99 70
20 100 45
21 23 90
21 26 80
21 28 87
21 30 22
21 38 3
21 40 12
21 45 7
21 47 63
21 48 28
21 50 55
21 52 95
21 54 24
21 55 48
21 57 57
21 64 32
21 65 94
21 66 7
21 67 33
21 68 4
21 71 38
21 72 17
21 74 98
21 75 79
21 76 93
21 79 47
21 80 60
21 82 25
21 87 10
21 88 92
21 95 7
21 96 39
21 99 9
22 23 34
22 25 88
22 26 2
22 28 92
22 29 46
22 30 53
22 35 47
22 38 82
22 39 55
22 41 44
22 43 49
22 44 57
22 45 31
22 50 42
22 51 22
22 52 39
22 55 92
22 59 99
22 61 76
22 64 57
22 66 20
22 69 13
22 71 45
22 72 72
22 73 9
22 76 57
22 83 18
22 87 96
22 89 15
22 91 100
22 92 13
22 93 10
22 99 66
23 24 84
23 30 88
23 33 22
23 35 92
23 38 82
23 40 42
23 41 3
23 45 30
23 47 74
23 48 43
23 49 88
23 51 95
23 52 88
23 54 27
23 56 48
23 58 97
23 63 58
23 67 22
23 69 84
23 71 14
23 72 82
23 78 99
23 82 25
23 83 85
23 84 29
23 87 85
23 90 19
23 92 33
23 93 50
23 95 67
23 99 62
23 100 9
24 28 66
24 31 44
24 33 37
24 34 67
24 38 54
24 41 47
24 44 83
24 47 41
24 48 30
24 50 25
24 53 42
24 55 5
24 62 70
24 63 11
24 64 41
24 70 90
24 71 19
24 73 42
24 74 67
24 78 39
24 80 55
24 83 78
24 84 69
24 85 75
24 86 74
24 88 58
24 89 33
24 90 1
24 91 52
24 99 57
25 29 33
25 30 92
25 38 61
25 44 92
25 45 40
25 47 91
25 50 67
25 51 85
25 56 30
25 58 68
25 59 96
25 63 57
25 64 72
25 65 96
25 67 87
25 68 48
25 74 17
25 77 85
25 78 57
25 80 98
25 81 21
25 86 39
25 87 85
25 93 92
25 97 89
25 98 53
25 99 22
26 27 45
26 31 60
26 32 59
26 37 94
26 38 84
26 40 8
26 41 83
26 47 60
26 52 93
26 55 66
26 57 16
26 58 3
26 60 34
26 64 83
26 68 38
26 72 60
26 75 7
26 77 19
26 79 2
26 82 93
26 84 56
26 88 8
26 90 69
26 94 16
26 97 82
27 28 97
27 29 97
27 31 49
27 33 17
27 36 66
27 42 38
27 45 63
27 46 83
27 48 97
27 51 29
27 52 99
27 53 75
27 54 73
27 55 4
27 58 20
27 62 53
27 63 51
27 65 19
27 75 52
27 77 5
27 82 55
27 84 76
27 85 56
27 86 45
27 88 81
27 89 18
27 91 92
27 92 72
27 93 57
27 95 84
27 97 94
27 98 98
28 32 45
28 34 91
28 41 67
28 42 19
28 46 96
28 48 74
28 49 5
28 50 17
28 55 69
28 56 25
28 58 74
28 60 92
28 62 35
28 66 59
28 67 61
28 70 100
28 71 64
28 76 49
28 80 75
28 81 83
28 85 69
28 95 12
28 96 61
28 97 94
28 99 43
28 100 62
29 30 25
29 31 6
29 32 15
29 33 23
29 36 58
29 38 100
29 39 86
29 42 80
29 45 49
29 46 95
29 52 10
29 56 57
29 57 2
29 60 34
29 63 21
29 64 7
29 67 19
29 72 22
29 74 44
29 75 45
29 76 38
29 77 59
29 79 66
29 80 70
29 85 61
29 88 46
29 93 26
29 95 92
29 97 47
30 32 29
30 34 39
30 40 17
30 46 23
30 50 79
30 51 88
30 53 31
30 59 13
30 65 68
30 69 77
30 72 15
30 73 94
30 87 47
30 88 50
30 90 97
30 91 51
30 92 76
30 93 69
30 96 64
30 97 2
30 99 9
31 33 34
31 34 19
31 39 56
31 40 52
31 45 69
31 46 34
31 51 1
31 53 31
31 54 87
31 55 81
31 58 48
31 60 13
31 62 61
31 64 36
31 68 8
31 70 100
31 71 99
31 72 15
31 73 2
31 76 40
31 87 20
31 93 56
31 94 55
31 96 83
31 97 54
31 98 80
31 99 94
32 36 58
32 40 100
32 42 18
32 45 87
32 46 77
32 48 22
32 49 26
32 51 52
32 52 25
32 53 90
32 60 77
32 61 88
32 62 73
32 64 78
32 67 10
32 68 20
32 69 18
32 70 39
32 71 39
32 75 72
32 76 86
32 77 41
32 78 41
32 79 62
32 80 43
32 84 14
32 85 30
32 86 59
32 90 47
32 91 57
32 92 7
32 93 3
32 94 19
32 96 39
32 97 16
33 40 15
33 44 11
33 45 47
33 48 88
33 56 12
33 57 82
33 58 50
33 61 5
33 62 44
33 65 18
33 69 63
33 71 73
33 72 2
33 74 99
33 75 66
33 90 73
33 92 75
33 99 66
34 37 66
34 39 29
34 43 64
34 47 84
34 48 31
34 49 57
34 54 3
34 60 94
34 61 54
34 63 61
34 66 69
34 68 91
34 75 75
34 81 94
34 82 52
34 84 37
34 85 2
34 88 35
34 91 5
34 98 16
34 99 83
34 100 28
35 40 81
35 41 37
35 42 23
35 44 74
35 47 44
35 49 89
35 54 13
35 56 77
35 58 47
35 63 80
35 64 93
35 65 42
35 66 39
35 71 72
35 73 82
35 75 43
35 77 2
35 79 48
35 85 52
35 87 92
35 88 95
35 89 15
35 92 32
35 95 10
35 99 38
36 40 40
36 42 48
36 43 55
36 45 18
36 47 17
36 49 22
36 50 23
36 54 32
36 60 17
36 64 69
36 68 20
36 70 64
36 73 20
36 77 1
36 81 11
36 83 17
36 84 73
36 85 54
36 90 41
36 91 17
36 92 87
36 96 28
36 100 59
37 39 61
37 41 89
37 47 83
37 48 20
37 54 2
37 55 19
37 56 28
37 57 32
37 58 39
37 59 29
37 60 82
37 61 34
37 62 75
37 63 96
37 65 58
37 70 26
37 73 28
37 75 58
37 79 54
37 82 35
37 86 34
37 87 15
37 89 44
37 90 87
37 91 91
37 95 67
37 96 5
37 97 60
37 98 77
37 100 33
38 39 89
38 40 32
38 44 5
38 45 69
38 46 36
38 49 72
38 50 75
38 52 52
38 54 45
38 55 29
38 62 100
38 65 89
38 66 44
38 67 98
38 72 18
38 74 25
38 75 16
38 76 30
38 82 12
38 92 45
38 94 38
38 96 100
38 98 32
38 100 62
39 40 95
39 41 35
39 43 56
39 44 84
39 47 28
39 48 77
39 51 3
39 52 25
39 54 48
39 55 35
39 66 52
39 71 14
39 74 24
39 75 75
39 82 79
39 83 29
39 84 26
39 85 45
39 86 76
39 91 87
39 98 2
40 42 83
40 50 7
40 51 61
40 56 38
40 57 40
40 59 85
40 60 35
40 61 3
40 74 51
40 75 10
40 76 92
40 77 67
40 78 15
40 79 2
40 80 37
40 81 24
40 85 21
40 86 25
40 87 34
40 91 62
40 96 61
41 42 4
41 43 34
41 47 24
41 48 18
41 50 98
41 53 20
41 54 27
41 55 26
41 60 11
41 62 64
41 63 83
41 67 98
41 74 28
41 75 100
41 76 80
41 79 49
41 83 22
41 88 4
41 90 25
41 94 35
41 95 62
41 97 69
41 100 50
42 43 6
42 44 13
42 45 3
42 47 58
42 48 30
42 50 2
42 56 53
42 58 51
42 59 2
42 62 68
42 65 93
42 68 99
42 69 77
42 74 97
42 79 21
42 80 10
42 87 31
42 88 19
42 91 78
42 94 76
42 96 22
42 97 30
43 44 44
43 45 82
43 47 72
43 48 42
43 50 65
43 56 15
43 57 58
43 59 20
43 60 94
43 62 35
43 63 55
43 66 20
43 72 60
43 75 41
43 77 68
43 78 50
43 87 62
43 89 69
43 93 2
44 46 68
44 49 88
44 51 81
44 56 22
44 57 46
44 59 94
44 60 55
44 62 52
44 63 82
44 65 44
44 66 33
44 67 33
44 69 25
44 70 20
44 73 56
44 74 50
44 75 76
44 76 99
44 77 93
44 81 53
44 82 65
44 84 95
44 89 37
44 91 6
44 92 10
44 93 17
44 98 68
44 99 11
44 100 25
45 47 60
45 48 19
45 50 61
45 51 56
45 54 73
45 55 27
45 61 83
45 64 20
45 65 18
45 67 40
45 78 55
45 79 3
45 80 93
45 81 80
45 84 83
45 85 54
45 88 34
45 89 50
45 95 79
45 97 64
46 49 44
46 51 15
46 52 97
46 53 35
46 56 34
46 57 100
46 60 52
46 64 51
46 66 10
46 67 96
46 68 74
46 69 89
46 71 99
46 74 8
46 78 12
46 81 45
46 85 78
46 90 49
46 93 41
46 94 98
46 96 69
46 99 51
47 59 53
47 60 13
47 62 60
47 63 93
47 65 55
47 70 14
47 77 36
47 84 18
47 85 38
47 89 43
47 90 58
47 92 58
47 96 29
47 97 50
48 51 98
48 52 75
48 54 45
48 58 90
48 59 22
48 60 32
48 61 41
48 62 69
48 63 79
48 64 23
48 67 27
48 69 9
48 71 27
48 75 12
48 77 83
48 78 100
48 83 69
48 84 31
48 95 39
48 96 39
48 100 52
49 50 57
49 52 100
49 53 24
49 60 34
49 64 29
49 67 50
49 71 9
49 72 9
49 76 31
49 80 15
49 82 57
49 83 3
49 86 27
49 87 29
49 90 17
49 97 9
49 99 51
49 100 23
50 52 24
50 54 2
50 63 91
50 64 9
50 71 78
50 72 42
50 75 67
50 76 23
50 77 97
50 80 45
50 87 31
50 89 32
50 97 83
50 98 15
50 100 47
51 52 43
51 55 97
51 56 7
51 58 46
51 64 53
51 65 75
51 66 51
51 68 28
51 70 26
51 75 59
51 76 87
51 79 58
51 81 73
51 82 46
51 83 40
51 84 51
51 86 89
51 87 17
51 89 35
51 91 22
51 95 33
51 96 11
51 98 36
52 54 17
52 55 1
52 56 96
52 57 33
52 61 87
52 64 32
52 74 45
52 75 59
52 78 1
52 80 30
52 83 29
52 84 46
52 85 67
52 86 95
52 87 42
52 89 68
52 96 16
53 57 83
53 62 9
53 64 64
53 69 82
53 72 6
53 73 19
53 76 52
53 77 12
53 79 53
53 80 82
53 81 31
53 83 77
53 84 6
53 86 26
53 87 45
53 88 54
53 90 92
53 91 46
53 93 76
53 95 78
53 96 8
53 98 78
53 99 49
54 55 14
54 57 59
54 66 24
54 68 97
54 73 23
54 74 16
54 76 81
54 77 13
54 80 7
54 82 5
54 86 19
54 88 66
54 92 57
54 93 6
54 95 4
54 98 83
54 99 52
55 56 63
55 63 83
55 64 20
55 65 86
55 66 16
55 67 82
55 68 32
55 73 53
55 74 31
55 75 22
55 76 56
55 79 95
55 82 88
55 84 84
55 86 99
55 87 13
55 89 60
55 90 25
55 93 80
55 94 45
55 97 4
55 99 2
56 61 39
56 63 48
56 64 87
56 65 95
56 66 54
56 67 55
56 70 94
56 71 76
56 72 74
56 75 93
56 80 82
56 85 5
56 86 66
56 89 55
56 93 33
56 96 78
56 98 26
56 100 96
57 61 63
57 63 75
57 64 46
57 66 55
57 67 13
57 70 54
57 72 79
57 73 41
57 75 11
57 77 71
57 80 16
57 85 66
57 89 58
57 94 46
57 100 43
58 59 93
58 62 73
58 67 82
58 75 43
58 78 28
58 79 35
58 83 4
58 87 3
58 96 68
59 62 42
59 63 67
59 65 50
59 66 94
59 69 4
59 70 75
59 73 7
59 75 92
59 78 64
59 79 67
59 81 10
59 82 40
59 89 87
59 90 69
59 92 58
59 97 63
59 98 83
59 100 48
60 65 66
60 66 54
60 68 4
60 74 30
60 75 21
60 78 58
60 79 79
60 83 96
60 84 61
60 85 24
60 86 95
60 92 57
60 96 23
60 97 29
60 98 25
60 99 9
61 62 45
61 64 5
61 65 13
61 67 80
61 70 69
61 74 48
61 77 32
61 79 60
61 80 88
61 82 60
61 86 9
61 89 22
61 91 6
61 92 24
61 93 23
61 98 53
62 63 32
62 64 32
62 67 87
62 71 6
62 82 45
62 83 52
62 84 65
62 85 19
62 90 29
62 94 40
62 95 99
62 96 90
62 98 81
63 64 92
63 69 79
63 71 28
63 77 92
63 79 44
63 80 78
63 85 11
63 90 63
63 91 94
63 92 73
63 94 23
63 95 69
63 97 15
63 98 41
64 72 35
64 74 49
64 76 98
64 77 97
64 81 61
64 83 32
64 85 10
64 88 38
64 90 53
65 67 22
65 68 97
65 69 1
65 73 15
65 74 47
65 76 10
65 78 67
65 80 53
65 83 87
65 86 79
65 92 88
65 93 26
65 94 84
65 95 53
65 99 36
66 73 12
66 77 86
66 79 40
66 81 39
66 84 16
66 86 14
66 88 53
66 89 82
66 90 58
66 94 68
66 95 79
66 96 10
66 99 11
67 72 24
67 78 88
67 81 73
67 82 45
67 83 54
67 84 46
67 88 93
67 89 3
67 92 9
67 94 21
67 98 14
67 100 55
68 69 41
68 71 64
68 75 6
68 76 76
68 77 38
68 78 77
68 80 100
68 86 49
68 89 26
68 90 66
68 93 89
68 94 34
68 96 97
68 97 92
68 98 85
68 100 73
69 73 4
69 77 59
69 78 100
69 82 87
69 83 4
69 84 51
69 85 50
69 90 64
69 91 54
69 92 3
69 95 7
69 96 70
69 98 71
70 74 96
70 75 66
70 76 90
70 79 16
70 81 43
70 82 42
70 84 77
70 85 77
70 90 77
70 93 17
70 94 42
70 95 46
70 97 24
70 99 29
70 100 19
71 73 45
71 75 30
71 76 89
71 78 99
71 79 23
71 83 96
71 86 62
71 94 76
71 96 93
71 97 97
71 99 62
71 100 20
72 73 88
72 74 53
72 76 39
72 77 68
72 78 88
72 81 63
72 84 2
72 86 17
72 87 32
72 88 49
72 94 100
72 99 4
73 81 68
73 82 78
73 83 20
73 84 75
73 86 19
73 90 13
73 93 16
73 95 70
73 96 14
73 99 34
73 100 32
74 75 96
74 83 4
74 84 65
74 86 1
74 87 87
74 88 12
74 89 24
74 90 36
74 92 51
74 95 37
74 96 9
74 98 29
74 99 40
74 100 100
75 76 21
75 77 54
75 78 34
75 79 9
75 82 88
75 86 88
75 87 86
75 89 94
75 92 9
75 94 81
75 99 44
76 80 20
76 81 64
76 92 12
76 95 4
76 98 54
76 100 20
77 78 71
77 83 19
77 85 77
77 86 96
77 87 14
77 89 68
77 92 7
77 93 38
77 96 31
77 98 17
78 80 54
78 82 87
78 83 68
78 84 44
78 85 88
78 87 41
78 99 4
78 100 17
79 84 83
79 86 54
79 89 22
79 94 80
79 96 3
79 97 85
79 100 58
80 82 23
80 85 63
80 87 79
80 89 35
80 94 21
80 95 80
80 97 28
80 99 10
81 84 28
81 86 23
81 90 56
81 91 1
81 94 50
81 96 36
81 97 70
81 98 39
82 83 59
82 87 31
82 91 80
82 93 32
82 94 56
82 95 94
82 98 8
82 99 95
83 85 94
83 86 82
83 95 77
83 98 37
83 99 90
83 100 45
84 86 6
84 91 77
84 93 27
84 95 3
84 97 72
84 98 23
84 100 43
85 86 53
85 88 26
85 89 73
85 90 57
85 93 29
85 94 11
85 96 58
85 100 59
86 88 78
86 89 84
86 90 44
86 93 53
86 97 83
86 98 10
86 100 89
87 88 100
87 91 88
87 92 48
87 98 49
87 100 35
88 90 9
88 93 10
88 94 38
88 96 73
88 99 26
89 90 88
89 91 69
89 96 78
89 100 66
90 98 79
90 99 21
91 92 27
91 96 38
92 96 79
92 99 4
93 94 57
93 95 64
93 96 40
93 99 67
93 100 44
94 95 19
95 97 31
95 98 75
96 97 64
97 98 39
97 99 84
98 100 8
99 100 83
1 4 68
1 11 35
1 13 35
1 16 97
1 18 51
1 21 14
1 22 83
1 25 97
1 27 65
1 29 90
1 34 22
1 37 81
1 39 25
1 42 95
1 43 4
1 45 2
1 46 33
1 51 10
1 52 36
1 54 1
1 57 62
1 58 50
1 61 56
1 66 85
1 67 14
1 68 83
1 69 63
1 72 33
1 74 90
1 75 34
1 77 96
1 88 76
1 90 36
1 94 86
1 96 72
1 97 35
1 99 73
2 8 60
2 10 1
2 14 53
2 16 94
2 20 24
2 23 44
2 28 40
2 30 60
2 32 69
2 33 56
2 34 74
2 36 35
2 37 17
2 38 93
2 41 23
2 45 89
2 47 13
2 49 89
2 50 19
2 51 11
2 52 52
2 53 84
2 55 75
2 59 93
2 62 82
2 63 25
2 64 37
2 65 14
2 70 53
2 73 3
2 74 38
2 76 14
2 79 90
2 81 61
2 82 74
2 83 59
2 96 9
2 97 58
2 98 5
3 5 65
3 7 73
3 9 83
3 14 88
3 16 39
3 17 82
3 18 48
3 21 53
3 22 84
3 23 53
3 26 51
3 27 34
3 28 4
3 31 44
3 32 97
3 33 31
3 35 97
3 36 66
3 39 31
3 43 54
3 44 72
3 50 9
3 51 24
3 55 35
3 60 4
3 62 79
3 63 85
3 65 75
3 67 9
3 68 42
3 69 64
3 71 14
3 73 11
3 74 32
3 78 70
3 79 12
3 83 5
3 86 90
3 87 1
3 91 98
3 98 67
4 5 65
4 6 82
4 7 6
4 10 98
4 16 8
4 17 55
4 20 85
4 21 57
4 22 81
4 26 98
4 27 2
4 35 31
4 36 50
4 38 58
4 41 33
4 44 58
4 45 63
4 51 45
4 55 24
4 57 67
4 59 40
4 62 15
4 63 43
4 64 24
4 66 27
4 67 61
4 69 9
4 70 35
4 73 48
4 78 42
4 83 70
4 84 76
4 86 74
4 88 37
4 90 19
4 92 43
4 97 6
4 100 7
5 7 49
5 8 16
5 11 76
5 13 1
5 15 79
5 16 84
5 17 48
5 18 89
5 21 33
5 22 53
5 25 59
5 27 94
5 30 87
5 31 58
5 34 97
5 35 58
5 41 65
5 44 33
5 48 9
5 53 41
5 54 44
5 57 7
5 58 4
5 61 2
5 63 6
5 67 32
5 68 60
5 69 80
5 74 17
5 75 28
5 76 56
5 78 42
5 80 75
5 84 48
5 85 66
5 88 21
5 96 20
5 98 38
5 99 18
6 7 16
6 12 16
6 17 43
6 19 94
6 20 29
6 22 46
6 23 89
6 24 61
6 27 54
6 29 95
6 30 87
6 31 91
6 32 75
6 35 17
6 37 33
6 38 17
6 39 97
6 40 78
6 42 81
6 44 22
6 45 85
6 46 49
6 47 93
6 48 47
6 50 21
6 51 86
6 54 12
6 57 99
6 59 42
6 61 52
6 62 6
6 67 78
6 68 32
6 73 73
6 74 47
6 79 29
6 82 7
6 83 71
6 84 91
6 86 22
6 94 18
6 95 62
6 97 38
7 9 15
7 10 89
7 12 42
7 14 59
7 15 77
7 17 7
7 20 51
7 25 51
7 30 10
7 31 63
7 32 96
7 39 43
7 42 55
7 43 78
7 44 33
7 59 21
7 66 27
7 67 54
7 69 50
7 72 52
7 79 15
7 80 73
7 85 12
7 87 55
7 88 37
7 89 48
7 91 99
7 93 57
7 94 84
7 97 63
7 98 54
8 9 50
8 13 49
8 15 88
8 17 95
8 19 39
8 23 65
8 25 41
8 29 33
8 31 91
8 32 75
8 34 23
8 38 13
8 39 74
8 41 16
8 42 26
8 44 40
8 49 43
8 50 76
8 52 33
8 53 71
8 54 57
8 55 38
8 59 10
8 62 5
8 63 98
8 64 95
8 65 69
8 68 37
8 73 42
8 74 85
8 76 92
8 79 47
8 80 42
8 81 61
8 83 12
8 86 18
8 87 24
8 88 22
8 95 31
8 98 35
9 11 77
9 13 60
9 14 14
9 21 42
9 24 72
9 25 39
9 27 83
9 34 77
9 40 30
9 42 47
9 45 48
9 47 93
9 49 91
9 51 26
9 52 5
9 56 70
9 57 22
9 61 75
9 64 73
9 67 45
9 68 73
9 69 73
9 71 27
9 72 79
9 75 35
9 76 24
9 77 72
9 80 20
9 82 12
9 84 43
9 85 49
9 86 58
9 87 50
9 88 43
9 90 74
9 92 4
9 93 72
9 97 41
9 99 31
10 11 45
10 12 41
10 15 21
10 22 67
10 25 13
10 26 28
10 28 86
10 29 53
10 31 30
10 34 97
10 36 20
10 42 18
10 45 16
10 46 76
10 48 19
10 49 49
10 51 45
10 56 82
10 59 64
10 64 13
10 65 16
10 72 78
10 74 81
10 75 52
10 78 1
10 79 4
10 80 6
10 83 100
10 85 50
10 86 37
10 87 43
10 90 52
10 91 61
10 96 97
10 98 20
10 99 52
10 100 86
11 12 43
11 15 49
11 17 67
11 25 17
11 31 44
11 33 3
11 36 80
11 39 83
11 40 91
11 41 58
11 42 23
11 46 98
11 50 4
11 52 89
11 53 15
11 54 21
11 55 79
11 57 95
11 58 13
11 66 91
11 67 23
11 68 74
11 69 44
11 75 52
11 76 37
11 77 96
11 80 86
11 82 93
11 84 5
11 88 66
11 90 88
11 92 28
11 95 54
11 97 32
11 100 89
12 13 1
12 14 86
12 16 42
12 19 8
12 22 42
12 28 49
12 38 31
12 39 33
12 41 72
12 45 55
12 46 28
12 48 7
12 49 98
12 52 26
12 56 90
12 60 82
12 64 59
12 69 30
12 71 49
12 73 48
12 80 5
12 83 65
12 85 66
12 88 62
12 90 70
12 96 30
12 98 93
13 14 41
13 15 41
13 18 20
13 19 39
13 23 40
13 24 83
13 25 9
13 28 90
13 30 85
13 33 39
13 38 33
13 41 44
13 42 14
13 44 82
13 47 12
13 52 10
13 54 32
13 55 58
13 56 100
13 61 20
13 62 4
13 64 6
13 66 7
13 69 44
13 70 23
13 76 17
13 79 16
13 91 59
13 95 38
13 96 50
13 98 56
14 16 61
14 17 67
14 20 78
14 22 32
14 23 70
14 26 67
14 32 91
14 38 77
14 40 63
14 42 71
14 47 11
14 51 19
14 53 25
14 54 13
14 56 93
14 59 2
14 62 44
14 66 74
14 68 89
14 72 50
14 74 13
14 75 27
14 76 37
14 77 58
14 78 57
14 80 24
14 83 18
14 87 81
14 88 41
14 91 40
14 98 48
15 18 47
15 20 68
15 22 7
15 23 85
15 24 12
15 25 29
15 31 3
15 32 96
15 33 77
15 34 58
15 37 74
15 39 79
15 42 3
15 49 5
15 50 30
15 51 65
15 52 92
15 54 97
15 61 22
15 63 57
15 66 71
15 68 54
15 74 39
15 75 80
15 76 17
15 77 90
15 78 83
15 81 45
15 87 99
15 90 97
15 91 92
15 94 30
15 95 68
15 99 2
15 100 24
16 18 74
16 19 81
16 21 69
16 22 17
16 30 51
16 35 67
16 41 60
16 43 92
16 44 7
16 51 51
16 53 1
16 56 48
16 57 1
16 58 32
16 63 4
16 66 49
16 68 57
16 69 45
16 70 49
16 72 89
16 77 31
16 79 81
16 80 61
16 81 27
16 84 95
16 86 62
16 89 34
16 91 2
16 92 61
16 96 73
16 98 13
17 21 82
17 24 41
17 25 52
17 26 59
17 29 78
17 32 15
17 38 73
17 40 2
17 41 24
17 43 47
17 45 35
17 46 51
17 47 71
17 51 68
17 54 35
17 56 70
17 58 42
17 62 28
17 65 35
17 68 100
17 76 27
17 77 73
17 78 67
17 79 92
17 83 10
17 85 77
17 86 26
17 92 47
17 94 82
17 96 66
18 20 52
18 25 5
18 27 73
18 28 15
18 29 86
18 30 46
18 36 83
18 40 18
18 42 24
18 44 59
18 45 57
18 48 3
18 50 72
18 51 72
18 53 51
18 55 80
18 57 63
18 59 3
18 61 70
18 62 76
18 65 40
18 66 86
18 72 30
18 76 74
18 77 31
18 78 82
18 80 13
18 83 53
18 85 60
18 94 53
18 99 19
19 21 26
19 25 77
19 29 12
19 30 75
19 31 81
19 32 64
19 37 13
19 40 74
19 43 15
19 45 62
19 47 59
19 58 99
19 59 85
19 62 92
19 63 32
19 64 93
19 65 19
19 66 5
19 69 95
19 70 44
19 71 90
19 73 84
19 74 56
19 75 18
19 76 13
19 79 86
19 80 19
19 82 95
19 83 49
19 85 44
19 87 5
19 92 88
19 96 46
19 99 73
19 100 10
20 23 59
20 27 67
20 30 69
20 32 82
20 33 90
20 34 78
20 40 77
20 44 85
20 45 80
20 47 42
20 48 4
20 51 13
20 52 46
20 56 38
20 58 47
20 59 24
20 66 36
20 69 44
20 70 83
20 75 80
20 77 7
20 79 90
20 82 86
20 83 6
20 86 16
20 87 52
20 90 53
20 94 69
20 96 40
21 25 81
21 32 6
21 33 30
21 37 64
21 41 100
21 42 5
21 62 42
21 65 22
21 66 93
21 67 36
21 68 13
21 70 49
21 74 75
21 77 57
21 79 87
21 80 82
21 81 20
21 88 65
21 89 37
21 94 13
21 95 41
21 97 54
21 99 25
21 100 1
22 24 4
22 29 57
22 30 94
22 31 96
22 34 65
22 38 50
22 40 81
22 47 70
22 48 87
22 49 21
22 51 18
22 54 51
22 56 99
22 61 71
22 63 87
22 65 31
22 69 30
22 71 54
22 74 84
22 76 26
22 77 71
22 82 91
22 83 11
22 84 74
22 85 10
22 88 65
22 96 42
23 26 42
23 27 91
23 31 11
23 32 67
23 37 30
23 40 32
23 41 55
23 43 14
23 44 20
23 45 16
23 52 19
23 53 57
23 54 71
23 57 4
23 58 46
23 61 44
23 68 37
23 72 11
23 79 93
23 83 55
23 84 23
23 86 23
23 88 30
23 95 43
23 96 34
23 99 52
24 29 24
24 30 99
24 33 82
24 35 95
24 38 75
24 40 47
24 43 8
24 51 95
24 56 31
24 57 69
24 58 14
24 59 1
24 61 90
24 62 92
24 64 28
24 66 93
24 68 73
24 71 74
24 73 76
24 77 17
24 79 35
24 80 44
24 81 34
24 82 24
24 83 47
24 84 54
24 85 40
24 88 65
24 93 51
24 94 21
24 98 80
25 26 1
25 29 42
25 32 72
25 37 73
25 39 77
25 44 46
25 45 67
25 46 28
25 49 21
25 50 16
25 56 21
25 60 16
25 61 15
25 64 98
25 66 86
25 67 84
25 68 25
25 69 23
25 70 76
25 71 97
25 73 93
25 77 72
25 80 40
25 81 4
25 82 67
25 87 45
25 89 17
25 90 22
25 91 14
25 93 31
25 97 76
26 27 79
26 31 15
26 32 59
26 34 44
26 35 15
26 37 21
26 38 63
26 42 43
26 46 89
26 49 41
26 55 49
26 56 95
26 57 55
26 62 92
26 63 46
26 68 5
26 70 73
26 72 17
26 75 22
26 81 91
26 82 79
26 86 11
26 87 28
26 88 36
26 91 25
26 92 5
26 94 80
26 97 52
26 98 19
27 28 23
27 29 6
27 31 92
27 32 58
27 33 14
27 37 78
27 40 81
27 41 46
27 42 35
27 43 66
27 47 31
27 48 46
27 54 68
27 59 88
27 60 17
27 61 77
27 62 81
27 63 79
27 67 26
27 68 28
27 69 48
27 72 87
27 77 57
27 84 15
27 85 93
27 86 4
27 87 11
27 89 22
27 92 52
27 95 17
27 99 36
27 100 17
28 29 66
28 30 14
28 31 17
28 34 1
28 35 78
28 36 12
28 39 69
28 40 56
28 42 41
28 44 21
28 45 76
28 47 71
28 51 55
28 58 40
28 60 79
28 61 99
28 63 75
28 64 77
28 66 99
28 69 14
28 70 55
28 74 31
28 76 12
28 77 79
28 79 30
28 80 94
28 81 81
28 85 19
28 88 23
28 90 7
28 92 14
28 93 45
28 94 65
28 100 46
29 30 37
29 32 68
29 33 60
29 34 55
29 36 82
29 37 2
29 38 10
29 41 26
29 42 37
29 45 53
29 46 51
29 47 5
29 48 73
29 50 26
29 51 52
29 53 48
29 57 100
29 62 35
29 65 16
29 66 21
29 67 68
29 70 71
29 72 67
29 74 60
29 75 90
29 77 56
29 81 14
29 83 82
29 84 30
29 90 26
29 91 45
29 94 73
29 97 39
29 98 10
30 32 27
30 33 33
30 35 51
30 37 4
30 38 92
30 39 50
30 41 73
30 42 66
30 43 97
30 46 75
30 48 29
30 53 72
30 55 92
30 57 20
30 58 37
30 59 10
30 61 48
30 63 38
30 64 1
30 68 54
30 70 5
30 72 74
30 73 25
30 74 76
30 78 31
30 79 69
30 80 2
30 83 68
30 86 19
30 87 87
30 90 67
30 98 38
30 99 55
31 37 98
31 38 21
31 42 96
31 43 61
31 44 49
31 45 84
31 48 52
31 50 32
31 51 90
31 52 7
31 54 27
31 57 41
31 60 87
31 62 5
31 65 56
31 71 39
31 79 84
31 83 80
31 85 24
31 87 10
31 90 74
31 92 44
31 100 23
32 33 51
32 36 48
32 39 73
32 47 5
32 49 81
32 50 32
32 51 60
32 53 88
32 55 36
32 61 10
32 65 100
32 66 54
32 71 42
32 77 35
32 78 8
32 80 74
32 83 97
32 85 79
32 86 56
32 91 48
32 94 100
32 98 31
33 34 6
33 42 2
33 49 14
33 51 67
33 54 85
33 56 2
33 58 39
33 64 91
33 69 21
33 71 65
33 72 59
33 76 86
33 79 17
33 82 60
33 84 67
33 88 50
33 89 39
33 90 50
33 96 90
33 98 86
33 99 8
33 100 92
34 36 95
34 37 86
34 39 20
34 40 15
34 45 99
34 49 54
34 52 37
34 53 33
34 54 42
34 58 71
34 59 97
34 61 38
34 64 52
34 66 27
34 67 14
34 69 97
34 74 39
34 75 6
34 76 9
34 83 69
34 84 13
34 85 64
34 87 60
34 91 84
34 98 26
34 99 46
34 100 38
35 38 64
35 40 49
35 42 98
35 46 64
35 49 42
35 62 100
35 64 11
35 65 88
35 67 48
35 68 27
35 76 89
35 77 44
35 79 35
35 82 17
35 85 54
35 87 1
35 90 18
35 91 72
35 93 92
36 39 12
36 42 36
36 44 61
36 49 29
36 53 89
36 57 77
36 60 55
36 61 92
36 62 17
36 66 10
36 70 15
36 71 95
36 77 99
36 80 7
36 87 25
36 89 73
36 90 22
36 92 46
36 94 38
36 100 31
37 39 55
37 43 33
37 47 90
37 48 97
37 49 98
37 51 65
37 58 32
37 61 8
37 66 68
37 69 81
37 70 58
37 71 7
37 78 91
37 81 16
37 83 34
37 84 43
37 85 64
37 86 19
37 90 39
37 92 25
37 94 81
37 95 88
37 98 19
37 100 99
38 40 32
38 41 67
38 43 91
38 46 57
38 47 81
38 51 36
38 52 52
38 53 15
38 55 39
38 58 63
38 64 41
38 68 1
38 73 71
38 74 87
38 76 14
38 77 93
38 82 60
38 87 43
38 90 8
38 91 28
38 92 64
38 93 73
38 97 19
38 98 97
38 100 80
39 43 69
39 44 53
39 45 36
39 46 15
39 47 31
39 49 67
39 52 51
39 57 50
39 58 5
39 59 7
39 60 15
39 66 85
39 68 44
39 69 15
39 70 14
39 72 62
39 73 41
39 77 34
39 78 68
39 81 34
39 87 88
39 90 87
39 91 84
39 93 15
39 95 25
39 96 19
39 97 25
39 99 81
39 100 14
40 42 92
40 43 66
40 49 77
40 52 15
40 57 81
40 60 77
40 61 45
40 62 35
40 64 16
40 65 96
40 71 21
40 72 65
40 73 56
40 79 25
40 80 49
40 81 64
40 84 22
40 92 94
40 94 77
40 97 13
40 98 57
40 99 38
41 43 54
41 44 37
41 46 36
41 47 98
41 49 81
41 53 50
41 54 86
41 57 35
41 62 47
41 64 28
41 65 85
41 71 97
41 74 44
41 76 84
41 84 87
41 88 55
41 93 20
41 96 31
41 98 19
41 100 78
42 44 33
42 46 93
42 49 94
42 50 51
42 51 80
42 52 39
42 55 62
42 56 69
42 66 32
42 67 97
42 74 76
42 77 83
42 78 27
42 79 54
42 83 47
42 84 20
42 93 81
42 96 14
42 99 100
43 45 57
43 48 82
43 54 8
43 57 48
43 61 46
43 62 3
43 63 52
43 66 5
43 67 5
43 69 33
43 71 34
43 73 33
43 76 25
43 77 51
43 82 32
43 83 16
43 85 42
43 86 50
43 89 11
43 92 3
43 93 84
43 94 31
43 95 44
43 96 98
43 97 4
43 100 57
44 45 44
44 46 37
44 48 8
44 51 66
44 56 49
44 58 85
44 61 50
44 64 22
44 66 11
44 74 60
44 75 35
44 77 93
44 80 1
44 82 61
44 88 40
44 91 20
44 92 54
44 93 7
44 94 33
45 47 33
45 48 3
45 64 41
45 66 44
45 69 12
45 70 11
45 72 50
45 76 13
45 77 19
45 79 80
45 81 39
45 82 82
45 84 7
45 85 62
45 88 96
45 90 28
45 91 24
45 92 97
45 94 15
45 95 51
45 96 55
45 97 91
45 98 27
45 100 86
46 49 66
46 50 64
46 53 76
46 59 41
46 60 1
46 65 74
46 69 33
46 70 58
46 73 32
46 82 49
46 83 73
46 84 33
46 85 78
46 86 61
46 87 97
46 89 2
46 90 49
46 93 24
46 95 51
47 50 51
47 51 15
47 56 14
47 57 75
47 58 72
47 59 37
47 67 76
47 68 54
47 69 93
47 70 46
47 73 77
47 76 46
47 80 31
47 82 56
47 84 90
47 86 45
47 88 7
47 90 41
47 91 54
47 94 83
47 95 39
47 98 46
47 99 98
48 51 53
48 52 21
48 53 63
48 55 84
48 63 68
48 67 64
48 71 17
48 73 100
48 74 25
48 76 24
48 77 22
48 78 67
48 81 10
48 85 34
48 86 71
48 88 38
48 89 48
48 90 39
48 91 21
48 94 26
48 95 69
48 99 19
48 100 92
49 51 20
49 52 23
49 53 61
49 61 1
49 67 15
49 69 12
49 70 51
49 76 73
49 78 71
49 81 40
49 85 6
49 87 89
49 90 41
49 91 77
49 93 7
49 96 40
49 97 30
49 100 22
50 54 34
50 55 97
50 56 67
50 57 39
50 62 87
50 65 51
50 66 19
50 67 36
50 68 84
50 71 33
50 72 66
50 75 23
50 76 59
50 77 29
50 80 7
50 82 13
50 83 86
50 84 40
50 87 39
50 88 51
50 92 58
50 95 74
50 97 96
50 99 72
50 100 17
51 53 34
51 54 82
51 55 1
51 60 87
51 63 80
51 65 48
51 66 59
51 67 100
51 69 20
51 70 41
51 74 26
51 78 27
51 82 57
51 85 1
51 87 52
51 96 29
51 97 53
51 99 31
51 100 7
52 54 99
52 57 87
52 58 85
52 61 95
52 62 71
52 66 1
52 69 60
52 78 22
52 80 8
52 81 93
52 84 12
52 87 12
52 90 24
52 92 7
52 96 90
52 98 30
53 54 90
53 55 17
53 57 39
53 59 38
53 62 99
53 66 6
53 69 87
53 71 4
53 75 17
53 77 43
53 80 16
53 85 18
53 87 17
53 88 56
53 89 76
53 90 10
53 92 50
53 96 74
53 99 93
53 100 53
54 55 81
54 61 83
54 64 22
54 67 80
54 68 72
54 71 59
54 74 54
54 76 28
54 78 95
54 79 65
54 80 28
54 88 35
54 95 2
54 96 43
54 98 58
55 56 48
55 57 53
55 58 39
55 60 88
55 61 31
55 62 80
55 68 38
55 72 17
55 73 55
55 76 34
55 81 88
55 82 86
55 83 18
55 84 68
55 85 13
55 86 47
55 87 74
55 89 86
55 92 60
55 97 40
55 98 46
56 59 92
56 60 97
56 62 19
56 63 37
56 66 18
56 76 74
56 78 35
56 80 39
56 88 42
56 90 58
56 94 79
56 95 99
56 98 60
57 58 89
57 59 63
57 61 59
57 63 70
57 67 69
57 72 63
57 73 70
57 74 10
57 76 24
57 77 95
57 79 26
57 80 23
57 86 16
57 87 32
57 89 66
57 90 89
57 98 25
58 61 52
58 65 65
58 68 8
58 71 38
58 72 3
58 76 37
58 77 29
58 79 69
58 87 59
58 88 8
58 89 19
58 94 99
58 95 12
58 99 64
58 100 94
59 65 45
59 68 93
59 74 59
59 78 25
59 80 71
59 86 7
59 91 70
59 92 10
59 93 59
59 94 54
59 96 34
60 61 100
60 63 22
60 64 97
60 67 50
60 73 98
60 75 3
60 76 82
60 78 81
60 85 64
60 87 9
60 88 94
60 91 38
60 95 7
60 98 67
61 66 30
61 68 47
61 71 24
61 75 84
61 77 16
61 78 68
61 81 73
61 83 21
61 86 6
61 87 50
61 90 84
61 92 99
61 93 3
61 94 20
61 96 34
61 97 100
61 98 55
62 63 30
62 64 71
62 72 32
62 73 19
62 75 89
62 78 90
62 83 39
62 84 40
62 86 84
62 88 75
62 89 96
62 90 90
62 93 33
62 100 54
63 64 23
63 66 32
63 67 78
63 68 93
63 70 56
63 72 57
63 76 50
63 82 50
63 83 37
63 85 15
63 86 60
63 91 74
63 93 56
63 95 39
63 99 46
63 100 26
64 66 83
64 67 2
64 68 66
64 74 51
64 75 88
64 76 45
64 78 19
64 82 63
64 87 27
64 94 48
65 66 18
65 75 82
65 78 33
65 79 77
65 85 25
65 88 48
65 96 36
65 100 6
66 68 57
66 70 3
66 72 66
66 73 36
66 74 45
66 76 57
66 77 95
66 78 56
66 79 79
66 80 46
66 85 35
66 89 46
66 91 13
66 93 36
66 94 61
66 95 93
66 100 43
67 70 25
67 71 57
67 72 15
67 76 58
67 78 58
67 81 34
67 82 57
67 87 86
67 90 69
67 91 21
67 92 61
67 95 69
67 96 55
67 100 7
68 69 49
68 73 75
68 74 42
68 77 8
68 81 88
68 85 86
68 87 58
68 97 10
68 100 85
69 72 13
69 74 81
69 78 95
69 79 30
69 82 74
69 90 88
69 91 4
69 93 27
69 100 44
70 71 36
70 72 35
70 77 20
70 78 7
70 79 97
70 83 60
70 84 11
70 90 61
70 92 76
70 100 33
71 72 100
71 77 55
71 78 20
71 79 7
71 83 88
71 85 52
71 87 89
71 92 68
71 93 16
71 100 80
72 73 78
72 76 22
72 80 94
72 82 16
72 83 64
72 84 52
72 86 9
72 89 100
72 90 5
72 94 52
72 97 61
72 99 79
73 74 44
73 76 64
73 79 83
73 82 62
73 83 96
73 85 84
73 86 13
73 87 70
73 94 97
73 95 79
73 96 56
73 98 69
73 100 71
74 75 31
74 77 68
74 79 13
74 80 29
74 81 74
74 82 32
74 84 87
74 85 67
74 87 100
74 88 68
74 89 21
74 90 79
74 91 98
74 93 36
74 99 21
74 100 36
75 81 23
75 83 58
75 84 96
75 94 81
75 95 88
75 96 52
75 98 78
76 78 44
76 82 43
76 83 14
76 84 55
76 92 73
76 99 6
77 78 40
77 82 67
77 86 3
77 87 67
77 88 50
77 89 42
77 93 21
77 96 81
77 97 57
77 99 41
78 82 52
78 84 16
78 85 27
78 89 49
78 94 82
78 95 97
78 98 2
79 81 39
79 83 66
79 86 30
79 87 73
79 91 88
79 93 21
79 95 24
79 98 20
80 81 99
80 90 86
80 92 33
80 94 7
80 95 86
80 96 64
80 97 68
80 98 84
80 100 36
81 82 44
81 83 94
81 88 48
81 91 82
81 92 6
81 94 61
81 95 14
81 98 12
82 85 1
82 93 70
82 94 90
82 95 78
82 98 91
83 85 14
83 87 59
83 89 12
83 93 45
83 99 49
84 88 45
84 90 7
84 91 100
84 93 64
84 94 82
84 96 49
84 97 44
84 100 63
85 87 75
85 89 48
85 90 96
85 94 85
85 95 84
85 96 92
85 98 5
86 88 34
86 90 88
86 94 88
86 97 72
86 98 83
86 99 51
87 88 28
87 89 48
87 91 95
87 93 61
87 94 19
87 97 53
87 98 62
88 89 87
88 96 76
88 97 40
88 99 13
88 100 36
89 90 42
89 91 50
89 95 6
89 98 26
90 91 21
90 93 90
90 98 68
90 100 33
91 93 69
91 95 57
91 96 74
91 97 44
92 93 8
92 94 9
92 97 22
92 98 54
92 99 26
93 94 98
93 99 29
94 95 70
94 97 45
94 98 60
95 98 93
96 99 72
97 100 65
1 4 38
1 5 69
1 14 89
1 17 18
1 18 59
1 20 6
1 22 96
1 23 35
1 24 43
1 26 99
1 27 10
1 29 4
1 31 55
1 35 95
1 37 55
1 38 61
1 39 70
1 40 42
1 42 28
1 45 47
1 47 7
1 48 18
1 49 43
1 51 81
1 54 9
1 60 99
1 61 92
1 68 96
1 69 49
1 71 1
1 74 71
1 79 4
1 84 31
1 85 7
1 89 91
1 92 88
1 93 95
1 95 2
1 96 85
1 99 48
1 100 15
2 3 11
2 5 56
2 9 23
2 10 89
2 13 63
2 15 14
2 16 54
2 19 65
2 20 64
2 24 20
2 25 92
2 26 61
2 27 62
2 28 83
2 30 100
2 31 80
2 32 89
2 33 30
2 34 90
2 36 76
2 37 2
2 44 57
2 46 7
2 51 72
2 53 79
2 55 20
2 56 5
2 58 83
2 60 24
2 62 57
2 63 57
2 67 41
2 69 61
2 72 7
2 73 23
2 74 17
2 77 67
2 78 43
2 79 33
2 80 96
2 83 1
2 84 14
2 86 18
2 92 43
2 93 74
2 94 41
2 98 1
3 4 89
3 5 33
3 12 14
3 15 80
3 16 47
3 20 4
3 22 31
3 29 30
3 30 72
3 34 100
3 38 2
3 45 27
3 49 40
3 51 8
3 52 50
3 58 90
3 60 89
3 61 64
3 62 61
3 71 49
3 72 56
3 74 86
3 75 39
3 78 47
3 79 55
3 83 37
3 85 75
3 90 26
3 91 90
3 94 71
3 95 63
3 98 67
4 5 38
4 6 28
4 7 47
4 8 55
4 12 9
4 21 79
4 24 10
4 27 59
4 28 63
4 33 43
4 34 2
4 35 75
4 36 45
4 38 2
4 40 6
4 47 99
4 49 16
4 51 73
4 52 90
4 53 11
4 61 35
4 62 72
4 63 25
4 66 35
4 71 6
4 72 89
4 73 83
4 75 26
4 76 85
4 81 52
4 85 34
4 86 67
4 88 31
4 90 75
4 92 53
4 94 65
5 7 11
5 11 73
5 13 100
5 15 38
5 18 76
5 31 67
5 32 88
5 36 73
5 41 61
5 43 4
5 49 91
5 51 6
5 52 98
5 58 99
5 61 2
5 62 7
5 71 12
5 72 38
5 78 65
5 81 57
5 82 26
5 83 32
5 87 94
5 90 72
5 100 5
6 14 18
6 20 11
6 21 57
6 24 20
6 25 31
6 26 88
6 27 11
6 28 47
6 30 84
6 34 18
6 37 80
6 38 93
6 39 95
6 48 49
6 52 78
6 54 82
6 55 46
6 56 98
6 57 67
6 62 91
6 66 93
6 68 66
6 70 46
6 71 64
6 75 9
6 76 88
6 79 92
6 82 3
6 83 62
6 89 10
6 90 44
6 93 22
6 94 26
6 100 13
7 20 87
7 21 2
7 23 16
7 29 93
7 32 8
7 33 66
7 38 91
7 41 73
7 44 7
7 46 60
7 47 97
7 48 34
7 51 66
7 56 34
7 60 100
7 64 9
7 69 39
7 71 69
7 72 77
7 73 1
7 77 19
7 81 19
7 84 72
7 85 4
7 87 71
7 91 35
7 95 8
8 12 30
8 15 19
8 17 8
8 25 21
8 34 96
8 37 67
8 39 26
8 40 62
8 44 91
8 45 31
8 46 13
8 51 26
8 52 35
8 54 45
8 55 55
8 56 6
8 57 68
8 58 90
8 61 48
8 63 5
8 68 61
8 71 88
8 79 49
8 81 64
8 82 30
8 83 78
8 87 16
8 88 48
8 90 71
8 91 60
8 92 52
8 93 38
8 97 29
9 10 84
9 12 67
9 15 16
9 21 40
9 22 21
9 24 43
9 25 24
9 26 64
9 29 28
9 38 33
9 41 22
9 42 11
9 43 42
9 44 76
9 50 40
9 52 44
9 55 44
9 59 26
9 67 25
9 69 48
9 70 70
9 72 78
9 73 83
9 78 45
9 79 77
9 80 99
9 81 1
9 84 69
9 86 36
9 88 51
9 93 100
9 94 69
9 95 79
9 96 21
9 97 91
10 14 37
10 16 77
10 19 87
10 20 100
10 23 38
10 24 43
10 26 30
10 31 86
10 35 40
10 37 11
10 44 67
10 46 24
10 47 68
10 56 87
10 57 44
10 58 60
10 59 67
10 60 18
10 61 61
10 68 45
10 69 53
10 72 75
10 76 45
10 77 98
10 78 86
10 81 18
10 82 69
10 83 56
10 85 55
10 90 27
10 100 3
11 17 87
11 19 77
11 20 43
11 22 26
11 24 65
11 29 8
11 32 38
11 33 55
11 34 36
11 35 9
11 36 77
11 40 80
11 42 35
11 44 18
11 45 34
11 46 99
11 47 7
11 52 19
11 53 11
11 61 53
11 63 100
11 64 18
11 65 62
11 69 75
11 71 57
11 72 90
11 75 20
11 80 36
11 82 90
11 83 60
11 84 13
11 88 18
11 91 96
11 92 33
11 95 54
11 100 45
12 16 28
12 17 37
12 24 77
12 28 19
12 29 15
12 34 97
12 38 29
12 41 21
12 43 59
12 45 26
12 47 85
12 48 13
12 51 34
12 52 47
12 54 63
12 55 76
12 59 17
12 62 59
12 64 60
12 65 98
12 68 87
12 69 100
12 71 56
12 72 90
12 73 46
12 75 46
12 80 98
12 81 98
12 82 72
12 83 66
12 85 36
12 89 97
12 91 65
12 94 86
12 96 75
12 97 16
12 99 66
13 17 45
13 20 90
13 23 41
13 24 2
13 25 80
13 30 63
13 33 10
13 34 91
13 35 30
13 39 68
13 40 40
13 41 2
13 52 67
13 54 71
13 55 91
13 58 13
13 64 44
13 68 71
13 70 4
13 73 60
13 74 63
13 79 5
13 80 47
13 81 16
13 83 32
13 86 99
13 87 62
13 91 44
13 92 32
13 93 65
13 94 35
13 95 15
13 96 89
13 98 26
13 100 88
14 16 30
14 17 39
14 18 24
14 20 65
14 21 94
14 24 88
14 25 76
14 26 44
14 28 61
14 29 6
14 31 19
14 36 73
14 39 8
14 43 29
14 45 88
14 46 28
14 47 4
14 49 77
14 56 69
14 58 54
14 59 80
14 61 63
14 63 55
14 68 29
14 69 99
14 70 3
14 71 95
14 74 28
14 75 61
14 79 30
14 83 42
14 84 51
14 85 45
14 88 52
14 90 40
14 95 74
15 18 90
15 22 58
15 23 9
15 24 40
15 29 18
15 31 77
15 32 31
15 41 16
15 48 82
15 50 25
15 52 60
15 53 48
15 54 87
15 56 14
15 57 53
15 61 19
15 62 20
15 64 12
15 65 100
15 66 95
15 68 30
15 69 20
15 72 60
15 77 97
15 79 4
15 80 13
15 81 72
15 84 21
15 87 56
15 88 62
15 89 14
15 91 52
15 97 49
15 98 35
15 99 26
15 100 50
16 20 99
16 27 12
16 28 70
16 36 98
16 37 16
16 41 60
16 43 41
16 44 49
16 51 42
16 53 17
16 55 63
16 56 45
16 57 39
16 58 5
16 59 15
16 60 38
16 61 60
16 66 58
16 67 67
16 69 92
16 72 91
16 74 100
16 75 73
16 78 10
16 80 6
16 92 30
16 96 89
16 98 95
17 20 16
17 22 85
17 30 52
17 33 36
17 34 61
17 35 49
17 36 42
17 41 1
17 44 66
17 48 74
17 50 99
17 52 57
17 53 6
17 54 11
17 57 4
17 62 24
17 66 96
17 67 18
17 71 72
17 73 5
17 76 86
17 77 15
17 79 70
17 81 12
17 82 17
17 85 68
17 90 2
17 92 81
18 23 33
18 24 20
18 31 14
18 34 30
18 38 69
18 39 6
18 40 73
18 41 100
18 43 66
18 45 29
18 46 88
18 47 77
18 48 81
18 49 61
18 50 77
18 52 60
18 53 68
18 56 45
18 57 77
18 58 11
18 60 6
18 63 43
18 69 70
18 70 67
18 71 59
18 73 87
18 77 10
18 79 34
18 80 45
18 81 41
18 83 49
18 85 53
18 86 29
18 87 70
18 90 87
18 95 46
18 96 74
18 97 68
18 99 33
19 20 19
19 23 87
19 26 82
19 28 10
19 29 60
19 31 46
19 33 86
19 34 30
19 35 90
19 39 87
19 40 10
19 42 74
19 43 59
19 46 3
19 47 2
19 48 89
