100 4456 1
1 3 60
1 4 36
1 5 30
1 10 40
1 12 80
1 14 59
1 18 22
1 23 94
1 24 22
1 27 64
1 29 96
1 33 6
1 37 51
1 39 63
1 45 97
1 50 12
1 53 57
1 60 39
1 61 51
1 64 16
1 65 13
1 66 3
1 68 6
1 69 55
1 72 29
1 74 30
1 78 93
1 80 8
1 81 80
1 83 79
1 84 23
1 88 81
1 89 28
1 92 17
1 94 60
1 95 64
1 98 36
1 99 37
2 5 81
2 9 83
2 10 54
2 13 87
2 14 85
2 16 99
2 17 52
2 20 54
2 27 68
2 31 93
2 32 97
2 35 53
2 36 61
2 40 49
2 41 15
2 42 89
2 46 22
2 53 89
2 57 71
2 58 53
2 66 45
2 67 23
2 69 71
2 72 77
2 79 3
2 83 56
2 84 73
2 85 78
2 91 23
3 6 15
3 8 68
3 9 2
3 14 33
3 15 53
3 16 21
3 18 48
3 24 66
3 26 89
3 28 23
3 30 19
3 33 65
3 37 5
3 42 65
3 43 20
3 46 52
3 47 70
3 49 88
3 51 9
3 52 9
3 53 50
3 54 86
3 55 50
3 58 37
3 59 4
3 62 17
3 64 14
3 65 83
3 67 56
3 73 42
3 74 6
3 76 33
3 77 94
3 82 1
3 85 10
3 87 93
3 91 20
3 93 22
3 94 63
3 96 24
3 100 64
4 6 31
4 9 26
4 12 90
4 16 87
4 18 77
4 21 47
4 27 47
4 28 2
4 30 32
4 31 98
4 33 54
4 34 60
4 39 10
4 44 1
4 46 74
4 48 48
4 58 51
4 61 70
4 62 18
4 65 36
4 66 33
4 67 25
4 69 23
4 70 54
4 71 76
4 74 60
4 78 56
4 79 7
4 81 84
4 85 85
4 90 44
4 92 86
4 93 48
4 94 57
4 97 27
5 6 42
5 9 90
5 10 73
5 15 15
5 19 45
5 21 22
5 22 78
5 24 21
5 25 12
5 26 18
5 27 7
5 29 33
5 31 9
5 32 56
5 33 67
5 38 99
5 39 44
5 41 1
5 42 68
5 43 68
5 49 84
5 52 15
5 56 46
5 58 29
5 59 57
5 61 97
5 62 86
5 63 98
5 68 46
5 70 53
5 71 28
5 76 74
5 77 72
5 81 67
5 85 75
5 87 17
5 90 32
5 94 56
5 98 29
5 100 60
6 7 44
6 9 52
6 11 9
6 14 72
6 16 20
6 18 46
6 21 27
6 24 24
6 27 92
6 28 31
6 30 45
6 32 65
6 36 85
6 38 63
6 40 79
6 42 16
6 43 100
6 44 64
6 46 26
6 51 61
6 52 43
6 53 6
6 55 77
6 56 95
6 61 3
6 63 97
6 67 45
6 70 80
6 72 68
6 75 67
6 78 41
6 79 76
6 88 31
6 89 22
6 90 44
6 91 34
6 92 82
6 94 88
6 95 55
6 98 53
6 100 89
7 8 99
7 15 86
7 18 88
7 19 99
7 20 73
7 21 10
7 22 9
7 23 15
7 24 47
7 27 7
7 28 84
7 29 84
7 30 97
7 32 65
7 35 69
7 38 94
7 40 22
7 43 57
7 49 83
7 50 79
7 52 91
7 54 15
7 57 66
7 60 10
7 66 40
7 67 99
7 70 66
7 71 19
7 73 39
7 74 37
7 76 54
7 77 28
7 80 87
7 81 16
7 82 60
7 83 94
7 85 71
7 87 40
7 90 31
7 91 31
7 95 90
7 97 52
7 98 28
7 99 12
7 100 3
8 13 2
8 18 53
8 19 7
8 20 28
8 21 93
8 23 60
8 29 99
8 32 3
8 33 30
8 34 24
8 35 33
8 40 11
8 41 78
8 45 23
8 46 29
8 47 87
8 49 46
8 50 52
8 53 47
8 54 64
8 55 7
8 56 63
8 58 60
8 60 29
8 61 18
8 62 58
8 64 3
8 70 78
8 71 100
8 73 85
8 74 4
8 75 6
8 76 57
8 77 91
8 80 32
8 82 80
8 85 21
8 86 68
8 87 18
8 90 97
8 99 88
9 12 81
9 13 12
9 15 15
9 16 26
9 22 16
9 24 1
9 26 4
9 27 42
9 30 37
9 33 20
9 35 44
9 38 67
9 46 74
9 50 69
9 51 53
9 52 100
9 53 85
9 54 17
9 55 57
9 56 67
9 59 48
9 61 43
9 62 46
9 63 56
9 64 81
9 68 6
9 70 57
9 73 93
9 74 69
9 76 36
9 78 88
9 80 56
9 82 99
9 83 60
9 85 26
9 86 84
9 88 83
9 91 11
9 92 34
9 94 71
9 96 21
9 100 72
10 11 95
10 12 88
10 14 2
10 16 79
10 21 33
10 23 44
10 25 72
10 26 90
10 27 65
10 28 28
10 30 2
10 31 16
10 32 64
10 33 70
10 40 89
10 41 15
10 44 77
10 46 6
10 47 59
10 52 74
10 53 81
10 55 24
10 56 42
10 58 52
10 59 65
10 60 23
10 62 32
10 65 82
10 69 42
10 72 21
10 73 32
10 76 55
10 77 61
10 81 57
10 86 92
10 87 100
10 89 32
10 94 77
10 95 16
10 98 39
10 100 55
11 14 31
11 15 44
11 20 19
11 21 5
11 22 2
11 25 6
11 26 62
11 28 11
11 31 57
11 34 65
11 35 48
11 39 70
11 41 62
11 47 35
11 48 34
11 50 34
11 55 51
11 59 14
11 66 58
11 67 32
11 68 91
11 70 98
11 71 66
11 74 68
11 75 75
11 81 29
11 88 58
11 89 53
11 92 57
11 94 9
11 95 47
11 100 51
12 13 22
12 14 8
12 16 22
12 17 14
12 22 59
12 24 28
12 26 2
12 28 65
12 31 7
12 32 90
12 34 82
12 36 39
12 37 84
12 38 66
12 43 90
12 44 30
12 53 45
12 55 6
12 56 52
12 59 84
12 60 93
12 61 79
12 62 22
12 63 52
12 64 70
12 65 64
12 66 16
12 69 9
12 70 11
12 72 41
12 75 63
12 77 61
12 79 50
12 80 53
12 81 82
12 84 98
12 85 26
12 87 67
12 90 12
12 92 7
12 98 52
12 99 39
12 100 91
13 17 78
13 20 70
13 23 68
13 26 89
13 27 47
13 29 6
13 34 41
13 35 72
13 41 27
13 42 50
13 43 93
13 44 57
13 45 86
13 47 18
13 48 9
13 50 71
13 52 63
13 54 67
13 56 75
13 59 35
13 60 21
13 63 21
13 64 91
13 65 70
13 66 39
13 69 37
13 70 52
13 72 22
13 79 48
13 81 44
13 82 43
13 86 49
13 87 76
13 91 37
13 92 3
13 94 37
13 96 34
13 98 37
13 99 76
13 100 46
14 17 22
14 18 59
14 19 32
14 20 43
14 21 35
14 23 95
14 24 63
14 25 57
14 30 100
14 33 54
14 37 54
14 38 65
14 40 42
14 41 86
14 44 29
14 45 50
14 47 27
14 50 68
14 51 28
14 52 89
14 53 45
14 55 47
14 58 5
14 64 13
14 65 30
14 66 89
14 67 47
14 72 34
14 73 47
14 74 69
14 81 74
14 82 78
14 84 40
14 86 17
14 87 55
14 91 46
14 94 42
14 95 80
14 96 94
14 98 29
14 100 79
15 18 24
15 23 32
15 26 13
15 29 86
15 30 93
15 31 23
15 32 12
15 36 95
15 37 94
15 42 23
15 47 53
15 51 18
15 52 36
15 57 16
15 58 44
15 62 21
15 65 83
15 66 51
15 68 87
15 69 52
15 71 59
15 76 1
15 77 37
15 80 93
15 81 58
15 84 55
15 89 86
15 94 70
15 95 63
15 96 11
15 99 38
16 19 84
16 20 8
16 23 89
16 33 89
16 36 40
16 40 6
16 43 34
16 47 20
16 49 96
16 50 85
16 54 37
16 60 53
16 62 71
16 63 53
16 64 72
16 65 75
16 66 14
16 67 51
16 70 93
16 71 58
16 73 100
16 75 73
16 77 56
16 78 67
16 81 9
16 85 37
16 87 90
16 90 82
16 91 88
16 93 50
16 97 18
16 99 92
17 19 48
17 25 83
17 27 94
17 28 83
17 30 18
17 31 17
17 32 47
17 33 6
17 38 35
17 42 45
17 46 99
17 47 19
17 48 9
17 49 37
17 51 3
17 52 20
17 54 60
17 56 74
17 59 89
17 63 48
17 65 89
17 71 79
17 73 18
17 79 43
17 82 25
17 83 17
17 84 11
17 85 81
17 86 63
17 87 61
17 90 72
17 91 59
17 92 91
17 93 59
17 99 11
18 19 66
18 23 78
18 24 36
18 25 73
18 28 66
18 29 3
18 30 40
18 31 13
18 32 30
18 33 34
18 34 49
18 35 84
18 36 17
18 37 66
18 38 21
18 39 90
18 41 41
18 42 13
18 43 62
18 46 29
18 49 49
18 52 18
18 54 42
18 58 33
18 59 3
18 61 57
18 63 7
18 64 6
18 65 47
18 66 60
18 67 72
18 69 99
18 70 100
18 71 22
18 74 10
18 75 51
18 76 12
18 77 40
18 79 22
18 80 95
18 81 41
18 82 64
18 85 87
18 86 85
18 87 36
18 88 38
18 92 97
18 97 53
18 98 94
18 99 97
18 100 87
19 23 70
19 24 46
19 25 15
19 28 44
19 31 35
19 33 77
19 36 60
19 37 82
19 40 99
19 44 83
19 46 87
19 47 54
19 53 24
19 54 2
19 55 28
19 56 35
19 57 16
19 59 68
19 60 81
19 65 71
19 66 21
19 74 27
19 77 80
19 78 89
19 80 89
19 86 48
19 89 66
19 90 84
19 91 32
19 95 4
19 97 17
20 21 2
20 24 36
20 29 32
20 30 88
20 31 70
20 34 51
20 39 45
20 40 46
20 45 68
20 47 23
20 48 60
20 52 91
20 55 51
20 57 47
20 61 52
20 63 36
20 64 32
20 68 10
20 75 21
20 83 34
20 84 70
20 85 72
20 86 51
20 87 32
20 91 9
20 97 64
20 100 77
21 23 29
21 24 25
21 27 81
21 29 25
21 31 30
21 32 2
21 36 83
21 42 34
21 46 45
21 48 99
21 54 88
21 62 6
21 63 39
21 66 90
21 67 80
21 69 77
21 73 81
21 74 41
21 75 76
21 76 50
21 82 22
21 84 81
21 86 38
21 87 45
21 89 81
21 92 18
21 98 85
21 99 76
22 24 67
22 25 35
22 26 23
22 37 88
22 38 47
22 40 87
22 43 30
22 44 68
22 50 7
22 56 14
22 60 38
22 62 71
22 63 18
22 64 97
22 65 60
22 67 61
22 70 82
22 72 64
22 77 12
22 81 94
22 82 62
22 83 76
22 85 20
22 87 84
22 90 13
22 92 5
22 96 71
23 27 75
23 36 78
23 41 17
23 42 31
23 49 26
23 51 64
23 52 63
23 55 39
23 56 28
23 59 48
23 61 91
23 67 47
23 68 33
23 69 42
23 70 34
23 74 71
23 77 5
23 83 71
23 86 85
23 87 58
23 88 4
23 91 70
23 95 86
23 96 67
24 28 76
24 31 13
24 33 75
24 34 81
24 35 47
24 37 13
24 40 70
24 42 43
24 43 65
24 47 15
24 53 35
24 57 22
24 64 20
24 65 61
24 68 27
24 69 77
24 73 7
24 75 37
24 77 76
24 88 77
24 89 77
24 90 77
24 92 14
24 93 43
24 99 28
25 26 73
25 27 100
25 31 100
25 35 34
25 38 19
25 41 27
25 44 14
25 45 17
25 48 42
25 49 9
25 50 50
25 51 18
25 55 74
25 56 66
25 66 92
25 71 65
25 74 18
25 75 33
25 84 33
25 85 68
25 91 49
25 96 27
25 98 39
25 100 22
26 27 90
26 31 23
26 34 92
26 36 3
26 37 29
26 46 75
26 50 89
26 59 49
26 61 31
26 62 32
26 65 80
26 66 77
26 67 25
26 69 66
26 76 20
26 82 79
26 83 56
26 85 29
26 87 81
26 90 49
26 91 94
26 95 65
26 96 93
26 99 56
27 34 77
27 35 56
27 36 58
27 37 26
27 39 1
27 40 66
27 41 26
27 44 25
27 46 15
27 47 20
27 51 61
27 52 24
27 53 76
27 57 46
27 59 7
27 60 64
27 61 48
27 63 90
27 70 63
27 73 77
27 74 99
27 75 8
27 76 96
27 78 87
27 83 10
27 84 10
27 85 70
27 89 80
27 93 35
27 96 41
27 98 72
27 99 28
28 33 69
28 36 78
28 39 63
28 40 71
28 41 28
28 42 99
28 43 43
28 47 75
28 51 30
28 53 74
28 54 90
28 55 96
28 57 18
28 59 40
28 63 42
28 64 67
28 67 7
28 68 99
28 72 46
28 81 16
28 82 88
28 84 57
28 85 95
28 86 93
28 87 67
28 88 13
28 93 45
28 94 74
28 98 97
28 99 61
29 32 26
29 39 80
29 41 27
29 42 33
29 51 43
29 54 17
29 57 29
29 58 45
29 59 37
29 63 69
29 64 58
29 74 66
29 79 28
29 82 87
29 85 90
29 86 9
29 90 55
29 91 42
29 95 73
29 98 77
30 31 42
30 33 88
30 35 83
30 39 37
30 40 23
30 45 6
30 47 95
30 50 82
30 51 71
30 52 51
30 53 81
30 54 49
30 58 27
30 63 24
30 65 93
30 67 61
30 68 96
30 69 68
30 72 39
30 74 58
30 76 41
30 77 99
30 80 12
30 81 76
30 85 39
30 86 4
30 87 22
30 90 57
30 91 36
30 92 53
30 95 15
30 96 10
31 32 30
31 33 13
31 37 40
31 38 49
31 39 69
31 41 91
31 42 84
31 45 67
31 52 87
31 55 7
31 61 95
31 65 60
31 66 8
31 69 60
31 73 83
31 74 73
31 75 20
31 77 81
31 78 15
31 85 64
31 89 99
31 90 92
31 91 72
31 95 15
31 96 57
31 99 97
31 100 50
32 34 75
32 37 37
32 39 51
32 41 49
32 42 48
32 52 35
32 54 19
32 55 20
32 64 95
32 70 1
32 71 72
32 72 74
32 77 64
32 78 63
32 81 20
32 83 19
32 89 95
32 90 82
32 92 95
32 97 12
32 99 30
32 100 83
33 38 86
33 40 1
33 41 34
33 42 23
33 43 94
33 45 67
33 46 79
33 48 65
33 55 64
33 57 11
33 60 78
33 61 8
33 62 100
33 64 3
33 66 28
33 73 16
33 75 19
33 76 11
33 79 8
33 81 63
33 82 43
33 83 11
33 84 25
33 86 83
33 88 73
33 89 28
33 90 71
33 91 40
33 93 45
33 94 96
33 95 36
33 99 43
33 100 42
34 36 64
34 38 96
34 40 39
34 49 26
34 50 15
34 56 43
34 59 60
34 69 26
34 73 49
34 76 58
34 80 33
34 88 11
34 90 19
34 91 78
34 92 2
34 93 15
34 94 82
34 95 85
34 98 19
34 99 80
34 100 100
35 38 55
35 42 13
35 43 67
35 45 36
35 48 10
35 49 88
35 52 39
35 54 100
35 55 84
35 57 11
35 59 33
35 61 5
35 64 81
35 65 84
35 66 8
35 67 23
35 69 25
35 72 22
35 76 94
35 78 82
35 80 1
35 81 57
35 83 72
35 85 97
35 88 43
35 89 66
35 92 4
35 93 65
35 95 28
35 96 23
35 98 16
36 37 66
36 41 13
36 42 26
36 44 17
36 46 77
36 50 23
36 52 78
36 55 77
36 58 73
36 59 77
36 60 86
36 62 66
36 63 99
36 64 50
36 72 71
36 75 31
36 76 17
36 83 36
36 87 93
36 88 99
36 92 92
36 95 51
37 38 91
37 40 38
37 42 90
37 47 2
37 52 3
37 55 45
37 56 83
37 59 2
37 60 84
37 64 38
37 65 17
37 67 81
37 68 31
37 69 88
37 70 81
37 72 41
37 73 23
37 75 28
37 76 77
37 80 60
37 82 76
37 87 17
37 88 41
37 92 83
37 94 14
37 98 67
38 40 45
38 42 74
38 43 80
38 44 52
38 46 25
38 54 97
38 64 18
38 68 54
38 70 100
38 71 73
38 72 35
38 77 76
38 78 96
38 80 39
38 83 51
38 84 96
38 86 82
38 88 57
38 91 76
38 92 53
38 93 50
38 94 92
38 98 29
39 40 67
39 41 23
39 42 16
39 44 64
39 45 58
39 53 74
39 56 46
39 57 87
39 58 37
39 62 88
39 64 67
39 65 84
39 69 48
39 70 5
39 73 72
39 80 29
39 82 94
39 87 4
39 88 48
39 90 10
39 92 29
39 98 57
40 41 49
40 43 59
40 44 26
40 51 100
40 53 55
40 55 11
40 56 41
40 58 7
40 62 8
40 72 28
40 74 2
40 78 29
40 82 44
40 84 80
40 88 47
40 90 79
40 91 75
40 92 99
40 95 5
40 96 53
41 42 58
41 45 41
41 47 76
41 49 33
41 54 87
41 55 29
41 58 48
41 60 5
41 61 52
41 64 83
41 66 2
41 68 23
41 74 81
41 77 23
41 78 85
41 82 73
41 84 26
41 86 64
41 88 39
41 89 67
41 90 12
41 93 4
41 97 57
41 98 83
41 99 19
41 100 84
42 44 64
42 45 3
42 47 65
42 53 42
42 54 18
42 58 70
42 59 92
42 60 28
42 65 11
42 66 97
42 67 3
42 70 66
42 75 70
42 76 53
42 77 44
42 78 61
42 79 4
42 81 35
42 82 82
42 83 45
42 88 50
42 90 41
42 95 84
42 100 25
43 45 15
43 49 57
43 52 84
43 57 7
43 66 57
43 67 68
43 68 21
43 69 79
43 70 82
43 83 53
43 85 96
43 87 42
43 89 13
43 90 85
43 91 80
43 94 33
43 99 26
44 53 61
44 54 92
44 57 58
44 61 12
44 62 13
44 64 21
44 65 11
44 68 67
44 71 6
44 73 93
44 74 79
44 75 38
44 78 93
44 81 96
44 83 8
44 84 57
44 85 55
44 92 91
44 93 68
44 95 52
44 99 24
45 46 69
45 48 32
45 49 56
45 50 68
45 57 79
45 58 24
45 59 68
45 60 57
45 63 59
45 69 85
45 70 45
45 71 5
45 72 28
45 73 81
45 77 34
45 78 31
45 79 97
45 85 82
45 86 97
45 87 1
45 89 26
45 92 24
45 93 93
45 98 28
45 99 75
45 100 11
46 47 83
46 48 16
46 50 32
46 51 25
46 55 97
46 56 26
46 57 84
46 65 23
46 66 41
46 69 39
46 70 70
46 71 4
46 72 100
46 77 33
46 78 90
46 80 8
46 81 36
46 84 29
46 85 61
46 86 96
46 89 64
46 90 32
46 93 55
46 95 20
46 97 72
46 98 62
47 48 5
47 49 36
47 51 12
47 53 8
47 54 42
47 56 39
47 58 87
47 59 91
47 60 45
47 66 1
47 67 38
47 69 28
47 71 93
47 77 56
47 84 17
47 85 58
47 86 96
47 88 64
47 91 24
47 93 88
47 97 48
47 100 58
48 50 100
48 51 70
48 54 96
48 56 96
48 58 68
48 59 1
48 60 40
48 64 18
48 67 15
48 68 19
48 69 28
48 70 99
48 71 82
48 75 34
48 76 62
48 81 72
48 82 9
48 84 51
48 87 72
48 90 14
48 91 55
48 92 79
48 94 89
48 97 85
48 98 59
49 50 85
49 51 87
49 53 46
49 57 54
49 60 33
49 61 63
49 65 37
49 67 9
49 68 18
49 69 21
49 70 44
49 71 36
49 72 91
49 73 42
49 74 30
49 75 96
49 76 2
49 80 59
49 83 75
49 84 21
49 85 25
49 86 10
49 87 87
49 98 57
49 99 32
50 52 36
50 53 74
50 54 22
50 58 19
50 63 7
50 66 21
50 67 53
50 69 48
50 73 55
50 76 9
50 79 8
50 81 94
50 84 55
50 92 81
50 95 86
50 96 13
50 97 93
50 99 52
50 100 56
51 53 26
51 60 1
51 61 2
51 64 1
51 65 32
51 75 13
51 77 76
51 80 69
51 83 50
51 85 56
51 87 30
51 89 35
51 98 24
52 53 98
52 56 25
52 57 60
52 59 18
52 62 12
52 63 54
52 64 75
52 68 53
52 69 80
52 72 71
52 73 31
52 76 94
52 80 83
52 84 91
52 89 93
52 91 88
53 54 15
53 58 89
53 62 62
53 64 24
53 65 63
53 67 24
53 69 23
53 75 90
53 77 98
53 79 2
53 83 88
53 85 31
53 87 65
53 88 40
53 90 52
53 92 39
53 93 27
53 98 14
54 55 85
54 56 26
54 57 46
54 62 43
54 64 66
54 68 47
54 71 62
54 72 31
54 77 21
54 80 93
54 86 41
54 89 84
54 99 27
54 100 53
55 60 60
55 61 44
55 62 98
55 63 62
55 65 11
55 67 82
55 69 32
55 71 91
55 74 64
55 77 98
55 80 52
55 81 55
55 83 86
55 84 15
55 87 88
55 89 90
55 97 29
55 98 86
56 58 16
56 59 90
56 61 28
56 62 83
56 65 3
56 69 85
56 70 64
56 75 82
56 81 98
56 82 17
56 83 36
56 85 86
56 88 26
56 93 58
56 95 91
56 97 79
56 98 77
56 99 38
56 100 62
57 59 61
57 60 65
57 61 38
57 62 39
57 64 92
57 69 39
57 72 98
57 73 26
57 74 4
57 76 13
57 81 46
57 82 30
57 83 48
57 84 66
57 88 79
57 96 4
57 97 13
58 60 79
58 61 91
58 62 76
58 63 11
58 65 87
58 66 68
58 68 21
58 72 23
58 74 25
58 76 22
58 77 96
58 78 89
58 79 66
58 83 37
58 84 56
58 90 18
58 98 49
58 100 97
59 60 33
59 63 55
59 66 73
59 70 36
59 73 18
59 84 21
59 86 1
59 89 13
59 90 91
59 91 90
59 93 15
59 94 40
59 95 71
59 100 13
60 62 11
60 68 13
60 69 76
60 72 53
60 73 49
60 76 13
60 78 45
60 80 37
60 81 32
60 83 40
60 85 8
60 86 32
60 88 15
60 89 7
60 96 14
61 64 58
61 65 96
61 69 8
61 71 12
61 72 82
61 74 21
61 76 49
61 83 48
61 84 29
61 87 17
61 89 98
61 91 91
61 93 5
61 94 27
61 96 1
61 100 97
62 67 74
62 70 26
62 75 82
62 76 58
62 78 19
62 80 25
62 84 13
62 85 30
62 87 40
62 90 3
62 92 28
62 93 21
62 94 21
62 99 68
62 100 78
63 65 51
63 67 22
63 68 14
63 69 63
63 73 70
63 76 96
63 77 93
63 78 49
63 81 82
63 82 88
63 85 76
63 87 44
63 89 29
63 92 33
63 94 59
63 95 98
63 97 72
63 100 98
64 66 52
64 72 85
64 74 52
64 82 72
64 83 22
64 84 89
64 89 53
64 100 73
65 66 13
65 72 14
65 74 73
65 75 13
65 76 80
65 83 18
65 84 24
65 88 19
65 89 48
65 91 96
65 97 14
65 99 52
66 69 12
66 70 61
66 71 63
66 75 24
66 78 84
66 80 15
66 85 16
66 86 49
66 90 70
66 94 34
66 98 14
66 100 84
67 68 74
67 71 69
67 73 19
67 74 25
67 75 34
67 77 57
67 82 49
67 83 62
67 86 90
67 90 27
67 92 7
67 93 2
67 94 10
67 98 85
68 69 89
68 71 99
68 72 99
68 73 98
68 76 3
68 79 90
68 83 52
68 87 98
68 88 63
68 90 66
68 94 6
68 95 92
68 100 93
69 71 49
69 74 7
69 78 17
69 80 53
69 82 33
69 83 74
69 90 83
69 92 94
69 96 19
70 73 27
70 79 63
70 81 25
70 82 79
70 84 67
70 85 85
70 90 43
70 91 49
70 92 99
70 93 5
70 94 59
70 95 81
70 96 87
70 97 7
70 100 54
71 72 92
71 76 45
71 77 18
71 85 89
71 87 44
71 88 2
71 91 84
71 92 34
71 94 70
71 95 27
72 75 33
72 81 59
72 83 90
72 84 28
72 85 31
72 86 38
72 87 45
72 94 52
72 98 96
73 78 50
73 79 91
73 88 53
73 90 100
73 94 69
73 95 94
73 98 86
73 99 4
73 100 95
74 75 85
74 77 97
74 78 71
74 80 43
74 81 74
74 85 18
74 89 13
74 91 94
74 92 99
74 96 81
75 76 12
75 79 23
75 81 57
75 82 62
75 85 46
75 87 46
75 88 14
75 91 33
75 92 78
75 96 50
75 97 35
75 98 7
75 100 57
76 80 14
76 86 84
76 87 25
76 88 67
76 92 24
76 95 46
76 96 11
76 98 76
76 99 17
76 100 65
77 78 60
77 79 29
77 80 66
77 81 97
77 84 72
77 87 52
77 88 14
77 92 21
77 95 31
77 98 81
78 79 13
78 81 43
78 83 5
78 84 4
78 87 56
78 88 55
78 94 67
78 97 20
78 98 53
78 100 69
79 81 33
79 82 45
79 84 65
79 97 33
80 83 28
80 84 39
80 93 56
80 97 52
80 99 72
80 100 91
81 84 10
81 86 54
81 87 61
81 88 12
81 89 2
81 91 21
81 93 27
81 94 20
81 95 12
81 97 27
81 100 32
82 87 93
82 88 37
82 97 58
82 99 99
83 85 45
83 86 86
83 89 73
83 91 10
83 92 3
83 94 46
83 95 11
83 96 94
84 86 68
84 89 15
84 99 3
84 100 23
85 86 86
85 87 63
85 89 57
85 91 30
85 92 96
85 93 30
86 91 74
86 97 3
86 99 15
87 90 58
87 91 76
87 94 42
87 96 81
87 97 6
87 99 94
87 100 76
88 90 24
88 97 73
89 90 2
89 92 96
89 94 74
89 95 6
89 96 49
89 97 35
89 98 54
89 99 2
90 91 61
90 94 46
91 97 65
91 98 38
91 100 6
92 93 47
92 97 98
93 94 36
93 98 83
93 100 35
94 95 30
94 96 99
94 98 86
94 99 52
94 100 76
95 99 52
96 97 14
1 5 50
1 6 88
1 7 43
1 9 33
1 14 24
1 16 4
1 17 32
1 18 63
1 27 33
1 28 9
1 32 87
1 34 35
1 39 38
1 40 94
1 41 35
1 45 92
1 48 64
1 49 87
1 53 15
1 54 55
1 56 33
1 61 75
1 63 65
1 66 15
1 68 85
1 70 19
1 71 76
1 75 33
1 80 96
1 87 51
1 91 44
1 94 47
1 95 60
1 98 62
1 100 58
2 14 16
2 18 8
2 25 63
2 26 100
2 29 66
2 32 83
2 34 33
2 35 40
2 37 82
2 40 74
2 42 22
2 44 58
2 46 84
2 47 22
2 48 37
2 52 31
2 54 91
2 55 45
2 57 83
2 58 77
2 59 23
2 60 46
2 61 40
2 63 1
2 64 24
2 70 83
2 81 21
2 83 43
2 84 38
2 85 21
2 91 59
2 94 53
2 97 23
2 99 27
3 7 97
3 9 88
3 10 91
3 13 51
3 15 50
3 18 49
3 19 76
3 22 31
3 23 96
3 28 96
3 31 39
3 34 66
3 39 99
3 42 64
3 43 39
3 44 82
3 47 91
3 48 53
3 50 98
3 53 33
3 54 96
3 56 1
3 58 2
3 59 18
3 60 1
3 62 59
3 63 53
3 66 51
3 71 75
3 72 39
3 75 57
3 78 41
3 81 76
3 82 37
3 83 71
3 84 33
3 85 2
3 86 77
3 89 16
3 93 46
3 100 75
4 5 92
4 6 40
4 8 37
4 9 26
4 10 82
4 11 64
4 12 13
4 19 68
4 22 6
4 23 81
4 28 74
4 29 83
4 30 15
4 33 74
4 36 96
4 37 27
4 38 65
4 42 18
4 44 66
4 47 9
4 48 47
4 50 61
4 51 56
4 53 17
4 56 73
4 58 3
4 61 83
4 62 44
4 65 40
4 67 36
4 70 1
4 80 15
4 82 12
4 87 3
4 88 70
4 89 41
4 92 84
4 94 48
4 95 7
5 7 70
5 11 32
5 12 97
5 15 36
5 19 29
5 21 92
5 25 89
5 27 47
5 28 7
5 29 11
5 30 52
5 31 31
5 32 12
5 36 67
5 39 27
5 40 27
5 42 52
5 44 8
5 50 83
5 62 89
5 64 95
5 65 77
5 66 71
5 68 65
5 70 94
5 84 85
5 85 30
5 86 31
5 87 60
5 89 93
5 90 6
5 91 2
5 96 76
5 97 75
5 98 78
6 7 39
6 9 70
6 10 3
6 11 95
6 13 42
6 15 4
6 20 18
6 22 32
6 24 26
6 27 81
6 28 88
6 33 21
6 34 46
6 35 75
6 41 17
6 42 99
6 43 36
6 44 41
6 46 65
6 47 84
6 48 59
6 51 83
6 58 67
6 60 29
6 62 49
6 65 56
6 66 73
6 67 67
6 68 22
6 69 51
6 70 94
6 71 42
6 72 86
6 73 90
6 75 6
6 77 97
6 80 29
6 81 33
6 83 58
6 85 30
6 86 65
6 88 87
6 92 58
6 94 84
6 95 97
6 96 86
6 99 57
7 11 6
7 16 82
7 17 46
7 19 64
7 21 98
7 22 32
7 23 27
7 24 97
7 25 51
7 26 23
7 30 48
7 34 75
7 35 18
7 39 43
7 47 78
7 49 96
7 50 20
7 52 63
7 55 11
7 58 87
7 59 25
7 62 78
7 66 79
7 67 47
7 72 77
7 76 41
7 77 88
7 81 26
7 83 89
7 91 7
7 94 93
7 96 71
7 98 84
7 99 18
7 100 30
8 9 36
8 11 77
8 12 65
8 13 5
8 15 68
8 21 3
8 22 82
8 25 63
8 28 9
8 31 12
8 33 23
8 38 69
8 46 64
8 51 16
8 52 87
8 54 39
8 55 93
8 58 17
8 62 60
8 64 94
8 66 40
8 75 17
8 77 23
8 78 84
8 83 48
8 85 11
8 87 95
8 88 46
8 91 62
8 92 61
8 94 47
8 96 34
8 97 95
8 100 9
9 10 37
9 13 79
9 15 72
9 17 14
9 19 90
9 22 58
9 23 61
9 30 85
9 31 72
9 37 79
9 40 30
9 44 28
9 50 67
9 51 89
9 54 90
9 55 72
9 57 49
9 58 59
9 59 85
9 65 55
9 67 39
9 69 61
9 70 46
9 71 74
9 74 94
9 76 22
9 77 39
9 78 47
9 80 8
9 81 67
9 82 94
9 83 7
9 84 33
9 88 24
9 89 56
9 90 48
9 91 98
9 92 57
10 11 100
10 17 63
10 18 43
10 21 7
10 23 79
10 30 95
10 32 85
10 33 74
10 34 64
10 39 84
10 41 32
10 43 61
10 45 85
10 47 19
10 52 45
10 55 99
10 57 16
10 59 19
10 61 34
10 62 58
10 65 46
10 70 48
10 72 6
10 74 18
10 75 93
10 76 25
10 78 54
10 82 2
10 90 48
10 92 20
10 93 18
10 96 67
10 98 31
11 15 62
11 18 56
11 19 82
11 21 80
11 22 54
11 26 24
11 28 16
11 29 67
11 36 76
11 37 30
11 39 68
11 44 48
11 46 51
11 55 1
11 57 7
11 58 50
11 59 26
11 60 86
11 61 67
11 64 78
11 65 65
11 68 62
11 69 17
11 72 36
11 73 87
11 75 74
11 76 15
11 78 15
11 83 54
11 88 14
11 89 29
11 90 71
11 91 67
11 93 47
11 95 85
11 96 41
11 98 56
12 13 83
12 15 28
12 16 90
12 17 41
12 18 56
12 20 2
12 21 87
12 26 25
12 27 30
12 33 49
12 35 97
12 36 88
12 44 52
12 45 100
12 47 54
12 48 13
12 50 18
12 51 98
12 55 4
12 57 72
12 63 10
12 67 33
12 68 11
12 71 89
12 75 53
12 77 45
12 79 14
12 81 2
12 90 22
12 95 66
12 98 24
13 17 63
13 20 56
13 23 69
13 24 75
13 25 9
13 26 66
13 27 46
13 28 83
13 31 46
13 33 10
13 35 52
13 38 86
13 39 79
13 46 58
13 48 92
13 51 8
13 61 45
13 63 96
13 64 86
13 77 4
13 80 75
13 82 33
13 83 27
13 89 99
13 90 34
13 95 4
14 16 94
14 17 31
14 18 88
14 26 4
14 29 30
14 30 16
14 32 16
14 35 66
14 37 13
14 38 17
14 40 27
14 41 25
14 42 71
14 43 56
14 51 27
14 60 29
14 61 24
14 62 16
14 63 84
14 64 54
14 68 19
14 70 45
14 75 88
14 76 37
14 79 62
14 83 79
14 84 21
14 86 70
14 89 45
14 92 91
14 93 47
14 97 87
14 98 70
14 100 16
15 16 33
15 20 5
15 21 52
15 24 57
15 25 47
15 26 34
15 28 63
15 29 2
15 31 55
15 33 19
15 35 38
15 37 81
15 43 29
15 48 38
15 52 21
15 54 38
15 58 61
15 59 47
15 60 59
15 62 92
15 64 93
15 67 75
15 68 87
15 70 20
15 72 28
15 73 77
15 76 78
15 77 98
15 82 42
15 84 87
15 85 63
15 89 96
15 90 46
15 92 66
15 94 18
15 95 56
15 100 70
16 19 60
16 21 52
16 29 70
16 30 26
16 32 72
16 33 36
16 35 25
16 37 30
16 40 14
16 45 23
16 52 80
16 54 10
16 65 100
16 66 24
16 69 21
16 78 86
16 82 36
16 83 65
16 85 35
16 91 50
16 92 95
16 94 49
16 96 52
16 97 54
16 98 77
16 100 95
17 23 97
17 29 30
17 31 43
17 33 71
17 34 56
17 40 85
17 41 85
17 43 44
17 44 96
17 46 81
17 47 35
17 48 96
17 50 100
17 52 86
17 53 86
17 56 82
17 58 10
17 60 66
17 61 33
17 63 23
17 66 76
17 68 21
17 69 78
17 79 75
17 81 45
17 86 22
17 88 96
17 92 19
17 97 94
17 99 92
18 20 36
18 21 11
18 24 81
18 26 75
18 30 23
18 32 28
18 37 12
18 39 89
18 41 20
18 46 7
18 47 35
18 48 70
18 51 37
18 52 59
18 55 41
18 56 59
18 57 27
18 59 61
18 62 89
18 66 48
18 68 60
18 69 63
18 71 41
18 74 1
18 78 54
18 83 71
18 87 93
18 91 95
18 96 82
19 21 28
19 22 42
19 23 34
19 26 64
19 27 47
19 28 23
19 31 68
19 32 18
19 33 59
19 35 53
19 40 40
19 41 100
19 43 37
19 45 96
19 49 56
19 51 2
19 56 63
19 57 73
19 58 58
19 59 73
19 61 9
19 64 24
19 66 30
19 68 12
19 71 15
19 72 82
19 73 9
19 75 23
19 80 98
19 81 94
19 84 81
19 86 47
19 87 41
19 88 82
19 90 54
19 91 77
19 92 55
19 95 99
19 97 24
20 22 29
20 24 4
20 25 99
20 27 93
20 31 46
20 33 17
20 35 80
20 36 81
20 38 27
20 39 3
20 48 82
20 51 34
20 53 19
20 54 36
20 57 34
20 59 28
20 60 37
20 62 41
20 63 42
20 68 30
20 69 11
20 70 36
20 75 87
20 76 39
20 78 93
20 80 90
20 82 56
20 85 46
20 88 17
20 89 75
20 90 39
20 100 4
21 24 1
21 25 74
21 28 79
21 32 86
21 33 37
21 37 94
21 39 10
21 40 63
21 43 54
21 45 44
21 46 31
21 49 67
21 55 46
21 62 67
21 63 56
21 64 54
21 65 96
21 70 33
21 72 69
21 75 6
21 77 23
21 80 48
21 82 21
21 83 19
21 88 90
21 92 45
21 93 15
21 94 34
21 95 65
21 98 51
22 23 29
22 26 59
22 32 52
22 33 100
22 34 26
22 37 42
22 38 45
22 39 31
22 45 12
22 47 41
22 48 46
22 52 40
22 57 45
22 59 67
22 61 38
22 63 3
22 64 74
22 66 18
22 68 20
22 72 80
22 73 9
22 75 42
22 83 78
22 89 40
22 91 28
22 96 92
22 97 53
22 100 69
23 24 61
23 25 4
23 26 20
23 31 14
23 32 59
23 33 11
23 36 28
23 39 95
23 42 39
23 44 43
23 45 75
23 46 87
23 50 32
23 51 44
23 53 15
23 54 92
23 57 71
23 58 97
23 59 31
23 60 93
23 63 72
23 66 21
23 67 96
23 69 75
23 70 6
23 71 27
23 76 70
23 79 40
23 80 80
23 81 49
23 82 33
23 86 72
23 88 2
23 89 38
23 90 75
23 91 92
23 94 24
23 95 22
23 97 46
23 100 68
24 26 5
24 28 6
24 29 21
24 32 73
24 41 90
24 43 13
24 46 43
24 50 67
24 52 17
24 53 28
24 55 12
24 56 17
24 57 70
24 58 9
24 59 83
24 60 34
24 62 22
24 63 90
24 64 78
24 68 3
24 70 24
24 72 13
24 74 17
24 75 70
24 78 72
24 79 78
24 80 70
24 81 100
24 84 75
24 85 7
24 88 34
24 89 52
24 91 42
24 95 89
24 96 94
24 99 22
24 100 62
25 27 62
25 30 88
25 31 37
25 36 80
25 38 2
25 42 71
25 43 48
25 45 66
25 49 31
25 52 82
25 54 85
25 56 52
25 57 52
25 60 81
25 61 93
25 62 96
25 64 14
25 68 63
25 70 56
25 71 92
25 75 77
25 80 98
25 83 53
25 85 8
25 87 48
25 90 79
25 95 40
25 96 71
25 97 13
25 99 35
26 27 46
26 28 70
26 33 17
26 34 65
26 39 34
26 41 90
26 43 45
26 47 63
26 48 89
26 49 56
26 51 23
26 52 61
26 53 20
26 56 93
26 60 74
26 61 65
26 63 87
26 66 5
26 72 62
26 73 46
26 74 96
26 77 85
26 81 22
26 85 97
26 86 2
26 90 12
26 94 5
26 96 73
26 99 30
27 28 49
27 30 68
27 31 17
27 32 43
27 33 59
27 34 84
27 35 10
27 36 36
27 37 20
27 42 25
27 43 25
27 45 86
27 47 17
27 49 76
27 50 97
27 53 56
27 56 4
27 59 49
27 65 3
27 67 78
27 70 68
27 72 9
27 73 91
27 75 60
27 78 90
27 79 52
27 84 18
27 86 47
27 88 53
27 94 52
27 99 15
27 100 61
28 29 38
28 30 67
28 32 49
28 38 47
28 40 14
28 42 26
28 44 8
28 45 8
28 51 30
28 56 40
28 62 70
28 73 82
28 74 29
28 75 74
28 76 50
28 81 22
28 84 78
28 87 62
28 88 52
28 90 66
28 91 88
28 92 79
28 93 79
28 95 62
28 98 8
28 99 35
28 100 24
29 30 85
29 31 37
29 34 43
29 38 45
29 44 3
29 45 20
29 46 56
29 47 60
29 49 14
29 50 64
29 53 92
29 56 86
29 57 74
29 59 29
29 61 40
29 63 61
29 64 25
29 65 1
29 66 17
29 69 97
29 70 28
29 73 75
29 75 32
29 76 45
29 78 3
29 83 39
29 88 61
29 89 6
29 91 58
29 92 32
29 94 65
29 95 5
29 98 72
29 100 48
30 31 50
30 37 68
30 42 28
30 43 99
30 45 30
30 53 12
30 54 1
30 55 67
30 59 69
30 60 19
30 61 21
30 62 44
30 65 85
30 66 76
30 67 28
30 74 88
30 75 89
30 77 82
30 79 83
30 81 36
30 82 22
30 84 48
30 90 90
30 91 2
30 93 44
30 94 26
30 96 44
31 35 69
31 36 82
31 38 71
31 39 5
31 41 60
31 42 55
31 45 55
31 53 99
31 57 54
31 58 47
31 60 10
31 63 71
31 65 1
31 69 3
31 72 9
31 73 20
31 74 53
31 75 60
31 77 62
31 78 63
31 82 22
31 85 80
31 88 77
31 89 68
31 90 53
31 91 11
31 92 51
31 96 52
31 100 5
32 33 63
32 40 61
32 41 51
32 42 20
32 43 73
32 46 1
32 49 30
32 54 24
32 57 33
32 58 27
32 59 45
32 62 66
32 67 31
32 68 91
32 73 40
32 79 91
32 82 32
32 83 80
32 84 47
32 86 70
32 88 12
32 93 70
32 96 16
32 97 4
33 35 50
33 38 31
33 39 52
33 40 43
33 44 57
33 47 19
33 48 87
33 50 12
33 55 21
33 58 67
33 59 34
33 63 27
33 65 14
33 71 37
33 72 34
33 77 76
33 83 38
33 84 31
33 87 80
33 88 9
33 90 27
33 94 33
33 100 42
34 35 22
34 36 80
34 37 56
34 38 20
34 39 82
34 42 13
34 43 16
34 44 70
34 50 59
34 53 30
34 54 3
34 59 80
34 63 75
34 72 8
34 74 55
34 75 74
34 76 32
34 79 76
34 81 35
34 83 39
34 84 58
34 85 89
34 86 8
34 87 82
34 88 40
34 89 46
34 90 67
34 91 95
34 92 58
34 93 57
34 94 58
34 97 38
34 98 26
34 100 20
35 38 24
35 43 75
35 44 44
35 48 98
35 50 41
35 52 72
35 54 62
35 59 42
35 60 85
35 61 63
35 63 59
35 64 96
35 66 32
35 67 43
35 68 11
35 70 12
35 78 3
35 79 6
35 80 75
35 82 56
35 83 93
35 85 46
35 86 10
35 93 4
35 95 65
35 96 54
35 97 57
35 98 77
35 99 69
35 100 65
36 37 53
36 39 30
36 40 69
36 42 7
36 44 16
36 48 52
36 50 47
36 51 91
36 52 61
36 53 56
36 54 76
36 55 66
36 58 62
36 59 18
36 65 90
36 68 53
36 69 25
36 76 44
36 81 100
36 82 84
36 83 80
36 85 41
36 89 98
36 90 68
36 92 57
36 94 50
36 97 70
36 99 84
36 100 98
37 38 62
37 43 8
37 48 98
37 52 18
37 53 2
37 55 85
37 56 91
37 57 19
37 61 12
37 62 86
37 63 77
37 65 14
37 67 21
37 68 81
37 69 6
37 70 73
37 71 91
37 72 62
37 74 100
37 75 93
37 77 72
37 79 3
37 80 87
37 82 23
37 85 100
37 87 72
37 88 30
37 89 96
37 90 23
37 91 3
37 92 93
37 94 21
37 95 98
37 96 50
37 97 74
38 39 49
38 40 68
38 41 60
38 49 50
38 51 88
38 53 100
38 56 71
38 57 8
38 58 19
38 61 72
38 63 78
38 64 47
38 65 24
38 75 12
38 76 1
38 79 5
38 81 15
38 82 23
38 85 80
38 87 7
38 88 7
38 96 88
38 97 93
38 99 74
38 100 16
39 43 10
39 44 7
39 46 82
39 47 13
39 49 72
39 52 92
39 54 72
39 57 13
39 65 21
39 66 47
39 68 94
39 69 76
39 71 48
39 73 82
39 74 100
39 75 97
39 76 14
39 77 6
39 79 56
39 81 4
39 82 79
39 86 71
39 88 66
39 89 12
39 94 10
39 100 57
40 42 51
40 48 11
40 49 48
40 54 63
40 56 59
40 58 58
40 64 20
40 65 79
40 67 46
40 71 27
40 72 93
40 73 52
40 74 64
40 76 79
40 77 97
40 78 35
40 80 3
40 82 96
40 83 38
40 84 80
40 86 53
40 88 63
40 89 7
40 91 56
40 94 13
40 100 86
41 43 35
41 49 13
41 50 77
41 51 13
41 52 34
41 54 57
41 63 40
41 66 59
41 67 45
41 68 53
41 72 68
41 73 86
41 75 75
41 77 21
41 79 89
41 82 37
41 85 75
41 86 78
41 87 97
41 91 11
41 97 68
41 99 66
42 43 79
42 46 99
42 53 76
42 55 39
42 58 89
42 61 87
42 63 78
42 64 57
42 66 86
42 69 85
42 70 34
42 72 59
42 73 87
42 78 65
42 80 96
42 82 91
42 85 70
42 86 3
42 87 74
42 88 59
42 89 36
42 91 98
42 97 99
43 44 85
43 46 51
43 47 25
43 48 84
43 50 63
43 51 81
43 53 7
43 55 69
43 58 15
43 59 67
43 66 89
43 67 91
43 68 94
43 69 88
43 72 62
43 73 9
43 78 87
43 79 100
43 80 50
43 82 12
43 84 97
43 93 7
43 94 80
43 96 8
43 97 58
43 98 25
44 47 73
44 53 52
44 54 82
44 56 31
44 57 23
44 58 67
44 60 94
44 63 77
44 64 87
44 66 32
44 67 86
44 71 94
44 72 89
44 73 7
44 77 72
44 85 48
44 88 49
44 91 66
44 95 79
44 100 19
45 49 12
45 51 68
45 53 12
45 55 28
45 58 87
45 62 61
45 63 62
45 65 69
45 66 6
45 68 97
45 69 71
45 72 32
45 74 22
45 75 6
45 76 32
45 77 83
45 86 87
45 87 31
45 92 72
45 96 58
45 97 56
45 98 82
46 50 92
46 52 84
46 53 8
46 56 72
46 60 98
46 62 25
46 64 35
46 65 64
46 66 13
46 69 21
46 71 74
46 73 53
46 74 21
46 77 13
46 83 50
46 86 43
46 88 35
46 93 77
46 96 18
46 100 40
47 48 19
47 54 18
47 55 56
47 56 84
47 59 27
47 60 49
47 63 78
47 65 32
47 72 29
47 75 69
47 76 47
47 77 31
47 80 53
47 84 9
47 85 48
47 88 13
47 90 44
47 91 26
47 92 59
47 96 57
47 98 54
47 99 60
47 100 64
48 50 7
48 51 5
48 53 65
48 57 38
48 58 37
48 60 81
48 62 46
48 63 71
48 64 84
48 67 37
48 71 50
48 72 21
48 73 89
48 76 3
48 77 77
48 79 2
48 82 67
48 83 2
48 87 86
48 88 58
48 89 60
48 90 82
48 93 14
48 95 97
48 96 30
49 51 76
49 53 59
49 54 27
49 58 80
49 60 72
49 61 99
49 64 14
49 65 8
49 66 23
49 67 8
49 70 39
49 72 94
49 80 34
49 81 47
49 85 36
49 86 62
49 88 47
49 92 82
49 93 11
49 97 62
49 98 19
50 52 18
50 56 14
50 58 41
50 59 70
50 60 77
50 61 95
50 64 82
50 67 73
50 72 71
50 75 28
50 83 43
50 85 2
50 86 11
50 87 69
50 91 34
50 94 50
50 100 77
51 52 8
51 53 81
51 57 29
51 64 77
51 67 41
51 68 92
51 69 86
51 70 72
51 74 37
51 76 10
51 82 81
51 83 99
51 84 82
51 87 35
51 88 27
51 89 76
51 90 73
51 91 20
51 94 43
51 99 17
52 54 22
52 56 83
52 62 2
52 65 80
52 66 49
52 68 70
52 69 93
52 71 54
52 74 89
52 75 38
52 76 32
52 78 28
52 81 76
52 86 2
52 88 71
52 90 15
52 92 61
52 93 87
52 95 34
52 96 71
53 54 28
53 61 79
53 63 16
53 71 10
53 73 99
53 75 69
53 77 31
53 78 81
53 79 97
53 80 80
53 82 61
53 84 12
53 85 98
53 87 87
53 90 50
53 91 31
53 93 93
53 96 10
53 99 53
53 100 29
54 58 98
54 63 60
54 73 50
54 74 15
54 75 67
54 79 89
54 84 7
54 87 28
54 90 96
54 91 47
55 61 79
55 62 67
55 64 61
55 66 54
55 70 59
55 71 31
55 72 85
55 74 91
55 76 72
55 78 93
55 82 98
55 84 64
55 85 11
55 86 67
55 87 71
55 89 100
55 91 13
55 93 73
55 94 73
55 95 85
55 97 35
55 98 10
55 99 53
56 57 52
56 59 38
56 62 80
56 66 32
56 72 100
56 73 61
56 75 95
56 76 65
56 78 42
56 81 63
56 82 43
56 92 70
56 95 2
56 96 77
56 97 25
56 99 44
57 59 1
57 61 21
57 62 78
57 65 27
57 76 1
57 78 84
57 84 41
57 85 59
57 91 73
57 93 9
57 96 95
57 98 92
58 63 98
58 64 18
58 66 22
58 68 99
58 70 48
58 72 89
58 73 62
58 78 22
58 80 20
58 85 80
58 86 29
58 88 90
58 89 31
58 90 81
58 91 46
58 95 22
58 99 77
58 100 88
59 66 90
59 70 22
59 71 50
59 73 88
59 76 89
59 77 84
59 78 43
59 79 86
59 81 72
59 82 52
59 89 79
59 91 98
59 92 24
59 94 60
59 95 54
59 97 45
59 99 26
60 64 60
60 69 10
60 70 88
60 74 67
60 81 77
60 88 10
60 91 16
60 93 8
60 95 18
61 63 42
61 65 1
61 66 81
61 69 67
61 72 29
61 74 50
61 75 35
61 81 97
61 84 35
61 86 73
61 87 68
61 89 55
61 91 2
61 95 71
62 64 58
62 65 39
62 66 17
62 71 64
62 73 52
62 74 39
62 78 85
62 80 12
62 84 69
62 86 5
62 87 40
62 92 35
62 96 38
62 97 100
63 69 43
63 70 49
63 71 68
63 72 46
63 77 60
63 78 49
63 79 27
63 82 84
63 84 84
63 85 56
63 88 33
63 94 99
63 95 37
63 96 11
63 99 88
63 100 43
64 67 52
64 72 13
64 73 31
64 76 11
64 82 18
64 83 19
64 87 78
64 90 18
64 91 42
64 93 2
64 95 95
64 96 34
64 97 8
65 66 36
65 68 99
65 69 30
65 70 32
65 71 51
65 73 8
65 78 10
65 79 21
65 82 14
65 84 5
65 86 100
65 89 3
65 91 72
65 93 32
65 96 5
65 99 8
66 69 79
66 73 27
66 77 3
66 87 65
66 89 95
66 95 71
66 96 51
66 99 55
67 68 77
67 69 82
67 70 97
67 77 90
67 79 98
67 81 12
67 83 73
67 86 5
67 87 97
67 88 60
67 90 14
67 95 63
67 98 21
67 99 75
68 69 40
68 71 31
68 79 79
68 82 22
68 83 42
68 85 10
68 88 34
68 92 62
68 94 85
68 96 77
68 98 44
68 100 82
69 70 77
69 71 12
69 72 87
69 75 40
69 78 47
69 83 81
69 89 38
69 90 96
69 91 49
69 92 85
69 95 85
69 99 27
70 71 6
70 76 23
70 77 1
70 79 26
70 84 97
70 85 23
70 90 85
70 92 74
70 93 39
70 94 99
70 96 22
71 72 32
71 74 91
71 76 8
71 81 82
71 85 88
71 88 67
71 89 13
71 92 99
71 94 72
71 95 23
71 96 44
72 75 23
72 76 69
72 78 26
72 82 24
72 83 57
72 84 43
72 88 29
72 96 51
72 97 74
72 98 39
72 99 92
73 74 61
73 76 14
73 77 89
73 78 50
73 80 2
73 81 54
73 83 30
73 84 97
73 86 73
73 89 31
73 90 13
73 91 43
73 92 21
73 93 54
73 97 46
73 98 26
74 77 35
74 78 12
74 79 73
74 82 13
74 83 90
74 84 54
74 86 17
74 88 13
74 93 81
74 94 87
74 95 42
74 98 20
75 78 90
75 79 5
75 81 77
75 83 37
75 86 60
75 90 1
75 93 41
75 95 84
75 96 81
75 97 40
75 98 53
75 99 63
75 100 47
76 79 39
76 82 46
76 86 65
76 88 91
76 90 78
76 91 59
76 93 2
76 94 7
76 98 45
77 78 1
77 86 67
77 87 97
77 88 38
77 89 54
77 92 37
77 97 83
77 98 40
77 99 27
77 100 42
78 79 61
78 80 79
78 83 61
78 85 66
78 86 97
78 87 18
78 88 53
78 90 51
78 91 92
78 92 99
78 95 73
78 97 5
78 99 32
78 100 56
79 82 72
79 86 69
79 90 61
79 92 19
79 94 32
79 96 48
79 99 59
79 100 93
80 81 94
80 84 56
80 88 17
80 91 52
80 94 80
80 95 28
80 96 70
81 87 20
81 91 18
81 92 70
81 93 40
81 96 63
81 98 24
81 99 75
82 86 93
82 87 31
82 89 66
82 91 96
82 93 65
82 95 29
82 97 46
82 98 65
82 99 10
83 86 49
83 88 32
83 90 78
83 92 86
83 95 62
83 99 38
84 87 83
84 93 67
84 95 28
84 96 20
84 97 24
84 100 83
85 87 6
85 93 80
85 94 43
85 95 66
85 96 4
85 98 25
85 99 80
85 100 74
86 91 28
86 97 72
86 98 47
86 99 91
87 88 82
87 93 22
87 95 90
87 96 12
87 98 95
87 100 91
88 90 35
88 91 1
89 91 48
89 92 23
89 93 70
89 94 89
89 100 54
90 91 30
90 100 73
91 92 64
91 94 38
91 98 84
92 97 43
93 94 67
93 95 71
93 96 48
93 98 64
93 99 5
94 95 82
94 97 6
94 100 70
95 96 98
96 97 7
96 98 22
96 99 87
97 98 76
97 100 22
98 100 88
1 4 21
1 6 80
1 7 80
1 8 59
1 9 56
1 13 78
1 15 19
1 19 69
1 20 6
1 23 96
1 25 29
1 28 85
1 29 27
1 30 35
1 31 97
1 32 75
1 35 69
1 40 17
1 41 18
1 42 10
1 43 93
1 44 87
1 45 26
1 47 42
1 48 53
1 51 30
1 52 75
1 53 97
1 54 47
1 55 83
1 56 38
1 58 41
1 60 18
1 63 22
1 67 42
1 69 7
1 70 24
1 72 92
1 74 45
1 76 33
1 77 60
1 79 34
1 80 22
1 82 20
1 83 95
1 84 57
1 86 30
1 89 96
1 93 50
1 95 11
1 98 21
2 3 45
2 4 12
2 6 97
2 7 39
2 11 16
2 12 93
2 13 68
2 14 38
2 15 56
2 16 12
2 18 21
2 21 88
2 22 5
2 30 38
2 31 19
2 33 31
2 34 66
2 38 93
2 40 74
2 42 35
2 44 48
2 46 12
2 48 20
2 51 71
2 55 1
2 56 16
2 58 71
2 62 94
2 63 21
2 64 70
2 71 97
2 78 26
2 85 61
2 89 47
2 91 20
2 93 20
2 94 68
3 8 17
3 13 7
3 15 32
3 18 84
3 20 49
3 22 77
3 24 75
3 26 69
3 27 27
3 28 74
3 29 79
3 31 79
3 32 41
3 34 96
3 39 67
3 40 1
3 43 61
3 47 40
3 51 100
3 52 78
3 53 1
3 55 24
3 60 59
3 63 35
3 65 41
3 66 85
3 67 26
3 69 64
3 74 9
3 79 67
3 83 11
3 84 100
3 85 94
3 86 40
3 88 77
3 91 47
4 16 27
4 17 28
4 20 3
4 21 48
4 22 98
4 27 67
4 33 33
4 34 62
4 35 56
4 39 60
4 42 50
4 43 96
4 45 80
4 47 88
4 52 11
4 53 59
4 54 37
4 63 51
4 65 77
4 66 38
4 67 97
4 68 38
4 71 21
4 74 98
4 75 15
4 76 52
4 78 7
4 80 2
4 88 19
4 91 20
5 6 22
5 7 87
5 8 51
5 9 98
5 21 77
5 26 61
5 28 69
5 32 18
5 40 2
5 41 82
5 42 21
5 43 88
5 44 46
5 45 19
5 52 27
5 53 17
5 54 46
5 56 14
5 57 21
5 59 45
5 60 36
5 62 4
5 70 91
5 71 94
5 72 49
5 75 50
5 76 30
5 80 44
5 83 75
5 88 5
5 95 39
5 98 29
5 99 23
6 15 81
6 16 19
6 21 8
6 22 47
6 23 44
6 24 42
6 25 100
6 31 68
6 33 44
6 34 56
6 39 4
6 40 40
6 41 81
6 45 36
6 46 12
6 49 33
6 51 13
6 53 1
6 54 33
6 56 35
6 57 5
6 58 93
6 59 57
6 61 18
6 63 60
6 65 35
6 70 33
6 72 66
6 74 92
6 76 39
6 81 3
6 82 46
6 85 8
6 86 87
6 88 33
6 89 8
6 90 62
6 94 34
6 95 81
7 8 61
7 10 75
7 13 52
7 16 29
7 17 15
7 18 81
7 19 26
7 20 1
7 21 2
7 24 31
7 27 25
7 30 1
7 34 2
7 38 2
7 39 69
7 40 10
7 42 1
7 56 66
7 57 2
7 58 44
7 60 17
7 62 47
7 63 5
7 64 87
7 68 29
7 71 23
7 93 100
8 9 73
8 12 85
8 15 36
8 16 55
8 17 64
8 18 66
8 29 27
8 31 70
8 35 73
8 36 51
8 38 8
8 40 22
8 41 98
8 46 6
8 47 38
8 50 74
8 55 55
8 58 3
8 61 78
8 66 33
8 67 49
8 75 59
8 76 30
8 78 70
8 82 74
8 83 79
8 86 75
8 87 36
8 90 31
8 91 23
8 95 26
8 96 38
8 97 80
8 98 20
8 100 18
9 11 39
9 13 63
9 16 8
9 17 14
9 19 61
9 24 48
9 27 83
9 28 15
9 29 43
9 32 32
9 39 14
9 42 53
9 43 92
9 45 58
9 46 57
9 47 5
9 49 55
9 54 91
9 57 15
9 61 49
9 62 21
9 63 83
9 64 18
9 66 21
9 68 12
9 74 7
9 78 44
9 79 14
9 80 26
9 81 79
9 82 67
9 83 40
9 84 94
9 87 3
9 88 50
9 90 47
9 91 9
9 100 53
10 11 11
10 12 62
10 14 51
10 17 27
10 20 25
10 22 21
10 23 22
10 25 4
10 26 16
10 28 59
10 29 52
10 33 81
10 36 4
10 37 51
10 38 36
10 41 28
10 43 64
10 48 43
10 50 87
10 51 28
10 54 83
10 57 93
10 59 84
10 61 7
10 62 50
10 67 8
10 70 85
10 71 54
10 73 23
10 78 53
10 79 69
10 81 1
10 82 75
10 85 5
10 86 48
10 93 40
10 98 56
10 100 82
11 17 16
11 18 67
11 19 30
11 20 74
11 24 12
11 32 16
11 33 7
11 37 79
11 42 70
11 43 35
11 44 94
11 47 60
11 48 47
11 50 28
11 52 73
11 56 6
11 58 19
11 61 22
11 63 28
11 64 85
11 65 60
11 66 23
11 68 80
11 69 15
11 71 77
11 72 33
11 73 85
11 78 59
11 83 77
11 90 27
11 91 74
11 94 67
11 98 61
11 100 71
12 15 56
12 19 11
12 25 5
12 26 57
12 28 31
12 34 39
12 37 25
12 38 52
12 46 39
12 49 71
12 52 3
12 53 13
12 56 54
12 58 49
12 60 64
12 66 70
12 67 21
12 69 53
12 71 40
12 73 71
12 87 67
12 88 39
12 89 75
12 90 95
12 92 39
12 94 100
12 95 35
12 96 62
12 97 98
12 100 17
13 15 41
13 18 72
13 19 19
13 24 98
13 31 35
13 32 65
13 34 33
13 39 86
13 41 88
13 44 83
13 46 15
13 47 1
13 48 99
13 49 16
13 50 73
13 51 49
13 54 4
13 57 1
13 60 73
13 64 27
13 67 14
13 69 76
13 72 38
13 74 56
13 75 2
13 84 88
13 85 34
13 87 74
13 95 1
13 97 10
14 16 100
14 18 97
14 19 35
14 21 48
14 23 16
14 24 59
14 32 34
14 34 35
14 36 38
14 37 62
14 38 21
14 39 71
14 40 82
14 45 71
14 49 20
14 51 99
14 54 100
14 56 63
14 57 66
14 58 41
14 59 73
14 60 53
14 64 27
14 72 71
14 77 82
14 78 52
14 79 33
14 80 25
14 81 11
14 82 32
14 84 69
14 88 37
14 90 53
14 95 83
14 96 33
14 97 87
15 24 9
15 25 70
15 28 100
15 30 33
15 35 26
15 42 78
15 44 68
15 48 56
15 50 57
15 53 20
15 56 28
15 57 43
15 59 48
15 61 78
15 62 75
15 63 69
15 67 63
15 70 90
15 72 47
15 73 6
15 77 75
