100 4456 1
1 7 14
1 8 38
1 12 87
1 14 19
1 15 28
1 20 19
1 23 30
1 26 61
1 30 59
1 31 26
1 35 89
1 36 71
1 38 86
1 42 80
1 43 76
1 48 16
1 50 16
1 54 84
1 58 87
1 59 77
1 61 22
1 62 22
1 65 37
1 66 19
1 67 45
1 68 11
1 73 22
1 75 53
1 76 68
1 77 86
1 78 19
1 79 94
1 82 69
1 85 11
1 89 18
1 98 20
1 100 81
2 5 59
2 6 26
2 7 3
2 13 33
2 15 92
2 16 42
2 17 22
2 18 25
2 25 75
2 27 84
2 29 89
2 31 35
2 32 39
2 34 16
2 36 84
2 37 60
2 38 29
2 43 82
2 45 97
2 47 61
2 48 88
2 50 74
2 51 52
2 52 93
2 57 17
2 59 45
2 61 83
2 67 53
2 68 98
2 69 22
2 81 24
2 82 55
2 84 52
2 85 20
2 86 35
2 88 1
2 89 29
2 91 23
2 93 37
2 96 78
2 98 96
3 6 99
3 9 26
3 13 24
3 14 79
3 18 10
3 19 55
3 24 42
3 25 22
3 26 20
3 27 91
3 30 68
3 32 20
3 41 82
3 43 10
3 49 32
3 55 46
3 57 44
3 58 93
3 61 8
3 65 28
3 66 36
3 68 99
3 69 62
3 76 62
3 80 61
3 85 82
3 87 62
3 88 84
3 90 3
3 91 83
3 93 77
3 94 27
3 95 89
3 96 59
3 98 92
4 5 37
4 8 74
4 11 52
4 16 84
4 17 76
4 18 72
4 27 61
4 36 65
4 38 88
4 40 55
4 42 38
4 46 5
4 50 83
4 52 91
4 54 77
4 55 32
4 58 40
4 62 3
4 64 65
4 67 83
4 68 67
4 72 64
4 73 30
4 76 52
4 77 75
4 79 41
4 80 52
4 83 13
4 87 13
4 89 94
4 91 39
4 95 89
4 96 46
4 98 7
4 99 51
4 100 98
5 9 30
5 10 97
5 12 51
5 13 32
5 14 87
5 18 30
5 20 89
5 23 96
5 25 82
5 26 22
5 28 33
5 30 80
5 32 80
5 35 73
5 39 4
5 47 87
5 53 71
5 56 23
5 59 30
5 62 99
5 66 50
5 68 74
5 72 58
5 73 55
5 74 87
5 77 90
5 81 64
5 82 59
5 86 76
5 93 53
5 94 55
5 99 15
6 8 61
6 12 79
6 13 58
6 14 7
6 15 72
6 17 67
6 18 2
6 19 52
6 20 63
6 24 26
6 25 1
6 28 5
6 30 4
6 33 93
6 37 45
6 38 5
6 40 65
6 41 32
6 42 46
6 43 83
6 47 85
6 48 55
6 49 10
6 53 52
6 55 78
6 57 56
6 61 13
6 67 2
6 70 15
6 71 75
6 74 96
6 81 23
6 82 62
6 87 67
6 88 32
6 89 16
6 91 37
6 93 67
6 97 5
6 98 80
6 100 68
7 10 24
7 12 50
7 13 67
7 19 71
7 21 79
7 23 28
7 29 44
7 31 56
7 32 67
7 34 79
7 36 83
7 38 37
7 39 37
7 40 59
7 42 54
7 43 44
7 44 7
7 49 71
7 52 100
7 54 7
7 56 90
7 58 76
7 59 61
7 60 46
7 63 83
7 68 72
7 75 45
7 77 11
7 85 17
7 86 22
7 87 79
7 88 24
7 89 12
7 91 58
7 92 13
7 93 59
7 95 99
7 97 92
7 99 7
8 9 88
8 10 61
8 12 85
8 13 88
8 14 56
8 15 53
8 17 47
8 19 23
8 23 70
8 24 12
8 29 65
8 32 57
8 35 84
8 44 15
8 51 24
8 55 53
8 56 4
8 57 88
8 61 38
8 67 65
8 70 76
8 72 78
8 73 68
8 76 33
8 78 5
8 80 51
8 81 28
8 86 47
8 88 10
8 90 72
8 91 58
8 93 41
8 94 90
8 95 99
8 96 10
8 97 8
8 98 84
9 10 20
9 11 62
9 16 13
9 17 30
9 22 81
9 23 83
9 26 13
9 27 53
9 30 21
9 32 49
9 37 19
9 38 2
9 40 74
9 42 17
9 49 65
9 51 57
9 53 85
9 56 92
9 57 47
9 58 66
9 61 33
9 63 5
9 65 50
9 66 45
9 67 74
9 68 79
9 72 2
9 74 88
9 77 69
9 78 12
9 81 63
9 82 95
9 84 13
9 85 100
9 93 10
9 94 90
9 96 6
9 97 1
9 100 5
10 11 57
10 12 77
10 13 72
10 15 44
10 17 30
10 19 28
10 20 82
10 21 37
10 22 69
10 23 31
10 24 97
10 30 16
10 31 5
10 34 51
10 35 35
10 37 50
10 38 66
10 40 94
10 41 73
10 42 18
10 44 43
10 47 28
10 52 67
10 56 70
10 58 16
10 60 77
10 65 82
10 66 53
10 69 25
10 72 79
10 74 93
10 78 99
10 79 87
10 82 41
10 85 30
10 86 38
10 89 31
10 92 8
10 94 3
10 96 85
11 12 39
11 15 64
11 16 7
11 19 80
11 23 19
11 25 90
11 28 5
11 31 68
11 38 82
11 42 97
11 43 19
11 46 44
11 48 18
11 49 25
11 54 33
11 55 13
11 56 78
11 58 17
11 62 7
11 64 56
11 65 16
11 68 91
11 72 87
11 75 87
11 77 11
11 78 57
11 79 77
11 80 67
11 82 28
11 84 84
11 85 38
11 88 65
11 92 93
11 93 20
11 95 40
11 96 52
11 100 82
12 14 3
12 16 11
12 17 15
12 18 55
12 22 46
12 25 63
12 26 8
12 33 51
12 35 71
12 37 42
12 39 97
12 41 49
12 42 82
12 44 50
12 45 86
12 46 61
12 50 39
12 52 59
12 58 30
12 59 44
12 62 78
12 65 62
12 66 94
12 74 43
12 75 44
12 79 88
12 80 98
12 83 72
12 89 67
12 95 95
12 100 95
13 14 94
13 18 7
13 24 29
13 25 44
13 30 56
13 32 81
13 33 13
13 35 73
13 39 93
13 43 78
13 45 98
13 46 76
13 50 67
13 51 11
13 62 90
13 65 8
13 66 92
13 67 46
13 69 93
13 72 26
13 73 55
13 76 44
13 79 70
13 84 33
13 85 1
13 90 91
13 92 3
13 93 70
13 94 4
13 96 67
13 98 41
13 99 40
14 17 69
14 19 67
14 22 44
14 26 24
14 34 95
14 35 77
14 37 80
14 39 28
14 40 10
14 41 69
14 48 22
14 51 76
14 52 57
14 53 54
14 54 30
14 65 81
14 67 3
14 76 55
14 77 77
14 78 26
14 79 30
14 80 87
14 82 18
14 85 90
14 88 97
14 89 51
14 93 71
14 98 82
15 16 46
15 17 67
15 19 70
15 20 19
15 26 1
15 27 26
15 29 38
15 30 68
15 32 5
15 36 81
15 37 32
15 46 62
15 51 23
15 52 51
15 53 26
15 55 54
15 56 10
15 59 86
15 61 46
15 63 77
15 68 92
15 69 30
15 72 100
15 73 75
15 76 76
15 77 26
15 78 34
15 81 7
15 83 26
15 85 50
15 86 69
15 88 15
15 92 43
15 95 36
15 99 83
16 20 99
16 21 23
16 25 100
16 27 45
16 28 8
16 29 51
16 33 5
16 36 80
16 37 21
16 39 96
16 40 90
16 44 3
16 45 57
16 46 6
16 52 100
16 53 15
16 55 70
16 57 35
16 58 58
16 59 92
16 60 11
16 61 59
16 63 91
16 68 57
16 69 26
16 73 37
16 75 2
16 76 59
16 77 67
16 79 26
16 80 78
16 84 24
16 85 60
16 86 54
16 88 81
16 95 30
17 18 87
17 19 45
17 21 4
17 23 68
17 24 90
17 27 3
17 30 15
17 33 44
17 37 9
17 39 26
17 41 24
17 44 45
17 45 58
17 49 15
17 55 63
17 61 80
17 64 81
17 65 74
17 66 97
17 70 36
17 72 22
17 74 26
17 76 38
17 77 94
17 81 48
17 82 14
17 86 83
17 87 16
17 88 60
17 89 71
17 90 97
17 91 65
17 95 60
17 98 89
17 100 24
18 19 67
18 20 61
18 21 61
18 25 99
18 26 83
18 27 46
18 34 66
18 37 87
18 39 30
18 40 72
18 49 24
18 50 49
18 52 96
18 57 70
18 60 87
18 62 71
18 64 31
18 67 29
18 69 30
18 71 36
18 74 41
18 76 8
18 83 46
18 84 4
18 86 19
18 90 62
18 91 93
18 92 24
18 94 68
18 95 46
18 97 31
18 100 2
19 24 37
19 25 28
19 34 62
19 35 21
19 36 34
19 42 12
19 43 64
19 44 73
19 45 2
19 48 58
19 54 16
19 57 19
19 63 83
19 67 99
19 68 16
19 76 24
19 78 32
19 86 7
19 87 64
19 89 24
19 90 45
19 91 5
19 94 14
20 21 7
20 22 23
20 23 59
20 25 31
20 30 58
20 31 35
20 33 50
20 34 43
20 37 23
20 38 28
20 39 93
20 48 56
20 49 63
20 50 27
20 51 88
20 53 73
20 55 76
20 57 40
20 59 96
20 62 60
20 68 2
20 70 87
20 76 3
20 77 84
20 78 84
20 80 34
20 83 37
20 84 86
20 89 12
20 90 91
20 92 46
20 93 2
20 95 57
20 96 10
20 99 73
21 30 56
21 35 64
21 39 6
21 40 15
21 43 38
21 46 81
21 47 71
21 51 27
21 54 70
21 55 69
21 57 70
21 65 98
21 68 100
21 71 44
21 73 27
21 75 19
21 80 11
21 81 39
21 82 97
21 84 23
21 87 57
21 89 98
21 90 39
21 93 39
21 95 77
21 98 91
21 99 47
22 24 16
22 27 91
22 30 64
22 32 9
22 33 43
22 35 81
22 36 3
22 39 98
22 41 78
22 42 94
22 48 61
22 49 92
22 52 71
22 53 47
22 61 51
22 63 18
22 65 41
22 66 43
22 67 35
22 69 8
22 74 21
22 76 9
22 77 26
22 78 45
22 79 19
22 82 9
22 84 1
22 89 45
22 93 26
22 95 74
23 24 91
23 25 38
23 27 43
23 28 90
23 29 65
23 30 14
23 34 48
23 36 20
23 47 10
23 52 96
23 53 74
23 54 22
23 56 54
23 58 64
23 60 3
23 63 24
23 65 54
23 68 14
23 72 6
23 73 1
23 74 44
23 76 35
23 78 77
23 82 49
23 87 12
23 89 40
23 90 56
23 91 20
23 92 90
23 94 83
23 97 52
23 99 24
24 25 57
24 31 92
24 32 78
24 36 14
24 37 51
24 39 42
24 41 67
24 42 30
24 45 10
24 46 24
24 49 100
24 51 17
24 54 21
24 56 65
24 61 45
24 65 64
24 66 81
24 67 80
24 72 84
24 77 17
24 81 29
24 83 70
24 88 27
24 89 43
24 90 97
24 91 96
24 94 39
24 95 44
24 98 81
24 99 60
25 26 59
25 27 44
25 31 88
25 36 4
25 37 48
25 41 3
25 45 37
25 46 36
25 47 4
25 51 80
25 54 36
25 55 96
25 57 76
25 59 66
25 63 60
25 66 97
25 68 10
25 72 34
25 85 78
25 87 31
25 91 13
25 94 72
25 95 74
25 99 92
25 100 4
26 37 40
26 38 35
26 44 29
26 46 51
26 51 54
26 52 85
26 54 94
26 55 45
26 57 97
26 58 35
26 60 90
26 62 55
26 63 95
26 64 53
26 73 63
26 77 42
26 79 22
26 81 87
26 88 96
26 89 56
26 93 58
26 94 99
26 95 89
26 99 42
26 100 78
27 28 88
27 31 41
27 33 80
27 36 4
27 37 32
27 44 20
27 45 62
27 47 30
27 49 27
27 50 27
27 51 70
27 55 16
27 56 98
27 57 85
27 63 32
27 66 94
27 73 82
27 76 5
27 78 17
27 81 9
27 83 50
27 84 49
27 86 40
27 88 4
27 95 58
27 97 71
27 99 25
27 100 68
28 29 25
28 34 100
28 37 41
28 42 8
28 46 22
28 52 32
28 53 30
28 55 76
28 59 65
28 60 72
28 61 81
28 62 13
28 63 66
28 64 64
28 67 44
28 70 21
28 72 6
28 74 39
28 75 87
28 76 93
28 79 51
28 83 14
28 88 76
28 89 69
28 93 19
28 97 82
28 100 33
29 34 45
29 36 28
29 38 7
29 39 77
29 40 51
29 44 30
29 60 41
29 62 80
29 64 9
29 65 30
29 66 24
29 67 89
29 68 32
29 70 97
29 72 10
29 74 53
29 79 75
29 85 97
29 86 47
29 88 29
29 90 34
29 91 96
29 93 7
29 95 22
29 97 83
30 32 41
30 33 23
30 41 24
30 43 2
30 44 55
30 47 37
30 48 9
30 55 16
30 56 78
30 57 47
30 58 70
30 60 16
30 61 58
30 63 50
30 67 98
30 68 79
30 69 15
30 74 49
30 77 52
30 79 91
30 80 31
30 81 49
30 84 9
30 87 74
30 88 34
30 97 49
30 99 94
30 100 4
31 32 64
31 35 51
31 36 34
31 38 82
31 41 91
31 42 63
31 44 45
31 45 32
31 49 12
31 51 12
31 52 77
31 54 28
31 57 39
31 58 41
31 59 73
31 61 21
31 64 59
31 65 72
31 66 10
31 67 80
31 68 74
31 79 57
31 82 17
31 83 73
31 84 20
31 95 83
31 97 87
31 98 38
31 99 78
32 33 77
32 34 49
32 35 82
32 36 8
32 39 77
32 47 81
32 49 61
32 52 97
32 54 30
32 56 13
32 57 5
32 61 96
32 64 60
32 65 89
32 66 51
32 68 32
32 69 97
32 71 94
32 72 65
32 73 73
32 78 80
32 87 62
32 91 67
32 92 24
32 96 37
32 98 27
32 99 40
33 34 55
33 39 19
33 40 42
33 41 76
33 45 13
33 56 63
33 59 57
33 60 27
33 71 25
33 73 69
33 74 89
33 75 70
33 80 50
33 84 34
33 86 78
33 88 79
33 94 3
33 95 47
33 96 85
33 98 69
33 100 2
34 35 34
34 36 71
34 37 33
34 39 62
34 40 74
34 41 28
34 42 85
34 44 84
34 47 29
34 50 41
34 52 80
34 54 38
34 56 85
34 57 31
34 59 83
34 60 99
34 68 73
34 69 34
34 71 85
34 72 26
34 74 85
34 77 28
34 81 68
34 82 3
34 92 39
34 95 61
34 96 83
35 37 25
35 38 23
35 40 33
35 41 71
35 47 86
35 48 28
35 49 82
35 50 86
35 54 13
35 55 37
35 58 68
35 59 68
35 68 58
35 72 80
35 74 7
35 75 35
35 79 42
35 80 2
35 82 21
35 83 68
35 87 10
35 90 40
35 91 86
35 92 7
35 95 38
35 96 45
35 97 81
36 39 56
36 41 50
36 42 30
36 45 4
36 46 44
36 47 1
36 50 41
36 52 95
36 61 6
36 62 88
36 63 48
36 69 65
36 72 82
36 75 48
36 78 63
36 79 80
36 84 96
36 85 35
36 86 16
36 87 56
36 89 39
36 90 85
36 92 64
36 93 28
36 95 48
36 97 11
37 38 14
37 39 82
37 45 79
37 47 14
37 48 85
37 49 62
37 51 88
37 52 98
37 54 13
37 55 60
37 59 74
37 60 76
37 63 22
37 65 92
37 66 84
37 67 20
37 68 100
37 71 91
37 78 11
37 79 29
37 80 32
37 83 90
37 85 97
37 87 46
37 88 73
37 89 7
37 90 41
37 96 95
37 98 15
38 40 84
38 43 83
38 44 61
38 45 49
38 46 88
38 47 6
38 49 94
38 53 54
38 54 81
38 56 59
38 60 91
38 61 69
38 64 29
38 66 32
38 68 5
38 76 57
38 77 67
38 78 92
38 79 18
38 80 11
38 81 54
38 85 87
38 86 59
38 90 34
38 92 78
38 93 15
38 95 64
38 96 94
38 100 12
39 40 61
39 41 81
39 42 60
39 43 83
39 50 58
39 52 93
39 59 84
39 60 7
39 61 34
39 62 37
39 63 89
39 65 70
39 66 19
39 68 79
39 69 32
39 72 78
39 78 45
39 79 54
39 80 46
39 83 12
39 84 50
39 87 60
39 88 17
39 94 97
39 95 35
39 98 8
39 99 86
40 47 49
40 48 67
40 50 78
40 61 19
40 62 98
40 63 14
40 65 96
40 66 72
40 67 6
40 72 94
40 76 76
40 80 6
40 81 6
40 91 74
40 92 33
40 93 100
40 94 97
40 95 28
40 100 64
41 44 51
41 50 60
41 53 23
41 57 3
41 58 23
41 59 72
41 60 33
41 61 21
41 64 21
41 65 66
41 66 21
41 68 9
41 72 8
41 73 72
41 79 16
41 81 73
41 83 50
41 84 49
41 86 23
41 87 77
41 90 2
41 94 26
41 95 93
42 43 72
42 47 75
42 49 77
42 50 89
42 53 88
42 57 27
42 60 32
42 61 30
42 62 27
42 63 78
42 64 4
42 65 85
42 66 90
42 68 40
42 69 48
42 78 11
42 80 38
42 81 12
42 82 48
42 88 91
42 94 7
42 95 43
42 98 32
42 100 8
43 44 41
43 45 82
43 47 87
43 50 2
43 51 97
43 57 49
43 59 39
43 60 14
43 63 55
43 65 25
43 66 92
43 67 52
43 68 35
43 72 5
43 74 93
43 76 8
43 78 92
43 79 51
43 80 48
43 81 39
43 83 37
43 86 65
43 90 62
43 91 39
43 95 75
43 96 69
43 99 24
43 100 62
44 47 60
44 48 29
44 49 57
44 50 44
44 51 29
44 54 91
44 57 61
44 59 97
44 62 47
44 66 90
44 67 42
44 68 75
44 69 24
44 74 68
44 75 85
44 76 12
44 81 97
44 82 9
44 83 61
44 84 96
44 86 98
44 88 48
44 91 48
44 94 70
44 96 24
44 99 47
44 100 53
45 47 52
45 50 98
45 51 54
45 53 95
45 54 81
45 55 95
45 63 29
45 64 61
45 66 34
45 77 84
45 78 42
45 86 39
45 87 72
45 90 79
45 91 61
45 94 43
45 96 47
45 97 57
46 48 52
46 49 20
46 50 11
46 51 1
46 52 88
46 55 21
46 56 8
46 57 95
46 63 42
46 65 69
46 66 59
46 67 94
46 73 89
46 74 88
46 80 12
46 81 46
46 82 79
46 84 56
46 92 2
46 93 11
46 94 32
46 95 72
47 54 33
47 58 16
47 60 8
47 63 15
47 64 47
47 65 42
47 67 78
47 71 51
47 73 80
47 76 70
47 80 7
47 82 66
47 84 92
47 92 92
47 93 13
47 96 2
47 97 14
47 99 98
48 51 24
48 54 39
48 56 35
48 58 39
48 59 79
48 61 62
48 63 5
48 64 99
48 66 4
48 70 54
48 71 37
48 74 26
48 77 55
48 79 49
48 81 33
48 82 40
48 85 57
48 86 62
48 89 29
48 94 25
48 95 35
48 98 20
49 50 26
49 51 2
49 53 1
49 63 96
49 65 23
49 66 100
49 68 68
49 69 96
49 70 99
49 71 89
49 74 59
49 75 35
49 85 25
49 87 7
49 88 84
49 90 16
49 96 89
49 98 21
49 99 51
50 51 37
50 55 39
50 57 70
50 58 56
50 60 54
50 62 28
50 70 72
50 72 78
50 73 19
50 74 44
50 75 53
50 76 67
50 77 20
50 82 14
50 83 65
50 84 56
50 86 12
50 88 43
50 89 36
50 90 45
50 95 67
50 100 6
51 53 5
51 54 99
51 55 52
51 58 53
51 59 60
51 61 20
51 63 52
51 72 89
51 73 74
51 74 41
51 77 48
51 80 59
51 81 92
51 82 78
51 84 45
51 91 65
51 92 58
51 94 14
51 97 26
51 99 46
52 53 26
52 54 33
52 56 54
52 60 77
52 62 64
52 63 26
52 64 98
52 65 86
52 69 71
52 70 66
52 71 65
52 72 71
52 76 84
52 81 11
52 82 36
52 84 10
52 86 90
52 88 60
52 91 59
52 92 68
52 94 61
52 96 7
52 97 87
52 99 34
53 56 79
53 57 58
53 58 60
53 59 59
53 60 81
53 63 90
53 67 30
53 70 50
53 72 42
53 73 57
53 74 74
53 77 97
53 79 22
53 81 4
53 83 53
53 86 88
53 89 2
53 91 52
53 93 80
53 94 60
53 95 44
53 96 81
53 97 70
53 98 86
53 99 50
53 100 10
54 55 31
54 59 76
54 66 20
54 70 49
54 72 47
54 73 27
54 74 54
54 76 1
54 77 90
54 83 89
54 85 81
54 87 50
54 88 100
54 91 14
54 100 56
55 60 92
55 61 36
55 65 52
55 66 45
55 68 11
55 79 7
55 80 56
55 81 31
55 85 60
55 86 62
55 87 4
55 89 69
55 90 67
55 96 14
55 99 73
56 57 21
56 58 48
56 59 12
56 60 69
56 62 1
56 65 34
56 68 91
56 73 85
56 74 55
56 80 6
56 82 42
56 84 17
56 86 12
56 87 17
56 88 59
56 93 53
56 97 82
56 98 61
56 99 35
56 100 61
57 59 79
57 61 76
57 65 95
57 67 19
57 75 17
57 78 74
57 79 49
57 80 34
57 82 18
57 84 29
57 85 5
57 86 54
57 88 66
57 89 12
57 90 34
57 96 95
57 97 50
58 60 63
58 67 78
58 71 19
58 72 86
58 74 90
58 78 95
58 80 80
58 85 7
58 86 97
58 88 91
58 93 9
58 95 2
58 98 37
58 99 15
59 61 21
59 62 10
59 64 21
59 65 72
59 68 75
59 69 32
59 72 80
59 76 33
59 77 54
59 78 68
59 81 51
59 82 33
59 83 57
59 87 3
59 88 42
59 89 33
59 90 26
59 91 16
59 93 59
59 99 93
60 62 88
60 67 53
60 68 28
60 73 42
60 75 35
60 81 71
60 84 58
60 86 82
60 90 78
60 96 98
60 97 85
60 98 50
61 62 30
61 65 23
61 66 40
61 67 15
61 68 14
61 71 85
61 73 74
61 78 74
61 81 34
61 82 9
61 84 52
61 85 62
61 86 10
61 87 57
61 93 72
61 94 66
61 95 69
61 98 34
61 99 66
62 66 51
62 67 2
62 69 41
62 72 98
62 73 83
62 75 74
62 78 32
62 81 65
62 83 9
62 84 13
62 87 19
62 89 2
62 90 20
62 92 74
62 93 15
62 95 97
62 99 54
63 71 18
63 76 1
63 80 84
63 81 59
63 83 11
63 86 100
63 91 68
63 96 23
63 98 46
63 100 86
64 66 53
64 67 73
64 72 26
64 78 94
64 80 13
64 81 56
64 85 83
64 87 32
64 90 62
65 66 86
65 71 55
65 72 77
65 74 1
65 75 27
65 76 85
65 79 40
65 83 48
65 85 18
65 97 82
65 98 85
65 100 60
66 67 49
66 68 51
66 71 73
66 73 32
66 75 16
66 76 19
66 77 4
66 78 70
66 82 15
66 83 65
66 91 58
66 92 87
66 93 17
66 96 9
67 69 9
67 71 36
67 72 71
67 73 93
67 74 69
67 79 72
67 82 39
67 86 6
67 88 17
67 89 72
67 94 11
67 97 21
67 98 99
67 100 16
68 71 40
68 72 36
68 74 69
68 76 35
68 84 19
68 85 27
68 86 24
68 87 23
68 88 29
68 95 37
68 97 20
68 98 88
69 70 27
69 71 86
69 73 81
69 74 95
69 75 42
69 81 27
69 82 48
69 83 46
69 89 68
69 90 31
69 95 51
69 99 86
70 72 96
70 75 19
70 81 38
70 84 81
70 85 34
70 86 56
70 92 55
70 96 55
70 97 24
70 99 96
71 77 98
71 78 15
71 80 48
71 82 96
71 85 21
71 93 71
71 94 28
71 96 40
71 97 7
71 99 33
72 78 14
72 79 9
72 82 51
72 84 49
72 87 46
72 88 11
72 89 78
72 91 64
72 95 97
72 96 72
72 97 57
72 98 69
72 100 51
73 74 43
73 79 47
73 80 56
73 83 63
73 84 2
73 87 56
73 88 74
73 90 47
73 91 98
73 92 18
73 93 54
73 96 68
73 98 75
74 77 49
74 78 58
74 80 87
74 81 5
74 83 85
74 87 51
74 89 16
74 91 93
74 97 4
74 98 26
75 76 24
75 79 32
75 81 66
75 83 11
75 85 20
75 90 82
75 91 33
75 93 49
75 94 67
75 95 45
75 98 86
75 99 4
76 78 7
76 81 43
76 84 45
76 86 31
76 87 31
76 88 24
76 92 44
76 94 12
76 96 19
76 97 11
76 100 22
77 78 71
77 82 19
77 83 54
77 85 91
77 88 38
77 89 63
77 93 23
77 94 88
77 98 84
77 99 14
77 100 72
78 79 4
78 80 10
78 82 29
78 85 41
78 86 11
78 88 60
78 95 37
78 96 19
78 99 91
78 100 83
79 83 3
79 87 5
79 88 73
79 89 30
79 91 9
79 92 2
79 93 69
79 95 97
79 98 79
79 100 79
80 85 6
80 86 95
80 88 40
80 90 18
80 94 98
80 98 48
81 85 32
81 86 61
81 90 96
81 91 86
81 93 56
81 95 2
81 97 24
82 83 1
82 94 39
82 95 20
82 97 16
82 100 11
83 92 32
83 95 51
83 96 1
83 97 49
83 99 56
84 87 46
84 88 65
84 90 55
84 94 83
84 97 8
85 86 26
85 96 36
85 97 85
85 100 96
86 89 7
86 90 45
86 92 13
86 98 75
87 88 85
87 96 19
87 97 32
87 98 47
87 100 37
88 91 58
88 92 69
88 94 13
89 90 32
89 94 10
89 95 48
89 96 73
89 97 53
89 99 65
89 100 21
90 94 99
90 96 66
91 95 26
91 96 49
91 97 76
92 94 25
92 95 50
93 94 92
93 96 74
94 97 27
94 98 60
94 100 42
95 97 25
96 99 27
97 98 84
97 99 95
98 99 78
98 100 98
99 100 29
1 3 21
1 5 34
1 8 17
1 15 81
1 22 93
1 23 52
1 24 77
1 26 22
1 28 96
1 30 5
1 32 100
1 35 9
1 41 15
1 42 75
1 43 57
1 52 31
1 53 26
1 59 60
1 60 75
1 61 82
1 62 92
1 66 28
1 71 73
1 73 22
1 74 12
1 76 70
1 77 50
1 81 21
1 90 70
1 91 72
1 92 81
1 94 100
1 96 27
1 97 4
1 99 99
2 3 58
2 6 73
2 7 44
2 11 10
2 16 53
2 17 79
2 18 85
2 22 12
2 30 36
2 38 25
2 39 78
2 40 45
2 41 63
2 47 79
2 48 8
2 49 88
2 55 41
2 60 38
2 63 54
2 64 67
2 65 63
2 69 42
2 72 99
2 76 70
2 78 39
2 79 52
2 80 8
2 83 3
2 85 12
2 86 93
2 90 59
2 91 41
2 92 93
2 93 74
3 4 96
3 6 53
3 10 45
3 14 50
3 16 37
3 17 77
3 19 89
3 21 94
3 27 42
3 30 37
3 31 74
3 32 4
3 33 30
3 35 57
3 38 91
3 45 78
3 46 53
3 47 22
3 57 56
3 60 54
3 68 30
3 72 48
3 76 18
3 80 17
3 83 37
3 85 83
3 86 95
3 88 88
3 93 7
3 94 41
3 96 69
3 100 41
4 5 9
4 8 29
4 10 20
4 11 36
4 14 16
4 17 20
4 18 95
4 20 96
4 21 92
4 22 89
4 24 79
4 30 30
4 31 82
4 33 80
4 34 49
4 37 94
4 44 72
4 49 73
4 52 20
4 54 3
4 58 58
4 60 27
4 62 94
4 66 73
4 68 15
4 69 91
4 71 51
4 74 94
4 75 8
4 76 35
4 79 70
4 81 10
4 83 48
4 85 9
4 86 46
4 90 30
4 91 56
4 95 10
4 96 4
4 99 48
4 100 8
5 6 33
5 8 84
5 9 77
5 11 97
5 12 56
5 16 22
5 17 58
5 18 95
5 19 78
5 20 67
5 25 10
5 26 1
5 35 59
5 36 72
5 39 83
5 40 64
5 41 69
5 43 97
5 51 87
5 52 71
5 61 24
5 62 68
5 64 23
5 69 80
5 72 11
5 74 32
5 75 26
5 77 70
5 79 97
5 86 36
5 89 41
5 92 50
5 96 78
5 98 81
5 100 20
6 8 92
6 10 16
6 11 62
6 19 99
6 20 18
6 21 3
6 26 73
6 27 14
6 29 22
6 32 80
6 37 36
6 40 99
6 45 79
6 50 78
6 51 31
6 53 74
6 54 79
6 56 17
6 57 78
6 58 69
6 59 38
6 60 40
6 61 81
6 65 73
6 67 56
6 71 95
6 73 69
6 74 77
6 76 97
6 78 97
6 80 36
6 83 29
6 85 78
6 86 97
6 95 99
6 96 24
6 98 15
7 8 53
7 10 1
7 11 31
7 13 41
7 15 89
7 23 6
7 25 38
7 32 4
7 35 51
7 36 65
7 44 1
7 45 66
7 47 18
7 48 1
7 49 41
7 50 60
7 52 60
7 53 1
7 56 72
7 59 91
7 62 71
7 66 34
7 68 52
7 69 52
7 70 91
7 71 99
7 75 93
7 76 84
7 79 81
7 80 75
7 81 56
7 83 21
7 84 7
7 88 79
7 90 94
7 94 99
7 95 35
7 96 61
8 14 72
8 21 1
8 25 31
8 26 40
8 27 80
8 28 100
8 32 8
8 34 28
8 35 16
8 36 9
8 37 94
8 39 97
8 43 15
8 45 67
8 46 17
8 49 16
8 50 70
8 52 92
8 53 25
8 55 80
8 57 68
8 59 53
8 64 67
8 67 23
8 69 83
8 70 78
8 71 76
8 72 88
8 73 87
8 76 36
8 81 10
8 83 32
8 84 76
8 86 89
8 88 5
8 91 60
8 93 72
8 95 58
8 96 44
8 97 50
8 99 74
8 100 85
9 10 42
9 11 48
9 12 27
9 13 5
9 16 78
9 17 5
9 21 98
9 26 97
9 29 36
9 30 13
9 31 52
9 35 78
9 38 18
9 42 73
9 44 60
9 46 33
9 47 47
9 48 11
9 49 51
9 50 5
9 55 8
9 56 91
9 59 12
9 65 73
9 66 4
9 68 53
9 70 15
9 74 33
9 75 39
9 77 40
9 80 11
9 86 76
9 88 30
9 89 24
9 90 78
9 91 54
9 94 37
9 96 44
9 97 3
9 98 8
9 99 47
9 100 24
10 15 44
10 21 76
10 25 86
10 26 38
10 27 88
10 30 74
10 33 3
10 36 31
10 37 72
10 38 94
10 44 31
10 50 61
10 51 88
10 53 14
10 56 4
10 60 62
10 62 10
10 68 23
10 80 48
10 82 32
10 83 10
10 85 69
10 86 7
10 89 60
10 93 97
10 94 82
10 98 73
10 99 16
10 100 41
11 13 15
11 15 84
11 26 79
11 29 37
11 31 42
11 36 91
11 37 77
11 38 20
11 39 47
11 46 31
11 47 78
11 50 46
11 52 84
11 54 34
11 55 54
11 56 72
11 57 1
11 58 95
11 59 74
11 61 32
11 62 58
11 63 70
11 68 84
11 72 73
11 73 13
11 74 67
11 79 38
11 85 98
11 88 45
11 90 62
11 92 31
11 94 58
11 96 89
12 13 5
12 14 28
12 18 27
12 20 99
12 23 49
12 26 60
12 29 44
12 31 2
12 38 1
12 39 75
12 42 71
12 46 87
12 47 26
12 48 89
12 49 68
12 50 23
12 53 42
12 57 20
12 59 14
12 61 20
12 62 3
12 67 84
12 71 80
12 72 13
12 74 58
12 75 94
12 76 68
12 79 21
12 81 2
12 84 15
12 85 53
12 89 54
12 90 35
12 91 30
12 92 95
12 94 11
12 98 87
13 19 1
13 27 44
13 29 65
13 30 28
13 31 81
13 34 61
13 36 14
13 37 72
13 39 51
13 40 52
13 42 1
13 45 79
13 51 93
13 55 58
13 56 29
13 57 87
13 58 65
13 64 37
13 66 36
13 70 23
13 74 58
13 79 9
13 80 33
13 81 40
13 83 34
13 84 55
13 85 43
13 87 86
13 89 99
13 90 3
13 92 21
13 93 95
13 95 39
13 97 60
13 100 88
14 15 24
14 19 65
14 25 25
14 27 69
14 28 32
14 30 32
14 36 10
14 37 90
14 42 7
14 43 73
14 45 50
14 48 59
14 49 64
14 50 60
14 51 54
14 55 25
14 56 10
14 57 44
14 58 68
14 61 37
14 63 43
14 64 35
14 65 13
14 66 18
14 69 78
14 72 52
14 75 88
14 77 24
14 78 4
14 80 13
14 84 96
14 87 92
14 89 4
14 90 28
14 91 35
14 93 31
14 94 2
14 95 18
14 96 90
14 97 37
14 98 46
14 99 42
15 21 4
15 25 8
15 30 11
15 34 19
15 39 9
15 40 97
15 41 84
15 42 98
15 45 49
15 48 14
15 49 47
15 52 80
15 53 13
15 54 20
15 56 97
15 57 94
15 58 80
15 59 30
15 63 43
15 64 93
15 66 12
15 69 17
15 73 19
15 76 43
15 88 17
15 94 82
15 95 42
15 96 79
15 97 10
15 98 82
15 99 21
15 100 34
16 18 19
16 20 78
16 25 51
16 33 92
16 35 82
16 37 83
16 39 47
16 43 55
16 49 61
16 51 34
16 53 3
16 56 93
16 58 5
16 63 53
16 68 65
16 71 63
16 72 88
16 76 95
16 77 66
16 80 89
16 83 81
16 84 47
16 85 25
16 87 13
16 93 16
16 94 47
16 98 18
17 19 55
17 23 75
17 25 10
17 27 18
17 34 4
17 37 70
17 38 69
17 42 84
17 43 25
17 45 80
17 46 23
17 49 64
17 50 58
17 53 73
17 57 19
17 58 37
17 61 6
17 63 74
17 64 57
17 67 59
17 68 74
17 73 1
17 84 7
17 87 61
17 88 6
17 89 11
17 90 46
17 92 60
17 94 4
18 20 93
18 23 98
18 25 95
18 32 41
18 38 48
18 41 60
18 48 24
18 49 67
18 50 50
18 62 68
18 66 50
18 67 16
18 68 30
18 69 4
18 70 97
18 71 64
18 73 83
18 74 54
18 75 28
18 78 47
18 81 24
18 82 2
18 83 39
18 84 3
18 87 30
18 90 75
18 92 20
18 95 74
18 98 52
18 99 81
19 21 100
19 22 59
19 30 39
19 31 10
19 34 67
19 38 38
19 41 37
19 42 48
19 43 94
19 45 36
19 48 78
19 49 62
19 52 4
19 54 54
19 55 90
19 58 3
19 59 49
19 62 50
19 66 47
19 68 65
19 69 29
19 70 76
19 88 73
19 89 88
19 96 57
19 99 30
20 21 43
20 28 33
20 29 81
20 31 99
20 33 43
20 36 17
20 37 90
20 40 25
20 43 39
20 44 28
20 45 56
20 46 18
20 50 45
20 55 22
20 56 21
20 59 16
20 60 30
20 61 50
20 65 97
20 74 74
20 82 10
20 83 14
20 84 79
20 86 86
20 87 73
20 90 88
20 97 5
20 99 57
20 100 97
21 23 35
21 24 26
21 28 95
21 31 93
21 32 89
21 35 36
21 39 16
21 40 95
21 41 39
21 42 4
21 45 41
21 47 32
21 49 15
21 50 37
21 51 86
21 58 45
21 61 19
21 62 75
21 64 51
21 65 13
21 68 52
21 69 49
21 72 4
21 74 23
21 75 20
21 77 2
21 81 29
21 89 4
21 92 97
21 93 21
21 94 21
21 96 40
21 100 3
22 23 50
22 27 13
22 28 41
22 29 87
22 30 28
22 34 16
22 35 25
22 36 16
22 39 87
22 40 38
22 41 43
22 42 2
22 52 38
22 62 96
22 68 43
22 69 54
22 74 32
22 75 90
22 79 15
22 80 86
22 81 54
22 82 52
22 85 6
22 87 89
22 93 47
22 94 68
22 98 34
22 100 7
23 24 20
23 25 95
23 29 51
23 33 82
23 38 2
23 41 62
23 42 62
23 43 57
23 44 55
23 47 86
23 49 30
23 50 67
23 52 45
23 53 10
23 54 51
23 63 83
23 64 15
23 67 51
23 68 61
23 70 34
23 71 42
23 74 75
23 77 90
23 78 93
23 80 36
23 82 90
23 84 46
23 89 59
23 92 34
23 97 46
23 98 19
23 99 41
23 100 21
24 29 44
24 33 42
24 36 15
24 39 42
24 40 11
24 47 2
24 48 47
24 52 72
24 53 55
24 54 58
24 55 75
24 56 53
24 57 73
24 60 67
24 61 13
24 64 54
24 66 66
24 70 84
24 74 17
24 75 97
24 77 78
24 78 98
24 79 18
24 81 64
24 82 79
24 83 88
24 84 48
24 86 15
24 89 37
24 91 58
24 92 54
24 93 43
24 94 11
24 95 74
24 96 61
24 98 66
24 100 93
25 28 1
25 31 26
25 33 1
25 39 23
25 41 88
25 44 23
25 46 52
25 48 74
25 49 9
25 50 42
25 52 65
25 54 17
25 58 52
25 59 37
25 60 13
25 61 29
25 66 63
25 69 82
25 71 49
25 74 44
25 75 45
25 81 52
25 82 66
25 83 42
25 84 98
25 87 8
25 89 18
25 91 43
25 93 72
25 96 53
25 98 16
26 32 22
26 33 31
26 34 58
26 36 100
26 40 80
26 43 13
26 44 73
26 45 20
26 46 47
26 49 79
26 52 59
26 53 7
26 54 43
26 55 53
26 59 87
26 61 38
26 62 1
26 65 83
26 69 86
26 71 1
26 72 85
26 73 60
26 75 58
26 82 16
26 83 35
26 84 31
26 85 2
26 89 26
26 92 68
26 95 94
26 96 42
26 98 100
27 29 2
27 32 47
27 35 59
27 36 25
27 38 5
27 43 79
27 44 74
27 45 66
27 46 74
27 48 34
27 56 80
27 57 81
27 58 44
27 60 6
27 65 13
27 74 79
27 75 6
27 77 41
27 80 87
27 81 46
27 82 84
27 83 88
27 85 81
27 86 1
27 93 77
27 98 53
28 31 46
28 41 4
28 44 45
28 48 95
28 52 34
28 53 98
28 55 66
28 56 92
28 57 46
28 63 1
28 65 92
28 66 27
28 68 44
28 71 41
28 73 34
28 75 72
28 79 34
28 83 68
28 85 56
28 86 35
28 87 6
28 91 67
28 92 36
28 96 43
28 99 55
29 31 58
29 34 90
29 35 90
29 36 3
29 37 20
29 38 63
29 42 25
29 44 34
29 53 22
29 56 38
29 57 44
29 60 86
29 66 84
29 68 66
29 71 47
29 72 83
29 73 12
29 74 11
29 78 78
29 86 42
29 88 62
29 92 31
29 94 82
29 95 35
29 96 4
29 98 17
30 32 85
30 33 99
30 34 32
30 36 44
30 39 37
30 42 8
30 44 48
30 45 93
30 52 66
30 53 15
30 54 2
30 55 75
30 56 86
30 60 99
30 66 87
30 70 44
30 71 94
30 74 49
30 76 47
30 78 63
30 91 9
30 92 30
30 95 2
30 96 93
30 99 66
31 34 73
31 35 6
31 38 71
31 40 61
31 42 5
31 47 58
31 48 36
31 49 38
31 51 19
31 52 61
31 53 67
31 56 74
31 58 81
31 59 6
31 61 5
31 65 36
31 67 4
31 69 94
31 70 56
31 71 11
31 74 3
31 75 2
31 76 55
31 78 76
31 79 86
31 82 51
31 87 81
31 93 13
31 94 79
31 95 2
31 96 92
32 33 80
32 35 76
32 36 82
32 37 73
32 40 11
32 41 7
32 42 23
32 44 97
32 49 84
32 52 34
32 62 6
32 64 49
32 77 66
32 78 36
32 79 44
32 81 17
32 82 2
32 84 22
32 85 36
32 86 76
32 87 5
32 88 80
32 93 36
32 94 41
32 99 2
33 36 66
33 38 28
33 39 32
33 41 48
33 42 95
33 44 81
33 49 21
33 50 31
33 51 6
33 52 72
33 54 24
33 56 71
33 59 79
33 63 41
33 67 59
33 68 36
33 69 40
33 71 47
33 72 92
33 73 24
33 75 12
33 76 28
33 80 60
33 83 57
33 85 41
33 87 35
33 90 24
33 91 46
33 92 17
33 93 45
33 94 59
33 98 4
33 99 40
34 35 67
34 44 100
34 45 69
34 48 10
34 50 87
34 52 23
34 57 37
34 58 28
34 60 42
34 63 61
34 64 96
34 65 87
34 67 85
34 69 1
34 71 52
34 72 89
34 77 25
34 78 82
34 79 71
34 80 31
34 88 38
34 93 53
34 95 24
34 96 25
34 97 76
34 100 58
35 36 45
35 38 59
35 40 36
35 41 84
35 45 31
35 47 6
35 48 69
35 49 8
35 50 17
35 51 10
35 53 55
35 62 71
35 63 53
35 64 100
35 67 78
35 69 75
35 70 63
35 73 87
35 78 93
35 82 19
35 86 61
35 90 37
35 91 15
35 92 14
35 95 50
35 96 30
35 100 43
36 39 31
36 40 41
36 42 77
36 43 88
36 45 86
36 46 26
36 47 61
36 50 90
36 53 79
36 55 5
36 61 6
36 63 16
36 64 88
36 67 25
36 69 78
36 71 86
36 72 87
36 74 96
36 75 47
36 78 76
36 79 91
36 80 95
36 81 20
36 85 89
36 87 47
36 95 4
36 98 27
36 100 42
37 39 21
37 40 94
37 42 56
37 43 1
37 45 39
37 46 30
37 47 14
37 51 57
37 52 67
37 57 19
37 58 90
37 60 30
37 61 30
37 62 74
37 67 94
37 68 84
37 76 14
37 79 40
37 83 23
37 84 68
37 88 59
37 94 93
37 96 29
38 40 2
38 42 23
38 48 90
38 52 63
38 54 65
38 60 12
38 66 12
38 67 36
38 71 95
38 72 9
38 78 81
38 79 46
38 85 72
38 86 26
38 87 2
38 92 66
38 97 85
39 40 8
39 41 33
39 44 24
39 46 1
39 48 22
39 49 2
39 51 51
39 53 97
39 57 92
39 59 82
39 60 28
39 62 46
39 64 72
39 65 85
39 66 85
39 67 76
39 68 58
39 71 47
39 74 43
39 80 31
39 82 100
39 84 96
39 85 83
39 86 3
39 88 26
39 92 57
39 93 22
39 97 65
39 99 68
40 42 17
40 43 65
40 46 92
40 47 65
40 49 13
40 51 70
40 52 50
40 57 58
40 58 49
40 59 34
40 60 76
40 61 29
40 64 19
40 68 35
40 70 36
40 72 26
40 73 9
40 79 62
40 83 81
40 86 39
40 88 19
40 89 91
40 90 57
40 91 58
40 92 44
40 95 10
40 99 15
41 43 1
41 45 84
41 47 47
41 49 32
41 52 8
41 53 78
41 54 2
41 59 63
41 67 30
41 71 34
41 72 34
41 74 8
41 77 71
41 80 1
41 83 26
41 84 86
41 92 51
41 93 84
41 95 96
41 96 21
41 97 59
41 99 48
42 45 42
42 46 34
42 50 43
42 51 53
42 54 5
42 55 43
42 56 81
42 59 85
42 62 48
42 64 60
42 65 26
42 70 8
42 74 2
42 82 4
42 85 3
42 86 26
42 88 64
42 89 100
42 90 38
42 92 52
42 94 82
42 95 85
42 96 51
42 98 7
42 99 17
43 45 5
43 46 97
43 47 23
43 49 53
43 51 81
43 53 41
43 55 55
43 64 40
43 66 1
43 68 71
43 72 17
43 79 22
43 81 7
43 82 37
43 83 91
43 86 8
43 87 74
43 89 17
43 90 46
43 93 9
43 96 49
43 97 36
44 49 23
44 50 54
44 51 33
44 52 55
44 55 77
44 57 29
44 60 43
44 64 74
44 65 87
44 66 11
44 68 62
44 69 5
44 70 17
44 71 95
44 74 18
44 77 47
44 79 23
44 84 15
44 90 30
44 93 37
44 94 79
44 95 52
44 99 46
44 100 12
45 46 97
45 51 52
45 53 97
45 54 2
45 60 73
45 61 42
45 62 70
45 67 44
45 72 64
45 73 100
45 74 22
45 75 70
45 76 22
45 77 14
45 78 74
45 79 27
45 81 78
45 84 57
45 86 73
45 89 68
45 93 37
45 94 90
45 96 89
45 97 47
46 47 77
46 49 44
46 51 13
46 54 66
46 56 10
46 58 95
46 65 21
46 68 22
46 70 21
46 72 15
46 74 26
46 75 46
46 81 12
46 83 73
46 87 61
46 88 98
46 92 65
46 94 59
46 97 19
46 98 59
46 99 40
47 48 65
47 49 35
47 50 43
47 51 37
47 55 91
47 59 5
47 60 52
47 61 78
47 62 72
47 72 81
47 77 74
47 79 88
47 80 73
47 81 52
47 82 96
47 83 93
47 87 82
47 88 16
47 89 46
47 91 35
47 92 100
47 93 59
47 94 86
47 95 58
47 96 14
47 97 61
47 98 97
48 52 82
48 55 90
48 57 42
48 59 29
48 60 81
48 61 91
48 64 39
48 66 12
48 75 85
48 76 7
48 78 17
48 81 60
48 83 73
48 85 85
48 87 19
48 88 58
48 89 56
48 91 38
48 92 29
48 100 87
49 50 53
49 53 38
49 55 34
49 57 25
49 60 48
49 61 29
49 62 13
49 63 63
49 70 18
49 74 55
49 76 31
49 78 13
49 80 49
49 83 53
49 85 7
49 90 67
49 93 79
49 94 44
49 96 87
50 52 53
50 55 68
50 56 9
50 58 42
50 60 11
50 61 50
50 62 83
50 64 82
50 65 27
50 66 17
50 69 78
50 70 68
50 77 60
50 80 95
50 81 44
50 90 80
50 97 65
50 98 75
50 99 27
50 100 4
51 52 72
51 53 1
51 54 65
51 57 87
51 58 32
51 60 70
51 63 82
51 64 13
51 66 45
51 67 43
51 68 19
51 69 70
51 70 4
51 73 61
51 75 59
51 77 18
51 83 89
51 85 33
51 86 20
51 87 76
51 89 83
51 93 37
51 94 1
51 97 90
51 100 71
52 55 84
52 59 77
52 60 82
52 63 79
52 67 39
52 68 48
52 75 56
52 76 54
52 80 66
52 82 87
52 84 25
52 89 54
52 92 43
52 94 39
52 95 19
52 96 59
52 97 84
53 55 25
53 59 64
53 61 31
53 65 32
53 66 39
53 69 56
53 72 73
53 74 59
53 76 92
53 80 80
53 89 62
53 95 3
53 97 57
53 99 59
54 55 98
54 56 44
54 60 69
54 63 69
54 66 84
54 69 10
54 72 96
54 73 15
54 77 29
54 80 82
54 81 15
54 82 27
54 90 30
54 91 69
54 94 78
54 97 96
54 100 36
55 56 49
55 59 86
55 60 43
55 63 35
55 66 6
55 69 55
55 71 49
55 72 13
55 75 9
55 82 41
55 83 28
55 85 60
55 86 59
55 88 16
55 90 69
55 91 93
55 92 11
55 97 43
55 98 4
55 99 77
56 57 18
56 61 75
56 62 47
56 65 74
56 67 79
56 70 86
56 72 25
56 73 67
56 79 8
56 80 96
56 81 10
56 87 97
56 88 50
56 92 60
56 95 50
56 97 98
56 98 42
57 61 64
57 62 41
57 64 79
57 66 84
57 68 34
57 69 48
57 71 14
57 72 88
57 73 49
57 74 47
57 77 16
57 81 65
57 85 72
57 88 69
57 89 76
57 91 54
57 94 82
57 95 39
57 96 30
58 60 89
58 63 35
58 64 67
58 66 3
58 69 35
58 72 20
58 73 96
58 75 70
58 76 18
58 77 3
58 78 18
58 80 49
58 83 84
58 85 64
58 87 48
58 89 1
58 91 46
58 93 35
58 94 99
58 95 46
58 96 15
58 97 14
58 98 55
58 100 90
59 61 56
59 64 77
59 66 20
59 67 69
59 68 68
59 71 76
59 72 83
59 73 48
59 76 86
59 78 53
59 79 32
59 83 29
59 88 81
59 89 7
59 90 89
59 91 70
59 93 8
59 96 85
59 98 95
60 62 16
60 66 6
60 74 20
60 76 7
60 80 56
60 83 50
60 84 97
60 86 75
60 89 36
60 90 45
60 91 85
60 92 15
60 93 42
60 96 4
60 97 67
61 64 26
61 66 52
61 71 10
61 73 56
61 76 63
61 79 83
61 82 34
61 85 35
61 91 88
61 93 29
61 94 41
61 95 66
61 96 16
61 97 37
61 100 21
62 63 57
62 64 83
62 72 10
62 74 55
62 80 79
62 82 17
62 83 40
62 85 83
62 90 84
62 91 70
62 97 13
62 98 3
63 65 4
63 67 1
63 70 82
63 73 100
63 74 53
63 75 75
63 79 33
63 80 12
63 81 23
63 85 80
63 86 15
63 90 89
63 94 66
63 95 32
63 96 33
63 100 35
64 65 79
64 66 8
64 67 34
64 72 44
64 74 60
64 75 54
64 76 80
64 78 57
64 82 1
64 85 9
64 87 14
64 89 70
64 90 95
64 92 37
64 95 31
64 99 100
65 77 83
65 78 32
65 82 47
65 86 20
65 91 7
65 94 71
65 95 53
65 97 21
66 68 79
66 69 92
66 81 47
66 84 41
66 87 30
66 89 2
66 90 62
66 92 22
66 94 55
66 97 47
67 71 56
67 79 59
67 81 67
67 82 75
67 85 53
67 88 73
67 90 69
67 91 85
67 92 63
67 99 74
68 69 52
68 71 37
68 73 24
68 75 36
68 77 53
68 78 82
68 84 49
68 85 53
68 86 79
68 87 51
68 88 54
68 89 20
68 90 78
68 91 85
68 92 34
68 93 53
68 96 85
69 70 86
69 75 13
69 77 67
69 78 38
69 79 52
69 80 21
69 83 86
69 86 71
69 87 62
69 92 58
69 94 68
69 96 36
69 99 80
70 72 70
70 79 53
70 80 25
70 85 75
70 90 43
70 91 25
70 92 35
70 93 28
70 97 22
71 72 85
71 74 47
71 76 72
71 77 21
71 80 12
71 84 27
71 85 72
71 94 5
71 95 98
71 99 89
72 73 57
72 76 9
72 77 68
72 82 71
72 86 62
72 90 45
72 92 83
72 96 98
72 99 38
73 77 20
73 78 82
73 79 28
73 80 8
73 81 98
73 83 67
73 86 74
73 87 87
73 89 66
73 91 46
73 93 67
73 98 75
73 99 78
74 78 23
74 79 35
74 84 26
74 91 82
74 95 1
74 97 15
74 100 24
75 76 53
75 78 16
75 79 23
75 84 12
75 85 13
75 86 71
75 87 49
75 89 66
75 96 82
75 97 42
75 98 56
76 78 73
76 85 100
76 87 88
76 89 51
76 91 90
76 92 90
76 97 43
76 98 28
76 100 56
77 79 73
77 80 15
77 83 56
77 85 53
77 86 60
77 93 19
77 94 16
77 95 3
77 96 81
77 99 15
77 100 96
78 79 32
78 83 62
78 91 98
78 92 50
78 97 27
79 80 83
79 88 17
79 89 96
79 91 92
79 92 16
79 93 40
79 95 82
79 96 83
80 82 7
80 84 79
80 86 95
80 90 91
80 95 60
80 98 65
80 100 31
81 84 66
81 85 14
81 86 85
81 88 48
81 90 32
81 92 57
81 95 71
81 97 89
81 98 62
81 99 99
81 100 32
82 84 4
82 85 46
82 90 11
82 91 61
82 93 46
82 94 11
82 95 71
82 100 9
83 84 17
83 85 100
83 89 69
83 93 86
83 97 35
83 98 8
83 99 72
84 90 22
84 94 43
84 96 43
84 97 52
85 86 47
85 87 80
85 88 61
85 89 5
85 90 80
85 91 11
85 92 82
85 94 73
85 95 78
86 90 46
86 93 11
86 95 91
86 96 89
86 99 12
87 88 22
87 89 18
87 91 17
87 95 39
87 99 66
87 100 55
88 89 69
88 92 58
88 93 4
88 94 66
88 96 7
88 97 83
88 98 84
88 99 50
89 91 60
89 97 51
89 98 61
89 100 29
90 94 14
90 95 5
90 96 63
90 98 51
91 97 15
91 100 11
92 94 10
92 99 62
93 97 22
94 96 72
94 97 35
95 96 65
95 97 30
96 97 16
96 100 84
97 98 7
97 99 27
98 99 96
99 100 53
1 3 42
1 4 80
1 5 56
1 7 13
1 11 40
1 12 94
1 17 81
1 22 50
1 26 46
1 27 17
1 30 40
1 31 49
1 33 14
1 36 16
1 37 92
1 38 84
1 44 89
1 52 61
1 54 21
1 56 44
1 58 71
1 60 86
1 61 91
1 62 22
1 63 56
1 64 5
1 65 82
1 70 64
1 72 1
1 74 35
1 75 75
1 76 81
1 77 16
1 78 82
1 80 6
1 81 62
1 84 47
1 85 37
1 86 36
1 88 67
1 96 69
1 97 47
1 99 38
2 12 32
2 13 9
2 14 70
2 15 14
2 17 29
2 20 24
2 21 1
2 22 32
2 23 92
2 27 62
2 31 48
2 34 20
2 35 76
2 36 82
2 37 34
2 38 57
2 45 45
2 46 8
2 49 82
2 52 10
2 54 24
2 57 87
2 59 93
2 61 38
2 63 72
2 64 7
2 71 55
2 72 5
2 73 66
2 75 62
2 79 12
2 81 79
2 82 74
2 87 62
2 93 58
2 94 41
2 98 100
2 100 25
3 4 72
3 5 62
3 6 41
3 7 7
3 11 41
3 14 51
3 15 14
3 16 2
3 18 100
3 19 31
3 22 41
3 27 88
3 28 60
3 29 69
3 30 95
3 33 22
3 35 96
3 36 29
3 37 37
3 39 96
3 41 14
3 43 45
3 44 39
3 45 29
3 47 98
3 48 9
3 53 54
3 58 45
3 61 39
3 64 33
3 69 13
3 71 80
3 72 39
3 73 69
3 76 68
3 77 44
3 78 80
3 80 70
3 82 19
3 87 100
3 92 4
3 94 58
3 96 26
3 98 13
4 9 36
4 11 27
4 12 54
4 15 54
4 16 19
4 17 58
4 18 26
4 20 10
4 25 16
4 26 32
4 27 22
4 28 84
4 29 8
4 30 49
4 34 40
4 35 59
4 47 47
4 49 42
4 51 93
4 52 79
4 54 10
4 56 85
4 59 56
4 65 67
4 68 53
4 69 41
4 72 30
4 75 62
4 78 28
4 82 29
4 83 36
4 86 44
4 87 56
4 91 35
4 92 39
4 94 67
4 97 86
4 99 9
5 7 92
5 8 68
5 13 73
5 14 59
5 17 14
5 19 5
5 26 82
5 29 84
5 35 11
5 36 98
5 37 89
5 39 6
5 44 88
5 45 29
5 46 67
5 50 29
5 51 12
5 54 33
5 55 50
5 56 12
5 57 68
5 59 44
5 60 44
5 62 87
5 63 55
5 65 69
5 66 89
5 67 24
5 69 85
5 72 6
5 75 44
5 77 73
5 79 25
5 83 3
5 84 15
5 85 20
5 88 71
5 92 17
5 93 94
5 96 81
5 98 89
5 100 36
6 12 19
6 14 58
6 16 75
6 17 32
6 20 38
6 21 44
6 26 88
6 28 22
6 30 67
6 32 2
6 33 64
6 35 84
6 36 46
6 42 13
6 45 69
6 55 8
6 58 48
6 59 1
6 60 22
6 68 48
6 70 18
6 72 73
6 73 78
6 74 17
6 78 23
6 85 83
6 88 16
6 89 52
6 90 14
6 91 22
6 92 89
6 93 52
6 96 18
6 98 62
6 99 45
6 100 25
7 8 48
7 9 98
7 11 61
7 12 24
7 16 70
7 17 30
7 28 43
7 29 70
7 32 5
7 33 95
7 34 91
7 35 54
7 46 79
7 47 23
7 48 23
7 56 90
7 58 36
7 70 9
7 71 95
7 72 62
7 75 48
7 77 56
7 78 27
7 79 34
7 80 81
7 81 96
7 82 13
7 87 72
7 91 68
7 94 26
7 99 29
7 100 60
8 9 34
8 10 86
8 11 87
8 14 33
8 18 21
8 21 64
8 24 15
8 25 58
8 27 19
8 31 100
8 32 61
8 33 53
8 37 30
8 39 99
8 44 13
8 49 80
8 50 75
8 51 14
8 53 68
8 55 14
8 56 10
8 57 18
8 58 71
8 59 60
8 60 13
8 61 48
8 62 41
8 63 13
8 64 90
8 67 58
8 68 10
8 71 46
8 75 58
8 77 69
8 78 3
8 82 83
8 83 20
8 84 71
8 90 93
8 91 89
8 94 98
8 97 40
8 98 76
9 11 91
9 12 48
9 14 9
9 16 76
9 19 49
9 20 11
9 25 18
9 26 21
9 30 86
9 31 60
9 36 44
9 37 37
9 38 30
9 39 71
9 41 80
9 42 82
9 45 22
9 48 80
9 50 33
9 51 47
9 52 93
9 53 81
9 55 90
9 56 47
9 61 24
9 66 2
9 68 24
9 70 90
9 75 94
9 77 69
9 78 5
9 79 61
9 80 60
9 89 83
9 96 36
9 98 61
10 11 51
10 12 73
10 14 85
10 15 77
10 16 42
10 18 83
10 19 79
10 21 86
10 22 80
10 25 38
10 27 84
10 33 100
10 35 87
10 39 66
10 40 81
10 41 16
10 44 77
10 45 83
10 47 75
10 53 41
10 54 14
10 58 22
10 60 21
10 62 62
10 63 56
10 65 20
10 67 10
10 70 18
10 75 64
10 77 1
10 78 76
10 80 32
10 84 96
10 85 64
10 88 12
10 89 75
10 90 57
10 94 15
10 95 12
10 99 43
11 15 80
11 16 30
11 17 55
11 20 42
11 23 50
11 24 29
11 28 73
11 29 80
11 34 27
11 35 3
11 36 82
11 37 35
11 38 50
11 39 29
11 43 42
11 48 82
11 50 2
11 52 37
11 54 7
11 55 1
11 59 67
11 62 81
11 65 63
11 66 81
11 67 32
11 69 16
11 73 98
11 75 85
11 77 28
11 78 56
11 82 54
11 84 94
11 86 40
11 89 39
11 93 91
11 95 39
11 98 80
11 100 65
12 13 1
12 15 43
12 17 69
12 22 92
12 24 41
12 27 97
12 29 64
12 31 81
12 35 78
12 39 3
12 42 74
12 43 34
12 45 63
12 46 54
12 48 82
12 49 91
12 57 61
12 59 76
12 64 15
12 68 10
12 69 97
12 71 88
12 73 78
12 75 86
12 76 99
12 80 53
12 82 60
12 83 57
12 84 49
12 85 35
12 90 82
12 93 98
12 95 26
12 96 66
12 97 73
12 98 9
12 100 19
13 14 43
13 15 17
13 18 92
13 22 47
13 24 47
13 26 74
13 27 60
13 33 89
13 35 77
13 37 45
13 40 35
13 42 50
13 43 34
13 44 56
13 45 91
13 46 90
13 47 62
13 48 36
13 52 77
13 55 71
13 59 25
13 63 68
13 67 30
13 68 22
13 75 61
13 76 40
13 77 72
13 78 7
13 79 77
13 81 30
13 82 25
13 83 32
13 85 1
13 89 89
13 92 34
13 93 10
13 94 49
13 95 86
13 99 88
13 100 71
14 18 47
14 23 31
14 24 91
14 25 86
14 27 51
14 30 3
14 31 58
14 32 40
14 33 62
14 34 31
14 35 55
14 36 10
14 37 69
14 38 46
14 43 21
14 44 59
14 47 82
14 51 23
14 56 33
14 57 29
14 59 80
14 60 5
14 65 51
14 77 14
14 79 20
14 86 41
14 87 85
14 88 39
14 89 43
14 92 81
14 93 96
15 16 77
15 17 80
15 18 20
15 19 34
15 20 85
15 23 98
15 26 56
15 28 29
15 29 78
15 30 11
15 33 36
15 36 10
15 37 7
15 38 97
15 40 29
15 43 19
15 44 38
15 46 45
15 49 51
