100 4456 1
1 3 52
1 4 29
1 6 56
1 7 25
1 9 6
1 10 50
1 13 9
1 15 69
1 17 8
1 19 98
1 20 31
1 21 1
1 22 99
1 23 65
1 24 53
1 28 97
1 30 95
1 33 16
1 34 26
1 37 74
1 38 5
1 39 68
1 42 29
1 44 70
1 49 11
1 57 63
1 61 53
1 66 31
1 68 12
1 72 99
1 81 66
1 82 80
1 85 86
1 86 29
1 88 8
1 90 17
1 92 2
1 97 71
1 98 45
1 100 75
2 4 45
2 5 50
2 13 28
2 15 52
2 16 14
2 19 71
2 20 31
2 21 36
2 22 79
2 24 60
2 28 1
2 29 56
2 31 28
2 33 81
2 39 78
2 42 100
2 43 74
2 44 49
2 49 87
2 51 28
2 52 3
2 56 15
2 57 54
2 58 52
2 59 52
2 60 11
2 62 15
2 63 88
2 65 81
2 70 39
2 71 95
2 72 74
2 73 40
2 76 26
2 77 30
2 78 89
2 80 75
2 83 44
2 87 62
2 89 3
2 94 71
2 95 61
2 96 70
2 97 64
2 98 79
2 99 80
3 7 85
3 9 26
3 10 46
3 12 43
3 13 84
3 14 13
3 15 6
3 17 19
3 18 93
3 19 42
3 21 57
3 22 92
3 24 58
3 25 3
3 29 47
3 30 15
3 31 32
3 32 50
3 34 24
3 35 51
3 36 47
3 38 81
3 43 15
3 49 35
3 56 87
3 57 80
3 58 13
3 59 45
3 60 9
3 61 21
3 62 80
3 65 75
3 67 2
3 69 70
3 71 93
3 73 99
3 74 94
3 77 2
3 80 35
3 81 48
3 86 16
3 87 28
3 92 40
3 93 15
3 95 15
3 96 41
3 98 42
4 6 65
4 8 100
4 12 31
4 14 96
4 15 50
4 17 65
4 18 64
4 19 58
4 21 99
4 23 20
4 24 45
4 33 60
4 45 8
4 46 51
4 48 84
4 49 49
4 50 50
4 56 97
4 61 31
4 62 46
4 63 43
4 64 58
4 71 12
4 81 88
4 85 27
4 86 98
4 88 58
4 90 40
4 91 8
4 96 10
4 97 54
4 98 44
4 99 97
4 100 10
5 9 21
5 13 45
5 15 7
5 16 93
5 19 64
5 20 61
5 22 27
5 24 65
5 27 6
5 30 27
5 31 13
5 33 34
5 34 86
5 35 73
5 38 29
5 40 8
5 47 88
5 50 46
5 53 80
5 56 85
5 59 35
5 60 48
5 61 10
5 72 69
5 75 12
5 76 67
5 80 10
5 86 39
5 87 93
5 89 9
5 92 10
5 97 83
5 100 33
6 9 34
6 14 48
6 16 36
6 18 22
6 19 69
6 20 9
6 21 86
6 23 22
6 26 43
6 27 52
6 29 33
6 32 51
6 35 59
6 37 12
6 45 9
6 46 24
6 49 20
6 53 55
6 55 80
6 56 53
6 57 50
6 59 87
6 61 21
6 67 100
6 68 72
6 75 18
6 76 16
6 78 38
6 81 50
6 85 65
6 87 98
6 88 63
6 89 61
6 91 97
6 93 1
6 94 87
6 98 25
6 99 91
7 8 76
7 9 61
7 11 26
7 12 30
7 14 46
7 15 18
7 16 100
7 19 62
7 21 94
7 22 5
7 24 79
7 28 3
7 34 100
7 35 54
7 36 43
7 37 19
7 38 21
7 41 15
7 42 33
7 44 18
7 46 53
7 49 98
7 50 82
7 51 61
7 53 95
7 61 68
7 62 81
7 63 46
7 64 82
7 65 14
7 66 89
7 67 83
7 72 47
7 78 83
7 80 70
7 81 50
7 84 7
7 85 36
7 86 12
7 87 84
7 88 46
7 89 90
7 94 8
7 95 59
8 9 58
8 10 4
8 11 55
8 14 25
8 18 22
8 19 13
8 24 34
8 27 9
8 34 34
8 38 14
8 39 37
8 41 54
8 42 99
8 44 33
8 45 2
8 46 27
8 48 69
8 49 46
8 53 15
8 56 47
8 62 56
8 64 75
8 65 18
8 68 43
8 72 29
8 74 65
8 75 26
8 77 34
8 78 75
8 83 36
8 84 35
8 85 60
8 88 73
8 91 93
8 95 48
9 10 86
9 14 75
9 18 72
9 21 21
9 22 79
9 24 3
9 26 14
9 31 18
9 32 19
9 33 20
9 36 31
9 37 93
9 40 52
9 41 12
9 42 19
9 43 43
9 45 42
9 46 65
9 47 29
9 48 98
9 49 66
9 51 91
9 52 36
9 53 50
9 57 51
9 58 77
9 60 12
9 62 66
9 65 64
9 67 74
9 69 48
9 75 53
9 76 2
9 77 23
9 78 76
9 80 80
9 81 65
9 83 41
9 84 72
9 88 3
9 95 91
9 96 18
9 98 42
9 100 37
10 14 53
10 19 81
10 20 60
10 21 31
10 22 15
10 25 99
10 26 60
10 28 3
10 31 36
10 35 31
10 36 38
10 37 4
10 40 5
10 47 78
10 48 47
10 49 17
10 50 8
10 51 65
10 56 18
10 57 39
10 63 68
10 66 42
10 68 69
10 69 56
10 70 32
10 73 1
10 74 6
10 75 69
10 76 9
10 77 78
10 80 51
10 81 94
10 86 47
10 90 48
10 92 12
10 97 41
10 100 9
11 14 74
11 16 45
11 17 56
11 18 3
11 19 25
11 20 43
11 21 93
11 22 5
11 23 8
11 24 87
11 27 29
11 28 71
11 30 7
11 32 31
11 36 32
11 37 35
11 39 74
11 43 36
11 48 59
11 49 81
11 54 44
11 55 56
11 56 72
11 58 94
11 59 46
11 61 96
11 65 81
11 67 17
11 68 49
11 71 67
11 73 45
11 75 60
11 77 60
11 79 45
11 80 81
11 84 52
11 88 43
11 92 52
11 93 8
11 97 96
11 98 35
11 99 74
12 22 88
12 26 51
12 27 44
12 28 99
12 30 90
12 34 54
12 37 33
12 39 2
12 41 70
12 43 83
12 46 69
12 49 38
12 53 87
12 55 55
12 57 96
12 63 59
12 65 59
12 68 34
12 71 28
12 74 13
12 76 27
12 78 36
12 80 7
12 86 65
12 87 40
12 88 49
12 92 58
12 93 34
12 94 70
12 96 42
12 97 28
13 21 94
13 22 27
13 23 33
13 27 95
13 30 74
13 31 70
13 32 49
13 33 34
13 36 20
13 40 61
13 41 9
13 42 13
13 45 39
13 47 43
13 51 99
13 53 85
13 54 90
13 58 74
13 61 45
13 62 19
13 64 34
13 68 55
13 71 27
13 72 35
13 75 32
13 76 83
13 77 98
13 78 40
13 80 83
13 82 37
13 86 9
13 87 19
13 89 7
13 90 1
13 94 97
13 96 98
13 97 69
13 98 50
14 15 88
14 18 68
14 20 34
14 23 17
14 25 24
14 28 15
14 29 48
14 30 8
14 32 79
14 35 100
14 36 53
14 38 5
14 40 56
14 41 78
14 43 33
14 48 22
14 49 91
14 51 34
14 54 95
14 58 44
14 59 61
14 60 77
14 63 59
14 68 67
14 71 59
14 73 12
14 75 67
14 78 39
14 79 20
14 85 20
14 87 68
14 90 87
14 91 94
14 93 7
14 94 63
14 97 61
14 98 24
14 99 85
14 100 30
15 25 13
15 28 47
15 30 57
15 32 85
15 35 14
15 36 87
15 43 71
15 44 74
15 47 98
15 49 35
15 54 36
15 56 27
15 60 12
15 61 45
15 62 89
15 63 80
15 66 45
15 71 49
15 72 37
15 74 14
15 77 47
15 78 50
15 82 33
15 83 85
15 85 69
15 87 55
15 89 82
15 90 13
15 92 29
15 94 85
15 99 20
16 19 14
16 20 74
16 21 69
16 23 88
16 25 21
16 30 96
16 32 30
16 38 56
16 41 52
16 42 30
16 44 54
16 45 47
16 50 50
16 52 60
16 57 28
16 58 21
16 60 22
16 62 36
16 65 45
16 69 97
16 70 17
16 75 15
16 76 99
16 80 46
16 81 70
16 87 14
16 89 90
16 92 20
16 93 84
16 96 41
16 97 14
16 99 37
16 100 67
17 18 95
17 19 31
17 24 78
17 29 23
17 32 51
17 37 79
17 39 71
17 40 50
17 41 95
17 47 83
17 48 20
17 50 19
17 52 47
17 54 36
17 55 11
17 58 78
17 60 9
17 61 19
17 62 81
17 65 13
17 66 16
17 68 85
17 71 11
17 75 43
17 76 54
17 77 24
17 80 52
17 81 17
17 83 48
17 86 71
17 88 56
17 89 32
17 91 60
17 93 59
17 94 15
17 95 91
17 99 52
17 100 92
18 22 62
18 23 41
18 25 75
18 32 59
18 33 82
18 36 86
18 46 25
18 55 96
18 63 71
18 66 5
18 67 52
18 68 59
18 72 94
18 73 20
18 79 22
18 81 82
18 83 50
18 85 58
18 87 70
18 90 4
18 93 13
18 94 61
18 96 41
18 100 62
19 25 52
19 26 38
19 30 58
19 32 31
19 34 64
19 35 12
19 46 64
19 49 20
19 51 94
19 52 37
19 55 28
19 56 96
19 57 3
19 60 70
19 65 75
19 66 36
19 67 70
19 68 41
19 69 25
19 70 76
19 71 83
19 73 83
19 78 89
19 80 40
19 81 35
19 88 65
19 91 29
19 97 32
19 98 55
19 100 68
20 21 81
20 22 10
20 24 69
20 25 79
20 27 43
20 28 7
20 31 28
20 32 86
20 33 59
20 37 2
20 38 61
20 42 21
20 43 34
20 44 5
20 48 7
20 49 7
20 51 23
20 54 66
20 57 62
20 59 91
20 61 25
20 62 23
20 66 41
20 68 62
20 69 6
20 70 67
20 77 11
20 81 9
20 82 91
20 83 43
20 92 54
20 93 16
20 98 74
21 23 76
21 26 33
21 29 4
21 32 91
21 34 91
21 36 98
21 37 12
21 40 51
21 41 95
21 47 70
21 49 26
21 50 42
21 51 23
21 52 89
21 54 83
21 59 3
21 60 68
21 70 61
21 71 14
21 73 87
21 74 13
21 75 44
21 78 27
21 79 60
21 80 34
21 83 24
21 85 95
21 87 31
21 89 86
21 90 38
21 92 45
21 94 100
21 99 86
21 100 19
22 25 76
22 27 72
22 29 42
22 32 17
22 39 24
22 41 92
22 45 8
22 46 91
22 48 56
22 57 93
22 58 24
22 62 41
22 67 96
22 68 75
22 70 10
22 71 25
22 74 82
22 76 42
22 83 56
22 84 29
22 86 88
22 90 73
22 93 61
22 95 36
22 98 24
23 24 29
23 27 79
23 30 37
23 31 40
23 37 24
23 38 75
23 39 72
23 40 23
23 42 43
23 43 64
23 45 12
23 48 50
23 50 30
23 52 35
23 57 63
23 61 62
23 63 10
23 66 81
23 70 76
23 71 94
23 79 70
23 81 23
23 85 73
23 89 24
23 91 32
23 97 6
23 98 23
23 99 47
23 100 33
24 30 34
24 31 43
24 33 48
24 41 17
24 55 8
24 57 80
24 58 50
24 64 10
24 66 92
24 68 84
24 69 3
24 70 95
24 75 13
24 82 88
24 86 80
24 90 90
24 93 24
24 94 13
24 95 1
24 99 34
25 27 60
25 28 26
25 29 97
25 30 52
25 33 97
25 43 10
25 48 74
25 49 75
25 51 43
25 53 12
25 57 66
25 58 38
25 60 74
25 64 4
25 66 75
25 67 41
25 73 37
25 75 91
25 81 82
25 87 85
25 88 78
25 90 73
25 96 20
25 97 42
26 27 42
26 28 10
26 31 20
26 32 12
26 33 2
26 34 76
26 36 66
26 38 9
26 40 96
26 41 14
26 45 9
26 49 55
26 50 92
26 51 83
26 52 75
26 54 58
26 55 29
26 59 59
26 60 54
26 61 39
26 64 42
26 67 82
26 68 37
26 70 43
26 71 53
26 72 9
26 73 10
26 75 60
26 76 37
26 77 3
26 79 69
26 81 43
26 83 38
26 85 69
26 88 47
26 89 54
26 94 91
26 95 30
26 97 75
26 99 54
27 28 73
27 29 53
27 30 69
27 33 98
27 35 96
27 38 1
27 39 16
27 42 20
27 44 44
27 45 72
27 51 6
27 52 37
27 56 2
27 59 95
27 61 24
27 64 27
27 68 58
27 70 56
27 72 33
27 75 31
27 80 51
27 84 89
27 85 13
27 92 25
27 93 39
27 95 3
27 96 82
27 97 84
27 98 74
28 31 10
28 34 38
28 35 10
28 38 39
28 44 24
28 45 75
28 49 42
28 51 15
28 52 8
28 55 52
28 57 55
28 58 32
28 60 93
28 62 20
28 65 43
28 67 90
28 72 86
28 74 55
28 75 22
28 76 76
28 79 60
28 81 63
28 83 90
28 84 29
28 85 24
28 89 8
28 92 58
28 93 44
28 94 79
28 95 42
28 96 37
28 97 29
28 98 13
28 99 54
28 100 55
29 30 6
29 34 53
29 35 6
29 36 27
29 40 25
29 41 4
29 43 82
29 44 54
29 48 80
29 49 57
29 51 46
29 52 85
29 57 32
29 59 17
29 60 98
29 61 81
29 64 67
29 65 86
29 66 55
29 67 56
29 69 66
29 70 48
29 71 27
29 72 71
29 79 69
29 81 11
29 85 19
29 86 14
29 89 43
29 91 22
29 94 2
29 95 8
29 98 31
29 99 63
30 32 9
30 35 27
30 38 29
30 43 8
30 44 49
30 48 9
30 51 75
30 54 82
30 55 100
30 56 80
30 57 59
30 61 27
30 62 82
30 63 18
30 67 70
30 72 96
30 76 27
30 83 33
30 84 77
30 86 1
30 89 8
30 93 88
30 98 70
30 99 55
31 33 62
31 35 52
31 36 85
31 37 8
31 43 80
31 44 58
31 47 34
31 49 13
31 53 8
31 55 87
31 57 31
31 60 85
31 62 56
31 67 62
31 69 99
31 70 66
31 71 13
31 72 41
31 74 41
31 75 53
31 76 11
31 78 64
31 84 43
31 85 16
31 87 18
31 89 98
31 90 69
31 91 46
31 92 91
31 93 20
31 95 22
31 97 62
32 35 57
32 38 64
32 46 97
32 51 51
32 52 98
32 54 39
32 56 27
32 59 82
32 60 42
32 61 7
32 64 39
32 65 68
32 66 80
32 74 2
32 75 18
32 76 17
32 85 46
32 87 78
32 89 45
32 90 9
32 91 69
32 94 98
32 97 39
32 99 46
33 34 3
33 35 63
33 37 49
33 39 6
33 40 92
33 43 2
33 46 55
33 47 45
33 48 52
33 54 91
33 58 87
33 59 12
33 60 23
33 61 6
33 62 95
33 63 13
33 65 18
33 66 10
33 68 11
33 71 78
33 72 93
33 75 88
33 76 72
33 78 59
33 79 56
33 83 79
33 85 91
33 87 22
33 88 56
33 91 91
33 92 1
33 93 67
33 99 46
34 35 26
34 37 88
34 39 61
34 40 42
34 41 3
34 43 68
34 57 99
34 61 75
34 65 8
34 66 72
34 82 5
34 88 82
34 91 30
34 94 99
34 96 46
34 97 99
34 99 54
35 38 19
35 40 48
35 42 31
35 45 95
35 52 65
35 54 21
35 56 30
35 59 88
35 60 32
35 65 53
35 67 61
35 68 83
35 70 64
35 71 75
35 75 26
35 76 50
35 78 42
35 79 4
35 81 7
35 82 13
35 83 9
35 84 41
35 86 49
35 91 62
35 93 77
35 100 56
36 40 87
36 41 88
36 43 34
36 45 32
36 47 33
36 49 64
36 51 1
36 53 19
36 54 64
36 56 4
36 61 14
36 70 49
36 72 87
36 73 77
36 75 62
36 76 80
36 77 17
36 80 29
36 84 62
36 89 16
36 91 61
36 92 41
36 93 34
36 98 16
37 39 16
37 40 3
37 41 20
37 43 55
37 45 7
37 46 96
37 47 100
37 49 27
37 52 99
37 55 77
37 56 91
37 61 68
37 66 58
37 70 28
37 71 22
37 72 86
37 74 21
37 78 32
37 79 38
37 80 53
37 82 31
37 84 69
37 87 92
37 88 65
37 91 67
37 95 76
37 97 38
37 99 67
37 100 58
38 39 90
38 40 76
38 44 32
38 46 97
38 49 28
38 50 5
38 51 44
38 53 58
38 60 100
38 65 1
38 66 10
38 71 84
38 74 2
38 76 50
38 78 14
38 79 20
38 81 94
38 82 22
38 84 79
38 85 2
38 86 22
38 87 90
38 89 77
38 93 41
38 94 65
38 95 70
38 96 20
38 98 37
38 100 11
39 43 84
39 44 100
39 46 4
39 48 3
39 57 46
39 61 89
39 62 79
39 63 1
39 65 64
39 67 48
39 71 87
39 73 16
39 74 27
39 78 11
39 80 41
39 81 14
39 82 20
39 84 33
39 88 14
39 90 75
39 92 19
39 94 53
39 96 43
39 97 81
39 100 42
40 53 81
40 55 29
40 56 58
40 61 62
40 62 70
40 64 39
40 68 46
40 69 90
40 70 18
40 71 98
40 74 25
40 76 66
40 80 57
40 84 35
40 85 42
40 86 95
40 87 69
40 92 22
40 99 36
41 42 41
41 43 13
41 45 24
41 48 74
41 52 87
41 54 36
41 57 8
41 58 86
41 59 48
41 60 64
41 61 73
41 62 25
41 63 7
41 64 58
41 66 77
41 70 79
41 71 50
41 73 36
41 75 2
41 78 9
41 86 53
41 88 67
41 91 49
41 96 21
41 97 10
41 100 21
42 43 91
42 44 92
42 45 43
42 47 53
42 53 9
42 55 47
42 56 44
42 58 44
42 61 18
42 62 6
42 65 68
42 67 84
42 68 92
42 69 100
42 72 96
42 73 79
42 74 85
42 76 38
42 81 43
42 84 4
42 85 97
42 89 84
42 94 52
42 96 26
42 97 97
42 99 3
43 44 78
43 50 47
43 52 78
43 61 92
43 62 45
43 63 96
43 67 45
43 68 91
43 69 75
43 71 96
43 72 69
43 73 18
43 79 2
43 82 37
43 86 75
43 87 10
43 90 37
43 93 28
43 94 6
43 99 34
43 100 20
44 48 17
44 49 56
44 50 31
44 53 14
44 55 68
44 58 26
44 65 46
44 67 24
44 71 27
44 72 39
44 73 66
44 77 77
44 79 6
44 81 84
44 85 2
44 92 47
44 93 95
44 95 14
44 99 6
45 46 44
45 47 85
45 48 100
45 49 36
45 52 94
45 54 4
45 55 80
45 57 15
45 59 34
45 60 78
45 65 35
45 66 40
45 76 73
45 77 44
45 79 97
45 80 63
45 81 36
45 82 88
45 83 25
45 87 54
45 91 92
45 96 36
45 97 93
45 100 34
46 51 56
46 55 18
46 56 78
46 57 43
46 61 36
46 62 94
46 63 60
46 64 74
46 68 51
46 70 81
46 73 35
46 74 25
46 76 38
46 85 89
46 87 19
46 89 44
46 90 1
46 92 4
46 94 81
46 98 16
46 99 44
46 100 40
47 51 63
47 52 73
47 61 7
47 63 97
47 67 56
47 69 34
47 70 33
47 72 46
47 74 4
47 78 54
47 81 54
47 91 77
47 92 44
47 93 48
47 95 18
47 97 91
47 98 43
48 50 17
48 51 33
48 52 1
48 54 4
48 59 2
48 64 88
48 67 33
48 68 65
48 71 87
48 76 76
48 79 94
48 80 88
48 81 26
48 84 67
48 85 33
48 86 23
48 100 49
49 52 14
49 54 48
49 56 91
49 57 12
49 62 14
49 64 51
49 68 34
49 69 22
49 70 81
49 71 71
49 72 47
49 78 65
49 79 92
49 80 89
49 90 14
49 91 17
49 92 97
49 93 52
49 94 38
49 96 73
49 97 39
49 100 84
50 51 29
50 52 91
50 55 24
50 56 80
50 58 21
50 59 79
50 62 7
50 66 87
50 67 70
50 68 81
50 69 8
50 73 39
50 74 69
50 75 51
50 78 82
50 79 89
50 80 95
50 82 85
50 85 14
50 87 70
50 90 10
50 91 69
50 97 6
51 54 97
51 57 46
51 58 21
51 66 17
51 69 52
51 70 41
51 71 90
51 74 44
51 77 91
51 78 28
51 84 80
51 85 80
51 86 50
51 90 20
51 91 99
51 93 47
51 97 69
51 99 61
51 100 56
52 54 65
52 56 8
52 57 3
52 58 1
52 70 72
52 72 59
52 73 74
52 74 42
52 75 71
52 77 79
52 83 29
52 87 7
52 91 65
52 92 82
52 95 13
52 99 87
53 54 3
53 56 47
53 57 68
53 58 48
53 59 70
53 69 37
53 81 10
53 86 30
53 89 56
53 90 100
53 91 23
53 92 39
53 95 26
53 97 41
53 99 13
54 58 43
54 61 63
54 67 94
54 72 40
54 75 27
54 76 76
54 81 21
54 86 35
54 89 87
54 92 40
54 93 89
54 96 61
54 97 93
55 56 99
55 57 86
55 59 67
55 60 23
55 61 84
55 62 86
55 64 71
55 66 11
55 67 3
55 68 4
55 69 75
55 71 19
55 72 46
55 75 1
55 76 68
55 78 81
55 81 90
55 83 52
55 85 24
55 86 63
55 88 85
55 92 90
55 94 21
55 96 18
55 97 95
55 100 75
56 57 91
56 60 23
56 64 63
56 68 94
56 69 79
56 72 74
56 73 48
56 74 22
56 76 74
56 77 97
56 79 30
56 81 52
56 82 79
56 83 50
56 84 34
56 86 81
56 87 36
56 88 30
56 90 43
56 93 50
56 98 26
56 100 48
57 59 28
57 72 26
57 74 93
57 76 84
57 77 21
57 83 44
57 88 1
57 90 97
57 91 35
57 98 62
57 99 41
58 60 31
58 61 78
58 64 58
58 65 15
58 67 91
58 72 33
58 77 55
58 81 18
58 85 5
58 86 10
58 92 16
58 94 57
58 95 2
58 96 66
58 97 75
58 99 30
59 63 13
59 64 65
59 65 59
59 67 60
59 68 90
59 69 46
59 70 51
59 71 64
59 72 94
59 73 11
59 76 37
59 81 73
59 82 79
59 86 66
59 87 47
59 91 51
59 92 3
59 96 31
59 98 68
59 99 68
59 100 52
60 63 2
60 64 5
60 65 42
60 66 99
60 67 63
60 68 69
60 70 14
60 71 20
60 72 25
60 80 45
60 83 47
60 84 5
60 91 47
60 92 11
60 93 3
60 94 28
60 95 38
60 96 69
60 98 31
61 65 14
61 66 93
61 72 57
61 73 9
61 74 3
61 76 11
61 82 80
61 83 24
61 84 99
61 89 39
61 90 81
61 91 71
61 93 46
61 94 88
61 96 64
62 67 10
62 68 90
62 71 90
62 72 5
62 74 60
62 75 68
62 77 15
62 79 79
62 81 52
62 82 79
62 86 15
62 89 29
62 93 9
62 97 25
62 98 66
62 100 29
63 64 24
63 66 14
63 67 44
63 71 29
63 74 59
63 77 41
63 79 71
63 80 60
63 83 88
63 84 85
63 85 83
63 87 67
63 88 39
63 89 84
63 90 71
63 91 49
64 66 3
64 69 98
64 71 6
64 75 83
64 76 90
64 81 19
64 86 75
64 88 61
64 91 72
64 93 82
64 95 34
65 66 76
65 73 74
65 76 78
65 80 76
65 81 11
65 82 60
65 83 16
65 87 72
65 89 58
65 93 40
65 94 57
65 96 2
65 100 26
66 67 29
66 68 2
66 69 69
66 72 94
66 76 54
66 79 41
66 81 73
66 82 61
66 83 71
66 86 77
66 87 53
66 89 34
66 91 72
66 92 91
66 95 50
66 96 100
66 97 67
66 98 9
67 70 23
67 71 47
67 73 10
67 75 88
67 79 33
67 81 36
67 82 6
67 83 94
67 84 41
67 85 77
67 87 45
67 88 23
67 90 41
67 91 55
67 94 34
67 96 8
67 97 53
67 98 84
67 99 56
68 69 59
68 70 24
68 72 68
68 73 59
68 74 54
68 85 39
68 91 51
68 95 73
69 72 58
69 73 24
69 75 21
69 77 71
69 80 56
69 81 67
69 91 100
69 93 63
69 99 85
69 100 66
70 71 84
70 74 31
70 78 93
70 79 73
70 80 72
70 83 87
70 85 13
70 87 88
70 88 96
70 90 33
70 91 36
70 93 57
70 94 83
70 96 48
70 97 99
70 100 49
71 72 55
71 74 93
71 76 17
71 77 68
71 80 83
71 82 95
71 83 19
71 84 52
71 86 56
71 89 30
71 92 60
71 94 29
71 96 62
71 97 72
71 98 56
71 100 90
72 75 84
72 76 93
72 79 83
72 81 81
72 82 78
72 87 68
72 89 92
72 90 83
72 91 81
72 92 38
72 94 32
72 95 13
72 96 46
72 98 35
73 74 51
73 78 96
73 80 44
73 82 95
73 87 7
73 89 73
73 90 53
73 92 79
73 93 76
73 94 76
74 75 25
74 80 67
74 81 53
74 82 70
74 85 69
74 86 37
74 91 70
74 92 94
74 93 86
74 95 96
74 96 79
75 78 68
75 80 7
75 81 34
75 82 82
75 84 8
75 85 6
75 87 100
75 90 14
75 93 23
75 94 7
75 97 15
75 98 87
75 99 19
76 77 56
76 78 84
76 81 61
76 82 77
76 83 99
76 86 55
76 91 48
76 96 8
76 98 63
76 99 70
77 83 5
77 86 36
77 89 31
77 94 9
77 96 88
77 99 78
78 85 33
78 88 17
78 91 74
78 94 47
78 95 63
78 97 34
78 99 64
79 80 55
79 83 96
79 85 70
79 86 24
79 87 46
79 88 79
79 90 78
79 96 34
79 100 61
80 81 83
80 84 35
80 85 96
80 87 94
80 90 72
80 92 15
80 93 13
80 94 93
80 96 23
80 97 26
81 82 87
81 84 70
81 85 10
81 86 36
81 88 56
81 90 94
81 91 92
81 93 4
81 96 51
82 85 94
82 86 18
82 87 52
82 88 22
82 89 55
82 90 18
82 91 57
82 92 21
82 96 13
82 97 9
82 98 48
82 99 68
82 100 62
83 85 100
83 86 7
83 87 50
83 89 45
83 97 73
83 98 37
84 87 35
84 90 41
84 93 29
84 98 76
85 86 53
85 87 5
85 90 13
85 91 98
85 92 41
85 96 67
85 98 25
85 100 38
86 88 76
86 89 70
86 90 7
86 93 33
86 99 89
87 88 53
87 90 27
87 91 14
87 94 7
87 98 19
87 99 49
88 90 64
88 91 5
88 93 6
88 94 76
88 95 75
88 96 96
88 98 69
88 99 79
88 100 60
89 90 44
89 91 100
89 93 3
89 97 16
90 98 8
90 100 71
91 93 76
91 97 62
91 100 70
92 93 33
92 94 52
92 96 37
92 97 67
92 99 22
93 95 58
93 98 45
93 100 52
94 97 41
94 100 39
95 97 65
95 99 43
97 100 16
99 100 18
1 5 57
1 8 55
1 10 72
1 11 79
1 13 70
1 14 37
1 15 18
1 18 74
1 20 61
1 21 37
1 26 12
1 27 97
1 30 94
1 31 9
1 37 73
1 38 75
1 41 48
1 47 70
1 49 28
1 50 14
1 52 56
1 54 45
1 57 100
1 59 15
1 60 44
1 61 58
1 68 87
1 74 82
1 76 58
1 77 97
1 79 29
1 81 43
1 82 29
1 83 6
1 86 96
1 92 57
1 93 99
1 94 84
1 95 12
1 97 28
2 3 38
2 4 94
2 5 3
2 6 65
2 9 12
2 11 25
2 14 37
2 16 24
2 17 14
2 21 50
2 22 11
2 23 78
2 24 100
2 25 86
2 26 68
2 27 61
2 29 14
2 36 83
2 37 67
2 44 63
2 49 7
2 50 34
2 53 31
2 54 59
2 60 93
2 62 62
2 64 39
2 65 37
2 67 60
2 71 38
2 72 10
2 75 53
2 78 94
2 80 3
2 83 95
2 85 8
2 86 14
2 87 77
2 88 18
2 89 34
2 90 5
2 92 98
2 97 81
2 98 21
3 4 45
3 5 84
3 9 62
3 14 22
3 15 94
3 17 67
3 18 36
3 20 30
3 30 77
3 34 16
3 35 4
3 36 27
3 37 86
3 40 81
3 41 69
3 42 73
3 44 92
3 46 69
3 49 85
3 52 80
3 54 39
3 56 16
3 58 39
3 61 5
3 62 79
3 63 62
3 64 20
3 66 92
3 68 26
3 70 1
3 71 59
3 74 75
3 75 71
3 77 45
3 78 94
3 94 10
3 98 28
3 100 96
4 14 56
4 16 41
4 27 53
4 29 9
4 30 33
4 32 69
4 37 88
4 46 56
4 48 77
4 49 55
4 52 65
4 54 92
4 58 21
4 60 45
4 62 11
4 63 1
4 66 61
4 67 24
4 68 4
4 69 99
4 71 9
4 75 68
4 78 86
4 82 56
4 83 70
4 87 19
4 93 25
4 94 2
4 97 98
4 98 86
4 99 41
4 100 35
5 10 73
5 12 97
5 18 44
5 19 85
5 25 61
5 28 27
5 29 6
5 31 31
5 37 3
5 38 50
5 42 29
5 45 77
5 49 51
5 50 91
5 54 22
5 55 96
5 56 8
5 57 71
5 59 8
5 62 66
5 66 18
5 68 26
5 69 41
5 70 93
5 73 18
5 74 72
5 78 10
5 80 38
5 83 67
5 87 25
5 90 47
5 93 42
6 8 46
6 9 87
6 13 6
6 22 6
6 24 17
6 27 58
6 28 17
6 31 88
6 38 75
6 42 42
6 43 36
6 45 84
6 47 91
6 49 43
6 50 37
6 58 75
6 61 13
6 62 6
6 64 71
6 67 98
6 68 90
6 70 70
6 71 3
6 75 39
6 76 72
6 78 86
6 81 42
6 84 50
6 86 71
6 87 93
6 88 61
6 90 60
6 92 69
6 94 78
6 98 77
7 9 44
7 12 1
7 17 95
7 18 68
7 19 95
7 23 5
7 26 70
7 27 30
7 31 32
7 32 11
7 33 26
7 35 100
7 37 23
7 42 90
7 44 24
7 45 56
7 48 8
7 50 15
7 53 77
7 58 28
7 67 22
7 68 32
7 71 71
7 73 81
7 74 10
7 76 77
7 81 23
7 83 70
7 84 45
7 85 37
7 86 59
7 90 34
7 91 24
7 92 60
7 94 61
7 99 16
7 100 96
8 12 32
8 13 25
8 14 85
8 16 76
8 18 14
8 19 1
8 20 60
8 22 24
8 25 56
8 28 17
8 29 23
8 32 85
8 34 83
8 37 94
8 44 81
8 48 72
8 56 97
8 57 57
8 58 99
8 59 93
8 62 97
8 65 46
8 67 78
8 68 21
8 77 8
8 78 6
8 79 23
8 85 7
8 87 22
8 88 92
8 90 20
8 92 11
8 93 66
8 94 7
8 95 46
8 99 52
9 15 45
9 17 79
9 19 27
9 20 83
9 29 54
9 30 50
9 33 53
9 35 96
9 36 59
9 37 77
9 41 32
9 43 96
9 46 87
9 47 24
9 50 46
9 56 26
9 59 8
9 67 70
9 71 26
9 77 89
9 78 12
9 80 7
9 83 54
9 84 60
9 85 23
9 88 50
9 90 25
9 92 9
9 98 28
10 12 94
10 13 36
10 14 4
10 23 3
10 24 10
10 25 67
10 27 58
10 28 5
10 29 54
10 30 62
10 31 4
10 35 57
10 37 67
10 40 67
10 43 4
10 44 54
10 46 18
10 47 60
10 49 23
10 50 3
10 54 12
10 55 36
10 63 99
10 68 96
10 70 1
10 72 19
10 73 97
10 76 49
10 84 1
10 85 4
10 86 44
10 89 73
10 94 33
10 96 75
10 97 82
10 98 25
10 99 48
10 100 16
11 12 40
11 14 48
11 16 55
11 21 68
11 22 61
11 25 89
11 26 76
11 31 91
11 39 52
11 40 65
11 41 46
11 42 54
11 46 38
11 47 33
11 48 28
11 49 32
11 50 10
11 53 11
11 54 57
11 56 88
11 59 8
11 61 56
11 62 15
11 63 75
11 67 34
11 71 55
11 76 49
11 80 99
11 82 62
11 85 42
11 89 56
11 90 24
11 93 70
11 94 77
11 99 15
12 13 76
12 17 85
12 20 66
12 22 5
12 23 48
12 25 49
12 28 90
12 33 68
12 34 79
12 37 55
12 39 13
12 41 63
12 42 71
12 44 17
12 46 60
12 49 10
12 52 43
12 54 92
12 55 88
12 58 64
12 59 16
12 60 99
12 63 53
12 64 61
12 67 24
12 68 88
12 70 66
12 74 7
12 75 42
12 78 29
12 79 60
12 83 99
12 85 67
12 92 27
12 93 97
12 96 11
12 99 8
13 14 69
13 16 33
13 24 20
13 27 46
13 28 63
13 31 50
13 33 88
13 37 25
13 39 92
13 43 43
13 44 78
13 45 68
13 47 66
13 48 54
13 51 55
13 59 92
13 62 16
13 65 86
13 66 27
13 67 10
13 72 24
13 75 28
13 81 10
13 82 21
13 83 61
13 86 2
13 89 86
13 90 75
13 93 13
13 96 7
13 98 65
13 100 39
14 15 62
14 19 1
14 20 6
14 21 52
14 23 7
14 25 33
14 26 33
14 30 35
14 32 53
14 33 44
14 37 55
14 39 48
14 40 93
14 42 73
14 44 38
14 49 68
14 50 42
14 53 87
14 58 15
14 65 14
14 68 52
14 69 18
14 70 98
14 74 51
14 77 44
14 79 93
14 81 53
14 88 99
14 91 59
14 93 45
14 94 2
14 96 26
14 98 4
14 99 19
15 17 78
15 19 63
15 20 94
15 23 96
15 27 71
15 30 18
15 32 58
15 33 5
15 34 97
15 39 56
15 44 29
15 47 44
15 48 23
15 49 63
15 50 82
15 51 81
15 55 6
15 56 84
15 58 44
15 59 81
15 60 64
15 62 42
15 63 37
15 64 73
15 67 59
15 74 36
15 78 42
15 82 77
15 83 36
15 85 12
15 87 81
15 88 88
15 92 47
15 93 13
16 20 29
16 21 89
16 23 72
16 26 61
16 27 47
16 33 33
16 34 42
16 35 73
16 40 79
16 41 9
16 45 49
16 48 74
16 51 41
16 52 57
16 53 1
16 54 28
16 55 11
16 57 92
16 73 56
16 74 7
16 75 33
16 78 10
16 79 24
16 82 57
16 83 14
16 85 61
16 86 3
16 87 1
16 88 86
16 90 91
16 91 25
16 92 31
16 93 80
16 94 65
16 97 44
17 18 79
17 19 26
17 21 33
17 22 1
17 24 2
17 25 20
17 26 58
17 27 89
17 29 17
17 30 55
17 31 35
17 33 92
17 34 57
17 36 71
17 40 60
17 43 82
17 44 67
17 45 85
17 50 51
17 57 13
17 58 83
17 61 11
17 65 91
17 67 94
17 68 58
17 74 17
17 76 48
17 79 65
17 80 7
17 81 41
17 85 84
17 86 5
17 87 61
17 91 2
17 94 76
17 96 72
17 100 47
18 22 10
18 25 4
18 26 91
18 27 91
18 31 82
18 33 27
18 34 37
18 35 74
18 36 48
18 38 4
18 40 89
18 43 7
18 44 36
18 57 79
18 58 76
18 60 40
18 67 11
18 69 57
18 72 77
18 73 73
18 74 52
18 75 53
18 76 70
18 79 84
18 80 27
18 82 83
18 86 89
18 90 65
18 95 96
18 96 90
18 97 64
18 99 20
19 20 23
19 21 89
19 22 62
19 24 11
19 26 30
19 28 92
19 29 16
19 30 80
19 33 14
19 35 69
19 36 93
19 41 57
19 47 66
19 48 76
19 49 34
19 52 65
19 53 42
19 57 16
19 58 60
19 59 55
19 61 96
19 62 37
19 63 47
19 66 96
19 68 38
19 74 86
19 78 73
19 79 2
19 80 78
19 83 14
19 84 33
19 87 33
19 88 81
19 89 63
19 92 48
19 95 4
19 97 38
19 99 63
20 25 87
20 31 32
20 36 15
20 38 88
20 39 83
20 40 3
20 48 20
20 49 40
20 55 86
20 56 18
20 57 51
20 58 29
20 60 89
20 65 7
20 67 76
20 80 3
20 84 30
20 85 21
20 87 59
20 89 73
20 91 96
20 93 23
20 95 81
20 96 38
20 97 56
20 99 10
20 100 100
21 22 86
21 25 76
21 26 95
21 31 55
21 34 7
21 35 31
21 40 38
21 44 69
21 47 94
21 50 9
21 52 38
21 53 78
21 56 41
21 58 3
21 62 16
21 63 85
21 66 70
21 72 82
21 74 9
21 77 24
21 78 75
21 79 54
21 83 70
21 84 85
21 87 96
21 88 16
21 94 27
21 95 33
21 96 13
21 98 31
21 100 81
22 25 65
22 31 56
22 32 81
22 34 36
22 35 71
22 36 83
22 38 43
22 39 24
22 41 96
22 42 12
22 48 83
22 52 70
22 53 24
22 55 61
22 56 23
22 59 73
22 62 36
22 63 87
22 69 60
22 73 10
22 74 88
22 75 80
22 77 97
22 78 14
22 81 59
22 84 81
22 86 78
22 88 49
22 89 85
22 91 53
22 95 83
22 98 26
23 24 91
23 25 94
23 27 68
23 29 52
23 30 10
23 33 49
23 34 31
23 35 65
23 36 45
23 40 16
23 42 8
23 51 100
23 52 32
23 53 46
23 54 48
23 55 16
23 56 95
23 57 17
23 62 65
23 65 43
23 68 38
23 69 53
23 70 87
23 78 70
23 81 90
23 85 97
23 89 48
23 90 94
23 91 67
23 95 16
24 25 38
24 27 12
24 28 72
24 32 87
24 34 2
24 36 25
24 38 48
24 39 80
24 40 86
24 41 5
24 42 43
24 43 85
24 44 71
24 47 92
24 48 69
24 49 83
24 51 10
24 54 7
24 56 4
24 57 94
24 59 43
24 64 3
24 67 66
24 68 100
24 71 4
24 73 14
24 75 27
24 78 45
24 80 76
24 82 94
24 83 49
24 87 8
24 91 5
24 94 77
24 97 78
24 98 20
24 99 86
24 100 73
25 26 2
25 34 63
25 35 41
25 38 43
25 40 57
25 46 16
25 48 56
25 51 99
25 53 62
25 67 25
25 68 54
25 70 38
25 71 90
25 81 66
25 82 36
25 83 62
25 85 81
25 92 43
25 99 85
26 31 84
26 32 83
26 38 16
26 40 69
26 41 88
26 43 93
26 49 76
26 50 63
26 53 67
26 56 31
26 60 100
26 65 91
26 66 28
26 69 27
26 73 37
26 74 31
26 76 66
26 77 74
26 79 18
26 82 80
26 94 10
26 97 73
26 98 9
27 29 96
27 32 78
27 33 89
27 34 51
27 39 18
27 40 80
27 46 72
27 48 88
27 50 51
27 53 46
27 54 27
27 63 94
27 64 69
27 67 60
27 69 16
27 70 18
27 75 13
27 76 16
27 77 37
27 80 62
27 87 96
27 91 92
27 92 59
27 93 4
27 94 85
27 95 5
27 99 22
28 37 37
28 38 79
28 41 14
28 43 100
28 44 75
28 45 1
28 46 22
28 47 59
28 49 93
28 53 62
28 55 47
28 56 93
28 60 45
28 61 43
28 63 96
28 64 33
28 66 36
28 72 66
28 78 14
28 82 60
28 85 28
28 86 71
28 88 100
28 92 57
28 94 43
29 31 28
29 36 18
29 38 32
29 43 92
29 44 26
29 45 78
29 46 49
29 50 8
29 54 32
29 55 52
29 57 59
29 60 61
29 61 51
29 63 49
29 64 31
29 65 26
29 69 41
29 72 38
29 74 32
29 76 81
29 78 68
29 82 76
29 83 40
29 87 33
29 89 2
29 92 70
29 96 59
29 97 44
29 99 50
30 31 92
30 32 14
30 33 100
30 34 4
30 36 25
30 37 45
30 38 29
30 39 32
30 41 50
30 43 29
30 44 96
30 48 86
30 49 29
30 50 40
30 51 9
30 53 51
30 56 52
30 58 29
30 59 39
30 62 68
30 64 51
30 67 47
30 69 29
30 71 35
30 74 27
30 76 75
30 78 87
30 82 75
30 83 29
30 85 4
30 86 92
30 87 64
30 88 95
30 90 23
30 96 75
30 99 38
31 33 80
31 34 1
31 41 77
31 48 69
31 49 96
31 50 65
31 51 19
31 53 26
31 54 60
31 56 31
31 61 1
31 64 61
31 66 99
31 67 85
31 68 62
31 71 25
31 73 44
31 75 47
31 77 60
31 78 21
31 83 75
31 86 92
31 89 76
31 90 66
31 92 37
31 93 84
31 94 75
31 96 16
31 97 88
31 98 40
31 99 81
32 34 58
32 38 75
32 39 87
32 40 99
32 41 52
32 51 9
32 53 15
32 54 17
32 58 99
32 59 18
32 61 11
32 62 98
32 64 63
32 68 92
32 69 65
32 70 35
32 75 81
32 80 53
32 81 68
32 87 65
32 98 9
33 34 67
33 36 2
33 39 82
33 41 42
33 42 35
33 47 15
33 51 23
33 52 32
33 54 30
33 55 45
33 56 36
33 57 79
33 67 65
33 69 91
33 71 8
33 74 75
33 76 38
33 78 23
33 79 29
33 80 54
33 81 67
33 82 78
33 83 71
33 86 35
33 88 13
33 89 65
33 93 29
33 98 83
33 100 13
34 39 2
34 40 65
34 42 1
34 46 64
34 47 36
34 48 42
34 49 13
34 50 100
34 51 82
34 59 29
34 60 52
34 62 90
34 63 10
34 64 34
34 70 77
34 71 59
34 74 35
34 75 64
34 76 51
34 78 71
34 81 55
34 83 7
34 84 46
34 86 77
34 90 67
34 100 56
35 36 87
35 39 17
35 40 46
35 43 89
35 44 93
35 46 22
35 49 10
35 52 33
35 53 81
35 58 96
35 60 6
35 61 65
35 63 81
35 66 28
35 68 77
35 69 22
35 76 79
35 77 3
35 80 97
35 83 60
35 84 96
35 91 12
35 92 55
35 94 23
35 97 51
35 99 73
35 100 19
36 37 35
36 41 26
36 42 34
36 49 58
36 51 39
36 54 20
36 63 41
36 64 99
36 67 67
36 69 100
36 70 17
36 71 93
36 72 3
36 77 95
36 78 8
36 81 63
36 83 23
36 85 72
36 86 98
36 87 46
36 88 75
36 93 98
36 97 94
36 98 76
37 43 80
37 44 88
37 46 2
37 48 92
37 51 44
37 52 92
37 53 39
37 54 18
37 57 72
37 60 41
37 62 15
37 63 20
37 65 24
37 73 95
37 74 34
37 75 25
37 84 91
37 85 73
37 91 52
37 93 35
37 98 21
37 100 94
38 42 11
38 44 2
38 46 74
38 54 89
38 55 15
38 58 96
38 59 14
38 60 65
38 63 43
38 64 46
38 66 12
38 67 58
38 68 52
38 70 86
38 72 15
38 79 36
38 82 61
38 83 58
38 84 6
38 87 15
38 88 96
38 90 82
38 91 96
38 97 99
38 98 17
39 47 99
39 57 46
39 63 16
39 64 43
39 65 91
39 67 41
39 68 54
39 71 23
39 84 39
39 86 90
39 87 67
39 90 59
39 92 61
39 93 29
39 95 87
39 100 85
40 41 84
40 42 31
40 43 16
40 46 52
40 48 85
40 49 75
40 50 1
40 52 97
40 56 7
40 61 76
40 62 95
40 64 8
40 65 91
40 66 8
40 69 86
40 71 19
40 73 40
40 75 3
40 78 57
40 83 8
40 88 3
40 89 79
40 93 69
40 96 6
40 100 21
41 48 23
41 50 67
41 53 79
41 54 9
41 58 82
41 59 28
41 60 75
41 61 32
41 62 10
41 63 76
41 65 70
41 71 31
41 72 37
41 77 33
41 78 83
41 80 32
41 83 8
41 85 8
41 86 4
41 87 1
41 89 95
41 90 90
41 99 21
41 100 57
42 43 80
42 50 45
42 51 68
42 57 41
42 58 88
42 60 25
42 65 27
42 69 63
42 70 88
42 71 54
42 76 94
42 77 77
42 79 67
42 84 87
42 86 57
42 88 35
42 89 88
42 92 21
42 95 84
42 96 98
42 98 48
43 47 39
43 49 97
43 53 66
43 56 23
43 58 83
43 60 87
43 62 55
43 68 82
43 70 5
43 71 98
43 72 5
43 74 7
43 80 24
43 81 54
43 87 96
43 88 71
43 96 41
43 98 66
44 46 82
44 49 3
44 50 13
44 51 90
44 52 45
44 54 34
44 55 46
44 59 13
44 63 57
44 64 65
44 65 21
44 68 18
44 70 91
44 71 84
44 72 65
44 73 38
44 74 25
44 77 45
44 81 65
44 84 97
44 88 4
44 91 66
44 92 77
44 93 72
44 94 52
44 96 59
44 97 80
44 98 76
44 99 18
45 46 55
45 50 50
45 53 2
45 54 72
45 59 35
45 69 3
45 71 38
45 77 13
45 78 31
45 80 50
45 85 43
45 88 65
45 92 85
45 93 43
45 94 33
45 95 97
45 96 21
45 97 7
45 98 33
45 99 1
46 48 37
46 50 22
46 52 97
46 53 92
46 58 93
46 61 37
46 62 84
46 65 78
46 66 71
46 67 3
46 69 22
46 70 53
46 72 3
46 73 6
46 78 76
46 84 65
46 89 90
46 90 45
46 91 77
46 94 60
46 95 99
46 97 83
46 99 56
47 51 51
47 53 54
47 61 96
47 64 29
47 66 99
47 71 13
47 72 94
47 73 22
47 75 59
47 81 66
47 85 47
47 86 76
47 87 100
47 88 64
47 89 95
47 92 72
47 93 97
47 94 56
47 96 88
47 97 43
47 98 5
48 49 51
48 51 39
48 52 82
48 56 52
48 61 5
48 62 44
48 63 22
48 67 73
48 70 66
48 75 71
48 77 91
48 82 92
48 84 34
48 86 16
48 87 28
48 88 43
48 91 81
49 51 32
49 52 36
49 53 93
49 54 53
49 55 73
49 57 15
49 61 23
49 65 31
49 70 83
49 71 35
49 75 5
49 76 49
49 77 4
49 78 59
49 79 14
49 80 7
49 81 12
49 86 43
49 88 13
49 89 21
49 91 41
49 93 51
49 94 23
49 95 41
49 98 48
50 53 82
50 57 64
50 58 55
50 60 72
50 62 17
50 64 78
50 67 47
50 68 74
50 71 14
50 73 93
50 76 42
50 77 45
50 78 47
50 83 90
50 85 81
50 88 89
50 89 30
50 90 9
50 93 42
50 95 25
50 96 24
50 98 68
50 99 55
50 100 83
51 52 11
51 54 73
51 59 79
51 62 81
51 64 58
51 68 57
51 69 29
51 73 23
51 76 8
51 78 10
51 79 51
51 83 64
51 84 20
51 85 6
51 87 4
51 94 100
51 97 63
51 98 83
52 54 85
52 56 87
52 57 23
52 58 82
52 59 63
52 61 21
52 63 46
52 65 13
52 67 8
52 70 39
52 71 84
52 72 86
52 78 90
52 81 39
52 84 81
52 86 56
52 90 74
52 91 66
52 94 3
52 98 45
53 54 23
53 56 47
53 59 39
53 62 3
53 66 59
53 69 29
53 73 76
53 80 54
53 81 87
53 82 25
53 84 88
53 85 67
53 88 92
53 90 56
53 95 7
53 98 83
54 55 97
54 59 18
54 61 2
54 63 87
54 66 78
54 67 91
54 69 75
54 70 48
54 71 27
54 77 51
54 78 20
54 88 65
54 92 87
54 97 95
54 100 11
55 56 57
55 58 57
55 59 55
55 61 76
55 62 89
55 66 27
55 74 72
55 75 26
55 79 68
55 84 13
55 85 51
55 87 75
55 90 34
55 96 14
55 99 24
55 100 56
56 58 10
56 60 38
56 62 11
56 63 6
56 64 60
56 66 17
56 67 12
56 73 93
56 74 12
56 76 85
56 77 28
56 81 38
56 82 96
56 88 43
56 89 37
56 90 60
56 98 89
56 100 55
57 63 35
57 64 59
57 65 16
57 68 68
57 77 78
57 79 44
57 82 50
57 87 2
57 90 95
57 93 20
57 94 74
57 95 91
57 96 58
57 97 26
57 98 30
58 59 65
58 60 5
58 62 75
58 63 95
58 65 10
58 67 58
58 68 12
58 70 80
58 72 74
58 73 25
58 74 65
58 76 55
58 78 28
58 82 80
58 83 14
58 87 45
58 88 30
58 89 92
58 91 89
58 97 15
58 98 90
58 100 98
59 61 72
59 62 89
59 66 14
59 67 46
59 70 85
59 71 35
59 74 72
59 75 54
59 76 46
59 77 28
59 80 27
59 85 81
59 87 27
59 89 56
59 94 70
59 97 70
59 99 98
59 100 99
60 62 36
60 64 29
60 65 19
60 67 58
60 70 32
60 73 98
60 76 56
60 78 87
60 79 9
60 80 4
60 86 65
60 87 24
60 88 86
60 92 36
60 96 82
60 97 31
60 100 79
61 64 75
61 66 67
61 68 24
61 74 24
61 78 60
61 79 17
61 80 75
61 82 4
61 89 81
61 92 24
61 93 19
61 94 55
61 95 48
61 96 83
61 97 61
61 100 92
62 63 71
62 65 14
62 67 25
62 68 56
62 69 40
62 70 34
62 71 21
62 75 86
62 77 49
62 80 21
62 81 84
62 86 2
62 93 60
62 94 79
62 96 91
62 98 57
62 99 25
63 66 12
63 69 89
63 70 20
63 71 72
63 75 37
63 77 5
63 79 12
63 90 76
63 91 8
63 92 38
63 93 49
63 94 42
63 95 43
63 97 52
63 99 7
64 67 63
64 71 9
64 76 18
64 81 72
64 84 38
64 86 79
64 87 92
64 88 89
64 95 34
64 97 13
64 100 53
65 70 79
65 71 13
65 72 13
65 73 6
65 75 25
65 76 68
65 77 93
65 82 18
65 84 86
65 88 69
65 90 14
65 91 53
65 96 96
65 98 3
65 99 20
65 100 85
66 75 35
66 80 54
66 83 43
66 85 97
66 89 20
66 90 24
66 93 50
66 95 93
66 100 21
67 69 76
67 74 83
67 75 14
67 78 11
67 80 26
67 81 40
67 84 52
67 85 99
67 89 36
67 91 68
67 92 19
67 93 50
67 94 14
67 96 45
67 98 31
68 76 91
68 78 42
68 81 38
68 83 24
68 88 48
68 89 27
68 93 96
68 94 87
68 95 85
68 96 16
69 70 29
69 76 85
69 77 61
69 78 93
69 81 95
69 85 15
69 86 81
69 87 8
69 88 1
69 89 31
69 92 27
69 100 12
70 71 88
70 72 93
70 77 20
70 80 21
70 83 12
70 86 13
70 87 61
70 90 44
70 91 93
70 92 80
70 94 89
70 95 26
70 97 9
71 72 41
71 73 18
71 74 74
71 75 10
71 76 79
71 78 24
71 81 85
71 83 27
71 86 81
71 88 12
71 95 84
71 96 43
72 78 45
72 79 37
72 83 99
72 84 61
72 88 13
72 89 77
72 92 33
72 94 22
72 95 72
72 99 46
73 74 90
73 75 91
73 78 20
73 80 36
73 89 13
73 90 15
73 92 82
74 75 95
74 79 2
74 81 43
74 84 92
74 85 95
74 86 59
74 92 69
74 93 52
74 96 61
74 97 53
74 99 62
74 100 31
75 77 58
75 78 62
75 79 16
75 80 28
75 83 30
75 85 1
75 92 65
75 94 65
75 95 98
75 97 81
75 98 65
76 79 69
76 80 51
76 82 76
76 84 75
76 87 37
76 96 21
76 97 29
77 78 29
77 79 4
77 84 48
77 86 26
77 88 82
77 95 60
77 100 12
78 79 39
78 80 46
78 84 16
78 86 95
78 98 68
79 85 40
79 87 25
79 88 72
79 93 97
79 97 7
80 82 84
80 83 82
80 85 51
80 89 32
80 93 39
80 96 25
80 97 100
80 100 50
81 82 44
81 83 71
81 86 11
81 96 29
81 100 50
82 83 99
82 84 24
82 87 40
82 90 16
82 95 78
82 96 28
82 98 82
82 99 35
82 100 50
83 86 17
83 91 18
83 92 83
83 94 6
83 96 71
83 98 13
83 99 68
84 93 36
84 99 66
84 100 51
85 86 52
85 90 95
85 95 24
85 96 2
86 89 81
86 91 65
86 92 31
86 95 29
86 96 73
86 97 55
87 88 88
87 90 5
87 92 20
87 93 56
87 98 69
87 100 8
88 89 39
88 93 95
88 94 92
88 97 77
89 90 48
89 95 25
89 100 27
90 93 11
90 94 90
90 95 42
90 98 34
90 99 88
91 94 93
91 96 25
91 99 86
92 95 90
92 96 52
92 98 92
92 99 60
92 100 21
93 96 97
93 98 23
93 100 89
94 96 41
95 98 23
95 99 86
1 2 31
1 6 29
1 7 67
1 8 97
1 10 4
1 12 93
1 14 94
1 21 83
1 22 83
1 28 71
1 41 46
1 43 31
1 44 30
1 45 39
1 52 23
1 54 99
1 57 9
1 62 69
1 63 29
1 65 69
1 69 53
1 71 66
1 72 68
1 74 75
1 76 36
1 79 93
1 80 50
1 81 66
1 87 44
1 88 60
1 95 11
1 96 30
1 98 65
2 12 72
2 15 41
2 18 100
2 22 54
2 24 40
2 28 72
2 29 46
2 30 29
2 33 84
2 34 27
2 36 45
2 37 78
2 40 36
2 41 89
2 42 5
2 44 17
2 49 41
2 50 8
2 54 45
2 55 8
2 58 44
2 60 89
2 61 69
2 62 1
2 66 38
2 74 29
2 75 81
2 76 34
2 77 91
2 78 71
2 82 66
2 83 19
2 84 29
2 87 91
2 89 93
2 91 67
2 94 53
2 95 14
2 96 90
2 99 45
3 5 38
3 6 40
3 8 44
3 10 79
3 11 25
3 14 48
3 16 8
3 20 4
3 22 81
3 23 91
3 24 74
3 29 26
3 31 3
3 35 80
3 36 36
3 37 71
3 41 36
3 43 56
3 48 60
3 51 79
3 53 84
3 54 54
3 56 72
3 58 10
3 59 28
3 61 54
3 66 18
3 67 79
3 69 72
3 70 4
3 72 18
3 77 22
3 78 69
3 83 45
3 84 11
3 86 82
3 87 50
3 92 83
3 93 60
3 95 31
3 96 86
3 97 85
3 98 1
4 7 73
4 9 36
4 12 86
4 13 41
4 14 54
4 15 59
4 17 59
4 18 59
4 20 44
4 26 63
4 30 61
4 32 20
4 34 92
4 35 66
4 43 29
4 44 56
4 45 19
4 47 27
4 48 67
4 49 78
4 50 63
4 54 88
4 56 33
4 57 68
4 58 47
4 61 91
4 68 55
4 69 37
4 71 47
4 74 77
4 76 96
4 78 11
4 79 34
4 80 24
4 82 99
4 84 96
4 87 44
4 90 99
4 94 14
4 95 81
4 96 11
4 97 6
5 13 59
5 15 99
5 16 62
5 17 41
5 18 11
5 21 50
5 23 29
5 24 100
5 29 41
5 33 12
5 34 78
5 36 59
5 38 30
5 40 4
5 42 84
5 44 95
5 45 66
5 51 36
5 53 85
5 55 59
5 58 39
5 66 28
5 68 11
5 73 45
5 77 24
5 82 26
5 88 35
5 91 38
5 95 17
5 97 100
5 99 62
6 9 49
6 10 54
6 13 55
6 26 27
6 27 35
6 28 70
6 29 64
6 30 43
6 33 92
6 38 87
6 40 18
6 41 27
6 42 69
6 43 3
6 46 36
6 47 61
6 49 15
6 50 96
6 51 88
6 53 98
6 54 39
6 56 15
6 61 71
6 63 96
6 64 55
6 66 52
6 68 86
6 73 9
6 74 22
6 77 68
6 83 26
6 84 41
6 85 30
6 86 63
6 88 74
6 91 54
6 92 64
6 93 94
6 95 89
6 98 76
6 99 15
6 100 12
7 8 9
7 9 20
7 14 13
7 16 65
7 24 42
7 25 22
7 26 95
7 29 15
7 30 96
7 37 77
7 40 58
7 42 94
7 43 44
7 46 32
7 47 9
7 50 48
7 53 78
7 54 70
7 56 27
7 58 15
7 60 97
7 67 87
7 69 98
7 71 94
7 77 49
7 80 57
7 82 100
7 84 96
7 86 31
7 87 82
7 93 19
7 94 64
7 99 37
7 100 37
8 11 46
8 13 65
8 17 62
8 19 3
8 21 31
8 24 60
8 27 69
8 31 89
8 32 3
8 40 62
8 42 47
8 46 84
8 49 8
8 50 69
8 52 60
8 54 73
8 56 38
8 57 67
8 60 37
8 61 8
8 63 52
8 67 77
8 68 17
8 69 96
8 75 88
8 77 36
8 80 89
8 82 39
8 83 84
8 84 53
8 86 90
8 88 62
8 90 27
8 91 16
8 92 50
8 94 1
9 10 29
9 12 98
9 14 63
9 15 99
9 16 5
9 20 26
9 21 63
9 22 22
9 24 43
9 26 39
9 30 53
9 33 95
9 38 62
9 42 15
9 44 50
9 45 45
9 46 96
9 48 78
9 55 92
9 58 58
9 67 32
9 68 45
9 70 35
9 72 70
9 73 24
9 75 27
9 78 79
9 82 93
9 85 39
9 90 13
9 93 34
9 96 63
9 97 37
9 99 34
10 13 39
10 15 41
10 16 98
10 19 51
10 21 43
10 23 8
10 27 68
10 29 18
10 30 21
10 31 20
10 32 67
10 34 1
10 36 29
10 37 19
10 38 90
10 41 91
10 43 71
10 45 44
10 49 8
10 50 54
10 53 90
10 57 20
10 58 53
10 59 16
10 60 76
10 63 72
10 65 24
10 74 71
10 77 81
10 79 63
10 81 100
10 85 44
10 86 67
10 90 58
10 91 18
10 93 21
10 95 9
10 96 46
10 98 46
10 100 41
11 12 39
11 15 97
11 20 36
11 23 35
11 24 32
11 26 96
11 28 88
11 30 82
11 32 85
11 33 53
11 35 56
11 37 28
11 40 44
11 42 100
11 47 39
11 48 60
11 49 64
11 52 88
11 53 83
11 55 54
11 56 37
11 59 14
11 61 91
11 70 10
11 72 20
11 75 6
11 78 47
11 79 90
11 85 35
11 87 63
11 88 86
11 89 22
11 90 19
11 92 32
11 96 36
11 99 47
11 100 91
12 13 95
12 14 69
12 16 45
12 19 31
12 22 37
12 25 67
12 29 63
12 30 87
12 32 84
12 33 31
12 35 47
12 36 19
12 37 61
12 38 60
12 40 50
12 42 43
12 45 19
12 47 3
12 52 75
12 53 79
12 55 23
12 57 69
12 59 51
12 62 89
12 63 59
12 64 72
12 65 34
12 66 56
12 71 20
12 72 69
12 76 91
12 77 60
12 78 38
12 79 3
12 82 55
12 83 17
12 84 100
12 85 35
12 87 62
12 93 28
12 94 82
12 98 13
12 99 6
12 100 3
13 19 65
13 20 23
13 23 84
13 26 76
13 28 16
13 31 8
13 32 47
13 37 68
13 38 73
13 41 15
13 45 52
13 49 56
13 51 88
13 52 65
13 54 85
13 56 70
13 57 4
13 59 49
13 61 6
13 63 57
13 64 36
13 67 11
13 69 97
13 70 30
13 72 25
13 74 38
13 78 86
13 80 13
13 91 100
13 92 86
13 93 57
13 95 21
13 99 73
14 17 79
14 18 6
14 21 53
14 24 60
14 26 23
14 27 68
14 28 98
14 29 97
14 30 17
14 31 37
14 32 79
14 40 27
14 41 33
14 42 87
14 45 16
14 49 59
14 50 31
14 54 63
14 65 60
14 69 63
14 70 11
14 75 69
14 76 1
14 79 74
14 80 10
14 83 75
14 86 35
14 89 13
14 90 2
14 94 27
14 95 59
14 96 75
14 98 84
