100 4456 1
1 9 40
1 15 67
1 18 15
1 20 89
1 21 97
1 22 30
1 25 54
1 27 79
1 28 52
1 29 8
1 34 7
1 37 34
1 38 23
1 42 24
1 43 17
1 44 72
1 47 34
1 48 63
1 55 80
1 56 48
1 57 14
1 59 49
1 63 71
1 64 41
1 65 20
1 68 96
1 70 80
1 72 23
1 73 1
1 74 94
1 79 41
1 82 31
1 85 58
1 92 75
1 93 41
1 94 53
1 95 16
1 96 73
1 98 43
2 5 71
2 8 74
2 12 65
2 14 24
2 16 99
2 20 65
2 21 46
2 22 47
2 23 91
2 25 91
2 28 81
2 29 2
2 30 45
2 31 22
2 33 100
2 39 32
2 44 90
2 47 65
2 50 87
2 55 63
2 56 35
2 61 41
2 63 25
2 64 77
2 65 42
2 66 47
2 68 20
2 70 75
2 71 14
2 73 1
2 76 69
2 77 51
2 78 6
2 82 41
2 83 1
2 88 83
2 98 27
2 99 12
3 8 73
3 9 30
3 11 53
3 12 73
3 13 23
3 16 80
3 18 14
3 19 29
3 21 93
3 24 99
3 25 5
3 26 41
3 28 60
3 29 50
3 31 76
3 32 8
3 36 65
3 37 14
3 40 25
3 42 5
3 43 14
3 44 46
3 48 4
3 50 84
3 53 40
3 58 83
3 62 27
3 73 63
3 78 57
3 84 82
3 88 41
3 92 56
3 94 90
3 98 62
3 100 59
4 11 25
4 12 4
4 13 67
4 17 16
4 18 65
4 20 24
4 21 65
4 24 93
4 28 82
4 29 72
4 32 73
4 33 100
4 34 22
4 35 28
4 38 31
4 39 45
4 47 23
4 50 90
4 52 35
4 55 2
4 58 38
4 67 83
4 70 55
4 72 10
4 74 15
4 75 85
4 77 82
4 78 89
4 81 99
4 84 8
4 85 51
4 87 95
4 88 11
4 91 67
4 95 1
4 96 53
4 97 68
5 6 13
5 7 84
5 12 40
5 13 87
5 16 46
5 17 93
5 19 39
5 20 84
5 23 82
5 25 11
5 27 32
5 28 95
5 31 28
5 32 83
5 36 13
5 37 27
5 39 14
5 44 64
5 47 50
5 50 2
5 52 34
5 54 70
5 61 73
5 62 23
5 68 7
5 70 74
5 71 46
5 73 96
5 74 21
5 76 45
5 80 8
5 81 87
5 87 97
5 88 38
5 89 58
5 90 4
5 91 84
5 95 87
5 96 10
6 7 32
6 8 100
6 9 3
6 10 51
6 11 97
6 13 49
6 15 27
6 16 90
6 18 49
6 22 78
6 23 1
6 24 32
6 26 78
6 28 55
6 30 42
6 38 57
6 42 12
6 44 81
6 45 87
6 46 64
6 47 88
6 50 64
6 52 23
6 54 61
6 56 1
6 57 49
6 62 21
6 63 38
6 64 42
6 66 39
6 67 30
6 68 92
6 72 49
6 73 58
6 74 81
6 78 22
6 79 99
6 84 72
6 87 61
6 89 33
6 91 83
6 92 37
6 93 43
6 94 72
6 96 77
6 97 86
7 8 86
7 11 30
7 13 86
7 15 44
7 19 37
7 22 53
7 23 89
7 24 30
7 25 75
7 26 26
7 27 51
7 30 28
7 31 95
7 32 20
7 35 82
7 39 89
7 40 82
7 42 91
7 46 27
7 48 54
7 49 19
7 53 77
7 57 95
7 59 22
7 60 55
7 61 88
7 63 73
7 67 83
7 68 68
7 69 36
7 70 46
7 71 70
7 73 76
7 74 4
7 75 81
7 76 42
7 78 30
7 85 31
7 86 66
7 88 44
7 92 30
7 94 33
7 95 39
7 96 70
7 98 40
7 100 44
8 10 98
8 11 5
8 13 32
8 14 73
8 22 18
8 23 59
8 25 34
8 27 16
8 30 94
8 32 34
8 37 89
8 39 58
8 48 67
8 50 2
8 52 63
8 55 36
8 56 75
8 57 60
8 60 76
8 61 1
8 70 57
8 75 96
8 76 89
8 77 59
8 78 19
8 88 68
8 92 49
8 93 96
8 95 5
8 97 44
8 98 51
8 99 73
8 100 41
9 10 53
9 11 61
9 12 78
9 18 93
9 22 32
9 27 99
9 30 65
9 31 90
9 35 54
9 38 65
9 41 77
9 45 45
9 46 77
9 48 44
9 53 83
9 56 100
9 58 1
9 59 37
9 61 12
9 67 76
9 70 40
9 72 55
9 73 38
9 75 35
9 77 46
9 78 86
9 80 96
9 89 87
9 92 28
9 93 65
9 95 73
9 97 11
9 99 13
9 100 80
10 12 87
10 15 49
10 16 70
10 17 45
10 20 28
10 21 40
10 22 20
10 35 72
10 36 14
10 40 25
10 44 32
10 45 55
10 46 33
10 47 55
10 51 48
10 52 59
10 54 43
10 64 16
10 69 32
10 72 30
10 73 88
10 76 27
10 78 62
10 79 27
10 81 22
10 85 61
10 88 94
10 89 63
10 90 98
10 91 24
10 92 2
10 93 76
10 94 18
10 97 16
10 98 83
10 99 95
10 100 10
11 13 64
11 14 50
11 15 46
11 18 78
11 21 25
11 22 62
11 25 87
11 36 29
11 37 84
11 38 18
11 40 98
11 41 10
11 42 74
11 47 86
11 50 55
11 53 32
11 58 100
11 59 19
11 61 72
11 62 36
11 66 58
11 68 8
11 69 30
11 72 45
11 73 53
11 76 82
11 78 41
11 80 64
11 99 56
11 100 12
12 16 89
12 19 68
12 20 37
12 31 11
12 34 68
12 35 69
12 43 82
12 44 16
12 45 75
12 47 88
12 50 42
12 54 48
12 56 91
12 57 16
12 63 3
12 67 13
12 71 8
12 73 26
12 76 87
12 82 6
12 83 63
12 85 88
12 96 34
12 97 41
12 98 59
13 16 91
13 17 5
13 20 45
13 22 14
13 24 27
13 26 6
13 28 33
13 31 31
13 32 32
13 33 89
13 34 68
13 38 55
13 39 72
13 41 75
13 45 93
13 46 97
13 47 36
13 52 38
13 54 27
13 56 6
13 57 65
13 59 91
13 61 76
13 64 74
13 67 71
13 68 98
13 69 17
13 71 49
13 73 75
13 78 69
13 80 9
13 83 62
13 86 34
13 88 11
13 89 72
13 90 10
13 95 54
13 99 14
14 16 48
14 19 80
14 20 52
14 21 45
14 23 70
14 28 14
14 29 7
14 33 1
14 34 30
14 37 32
14 41 42
14 42 21
14 45 1
14 48 59
14 49 93
14 52 27
14 54 9
14 57 14
14 61 28
14 62 83
14 63 5
14 64 76
14 65 37
14 67 70
14 71 90
14 74 90
14 76 50
14 77 51
14 80 69
14 81 81
14 82 76
14 87 15
14 88 54
14 89 1
14 90 73
14 100 71
15 16 46
15 20 40
15 23 17
15 24 14
15 25 84
15 26 78
15 29 25
15 32 83
15 33 10
15 35 52
15 39 70
15 44 49
15 50 59
15 55 47
15 56 75
15 58 36
15 59 100
15 61 28
15 63 34
15 66 44
15 70 52
15 78 65
15 79 83
15 80 59
15 85 61
15 86 31
15 88 90
15 90 12
15 91 91
15 93 65
15 94 59
15 100 34
16 17 93
16 24 49
16 27 96
16 30 86
16 34 13
16 36 74
16 37 5
16 40 10
16 43 89
16 45 39
16 48 5
16 49 51
16 50 39
16 52 95
16 54 52
16 55 93
16 56 21
16 57 83
16 59 36
16 61 53
16 63 96
16 64 4
16 69 68
16 75 86
16 76 42
16 77 28
16 78 41
16 83 81
16 84 40
16 88 92
16 90 89
16 92 49
16 94 70
16 96 24
16 98 95
16 99 63
17 18 63
17 24 94
17 27 75
17 28 19
17 29 95
17 31 56
17 32 95
17 34 62
17 35 99
17 36 82
17 37 2
17 40 13
17 43 74
17 46 84
17 48 93
17 51 58
17 58 93
17 64 51
17 65 65
17 66 28
17 67 54
17 69 25
17 74 36
17 76 69
17 77 3
17 78 88
17 81 74
17 82 27
17 85 35
17 87 53
17 89 82
17 91 25
17 96 35
17 97 68
17 98 75
17 99 78
18 21 30
18 23 84
18 24 35
18 26 32
18 27 3
18 29 45
18 31 53
18 32 70
18 33 22
18 34 21
18 35 34
18 38 38
18 39 17
18 42 8
18 51 21
18 52 9
18 53 18
18 54 83
18 56 61
18 60 62
18 61 64
18 65 10
18 70 58
18 71 91
18 72 100
18 73 22
18 75 49
18 76 34
18 77 88
18 78 7
18 79 17
18 81 93
18 82 26
18 88 71
18 89 21
18 90 51
18 91 83
18 92 57
18 96 14
18 97 35
18 100 81
19 21 30
19 22 84
19 23 87
19 26 66
19 28 96
19 34 82
19 35 61
19 37 25
19 38 56
19 39 63
19 41 7
19 45 69
19 48 17
19 52 53
19 54 5
19 55 12
19 58 81
19 59 91
19 63 80
19 68 82
19 70 81
19 71 43
19 72 10
19 73 4
19 81 80
19 83 50
19 85 84
19 86 83
19 87 6
19 88 84
19 91 64
19 92 74
19 96 88
19 100 22
20 22 47
20 26 54
20 28 45
20 29 100
20 30 34
20 32 23
20 33 64
20 35 11
20 41 15
20 42 56
20 43 60
20 45 18
20 55 43
20 56 72
20 58 78
20 59 98
20 60 65
20 62 45
20 66 75
20 67 10
20 70 1
20 73 72
20 75 62
20 88 58
20 89 13
20 90 49
20 91 46
20 92 61
20 93 21
20 94 65
20 95 69
20 96 63
21 23 52
21 25 38
21 26 48
21 27 83
21 33 54
21 36 95
21 37 53
21 44 8
21 46 95
21 47 18
21 48 12
21 49 94
21 50 70
21 55 45
21 60 39
21 61 30
21 65 83
21 66 56
21 68 90
21 69 17
21 72 66
21 73 98
21 78 25
21 79 81
21 81 22
21 82 35
21 83 75
21 85 49
21 88 35
21 90 69
21 91 65
21 92 16
21 93 84
22 27 56
22 30 95
22 34 91
22 38 32
22 42 46
22 44 80
22 46 34
22 47 17
22 48 76
22 50 72
22 55 5
22 60 67
22 61 29
22 65 91
22 70 69
22 72 42
22 73 27
22 74 43
22 82 59
22 83 7
22 86 81
22 88 64
22 91 37
22 94 58
22 95 3
22 97 22
23 25 47
23 26 46
23 28 42
23 32 77
23 33 96
23 36 92
23 44 99
23 46 45
23 47 39
23 48 83
23 49 85
23 54 53
23 55 50
23 59 6
23 60 47
23 63 61
23 64 30
23 65 36
23 68 35
23 70 61
23 75 71
23 79 43
23 80 21
23 82 93
23 85 89
23 86 61
23 87 64
23 88 24
23 89 87
23 91 1
23 93 43
23 100 95
24 25 87
24 26 33
24 27 72
24 28 2
24 32 6
24 34 51
24 37 99
24 38 76
24 42 3
24 50 51
24 54 58
24 57 19
24 58 84
24 61 37
24 62 42
24 64 8
24 69 50
24 71 71
24 74 93
24 77 52
24 78 80
24 84 19
24 85 18
24 88 23
24 91 10
24 93 78
24 95 100
24 96 35
25 28 93
25 30 69
25 35 46
25 36 15
25 37 48
25 38 63
25 40 42
25 44 30
25 48 75
25 49 26
25 59 81
25 60 4
25 61 35
25 65 27
25 67 93
25 71 40
25 72 29
25 74 94
25 75 13
25 76 66
25 77 12
25 78 42
25 79 99
25 80 8
25 86 27
25 87 75
25 88 28
25 89 37
25 92 92
25 93 53
25 94 67
26 28 17
26 31 42
26 32 84
26 34 79
26 35 73
26 36 16
26 38 34
26 39 24
26 40 56
26 42 70
26 43 49
26 44 54
26 46 34
26 47 11
26 50 50
26 56 36
26 58 42
26 64 77
26 70 81
26 73 76
26 76 76
26 81 82
26 82 16
26 84 73
26 85 30
26 87 100
26 91 84
26 92 91
26 95 36
26 97 86
26 98 13
27 30 93
27 32 92
27 34 10
27 39 61
27 41 90
27 42 36
27 43 96
27 45 38
27 47 70
27 48 21
27 49 37
27 50 19
27 51 6
27 53 42
27 55 74
27 57 67
27 59 24
27 60 96
27 61 23
27 62 99
27 64 50
27 65 3
27 67 3
27 69 7
27 72 52
27 74 23
27 76 8
27 80 88
27 83 64
27 84 50
27 86 65
27 87 8
27 88 25
27 89 83
27 93 89
27 94 63
27 95 66
27 96 24
27 97 49
27 100 8
28 32 56
28 34 55
28 35 54
28 38 43
28 39 58
28 44 57
28 45 64
28 47 20
28 50 68
28 51 14
28 52 14
28 57 43
28 62 80
28 64 43
28 65 32
28 71 58
28 73 38
28 74 91
28 78 2
28 79 33
28 84 98
28 85 53
28 86 95
28 90 80
28 91 25
28 95 72
28 97 46
29 32 36
29 33 67
29 34 99
29 41 41
29 44 40
29 50 60
29 51 14
29 56 76
29 57 78
29 58 48
29 59 86
29 60 6
29 62 44
29 63 78
29 65 44
29 66 69
29 67 18
29 70 93
29 73 99
29 78 38
29 79 44
29 80 94
29 81 61
29 83 73
29 88 56
29 89 71
29 91 93
29 92 79
29 100 79
30 31 49
30 35 45
30 36 42
30 39 100
30 47 91
30 48 49
30 49 61
30 50 5
30 54 66
30 57 100
30 58 57
30 59 15
30 61 63
30 62 33
30 63 96
30 64 65
30 66 89
30 67 100
30 72 20
30 76 77
30 79 68
30 80 2
30 82 47
30 84 50
30 85 100
30 91 21
30 92 64
30 93 59
30 94 78
30 98 52
30 100 81
31 39 87
31 41 47
31 47 83
31 48 22
31 49 21
31 50 79
31 53 15
31 54 19
31 55 18
31 56 33
31 58 43
31 62 11
31 64 38
31 65 31
31 66 31
31 68 50
31 69 16
31 70 32
31 71 25
31 76 24
31 77 100
31 80 29
31 81 75
31 82 52
31 84 90
31 87 44
31 89 44
31 90 73
31 91 68
31 93 68
31 94 15
31 95 87
31 97 77
31 100 70
32 33 71
32 34 9
32 35 20
32 39 7
32 40 19
32 41 28
32 44 2
32 45 10
32 46 13
32 48 94
32 50 97
32 52 93
32 53 41
32 56 88
32 59 10
32 61 83
32 63 16
32 66 21
32 67 25
32 70 34
32 71 33
32 72 69
32 76 9
32 79 48
32 81 31
32 84 32
32 86 85
32 95 9
32 99 89
33 34 77
33 36 100
33 41 98
33 42 21
33 43 60
33 44 8
33 45 47
33 47 12
33 51 49
33 56 52
33 57 11
33 58 46
33 60 51
33 62 66
33 64 66
33 70 26
33 78 48
33 80 73
33 81 87
33 82 17
33 83 96
33 84 5
33 85 83
33 86 74
33 88 93
33 93 60
33 94 95
33 95 24
33 97 13
33 98 38
33 99 45
34 35 41
34 36 62
34 39 69
34 41 8
34 42 60
34 43 45
34 44 81
34 45 24
34 47 100
34 49 61
34 51 4
34 54 30
34 55 29
34 57 18
34 59 36
34 60 94
34 67 65
34 68 22
34 71 48
34 73 8
34 75 81
34 76 31
34 79 87
34 80 1
34 82 89
34 87 12
34 88 49
34 89 36
34 91 13
34 93 3
34 94 58
34 95 6
34 99 8
34 100 43
35 39 62
35 42 49
35 43 42
35 45 42
35 50 50
35 51 39
35 52 89
35 53 31
35 55 2
35 56 66
35 59 75
35 63 27
35 66 76
35 72 61
35 75 63
35 78 56
35 83 46
35 85 23
35 86 45
35 87 39
35 91 1
35 93 25
35 95 94
35 98 18
36 37 75
36 41 45
36 42 57
36 43 82
36 44 81
36 46 66
36 48 15
36 50 7
36 51 80
36 53 5
36 54 36
36 56 40
36 57 36
36 58 39
36 61 93
36 62 3
36 64 87
36 66 16
36 69 49
36 70 79
36 73 54
36 77 13
36 78 23
36 79 48
36 87 21
36 89 45
36 91 71
36 95 75
36 96 58
36 98 1
36 99 51
36 100 37
37 38 10
37 41 25
37 42 96
37 43 43
37 48 45
37 50 23
37 51 3
37 53 7
37 56 38
37 58 29
37 59 11
37 62 92
37 72 89
37 73 7
37 84 43
37 85 67
37 87 11
37 88 48
37 89 86
37 92 38
37 94 63
37 95 79
37 98 72
37 99 53
38 39 23
38 41 72
38 45 99
38 46 83
38 51 53
38 54 78
38 57 19
38 58 74
38 59 62
38 60 43
38 61 29
38 63 41
38 64 77
38 65 45
38 67 39
38 70 16
38 74 83
38 75 64
38 77 84
38 80 38
38 84 85
38 86 68
38 88 27
38 89 93
38 90 17
38 91 85
38 92 74
38 97 51
38 100 21
39 43 47
39 47 17
39 48 17
39 51 90
39 54 96
39 55 38
39 57 74
39 58 16
39 71 72
39 73 51
39 75 20
39 79 15
39 82 77
39 84 5
39 89 78
39 91 64
39 94 66
39 96 10
39 97 3
39 100 16
40 41 65
40 43 82
40 49 93
40 50 60
40 52 57
40 53 24
40 56 26
40 58 7
40 60 56
40 64 29
40 65 28
40 67 47
40 68 71
40 73 41
40 74 80
40 75 15
40 84 88
40 85 35
40 90 58
40 92 22
40 93 56
40 95 16
41 43 23
41 44 28
41 45 74
41 46 68
41 48 75
41 55 10
41 62 62
41 66 27
41 70 99
41 71 35
41 74 32
41 75 90
41 76 24
41 80 19
41 81 54
41 82 48
41 83 27
41 87 57
41 89 90
41 92 9
41 95 33
41 97 90
41 98 23
41 100 27
42 44 98
42 46 36
42 47 71
42 52 18
42 53 57
42 55 56
42 56 32
42 58 10
42 59 49
42 60 82
42 66 56
42 67 37
42 71 50
42 75 35
42 80 94
42 84 86
42 85 91
42 86 27
42 92 48
42 96 65
42 97 14
42 99 81
43 45 47
43 47 66
43 48 5
43 50 17
43 52 14
43 56 55
43 60 37
43 63 54
43 67 39
43 71 16
43 75 66
43 78 64
43 82 8
43 83 17
43 86 31
43 90 8
43 93 46
43 94 44
43 95 13
43 96 61
43 97 11
43 99 59
43 100 17
44 45 17
44 46 3
44 50 33
44 51 7
44 53 1
44 60 13
44 63 67
44 66 21
44 67 66
44 68 16
44 69 91
44 70 58
44 72 97
44 73 62
44 75 88
44 77 90
44 85 21
44 87 37
44 88 8
44 90 92
44 91 72
44 93 12
44 94 62
44 96 70
45 50 4
45 51 56
45 52 41
45 53 87
45 56 55
45 58 15
45 60 36
45 64 27
45 65 25
45 66 14
45 67 92
45 68 54
45 70 70
45 71 49
45 77 49
45 79 88
45 80 14
45 82 77
45 85 47
45 86 27
45 88 98
45 90 16
45 94 72
46 48 52
46 49 18
46 55 95
46 56 98
46 58 22
46 65 69
46 67 57
46 71 52
46 72 99
46 73 7
46 75 65
46 78 37
46 79 7
46 81 79
46 83 56
46 84 69
46 86 97
46 89 2
46 90 3
46 91 5
46 94 78
46 98 55
46 100 74
47 48 71
47 55 100
47 56 63
47 60 21
47 67 41
47 69 9
47 77 62
47 80 74
47 83 49
47 85 53
47 87 79
47 91 76
47 92 23
47 93 87
47 95 39
47 96 4
47 97 72
48 49 40
48 52 82
48 54 54
48 56 41
48 57 68
48 58 31
48 60 83
48 64 88
48 66 69
48 70 80
48 71 32
48 74 86
48 81 63
48 83 77
48 85 35
48 86 50
48 94 27
48 95 70
48 98 88
49 50 90
49 51 61
49 53 34
49 55 10
49 59 6
49 60 9
49 62 88
49 63 90
49 65 43
49 67 16
49 72 72
49 74 17
49 75 31
49 76 51
49 77 51
49 85 46
49 88 32
49 96 71
49 97 16
50 51 80
50 55 4
50 56 37
50 60 95
50 61 33
50 62 36
50 65 66
50 67 76
50 68 42
50 69 9
50 73 78
50 75 5
50 77 10
50 80 92
50 81 32
50 85 94
50 88 64
50 93 95
50 98 64
50 100 39
51 53 28
51 54 30
51 55 6
51 56 47
51 58 45
51 63 95
51 67 61
51 73 44
51 76 68
51 77 97
51 79 58
51 80 58
51 81 42
51 96 64
51 100 66
52 53 100
52 54 1
52 57 59
52 64 86
52 67 61
52 71 36
52 72 41
52 77 50
52 78 1
52 80 83
52 83 34
52 85 67
52 87 43
52 89 98
52 91 1
52 94 47
52 100 72
53 55 36
53 56 61
53 63 98
53 64 36
53 65 91
53 67 87
53 68 1
53 69 61
53 72 98
53 73 64
53 76 86
53 80 70
53 84 39
53 90 97
53 92 5
53 94 4
53 97 25
53 98 56
53 100 23
54 55 81
54 58 48
54 59 25
54 61 18
54 64 36
54 66 88
54 69 97
54 71 84
54 72 72
54 73 92
54 78 54
54 79 41
54 82 76
54 85 84
54 91 5
54 95 10
54 96 92
54 97 76
54 98 33
54 99 69
55 59 57
55 60 57
55 63 94
55 65 70
55 67 46
55 71 98
55 75 54
55 77 39
55 79 14
55 80 64
55 86 49
55 89 96
55 93 16
55 95 60
55 96 99
55 98 32
56 61 54
56 63 41
56 68 56
56 72 23
56 77 9
56 82 21
56 84 37
56 85 88
56 89 89
56 93 7
56 94 18
56 97 14
56 99 59
57 58 6
57 66 54
57 71 94
57 72 38
57 76 14
57 79 84
57 81 92
57 86 58
57 89 65
57 91 62
57 92 14
57 93 72
57 100 2
58 64 5
58 66 40
58 71 66
58 72 89
58 73 1
58 75 6
58 82 37
58 83 10
58 91 79
58 93 73
58 95 53
58 97 89
58 98 50
58 100 15
59 60 73
59 61 56
59 66 77
59 68 21
59 73 84
59 74 66
59 76 84
59 78 50
59 81 21
59 84 34
59 88 19
59 89 85
59 90 35
59 93 75
59 96 98
59 98 11
59 99 57
60 62 70
60 67 70
60 70 66
60 73 63
60 75 86
60 77 95
60 79 92
60 80 65
60 81 63
60 82 84
60 85 92
60 88 69
60 95 50
60 98 90
60 99 94
61 62 61
61 63 3
61 65 11
61 70 97
61 71 57
61 88 87
61 89 90
61 90 66
61 91 31
61 93 82
61 94 19
61 97 23
61 99 60
62 66 70
62 72 87
62 76 90
62 80 100
62 81 31
62 84 69
62 85 57
62 89 11
62 90 19
62 97 30
63 65 60
63 66 60
63 69 15
63 77 1
63 84 87
63 92 26
63 93 85
63 96 72
63 99 81
64 66 83
64 71 38
64 73 48
64 75 33
64 77 87
64 78 11
64 79 55
64 80 44
64 82 68
64 83 7
64 85 28
64 89 68
64 90 17
64 91 55
64 92 24
64 94 52
64 95 5
65 66 47
65 71 66
65 72 49
65 74 22
65 75 87
65 76 99
65 77 57
65 78 5
65 83 15
65 86 79
65 88 9
65 92 26
65 95 22
65 98 22
66 69 94
66 76 14
66 78 94
66 81 18
66 82 59
66 84 42
66 88 55
66 94 27
67 68 48
67 69 18
67 73 86
67 74 58
67 76 93
67 77 46
67 80 60
67 83 53
67 84 71
67 85 4
67 87 80
67 88 8
67 93 46
67 94 66
67 95 100
67 98 6
67 99 14
67 100 9
68 72 7
68 74 63
68 79 66
68 80 89
68 81 71
68 83 34
68 90 73
68 91 58
68 92 73
68 93 3
68 95 40
68 96 84
68 97 43
68 98 8
69 70 65
69 72 94
69 73 53
69 74 17
69 76 50
69 78 37
69 81 39
69 89 30
69 91 59
69 95 43
69 98 48
70 71 35
70 73 58
70 74 99
70 84 98
70 85 11
70 86 28
70 88 53
70 89 40
70 91 37
70 92 43
70 97 59
70 98 84
71 72 79
71 74 39
71 76 68
71 77 38
71 79 32
71 80 55
71 87 19
71 88 56
71 90 4
71 92 20
71 93 95
72 73 41
72 74 44
72 77 69
72 82 74
72 84 31
72 85 23
72 86 88
72 87 17
72 91 14
72 92 87
72 93 87
73 74 88
73 76 15
73 79 23
73 80 7
73 83 88
73 87 52
73 96 91
74 78 23
74 79 82
74 80 65
74 84 35
74 86 83
74 91 3
74 95 31
74 99 7
74 100 73
75 77 71
75 78 28
75 81 3
75 83 48
75 86 12
75 87 8
75 92 24
75 95 100
75 96 41
75 99 32
76 77 19
76 78 87
76 81 76
76 90 11
76 91 35
76 94 32
76 98 43
77 78 19
77 79 65
77 81 25
77 85 12
77 86 49
77 87 72
77 94 8
77 95 52
77 97 91
77 98 53
77 100 40
78 81 43
78 82 29
78 83 74
78 90 20
78 91 50
78 95 67
78 96 72
79 80 28
79 83 92
79 84 48
79 87 69
79 89 79
79 90 50
79 91 53
79 94 45
79 95 39
79 97 57
79 98 57
79 100 36
80 85 76
80 86 87
80 87 48
80 88 69
80 91 24
80 96 19
81 82 44
81 87 37
81 88 95
81 89 44
81 90 28
81 93 35
81 98 80
81 99 58
82 83 87
82 84 66
82 87 72
82 91 23
82 94 91
82 95 99
82 96 7
82 97 11
82 98 15
82 99 15
82 100 65
83 84 35
83 86 12
83 89 59
83 90 94
83 94 42
83 97 40
84 87 44
84 91 20
84 94 10
84 95 98
84 98 98
85 97 65
85 98 49
86 88 96
86 89 21
86 90 41
86 94 3
86 97 46
86 98 53
86 100 7
87 88 32
87 92 83
87 94 45
88 90 92
88 91 60
88 92 48
88 95 31
88 96 19
88 97 17
88 100 61
89 90 80
89 96 88
89 97 84
89 99 89
89 100 5
90 91 58
90 93 77
90 94 40
90 98 73
90 99 59
91 95 23
91 96 34
91 98 9
91 100 52
92 94 93
92 98 72
93 94 4
93 95 51
93 96 61
93 97 42
93 98 87
93 100 4
94 97 63
94 100 97
95 96 66
95 98 43
95 99 36
95 100 71
96 98 18
96 99 92
96 100 19
97 98 75
98 99 81
1 5 91
1 7 52
1 8 66
1 10 99
1 13 48
1 14 30
1 16 38
1 18 53
1 24 60
1 26 58
1 28 66
1 29 87
1 32 65
1 39 85
1 43 57
1 45 5
1 49 84
1 50 84
1 51 26
1 54 52
1 57 99
1 61 28
1 66 28
1 68 50
1 69 4
1 70 65
1 71 5
1 72 53
1 74 2
1 75 23
1 82 66
1 85 86
1 86 42
1 89 41
1 96 87
1 97 58
1 98 68
2 3 39
2 5 95
2 7 80
2 9 26
2 13 37
2 14 87
2 18 30
2 20 9
2 22 87
2 23 98
2 28 8
2 30 2
2 32 82
2 35 78
2 36 53
2 39 46
2 42 6
2 44 74
2 47 42
2 48 84
2 51 100
2 54 89
2 61 78
2 65 25
2 72 33
2 74 39
2 77 95
2 80 56
2 81 15
2 82 21
2 86 66
2 87 12
2 88 4
2 95 21
2 97 25
2 99 3
3 4 31
3 6 47
3 8 57
3 10 38
3 14 69
3 21 72
3 26 25
3 28 66
3 29 27
3 30 50
3 32 15
3 33 72
3 37 45
3 38 61
3 42 55
3 44 9
3 46 17
3 51 32
3 55 34
3 59 34
3 66 72
3 68 82
3 69 100
3 70 36
3 71 98
3 73 42
3 74 45
3 76 79
3 77 65
3 78 96
3 83 15
3 84 15
3 85 58
3 86 82
3 87 12
3 88 91
3 89 1
3 90 86
3 92 25
3 94 11
3 95 53
3 99 56
4 5 41
4 8 7
4 11 33
4 12 69
4 16 61
4 17 54
4 18 97
4 21 72
4 22 9
4 25 85
4 29 69
4 30 72
4 31 28
4 32 50
4 35 19
4 36 37
4 37 20
4 38 90
4 41 73
4 42 58
4 47 98
4 49 33
4 53 86
4 57 52
4 68 31
4 75 31
4 77 72
4 80 3
4 81 72
4 83 64
4 87 100
4 88 79
4 90 51
4 92 36
4 94 76
4 95 37
4 96 35
4 98 78
4 99 61
4 100 85
5 8 68
5 9 38
5 12 31
5 13 90
5 17 40
5 20 37
5 21 47
5 24 59
5 31 54
5 32 28
5 33 82
5 36 29
5 37 47
5 38 37
5 42 91
5 43 44
5 49 2
5 52 33
5 54 72
5 56 45
5 57 17
5 59 69
5 64 66
5 65 91
5 68 35
5 73 53
5 74 76
5 75 39
5 76 10
5 79 45
5 86 13
5 88 83
5 91 59
5 94 13
5 96 61
6 9 8
6 10 75
6 12 32
6 13 65
6 14 35
6 16 42
6 17 12
6 19 70
6 20 62
6 22 12
6 25 35
6 26 8
6 27 68
6 29 59
6 30 21
6 32 89
6 34 37
6 35 88
6 37 9
6 40 23
6 45 62
6 49 23
6 51 84
6 53 28
6 58 66
6 59 57
6 61 34
6 62 2
6 67 31
6 69 85
6 72 1
6 77 11
6 82 99
6 83 28
6 85 37
6 88 94
6 89 96
6 90 11
6 92 88
6 93 72
6 95 9
6 96 62
7 13 68
7 14 37
7 15 7
7 18 51
7 19 72
7 20 40
7 21 15
7 22 8
7 27 38
7 28 61
7 29 39
7 33 51
7 35 60
7 40 41
7 44 94
7 46 90
7 47 97
7 51 42
7 53 57
7 56 20
7 57 30
7 62 8
7 65 28
7 67 10
7 70 16
7 73 51
7 75 42
7 76 56
7 77 48
7 78 42
7 80 88
7 83 21
7 93 80
7 94 43
7 95 6
7 96 40
7 99 6
7 100 6
8 10 39
8 11 58
8 13 37
8 14 48
8 20 44
8 22 47
8 25 73
8 28 75
8 35 40
8 39 52
8 41 94
8 42 60
8 44 60
8 45 88
8 47 23
8 54 25
8 57 36
8 59 69
8 61 3
8 62 100
8 64 86
8 71 10
8 73 32
8 74 33
8 75 99
8 77 68
8 78 4
8 79 35
8 81 65
8 82 2
8 83 94
8 89 49
8 98 43
8 100 52
9 14 59
9 16 44
9 19 14
9 25 83
9 26 11
9 28 82
9 30 14
9 31 2
9 36 67
9 38 62
9 39 86
9 40 31
9 41 4
9 48 97
9 49 8
9 50 83
9 52 51
9 53 19
9 54 9
9 55 79
9 58 82
9 59 68
9 61 100
9 64 52
9 67 67
9 72 18
9 79 23
9 82 84
9 83 55
9 89 5
9 91 69
9 93 10
9 95 2
9 96 97
10 12 68
10 13 46
10 14 20
10 16 6
10 18 1
10 20 23
10 21 70
10 22 42
10 25 56
10 26 56
10 27 86
10 28 16
10 29 99
10 30 4
10 31 23
10 32 60
10 33 61
10 34 79
10 35 28
10 37 19
10 44 98
10 47 84
10 48 45
10 52 51
10 56 65
10 63 86
10 67 95
10 68 65
10 72 50
10 74 94
10 75 94
10 77 99
10 78 62
10 83 65
10 85 89
10 89 86
10 93 37
10 97 98
10 98 81
10 100 79
11 16 28
11 18 53
11 20 80
11 23 89
11 26 81
11 27 6
11 29 85
11 33 89
11 44 15
11 46 72
11 49 40
11 51 4
11 52 50
11 53 44
11 58 60
11 59 29
11 60 78
11 62 68
11 63 11
11 64 75
11 65 92
11 67 41
11 71 2
11 73 28
11 75 93
11 80 33
11 84 44
11 85 78
11 87 48
11 88 77
11 90 40
11 92 87
11 94 33
11 95 56
11 97 54
11 100 80
12 13 92
12 19 80
12 21 42
12 24 66
12 29 53
12 31 94
12 33 83
12 37 79
12 42 88
12 43 84
12 44 7
12 47 43
12 49 45
12 50 3
12 54 86
12 58 86
12 59 87
12 60 98
12 61 30
12 63 73
12 65 68
12 66 98
12 67 29
12 68 48
12 70 38
12 71 59
12 76 37
12 81 67
12 91 25
12 95 4
12 97 45
12 98 27
13 16 51
13 19 7
13 21 98
13 22 32
13 24 6
13 25 78
13 27 97
13 28 59
13 30 70
13 36 99
13 39 9
13 40 67
13 41 3
13 43 30
13 44 66
13 45 37
13 47 39
13 51 98
13 53 27
13 56 68
13 57 95
13 63 9
13 64 52
13 66 100
13 67 43
13 68 15
13 69 13
13 73 25
13 74 85
13 75 6
13 76 32
13 78 66
13 82 79
13 83 68
13 87 51
13 92 82
13 94 2
13 95 38
13 97 50
13 99 36
14 15 50
14 20 62
14 21 24
14 23 79
14 24 46
14 25 89
14 33 27
14 36 72
14 38 28
14 40 61
14 41 17
14 42 23
14 45 38
14 47 91
14 48 5
14 49 60
14 50 27
14 53 94
14 55 27
14 57 53
14 58 82
14 59 66
14 61 22
14 62 27
14 63 16
14 65 69
14 72 84
14 74 33
14 77 6
14 78 71
14 80 28
14 92 88
14 93 32
14 95 71
14 100 40
15 20 90
15 23 44
15 26 35
15 29 49
15 33 96
15 36 57
15 37 66
15 39 43
15 42 72
15 45 30
15 47 21
15 49 17
15 52 2
15 54 55
15 56 26
15 63 64
15 64 19
15 71 87
15 73 91
15 74 18
15 75 90
15 76 5
15 82 39
15 84 24
15 85 44
15 88 6
15 90 43
15 91 1
15 92 20
15 93 99
15 94 53
15 96 59
15 97 100
16 17 75
16 18 19
16 19 60
16 21 58
16 25 84
16 27 100
16 29 16
16 31 100
16 34 80
16 35 91
16 36 7
16 38 74
16 43 96
16 45 100
16 46 23
16 47 71
16 49 30
16 50 65
16 52 52
16 55 72
16 56 39
16 59 65
16 60 93
16 63 30
16 64 6
16 67 38
16 70 18
16 75 50
16 77 5
16 81 8
16 83 54
16 88 10
16 92 74
16 93 11
16 95 19
16 96 78
16 98 71
16 100 79
17 18 80
17 19 50
17 23 50
17 24 60
17 29 7
17 30 27
17 34 51
17 35 53
17 40 15
17 41 71
17 44 55
17 45 68
17 47 83
17 51 59
17 56 82
17 59 5
17 62 18
17 64 64
17 65 14
17 66 60
17 68 47
17 70 67
17 73 92
17 75 99
17 81 81
17 82 50
17 83 69
17 92 76
17 94 100
18 20 88
18 21 52
18 23 78
18 24 16
18 25 27
18 31 32
18 33 24
18 34 57
18 36 9
18 40 63
18 45 49
18 47 54
18 59 34
18 61 99
18 65 80
18 72 7
18 73 72
18 80 14
18 83 15
18 84 25
18 86 40
18 87 32
18 89 94
18 90 22
18 91 30
18 93 46
18 95 23
18 97 40
19 21 78
19 22 94
19 23 4
19 26 32
19 30 71
19 31 11
19 32 27
19 33 45
19 36 74
19 38 30
19 39 23
19 41 27
19 43 44
19 44 96
19 45 35
19 50 82
19 52 82
19 54 71
19 57 2
19 59 17
19 65 93
19 67 23
19 68 65
19 74 88
19 75 83
19 76 58
19 79 76
19 86 4
19 87 94
19 89 31
19 90 85
19 95 21
19 99 24
20 21 90
20 28 33
20 30 50
20 31 89
20 33 28
20 35 93
20 36 91
20 40 61
20 43 46
20 44 79
20 45 72
20 47 36
20 49 8
20 50 36
20 51 21
20 53 82
20 55 24
20 56 18
20 59 5
20 61 2
20 62 31
20 66 33
20 70 20
20 74 37
20 75 88
20 77 57
20 82 69
20 86 51
20 87 99
20 88 59
20 96 51
20 99 60
20 100 46
21 23 44
21 26 51
21 32 73
21 33 5
21 34 49
21 37 4
21 41 56
21 47 4
21 49 85
21 53 31
21 56 55
21 60 77
21 64 34
21 69 43
21 70 17
21 71 38
21 78 91
21 82 95
21 85 31
21 86 30
21 91 4
21 92 58
21 93 11
21 95 41
21 100 1
22 23 6
22 25 47
22 26 77
22 27 98
22 30 37
22 31 2
22 33 53
22 35 96
22 36 69
22 42 5
22 48 71
22 50 25
22 56 21
22 57 6
22 59 12
22 60 79
22 61 60
22 62 24
22 64 81
22 65 38
22 68 8
22 69 37
22 70 82
22 75 54
22 76 64
22 78 12
22 79 14
22 84 41
22 89 38
22 91 14
22 95 3
22 97 49
22 99 77
23 29 65
23 32 98
23 35 84
23 39 28
23 41 55
23 44 80
23 45 27
23 48 66
23 50 31
23 52 23
23 54 47
23 59 2
23 60 95
23 63 94
23 64 69
23 67 71
23 72 22
23 77 56
23 78 82
23 79 28
23 80 62
23 81 11
23 82 16
23 85 44
23 86 8
23 87 3
23 90 4
23 92 46
23 93 8
23 94 99
23 95 83
23 97 33
23 99 61
23 100 9
24 27 61
24 29 57
24 30 39
24 32 12
24 33 26
24 34 21
24 37 94
24 38 53
24 39 12
24 43 27
24 48 71
24 50 69
24 51 77
24 54 71
24 58 46
24 62 38
24 63 25
24 64 28
24 66 22
24 69 55
24 71 55
24 73 67
24 74 79
24 75 25
24 76 29
24 82 100
24 96 73
24 97 92
24 100 54
25 27 30
25 29 80
25 32 91
25 33 73
25 35 84
25 39 70
25 40 65
25 41 87
25 45 3
25 47 91
25 50 34
25 51 84
25 59 88
25 61 83
25 64 6
25 69 5
25 73 77
25 80 5
25 81 35
25 82 24
25 83 51
25 86 68
25 87 13
25 88 86
25 89 56
25 94 12
25 95 87
25 97 84
25 99 69
26 30 48
26 34 87
26 37 43
26 39 9
26 40 84
26 42 81
26 47 49
26 48 45
26 49 43
26 52 49
26 54 55
26 63 61
26 65 64
26 66 60
26 69 56
26 70 40
26 73 92
26 76 22
26 77 27
26 78 63
26 80 78
26 81 32
26 83 34
26 85 74
26 87 74
26 91 40
26 92 27
26 93 85
26 98 51
26 99 54
27 29 11
27 32 6
27 33 37
27 35 33
27 37 6
27 44 95
27 45 57
27 46 45
27 47 67
27 49 27
27 53 42
27 54 40
27 56 5
27 59 11
27 68 94
27 70 74
27 71 59
27 72 79
27 74 2
27 78 7
27 79 38
27 80 18
27 81 49
27 82 1
27 84 77
27 85 15
27 93 97
27 94 34
27 95 88
27 99 38
27 100 37
28 30 65
28 31 100
28 39 72
28 44 66
28 52 100
28 55 63
28 56 94
28 58 71
28 63 2
28 64 60
28 65 41
28 66 92
28 72 31
28 73 97
28 76 90
28 78 61
28 84 14
28 85 58
28 86 34
28 88 10
28 91 64
28 97 9
28 99 27
28 100 96
29 32 44
29 38 93
29 39 75
29 40 84
29 42 37
29 56 26
29 58 89
29 62 3
29 65 20
29 68 42
29 72 11
29 73 3
29 74 4
29 77 10
29 83 73
29 85 2
29 86 60
29 88 42
29 94 94
30 31 60
30 33 22
30 34 60
30 36 82
30 37 5
30 38 87
30 40 30
30 42 8
30 48 13
30 51 96
30 56 18
30 59 13
30 60 31
30 63 7
30 65 55
30 66 21
30 68 92
30 73 85
30 74 68
30 77 2
30 80 78
30 81 12
30 83 46
30 84 84
30 85 47
30 95 22
30 97 86
31 34 31
31 35 42
31 39 57
31 41 44
31 42 7
31 45 82
31 46 26
31 51 64
31 54 47
31 57 3
31 58 40
31 59 38
31 60 75
31 61 39
31 63 27
31 67 4
31 68 56
31 71 67
31 73 8
31 77 69
31 78 17
31 83 56
31 85 97
31 87 6
31 88 31
31 91 56
31 93 80
31 96 71
31 97 18
31 98 86
32 36 22
32 37 8
32 38 22
32 39 97
32 42 61
32 43 49
32 45 93
32 49 68
32 51 56
32 54 22
32 57 31
32 59 54
32 61 100
32 63 86
32 64 24
32 65 29
32 67 51
32 75 39
32 80 53
32 81 40
32 82 88
32 87 80
32 88 48
32 90 3
32 92 49
32 94 91
33 36 97
33 38 37
33 42 11
33 43 98
33 50 11
33 56 80
33 61 19
33 64 48
33 65 1
33 68 38
33 69 52
33 75 26
33 76 14
33 78 64
33 79 21
33 84 35
33 85 4
33 86 6
33 87 57
33 88 72
33 92 33
33 94 8
33 96 71
33 97 93
33 98 27
34 35 45
34 38 70
34 42 87
34 43 15
34 45 68
34 46 35
34 48 90
34 50 67
34 52 73
34 53 95
34 56 5
34 57 57
34 60 83
34 62 34
34 64 28
34 65 97
34 67 27
34 68 59
34 69 24
34 70 48
34 71 18
34 72 1
34 75 57
34 76 63
34 79 86
34 85 80
34 86 21
34 87 52
34 88 27
34 90 76
34 92 83
34 96 56
34 97 44
35 37 91
35 39 3
35 42 20
35 44 37
35 48 21
35 51 92
35 54 92
35 59 71
35 62 60
35 63 34
35 64 7
35 66 23
35 67 47
35 68 83
35 76 34
35 80 29
35 81 74
35 83 67
35 90 56
35 91 6
35 92 46
35 93 36
35 97 19
35 100 21
36 37 31
36 38 11
36 48 84
36 49 80
36 50 16
36 51 98
36 54 94
36 55 17
36 56 87
36 58 31
36 66 46
36 67 87
36 69 63
36 73 70
36 74 10
36 76 2
36 77 53
36 78 66
36 81 81
36 86 66
36 89 59
36 93 24
36 99 3
37 44 56
37 48 67
37 51 33
37 52 61
37 53 64
37 57 52
37 61 2
37 66 10
37 68 32
37 70 93
37 71 35
37 75 35
37 77 4
37 80 36
37 82 56
37 83 46
37 88 14
37 91 46
37 93 45
37 95 1
37 96 7
37 97 57
37 98 19
37 99 36
37 100 66
38 40 48
38 42 50
38 48 27
38 52 9
38 53 61
38 55 84
38 58 40
38 60 15
38 62 65
38 63 37
38 64 67
38 68 51
38 71 92
38 72 67
38 73 83
38 77 99
38 79 29
38 81 18
38 83 20
38 84 90
38 88 31
38 94 18
38 97 23
39 40 98
39 43 90
39 44 35
39 48 39
39 52 100
39 53 93
39 58 67
39 60 35
39 62 46
39 64 39
39 65 53
39 71 60
39 72 19
39 74 11
39 76 60
39 78 97
39 80 89
39 81 81
39 82 82
39 85 95
39 88 65
39 90 69
39 92 70
39 96 27
40 49 48
40 52 26
40 56 32
40 59 76
40 60 28
40 63 40
40 64 16
40 68 76
40 69 87
40 70 20
40 71 12
40 75 78
40 76 38
40 77 3
40 79 35
40 81 7
40 82 24
40 83 53
40 91 22
40 100 22
41 43 9
41 44 8
41 46 82
41 51 95
41 52 48
41 53 70
41 57 91
41 60 54
41 64 22
41 65 58
41 66 8
41 68 40
41 69 40
41 71 77
41 72 78
41 73 9
41 77 53
41 84 40
41 90 14
41 91 3
41 94 15
41 98 85
41 99 13
41 100 49
42 43 41
42 45 34
42 48 93
42 49 39
42 51 30
42 54 50
42 55 63
42 59 55
42 62 55
42 64 44
42 66 64
42 70 80
42 72 100
42 73 20
42 76 56
42 78 83
42 83 83
42 85 40
42 86 52
42 90 22
42 91 23
42 94 63
42 95 64
42 96 50
43 45 26
43 47 39
43 56 46
43 59 15
43 62 56
43 63 87
43 64 4
43 65 32
43 66 57
43 67 92
43 69 100
43 76 14
43 78 70
43 79 81
43 80 58
43 81 55
43 83 87
43 90 21
43 92 8
43 94 39
43 95 62
43 96 16
43 100 60
44 46 85
44 52 50
44 53 60
44 54 78
44 62 60
44 63 36
44 64 69
44 68 87
44 70 96
44 74 69
44 78 88
44 79 94
44 81 23
44 82 59
44 83 36
44 85 80
44 86 43
44 87 9
44 90 97
44 92 35
44 94 34
44 99 83
44 100 44
45 51 6
45 52 8
45 56 26
45 57 30
45 58 28
45 60 9
45 61 67
45 62 57
45 64 64
45 66 44
45 69 55
45 77 62
45 81 16
45 83 77
45 84 77
45 86 73
45 97 92
45 98 83
45 100 77
46 49 19
46 56 43
46 58 100
46 62 51
46 65 50
46 73 33
46 75 55
46 76 65
46 79 59
46 80 64
46 81 52
46 83 81
46 84 40
46 85 92
46 86 22
46 90 83
46 91 95
46 94 61
46 96 30
47 48 12
47 49 21
47 53 49
47 55 44
47 56 30
47 57 79
47 58 58
47 59 22
47 61 39
47 64 30
47 65 17
47 67 32
47 69 42
47 70 81
47 73 48
47 74 18
47 75 78
47 76 81
47 85 23
47 89 4
47 91 26
47 92 22
47 94 64
47 95 69
47 97 47
47 98 51
47 100 75
48 49 89
48 52 3
48 54 65
48 55 50
48 62 10
48 64 51
48 66 91
48 69 94
48 71 47
48 82 24
48 83 90
48 91 64
48 92 70
48 93 2
48 95 33
48 96 92
48 97 52
48 100 41
49 50 54
49 51 47
49 52 88
49 53 29
49 55 60
49 61 87
49 62 25
49 67 25
49 68 70
49 70 1
49 71 16
49 72 59
49 75 16
49 79 46
49 88 65
49 90 95
49 91 82
49 93 76
49 94 19
49 95 33
49 97 94
49 98 29
50 52 67
50 54 21
50 55 16
50 59 76
50 60 90
50 63 6
50 65 41
50 67 84
50 72 78
50 74 69
50 75 10
50 76 60
50 77 100
50 79 76
50 80 47
50 82 5
50 83 44
50 85 1
50 87 20
50 88 38
50 91 29
50 93 4
50 95 7
50 98 40
50 100 70
51 52 33
51 54 60
51 55 30
51 59 9
51 61 20
51 62 96
51 64 45
51 68 24
51 69 62
51 71 46
51 76 16
51 77 58
51 80 12
51 86 55
51 88 16
51 89 91
51 90 79
51 91 84
51 92 80
52 54 79
52 56 72
52 57 97
52 58 99
52 59 51
52 60 55
52 63 1
52 66 43
52 69 32
52 70 59
52 73 34
52 77 77
52 79 28
52 80 25
52 81 70
52 83 15
52 84 86
52 87 11
52 90 20
52 92 47
52 95 78
52 97 96
52 98 33
52 100 92
53 58 51
53 63 52
53 64 9
53 65 30
53 67 63
53 73 84
53 74 87
53 77 55
53 80 15
53 82 64
53 85 63
53 87 20
53 89 27
53 90 94
53 91 62
53 92 22
53 94 36
53 95 25
53 98 10
53 99 79
53 100 89
54 55 49
54 57 6
54 59 45
54 60 45
54 63 97
54 65 30
54 67 49
54 75 49
54 76 95
54 77 66
54 78 74
54 80 64
54 84 50
54 87 11
54 89 78
54 90 32
54 91 37
54 92 73
54 93 76
54 96 8
54 99 59
55 57 60
55 59 57
55 62 81
55 68 1
55 69 70
55 71 63
55 72 31
55 73 98
55 82 81
55 87 47
55 88 92
55 89 9
55 93 75
55 95 8
55 99 59
55 100 24
56 58 91
56 64 47
56 66 10
56 68 11
56 69 14
56 70 60
56 71 77
56 73 9
56 75 35
56 76 24
56 78 33
56 79 53
56 82 10
56 85 77
56 87 51
56 93 41
56 94 20
56 95 74
56 99 76
56 100 56
57 58 48
57 64 70
57 70 30
57 73 10
57 74 69
57 75 64
57 76 96
57 79 53
57 82 67
57 83 77
57 84 32
57 85 75
57 86 56
57 88 25
57 89 10
57 90 20
57 91 42
57 95 64
57 96 19
57 97 37
57 99 22
58 60 20
58 62 5
58 70 6
58 72 56
58 74 69
58 75 78
58 76 93
58 77 24
58 78 74
58 81 42
58 82 66
58 83 27
58 85 99
58 86 11
58 87 18
58 92 95
58 93 62
58 97 44
58 99 60
59 63 13
59 65 67
59 66 38
59 68 100
59 69 36
59 75 38
59 76 95
59 79 95
59 81 37
59 82 91
59 85 34
59 90 70
59 93 30
59 94 67
59 96 100
59 97 7
59 100 76
60 63 65
60 67 49
60 70 52
60 71 88
60 73 61
60 79 23
60 80 83
60 83 49
60 85 58
60 89 83
60 90 77
60 91 49
60 94 59
60 99 86
60 100 79
61 63 1
61 64 34
61 65 25
61 66 3
61 68 22
61 70 99
61 71 93
61 73 20
61 77 70
61 80 82
61 83 19
61 91 4
61 96 97
61 97 64
61 98 74
61 100 38
62 63 27
62 66 70
62 68 94
62 69 42
62 72 89
62 77 68
62 81 35
62 82 20
62 84 99
62 85 55
62 86 50
62 87 9
62 88 9
62 94 44
62 95 3
63 64 59
63 66 33
63 70 41
63 75 43
63 77 78
63 78 41
63 79 11
63 89 51
63 90 67
63 91 51
63 95 96
63 98 9
64 66 28
64 67 49
64 69 72
64 70 94
64 73 19
64 76 30
64 78 56
64 81 14
64 83 49
64 84 91
64 87 100
64 88 8
64 90 68
64 93 11
64 94 74
64 95 20
64 97 20
64 100 73
65 67 34
65 71 96
65 72 13
65 73 7
65 74 81
65 75 94
65 77 63
65 81 71
65 86 69
65 87 21
65 89 88
65 91 56
65 92 53
65 93 14
65 95 56
65 96 43
65 100 70
66 67 26
66 68 41
66 69 61
66 72 76
66 75 75
66 77 3
66 78 100
66 81 96
66 96 23
66 97 69
66 98 24
66 99 81
67 76 5
67 77 62
67 78 30
67 82 7
67 87 98
67 88 86
67 89 97
67 90 69
67 92 37
67 99 59
67 100 56
68 70 25
68 76 87
68 77 49
68 79 85
68 81 6
68 83 71
68 84 35
68 87 48
68 89 73
68 91 36
68 92 65
68 95 27
68 99 89
69 71 14
69 74 60
69 77 25
69 80 3
69 83 22
69 86 37
69 88 56
69 92 41
69 93 84
69 95 38
70 72 78
70 73 42
70 74 77
70 76 14
70 79 82
70 80 26
70 84 7
70 86 22
70 89 51
70 92 54
70 94 95
70 95 3
71 74 2
71 75 87
71 79 85
71 82 57
71 85 61
71 88 34
71 89 71
71 93 1
71 95 26
71 97 39
71 99 59
71 100 65
72 75 14
72 78 10
72 79 45
72 81 38
72 86 72
72 88 39
72 89 9
72 94 1
72 95 30
72 100 65
73 75 14
73 78 36
73 84 3
73 85 64
73 91 12
73 92 59
73 97 39
73 99 32
74 76 91
74 83 25
74 91 38
74 92 88
74 93 98
74 100 86
75 81 58
75 85 49
75 86 75
75 89 74
75 91 100
75 92 17
75 94 79
75 97 59
75 98 83
75 99 85
76 78 83
76 79 76
76 80 58
76 81 8
76 82 87
76 83 40
76 85 30
76 88 66
76 91 59
76 92 45
76 94 9
76 95 85
76 97 30
76 100 12
77 78 26
77 79 56
77 80 55
77 82 4
77 83 22
77 86 38
77 88 59
77 93 44
78 80 35
78 88 55
78 97 95
78 98 86
78 100 21
79 81 66
79 82 19
79 83 99
79 84 62
79 86 20
79 90 58
79 92 87
79 93 33
79 95 29
79 96 43
79 97 100
80 81 83
80 83 36
80 87 74
80 89 13
80 93 79
80 96 21
80 97 7
80 99 21
80 100 5
81 82 22
81 83 63
81 87 78
81 98 55
81 100 96
82 87 92
82 88 23
82 89 64
82 90 44
82 91 21
82 93 91
82 94 35
82 97 9
82 98 54
82 100 64
83 85 90
83 87 85
83 89 76
83 91 70
83 93 65
83 94 14
83 95 7
83 98 99
84 85 93
84 88 57
84 89 25
84 92 16
84 94 76
85 88 56
85 89 30
85 93 71
85 94 30
85 96 19
85 97 70
85 99 32
85 100 98
86 88 59
86 90 83
86 94 94
87 89 48
87 90 16
87 92 66
87 97 43
87 99 32
88 92 87
88 94 41
88 96 60
88 99 95
88 100 95
89 92 25
89 96 51
90 91 68
90 93 14
90 94 81
90 96 39
90 98 1
90 99 31
91 92 87
91 94 91
91 96 33
91 97 95
91 99 41
92 94 53
92 95 75
93 94 23
93 95 85
94 95 49
94 96 19
94 98 25
94 100 44
95 98 99
96 97 13
96 98 73
98 99 63
1 4 52
1 6 36
1 7 49
1 13 30
1 14 6
1 15 72
1 19 85
1 20 87
1 27 60
1 30 87
1 31 73
1 33 2
1 34 18
1 45 81
1 50 83
1 59 96
1 65 46
1 66 73
1 67 22
1 68 22
1 69 9
1 72 5
1 74 60
1 75 72
1 76 16
1 78 41
1 79 71
1 82 6
1 83 11
1 84 38
1 85 71
1 86 49
1 90 4
1 91 87
1 94 27
1 95 79
1 96 77
1 97 48
1 98 56
1 100 9
2 4 75
2 5 75
2 6 76
2 7 90
2 8 64
2 9 11
2 14 39
2 15 27
2 17 3
2 20 59
2 21 58
2 23 51
2 29 73
2 30 71
2 32 58
2 33 60
2 34 29
2 36 76
2 37 57
2 38 85
2 39 57
2 40 33
2 41 30
2 45 63
2 51 49
2 61 64
2 63 15
2 64 23
2 66 70
2 70 25
2 71 96
2 72 93
2 75 89
2 77 39
2 78 4
2 82 39
2 83 17
2 85 78
2 87 20
2 89 56
2 91 67
2 93 97
2 94 44
2 97 37
2 99 78
2 100 67
3 4 88
3 5 62
3 7 69
3 9 23
3 10 33
3 12 93
3 14 33
3 15 77
3 16 35
3 18 20
3 20 45
3 21 95
3 23 64
3 24 83
3 26 66
3 28 74
3 29 19
3 30 99
3 32 37
3 34 60
3 41 95
3 43 15
3 51 23
3 55 88
3 58 19
3 59 58
3 60 98
3 61 10
3 64 75
3 66 68
3 67 98
3 69 52
3 70 70
3 72 86
3 76 83
3 78 89
3 80 40
3 82 79
3 85 84
3 90 21
3 91 80
3 92 97
3 94 87
3 95 23
3 96 47
4 5 1
4 8 73
4 9 50
4 10 96
4 14 40
4 18 89
4 24 49
4 29 78
4 31 59
4 33 100
4 34 57
4 35 44
4 37 9
4 41 36
4 43 27
4 47 69
4 51 84
4 52 95
4 55 69
4 59 18
4 60 37
4 61 74
4 62 64
4 63 8
4 65 47
4 66 96
4 67 96
4 71 17
4 73 58
4 76 50
4 77 4
4 79 81
4 83 79
4 84 51
4 85 10
4 88 33
4 89 80
4 90 83
4 91 79
4 93 29
4 94 30
4 95 39
4 96 70
4 97 20
4 98 61
5 6 6
5 9 44
5 12 2
5 14 28
5 16 48
5 19 61
5 20 97
5 27 25
5 31 22
5 36 81
5 46 75
5 52 10
5 57 22
5 58 100
5 62 93
5 66 59
5 67 82
5 69 15
5 71 46
5 72 26
5 75 60
5 76 85
5 77 4
5 78 70
5 80 55
5 83 88
5 84 52
5 85 17
5 86 48
5 88 83
5 89 19
5 91 66
5 92 95
5 93 45
5 96 65
5 99 38
6 10 42
6 12 82
6 15 17
6 16 14
6 18 69
6 19 84
6 20 94
6 21 2
6 23 81
6 26 39
6 28 65
6 32 69
6 36 10
6 39 80
6 42 20
6 43 55
6 49 62
6 50 46
6 51 82
6 54 5
6 57 64
6 60 51
6 62 38
6 64 83
6 65 79
6 68 17
6 74 73
6 77 2
6 79 19
6 81 53
6 82 27
6 83 80
6 84 78
6 86 67
6 87 46
6 90 18
6 91 98
6 92 100
6 94 66
6 99 33
6 100 47
7 16 14
7 20 98
7 23 52
7 24 20
7 28 70
7 29 48
7 30 86
7 32 100
7 34 23
7 35 59
7 39 80
7 41 89
7 43 98
7 44 69
7 46 10
7 49 81
7 50 42
7 51 19
7 52 78
7 53 77
7 54 33
7 58 79
7 59 25
7 62 55
7 63 19
7 64 46
7 65 40
7 68 33
7 70 36
7 73 99
7 75 10
7 77 11
7 79 40
7 84 81
7 85 89
7 86 62
7 88 85
7 89 28
7 90 52
7 97 86
8 13 5
8 14 89
8 17 100
8 20 41
8 21 85
8 23 36
8 24 82
8 25 43
8 26 7
8 27 98
8 28 44
8 29 72
8 31 27
8 34 66
8 36 4
8 39 14
8 40 84
8 41 76
8 42 83
8 43 14
8 45 46
8 46 51
8 47 6
8 52 13
8 53 100
8 65 16
8 67 20
8 72 85
8 73 20
8 77 36
8 82 21
8 83 100
8 85 35
8 88 69
8 97 3
8 99 64
8 100 54
9 11 1
9 13 26
9 14 12
9 15 63
9 16 8
9 17 28
9 19 97
9 20 83
9 22 68
9 23 24
9 24 74
9 25 4
9 26 15
9 29 1
9 32 45
9 35 34
9 37 19
9 42 54
9 43 24
9 44 70
9 49 46
9 51 49
9 54 30
9 56 22
9 62 24
9 64 20
9 66 35
9 69 9
9 72 46
9 74 24
9 75 11
9 76 48
9 81 61
9 83 16
9 90 6
9 93 8
9 95 19
9 96 46
9 98 32
9 99 48
10 11 37
10 14 72
10 17 8
10 18 71
10 19 10
10 20 31
10 23 20
10 24 76
10 25 80
10 26 26
10 27 90
10 30 100
10 36 34
10 37 99
10 38 74
10 39 44
10 40 3
10 44 34
10 49 14
10 52 42
10 55 5
10 57 1
10 58 14
10 59 71
10 62 78
10 63 72
10 65 60
10 66 73
10 68 82
10 70 69
10 72 13
10 73 13
10 80 27
10 82 48
10 85 38
10 90 76
10 92 1
10 93 74
10 95 2
10 96 88
10 98 83
10 100 83
11 13 91
11 19 61
11 20 29
11 21 7
11 22 91
11 24 32
11 26 48
11 30 20
11 34 95
11 35 44
11 37 83
11 38 11
11 40 24
11 41 23
11 46 54
11 49 87
11 51 3
11 54 56
11 57 70
11 59 92
11 61 42
11 64 91
11 68 87
11 73 58
11 78 73
11 80 70
11 82 32
11 87 26
11 88 66
11 90 21
11 92 59
11 98 66
12 13 40
12 14 61
12 17 39
12 18 62
12 20 46
12 24 2
12 26 39
12 32 36
12 37 74
12 38 89
12 39 38
12 40 63
12 41 76
12 42 13
12 45 44
12 48 38
12 58 47
12 60 54
12 63 91
12 68 61
12 69 19
12 71 75
12 72 57
12 73 56
12 81 8
12 83 67
12 84 1
12 86 69
12 88 42
12 89 11
12 90 65
12 93 47
12 94 2
12 99 13
12 100 28
13 15 3
13 19 91
13 22 28
13 27 14
13 28 43
13 29 65
13 30 59
13 34 15
13 35 74
13 37 31
13 38 92
13 42 72
13 44 75
13 46 54
13 47 83
13 49 21
13 50 11
13 51 3
13 52 99
13 54 85
13 55 16
13 56 92
13 57 22
13 60 28
13 62 58
