100 4456 1
1 9 75
1 11 20
1 14 98
1 17 68
1 18 26
1 20 76
1 27 45
1 28 31
1 29 56
1 30 59
1 35 63
1 37 41
1 38 28
1 39 82
1 42 82
1 50 7
1 53 35
1 55 47
1 56 7
1 57 89
1 59 53
1 63 75
1 71 77
1 73 43
1 77 47
1 78 95
1 82 21
1 86 43
1 87 3
1 88 38
1 89 75
1 90 77
1 93 5
1 95 65
1 97 23
2 7 78
2 8 28
2 12 13
2 19 95
2 21 91
2 22 85
2 24 22
2 26 10
2 28 19
2 34 98
2 37 46
2 38 38
2 42 57
2 45 14
2 49 62
2 51 81
2 53 73
2 60 88
2 61 54
2 62 100
2 64 70
2 65 12
2 67 59
2 70 28
2 72 39
2 76 34
2 81 75
2 82 95
2 88 63
2 89 48
2 90 51
2 93 47
2 95 34
2 99 94
3 4 85
3 6 83
3 7 56
3 8 23
3 10 6
3 11 75
3 13 81
3 14 42
3 15 40
3 16 35
3 18 31
3 19 14
3 21 18
3 24 7
3 27 9
3 34 21
3 37 29
3 42 32
3 44 31
3 47 51
3 48 26
3 49 11
3 50 85
3 54 28
3 60 29
3 61 54
3 63 56
3 69 31
3 71 96
3 74 11
3 77 42
3 78 33
3 80 61
3 84 6
3 86 82
3 87 17
3 90 74
3 91 74
3 92 58
3 93 4
3 95 23
3 99 27
4 14 22
4 16 81
4 17 26
4 21 97
4 22 10
4 23 10
4 26 62
4 29 5
4 35 42
4 39 95
4 42 46
4 49 17
4 51 66
4 54 14
4 60 90
4 61 38
4 64 50
4 65 57
4 66 28
4 69 17
4 76 99
4 77 96
4 78 16
4 80 39
4 81 9
4 82 46
4 84 8
4 85 3
4 89 30
4 91 50
4 93 86
4 98 14
4 99 8
5 6 79
5 7 67
5 11 61
5 12 33
5 17 7
5 19 7
5 24 84
5 25 89
5 29 79
5 30 30
5 31 58
5 34 3
5 35 44
5 37 86
5 39 88
5 41 23
5 43 30
5 44 35
5 45 10
5 46 50
5 47 13
5 51 41
5 52 3
5 53 87
5 58 76
5 61 39
5 62 59
5 65 91
5 68 6
5 69 34
5 71 64
5 72 92
5 73 45
5 74 79
5 75 32
5 78 74
5 88 78
5 94 22
5 98 79
6 7 34
6 10 42
6 11 81
6 12 7
6 13 30
6 15 91
6 16 72
6 18 58
6 22 89
6 23 90
6 25 67
6 30 97
6 31 40
6 32 41
6 35 100
6 37 57
6 38 66
6 39 44
6 42 41
6 43 81
6 44 73
6 47 89
6 48 21
6 49 75
6 51 35
6 52 31
6 53 10
6 56 51
6 58 63
6 63 97
6 76 78
6 79 57
6 81 9
6 87 92
6 88 61
6 90 76
6 91 35
6 93 11
6 94 93
6 96 81
6 97 48
6 98 23
7 8 31
7 10 49
7 13 57
7 14 5
7 15 67
7 18 14
7 19 85
7 20 58
7 27 36
7 29 61
7 31 27
7 34 56
7 37 17
7 38 38
7 39 54
7 42 77
7 44 52
7 45 45
7 46 55
7 51 4
7 54 52
7 55 76
7 56 36
7 59 55
7 60 40
7 61 30
7 65 78
7 69 89
7 70 52
7 71 45
7 73 33
7 74 46
7 75 53
7 77 66
7 80 19
7 83 41
7 86 3
7 89 19
7 90 32
7 91 65
7 93 77
7 95 20
7 96 92
7 99 64
8 9 50
8 13 97
8 14 3
8 17 3
8 19 90
8 24 88
8 28 94
8 29 91
8 31 43
8 32 91
8 37 92
8 39 66
8 43 81
8 45 6
8 46 29
8 49 60
8 56 83
8 57 63
8 59 78
8 61 87
8 62 64
8 69 54
8 72 2
8 74 62
8 79 38
8 81 15
8 84 87
8 87 25
8 88 5
8 93 7
8 94 54
8 95 44
8 96 98
8 99 50
9 19 22
9 21 67
9 22 67
9 29 24
9 31 13
9 32 23
9 34 31
9 36 18
9 39 67
9 41 51
9 43 41
9 45 83
9 47 4
9 52 60
9 53 26
9 63 64
9 66 23
9 69 11
9 72 53
9 73 30
9 75 61
9 82 33
9 84 51
9 91 9
9 92 24
10 11 65
10 13 19
10 25 22
10 26 76
10 36 89
10 38 48
10 40 16
10 45 89
10 49 62
10 55 13
10 56 56
10 63 48
10 65 94
10 66 75
10 67 100
10 69 65
10 71 74
10 75 26
10 76 2
10 77 59
10 79 98
10 81 43
10 82 94
10 88 99
10 90 51
10 91 24
10 92 67
10 93 98
10 96 24
10 100 50
11 12 43
11 13 40
11 16 70
11 17 38
11 19 11
11 22 31
11 24 54
11 29 25
11 30 47
11 32 7
11 34 20
11 38 94
11 39 17
11 41 75
11 44 100
11 53 81
11 55 82
11 58 21
11 59 13
11 60 81
11 63 5
11 66 56
11 67 74
11 70 69
11 72 26
11 73 6
11 76 36
11 77 95
11 78 99
11 80 15
11 88 98
11 89 26
11 100 63
12 13 90
12 14 87
12 18 1
12 20 10
12 21 86
12 22 61
12 23 38
12 31 14
12 34 6
12 36 23
12 39 80
12 41 46
12 42 83
12 45 75
12 47 78
12 48 33
12 49 57
12 51 28
12 53 81
12 55 65
12 57 83
12 58 98
12 62 91
12 65 32
12 66 47
12 70 37
12 72 9
12 75 88
12 76 36
12 77 40
12 79 47
12 80 8
12 83 25
12 84 54
12 89 100
12 95 86
12 96 27
12 97 56
12 98 47
12 99 89
13 14 86
13 15 24
13 16 9
13 19 84
13 22 64
13 25 61
13 26 83
13 28 99
13 32 99
13 33 33
13 34 22
13 37 25
13 40 44
13 43 9
13 44 95
13 45 29
13 53 48
13 55 59
13 56 29
13 58 10
13 60 9
13 61 61
13 62 94
13 63 92
13 67 65
13 69 58
13 70 56
13 71 22
13 73 38
13 75 79
13 80 91
13 84 100
13 86 58
13 87 95
13 88 4
13 90 93
13 91 45
13 95 16
13 96 80
13 97 63
14 15 26
14 18 14
14 19 71
14 20 44
14 21 68
14 22 80
14 23 5
14 24 96
14 27 98
14 28 28
14 34 96
14 42 56
14 44 82
14 45 24
14 49 52
14 50 19
14 51 48
14 57 35
14 59 43
14 61 38
14 64 41
14 68 73
14 71 81
14 72 22
14 76 18
14 78 38
14 81 61
14 82 55
14 86 41
14 88 32
14 90 11
14 96 61
15 16 57
15 17 50
15 18 28
15 20 33
15 22 45
15 31 79
15 35 42
15 37 97
15 41 55
15 44 8
15 47 83
15 49 25
15 50 72
15 51 61
15 54 57
15 55 2
15 56 89
15 63 11
15 64 16
15 68 54
15 69 20
15 70 74
15 71 18
15 74 49
15 77 98
15 79 18
15 80 12
15 82 96
15 84 90
15 86 84
15 89 14
15 91 39
15 93 78
15 94 52
15 95 80
15 97 27
15 99 93
16 18 85
16 20 62
16 21 4
16 22 33
16 23 72
16 24 10
16 26 100
16 27 28
16 28 87
16 29 83
16 32 51
16 33 45
16 35 42
16 37 63
16 44 78
16 45 94
16 47 50
16 49 62
16 52 51
16 55 58
16 56 62
16 57 20
16 58 31
16 61 68
16 65 68
16 67 84
16 69 33
16 73 100
16 76 95
16 77 15
16 78 71
16 79 13
16 80 34
16 81 100
16 84 97
16 87 33
16 94 68
16 99 21
17 25 47
17 26 36
17 29 83
17 31 29
17 36 53
17 39 65
17 42 47
17 49 16
17 55 44
17 58 69
17 63 32
17 64 66
17 66 40
17 68 84
17 69 33
17 71 25
17 75 40
17 76 44
17 80 73
17 82 71
17 85 42
17 86 87
17 87 57
17 88 85
17 89 49
17 91 62
17 93 56
17 94 73
17 96 56
17 98 16
17 99 18
17 100 95
18 19 14
18 21 53
18 24 78
18 25 98
18 28 22
18 31 24
18 32 9
18 33 58
18 35 93
18 38 45
18 39 92
18 41 44
18 42 79
18 45 82
18 46 37
18 48 49
18 49 29
18 50 61
18 53 81
18 58 66
18 59 69
18 64 18
18 65 46
18 66 23
18 67 82
18 70 86
18 71 60
18 72 38
18 73 37
18 74 96
18 78 20
18 79 30
18 80 16
18 83 47
18 84 63
18 88 68
18 92 37
18 94 10
18 99 88
19 20 12
19 21 7
19 22 73
19 23 7
19 24 68
19 28 28
19 29 79
19 32 98
19 36 16
19 38 21
19 40 100
19 41 59
19 43 89
19 46 97
19 48 77
19 50 59
19 53 52
19 54 43
19 55 98
19 61 47
19 63 52
19 65 33
19 70 50
19 71 99
19 72 23
19 75 100
19 76 26
19 77 100
19 78 62
19 79 89
19 80 66
19 81 74
19 83 23
19 84 92
19 90 74
19 91 6
19 94 82
19 96 64
19 97 98
19 99 70
20 21 83
20 25 72
20 28 84
20 30 49
20 31 6
20 33 19
20 37 17
20 42 90
20 44 73
20 51 78
20 53 37
20 55 17
20 56 70
20 62 45
20 63 79
20 64 82
20 65 28
20 66 80
20 68 46
20 70 91
20 71 8
20 72 46
20 73 76
20 76 79
20 77 34
20 84 16
20 86 24
20 88 64
20 89 19
20 92 84
20 95 72
20 99 15
20 100 98
21 22 22
21 23 50
21 26 20
21 28 36
21 29 68
21 36 2
21 40 30
21 41 53
21 43 21
21 44 20
21 46 93
21 47 90
21 52 9
21 55 19
21 56 27
21 58 30
21 60 14
21 67 2
21 68 61
21 71 41
21 74 18
21 79 95
21 81 38
21 82 67
21 88 35
21 93 80
21 94 51
21 95 31
21 98 76
22 25 61
22 27 9
22 28 35
22 30 11
22 32 64
22 34 55
22 35 10
22 40 91
22 42 15
22 43 55
22 44 98
22 46 19
22 49 39
22 52 96
22 53 65
22 55 62
22 58 68
22 60 40
22 62 23
22 64 98
22 69 74
22 71 77
22 75 39
22 76 24
22 79 48
22 83 56
22 92 8
22 97 74
23 28 89
23 29 48
23 31 29
23 34 28
23 36 39
23 37 6
23 38 64
23 40 30
23 41 42
23 44 35
23 48 34
23 49 55
23 53 76
23 54 46
23 55 36
23 57 42
23 63 71
23 65 84
23 66 67
23 70 29
23 71 77
23 72 69
23 76 45
23 78 59
23 83 72
23 87 62
23 89 16
23 90 10
23 95 66
23 96 10
23 97 70
23 99 54
24 25 11
24 28 29
24 34 39
24 41 89
24 44 88
24 45 15
24 47 64
24 50 97
24 52 36
24 58 83
24 59 82
24 61 9
24 62 6
24 63 91
24 65 3
24 69 86
24 73 73
24 74 45
24 75 34
24 79 35
24 80 63
24 82 5
24 83 8
24 87 6
24 88 68
24 94 40
24 99 63
25 27 72
25 28 1
25 32 40
25 33 59
25 34 8
25 35 50
25 37 73
25 38 25
25 40 1
25 41 6
25 42 2
25 44 23
25 45 42
25 54 78
25 55 28
25 59 32
25 60 67
25 62 68
25 64 11
25 67 45
25 68 30
25 70 86
25 74 41
25 75 74
25 76 73
25 80 7
25 82 72
25 84 38
25 85 76
25 93 40
25 94 43
26 28 82
26 29 86
26 31 29
26 32 77
26 34 61
26 35 63
26 36 12
26 38 58
26 39 10
26 43 89
26 44 48
26 45 62
26 49 32
26 51 72
26 54 94
26 56 98
26 57 92
26 59 67
26 64 86
26 65 73
26 67 2
26 68 96
26 70 53
26 71 34
26 72 41
26 77 41
26 78 34
26 80 1
26 89 40
26 90 11
26 93 54
26 96 97
26 99 75
26 100 14
27 28 46
27 30 70
27 31 29
27 37 16
27 39 27
27 42 89
27 43 53
27 45 50
27 46 46
27 47 27
27 48 53
27 51 96
27 56 12
27 58 93
27 64 100
27 65 43
27 67 93
27 68 3
27 70 67
27 71 57
27 73 50
27 76 88
27 77 75
27 79 77
27 83 43
27 87 13
27 90 95
27 91 75
27 95 47
27 98 48
27 99 52
27 100 64
28 30 2
28 31 25
28 35 44
28 36 7
28 38 52
28 42 34
28 43 24
28 44 71
28 46 3
28 49 26
28 52 52
28 53 61
28 54 35
28 55 35
28 58 74
28 61 66
28 62 85
28 67 16
28 69 66
28 74 34
28 75 67
28 78 67
28 84 51
28 88 46
28 90 83
28 92 40
28 94 15
28 95 23
28 96 26
29 30 34
29 35 17
29 37 51
29 40 96
29 44 90
29 46 82
29 47 11
29 48 41
29 49 87
29 50 13
29 52 8
29 53 6
29 55 48
29 56 45
29 59 86
29 63 39
29 65 75
29 66 7
29 67 16
29 69 64
29 71 29
29 73 64
29 77 45
29 93 7
29 94 18
29 96 93
30 31 46
30 35 39
30 36 26
30 37 80
30 39 81
30 47 62
30 48 100
30 51 95
30 53 35
30 56 93
30 60 71
30 62 96
30 63 14
30 64 66
30 66 4
30 67 49
30 69 83
30 70 35
30 72 94
30 73 87
30 82 78
30 83 93
30 86 24
30 89 27
30 90 33
30 91 19
30 96 48
30 97 12
31 34 78
31 35 88
31 40 32
31 42 26
31 43 44
31 44 38
31 46 89
31 51 82
31 52 23
31 55 34
31 56 76
31 57 2
31 58 8
31 59 5
31 60 45
31 65 87
31 73 60
31 75 16
31 77 44
31 80 4
31 83 71
31 88 44
31 91 43
31 92 18
31 93 43
31 99 31
31 100 51
32 33 33
32 34 41
32 35 72
32 36 84
32 39 65
32 40 87
32 43 23
32 44 76
32 45 4
32 46 24
32 55 93
32 58 87
32 67 76
32 70 53
32 72 15
32 75 76
32 76 44
32 78 36
32 80 97
32 83 99
32 84 45
32 89 83
32 90 56
32 93 97
32 96 68
32 98 30
32 99 54
32 100 27
33 35 33
33 38 60
33 39 58
33 41 33
33 42 95
33 44 55
33 45 90
33 46 54
33 50 52
33 51 84
33 53 76
33 55 78
33 56 42
33 58 28
33 59 43
33 68 6
33 73 11
33 75 39
33 76 49
33 79 71
33 88 16
33 91 65
33 94 48
34 37 70
34 39 85
34 46 75
34 49 82
34 50 9
34 55 71
34 56 41
34 60 91
34 61 89
34 62 60
34 65 63
34 66 37
34 68 7
34 70 50
34 71 26
34 73 96
34 74 7
34 79 1
34 81 25
34 85 24
34 86 39
34 87 67
34 88 7
34 96 89
34 99 77
34 100 88
35 41 69
35 43 92
35 44 70
35 48 82
35 49 8
35 52 11
35 53 71
35 56 77
35 60 26
35 62 14
35 67 14
35 71 18
35 72 16
35 74 53
35 78 17
35 80 41
35 86 77
35 88 78
35 89 94
35 95 9
35 96 46
35 98 89
35 99 46
35 100 3
36 37 37
36 38 40
36 46 98
36 50 73
36 51 4
36 54 50
36 55 57
36 56 69
36 57 73
36 59 64
36 60 8
36 62 66
36 68 91
36 71 45
36 75 15
36 77 23
36 81 72
36 85 61
36 88 18
36 90 73
36 91 87
36 92 31
36 98 61
36 99 42
36 100 26
37 40 81
37 44 23
37 50 51
37 51 37
37 54 91
37 56 49
37 57 76
37 58 29
37 60 24
37 61 37
37 69 70
37 72 27
37 75 29
37 76 65
37 77 36
37 84 31
37 85 30
37 87 60
37 90 60
37 91 95
37 93 7
37 95 2
37 97 73
37 98 33
38 39 68
38 43 9
38 48 9
38 50 64
38 52 1
38 53 80
38 54 66
38 55 28
38 56 58
38 65 55
38 66 14
38 69 9
38 70 74
38 71 5
38 73 89
38 74 86
38 77 36
38 85 87
38 89 20
38 90 11
38 93 84
38 95 4
38 98 15
39 40 57
39 41 55
39 43 100
39 45 35
39 47 58
39 52 88
39 53 47
39 55 95
39 56 26
39 60 66
39 62 52
39 63 21
39 67 55
39 68 37
39 72 45
39 75 64
39 76 69
39 77 23
39 78 65
39 80 44
39 81 57
39 83 90
39 84 46
39 85 23
39 87 98
39 89 96
39 96 21
39 100 9
40 43 20
40 44 38
40 51 95
40 52 9
40 53 71
40 59 41
40 60 41
40 61 62
40 63 73
40 67 70
40 74 68
40 76 81
40 80 37
40 83 32
40 86 40
40 87 59
40 88 7
40 89 84
40 91 54
40 92 53
40 93 44
40 97 60
40 98 8
40 100 87
41 44 77
41 45 27
41 50 68
41 52 34
41 53 44
41 54 47
41 55 12
41 57 66
41 61 35
41 64 12
41 76 91
41 77 15
41 79 42
41 80 4
41 83 84
41 84 20
41 95 13
41 96 88
41 98 22
41 100 54
42 45 98
42 46 73
42 52 47
42 53 25
42 55 48
42 58 69
42 59 51
42 60 15
42 64 7
42 65 60
42 67 68
42 69 94
42 70 33
42 72 32
42 74 55
42 77 52
42 78 2
42 79 31
42 82 5
42 83 73
42 84 44
42 88 56
42 91 34
42 97 14
42 98 19
42 99 96
42 100 11
43 45 88
43 46 23
43 48 42
43 51 44
43 54 16
43 55 3
43 56 77
43 57 100
43 58 69
43 60 2
43 63 16
43 65 89
43 66 78
43 67 20
43 69 63
43 71 86
43 72 72
43 73 6
43 74 26
43 76 6
43 81 21
43 83 61
43 84 48
43 85 11
43 90 65
43 92 23
43 93 95
43 94 15
43 98 80
43 100 70
44 45 7
44 47 31
44 55 34
44 62 18
44 63 59
44 64 62
44 66 89
44 67 81
44 70 81
44 74 12
44 75 61
44 77 6
44 78 44
44 80 9
44 83 8
44 91 6
44 95 54
44 96 93
44 98 89
45 47 95
45 52 49
45 53 46
45 54 91
45 55 32
45 57 53
45 62 39
45 63 21
45 64 16
45 65 17
45 66 64
45 70 78
45 73 57
45 74 3
45 77 47
45 78 44
45 80 99
45 81 68
45 82 26
45 83 32
45 85 69
45 89 18
45 93 5
45 94 93
45 95 47
45 99 90
45 100 64
46 52 15
46 54 2
46 55 5
46 56 82
46 59 59
46 60 59
46 62 66
46 64 91
46 65 65
46 67 34
46 69 45
46 73 8
46 76 100
46 78 49
46 89 3
46 90 27
46 91 58
46 92 97
46 94 49
46 96 48
46 97 25
46 98 53
46 100 13
47 48 68
47 49 11
47 50 6
47 52 35
47 53 67
47 55 60
47 57 81
47 61 5
47 63 70
47 65 12
47 66 65
47 68 36
47 71 57
47 74 10
47 77 10
47 81 69
47 86 53
47 92 4
47 93 9
47 94 67
47 95 59
47 96 29
48 58 15
48 62 75
48 65 22
48 67 64
48 68 78
48 72 13
48 74 89
48 75 71
48 76 32
48 77 99
48 80 30
48 88 70
48 90 67
48 91 50
48 93 58
48 95 46
48 97 27
48 98 52
48 99 18
48 100 25
49 51 85
49 55 34
49 57 23
49 58 59
49 61 24
49 64 23
49 65 25
49 67 31
49 69 24
49 70 65
49 71 27
49 73 7
49 75 94
49 78 60
49 81 62
49 82 8
49 84 76
49 85 69
49 87 9
49 88 62
49 90 46
49 94 51
49 95 69
49 96 13
49 97 54
50 53 17
50 54 50
50 55 35
50 57 81
50 58 3
50 59 51
50 61 6
50 65 49
50 68 61
50 69 14
50 70 51
50 71 40
50 72 40
50 73 87
50 75 37
50 76 92
50 77 8
50 78 65
50 79 65
50 80 9
50 81 25
50 87 94
50 91 32
50 93 41
50 95 83
50 96 73
50 100 11
51 53 41
51 56 95
51 58 81
51 65 6
51 67 94
51 68 84
51 69 41
51 73 48
51 77 63
51 78 49
51 79 20
51 83 91
51 84 66
51 85 25
51 86 96
51 90 44
51 99 18
52 57 81
52 59 49
52 61 37
52 63 23
52 65 67
52 66 69
52 69 72
52 70 7
52 71 76
52 73 57
52 74 3
52 75 25
52 77 26
52 80 60
52 83 43
52 84 21
52 85 14
52 86 90
52 89 66
52 90 37
52 93 88
52 99 46
52 100 40
53 55 64
53 58 3
53 59 85
53 60 6
53 65 41
53 67 16
53 73 5
53 75 98
53 77 64
53 83 70
53 89 66
53 90 46
53 93 10
53 94 20
53 98 81
54 57 65
54 59 78
54 61 24
54 65 72
54 69 12
54 70 80
54 74 74
54 78 92
54 79 66
54 85 34
54 86 78
54 87 51
54 92 98
54 94 91
54 96 22
54 98 82
55 62 48
55 63 98
55 67 48
55 71 4
55 73 76
55 75 16
55 78 21
55 87 50
55 92 11
55 93 7
55 94 58
55 97 73
55 99 46
56 60 98
56 66 47
56 67 57
56 70 77
56 71 81
56 72 2
56 73 50
56 74 66
56 76 78
56 77 5
56 83 87
56 84 94
56 87 80
56 90 49
56 97 10
56 99 14
57 60 79
57 64 100
57 65 41
57 66 57
57 67 2
57 73 18
57 76 83
57 77 62
57 82 27
57 85 43
57 86 82
57 89 51
57 94 100
57 98 81
57 100 7
58 63 2
58 65 7
58 67 37
58 72 3
58 73 57
58 76 15
58 81 37
58 82 47
58 87 30
58 88 44
58 89 75
58 95 5
58 97 4
58 98 32
58 99 40
59 63 99
59 68 99
59 69 78
59 71 73
59 72 81
59 73 36
59 75 57
59 80 64
59 82 42
59 84 45
59 85 12
59 86 12
59 89 27
59 94 71
59 95 2
59 96 43
59 100 9
60 61 26
60 62 38
60 63 85
60 69 1
60 71 71
60 73 68
60 88 13
60 89 83
60 91 40
60 96 77
60 98 50
61 63 67
61 65 88
61 66 62
61 67 53
61 68 35
61 69 10
61 72 83
61 73 18
61 74 62
61 75 22
61 77 30
61 79 74
61 85 29
61 90 52
61 93 5
61 95 73
61 98 8
61 99 10
62 69 97
62 70 76
62 71 91
62 72 50
62 76 60
62 80 26
62 81 91
62 84 96
62 86 95
62 87 16
62 88 89
62 89 48
62 90 53
62 91 30
62 92 36
62 94 9
62 98 51
62 99 17
62 100 15
63 65 50
63 66 36
63 72 69
63 76 53
63 77 84
63 79 53
63 80 82
63 83 94
63 87 54
63 89 47
63 90 59
63 91 18
63 95 57
63 97 100
63 100 31
64 67 90
64 68 24
64 70 100
64 71 65
64 73 26
64 76 84
64 77 37
64 81 20
64 82 25
64 84 89
64 87 74
64 89 37
64 90 11
64 93 2
64 95 77
64 96 81
64 97 4
64 99 82
65 67 82
65 70 96
65 72 41
65 74 9
65 75 42
65 76 42
65 77 50
65 79 69
65 81 53
65 83 3
65 85 75
65 86 20
65 87 44
65 91 28
65 92 82
65 94 69
65 98 50
65 99 61
66 70 92
66 73 10
66 74 31
66 77 22
66 79 97
66 82 5
66 88 37
66 90 85
66 98 45
67 69 7
67 74 98
67 75 50
67 76 42
67 78 38
67 80 77
67 85 87
67 87 26
67 91 48
67 96 50
68 69 14
68 70 81
68 72 8
68 73 85
68 75 23
68 78 70
68 81 19
68 83 79
68 84 10
68 85 52
68 88 96
68 89 46
68 91 40
68 98 57
68 99 26
69 70 42
69 72 51
69 74 15
69 75 44
69 76 1
69 77 82
69 80 80
69 82 81
69 86 78
69 87 99
69 89 35
69 91 72
69 92 2
69 95 68
69 97 51
69 99 15
69 100 96
70 72 71
70 75 52
70 76 97
70 80 26
70 82 8
70 83 28
70 84 37
70 85 76
70 86 49
70 89 92
70 90 35
70 91 61
70 92 45
70 94 49
71 77 21
71 78 17
71 81 33
71 82 36
71 83 30
71 84 3
71 85 25
71 95 52
71 96 82
71 98 42
71 99 95
72 74 44
72 80 58
72 85 66
72 90 98
72 92 87
72 93 54
72 94 51
72 96 80
73 77 34
73 79 72
73 83 3
73 87 41
73 88 10
73 89 84
73 92 33
73 94 25
73 97 41
73 98 82
74 75 59
74 76 43
74 77 88
74 83 53
74 87 40
74 88 71
74 91 83
74 94 5
74 95 25
74 97 91
75 77 46
75 79 98
75 80 92
75 82 5
75 83 76
75 87 4
75 88 13
75 90 49
75 91 38
75 96 15
76 78 75
76 83 30
76 84 67
76 89 46
76 94 5
77 79 95
77 80 74
77 82 92
77 86 54
77 88 9
77 94 76
77 97 43
77 98 49
77 100 73
78 82 37
78 85 51
78 86 100
78 87 24
78 89 66
78 91 19
78 93 55
78 95 23
78 96 84
78 97 15
78 98 85
78 99 96
78 100 96
79 81 92
79 83 58
79 86 99
79 88 100
79 89 42
79 90 72
79 91 60
79 92 1
79 94 65
79 95 10
79 98 24
80 84 18
80 87 50
80 88 68
80 90 84
80 93 2
80 94 95
80 96 70
80 98 42
80 100 97
81 87 50
81 88 73
81 92 72
81 94 67
81 95 69
81 97 34
81 100 93
82 87 77
82 91 98
82 99 67
83 89 7
83 93 84
83 95 12
83 96 34
83 97 15
84 85 59
84 90 23
84 94 97
85 89 53
85 92 28
85 93 4
85 96 56
85 98 89
85 99 79
86 91 64
86 98 53
87 88 69
87 89 77
87 92 25
87 93 28
87 98 43
87 99 72
88 89 16
88 91 42
88 94 27
88 96 66
88 97 87
88 98 78
88 99 23
88 100 2
89 93 85
89 94 6
89 95 61
89 97 69
89 98 83
89 99 21
90 93 79
90 96 74
91 95 82
91 96 33
91 97 76
91 98 66
91 99 75
92 94 89
92 95 32
93 94 76
93 95 34
93 98 80
93 99 84
93 100 16
94 95 22
94 97 95
94 100 50
95 98 16
96 98 80
97 98 67
1 2 98
1 4 66
1 5 63
1 6 20
1 11 36
1 12 42
1 15 67
1 17 99
1 24 67
1 25 51
1 26 23
1 27 6
1 32 43
1 33 86
1 39 60
1 45 19
1 46 68
1 48 26
1 50 53
1 52 45
1 54 81
1 55 82
1 59 21
1 63 56
1 64 16
1 66 7
1 68 17
1 69 21
1 78 78
1 81 22
1 82 80
1 83 98
1 90 86
1 91 12
1 92 46
1 93 49
1 97 20
1 100 12
2 5 71
2 10 100
2 13 38
2 14 39
2 16 37
2 19 2
2 20 91
2 21 49
2 23 84
2 25 81
2 27 38
2 29 97
2 31 95
2 34 60
2 35 48
2 37 51
2 46 25
2 47 77
2 48 8
2 49 7
2 52 36
2 54 24
2 55 78
2 60 7
2 62 52
2 64 8
2 68 41
2 69 24
2 70 42
2 71 85
2 72 64
2 78 33
2 82 11
2 85 14
2 89 64
2 90 40
2 93 96
2 98 27
2 100 47
3 4 65
3 5 64
3 8 7
3 14 43
3 15 32
3 19 85
3 20 95
3 22 92
3 23 92
3 28 28
3 33 73
3 34 87
3 36 48
3 37 99
3 38 56
3 40 43
3 45 38
3 46 99
3 48 23
3 50 97
3 51 44
3 52 91
3 53 96
3 54 73
3 55 92
3 57 95
3 58 96
3 59 1
3 60 85
3 61 91
3 62 14
3 63 70
3 64 79
3 68 30
3 69 82
3 70 54
3 79 3
3 82 18
3 83 81
3 86 84
3 93 18
3 95 64
3 97 4
4 5 10
4 7 35
4 9 67
4 12 63
4 13 63
4 15 39
4 17 76
4 23 40
4 25 8
4 33 37
4 35 74
4 39 48
4 41 6
4 45 45
4 48 29
4 49 65
4 51 93
4 55 53
4 59 19
4 61 90
4 66 18
4 72 67
4 74 17
4 83 77
4 84 89
4 86 67
4 87 22
4 96 93
4 97 28
4 99 15
5 8 64
5 17 20
5 20 51
5 24 11
5 28 70
5 35 65
5 36 15
5 43 22
5 45 98
5 52 42
5 53 2
5 57 3
5 59 100
5 61 73
5 63 93
5 65 34
5 66 56
5 68 43
5 69 44
5 72 75
5 76 9
5 78 57
5 80 32
5 84 80
5 85 31
5 88 63
5 91 61
5 93 38
5 97 47
5 100 87
6 10 5
6 11 63
6 13 89
6 14 53
6 15 99
6 16 27
6 18 74
6 19 38
6 22 41
6 23 31
6 24 21
6 25 55
6 28 66
6 38 13
6 42 76
6 44 48
6 48 54
6 56 29
6 57 89
6 59 92
6 61 10
6 69 68
6 70 10
6 72 79
6 79 1
6 82 57
6 84 27
6 85 30
6 86 57
6 87 86
6 90 100
6 96 43
7 8 52
7 9 30
7 12 47
7 13 92
7 16 38
7 21 82
7 23 90
7 24 16
7 25 82
7 27 40
7 28 96
7 29 80
7 30 17
7 31 49
7 36 36
7 38 49
7 42 23
7 47 24
7 51 98
7 52 30
7 53 81
7 54 97
7 58 75
7 59 91
7 60 28
7 63 36
7 65 93
7 67 24
7 72 92
7 73 23
7 74 41
7 77 69
7 80 50
7 82 39
7 83 47
7 84 38
7 85 27
7 86 56
7 87 9
7 90 17
7 91 46
7 95 78
7 96 16
7 99 38
8 9 57
8 11 85
8 13 16
8 16 72
8 21 69
8 25 87
8 26 80
8 27 27
8 32 73
8 35 66
8 36 89
8 37 94
8 41 73
8 43 35
8 45 18
8 48 56
8 49 26
8 51 33
8 54 16
8 59 28
8 64 34
8 66 27
8 67 22
8 73 98
8 74 28
8 76 40
8 77 53
8 78 42
8 81 97
8 82 55
8 86 3
8 88 69
8 92 50
8 93 82
8 96 14
8 98 8
8 99 33
9 11 50
9 13 21
9 19 37
9 22 53
9 28 78
9 29 33
9 32 82
9 33 92
9 34 28
9 36 78
9 41 29
9 43 58
9 45 27
9 48 20
9 51 77
9 54 24
9 55 55
9 63 17
9 66 71
9 71 53
9 72 57
9 76 43
9 78 75
9 83 55
9 90 84
9 91 90
9 98 19
9 100 24
10 11 16
10 12 9
10 13 41
10 14 20
10 18 65
10 19 6
10 22 84
10 23 70
10 24 55
10 25 68
10 26 15
10 32 55
10 35 2
10 38 80
10 39 11
10 47 100
10 50 65
10 53 73
10 54 18
10 55 44
10 58 5
10 64 29
10 65 42
10 66 28
10 67 34
10 68 14
10 69 47
10 70 99
10 71 24
10 72 89
10 74 91
10 76 100
10 77 56
10 78 95
10 81 73
10 82 71
10 83 29
10 85 26
10 91 60
10 92 24
10 96 87
10 99 42
10 100 37
11 13 71
11 22 20
11 24 20
11 25 34
11 27 96
11 29 17
11 33 54
11 36 53
11 38 13
11 40 29
11 41 55
11 45 12
11 47 37
11 48 27
11 49 76
11 50 22
11 51 6
11 54 1
11 55 1
11 57 16
11 58 75
11 59 9
11 60 42
11 63 6
11 66 95
11 67 69
11 68 65
11 69 10
11 70 62
11 71 20
11 72 95
11 74 50
11 76 21
11 77 7
11 79 59
11 81 81
11 87 30
11 89 46
11 90 60
11 91 53
11 93 3
11 96 36
11 97 40
11 98 48
12 13 86
12 15 85
12 20 71
12 21 5
12 22 49
12 23 89
12 25 6
12 26 3
12 27 34
12 29 82
12 31 4
12 32 90
12 34 55
12 36 8
12 38 51
12 39 22
12 43 28
12 45 44
12 46 70
12 47 88
12 49 94
12 54 53
12 56 5
12 61 82
12 65 24
12 68 92
12 70 99
12 72 68
12 74 20
12 76 57
12 78 68
12 80 48
12 83 81
12 84 45
12 86 14
12 90 76
12 91 49
12 92 40
12 94 29
12 97 56
12 98 67
12 99 7
12 100 56
13 14 44
13 16 48
13 17 97
13 22 74
13 24 73
13 25 81
13 26 58
13 27 49
13 28 25
13 29 29
13 30 83
13 31 8
13 32 13
13 33 80
13 34 42
13 35 76
13 36 96
13 40 81
13 41 77
13 43 86
13 45 84
13 52 11
13 53 96
13 57 47
13 59 65
13 61 58
13 64 19
13 68 90
13 71 19
13 72 93
13 75 63
13 78 16
13 79 48
13 81 15
13 85 94
13 86 48
13 89 87
13 90 61
13 91 5
13 92 15
13 94 5
13 97 64
13 99 76
14 15 75
14 21 35
14 29 65
14 32 85
14 33 75
14 34 43
14 39 8
14 42 42
14 43 60
14 47 55
14 48 19
14 49 40
14 58 27
14 59 1
14 61 46
14 63 62
14 64 72
14 66 100
14 67 47
14 71 3
14 73 28
14 77 93
14 80 96
14 81 39
14 85 41
14 87 87
14 89 31
14 95 18
14 96 78
14 98 15
14 99 21
14 100 15
15 17 36
15 21 22
15 24 81
15 27 90
15 29 46
15 37 65
15 38 74
15 40 13
15 43 75
15 44 24
15 45 76
15 48 75
15 50 48
15 52 35
15 56 29
15 57 48
15 58 15
15 65 71
15 66 86
15 70 15
15 73 86
15 77 69
15 78 24
15 84 82
15 87 2
15 90 32
15 91 48
15 94 4
15 99 98
16 17 87
16 21 34
16 22 28
16 24 78
16 25 23
16 31 24
16 32 100
16 33 76
16 37 33
16 40 3
16 45 97
16 49 70
16 50 100
16 53 10
16 55 68
16 58 40
16 60 44
16 61 10
16 62 91
16 63 14
16 67 23
16 68 46
16 69 25
16 76 38
16 79 9
16 80 88
16 82 64
16 85 81
16 86 45
16 87 82
16 88 93
16 95 8
16 98 30
16 100 2
17 19 85
17 24 43
17 30 64
17 32 21
17 33 26
17 37 59
17 38 29
17 41 12
17 43 49
17 44 40
17 47 40
17 49 37
17 51 83
17 56 66
17 58 44
17 62 26
17 63 59
17 67 31
17 68 73
17 78 40
17 79 90
17 81 72
17 82 21
17 84 60
17 88 39
17 93 45
17 99 19
18 23 57
18 24 43
18 25 21
18 27 84
18 29 4
18 36 9
18 37 100
18 39 29
18 41 12
18 45 31
18 50 11
18 51 25
18 63 86
18 65 18
18 67 71
18 73 72
18 75 84
18 77 84
18 79 11
18 81 27
18 82 17
18 83 40
18 89 35
18 90 36
18 91 48
18 95 91
18 100 17
19 20 46
19 21 32
19 22 63
19 24 27
19 30 38
19 31 67
19 33 6
19 39 14
19 41 65
19 42 63
19 44 79
19 56 53
19 58 84
19 61 66
19 63 32
19 66 42
19 68 43
19 73 69
19 78 39
19 79 69
19 80 46
19 81 47
19 84 53
19 86 54
19 88 33
19 89 7
19 95 26
19 98 29
20 23 22
20 24 45
20 25 90
20 26 92
20 27 44
20 28 37
20 32 48
20 33 46
20 36 91
20 37 37
20 40 65
20 41 9
20 44 43
20 52 17
20 53 99
20 54 68
20 56 58
20 58 35
20 59 81
20 61 88
20 62 11
20 65 74
20 66 6
20 68 83
20 69 5
20 70 21
20 75 53
20 78 49
20 79 28
20 81 100
20 83 53
20 85 48
20 87 17
20 88 37
20 93 10
20 94 79
20 96 72
20 98 41
20 100 45
21 22 82
21 23 54
21 25 9
21 27 29
21 29 37
21 30 63
21 31 22
21 35 77
21 43 47
21 46 62
21 48 29
21 49 7
21 50 72
21 52 63
21 56 26
21 57 57
21 61 94
21 63 20
21 65 5
21 68 48
21 70 87
21 72 86
21 73 22
21 75 9
21 79 4
21 80 12
21 82 7
21 83 98
21 84 7
21 85 93
21 87 80
21 90 85
21 93 68
21 94 71
21 96 57
21 99 82
21 100 80
22 23 4
22 24 95
22 26 36
22 30 81
22 31 10
22 32 62
22 34 86
22 36 100
22 37 100
22 41 59
22 42 66
22 44 56
22 45 48
22 47 30
22 51 31
22 53 85
22 57 82
22 60 42
22 66 65
22 67 100
22 68 66
22 71 13
22 76 35
22 78 2
22 80 68
22 82 97
22 84 1
22 89 80
22 90 37
22 91 63
22 96 24
22 98 76
23 24 10
23 30 24
23 31 34
23 33 34
23 38 23
23 39 22
23 43 52
23 45 82
23 47 88
23 51 35
23 54 45
23 55 80
23 56 69
23 57 48
23 58 10
23 65 100
23 67 90
23 73 32
23 78 87
23 80 19
23 81 28
23 82 94
23 85 74
23 87 57
23 89 48
23 91 48
23 93 88
23 96 38
23 97 29
24 26 56
24 30 11
24 32 43
24 34 28
24 36 55
24 37 26
24 46 43
24 47 58
24 50 87
24 54 76
24 55 94
24 59 100
24 60 9
24 61 86
24 64 65
24 66 33
24 70 38
24 71 61
24 75 33
24 78 3
24 82 66
24 83 50
24 84 53
24 88 95
24 90 35
24 93 36
24 95 30
24 98 63
24 99 51
25 31 97
25 32 95
25 37 98
25 38 55
25 40 98
25 42 68
25 45 38
25 47 12
25 49 21
25 50 78
25 52 83
25 54 68
25 56 36
25 58 88
25 59 59
25 64 65
25 67 8
25 72 90
25 73 40
25 81 6
25 84 50
25 85 94
25 88 54
25 89 28
25 90 48
25 91 88
25 92 67
25 94 13
25 96 27
26 28 59
26 31 29
26 33 35
26 34 59
26 35 24
26 36 7
26 37 62
26 39 71
26 40 1
26 42 5
26 43 30
26 47 97
26 50 51
26 52 6
26 55 87
26 56 40
26 57 81
26 60 75
26 61 31
26 65 94
26 69 84
26 71 59
26 73 100
26 74 81
26 75 50
26 79 42
26 83 46
26 87 47
26 88 30
26 89 97
26 94 60
26 98 13
26 99 18
27 29 34
27 30 56
27 31 87
27 32 64
27 33 15
27 34 5
27 35 31
27 37 81
27 38 6
27 40 26
27 43 78
27 47 48
27 48 73
27 49 60
27 50 54
27 53 4
27 55 58
27 58 46
27 59 30
27 60 92
27 64 38
27 67 11
27 68 46
27 69 90
27 72 48
27 75 85
27 78 90
27 79 82
27 82 87
27 83 88
27 84 81
27 85 97
27 87 19
27 89 53
27 91 27
27 99 100
27 100 69
28 31 75
28 33 71
28 39 39
28 42 44
28 45 14
28 46 90
28 47 46
28 49 75
28 51 22
28 56 11
28 57 52
28 60 35
28 62 11
28 63 18
28 67 13
28 69 53
28 70 35
28 72 23
28 73 34
28 75 31
28 76 24
28 77 76
28 78 27
28 80 71
28 82 58
28 84 54
28 85 41
28 88 65
28 94 5
28 97 56
28 98 7
28 100 37
29 30 44
29 31 75
29 34 88
29 36 93
29 37 29
29 42 98
29 43 8
29 44 50
29 45 50
29 46 38
29 48 91
29 59 2
29 62 40
29 64 95
29 66 97
29 67 47
29 69 15
29 70 42
29 73 66
29 75 16
29 78 53
29 79 55
29 80 90
29 81 12
29 82 18
29 85 24
29 86 20
29 88 13
29 92 52
29 94 18
29 96 21
29 98 80
29 99 55
30 31 38
30 33 46
30 34 43
30 36 52
30 37 88
30 40 63
30 43 61
30 49 64
30 51 40
30 52 51
30 53 47
30 57 98
30 58 21
30 59 80
30 60 6
30 62 88
30 64 20
30 68 14
30 69 62
30 78 62
30 79 24
30 85 59
30 87 8
30 91 46
30 93 4
30 96 89
30 99 65
31 33 24
31 34 5
31 36 40
31 42 34
31 43 59
31 45 83
31 48 74
31 49 2
31 51 42
31 52 53
31 53 68
31 55 54
31 59 32
31 60 49
31 61 70
31 62 19
31 64 48
31 76 60
31 77 28
31 78 17
31 79 81
31 82 86
31 84 94
31 85 88
31 87 61
31 90 76
31 91 94
31 92 94
31 93 1
31 94 100
31 95 21
31 99 70
32 33 54
32 38 17
32 41 76
32 44 80
32 45 46
32 46 14
32 50 7
32 52 43
32 53 44
32 55 82
32 56 63
32 58 9
32 60 1
32 65 76
32 67 94
32 68 49
32 72 4
32 75 95
32 84 9
32 86 36
32 87 20
32 88 81
32 90 36
32 93 28
32 95 38
32 97 43
32 99 12
32 100 44
33 35 75
33 36 10
33 37 34
33 38 79
33 39 78
33 43 26
33 44 55
33 45 87
33 46 83
33 48 41
33 49 29
33 50 20
33 56 3
33 58 99
33 60 2
33 63 37
33 65 74
33 66 73
33 67 33
33 70 37
33 71 80
33 72 25
33 79 61
33 82 24
33 87 18
33 90 73
33 92 38
33 93 32
33 94 39
33 98 17
34 36 73
34 37 14
34 39 21
34 41 65
34 44 19
34 45 52
34 48 27
34 50 81
34 56 31
34 58 3
34 59 94
34 64 99
34 68 13
34 70 99
34 71 15
34 73 10
34 78 83
34 79 24
34 82 11
34 84 89
34 87 41
34 90 75
34 93 28
34 94 43
35 38 74
35 40 85
35 51 7
35 53 51
35 54 33
35 55 52
35 62 76
35 63 100
35 65 63
35 66 67
35 73 47
35 74 88
35 75 56
35 78 97
35 79 2
35 80 56
35 83 64
35 86 99
35 87 57
35 91 2
35 94 96
35 95 95
35 100 31
36 39 75
36 41 68
36 45 21
36 46 79
36 48 79
36 54 42
36 56 69
36 57 11
36 60 2
36 62 36
36 63 52
36 65 55
36 66 88
36 71 81
36 79 71
36 80 72
36 82 9
36 84 45
36 88 8
36 90 1
36 91 68
36 94 21
37 41 60
37 42 65
37 43 49
37 45 15
37 47 21
37 48 36
37 51 95
37 52 41
37 59 24
37 66 29
37 68 11
37 70 95
37 72 59
37 76 100
37 79 5
37 80 29
37 82 91
37 86 100
37 89 23
37 91 53
37 92 50
37 93 95
37 94 57
37 95 40
37 97 68
37 100 37
38 40 35
38 42 25
38 47 4
38 48 43
38 49 64
38 50 13
38 52 48
38 56 26
38 60 16
38 67 27
38 68 21
38 72 4
38 73 49
38 78 22
38 79 86
38 81 67
38 82 37
38 84 18
38 85 34
38 87 17
38 88 39
38 93 48
38 95 27
38 96 9
38 100 14
39 46 52
39 48 40
39 49 32
39 58 76
39 63 60
39 66 82
39 67 34
39 68 1
39 74 3
39 78 47
39 82 63
39 85 12
39 87 57
39 89 28
39 95 50
39 96 30
39 97 8
40 42 75
40 44 87
40 45 76
40 49 43
40 50 48
40 51 69
40 61 83
40 63 62
40 64 71
40 65 81
40 66 20
40 67 30
40 69 10
40 70 79
40 73 80
40 76 76
40 78 1
40 82 37
40 91 18
40 93 31
40 97 97
41 43 41
41 45 16
41 46 13
41 47 52
41 49 96
41 61 41
41 63 39
41 70 33
41 71 25
41 73 51
41 75 41
41 76 38
41 80 93
41 83 1
41 87 76
41 89 68
41 91 68
41 92 48
41 95 90
41 96 41
41 98 99
42 47 93
42 49 20
42 51 99
42 54 50
42 55 53
42 56 20
42 57 39
42 58 28
42 63 36
42 64 28
42 65 79
42 66 31
42 69 42
42 71 2
42 73 10
42 74 67
42 75 1
42 82 10
42 85 46
42 86 47
42 87 64
42 88 41
42 89 55
42 93 75
42 95 77
42 97 23
42 98 66
43 44 77
43 45 29
43 46 68
43 47 1
43 53 48
43 55 55
43 56 65
43 61 40
43 62 9
43 65 32
43 66 59
43 68 54
43 78 29
43 80 19
43 81 34
43 87 36
43 88 53
43 91 74
43 92 90
43 95 1
43 96 87
43 97 93
43 98 38
43 100 48
44 46 83
44 47 31
44 50 20
44 52 56
44 57 47
44 60 88
44 63 97
44 65 43
44 68 82
44 71 100
44 73 76
44 78 37
44 79 56
44 81 98
44 82 75
44 83 34
44 85 46
44 89 73
44 90 28
44 91 79
44 94 51
44 95 96
44 96 83
44 99 93
45 46 26
45 47 47
45 48 74
45 49 37
45 50 75
45 57 85
45 58 91
45 63 74
45 64 26
45 68 27
45 69 15
45 72 62
45 73 40
45 75 57
45 83 64
45 84 85
45 87 21
45 91 73
45 93 90
45 94 3
45 95 66
46 47 31
46 49 60
46 50 91
46 57 39
46 60 1
46 63 56
46 64 80
46 66 42
46 67 53
46 71 4
46 73 29
46 74 17
46 76 1
46 80 24
46 81 18
46 83 70
46 85 81
46 87 15
46 88 26
46 90 40
46 92 46
46 94 84
46 95 78
46 97 16
46 99 4
47 49 63
47 50 40
47 51 1
47 53 98
47 56 5
47 57 36
47 58 63
47 62 29
47 63 62
47 66 55
47 69 69
47 71 35
47 73 78
47 74 56
47 77 15
47 78 61
47 79 5
47 81 46
47 83 68
47 85 2
47 88 25
47 89 12
47 93 50
47 94 29
48 49 81
48 52 47
48 62 4
48 65 48
48 71 8
48 72 60
48 73 82
48 76 52
48 77 85
48 78 65
48 79 8
48 81 52
48 82 21
48 84 11
48 85 90
48 86 10
48 87 42
48 91 96
48 99 83
49 50 3
49 53 35
49 55 36
49 56 65
49 58 94
49 64 9
49 65 61
49 69 62
49 73 57
49 75 51
49 76 54
49 78 13
49 79 47
49 81 17
49 82 40
49 85 38
49 88 92
49 89 35
49 91 44
49 94 30
50 51 42
50 52 21
50 54 61
50 59 90
50 61 30
50 65 74
50 68 23
50 69 57
50 70 22
50 73 7
50 76 69
50 77 89
50 79 1
50 80 49
50 81 57
50 83 54
50 87 81
50 88 68
50 89 89
50 91 39
50 93 36
50 97 13
50 98 31
51 54 59
51 55 13
51 56 8
51 58 38
51 59 44
51 60 63
51 61 100
51 62 18
51 73 41
51 74 41
51 75 82
51 76 22
51 79 93
51 82 20
51 85 14
51 88 47
51 90 51
51 91 55
51 98 63
51 99 2
51 100 87
52 55 71
52 58 35
52 61 7
52 62 86
52 63 22
52 65 51
52 69 87
52 75 71
52 76 49
52 81 33
52 83 29
52 84 13
52 85 65
52 86 62
52 90 88
52 96 18
53 55 13
53 56 45
53 57 24
53 60 8
53 65 2
53 66 88
53 70 76
53 73 58
53 74 25
53 75 75
53 78 20
53 82 31
53 87 68
53 91 48
53 100 38
54 58 84
54 59 4
54 60 19
54 61 94
54 62 14
54 63 34
54 65 49
54 72 74
54 74 63
54 76 61
54 77 7
54 78 7
54 84 30
54 85 72
54 90 30
54 91 49
54 96 8
54 97 19
54 99 55
54 100 90
55 56 53
55 58 22
55 60 98
55 63 13
55 68 84
55 73 88
55 74 83
55 79 48
55 85 37
55 89 75
55 90 92
55 91 27
55 92 99
55 93 62
55 99 26
56 61 61
56 62 27
56 63 13
56 64 13
56 66 90
56 72 46
56 78 4
56 83 19
56 87 4
56 89 23
56 93 71
56 94 89
56 97 28
56 99 55
57 58 40
57 62 58
57 63 4
57 64 75
57 66 77
57 68 57
57 70 53
57 71 60
57 73 98
57 75 34
57 76 97
57 77 93
57 80 81
57 87 24
57 88 45
57 89 1
57 90 92
57 93 96
57 95 62
57 96 14
57 97 67
58 60 2
58 63 46
58 69 94
58 71 76
58 75 29
58 76 28
58 77 13
58 78 79
58 80 76
58 81 13
58 83 37
58 88 8
58 89 27
58 90 59
58 92 1
58 94 99
58 95 92
58 98 50
58 99 56
58 100 69
59 60 87
59 61 5
59 62 88
59 68 84
59 70 88
59 72 16
59 77 38
59 78 73
59 80 32
59 81 49
59 82 56
59 88 88
59 92 1
59 93 77
59 96 55
59 99 21
59 100 55
60 68 90
60 69 88
60 72 61
60 74 3
60 79 97
60 82 42
60 83 30
60 84 93
60 86 61
60 87 77
60 89 97
60 95 15
60 99 5
61 62 23
61 64 41
61 70 4
61 76 93
61 77 83
61 79 41
61 80 67
61 81 6
61 82 62
61 84 93
61 88 14
61 90 83
61 95 95
61 99 63
61 100 8
62 64 100
62 67 74
62 73 80
62 74 85
62 76 99
62 82 9
62 84 69
62 89 16
62 92 44
62 94 99
62 95 19
62 96 17
62 97 54
62 98 98
62 100 14
63 64 73
63 66 92
63 70 75
63 71 97
63 73 21
63 76 38
63 81 45
63 82 43
63 84 52
63 85 44
63 86 62
63 91 84
63 95 39
63 96 9
63 98 76
64 65 91
64 70 63
64 71 54
64 74 35
64 76 77
64 80 98
64 86 64
64 87 63
64 94 79
64 95 49
64 100 91
65 66 80
65 67 84
65 68 16
65 73 24
65 77 13
65 78 94
65 80 53
65 83 2
65 84 67
65 86 21
65 87 31
65 88 2
65 92 37
65 95 41
65 97 10
65 100 84
66 67 62
66 71 90
66 79 34
66 82 34
66 86 19
66 87 28
66 88 17
66 94 23
66 98 34
67 68 80
67 72 80
67 74 86
67 75 72
67 79 21
67 81 39
67 82 29
67 84 91
67 86 88
67 88 78
67 90 32
67 92 32
67 94 36
67 95 51
67 96 18
68 70 72
68 71 62
68 72 75
68 76 74
68 78 39
68 79 9
68 80 36
68 89 6
68 93 49
68 94 19
68 95 2
68 98 85
68 100 8
69 70 50
69 72 51
69 78 19
69 81 14
69 82 35
69 85 53
69 88 1
69 89 50
69 90 93
69 97 35
69 98 39
69 100 77
70 72 25
70 75 5
70 77 98
70 79 16
70 80 93
70 82 14
70 83 69
70 90 12
70 92 67
70 95 47
70 96 5
71 74 30
71 76 9
71 77 96
71 78 12
71 79 22
71 81 11
71 87 85
71 88 90
71 90 47
71 92 32
71 94 94
71 95 40
71 97 80
71 99 97
71 100 34
72 77 75
72 78 87
72 79 63
72 80 73
72 81 17
72 82 20
72 83 71
72 86 93
72 90 98
72 91 15
72 92 69
72 93 30
72 95 42
72 97 63
72 98 63
73 75 8
73 76 90
73 83 73
73 87 23
73 98 85
74 78 79
74 86 21
74 90 86
74 91 12
74 92 16
74 94 81
74 98 15
74 100 8
75 76 32
75 80 5
75 82 9
75 84 32
75 85 23
75 87 50
75 91 80
75 93 30
75 97 52
75 98 32
75 99 90
75 100 23
76 79 82
76 81 27
76 83 31
76 84 84
76 89 93
76 92 90
76 93 17
76 94 21
76 97 93
76 100 22
77 79 40
77 83 52
77 90 22
77 93 64
77 94 17
77 96 47
77 99 56
78 80 71
78 81 63
78 84 88
78 93 72
78 95 81
78 96 61
78 98 7
79 81 51
79 83 56
79 87 23
79 89 31
79 93 9
79 96 76
79 97 7
79 99 13
79 100 24
80 83 5
80 84 15
80 85 19
80 86 25
80 89 46
80 95 1
80 98 95
80 99 17
81 82 8
81 88 46
81 90 53
81 93 99
81 94 36
81 95 16
81 96 12
81 97 97
81 98 91
81 99 5
81 100 36
82 83 69
82 84 60
82 86 96
82 88 57
82 91 50
82 93 21
82 94 99
83 84 58
83 89 77
83 93 55
83 94 33
83 97 80
83 99 2
84 85 58
84 88 21
84 89 37
84 91 42
84 96 95
84 97 27
84 99 95
84 100 30
85 87 56
85 89 56
85 92 23
85 93 57
85 98 78
86 89 70
86 91 2
86 95 15
86 96 45
86 98 52
86 100 7
87 88 92
87 89 97
87 92 12
87 96 27
87 98 44
87 99 14
88 89 10
88 90 57
88 91 27
88 95 17
88 96 16
88 99 87
89 90 71
89 91 65
89 94 7
89 96 64
90 92 23
90 95 80
91 92 66
91 93 83
91 96 12
91 98 24
92 95 7
92 97 17
92 98 47
93 98 58
94 98 60
94 100 15
96 98 47
97 99 17
97 100 74
98 99 28
1 3 78
1 4 50
1 8 42
1 17 28
1 20 37
1 21 64
1 24 46
1 26 74
1 28 89
1 30 44
1 32 44
1 37 75
1 38 98
1 41 50
1 44 12
1 45 55
1 46 41
1 48 57
1 49 12
1 51 30
1 53 80
1 54 71
1 56 21
1 58 93
1 60 2
1 61 9
1 63 78
1 65 64
1 66 83
1 75 71
1 77 15
1 78 36
1 80 15
1 89 92
1 91 89
1 92 62
1 95 29
1 96 38
1 99 14
1 100 44
2 5 60
2 7 29
2 11 80
2 15 90
2 19 5
2 24 19
2 26 94
2 28 50
2 30 49
2 39 44
2 44 14
2 46 65
2 48 84
2 54 40
2 58 57
2 61 32
2 62 44
2 63 38
2 69 30
2 79 39
2 81 70
2 82 80
2 84 66
2 86 67
2 87 87
2 90 10
2 91 64
2 93 55
2 94 34
2 100 67
3 7 30
3 11 12
3 12 17
3 13 80
3 14 44
3 18 59
3 20 14
3 21 20
3 27 78
3 31 41
3 33 34
3 34 76
3 35 45
3 37 53
3 41 70
3 43 18
3 46 49
3 51 82
3 53 46
3 54 70
3 59 93
3 60 70
3 62 54
3 63 14
3 70 64
3 72 14
3 73 35
3 74 6
3 76 35
3 77 44
3 78 38
3 80 29
3 85 80
3 91 93
3 92 74
3 93 39
3 96 11
3 97 25
3 98 86
3 100 7
4 5 22
4 9 14
4 14 74
4 17 43
4 21 60
4 24 76
4 25 97
4 26 16
4 29 69
4 32 6
4 33 22
4 37 17
4 39 41
4 44 81
4 45 84
4 46 75
4 48 74
4 51 83
4 56 22
4 57 56
4 58 59
4 59 88
4 62 49
4 65 3
4 67 51
4 74 79
4 75 23
4 76 86
4 80 62
4 81 79
4 83 19
4 86 5
4 89 21
4 96 93
4 99 51
4 100 73
5 12 30
5 13 68
5 15 24
5 16 54
5 18 21
5 22 1
5 23 53
5 27 98
5 28 33
5 29 17
5 34 26
5 36 89
5 39 31
5 40 15
5 44 21
5 45 100
5 48 96
5 51 14
5 54 12
5 55 92
5 57 68
5 58 83
5 61 64
5 62 80
5 64 53
5 66 35
5 75 99
5 76 39
5 77 86
5 78 8
5 84 75
5 90 91
5 91 21
5 93 41
5 94 43
5 97 44
5 99 36
5 100 9
6 7 38
6 9 49
6 10 34
6 12 37
6 14 18
6 16 54
6 17 49
6 18 64
6 19 41
6 24 28
6 27 52
6 28 34
6 31 37
6 34 18
6 38 84
6 39 77
6 41 47
6 42 78
6 43 88
6 45 6
6 46 79
6 48 97
6 49 19
6 51 8
6 61 8
6 66 41
6 67 2
6 68 90
6 69 46
6 74 38
6 75 32
6 77 29
6 87 43
6 93 8
6 94 85
6 98 63
7 9 4
7 10 25
7 16 30
7 20 11
7 21 55
7 22 43
7 23 64
7 35 51
7 37 64
7 40 42
7 46 56
7 48 23
7 49 96
7 55 26
7 58 96
7 60 52
7 64 63
7 65 25
7 69 26
7 70 92
7 72 65
7 73 72
7 77 36
7 78 34
7 79 25
7 80 90
7 83 34
7 87 81
7 88 30
7 89 13
7 91 43
7 92 19
7 94 91
7 96 57
7 97 82
8 9 35
8 11 89
8 12 71
8 16 58
8 22 37
8 23 14
8 26 73
8 29 73
8 31 12
8 33 72
8 39 23
8 40 36
8 41 90
8 50 18
8 56 90
8 58 51
8 60 52
8 62 60
8 63 7
8 64 98
8 70 66
8 72 38
8 73 8
8 74 91
8 77 15
8 80 4
8 81 92
8 82 98
8 83 50
8 85 100
8 86 98
8 87 24
8 89 66
8 91 8
8 99 90
8 100 21
9 13 77
9 14 25
9 16 11
9 17 30
9 19 98
9 21 100
9 24 14
9 27 32
9 28 5
9 29 60
9 33 16
9 35 9
9 38 87
9 39 15
9 40 6
9 44 25
9 45 98
9 50 29
9 52 46
9 54 40
9 59 68
9 61 37
9 62 85
9 63 4
9 65 73
9 68 11
9 69 75
9 70 34
9 72 23
9 74 83
9 77 7
9 78 28
9 80 90
9 83 72
9 84 26
9 85 30
9 86 21
9 87 4
9 88 66
9 89 97
9 93 51
9 95 57
9 100 56
10 11 36
10 12 64
10 13 47
10 16 99
10 19 71
10 25 10
10 29 42
10 30 34
10 31 6
10 32 99
10 34 92
10 45 69
10 46 73
10 49 37
10 50 84
10 51 29
10 54 22
10 56 52
10 57 22
10 58 88
10 63 69
10 65 61
10 66 88
10 67 94
10 70 38
10 79 100
10 80 80
10 83 92
10 84 67
10 85 32
10 86 13
10 88 73
10 92 93
10 96 9
10 98 12
10 99 48
11 15 65
11 17 42
11 20 15
11 28 78
11 30 36
11 31 85
11 33 57
11 34 93
11 35 98
11 37 72
11 44 85
11 46 89
11 49 97
11 51 59
11 56 40
11 58 93
11 60 21
11 61 9
11 63 55
11 67 97
11 68 58
11 69 8
11 72 11
11 76 85
11 78 76
11 79 56
11 81 58
11 82 20
11 84 98
11 88 93
11 92 79
11 96 90
11 97 29
12 13 21
12 14 12
12 24 15
12 27 54
12 33 65
12 34 65
12 35 97
12 38 88
12 39 25
12 40 83
12 41 31
12 45 11
12 47 39
12 48 34
12 51 29
12 53 13
12 54 95
12 56 95
12 57 75
12 59 20
12 61 47
12 62 71
12 64 38
12 65 71
12 67 77
12 70 98
12 76 75
12 78 62
12 80 62
12 81 40
12 82 41
12 85 17
12 87 64
12 90 75
12 93 89
12 94 70
12 96 76
12 97 49
12 99 22
12 100 16
13 14 32
13 16 12
13 19 64
13 20 3
13 23 96
13 24 26
13 26 64
13 29 99
13 30 11
13 31 77
13 33 36
13 34 41
13 39 87
13 41 14
13 46 87
13 47 33
13 50 82
13 51 80
13 52 21
13 56 92
13 58 43
13 64 9
13 65 42
13 66 92
13 67 2
13 68 65
13 70 47
13 73 70
13 77 84
13 79 55
13 80 29
13 87 36
13 88 31
13 90 63
13 91 98
13 94 16
13 97 14
13 99 92
13 100 54
14 15 25
14 17 72
14 20 39
14 30 28
14 35 67
14 36 54
14 39 74
14 44 40
14 45 71
14 49 97
14 55 72
14 56 16
