100 4456 1
1 2 63
1 4 47
1 7 4
1 8 83
1 11 6
1 16 33
1 20 90
1 21 56
1 28 72
1 29 41
1 32 48
1 33 15
1 35 39
1 37 63
1 40 52
1 45 71
1 50 36
1 52 95
1 53 62
1 54 8
1 55 86
1 57 5
1 63 25
1 64 24
1 69 82
1 70 32
1 73 4
1 75 43
1 77 34
1 78 33
1 79 96
1 83 58
1 88 49
1 89 18
1 91 83
1 96 58
1 99 38
1 100 67
2 6 52
2 9 64
2 11 8
2 12 86
2 14 35
2 15 60
2 19 31
2 20 59
2 21 5
2 23 100
2 24 24
2 25 8
2 26 52
2 27 95
2 31 90
2 33 33
2 36 8
2 45 11
2 46 80
2 48 88
2 53 44
2 57 87
2 60 87
2 61 71
2 64 35
2 65 9
2 67 55
2 68 67
2 69 26
2 75 68
2 79 76
2 81 53
2 83 62
2 91 6
2 98 86
2 99 20
3 4 28
3 7 64
3 9 74
3 17 4
3 18 12
3 22 30
3 25 81
3 29 1
3 31 83
3 34 74
3 37 89
3 41 62
3 42 97
3 43 60
3 48 50
3 56 99
3 57 30
3 58 85
3 62 64
3 63 8
3 67 73
3 68 5
3 69 46
3 72 38
3 73 82
3 74 79
3 75 6
3 76 41
3 80 50
3 84 35
3 85 100
3 88 73
3 89 36
3 93 16
3 99 45
3 100 57
4 11 40
4 18 46
4 21 89
4 22 88
4 25 42
4 28 13
4 30 54
4 32 51
4 33 78
4 35 67
4 36 39
4 37 28
4 38 37
4 39 8
4 44 50
4 49 21
4 50 30
4 52 17
4 53 66
4 55 1
4 56 74
4 57 10
4 58 22
4 59 67
4 61 33
4 62 81
4 67 62
4 68 19
4 70 55
4 73 14
4 74 34
4 75 24
4 78 71
4 81 57
4 82 3
4 83 37
4 84 100
4 87 5
4 88 81
4 92 1
4 94 83
4 96 97
4 99 51
5 7 36
5 8 90
5 11 86
5 13 40
5 16 15
5 17 49
5 18 46
5 21 32
5 25 50
5 29 66
5 31 91
5 34 75
5 35 35
5 38 86
5 39 78
5 40 5
5 44 6
5 45 80
5 48 85
5 57 5
5 58 25
5 59 44
5 61 51
5 62 76
5 63 74
5 65 61
5 67 91
5 69 65
5 70 60
5 73 34
5 74 40
5 75 58
5 77 53
5 81 99
5 85 13
5 86 74
5 90 82
5 92 91
5 95 60
5 98 68
6 8 76
6 9 13
6 13 26
6 15 85
6 16 26
6 19 79
6 20 77
6 22 66
6 23 27
6 26 76
6 28 91
6 31 81
6 34 21
6 37 73
6 38 11
6 39 92
6 53 81
6 59 90
6 61 74
6 72 47
6 73 77
6 75 56
6 77 35
6 78 11
6 81 93
6 86 37
6 88 15
6 89 78
6 92 79
6 94 72
6 95 97
7 9 16
7 11 83
7 12 90
7 13 39
7 14 87
7 15 81
7 24 5
7 27 37
7 32 10
7 34 63
7 35 10
7 39 33
7 40 36
7 43 17
7 45 70
7 46 3
7 47 81
7 51 46
7 54 88
7 57 51
7 58 43
7 62 33
7 63 42
7 66 55
7 67 80
7 69 89
7 72 21
7 73 50
7 76 100
7 78 67
7 83 49
7 92 46
7 93 92
7 94 22
7 95 99
7 99 25
8 12 54
8 15 67
8 19 67
8 20 42
8 21 26
8 27 73
8 32 25
8 40 9
8 46 64
8 49 99
8 50 19
8 52 75
8 55 7
8 56 92
8 63 41
8 64 89
8 65 99
8 66 44
8 67 22
8 73 4
8 81 32
8 82 22
8 84 31
8 88 49
8 91 16
8 92 92
8 93 43
8 95 3
8 96 16
8 97 98
9 15 8
9 16 50
9 28 2
9 31 62
9 32 36
9 35 40
9 37 5
9 50 68
9 51 51
9 52 92
9 55 60
9 57 16
9 58 19
9 60 84
9 61 28
9 62 38
9 65 82
9 70 36
9 72 29
9 73 22
9 79 69
9 80 18
9 81 36
9 85 76
9 86 75
9 95 46
9 98 2
10 11 12
10 15 44
10 19 67
10 20 19
10 21 50
10 23 26
10 24 25
10 28 16
10 29 10
10 30 60
10 32 73
10 34 49
10 36 40
10 37 75
10 38 61
10 39 68
10 40 87
10 41 93
10 43 13
10 47 54
10 48 30
10 49 44
10 52 23
10 53 42
10 61 33
10 62 56
10 63 19
10 65 44
10 66 21
10 67 17
10 68 76
10 69 67
10 70 21
10 73 87
10 77 19
10 78 60
10 82 25
10 83 82
10 84 23
10 85 10
10 87 48
10 88 86
10 89 22
10 93 64
10 100 75
11 12 30
11 16 94
11 19 81
11 21 56
11 25 67
11 26 29
11 28 79
11 30 64
11 31 46
11 41 98
11 42 12
11 43 82
11 44 52
11 53 53
11 54 70
11 56 71
11 57 41
11 58 69
11 60 67
11 63 61
11 68 10
11 69 77
11 70 9
11 72 78
11 73 94
11 74 83
11 79 88
11 80 58
11 82 45
11 83 68
11 85 67
11 86 49
11 92 54
11 99 10
11 100 29
12 18 83
12 20 26
12 21 53
12 22 51
12 23 98
12 27 4
12 29 98
12 30 97
12 35 19
12 40 24
12 42 42
12 55 30
12 57 68
12 58 11
12 59 77
12 64 85
12 65 1
12 68 42
12 69 6
12 70 70
12 73 21
12 79 86
12 80 2
12 82 60
12 83 72
12 85 2
12 86 61
12 87 61
12 89 47
12 91 35
12 93 61
12 94 5
12 97 7
12 98 75
12 100 85
13 14 16
13 19 68
13 24 3
13 26 12
13 27 49
13 29 97
13 34 47
13 37 41
13 41 35
13 42 23
13 50 63
13 51 37
13 52 87
13 53 16
13 55 62
13 56 19
13 59 64
13 60 2
13 61 74
13 68 32
13 71 36
13 73 82
13 82 90
13 83 23
13 87 31
13 88 79
13 92 33
13 93 47
13 94 94
13 96 24
13 97 98
13 98 80
13 100 23
14 15 70
14 16 49
14 18 83
14 19 38
14 20 99
14 23 83
14 27 87
14 28 50
14 29 85
14 31 51
14 32 9
14 34 88
14 39 82
14 42 14
14 45 25
14 47 35
14 49 71
14 52 87
14 53 19
14 54 35
14 55 81
14 56 32
14 59 76
14 60 1
14 61 98
14 62 4
14 66 80
14 67 97
14 68 1
14 76 77
14 77 43
14 85 16
14 88 72
14 89 94
14 90 49
14 96 38
14 99 86
15 17 12
15 19 25
15 20 25
15 21 65
15 26 59
15 29 53
15 31 88
15 37 65
15 38 15
15 39 42
15 43 5
15 44 99
15 47 28
15 49 79
15 51 22
15 52 61
15 55 91
15 62 64
15 65 32
15 67 97
15 70 55
15 73 58
15 75 20
15 77 59
15 79 2
15 80 67
15 84 10
15 89 8
15 90 51
15 95 94
15 98 70
15 100 59
16 19 38
16 23 1
16 31 17
16 35 47
16 39 98
16 41 83
16 44 24
16 46 80
16 47 36
16 48 2
16 54 10
16 55 59
16 56 58
16 58 27
16 59 27
16 62 23
16 66 54
16 67 70
16 68 69
16 69 94
16 72 41
16 76 89
16 77 43
16 78 55
16 79 24
16 80 90
16 81 51
16 86 91
16 87 61
16 88 93
16 89 63
16 90 50
16 96 89
16 97 29
16 99 76
16 100 58
17 20 85
17 23 65
17 24 42
17 26 72
17 28 45
17 31 73
17 34 68
17 35 16
17 37 62
17 41 54
17 48 65
17 49 62
17 51 15
17 54 29
17 60 74
17 63 92
17 67 25
17 69 38
17 74 29
17 76 79
17 78 17
17 79 74
17 80 84
17 82 8
17 86 84
17 87 18
17 88 39
17 90 53
17 93 85
17 99 9
18 21 7
18 24 19
18 26 56
18 29 19
18 34 46
18 37 66
18 39 92
18 40 65
18 43 50
18 47 14
18 48 84
18 51 63
18 53 38
18 55 30
18 56 6
18 58 28
18 60 18
18 61 42
18 64 3
18 69 36
18 70 10
18 71 52
18 76 57
18 78 61
18 79 66
18 81 20
18 86 6
18 88 12
18 90 62
18 92 37
18 94 9
18 97 49
19 21 4
19 23 5
19 24 72
19 25 26
19 28 47
19 30 64
19 31 81
19 33 74
19 37 51
19 40 94
19 43 18
19 44 4
19 49 4
19 50 22
19 53 85
19 54 91
19 55 21
19 57 28
19 58 96
19 59 90
19 61 37
19 62 28
19 67 10
19 69 94
19 71 62
19 73 20
19 75 96
19 76 69
19 79 31
19 80 56
19 81 94
19 83 51
19 84 99
19 85 3
19 86 90
19 87 30
19 88 89
19 91 10
19 93 91
19 95 4
19 97 34
19 99 72
20 23 11
20 24 98
20 27 27
20 31 66
20 35 2
20 36 80
20 38 37
20 39 34
20 40 61
20 41 32
20 43 83
20 46 43
20 48 62
20 52 84
20 54 34
20 55 95
20 57 71
20 62 19
20 65 8
20 68 60
20 69 15
20 75 13
20 76 1
20 80 32
20 84 3
20 87 67
20 89 32
20 91 43
20 92 47
20 95 44
20 97 16
21 22 40
21 24 52
21 27 100
21 32 56
21 34 68
21 39 2
21 40 78
21 43 36
21 44 100
21 50 48
21 53 2
21 54 95
21 56 14
21 59 9
21 66 20
21 67 79
21 72 9
21 74 34
21 76 82
21 77 84
21 80 97
21 82 47
21 85 19
21 86 26
21 88 56
21 90 17
21 91 98
21 92 18
21 93 56
21 94 66
21 96 55
21 97 46
21 100 11
22 26 34
22 27 59
22 28 22
22 31 31
22 32 13
22 34 46
22 35 86
22 36 96
22 37 41
22 38 32
22 39 17
22 40 89
22 42 89
22 44 96
22 45 46
22 47 41
22 48 40
22 49 11
22 51 94
22 52 4
22 53 2
22 55 98
22 56 45
22 57 70
22 58 79
22 59 86
22 60 35
22 64 38
22 65 81
22 69 71
22 71 93
22 72 62
22 76 1
22 80 51
22 82 63
22 85 42
22 87 67
22 88 72
22 89 85
22 93 38
22 96 76
22 97 5
23 25 20
23 29 33
23 31 18
23 33 27
23 34 42
23 39 30
23 41 72
23 43 44
23 46 87
23 47 29
23 49 44
23 52 7
23 54 48
23 55 28
23 56 13
23 58 50
23 59 100
23 60 27
23 61 5
23 62 91
23 63 52
23 64 88
23 68 93
23 73 65
23 75 27
23 77 89
23 80 18
23 82 39
23 86 41
23 91 40
23 95 39
23 97 58
23 98 46
24 27 94
24 28 69
24 29 7
24 31 37
24 35 12
24 36 4
24 37 52
24 41 31
24 42 4
24 44 36
24 45 94
24 47 82
24 49 13
24 50 76
24 51 11
24 54 74
24 55 41
24 56 49
24 59 98
24 62 85
24 65 89
24 67 14
24 72 65
24 77 50
24 78 31
24 79 11
24 82 65
24 84 39
24 87 86
24 89 21
24 90 60
24 98 79
24 99 15
24 100 14
25 27 52
25 29 65
25 30 93
25 32 21
25 33 23
25 35 89
25 37 88
25 39 61
25 40 49
25 41 51
25 43 39
25 48 98
25 49 63
25 51 71
25 52 71
25 54 8
25 55 71
25 61 8
25 63 19
25 67 15
25 69 99
25 70 96
25 73 10
25 75 62
25 76 78
25 79 11
25 83 52
25 84 1
25 85 72
25 86 56
25 88 51
25 89 21
25 90 90
25 93 95
25 99 72
26 27 53
26 29 49
26 34 45
26 38 87
26 41 70
26 42 34
26 44 98
26 46 56
26 48 83
26 50 98
26 52 88
26 53 97
26 57 32
26 61 24
26 62 71
26 66 9
26 68 27
26 69 59
26 72 7
26 73 97
26 76 82
26 80 67
26 81 9
26 85 56
26 86 63
26 87 81
26 88 96
26 92 24
26 97 94
27 30 51
27 32 34
27 34 76
27 39 50
27 40 96
27 41 75
27 47 41
27 49 72
27 56 30
27 57 53
27 59 55
27 62 73
27 64 52
27 65 79
27 67 21
27 70 64
27 71 26
27 77 1
27 79 87
27 80 84
27 83 73
27 89 52
27 93 30
27 97 76
27 98 89
27 99 65
27 100 87
28 31 97
28 32 55
28 33 21
28 35 87
28 44 2
28 47 84
28 55 81
28 56 82
28 57 46
28 59 44
28 61 60
28 62 17
28 63 60
28 66 87
28 67 52
28 68 84
28 72 75
28 73 15
28 76 30
28 77 49
28 78 47
28 88 34
28 89 75
28 94 59
28 95 12
28 96 50
28 97 46
28 99 9
28 100 53
29 31 74
29 32 8
29 33 15
29 34 65
29 35 29
29 39 84
29 43 9
29 45 47
29 47 48
29 48 80
29 49 89
29 51 35
29 52 91
29 53 25
29 54 45
29 57 24
29 58 59
29 61 60
29 63 5
29 66 94
29 70 38
29 73 78
29 75 39
29 78 75
29 79 98
29 81 68
29 83 71
29 86 24
29 90 90
29 91 99
29 96 24
29 98 100
29 99 59
30 31 48
30 38 22
30 39 95
30 43 69
30 47 100
30 48 59
30 49 81
30 54 85
30 56 91
30 59 19
30 65 24
30 66 4
30 70 37
30 71 59
30 74 71
30 75 47
30 76 1
30 77 55
30 78 12
30 86 10
30 87 43
30 89 70
30 90 32
30 92 35
30 96 99
30 99 79
30 100 90
31 36 9
31 37 74
31 38 82
31 39 41
31 40 41
31 41 96
31 43 64
31 45 44
31 46 3
31 47 17
31 48 3
31 50 63
31 52 65
31 53 66
31 54 30
31 56 3
31 64 84
31 65 88
31 66 24
31 67 82
31 70 53
31 72 86
31 73 35
31 74 67
31 78 37
31 82 36
31 87 34
31 88 83
31 89 5
31 94 17
31 97 32
31 99 16
32 33 83
32 36 63
32 40 3
32 44 57
32 47 64
32 53 14
32 55 10
32 58 18
32 59 69
32 60 80
32 61 100
32 63 87
32 68 87
32 71 34
32 72 23
32 74 9
32 81 66
32 85 46
32 87 55
32 93 68
32 95 85
32 96 74
33 34 27
33 36 12
33 39 74
33 40 26
33 41 43
33 43 54
33 44 43
33 46 1
33 49 86
33 51 89
33 52 42
33 61 72
33 64 52
33 65 94
33 68 13
33 69 83
33 70 9
33 72 58
33 75 47
33 76 1
33 78 77
33 79 46
33 80 89
33 81 90
33 83 33
33 84 88
33 85 20
33 87 8
33 92 42
33 95 17
33 96 83
33 98 42
33 100 81
34 36 29
34 43 67
34 44 29
34 51 86
34 53 66
34 54 70
34 56 21
34 60 87
34 72 19
34 75 18
34 76 63
34 77 15
34 81 24
34 86 92
34 87 50
34 88 50
34 91 13
34 94 50
34 96 92
34 100 39
35 38 12
35 39 87
35 42 31
35 44 63
35 47 95
35 48 4
35 54 63
35 55 4
35 57 17
35 59 15
35 63 18
35 65 97
35 66 27
35 72 67
35 77 95
35 85 35
35 86 80
35 87 75
35 90 71
35 91 75
35 93 100
35 96 100
35 98 32
35 99 100
36 39 83
36 42 66
36 43 13
36 44 62
36 46 44
36 48 23
36 51 28
36 55 1
36 56 100
36 62 18
36 64 4
36 67 65
36 72 5
36 73 80
36 74 73
36 78 74
36 79 43
36 82 71
36 85 34
36 87 56
36 90 86
36 91 43
36 97 49
36 99 16
37 38 67
37 40 10
37 41 54
37 43 72
37 44 64
37 45 23
37 47 40
37 48 47
37 49 88
37 52 27
37 53 67
37 55 56
37 60 62
37 61 83
37 66 38
37 67 68
37 68 91
37 71 26
37 72 13
37 74 92
37 75 50
37 77 38
37 78 78
37 79 44
37 81 2
37 85 11
37 86 21
37 87 31
37 88 16
37 89 37
37 94 69
37 95 92
37 100 68
38 39 56
38 40 54
38 41 21
38 42 55
38 44 26
38 45 82
38 46 79
38 47 17
38 52 62
38 53 88
38 54 3
38 62 30
38 64 16
38 67 70
38 69 17
38 71 7
38 72 59
38 73 17
38 75 85
38 77 5
38 79 89
38 81 64
38 82 82
38 83 2
38 87 82
38 93 95
38 96 36
38 99 72
39 40 53
39 41 42
39 47 65
39 51 28
39 54 89
39 58 29
39 62 97
39 65 18
39 68 5
39 69 12
39 76 26
39 77 38
39 80 25
39 87 92
39 88 44
39 89 4
39 94 9
39 95 58
39 97 19
39 98 55
40 45 59
40 53 7
40 55 46
40 58 84
40 60 14
40 61 7
40 63 76
40 64 3
40 65 95
40 66 39
40 74 80
40 77 100
40 80 54
40 81 47
40 82 61
40 85 54
40 86 49
40 87 74
40 90 80
40 91 15
40 92 10
40 95 59
40 97 72
40 98 38
41 43 32
41 45 41
41 46 100
41 47 44
41 50 86
41 54 70
41 55 56
41 57 91
41 64 64
41 67 35
41 69 20
41 71 51
41 72 23
41 74 96
41 81 63
41 82 40
41 84 23
41 88 82
41 90 43
41 92 36
41 98 13
41 99 95
42 45 50
42 47 18
42 50 93
42 55 59
42 56 7
42 59 41
42 60 98
42 65 13
42 66 31
42 68 58
42 71 82
42 73 58
42 77 20
42 78 14
42 85 59
42 86 85
42 87 64
42 88 76
42 90 68
42 94 52
42 95 96
43 44 5
43 46 94
43 51 19
43 54 17
43 58 2
43 60 83
43 66 22
43 67 64
43 72 46
43 73 78
43 75 95
43 77 87
43 79 14
43 82 63
43 83 30
43 87 63
43 88 38
43 89 6
43 91 95
43 94 13
43 97 20
43 100 55
44 45 24
44 54 10
44 55 46
44 56 27
44 57 93
44 58 13
44 62 96
44 64 34
44 65 80
44 67 53
44 68 32
44 69 19
44 71 49
44 77 45
44 78 6
44 80 13
44 82 25
44 86 52
44 89 39
44 91 4
44 95 83
44 96 4
44 97 44
44 98 93
44 99 15
45 48 96
45 49 30
45 56 18
45 57 21
45 61 44
45 65 37
45 67 66
45 69 59
45 71 92
45 72 97
45 75 52
45 76 21
45 79 77
45 81 96
45 82 54
45 84 3
45 85 70
45 91 66
45 94 58
45 98 49
45 100 52
46 48 73
46 51 81
46 52 20
46 57 91
46 61 9
46 65 85
46 66 60
46 68 85
46 70 42
46 74 7
46 75 39
46 77 48
46 79 95
46 83 53
46 84 30
46 86 77
46 90 25
46 93 10
46 95 83
46 96 96
46 98 67
46 100 3
47 48 11
47 49 42
47 50 61
47 51 88
47 52 39
47 55 69
47 57 38
47 58 35
47 59 59
47 61 57
47 63 62
47 66 45
47 68 59
47 72 95
47 75 77
47 76 9
47 77 85
47 85 94
47 86 70
47 87 40
47 88 74
47 91 19
47 93 82
47 96 86
47 100 84
48 49 97
48 51 47
48 52 24
48 59 73
48 61 32
48 62 91
48 63 43
48 66 95
48 67 95
48 76 18
48 77 80
48 80 84
48 82 35
48 84 99
48 86 40
48 88 68
48 89 58
48 90 7
48 92 84
48 93 14
48 94 24
49 54 91
49 58 65
49 61 23
49 68 43
49 72 14
49 75 97
49 79 18
49 80 48
49 85 61
49 86 58
49 89 96
49 91 77
50 52 88
50 54 9
50 55 62
50 57 78
50 58 59
50 60 55
50 64 86
50 67 43
50 69 21
50 73 58
50 75 85
50 81 74
50 84 77
50 91 50
50 94 40
50 96 72
50 97 29
50 98 52
50 100 24
51 52 72
51 54 90
51 56 92
51 58 98
51 59 52
51 61 69
51 63 88
51 65 49
51 75 88
51 76 83
51 77 97
51 87 38
51 94 87
51 95 69
51 96 68
51 97 13
52 54 47
52 55 46
52 56 24
52 60 72
52 65 74
52 69 66
52 73 81
52 81 50
52 84 55
52 85 16
52 89 97
52 93 84
52 95 79
52 97 21
52 99 67
53 60 58
53 62 26
53 66 96
53 68 66
53 71 84
53 73 50
53 74 81
53 76 81
53 83 98
53 84 14
53 85 56
53 86 41
53 87 3
53 88 14
53 90 79
53 92 2
53 96 87
53 98 12
53 99 74
54 64 80
54 65 78
54 67 98
54 68 7
54 69 93
54 72 7
54 73 59
54 74 89
54 75 27
54 77 23
54 78 25
54 79 68
54 81 45
54 82 64
54 83 38
54 84 26
54 86 6
54 87 70
54 88 27
54 91 43
54 94 73
54 96 93
54 97 14
55 59 15
55 60 14
55 63 59
55 65 26
55 66 21
55 69 73
55 71 31
55 72 79
55 73 85
55 74 11
55 76 62
55 81 97
55 88 55
55 91 66
55 95 39
55 96 67
55 97 17
55 100 82
56 61 26
56 62 8
56 65 88
56 66 41
56 68 16
56 70 12
56 72 7
56 74 98
56 75 47
56 77 21
56 79 81
56 83 89
56 84 83
56 85 64
56 88 17
56 93 75
56 96 64
57 58 50
57 59 35
57 60 83
57 62 47
57 63 26
57 64 46
57 68 58
57 72 33
57 73 5
57 74 47
57 77 65
57 80 8
57 81 6
57 82 37
57 85 24
57 88 12
57 89 67
57 90 56
57 94 98
57 98 92
57 99 41
58 63 23
58 65 34
58 66 56
58 69 82
58 71 91
58 72 4
58 73 50
58 75 4
58 77 15
58 80 42
58 81 78
58 84 53
58 85 13
58 87 98
58 89 85
58 92 28
58 94 3
58 96 1
58 98 57
59 61 71
59 67 45
59 69 80
59 70 1
59 73 38
59 74 34
59 75 89
59 77 48
59 78 41
59 79 79
59 82 23
59 83 82
59 87 92
59 88 60
59 90 57
59 95 56
59 97 53
59 100 38
60 61 26
60 66 78
60 72 100
60 73 71
60 75 18
60 78 65
60 79 11
60 81 35
60 82 50
60 89 30
60 92 98
60 94 60
60 96 99
60 98 29
61 62 7
61 63 53
61 68 87
61 69 72
61 72 56
61 74 34
61 75 55
61 76 36
61 77 43
61 79 93
61 81 25
61 82 52
61 86 5
61 94 82
61 98 100
62 64 97
62 66 62
62 69 2
62 71 22
62 74 4
62 76 71
62 79 73
62 84 15
62 89 36
62 91 87
62 92 4
62 93 78
62 95 27
62 96 27
62 98 27
62 99 5
62 100 89
63 64 46
63 68 30
63 69 29
63 70 68
63 72 91
63 73 54
63 80 38
63 82 55
63 83 99
63 85 25
63 89 89
63 90 19
63 93 59
63 95 83
63 97 76
63 100 43
64 67 17
64 68 10
64 70 67
64 72 58
64 73 95
64 74 19
64 76 75
64 82 2
64 86 85
64 89 23
64 92 50
64 97 25
64 98 64
65 66 80
65 69 58
65 71 55
65 72 50
65 76 61
65 77 70
65 83 59
65 84 23
65 90 86
65 92 13
65 95 95
65 100 40
66 70 93
66 72 71
66 73 80
66 74 95
66 75 40
66 77 67
66 83 16
66 84 71
66 85 51
66 87 51
66 89 51
66 94 46
66 95 49
66 97 79
66 98 16
66 100 64
67 71 44
67 72 43
67 77 67
67 82 86
67 84 81
67 85 69
67 87 34
67 89 1
67 90 93
67 91 47
67 93 23
67 97 79
67 99 62
67 100 28
68 69 97
68 70 29
68 72 76
68 74 44
68 75 11
68 76 96
68 77 21
68 78 29
68 79 45
68 83 55
68 84 56
68 88 98
68 90 92
68 92 98
68 93 37
68 94 81
68 99 83
68 100 83
69 70 48
69 71 7
69 72 39
69 73 31
69 74 9
69 75 70
69 78 99
69 82 58
69 84 61
69 86 80
69 87 87
69 98 15
70 72 99
70 74 7
70 75 68
70 76 57
70 77 57
70 80 99
70 81 51
70 82 6
70 84 80
70 86 18
70 96 50
70 99 95
71 72 45
71 74 48
71 77 68
71 81 61
71 83 66
71 87 53
71 91 73
71 92 50
71 93 50
71 95 57
72 73 24
72 77 4
72 80 37
72 81 31
72 83 42
72 87 17
72 89 39
72 91 96
72 92 56
72 94 71
72 97 70
72 98 4
73 74 37
73 77 34
73 78 83
73 79 90
73 82 99
73 83 48
73 88 7
73 90 94
73 92 81
73 93 3
73 96 71
74 78 54
74 79 86
74 81 3
74 87 36
74 88 96
74 89 16
74 92 73
74 95 52
74 96 64
74 99 60
74 100 2
75 79 59
75 82 6
75 83 13
75 87 18
75 90 17
75 91 16
75 92 71
75 94 33
75 95 7
75 97 32
76 80 49
76 82 97
76 83 14
76 84 92
76 86 12
76 88 71
76 91 28
76 92 73
76 95 49
76 98 6
77 82 91
77 83 52
77 87 47
77 89 90
77 93 53
77 95 76
77 100 84
78 79 61
78 80 90
78 81 31
78 83 27
78 86 16
78 88 95
78 89 11
78 90 48
78 92 52
78 93 77
78 96 49
78 98 66
79 80 76
79 81 57
79 82 98
79 83 36
79 88 13
79 93 96
80 84 90
80 95 99
80 99 61
81 87 56
81 88 60
81 89 58
81 93 31
81 94 31
81 99 98
82 86 78
82 93 18
82 95 37
82 97 81
82 98 19
82 99 37
83 84 82
83 87 43
83 88 9
83 93 41
83 94 53
83 95 72
83 97 98
83 99 24
84 86 83
84 87 97
84 88 75
84 90 47
84 94 17
84 97 14
84 99 87
84 100 88
85 87 84
85 89 61
85 90 16
85 91 75
85 93 3
85 99 92
86 90 23
86 91 8
86 92 63
86 94 77
86 95 22
86 98 46
86 99 24
86 100 70
87 91 57
87 92 21
87 93 38
87 95 62
87 97 56
88 89 61
88 90 53
88 91 13
88 93 80
88 94 85
88 98 15
88 100 33
89 93 44
90 91 53
90 92 15
90 94 12
90 95 33
90 96 41
91 93 47
91 95 3
91 96 9
91 97 86
91 98 80
91 100 24
92 96 89
92 100 80
93 95 2
93 96 54
93 97 34
94 95 20
94 96 92
95 99 99
96 97 54
97 98 91
97 99 1
1 2 72
1 3 60
1 6 26
1 7 87
1 12 63
1 14 6
1 16 37
1 17 36
1 20 66
1 22 54
1 23 4
1 24 3
1 27 51
1 29 52
1 36 70
1 37 39
1 41 96
1 43 77
1 48 79
1 50 75
1 52 5
1 55 75
1 56 12
1 59 83
1 60 23
1 61 95
1 65 5
1 66 98
1 69 43
1 76 57
1 77 85
1 81 51
1 83 93
1 84 55
1 85 10
1 86 86
1 89 96
1 92 61
1 93 77
1 94 72
1 97 32
1 99 31
1 100 70
2 3 27
2 4 67
2 12 12
2 13 34
2 15 75
2 17 73
2 18 61
2 19 3
2 22 93
2 29 3
2 30 31
2 31 37
2 32 23
2 34 70
2 35 45
2 38 76
2 42 14
2 43 10
2 51 21
2 52 53
2 56 83
2 58 35
2 59 4
2 60 68
2 61 94
2 63 3
2 66 56
2 67 41
2 68 69
2 70 60
2 71 45
2 72 97
2 73 52
2 77 33
2 80 15
2 81 65
2 83 77
2 84 51
2 94 47
2 95 62
2 96 100
2 98 98
3 6 88
3 10 68
3 13 31
3 16 54
3 18 38
3 20 79
3 21 28
3 27 80
3 28 27
3 29 56
3 30 83
3 31 66
3 33 89
3 38 22
3 41 5
3 43 88
3 44 28
3 46 45
3 49 58
3 58 19
3 63 42
3 65 30
3 69 75
3 78 86
3 83 23
3 84 51
3 86 80
3 87 56
3 88 46
3 89 26
3 90 5
3 93 35
3 94 83
3 95 56
3 96 74
3 97 29
3 100 69
4 5 15
4 6 78
4 8 20
4 9 77
4 11 86
4 13 81
4 19 56
4 20 94
4 22 78
4 28 54
4 29 56
4 30 11
4 31 46
4 40 88
4 41 12
4 49 15
4 51 50
4 55 28
4 66 54
4 68 47
4 70 41
4 71 76
4 73 4
4 74 87
4 77 93
4 84 25
4 85 45
4 86 24
4 97 92
4 99 77
5 6 67
5 8 60
5 9 89
5 12 38
5 13 62
5 17 28
5 18 63
5 20 37
5 22 61
5 24 99
5 26 90
5 27 89
5 29 77
5 30 34
5 31 99
5 37 3
5 38 81
5 39 57
5 41 92
5 43 44
5 45 7
5 54 29
5 55 84
5 57 97
5 61 40
5 65 27
5 67 31
5 72 60
5 74 44
5 83 100
5 84 48
5 88 74
5 90 49
5 94 63
5 99 47
6 9 67
6 10 36
6 15 31
6 21 88
6 22 82
6 23 97
6 24 54
6 25 45
6 29 99
6 30 68
6 34 18
6 36 15
6 38 81
6 40 71
6 43 76
6 45 33
6 47 84
6 50 33
6 55 65
6 56 23
6 57 43
6 58 79
6 61 86
6 68 40
6 69 71
6 74 68
6 78 7
6 79 78
6 80 100
6 81 59
6 85 14
6 88 32
6 89 94
6 91 64
6 96 93
6 100 4
7 11 14
7 13 3
7 16 99
7 17 55
7 22 55
7 25 46
7 26 88
7 30 97
7 31 54
7 32 92
7 33 51
7 34 91
7 36 69
7 37 90
7 41 1
7 43 91
7 44 30
7 45 98
7 47 10
7 51 66
7 54 46
7 58 25
7 60 66
7 62 73
7 64 99
7 68 68
7 72 66
7 76 74
7 79 61
7 82 93
7 86 49
7 87 1
7 89 67
7 91 71
7 95 45
7 99 6
7 100 65
8 12 88
8 13 44
8 16 13
8 18 76
8 20 15
8 21 95
8 22 48
8 24 75
8 26 29
8 27 66
8 28 18
8 30 49
8 34 66
8 36 41
8 38 100
8 39 19
8 41 84
8 43 73
8 48 28
8 49 64
8 54 43
8 56 98
8 57 52
8 59 55
8 64 80
8 70 47
8 72 78
8 73 42
8 75 12
8 78 4
8 80 67
8 81 60
8 84 39
8 85 90
8 87 97
8 89 17
8 90 54
8 93 76
8 94 52
8 95 72
8 97 76
8 100 31
9 11 34
9 12 38
9 13 9
9 15 75
9 17 18
9 20 64
9 21 26
9 24 52
9 25 39
9 27 68
9 28 95
9 30 17
9 31 64
9 35 7
9 39 55
9 41 30
9 42 87
9 44 93
9 45 8
9 46 27
9 48 52
9 52 10
9 54 71
9 56 38
9 60 68
9 64 57
9 67 76
9 68 56
9 69 72
9 72 67
9 74 34
9 75 98
9 76 75
9 77 75
9 81 8
9 84 46
9 85 4
9 86 63
9 90 21
9 92 98
9 95 23
10 12 42
10 14 30
10 16 9
10 17 53
10 20 74
10 23 31
10 25 28
10 26 9
10 29 27
10 30 29
10 32 78
10 35 57
10 36 75
10 37 30
10 41 11
10 42 74
10 44 5
10 48 58
10 49 83
10 50 12
10 54 16
10 58 4
10 59 69
10 60 69
10 62 11
10 63 43
10 64 27
10 71 7
10 72 33
10 74 67
10 75 23
10 80 50
10 82 67
10 84 64
10 85 41
10 87 74
10 90 84
10 92 37
10 93 43
10 94 63
10 98 96
10 99 77
10 100 78
11 14 50
11 16 85
11 17 37
11 18 20
11 20 47
11 21 43
11 26 47
11 33 92
11 37 2
11 40 54
11 42 24
11 43 100
11 47 63
11 51 37
11 58 52
11 62 75
11 67 85
11 72 23
11 73 9
11 74 70
11 75 37
11 79 18
11 81 41
11 84 48
11 85 62
11 86 66
11 88 70
11 89 53
11 90 98
11 100 57
12 17 45
12 19 51
12 25 7
12 27 1
12 29 6
12 30 49
12 31 4
12 35 9
12 36 55
12 38 11
12 41 40
12 43 33
12 47 85
12 58 21
12 64 56
12 65 89
12 67 1
12 71 88
12 75 66
12 79 97
12 80 58
12 89 63
12 91 59
12 100 23
13 14 13
13 16 36
13 21 14
13 24 12
13 28 46
13 33 28
13 35 2
13 36 13
13 37 77
13 40 75
13 42 73
13 43 100
13 44 82
13 46 40
13 47 82
13 48 41
13 52 33
13 57 34
13 59 27
13 60 97
13 64 53
13 65 75
13 67 95
13 68 52
13 69 65
13 70 80
13 71 35
13 78 91
13 82 48
13 83 35
13 84 91
13 85 63
13 91 69
13 92 26
13 95 1
13 96 42
13 98 10
13 100 13
14 15 56
14 16 60
14 19 18
14 21 8
14 30 64
14 31 89
14 32 69
14 34 38
14 37 73
14 38 53
14 40 84
14 41 16
14 42 82
14 44 58
14 46 94
14 47 97
14 48 28
14 49 72
14 50 93
14 53 95
14 58 17
14 61 88
14 66 92
14 67 75
14 70 31
14 73 43
14 79 58
14 83 23
14 85 30
14 88 37
14 89 3
14 92 30
14 93 73
14 95 41
14 96 52
14 97 15
14 99 51
14 100 18
15 20 98
15 28 85
15 29 88
15 30 81
15 31 93
15 35 25
15 41 55
15 42 100
15 46 42
15 48 52
15 49 18
15 52 2
15 53 72
15 54 21
15 55 26
15 57 72
15 58 19
15 63 80
15 66 22
15 71 73
15 72 53
15 73 74
15 76 20
15 78 65
15 81 21
15 82 4
15 84 27
15 85 23
15 87 10
15 88 91
15 91 58
15 92 38
15 94 68
15 95 12
15 99 29
16 18 8
16 19 13
16 21 67
16 26 57
16 28 93
16 32 2
16 33 56
16 35 26
16 36 95
16 37 85
16 38 97
16 42 62
16 44 40
16 45 80
16 47 38
16 51 20
16 52 62
16 58 29
16 59 13
16 61 60
16 62 54
16 63 82
16 64 42
16 72 60
16 73 75
16 74 42
16 79 57
16 80 78
16 86 69
16 88 91
16 90 89
16 94 48
16 95 98
16 96 62
16 97 26
16 99 90
16 100 64
17 19 80
17 22 98
17 26 79
17 27 4
17 30 40
17 34 30
17 38 58
17 41 96
17 43 97
17 47 35
17 52 70
17 53 30
17 54 89
17 57 44
17 60 66
17 64 65
17 66 3
17 68 52
17 72 86
17 77 58
17 80 48
17 82 77
17 84 53
17 85 12
17 86 50
17 87 45
17 99 96
18 20 11
18 21 65
18 27 36
18 30 65
18 33 97
18 34 18
18 40 72
18 41 66
18 43 51
18 44 33
18 46 94
18 47 32
18 48 48
18 49 5
18 55 92
18 56 30
18 57 42
18 58 43
18 59 59
18 60 2
18 63 89
18 64 56
18 66 20
18 67 44
18 68 13
18 71 82
18 72 79
18 78 85
18 81 91
18 83 19
18 87 89
18 89 52
18 90 7
18 91 74
18 92 67
18 96 100
18 97 74
19 20 51
19 21 100
19 22 27
19 31 87
19 33 66
19 34 97
19 36 34
19 37 76
19 41 48
19 45 69
19 46 31
19 48 40
19 49 28
19 50 31
19 53 43
19 61 93
19 62 38
19 73 39
19 77 75
19 79 80
19 80 83
19 81 14
19 83 89
19 85 74
19 86 19
19 88 8
19 90 65
19 93 11
19 95 72
19 96 35
19 98 73
20 21 90
20 22 65
20 25 24
20 28 33
20 39 54
20 41 6
20 42 52
20 43 81
20 44 64
20 46 19
20 47 27
20 48 11
20 50 17
20 53 19
20 63 71
20 66 50
20 71 18
20 72 97
20 78 78
20 79 85
20 80 68
20 83 2
20 84 35
20 85 48
20 88 43
20 89 43
20 91 94
20 94 22
20 98 100
21 25 42
21 34 69
21 39 30
21 40 97
21 41 79
21 46 90
21 50 59
21 52 93
21 55 94
21 56 36
21 62 100
21 68 84
21 71 12
21 72 7
21 77 55
21 79 71
21 87 15
21 89 77
21 91 50
21 93 49
21 94 67
22 26 49
22 27 96
22 29 44
22 33 4
22 34 83
22 35 34
22 37 15
22 41 9
22 43 67
22 45 25
22 49 37
22 52 52
22 54 69
22 56 84
22 59 5
22 61 55
22 62 37
22 67 57
22 68 54
22 69 18
22 74 15
22 76 15
22 77 90
22 78 6
22 79 30
22 80 6
22 81 62
22 83 17
22 84 100
22 86 43
22 90 30
22 92 7
22 93 55
23 26 24
23 30 49
23 37 26
23 40 100
23 41 63
23 43 91
23 44 78
23 45 57
23 48 25
23 49 58
23 50 82
23 51 35
23 53 52
23 54 1
23 55 18
23 57 21
23 62 49
23 63 91
23 64 92
23 72 69
23 73 94
23 75 48
23 77 88
23 78 15
23 79 34
23 84 63
23 86 8
23 91 28
23 93 77
23 95 38
23 96 30
23 99 17
23 100 50
24 25 22
24 27 95
24 29 18
24 32 73
24 37 6
24 40 30
24 41 91
24 43 14
24 44 22
24 46 36
24 58 74
24 59 85
24 63 56
24 66 1
24 70 78
24 71 27
24 72 30
24 74 34
24 76 60
24 79 6
24 82 69
24 83 99
24 84 44
24 85 53
24 86 62
24 88 10
24 89 11
24 92 79
24 95 55
24 97 20
24 98 30
25 27 41
25 31 4
25 32 53
25 37 67
25 38 76
25 43 78
25 44 77
25 50 27
25 52 44
25 54 13
25 64 70
25 65 35
25 69 18
25 72 67
25 74 65
25 77 66
25 78 7
25 79 82
25 83 90
25 87 12
25 90 92
25 91 90
25 92 82
25 96 52
25 97 78
26 28 34
26 29 12
26 31 28
26 32 1
26 33 49
26 35 19
26 36 57
26 37 96
26 38 53
26 40 12
26 44 87
26 45 77
26 48 23
26 50 7
26 52 87
26 54 17
26 55 49
26 57 41
26 60 85
26 63 79
26 67 25
26 68 99
26 70 9
26 71 75
26 72 79
26 76 87
26 79 45
26 80 81
26 81 43
26 84 10
26 92 13
27 29 80
27 30 24
27 34 64
27 36 16
27 39 27
27 40 27
27 46 59
27 48 34
27 49 10
27 50 21
27 52 80
27 55 63
27 58 56
27 59 56
27 64 54
27 65 94
27 66 29
27 67 81
27 71 12
27 75 61
27 78 40
27 82 55
27 84 33
27 90 92
27 96 56
27 98 98
27 99 4
27 100 35
28 31 93
28 32 18
28 34 58
28 37 50
28 38 8
28 40 93
28 42 90
28 43 78
28 44 100
28 45 58
28 47 89
28 49 49
28 50 36
28 51 76
28 53 2
28 54 20
28 55 93
28 58 33
28 60 2
28 62 89
28 63 22
28 66 31
28 75 80
28 76 48
28 80 44
28 81 90
28 86 17
28 92 53
29 34 96
29 39 65
29 40 86
29 41 61
29 42 21
29 43 65
29 45 39
29 48 93
29 52 98
29 53 23
29 55 60
29 56 35
29 63 49
29 65 34
29 66 41
29 67 84
29 68 4
29 72 98
29 73 89
29 74 61
29 84 72
29 85 81
29 90 7
29 98 59
29 100 62
30 32 69
30 33 40
30 36 36
30 38 17
30 39 90
30 41 54
30 44 66
30 54 88
30 57 10
30 58 1
30 59 77
30 60 94
30 62 94
30 63 51
30 65 26
30 72 79
30 77 52
30 84 5
30 87 21
30 88 48
30 89 16
30 91 93
30 94 98
30 95 73
30 97 13
30 100 26
31 33 1
31 34 79
31 38 48
31 43 26
31 44 94
31 45 73
31 47 77
31 48 80
31 50 37
31 54 61
31 55 92
31 56 83
31 57 80
31 58 84
31 60 20
31 66 27
31 67 80
31 70 31
31 71 35
31 73 8
31 74 20
31 76 33
31 78 23
31 79 3
31 87 40
31 88 19
31 89 51
31 90 4
31 96 33
31 100 61
32 33 26
32 34 24
32 38 11
32 42 98
32 45 37
32 46 20
32 49 1
32 50 44
32 52 5
32 53 59
32 59 49
32 60 34
32 63 7
32 64 39
32 65 91
32 68 51
32 69 88
32 72 53
32 73 53
32 75 36
32 79 98
32 82 73
32 89 36
32 93 25
32 97 7
33 37 1
33 39 23
33 40 56
33 45 55
33 51 74
33 52 84
33 56 93
33 58 73
33 59 61
33 64 83
33 65 17
33 67 28
33 70 71
33 78 71
33 81 53
33 83 16
33 87 78
33 89 87
33 92 4
33 94 37
33 95 21
34 35 18
34 37 31
34 39 30
34 41 27
34 48 45
34 49 81
34 51 76
34 54 75
34 58 17
34 59 30
34 63 94
34 64 96
34 66 17
34 68 75
34 69 80
34 71 83
34 73 96
34 76 21
34 80 65
34 82 81
34 84 39
34 87 65
34 88 84
34 91 62
34 93 14
35 36 46
35 37 14
35 40 58
35 41 50
35 42 57
35 43 13
35 46 44
35 48 26
35 51 99
35 55 95
35 57 13
35 58 72
35 61 14
35 62 89
35 63 72
35 66 8
35 67 27
35 68 62
35 70 99
35 74 54
35 83 52
35 84 10
35 86 22
35 87 32
35 88 71
35 89 2
35 91 62
35 94 70
35 98 70
35 100 35
36 39 64
36 40 38
36 44 98
36 46 62
36 48 11
36 49 51
36 50 39
36 52 7
36 54 86
36 56 68
36 57 98
36 58 8
36 60 82
36 61 95
36 64 68
36 65 27
36 66 68
36 67 67
36 70 98
36 74 87
36 81 95
36 83 39
36 85 94
36 86 22
36 87 20
36 90 64
36 91 70
36 94 83
36 96 88
36 97 79
36 98 42
36 99 17
37 38 20
37 40 63
37 41 27
37 42 38
37 44 95
37 48 28
37 50 63
37 52 78
37 57 53
37 58 6
37 59 55
37 63 84
37 64 25
37 66 39
37 67 23
37 70 74
37 73 68
37 76 26
37 79 89
37 80 25
37 82 36
37 84 96
37 85 53
37 86 38
37 88 20
37 91 16
37 93 95
37 94 4
37 96 55
37 97 4
37 98 53
38 40 93
38 43 36
38 48 9
38 49 54
38 52 77
38 53 38
38 57 2
38 58 32
38 60 17
38 61 64
38 63 71
38 68 7
38 69 71
38 71 65
38 73 19
38 76 6
38 78 22
38 86 24
38 89 94
38 90 27
38 93 37
38 96 5
38 98 57
38 99 20
39 40 46
39 45 38
39 46 38
39 52 50
39 53 76
39 55 77
39 61 94
39 62 70
39 63 2
39 67 14
39 72 47
39 76 75
39 78 19
39 83 82
39 84 47
39 87 86
39 88 92
39 91 10
39 95 100
39 96 77
39 97 20
39 98 80
39 99 40
40 42 66
40 43 25
40 44 75
40 61 27
40 62 24
40 64 8
40 66 86
40 67 37
40 72 34
40 73 25
40 74 82
40 77 54
40 82 69
40 83 31
40 89 51
40 93 66
40 94 9
40 95 35
40 96 46
41 44 88
41 45 97
41 50 98
41 51 19
41 53 70
41 54 74
41 55 74
41 56 77
41 58 99
41 59 62
41 61 19
41 63 41
41 64 64
41 65 70
41 66 84
41 71 4
41 73 36
41 75 32
41 76 66
41 77 85
41 83 41
41 86 20
41 93 16
41 95 13
41 97 28
41 98 35
42 45 12
42 46 89
42 47 75
42 48 19
42 50 56
42 52 30
42 54 38
42 57 53
42 61 66
42 62 73
42 64 35
42 66 49
42 67 21
42 68 70
42 69 48
42 70 4
42 73 98
42 77 6
42 78 70
42 79 32
42 81 19
42 92 90
42 94 22
42 95 71
42 98 76
43 46 47
43 48 69
43 51 47
43 52 30
43 55 100
43 56 80
43 57 72
43 59 34
43 65 29
43 68 17
43 71 51
43 72 23
43 78 12
43 81 100
43 83 28
43 89 1
43 90 29
43 95 4
43 96 26
43 99 99
44 45 82
44 48 14
44 51 73
44 55 76
44 58 44
44 59 35
44 64 89
44 66 6
44 71 71
44 75 97
44 77 29
44 80 25
44 82 5
44 84 30
44 88 12
44 89 75
44 96 79
44 97 49
44 98 25
45 47 94
45 50 94
45 52 88
45 55 29
45 60 12
45 61 81
45 64 82
45 65 72
45 67 19
45 68 8
45 72 49
45 76 6
45 78 99
45 81 54
45 83 26
45 84 49
45 85 89
45 88 39
45 89 23
45 90 51
45 91 93
45 92 84
46 49 59
46 51 13
46 55 1
46 61 13
46 62 3
46 65 51
46 67 42
46 68 73
46 75 92
46 77 80
46 78 81
46 81 48
46 83 91
46 85 56
46 86 55
46 88 31
46 90 39
46 96 44
46 99 82
47 49 78
47 51 50
47 52 54
47 54 30
47 58 73
47 59 48
47 61 99
47 62 84
47 63 43
47 67 45
47 68 78
47 71 76
47 73 5
47 90 95
47 92 44
47 98 48
47 100 16
48 51 69
48 52 16
48 55 48
48 56 6
48 62 79
48 63 10
48 65 17
48 66 85
48 68 54
48 71 42
48 73 12
48 77 6
48 80 6
48 82 99
48 86 79
48 88 12
48 91 22
48 97 76
48 98 25
48 99 62
49 52 29
49 53 36
49 54 98
49 61 67
49 64 19
49 68 41
49 71 74
49 75 91
49 76 7
49 79 17
49 81 31
49 84 81
49 88 47
49 89 55
49 93 89
49 94 22
50 52 80
50 53 51
50 54 19
50 59 52
50 63 79
50 64 9
50 67 7
50 70 3
50 71 70
50 72 89
50 73 32
50 80 42
50 83 98
50 84 37
50 85 34
50 86 74
50 87 96
50 88 25
50 89 93
50 91 69
50 92 73
50 93 8
50 95 86
50 96 6
50 97 60
50 99 17
51 53 26
51 56 17
51 58 57
51 61 51
51 63 13
51 66 36
51 68 50
51 69 38
51 71 39
51 73 3
51 79 62
51 80 40
51 82 85
51 83 12
51 95 81
51 97 78
51 100 12
52 53 79
52 54 9
52 55 33
52 56 87
52 60 12
52 61 17
52 62 34
52 65 64
52 66 74
52 68 72
52 70 8
52 71 39
52 74 49
52 75 2
52 82 67
52 83 78
52 88 62
53 54 19
53 55 57
53 58 8
53 61 60
53 63 12
53 67 3
53 69 2
53 70 93
53 74 5
53 75 97
53 85 52
53 86 61
53 91 86
53 95 80
53 97 74
54 56 24
54 63 99
54 64 84
54 66 73
54 67 38
54 69 75
54 71 12
54 72 27
54 73 23
54 74 38
54 75 30
54 77 9
54 79 67
54 82 13
54 85 56
54 87 39
54 88 51
54 89 11
54 92 40
54 96 6
54 98 36
55 56 100
55 59 16
55 63 17
55 67 30
55 68 4
55 69 11
55 70 67
55 72 67
55 73 66
55 74 81
55 80 84
55 82 77
55 83 76
55 87 4
55 88 86
55 90 59
55 95 92
56 58 52
56 60 36
56 61 63
56 63 60
56 65 77
56 67 3
56 74 96
56 76 57
56 79 28
56 81 44
56 82 9
56 83 94
56 87 54
56 89 7
56 91 25
56 92 37
56 93 79
56 95 79
57 58 83
57 61 78
57 64 83
57 65 20
57 73 43
57 77 76
57 78 75
57 79 76
57 80 54
57 82 100
57 84 46
57 86 86
57 87 10
57 89 17
57 93 88
57 94 85
58 65 21
58 68 35
58 70 88
58 72 82
58 74 36
58 75 40
58 76 52
58 80 48
58 81 61
58 82 65
58 85 7
58 87 50
58 88 54
58 90 41
58 94 26
58 97 64
58 99 95
58 100 1
59 60 50
59 62 32
59 67 55
59 70 66
59 72 100
59 73 6
59 76 22
59 79 47
59 80 76
59 81 31
59 83 79
59 84 84
59 89 91
59 91 17
59 93 64
59 94 18
59 95 12
59 96 20
59 97 3
60 61 84
60 62 40
60 67 91
60 68 21
60 74 76
60 75 42
60 79 66
60 80 15
60 84 16
60 85 92
60 86 10
60 88 55
60 89 89
60 95 62
60 96 13
60 97 7
60 98 97
61 65 17
61 66 56
61 69 83
61 73 62
61 75 20
61 78 22
61 79 91
61 80 98
61 81 35
61 84 49
61 85 14
61 88 43
61 90 17
61 93 51
61 96 32
61 99 5
61 100 53
62 63 53
62 64 82
62 65 21
62 68 51
62 71 79
62 74 74
62 80 35
62 84 86
62 87 99
62 89 56
62 91 95
62 94 68
62 95 7
62 96 49
62 97 100
62 98 40
62 100 6
63 66 23
63 67 13
63 68 65
63 71 63
63 73 98
63 74 57
63 80 29
63 81 83
63 83 53
63 84 83
63 85 78
63 86 10
63 87 63
63 92 17
63 93 10
63 94 6
63 95 90
63 100 56
64 65 67
64 67 72
64 68 77
64 69 86
64 70 89
64 71 40
64 78 38
64 80 80
64 85 11
64 86 61
64 87 28
64 88 54
64 91 61
64 94 97
64 95 4
64 98 16
65 66 81
65 70 52
65 71 49
65 72 32
65 78 100
65 79 72
65 82 64
65 84 21
65 87 99
65 92 69
65 94 51
65 96 18
65 99 100
66 74 59
66 77 40
66 78 18
66 79 45
66 80 20
66 84 99
66 85 29
66 86 97
66 89 67
66 90 22
66 92 59
66 93 12
66 94 40
66 96 8
66 97 25
66 98 12
66 100 65
67 69 91
67 71 88
67 73 40
67 77 18
67 78 65
67 81 25
67 83 25
67 86 60
67 90 42
67 92 91
67 93 92
67 94 84
67 96 12
67 99 91
67 100 9
68 69 8
68 70 61
68 75 96
68 76 84
68 77 64
68 81 27
68 84 43
68 85 27
68 89 19
68 91 21
68 92 55
68 93 97
68 97 31
68 98 58
68 99 100
69 78 15
69 80 32
69 81 53
69 85 80
69 88 26
69 91 30
69 92 77
69 94 94
69 97 60
69 98 39
70 71 1
70 72 89
70 74 6
70 76 2
70 77 91
70 80 79
70 83 49
70 84 18
70 87 77
70 88 66
70 91 93
70 96 36
71 72 6
71 74 46
71 76 48
71 77 14
71 78 95
71 79 51
71 83 96
71 84 54
71 85 89
71 87 18
71 89 80
71 90 60
71 92 73
71 95 86
71 96 7
71 98 80
72 76 51
72 77 51
72 78 88
72 82 77
72 83 57
72 84 12
72 87 29
72 88 25
72 89 96
72 90 37
72 92 88
72 96 64
72 99 16
72 100 72
73 81 29
73 90 30
73 93 92
73 98 8
74 75 72
74 77 17
74 78 44
74 80 46
74 87 52
74 90 80
74 91 61
74 97 50
75 76 38
75 77 23
75 80 23
75 82 9
75 83 99
75 85 47
75 87 45
75 89 53
75 95 16
75 96 67
75 97 88
76 78 81
76 80 28
76 83 10
76 87 50
76 92 11
76 95 67
76 97 49
76 99 74
77 83 10
77 84 34
77 86 12
77 87 52
77 88 80
77 89 88
77 90 53
77 91 20
77 94 70
77 95 53
77 98 46
78 79 18
78 80 38
78 91 11
78 94 39
78 95 27
78 96 50
78 97 50
78 98 11
78 100 1
79 85 88
79 86 46
79 99 6
79 100 46
80 83 20
80 86 68
80 89 71
80 91 56
80 94 17
80 99 8
80 100 86
81 83 58
81 85 72
81 86 63
81 87 7
81 92 99
81 95 7
81 97 78
81 99 23
81 100 77
82 83 41
82 84 91
82 85 24
82 86 81
82 88 87
82 90 24
82 92 65
82 93 31
82 99 51
82 100 74
83 87 87
83 88 58
83 94 74
83 99 60
84 86 31
84 89 77
84 90 25
84 94 98
84 97 23
84 98 9
84 99 9
85 86 39
85 89 47
85 92 21
85 93 25
85 96 19
86 89 45
86 96 7
86 99 56
86 100 24
87 88 65
87 90 12
87 91 30
87 94 85
87 97 95
87 98 53
87 100 68
88 92 31
88 93 75
88 94 54
88 97 64
88 98 39
88 100 16
89 90 18
89 92 79
89 97 36
89 100 73
90 91 33
90 97 79
90 99 81
90 100 53
91 96 71
91 97 78
91 98 71
91 100 65
92 97 39
92 98 84
93 95 8
93 98 53
93 100 85
94 95 18
94 96 2
95 96 61
95 97 16
96 98 83
96 99 93
97 99 37
1 3 92
1 6 66
1 13 68
1 14 86
1 22 53
1 23 22
1 24 88
1 28 49
1 31 88
1 32 79
1 34 47
1 36 40
1 37 85
1 39 85
1 43 58
1 45 15
1 46 16
1 47 42
1 48 59
1 52 35
1 53 50
1 58 76
1 59 46
1 63 10
1 64 27
1 66 29
1 67 41
1 69 54
1 70 80
1 72 5
1 73 50
1 75 99
1 77 70
1 78 9
1 82 55
1 85 45
1 87 94
1 88 51
1 90 63
1 94 7
1 95 46
1 96 13
1 100 49
2 3 77
2 7 23
2 8 64
2 10 7
2 12 80
2 15 70
2 17 74
2 19 11
2 21 63
2 26 67
2 27 57
2 32 89
2 36 30
2 39 32
2 41 72
2 42 9
2 47 15
2 48 14
2 49 45
2 51 68
2 53 14
2 54 91
2 57 60
2 58 10
2 60 80
2 62 91
2 64 37
2 65 45
2 67 81
2 69 26
2 72 87
2 75 61
2 76 85
2 78 61
2 82 100
2 83 44
2 86 79
2 87 58
2 91 5
2 94 3
2 95 86
3 6 98
3 8 49
3 10 85
3 14 52
3 15 15
3 17 59
3 25 9
3 28 62
3 33 11
3 34 37
3 36 5
3 41 9
3 42 56
3 45 23
3 47 54
3 49 11
3 51 40
3 52 31
3 53 36
3 61 45
3 69 92
3 71 99
3 73 53
3 75 20
3 76 38
3 80 85
3 81 92
3 84 52
3 85 53
3 87 82
3 94 24
3 97 46
3 98 11
3 100 34
4 5 74
4 7 76
4 9 75
4 10 78
4 11 100
4 12 52
4 13 34
4 15 4
4 17 62
4 18 21
4 20 94
4 21 78
4 23 94
4 25 100
4 29 16
4 30 13
4 32 36
4 34 99
4 36 26
4 38 73
4 39 24
4 40 49
4 42 39
4 43 56
4 46 66
4 47 19
4 48 69
4 50 55
4 52 4
4 55 63
4 59 83
4 62 94
4 64 9
4 67 28
4 73 1
4 81 76
4 86 100
4 90 93
4 91 94
4 93 54
4 94 6
4 95 3
4 98 4
4 99 40
5 6 6
5 8 39
5 9 3
5 14 32
5 17 39
5 18 65
5 20 52
5 22 77
5 27 80
5 29 27
5 31 52
5 33 11
5 34 9
5 35 90
5 36 64
5 37 89
5 38 97
5 41 15
5 42 58
5 46 38
5 47 57
5 48 43
5 49 19
5 51 44
5 53 74
5 55 51
5 59 6
5 63 79
5 64 87
5 68 41
5 71 9
5 72 85
5 73 41
5 74 83
5 77 40
5 78 18
5 79 84
5 80 29
5 88 83
5 91 100
5 94 10
5 96 92
5 99 19
5 100 97
6 11 69
6 13 58
6 15 86
6 17 6
6 19 15
6 23 14
6 25 82
6 27 34
6 29 66
6 34 2
6 35 15
6 36 28
6 38 5
6 39 80
6 40 52
6 45 98
6 46 31
6 47 72
6 49 20
6 50 30
6 52 64
6 59 11
6 64 50
6 66 79
6 68 52
6 69 89
6 70 78
6 77 71
6 78 25
6 81 27
6 82 53
6 84 95
6 85 38
6 87 18
6 89 28
6 90 46
6 91 39
6 94 69
6 96 87
6 98 1
6 100 8
7 12 30
7 13 86
7 14 21
7 19 25
7 22 51
7 23 21
7 24 66
7 25 61
7 28 10
7 29 78
7 30 55
7 32 93
7 40 60
7 41 1
7 44 6
7 47 66
7 48 40
7 55 29
7 56 56
7 59 51
7 60 34
7 63 22
7 64 58
7 67 31
7 69 77
7 78 28
7 79 24
7 81 45
7 82 37
7 85 53
7 88 31
7 90 94
7 92 56
7 96 96
7 100 79
8 14 39
8 15 88
8 17 84
8 25 46
8 37 90
8 38 60
8 40 14
8 42 35
8 43 99
8 50 100
8 52 19
8 55 10
8 56 99
8 57 39
8 59 18
8 68 34
8 72 21
8 76 14
8 77 25
8 80 31
8 82 79
8 85 92
8 93 77
8 97 15
8 98 38
9 11 69
9 14 77
9 17 63
9 19 65
9 22 34
9 24 55
9 26 2
9 27 92
9 28 19
9 34 92
9 36 79
9 37 6
9 38 78
9 41 51
9 44 17
9 47 11
9 51 18
9 53 89
9 55 3
9 56 82
9 57 74
9 60 3
9 66 41
9 70 17
9 74 44
9 75 27
9 77 71
9 79 42
9 80 20
9 83 80
9 84 85
9 86 9
9 88 36
9 90 75
9 93 34
9 99 20
9 100 58
10 11 67
10 12 86
10 13 72
10 14 50
10 18 53
10 20 49
10 22 27
10 24 60
10 32 67
10 35 96
10 36 31
10 40 48
10 43 57
10 44 45
10 45 29
10 46 83
10 53 41
10 54 35
10 55 27
10 58 61
10 60 47
10 64 36
10 65 53
10 69 51
10 72 19
10 75 82
10 76 85
10 79 76
10 82 43
10 86 99
10 87 91
10 88 68
10 92 56
10 95 96
11 12 18
11 19 85
11 20 42
11 23 35
11 27 4
11 31 13
11 34 89
11 35 20
11 37 25
11 38 18
11 40 58
11 41 37
11 43 48
11 54 56
11 56 82
11 71 56
11 72 58
11 73 45
11 81 56
11 82 43
11 83 56
11 85 58
11 86 68
11 87 12
11 88 96
11 89 8
11 94 46
11 99 57
12 13 57
12 14 33
12 18 42
12 19 74
12 21 27
12 23 62
12 24 90
12 27 48
12 30 12
12 38 28
12 39 32
12 46 29
12 50 37
12 56 87
12 57 34
12 59 67
12 61 93
12 62 44
12 63 52
12 66 98
12 74 74
12 75 91
12 76 82
12 78 67
12 81 97
12 85 2
12 86 1
12 87 32
12 89 63
12 94 37
12 97 17
12 100 57
13 15 50
13 16 19
13 18 98
13 19 60
13 22 4
13 24 12
13 25 50
13 26 54
13 30 55
13 31 73
13 32 98
13 35 16
13 38 85
13 40 91
13 47 57
13 48 42
13 49 77
13 50 55
13 53 68
13 56 64
13 58 90
13 59 14
13 60 9
13 61 24
13 64 20
13 66 86
13 69 41
13 73 65
13 74 14
13 75 57
13 79 15
13 80 33
13 86 13
13 88 25
13 89 9
13 90 55
13 92 42
13 94 15
13 100 73
14 17 49
14 18 30
14 19 64
14 21 14
14 28 32
14 29 50
14 33 38
14 36 83
14 37 99
14 38 12
14 39 89
14 45 3
14 49 16
14 52 2
14 55 34
14 56 23
14 58 37
14 59 92
14 60 78
14 61 93
14 62 51
14 63 78
14 67 72
14 74 49
14 76 100
14 78 69
14 80 80
14 81 32
14 88 35
14 90 4
14 92 62
14 93 50
