100 4456 1
1 3 87
1 4 6
1 8 36
1 9 1
1 10 64
1 13 61
1 14 93
1 15 52
1 16 71
1 18 59
1 19 41
1 20 89
1 22 14
1 27 70
1 28 49
1 30 74
1 32 54
1 33 8
1 37 21
1 42 1
1 48 83
1 49 43
1 50 2
1 52 75
1 54 95
1 56 57
1 57 29
1 58 72
1 62 92
1 64 32
1 66 46
1 68 88
1 69 6
1 70 73
1 71 47
1 72 11
1 75 12
1 77 65
1 82 8
1 86 5
1 89 4
1 90 61
1 91 91
1 94 76
1 97 25
2 3 12
2 4 94
2 8 45
2 9 19
2 12 59
2 14 71
2 15 42
2 16 57
2 17 49
2 22 27
2 26 96
2 33 7
2 34 40
2 37 43
2 39 63
2 43 23
2 50 3
2 53 11
2 54 9
2 58 87
2 59 36
2 64 100
2 69 12
2 70 15
2 79 65
2 82 15
2 84 56
2 86 93
2 87 37
2 89 42
2 90 95
2 93 22
2 94 25
2 96 86
2 99 81
2 100 67
3 6 22
3 7 84
3 9 22
3 10 39
3 11 35
3 13 78
3 16 89
3 17 44
3 20 25
3 23 80
3 25 79
3 27 93
3 30 65
3 35 12
3 36 55
3 41 15
3 42 77
3 43 2
3 44 31
3 45 31
3 46 83
3 49 55
3 52 90
3 54 37
3 55 4
3 57 94
3 59 19
3 63 35
3 64 42
3 65 30
3 66 45
3 67 41
3 69 96
3 70 71
3 71 64
3 73 55
3 76 20
3 82 72
3 83 57
3 84 68
3 86 47
3 87 92
3 88 36
3 89 11
3 92 8
3 93 89
3 94 27
3 95 48
3 96 31
3 97 72
3 98 22
4 6 4
4 7 80
4 8 63
4 9 69
4 11 2
4 13 20
4 15 8
4 18 81
4 19 30
4 22 10
4 24 88
4 28 15
4 33 16
4 36 7
4 38 13
4 45 85
4 46 57
4 48 2
4 51 91
4 52 54
4 53 12
4 54 66
4 55 94
4 56 10
4 62 56
4 66 82
4 68 81
4 70 17
4 77 30
4 81 53
4 84 36
4 86 13
4 87 39
4 91 6
4 92 73
4 94 49
4 95 76
4 96 1
4 97 50
4 100 40
5 9 25
5 11 2
5 14 6
5 16 36
5 19 46
5 21 49
5 25 55
5 27 31
5 30 7
5 31 28
5 37 55
5 39 35
5 41 80
5 44 46
5 48 6
5 49 79
5 55 54
5 58 82
5 61 94
5 64 7
5 66 34
5 69 81
5 74 60
5 75 20
5 78 57
5 79 86
5 85 78
5 86 90
5 88 77
5 89 84
5 94 80
5 97 85
5 98 100
6 9 18
6 10 23
6 17 69
6 22 67
6 23 63
6 24 91
6 27 59
6 28 51
6 29 94
6 30 43
6 31 9
6 32 46
6 34 81
6 37 72
6 38 1
6 39 83
6 44 100
6 46 62
6 50 82
6 52 43
6 56 82
6 57 18
6 58 36
6 61 26
6 62 78
6 64 40
6 65 61
6 66 15
6 75 28
6 76 6
6 80 42
6 82 85
6 86 21
6 89 31
6 90 71
6 92 69
6 93 58
6 95 6
7 9 12
7 13 47
7 15 95
7 23 28
7 26 4
7 27 52
7 31 84
7 36 15
7 38 36
7 39 43
7 41 28
7 42 57
7 44 26
7 46 50
7 50 98
7 51 1
7 52 59
7 54 16
7 64 80
7 65 100
7 68 59
7 69 99
7 70 63
7 71 39
7 75 21
7 77 39
7 79 20
7 80 96
7 84 13
7 86 98
7 87 18
7 88 11
7 90 17
7 91 89
7 92 87
7 93 61
7 94 22
7 96 86
8 11 13
8 14 51
8 17 10
8 18 78
8 20 75
8 21 60
8 22 35
8 24 26
8 25 2
8 26 77
8 28 77
8 31 11
8 33 24
8 36 77
8 40 6
8 41 60
8 46 39
8 51 20
8 55 79
8 60 59
8 61 89
8 62 23
8 66 56
8 69 80
8 71 91
8 73 47
8 74 22
8 77 93
8 87 49
8 90 13
8 95 27
8 99 98
9 10 1
9 13 1
9 14 58
9 16 42
9 21 49
9 22 68
9 26 54
9 27 83
9 28 15
9 29 61
9 33 12
9 35 53
9 45 15
9 46 43
9 48 72
9 50 12
9 51 81
9 55 80
9 56 99
9 61 22
9 68 80
9 69 81
9 72 40
9 80 12
9 83 48
9 86 21
9 89 95
9 91 76
9 93 40
9 98 59
9 99 96
10 18 19
10 24 93
10 29 44
10 30 82
10 32 7
10 35 75
10 38 44
10 40 85
10 44 32
10 46 83
10 49 74
10 52 73
10 54 68
10 55 90
10 58 6
10 60 100
10 61 79
10 62 45
10 64 41
10 68 48
10 71 20
10 73 1
10 77 13
10 79 54
10 80 1
10 81 31
10 85 54
10 87 31
10 88 92
10 90 4
10 91 20
10 92 14
10 94 91
10 95 37
10 96 22
10 98 100
11 12 1
11 16 40
11 21 36
11 25 21
11 28 8
11 29 15
11 37 88
11 38 83
11 40 72
11 42 57
11 44 64
11 45 10
11 47 47
11 49 64
11 50 28
11 52 69
11 53 51
11 54 45
11 56 81
11 58 97
11 60 44
11 62 29
11 63 49
11 65 29
11 67 78
11 69 40
11 71 73
11 72 73
11 73 64
11 74 17
11 75 39
11 82 58
11 85 10
11 90 82
11 94 45
11 96 35
11 97 15
11 100 29
12 15 18
12 17 42
12 18 90
12 19 17
12 23 67
12 24 18
12 29 47
12 31 54
12 32 58
12 33 78
12 34 35
12 35 48
12 37 28
12 38 50
12 40 35
12 42 10
12 43 27
12 45 69
12 46 87
12 47 70
12 48 72
12 49 7
12 50 94
12 52 12
12 53 96
12 54 2
12 58 34
12 60 2
12 63 50
12 64 70
12 65 38
12 66 100
12 70 53
12 72 18
12 74 60
12 75 72
12 76 46
12 79 71
12 81 50
12 83 17
12 84 29
12 88 52
12 89 26
12 97 19
13 15 8
13 22 91
13 24 92
13 25 94
13 31 68
13 34 82
13 35 33
13 36 60
13 37 32
13 38 4
13 41 10
13 45 3
13 51 36
13 55 15
13 58 35
13 60 8
13 61 38
13 63 96
13 65 25
13 72 6
13 75 45
13 76 63
13 78 19
13 79 36
13 83 88
13 84 44
13 85 40
13 86 58
13 87 37
13 88 8
13 93 12
13 94 52
13 96 87
13 97 82
14 16 64
14 17 91
14 18 39
14 21 82
14 23 61
14 26 96
14 27 10
14 32 47
14 35 75
14 37 67
14 45 88
14 47 68
14 50 51
14 55 42
14 57 92
14 58 63
14 59 96
14 61 4
14 64 95
14 66 74
14 69 43
14 74 20
14 76 58
14 77 31
14 78 44
14 81 33
14 84 31
14 86 99
14 87 17
14 89 45
14 92 4
14 93 14
14 97 42
14 99 70
15 16 82
15 17 80
15 20 18
15 27 5
15 28 32
15 34 42
15 39 100
15 40 86
15 41 60
15 43 62
15 47 33
15 49 86
15 50 52
15 53 74
15 54 33
15 55 63
15 56 10
15 60 97
15 62 68
15 66 63
15 69 13
15 70 29
15 71 9
15 74 83
15 77 59
15 79 62
15 81 93
15 82 41
15 87 89
15 90 67
15 91 7
15 92 59
15 93 55
15 98 6
15 99 70
16 17 40
16 18 7
16 19 28
16 24 41
16 30 58
16 38 62
16 40 76
16 44 57
16 45 45
16 47 75
16 50 86
16 57 23
16 58 47
16 68 53
16 69 26
16 71 49
16 73 94
16 74 21
16 78 42
16 80 64
16 82 70
16 85 56
16 86 64
16 87 21
16 90 31
16 91 18
16 97 40
16 98 27
17 18 63
17 19 17
17 21 79
17 22 75
17 26 59
17 30 24
17 32 25
17 33 55
17 34 9
17 35 52
17 37 67
17 39 19
17 42 6
17 43 25
17 45 90
17 46 30
17 47 96
17 48 15
17 52 35
17 57 52
17 59 58
17 62 48
17 65 74
17 68 74
17 69 75
17 75 61
17 77 13
17 78 16
17 80 76
17 81 26
17 85 30
17 90 83
17 96 46
17 98 58
17 100 28
18 19 22
18 20 22
18 24 40
18 25 6
18 26 38
18 33 58
18 34 15
18 35 91
18 38 86
18 42 95
18 43 68
18 53 70
18 55 9
18 56 54
18 57 14
18 58 17
18 61 55
18 63 18
18 64 57
18 65 50
18 67 85
18 71 7
18 75 85
18 85 6
18 87 89
18 89 39
18 95 65
18 96 3
18 97 6
19 27 32
19 29 34
19 30 1
19 40 100
19 42 33
19 43 82
19 46 79
19 48 41
19 51 57
19 53 85
19 54 5
19 56 62
19 57 20
19 62 57
19 65 92
19 66 72
19 68 90
19 71 88
19 72 48
19 77 30
19 79 9
19 81 61
19 83 48
19 86 26
19 88 7
19 89 96
19 90 20
19 94 43
19 97 14
19 100 35
20 28 48
20 29 63
20 32 84
20 33 38
20 35 9
20 41 90
20 43 87
20 50 39
20 51 83
20 55 50
20 56 98
20 57 81
20 62 20
20 63 37
20 64 45
20 70 15
20 74 65
20 76 49
20 79 74
20 80 63
20 83 79
20 86 70
20 87 21
20 88 16
20 90 78
20 95 94
20 96 40
20 97 96
20 98 56
20 99 87
21 22 84
21 23 13
21 29 43
21 30 34
21 31 11
21 32 32
21 35 10
21 36 85
21 38 31
21 39 38
21 41 63
21 43 12
21 46 75
21 47 23
21 49 66
21 51 83
21 52 78
21 53 49
21 57 66
21 60 80
21 62 41
21 64 12
21 70 12
21 74 94
21 76 20
21 81 94
21 87 77
21 88 69
21 90 47
21 92 89
21 98 44
21 99 63
22 23 22
22 26 58
22 29 67
22 31 25
22 33 51
22 35 34
22 37 61
22 39 80
22 44 32
22 46 39
22 49 86
22 51 24
22 52 34
22 53 84
22 55 76
22 56 69
22 58 100
22 59 86
22 62 22
22 66 85
22 67 91
22 72 17
22 75 98
22 76 97
22 77 93
22 79 73
22 83 53
22 84 17
22 85 98
22 86 63
22 90 47
22 93 46
22 96 82
22 100 40
23 27 10
23 28 96
23 29 57
23 31 87
23 33 67
23 34 70
23 38 32
23 42 78
23 44 12
23 46 33
23 50 41
23 51 52
23 62 64
23 65 71
23 66 25
23 68 30
23 70 6
23 71 97
23 73 4
23 75 27
23 78 31
23 79 61
23 80 97
23 81 55
23 84 39
23 85 22
23 87 90
23 89 42
23 90 44
23 91 62
23 93 38
23 94 99
23 96 40
23 97 62
23 100 46
24 28 1
24 31 22
24 36 69
24 37 99
24 38 98
24 40 95
24 42 93
24 44 36
24 45 99
24 46 93
24 48 50
24 56 88
24 59 69
24 60 76
24 61 52
24 64 86
24 65 84
24 68 49
24 70 46
24 71 66
24 74 60
24 76 41
24 78 70
24 80 13
24 82 52
24 83 98
24 88 17
24 91 16
24 94 61
24 96 72
24 97 88
24 98 74
25 29 15
25 30 9
25 31 8
25 32 15
25 35 51
25 36 74
25 37 17
25 42 38
25 47 24
25 50 68
25 51 25
25 52 85
25 54 34
25 56 46
25 59 73
25 60 58
25 61 61
25 62 14
25 65 41
25 68 16
25 70 67
25 71 48
25 73 43
25 76 2
25 77 69
25 78 49
25 83 81
25 86 96
25 87 23
25 89 43
25 91 23
25 98 85
25 100 47
26 27 36
26 29 30
26 34 61
26 39 26
26 41 12
26 43 25
26 45 96
26 46 79
26 54 29
26 56 28
26 60 59
26 61 17
26 64 15
26 66 63
26 70 4
26 75 12
26 76 89
26 78 29
26 79 70
26 80 13
26 86 45
26 87 97
26 88 93
26 89 16
26 92 89
26 93 30
26 94 70
26 95 11
26 96 66
26 99 15
27 28 84
27 30 50
27 31 86
27 32 5
27 37 1
27 38 22
27 39 56
27 42 23
27 44 66
27 46 94
27 50 84
27 51 90
27 54 90
27 55 88
27 56 47
27 58 36
27 65 32
27 67 32
27 68 97
27 70 3
27 72 42
27 74 73
27 75 6
27 82 45
27 83 40
27 84 17
27 86 95
27 89 54
27 90 19
27 91 26
27 92 28
27 96 49
27 97 77
27 99 54
27 100 72
28 29 51
28 32 64
28 36 72
28 37 23
28 38 89
28 41 69
28 45 26
28 48 55
28 49 97
28 54 95
28 56 45
28 64 33
28 66 27
28 69 17
28 71 4
28 73 36
28 76 17
28 79 59
28 80 73
28 84 60
28 85 99
28 87 98
28 96 91
28 98 13
29 31 59
29 34 47
29 39 76
29 41 80
29 42 44
29 44 34
29 45 88
29 50 36
29 54 2
29 57 74
29 58 32
29 60 91
29 65 99
29 67 39
29 70 100
29 71 8
29 72 11
29 74 64
29 80 73
29 85 25
29 89 29
29 90 16
29 93 25
29 96 90
29 97 9
29 99 51
30 31 20
30 34 70
30 35 51
30 44 86
30 45 13
30 48 97
30 52 36
30 58 19
30 59 90
30 60 97
30 62 68
30 63 14
30 64 19
30 66 73
30 72 36
30 79 27
30 80 36
30 81 97
30 83 26
30 86 72
30 87 94
30 88 94
30 90 52
30 91 80
30 94 11
30 100 20
31 32 56
31 34 7
31 38 22
31 40 94
31 45 13
31 46 75
31 47 16
31 49 3
31 54 30
31 60 65
31 64 64
31 68 5
31 69 73
31 78 28
31 79 100
31 82 48
31 83 37
31 87 45
31 88 27
31 90 74
31 94 47
31 99 19
32 36 41
32 38 11
32 40 92
32 42 58
32 46 95
32 47 17
32 48 34
32 49 32
32 55 35
32 59 78
32 60 5
32 61 42
32 63 36
32 64 62
32 65 38
32 67 54
32 70 18
32 71 47
32 76 53
32 80 35
32 83 45
32 84 54
32 86 74
32 88 68
32 89 39
32 90 44
32 95 57
32 100 8
33 35 1
33 36 79
33 37 90
33 38 43
33 39 51
33 41 40
33 42 67
33 43 66
33 47 20
33 48 91
33 50 22
33 51 52
33 53 43
33 54 79
33 55 8
33 56 13
33 58 86
33 61 34
33 63 98
33 65 48
33 69 57
33 73 22
33 74 95
33 76 93
33 77 17
33 80 51
33 82 14
33 85 16
33 86 87
33 92 56
33 96 22
33 97 48
33 99 67
34 37 20
34 38 53
34 41 89
34 43 30
34 45 81
34 51 11
34 53 58
34 57 2
34 61 35
34 62 90
34 65 54
34 67 14
34 70 22
34 71 85
34 73 96
34 76 100
34 77 82
34 80 13
34 84 33
34 86 35
34 88 44
34 89 79
34 96 58
34 97 12
34 100 6
35 37 84
35 38 75
35 39 83
35 43 51
35 44 37
35 47 11
35 49 79
35 50 66
35 57 80
35 59 22
35 60 42
35 61 87
35 63 92
35 65 74
35 75 80
35 77 99
35 79 19
35 80 79
35 81 73
35 87 51
35 88 22
35 90 40
35 91 49
35 92 93
35 94 97
35 97 23
35 99 79
35 100 56
36 39 66
36 40 68
36 43 34
36 50 73
36 51 55
36 55 87
36 63 52
36 65 18
36 66 55
36 67 30
36 69 87
36 70 18
36 71 92
36 77 24
36 78 54
36 80 89
36 81 24
36 86 16
36 91 41
36 94 11
36 96 93
36 97 13
36 98 13
36 99 66
36 100 18
37 39 66
37 42 5
37 45 49
37 51 71
37 58 13
37 60 2
37 63 23
37 67 99
37 71 92
37 77 1
37 81 85
37 86 90
37 87 83
37 89 21
37 91 52
37 94 17
37 96 5
37 97 18
38 40 43
38 42 33
38 43 30
38 46 98
38 47 2
38 51 12
38 53 44
38 54 83
38 58 55
38 59 35
38 61 79
38 64 33
38 66 70
38 67 64
38 71 86
38 72 50
38 73 27
38 75 55
38 78 29
38 87 85
38 88 92
38 89 60
38 90 85
38 91 1
38 93 3
38 94 80
38 95 73
38 97 81
38 98 77
38 99 74
38 100 51
39 41 89
39 43 19
39 44 50
39 48 12
39 49 38
39 51 23
39 52 16
39 53 88
39 57 35
39 58 91
39 60 2
39 61 70
39 64 87
39 66 3
39 67 57
39 73 15
39 75 20
39 78 31
39 80 46
39 84 24
39 85 49
39 93 100
39 94 60
40 52 46
40 53 43
40 54 6
40 55 94
40 56 1
40 57 8
40 58 32
40 60 63
40 62 69
40 63 31
40 64 99
40 65 76
40 67 5
40 70 98
40 77 46
40 79 25
40 81 6
40 83 4
40 92 89
40 93 39
40 95 51
40 98 8
41 43 53
41 44 5
41 45 94
41 46 53
41 48 29
41 49 57
41 57 3
41 62 23
41 63 70
41 64 9
41 68 51
41 69 33
41 72 58
41 73 16
41 75 10
41 76 40
41 77 26
41 78 51
41 80 59
41 81 34
41 82 45
41 83 100
41 84 50
41 85 72
41 87 17
41 89 9
41 96 68
41 97 34
41 98 90
42 43 41
42 45 21
42 46 64
42 49 42
42 51 4
42 52 92
42 53 7
42 54 47
42 55 59
42 58 82
42 62 29
42 64 41
42 67 51
42 68 48
42 69 95
42 70 38
42 71 98
42 76 52
42 79 61
42 80 22
42 83 35
42 84 45
42 85 89
42 89 31
42 90 43
42 95 16
42 100 52
43 45 32
43 49 24
43 55 8
43 56 89
43 57 51
43 62 32
43 63 76
43 65 3
43 72 48
43 73 29
43 75 74
43 77 83
43 78 38
43 79 52
43 82 29
43 83 42
43 89 11
43 91 32
43 93 33
43 96 71
43 97 25
43 98 84
44 45 64
44 47 56
44 51 61
44 52 100
44 54 68
44 55 92
44 56 84
44 57 16
44 60 45
44 61 77
44 62 14
44 65 74
44 66 61
44 70 15
44 74 57
44 76 81
44 77 62
44 78 80
44 79 96
44 81 67
44 82 20
44 85 31
44 87 1
44 88 91
44 94 7
44 97 27
44 99 56
44 100 97
45 47 4
45 49 66
45 57 8
45 58 41
45 59 46
45 61 55
45 63 31
45 65 72
45 66 31
45 68 37
45 70 32
45 71 23
45 72 69
45 73 87
45 76 77
45 77 96
45 78 72
45 79 3
45 80 81
45 87 19
45 88 22
45 91 13
45 92 60
45 93 52
45 94 80
45 95 32
45 96 38
45 97 55
45 100 8
46 49 58
46 51 91
46 52 52
46 57 55
46 60 38
46 64 25
46 65 51
46 67 63
46 68 92
46 74 67
46 76 50
46 77 80
46 78 82
46 80 21
46 90 94
46 92 4
46 95 9
46 98 92
47 50 10
47 51 95
47 52 92
47 54 91
47 56 96
47 61 9
47 64 84
47 65 42
47 69 71
47 73 15
47 76 81
47 77 61
47 83 24
47 89 91
47 90 18
47 93 27
47 95 55
47 98 20
48 50 55
48 52 13
48 55 70
48 59 71
48 61 60
48 68 56
48 69 96
48 70 70
48 73 68
48 74 92
48 75 1
48 77 36
48 80 34
48 81 6
48 84 17
48 89 8
48 91 56
48 92 5
48 93 98
48 94 14
48 98 54
48 99 20
48 100 87
49 50 12
49 53 19
49 56 70
49 58 40
49 59 36
49 62 22
49 63 50
49 65 34
49 68 99
49 69 53
49 72 96
49 76 78
49 78 33
49 80 66
49 81 40
49 82 63
49 83 1
49 87 3
49 89 24
49 93 66
49 94 42
49 97 19
49 99 12
49 100 90
50 52 15
50 53 10
50 56 68
50 58 1
50 60 9
50 64 5
50 65 36
50 69 68
50 70 66
50 72 32
50 76 4
50 79 96
50 89 64
50 90 38
50 91 11
50 93 79
50 98 12
50 99 73
51 54 77
51 61 26
51 63 15
51 71 15
51 73 47
51 76 80
51 78 36
51 80 57
51 82 30
51 86 32
51 87 65
51 93 11
51 95 68
51 97 34
51 98 43
52 59 56
52 60 16
52 63 50
52 64 52
52 71 73
52 74 76
52 75 63
52 80 9
52 81 7
52 83 93
52 84 93
52 85 85
52 86 65
52 89 76
52 90 84
52 91 68
52 92 87
52 96 97
52 98 27
52 99 55
53 59 57
53 60 94
53 61 74
53 62 82
53 63 65
53 64 20
53 65 99
53 67 9
53 79 57
53 81 52
53 85 5
53 86 45
53 87 59
53 89 59
53 91 20
53 92 70
53 96 22
53 97 74
54 60 77
54 61 96
54 63 53
54 64 55
54 68 26
54 69 29
54 74 62
54 75 26
54 82 91
54 84 46
54 85 69
54 88 98
54 92 12
54 94 41
54 95 59
54 96 24
54 97 97
54 100 50
55 58 99
55 59 14
55 67 29
55 68 59
55 72 84
55 74 83
55 76 6
55 78 3
55 79 96
55 80 11
55 81 67
55 85 61
55 86 100
55 92 9
55 94 64
55 95 37
55 98 1
56 57 53
56 59 92
56 62 15
56 64 65
56 67 66
56 68 44
56 71 98
56 73 42
56 75 5
56 77 63
56 79 48
56 83 69
56 85 28
56 87 59
56 90 58
56 91 63
56 93 34
56 94 83
56 95 90
56 96 19
56 99 19
57 60 49
57 62 47
57 67 12
57 69 22
57 73 81
57 75 14
57 76 89
57 78 59
57 82 54
57 88 52
57 94 64
57 97 49
57 99 86
58 60 19
58 61 40
58 62 99
58 66 37
58 69 50
58 72 44
58 74 25
58 75 47
58 78 87
58 79 82
58 80 71
58 84 81
58 85 13
58 88 12
58 94 83
58 96 47
59 65 86
59 67 77
59 69 59
59 71 78
59 73 14
59 75 83
59 77 61
59 78 67
59 79 21
59 81 2
59 83 62
59 86 29
59 88 81
59 89 88
59 90 78
59 93 85
59 95 35
59 96 83
59 99 17
59 100 44
60 64 94
60 66 33
60 69 68
60 70 8
60 74 19
60 75 4
60 77 28
60 78 65
60 86 89
60 88 40
60 96 12
60 98 40
60 99 90
61 62 47
61 63 50
61 65 6
61 66 32
61 68 46
61 70 78
61 71 49
61 87 44
61 88 65
61 89 81
61 92 25
61 98 1
61 100 58
62 63 29
62 64 3
62 66 33
62 68 84
62 70 92
62 76 37
62 80 36
62 81 57
62 87 45
62 88 51
62 92 83
62 93 17
62 94 62
62 97 3
62 98 68
62 100 58
63 64 91
63 67 80
63 68 34
63 78 81
63 80 24
63 82 33
63 83 63
63 84 58
63 85 39
63 91 84
63 92 1
63 93 47
63 94 31
63 95 49
63 96 77
63 97 15
63 99 33
63 100 21
64 66 81
64 68 53
64 71 68
64 74 96
64 78 13
64 80 6
64 82 69
64 83 93
64 85 32
64 86 10
64 87 8
64 88 93
64 91 29
64 93 96
64 94 59
64 95 35
64 97 26
64 98 53
64 99 31
65 67 14
65 68 83
65 70 88
65 75 30
65 76 2
65 77 69
65 79 39
65 85 71
65 88 37
65 90 76
65 92 11
65 95 13
65 98 30
65 100 30
66 68 41
66 72 12
66 75 84
66 78 87
66 84 23
66 86 65
66 90 65
66 92 31
66 93 3
66 95 54
66 99 10
67 71 22
67 73 6
67 74 73
67 75 21
67 76 15
67 79 44
67 82 81
67 84 58
67 85 40
67 86 100
67 88 79
67 92 86
67 98 63
67 99 53
67 100 74
68 69 56
68 70 28
68 73 1
68 75 67
68 76 57
68 77 64
68 79 12
68 82 89
68 83 35
68 98 68
68 100 19
69 70 70
69 71 32
69 74 7
69 76 44
69 78 72
69 79 32
69 80 11
69 83 4
69 84 8
69 87 38
69 95 36
69 97 86
69 98 38
70 72 32
70 79 35
70 82 3
70 83 64
70 87 56
70 88 77
70 96 80
70 99 90
70 100 57
71 73 25
71 75 33
71 77 88
71 80 25
71 83 71
71 84 58
71 85 68
71 86 20
71 88 68
71 90 91
71 93 12
71 94 43
71 95 72
71 99 22
71 100 3
72 77 13
72 78 35
72 79 75
72 81 31
72 83 96
72 85 51
72 86 7
72 87 83
72 92 21
72 96 100
72 97 9
72 100 51
73 74 47
73 77 84
73 78 80
73 79 68
73 82 97
73 88 2
73 89 20
73 93 16
73 96 35
73 98 7
74 82 74
74 88 69
74 89 3
74 90 40
74 91 41
74 92 99
74 93 24
74 95 99
74 96 67
74 98 99
74 100 99
75 76 50
75 82 99
75 89 6
75 91 53
75 97 38
75 98 11
75 99 96
76 77 70
76 78 63
76 83 44
76 84 99
76 86 11
76 88 88
76 89 17
76 97 75
76 99 91
77 79 18
77 83 74
77 84 33
77 87 33
77 88 69
77 89 37
77 90 31
77 92 69
77 93 40
77 95 6
77 96 39
77 98 40
77 99 1
77 100 13
78 80 92
78 81 90
78 82 22
78 88 36
78 93 54
78 94 1
78 95 89
78 96 65
78 97 35
78 98 57
79 81 37
79 84 92
79 85 29
79 88 26
79 89 51
79 91 3
79 93 7
79 95 33
79 96 9
79 100 28
80 83 64
80 85 20
80 86 95
80 87 26
80 91 100
80 92 45
80 96 79
80 97 99
81 85 18
81 87 81
81 89 100
81 90 40
81 91 86
81 94 47
81 95 78
81 97 33
81 98 14
81 99 59
82 83 38
82 84 67
82 94 73
82 95 72
82 98 21
83 91 65
83 94 34
83 97 52
83 98 2
84 86 60
84 88 93
84 89 16
84 91 7
84 92 23
84 95 60
84 97 69
84 99 80
84 100 12
85 90 56
85 91 34
85 96 72
85 97 63
85 100 79
86 89 57
86 91 71
86 93 23
86 98 36
86 99 33
86 100 17
87 96 59
87 99 57
88 94 62
88 97 81
88 98 1
89 92 66
89 94 59
89 96 36
89 98 22
89 99 90
90 100 69
91 93 8
91 94 45
91 96 11
91 97 22
91 99 34
92 96 20
92 98 53
93 95 14
93 96 72
93 98 94
94 99 49
95 97 4
95 99 3
95 100 98
96 98 91
97 98 53
97 99 95
1 3 58
1 6 46
1 8 79
1 10 28
1 12 84
1 13 73
1 14 12
1 15 67
1 16 76
1 21 80
1 24 4
1 25 4
1 27 74
1 30 36
1 34 68
1 35 53
1 42 12
1 51 44
1 52 10
1 53 52
1 57 73
1 60 69
1 63 77
1 67 63
1 69 54
1 71 50
1 74 17
1 81 46
1 82 84
1 84 23
1 85 60
1 87 22
1 88 25
1 89 49
1 91 97
1 93 3
1 98 52
1 99 46
2 4 5
2 6 28
2 10 71
2 11 91
2 12 39
2 13 16
2 17 68
2 18 40
2 19 86
2 20 42
2 23 97
2 25 23
2 28 5
2 30 67
2 39 9
2 42 44
2 43 85
2 45 86
2 46 63
2 47 37
2 48 92
2 50 49
2 55 64
2 62 91
2 63 67
2 68 82
2 72 18
2 75 97
2 79 51
2 80 6
2 82 10
2 84 71
2 85 80
2 90 20
2 92 38
2 94 30
2 96 17
2 99 26
3 6 38
3 8 79
3 10 63
3 15 20
3 19 1
3 20 73
3 22 34
3 26 88
3 30 56
3 31 71
3 32 89
3 33 46
3 37 65
3 39 91
3 44 30
3 45 13
3 53 61
3 55 46
3 57 4
3 63 6
3 64 100
3 65 57
3 70 56
3 72 88
3 73 88
3 74 90
3 77 14
3 83 61
3 85 91
3 87 2
3 89 41
3 90 32
3 91 22
3 92 30
3 94 97
3 95 5
3 97 71
3 98 2
3 99 88
4 5 58
4 6 20
4 9 50
4 13 97
4 14 42
4 15 93
4 17 15
4 22 16
4 25 64
4 26 34
4 29 6
4 32 47
4 40 80
4 42 42
4 46 66
4 53 79
4 54 11
4 57 63
4 61 25
4 62 18
4 64 91
4 65 99
4 68 27
4 69 50
4 71 47
4 73 39
4 76 26
4 78 50
4 83 47
4 88 47
4 89 24
4 92 63
4 98 23
4 99 100
5 7 83
5 9 73
5 10 29
5 11 84
5 12 17
5 13 66
5 17 59
5 23 21
5 24 25
5 26 63
5 27 39
5 29 50
5 31 96
5 34 43
5 38 48
5 39 19
5 43 82
5 44 32
5 46 100
5 47 55
5 51 40
5 52 23
5 54 11
5 56 55
5 58 88
5 59 71
5 62 91
5 63 18
5 64 87
5 65 26
5 66 45
5 68 66
5 69 83
5 73 96
5 74 82
5 81 70
5 85 42
5 87 67
5 92 90
5 97 59
5 98 96
6 7 85
6 10 59
6 11 95
6 12 57
6 14 10
6 15 34
6 17 6
6 18 4
6 19 57
6 23 16
6 25 94
6 27 36
6 30 33
6 33 95
6 38 63
6 42 67
6 43 91
6 45 24
6 47 52
6 48 55
6 49 57
6 51 41
6 54 28
6 56 45
6 57 13
6 58 95
6 60 46
6 61 94
6 64 11
6 66 16
6 72 58
6 75 47
6 83 57
6 84 34
6 86 82
6 87 70
6 88 96
6 93 32
6 96 61
6 100 29
7 8 54
7 9 26
7 12 35
7 14 33
7 20 51
7 21 79
7 22 22
7 23 12
7 24 24
7 25 97
7 28 81
7 30 29
7 33 44
7 37 79
7 39 99
7 40 16
7 44 95
7 45 25
7 47 24
7 50 88
7 51 14
7 56 19
7 61 59
7 65 69
7 66 56
7 69 69
7 70 54
7 71 27
7 74 49
7 75 29
7 80 13
7 81 31
7 82 28
7 84 32
7 86 74
7 87 92
7 90 55
7 91 46
7 92 10
7 97 67
7 99 54
7 100 33
8 14 68
8 15 17
8 16 90
8 17 43
8 19 28
8 20 56
8 21 98
8 22 82
8 24 91
8 27 64
8 30 91
8 32 55
8 33 50
8 34 15
8 38 35
8 43 38
8 44 85
8 45 36
8 48 84
8 49 40
8 53 81
8 54 14
8 56 20
8 67 93
8 69 13
8 70 88
8 74 23
8 75 96
8 77 85
8 78 1
8 80 12
8 85 96
8 88 9
8 91 38
8 99 92
9 11 55
9 12 78
9 13 11
9 14 96
9 18 69
9 20 73
9 23 40
9 24 29
9 25 18
9 27 66
9 29 87
9 30 3
9 34 33
9 35 97
9 36 99
9 38 35
9 43 12
9 45 38
9 46 73
9 47 40
9 48 2
9 51 57
9 54 1
9 55 76
9 57 18
9 58 42
9 59 22
9 61 57
9 67 86
9 69 42
9 71 72
9 78 20
9 80 98
9 82 79
9 83 71
9 84 26
9 86 73
9 88 99
9 90 7
9 91 10
9 93 84
9 94 67
9 100 17
10 11 100
10 12 56
10 17 36
10 18 71
10 21 45
10 28 91
10 29 54
10 30 32
10 31 44
10 32 72
10 38 74
10 42 34
10 44 18
10 46 68
10 48 82
10 54 74
10 56 22
10 58 37
10 62 16
10 64 51
10 65 85
10 69 44
10 72 37
10 76 91
10 77 77
10 78 54
10 80 67
10 85 25
10 86 27
10 88 21
10 95 60
10 96 39
11 12 24
11 16 23
11 19 84
11 20 100
11 29 9
11 31 53
11 32 40
11 35 9
11 37 79
11 39 19
11 42 85
11 43 44
11 47 49
11 48 77
11 49 34
11 52 48
11 54 73
11 57 41
11 58 20
11 59 49
11 60 10
11 65 24
11 68 50
11 69 45
11 70 89
11 78 97
11 80 66
11 82 32
11 85 21
11 87 79
11 91 66
11 92 31
11 93 38
11 94 46
11 95 6
11 96 14
12 14 39
12 16 13
12 18 52
12 21 92
12 22 95
12 23 1
12 25 20
12 27 53
12 32 75
12 39 85
12 41 50
12 42 30
12 43 89
12 46 35
12 47 97
12 48 16
12 52 82
12 53 13
12 55 90
12 57 7
12 58 81
12 60 52
12 71 20
12 74 35
12 78 57
12 79 9
12 83 75
12 88 14
12 89 72
12 99 10
13 15 9
13 17 56
13 19 73
13 20 15
13 21 84
13 22 75
13 23 7
13 31 56
13 32 51
13 33 100
13 36 84
13 37 98
13 39 41
13 40 51
13 41 55
13 43 57
13 44 46
13 46 49
13 48 49
13 50 59
13 52 82
13 60 91
13 61 69
13 66 46
13 70 53
13 73 8
13 74 78
13 75 37
13 77 19
13 80 77
13 82 41
13 84 12
13 85 5
13 86 73
13 88 18
13 89 4
13 90 1
13 93 65
13 94 56
13 95 99
13 96 73
14 16 58
14 19 85
14 23 32
14 24 96
14 27 45
14 28 91
14 29 75
14 31 32
14 34 52
14 36 16
14 42 44
14 44 46
14 46 31
14 48 99
14 49 15
14 51 57
14 52 4
14 54 60
14 55 37
14 56 28
14 57 54
14 58 23
14 60 82
14 65 70
14 66 4
14 68 80
14 69 5
14 75 96
14 76 66
14 77 17
14 81 31
14 84 73
14 89 63
14 93 78
14 94 33
14 95 16
14 98 47
15 18 90
15 19 68
15 20 48
15 21 57
15 22 7
15 23 51
15 28 45
15 29 97
15 31 49
15 33 59
15 34 17
15 35 77
15 36 26
15 38 49
15 39 1
15 43 13
15 45 80
15 46 91
15 48 46
15 50 37
15 53 86
15 58 5
15 60 6
15 62 11
15 63 51
15 66 53
15 71 85
15 74 91
15 76 67
15 77 30
15 85 28
15 88 63
15 89 2
15 90 55
15 92 7
15 93 81
15 94 17
15 96 37
15 100 61
16 17 34
16 19 12
16 22 4
16 23 25
16 24 62
16 26 46
16 28 57
16 33 83
16 34 24
16 35 73
16 39 64
16 40 78
16 44 47
16 45 30
16 46 44
16 47 46
16 54 83
16 56 91
16 59 49
16 61 81
16 62 9
16 66 4
16 68 15
16 69 70
16 72 48
16 74 38
16 75 47
16 77 63
16 78 41
16 80 100
16 85 8
16 86 28
16 88 96
16 91 27
16 93 98
16 95 96
16 96 84
16 98 43
16 99 52
17 18 54
17 21 84
17 22 50
17 24 91
17 28 97
17 32 62
17 34 63
17 38 84
17 39 44
17 41 57
17 43 25
17 46 88
17 50 47
17 51 85
17 52 51
17 54 49
17 56 88
17 57 76
17 61 13
17 62 58
17 65 23
17 70 42
17 73 98
17 76 28
17 78 88
17 80 81
17 85 31
17 87 41
17 88 38
17 93 57
17 94 57
17 97 39
18 23 69
18 24 10
18 25 77
18 30 80
18 33 14
18 36 57
18 40 17
18 43 20
18 46 65
18 48 73
18 55 8
18 57 93
18 58 33
18 59 72
18 63 87
18 65 7
18 67 68
18 75 13
18 81 32
18 82 98
18 83 72
18 85 9
18 86 11
18 87 72
18 89 39
18 90 35
18 92 45
18 93 27
18 95 60
19 21 83
19 28 36
19 31 83
19 32 53
19 33 37
19 34 52
19 36 64
19 37 10
19 41 67
19 42 75
19 44 84
19 46 18
19 49 38
19 51 18
19 52 50
19 55 3
19 56 80
19 60 66
19 61 26
19 65 51
19 66 29
19 68 3
19 72 29
19 73 65
19 78 89
19 80 58
19 83 92
19 89 51
19 93 15
19 94 70
19 97 89
19 98 59
19 99 31
19 100 58
20 21 90
20 23 58
20 32 49
20 33 27
20 34 77
20 38 56
20 43 77
20 47 60
20 48 47
20 53 78
20 56 89
20 57 68
20 60 67
20 65 37
20 66 62
20 67 33
20 70 24
20 72 71
20 73 25
20 78 8
20 82 96
20 83 50
20 86 87
20 88 42
20 89 64
20 91 19
20 92 19
20 100 28
21 22 14
21 27 14
21 31 81
21 34 76
21 37 2
21 38 29
21 41 47
21 42 14
21 43 9
21 45 58
21 47 58
21 48 89
21 49 56
21 52 38
21 57 98
21 58 54
21 60 3
21 62 60
21 65 79
21 66 16
21 67 76
21 78 68
21 83 41
21 85 73
21 88 41
21 89 57
21 94 16
21 95 49
21 100 54
22 24 37
22 25 56
22 26 66
22 27 10
22 28 39
22 31 93
22 34 27
22 38 72
22 47 37
22 56 72
22 60 12
22 64 40
22 65 98
22 66 17
22 70 78
22 75 24
22 82 66
22 85 68
22 87 26
22 88 11
22 89 71
22 93 75
22 95 98
23 26 68
23 27 31
23 28 75
23 29 94
23 32 89
23 35 83
23 38 54
23 39 92
23 41 31
23 48 88
23 52 82
23 53 98
23 54 3
23 55 8
23 57 78
23 59 100
23 61 27
23 63 5
23 65 38
23 67 17
23 68 80
23 75 2
23 77 9
23 84 50
23 85 49
23 86 85
23 89 61
23 91 26
23 92 54
23 96 55
24 26 66
24 33 60
24 44 82
24 46 29
24 48 15
24 49 97
24 60 99
24 63 79
24 66 65
24 68 3
24 69 60
24 72 8
24 73 47
24 78 92
24 79 42
24 81 85
24 83 77
24 84 23
24 87 88
24 93 5
24 94 3
24 95 49
25 26 73
25 28 76
25 29 51
25 30 100
25 32 40
25 37 53
25 39 56
25 43 78
25 48 14
25 52 53
25 55 47
25 59 48
25 61 44
25 64 31
25 65 76
25 68 60
25 69 41
25 70 85
25 71 71
25 78 40
25 85 10
25 87 56
25 91 58
25 93 2
25 99 5
26 27 20
26 28 30
26 29 60
26 32 21
26 33 7
26 35 22
26 36 18
26 43 74
26 46 36
26 47 16
26 48 55
26 49 71
26 50 4
26 52 32
26 54 60
26 55 26
26 56 61
26 57 7
26 60 35
26 62 62
26 73 93
26 75 94
26 83 6
26 88 98
26 90 66
26 91 23
26 93 61
26 94 89
26 95 23
27 30 50
27 31 77
27 32 45
27 33 1
27 37 72
27 39 7
27 41 24
27 43 47
27 45 44
27 48 24
27 51 84
27 55 70
27 57 83
27 60 51
27 61 3
27 63 83
27 65 88
27 67 51
27 68 15
27 69 97
27 70 53
27 71 88
27 79 85
27 81 98
27 84 2
27 85 36
27 95 41
27 96 27
28 29 6
28 31 76
28 35 78
28 36 60
28 38 39
28 40 97
28 44 1
28 45 15
28 49 17
28 53 25
28 56 62
28 60 25
28 63 83
28 67 79
28 69 7
28 73 54
28 74 72
28 77 87
28 78 88
28 82 91
28 89 85
28 93 69
28 96 45
28 100 24
29 32 82
29 33 5
29 34 19
29 37 54
29 41 66
29 42 30
29 45 31
29 46 12
29 48 5
29 49 7
29 50 77
29 53 12
29 55 39
29 56 1
29 59 30
29 60 4
29 73 38
29 74 68
29 75 69
29 78 30
29 84 87
29 88 37
29 93 8
29 94 66
29 98 65
30 31 44
30 32 42
30 33 68
30 37 8
30 40 44
30 46 74
30 47 8
30 49 90
30 53 62
30 54 95
30 55 62
30 59 86
30 62 42
30 65 23
30 71 90
30 73 33
30 79 3
30 80 60
30 81 18
30 89 86
30 97 99
30 98 34
31 33 86
31 35 73
31 37 34
31 42 36
31 46 72
31 47 12
31 48 12
31 49 8
31 56 71
31 60 9
31 61 22
31 62 26
31 63 18
31 65 84
31 67 36
31 71 42
31 73 87
31 74 71
31 76 95
31 84 79
31 88 91
31 89 5
31 90 43
31 91 75
31 94 54
31 96 16
31 99 61
32 34 82
32 41 41
32 47 70
32 51 77
32 52 37
32 53 13
32 55 56
32 65 96
32 70 43
32 74 46
32 75 62
32 76 93
32 77 72
32 79 81
32 83 78
32 85 61
32 90 70
32 92 85
32 95 84
32 99 3
33 34 44
33 35 75
33 38 4
33 39 32
33 40 34
33 43 65
33 44 18
33 46 55
33 48 54
33 49 89
33 52 98
33 53 85
33 54 79
33 56 11
33 58 42
33 63 24
33 65 34
33 66 12
33 68 62
33 71 19
33 74 92
33 75 87
33 77 40
33 78 12
33 84 2
33 88 74
33 90 48
33 99 52
33 100 100
34 36 90
34 38 64
34 45 2
34 46 79
34 48 55
34 52 91
34 53 5
34 56 6
34 60 89
34 64 2
34 65 47
34 68 28
34 69 48
34 70 18
34 73 71
34 77 51
34 83 76
34 84 43
34 87 56
34 92 35
34 93 55
34 95 67
34 96 39
34 98 70
34 99 57
34 100 69
35 37 60
35 38 72
35 40 30
35 42 27
35 49 31
35 50 93
35 51 92
35 53 71
35 54 12
35 56 29
35 57 76
35 60 99
35 61 60
35 64 8
35 68 32
35 69 89
35 71 62
35 73 58
35 76 66
35 77 71
35 81 55
35 82 68
35 84 27
35 85 96
35 91 42
35 96 22
36 44 36
36 46 80
36 47 47
36 49 56
36 50 5
36 54 31
36 55 38
36 56 59
36 57 91
36 58 71
36 62 45
36 67 20
36 73 73
36 76 7
36 77 81
36 84 2
36 87 76
36 97 65
37 39 55
37 42 56
37 47 89
37 53 36
37 55 68
37 57 3
37 59 53
37 60 53
37 65 63
37 66 49
37 68 94
37 76 67
37 78 77
37 79 18
37 81 70
37 83 27
37 84 9
37 86 15
37 89 85
37 91 45
37 92 48
37 96 75
37 97 51
37 100 21
38 42 73
38 44 71
38 45 2
38 46 3
38 48 44
38 49 50
38 50 8
38 52 92
38 53 72
38 55 84
38 62 81
38 63 55
38 67 49
38 69 50
38 71 6
38 74 65
38 75 40
38 79 85
38 80 71
38 82 98
38 83 30
38 85 3
38 86 89
38 87 11
38 88 77
38 91 17
38 92 36
38 93 15
38 98 62
38 100 21
39 46 42
39 48 44
39 49 11
39 50 44
39 52 51
39 54 11
39 57 26
39 60 65
39 61 21
39 62 18
39 64 79
39 67 85
39 68 28
39 70 39
39 71 1
39 73 90
39 76 87
39 77 18
39 79 94
39 81 16
39 85 24
39 89 35
39 90 14
39 93 77
39 95 1
39 96 68
39 97 88
39 98 76
39 100 81
40 41 12
40 43 71
40 44 95
40 45 39
40 49 92
40 50 43
40 51 60
40 54 26
40 60 37
40 61 40
40 62 86
40 70 39
40 71 58
40 74 84
40 75 75
40 76 60
40 77 33
40 81 31
40 82 3
40 86 42
40 87 74
40 88 69
40 89 97
40 90 95
40 93 51
40 94 24
40 96 57
40 98 45
41 42 61
41 43 51
41 44 62
41 47 57
41 48 96
41 50 18
41 51 60
41 53 90
41 56 44
41 63 78
41 66 85
41 68 4
41 69 3
41 70 4
41 71 70
41 73 1
41 75 98
41 77 66
41 78 47
41 79 63
41 80 90
41 83 66
41 87 17
41 90 25
41 91 98
41 94 28
41 96 35
42 43 94
42 44 91
42 46 49
42 47 53
42 49 23
42 51 83
42 55 53
42 58 26
42 61 15
42 63 63
42 64 67
42 65 22
42 68 57
42 71 22
42 74 6
42 75 96
42 78 25
42 81 73
42 83 74
42 85 29
42 86 63
42 87 30
42 91 58
42 92 93
42 94 62
42 95 93
43 46 27
43 48 34
43 54 13
43 56 25
43 57 8
43 58 100
43 65 11
43 66 58
43 68 91
43 73 64
43 77 62
43 85 61
43 86 84
43 87 96
43 94 64
44 49 95
44 51 37
44 55 70
44 56 71
44 57 43
44 58 36
44 59 26
44 60 81
44 61 59
44 62 86
44 63 2
44 64 79
44 65 100
44 67 73
44 69 100
44 72 98
44 73 86
44 74 7
44 76 33
44 79 43
44 83 57
44 86 68
44 87 79
44 90 27
44 92 56
44 94 64
44 96 20
44 100 50
45 46 60
45 48 66
45 49 16
45 51 54
45 54 32
45 61 4
45 62 92
45 68 51
45 69 13
45 73 9
45 76 83
45 77 63
45 78 11
45 79 34
45 82 33
45 86 73
45 87 5
45 91 79
45 97 15
45 99 61
46 47 11
46 50 19
46 52 29
46 54 2
46 55 66
46 56 10
46 57 11
46 59 27
46 65 6
46 68 52
46 69 7
46 74 15
46 81 99
46 84 56
46 85 10
46 87 30
46 88 57
46 90 8
46 96 80
46 97 56
46 98 63
46 99 73
46 100 50
47 51 37
47 54 76
47 56 9
47 58 71
47 59 94
47 61 19
47 65 30
47 67 59
47 69 22
47 72 74
47 76 79
47 78 29
47 79 64
47 84 55
47 85 57
47 89 46
47 90 40
47 92 24
47 93 46
47 96 50
48 49 39
48 52 21
48 54 6
48 56 53
48 60 39
48 61 77
48 63 73
48 65 96
48 67 63
48 68 27
48 73 26
48 76 97
48 77 77
48 78 14
48 79 23
48 80 6
48 87 84
48 91 78
48 93 24
48 94 42
48 99 58
48 100 77
49 54 96
49 56 99
49 58 21
49 60 64
49 61 42
49 68 41
49 73 37
49 80 9
49 83 90
49 85 62
49 90 19
49 91 51
49 92 94
49 96 78
49 97 33
49 100 38
50 53 72
50 55 67
50 56 86
50 58 18
50 59 10
50 60 17
50 64 18
50 70 66
50 71 55
50 72 58
50 74 30
50 75 25
50 79 8
50 82 92
50 83 23
50 84 61
50 85 21
50 89 64
50 91 77
50 92 61
50 97 64
50 98 83
50 99 25
51 53 98
51 55 40
51 57 34
51 63 84
51 64 100
51 69 60
51 70 2
51 71 85
51 75 56
51 76 63
51 77 29
51 79 27
51 81 82
51 82 90
51 83 17
51 87 73
51 89 24
51 90 16
51 94 58
51 96 12
51 97 65
51 98 88
52 54 75
52 58 13
52 61 4
52 64 62
52 65 10
52 67 90
52 69 17
52 70 52
52 71 92
52 76 76
52 82 11
52 86 43
52 87 50
52 90 87
52 93 67
52 94 66
52 98 90
53 56 39
53 60 75
53 62 44
53 66 15
53 67 43
53 72 41
53 74 44
53 76 100
53 80 84
53 87 13
53 91 90
53 93 29
53 97 29
53 98 73
53 100 2
54 55 67
54 56 79
54 60 21
54 62 37
54 63 61
54 68 4
54 69 31
54 71 97
54 72 82
54 73 30
54 76 62
54 77 43
54 79 30
54 80 6
54 82 47
54 87 94
54 91 50
54 92 16
54 93 94
54 94 57
54 95 31
54 97 39
54 98 49
54 99 5
54 100 38
55 58 86
55 59 12
55 60 11
55 63 17
55 66 97
55 81 11
55 85 12
55 86 5
55 88 19
55 91 38
55 95 15
55 96 5
55 97 85
55 98 88
55 99 90
56 58 50
56 59 42
56 60 44
56 64 61
56 65 89
56 70 73
56 72 58
56 75 71
56 76 44
56 80 55
56 82 18
56 83 94
56 86 8
56 87 97
56 88 68
56 90 60
56 97 99
57 58 96
57 61 50
57 62 33
57 64 27
57 66 44
57 67 27
57 77 86
57 78 67
57 80 33
57 82 71
57 84 2
57 89 26
57 90 79
57 91 78
57 93 55
57 94 31
57 97 37
57 98 31
58 65 98
58 66 4
58 68 2
58 69 39
58 70 50
58 72 32
58 74 78
58 76 13
58 79 84
58 80 70
58 84 28
58 86 58
58 90 5
58 95 66
58 96 34
58 99 98
58 100 32
59 61 91
59 63 23
59 71 38
59 75 87
59 76 37
59 81 8
59 82 66
59 85 5
59 87 67
59 88 70
59 90 9
59 93 10
59 94 56
59 96 95
59 100 34
60 63 60
60 66 15
60 68 27
60 69 74
60 72 89
60 73 45
60 85 35
60 87 50
60 89 1
60 90 30
60 97 1
60 99 52
61 62 68
61 65 65
61 68 17
61 72 12
61 73 4
61 75 53
61 78 61
61 80 26
61 83 50
61 84 40
61 85 32
61 86 62
61 87 24
61 88 69
61 92 87
61 94 89
61 97 84
61 98 27
61 100 34
62 66 24
62 69 49
62 72 10
62 75 23
62 78 81
62 79 17
62 81 59
62 82 72
62 83 40
62 94 18
62 96 48
63 65 94
63 66 80
63 67 34
63 68 74
63 69 96
63 70 16
63 74 89
63 77 27
63 79 79
63 82 65
63 84 23
63 91 20
63 93 58
63 94 82
63 99 87
63 100 79
64 66 7
64 67 66
64 68 24
64 71 16
64 72 71
64 74 87
64 75 36
64 79 49
64 81 45
64 82 1
64 86 50
64 87 88
64 90 94
64 91 92
64 95 77
64 96 1
65 66 44
65 67 47
65 72 69
65 73 41
65 74 23
65 77 36
65 79 69
65 80 56
65 81 95
65 86 20
65 93 33
65 100 64
66 68 15
66 73 89
66 74 46
66 75 18
66 76 54
66 77 31
66 80 43
66 81 2
66 82 64
66 87 36
66 90 24
66 92 21
67 68 38
67 70 77
67 72 23
67 74 1
67 76 89
67 77 48
67 80 34
67 82 74
67 83 32
67 84 88
67 85 57
67 86 21
67 87 89
67 88 42
67 91 63
67 93 7
67 94 32
67 95 90
67 99 20
68 70 32
68 71 31
68 74 98
68 75 74
68 81 92
68 84 95
68 85 68
68 86 70
68 88 47
68 91 14
68 97 70
68 98 44
69 70 60
69 72 27
69 74 53
69 75 32
69 78 1
69 81 87
69 83 20
69 86 1
69 91 58
69 93 67
69 95 90
69 99 64
70 71 43
70 73 76
70 74 69
70 76 69
70 84 34
70 85 33
70 86 22
70 89 42
70 91 10
70 93 39
70 100 13
71 72 89
71 73 52
71 75 22
71 78 78
71 81 89
71 85 29
71 87 26
71 92 38
71 93 1
71 94 78
71 95 52
71 97 47
72 73 96
72 78 76
72 79 57
72 80 36
72 86 46
72 87 89
72 88 48
72 89 98
72 91 31
72 92 14
72 98 17
73 84 16
73 87 4
73 88 25
73 89 55
73 98 48
73 100 38
74 75 18
74 77 56
74 79 33
74 80 14
74 81 51
74 84 4
74 87 84
74 94 53
74 95 16
74 97 23
74 98 44
74 100 94
75 76 14
75 77 91
75 78 57
75 87 65
75 88 79
75 94 81
75 97 49
75 98 82
76 79 20
76 86 84
76 87 28
76 88 67
76 89 41
76 90 97
76 92 2
76 94 4
76 95 12
77 82 36
77 83 67
77 86 59
77 87 56
77 88 73
77 89 68
77 90 21
77 95 89
77 97 40
77 98 84
78 79 37
78 83 24
78 85 52
78 86 71
78 88 7
78 95 15
78 99 1
79 82 87
79 84 44
79 91 55
79 92 60
79 93 29
79 94 94
79 95 91
79 96 57
79 97 73
80 81 15
80 87 67
81 82 14
81 84 30
81 85 23
81 86 52
81 88 1
81 89 33
81 91 79
81 92 98
81 96 82
81 97 16
82 86 63
82 89 35
82 91 87
82 92 81
82 96 33
82 98 9
83 88 100
83 89 44
83 90 2
83 92 54
84 86 87
84 89 24
84 90 88
84 91 40
84 93 76
84 94 49
84 95 79
84 96 47
84 97 73
84 99 44
85 90 66
85 93 48
85 94 78
85 95 6
85 97 79
85 99 84
85 100 72
86 88 41
86 90 52
86 91 16
86 93 97
87 90 27
87 91 53
87 93 38
87 97 15
87 98 7
88 89 50
88 90 2
88 91 66
88 93 58
88 96 96
88 97 5
89 90 65
89 92 81
89 94 83
89 97 81
90 93 9
90 95 37
90 97 60
90 98 12
90 99 76
91 92 82
91 93 87
91 94 42
91 95 19
91 96 86
91 100 56
92 93 18
92 94 51
92 95 73
92 97 55
92 100 66
93 95 50
93 97 96
93 98 30
93 99 22
93 100 31
94 99 72
95 98 78
95 100 49
96 97 8
96 99 6
97 98 66
97 100 85
98 100 94
1 3 10
1 10 99
1 13 50
1 18 4
1 22 65
1 28 62
1 31 63
1 32 90
1 33 77
1 35 92
1 37 88
1 38 71
1 39 21
1 42 87
1 43 16
1 52 27
1 53 57
1 56 53
1 58 56
1 62 83
1 63 33
1 65 25
1 67 42
1 70 62
1 72 68
1 73 50
1 74 48
1 76 58
1 79 11
1 84 23
1 85 75
1 86 14
1 91 27
1 92 18
2 4 26
2 5 74
2 13 3
2 14 31
2 15 15
2 17 14
2 19 72
2 20 51
2 22 77
2 26 84
2 29 40
2 31 28
2 32 95
2 33 48
2 34 1
2 35 45
2 37 13
2 38 82
2 39 53
2 42 1
2 43 89
2 44 88
2 45 44
2 46 34
2 54 2
2 56 51
2 58 75
2 59 80
2 60 58
2 62 81
2 65 100
2 67 37
2 69 94
2 71 70
2 73 87
2 74 22
2 75 70
2 76 63
2 82 26
2 83 6
2 84 36
2 86 2
2 87 81
2 89 67
2 90 35
2 92 39
2 94 62
2 95 3
2 97 95
2 99 8
2 100 80
3 4 69
3 6 20
3 12 19
3 17 78
3 19 17
3 25 50
3 28 37
3 29 95
3 31 86
3 34 8
3 36 26
3 38 51
3 39 33
3 43 68
3 45 86
3 47 28
3 48 1
3 49 2
3 52 83
3 56 56
3 57 63
3 59 12
3 63 22
3 66 21
3 68 61
3 69 49
3 70 10
3 72 34
3 73 48
3 74 4
3 77 83
3 79 77
3 81 37
3 85 4
3 87 60
3 88 30
3 89 28
3 91 82
3 95 5
3 97 81
4 5 32
4 8 44
4 11 70
4 17 58
4 18 63
4 19 92
4 22 70
4 25 21
4 35 12
4 36 14
4 37 56
4 38 36
4 40 71
4 41 24
4 42 95
4 46 43
4 48 86
4 50 33
4 57 1
4 59 20
4 62 96
4 64 11
4 67 70
4 68 43
4 70 62
4 71 6
4 74 94
4 75 62
4 77 14
4 79 54
4 82 97
4 83 87
4 85 66
4 86 23
4 87 13
4 89 51
4 90 66
4 91 31
4 93 36
4 95 80
4 96 36
4 97 8
4 98 72
4 99 86
5 9 55
5 11 95
5 13 89
5 15 64
5 16 12
5 17 66
5 22 63
5 25 44
5 28 34
5 34 4
5 37 58
5 39 29
5 42 62
5 43 99
5 45 25
5 46 46
5 51 18
5 52 26
5 53 69
5 54 96
5 55 81
5 56 37
5 58 13
5 62 37
5 63 100
5 65 63
5 67 96
5 70 72
5 71 47
5 75 33
5 78 30
5 79 75
5 81 99
5 91 22
5 93 62
5 95 42
5 97 54
6 9 96
6 11 64
6 13 40
6 17 83
6 18 83
6 21 87
6 23 17
6 24 56
6 26 100
6 28 39
6 31 17
6 33 11
6 35 45
6 42 97
6 44 59
6 46 9
6 47 6
6 52 99
6 54 49
6 55 98
6 57 68
6 59 29
6 60 73
6 65 38
6 66 53
6 69 23
6 70 61
6 71 52
6 73 14
6 74 81
6 75 86
6 78 22
6 79 55
6 80 61
6 81 56
6 83 69
6 85 88
6 90 17
6 93 90
6 95 37
7 8 28
7 9 41
7 11 44
7 17 90
7 18 35
7 20 15
7 22 94
7 29 80
7 34 37
7 35 99
7 37 71
7 38 17
7 39 55
7 41 4
7 42 52
7 44 25
7 45 11
7 46 50
7 51 64
7 55 76
7 56 8
7 61 92
7 63 91
7 66 84
7 71 68
7 77 77
7 80 90
7 83 98
7 89 4
7 93 10
7 95 87
7 96 95
7 97 66
7 98 73
8 9 13
8 14 57
8 16 17
8 18 69
8 21 82
8 23 79
8 27 54
8 29 86
8 31 40
8 35 26
8 36 39
8 41 78
8 43 48
8 44 34
8 45 65
8 49 58
8 55 51
8 57 9
8 67 67
8 72 89
8 73 95
8 74 71
8 76 86
8 82 44
8 89 100
8 91 48
8 92 89
8 94 18
8 99 14
8 100 48
9 10 27
9 12 56
9 13 60
9 15 78
9 17 50
9 19 41
9 20 67
9 22 82
9 23 46
9 24 14
9 26 6
9 27 100
9 30 43
9 31 24
9 41 20
9 42 6
9 45 94
9 46 45
9 52 51
9 59 71
9 61 3
9 63 34
9 65 93
9 68 18
9 72 89
9 73 79
9 76 70
9 78 18
9 81 41
9 82 28
9 90 77
9 93 90
9 97 47
9 100 88
10 11 12
10 13 78
10 14 59
10 16 45
10 29 57
10 32 19
10 36 96
10 37 57
10 38 57
10 40 7
10 44 61
10 49 39
10 53 98
10 57 94
10 61 7
10 62 60
10 64 54
10 69 27
10 70 16
10 71 11
10 75 25
10 76 58
10 80 94
10 82 25
10 84 62
10 86 91
10 90 59
10 92 41
10 93 41
10 94 40
10 95 70
10 96 38
10 98 89
11 14 48
11 15 1
11 16 24
11 19 15
11 21 38
11 22 19
11 26 75
11 27 23
11 29 89
11 30 1
11 36 72
11 37 72
11 39 50
11 40 70
11 41 13
11 43 5
11 45 84
11 46 69
11 47 35
11 49 62
11 52 78
11 60 54
11 63 95
11 71 51
11 72 32
11 77 19
11 81 94
11 90 36
11 93 86
11 100 6
12 13 52
12 15 97
12 16 79
12 20 22
12 22 58
12 27 92
12 28 11
12 31 55
12 32 54
12 40 10
12 45 16
12 56 11
12 59 46
12 61 91
12 62 68
12 63 33
12 64 97
12 66 79
12 68 3
12 69 69
12 70 89
12 72 38
12 73 74
12 74 81
12 79 25
12 82 55
12 85 20
12 91 52
12 92 38
12 95 94
12 97 78
13 14 30
13 16 7
13 17 25
13 18 22
13 20 43
13 22 83
13 25 84
13 31 16
13 40 30
13 41 67
13 43 64
13 48 45
13 49 50
13 50 33
13 52 75
13 53 64
13 58 47
13 60 98
13 62 50
13 64 82
13 74 24
13 75 81
13 77 85
13 78 100
13 83 12
13 85 27
13 94 32
13 95 82
13 96 96
14 15 66
14 16 76
14 17 37
14 18 71
14 19 59
14 20 10
14 21 31
14 22 42
14 23 17
14 24 52
14 26 41
14 32 82
14 34 57
14 36 20
14 38 2
14 39 38
14 43 93
14 44 35
14 50 80
14 51 17
14 55 17
14 56 10
14 57 40
14 60 34
14 65 36
14 67 85
14 70 97
14 71 9
14 74 38
14 75 46
14 76 82
14 79 94
14 87 26
14 90 54
14 91 10
14 92 99
14 96 71
14 99 35
15 18 41
15 22 57
15 26 21
15 28 27
15 30 8
15 31 53
15 34 66
15 35 25
