100 4456 1
1 3 21
1 5 28
1 10 31
1 12 69
1 20 64
1 24 46
1 26 78
1 27 81
1 30 3
1 33 1
1 34 12
1 39 24
1 40 9
1 41 23
1 42 5
1 43 69
1 47 31
1 49 11
1 51 86
1 53 74
1 58 93
1 63 46
1 71 70
1 76 11
1 77 51
1 79 91
1 80 47
1 82 94
1 85 33
1 88 92
1 89 10
1 97 96
1 99 88
2 5 100
2 6 64
2 9 63
2 10 89
2 15 86
2 17 57
2 19 93
2 23 18
2 25 74
2 27 100
2 39 55
2 40 2
2 41 74
2 43 60
2 47 68
2 49 90
2 51 60
2 53 75
2 56 24
2 57 23
2 59 79
2 60 34
2 61 26
2 63 98
2 69 69
2 70 81
2 74 96
2 77 1
2 78 75
2 80 78
2 81 99
2 82 1
2 84 2
2 86 24
2 87 66
2 88 1
2 93 63
2 94 62
2 96 48
2 97 82
2 98 18
3 6 47
3 8 89
3 9 75
3 10 57
3 15 16
3 19 18
3 22 83
3 23 67
3 25 21
3 26 14
3 31 45
3 35 92
3 37 59
3 39 55
3 44 45
3 45 67
3 46 65
3 49 74
3 50 83
3 51 65
3 53 74
3 59 37
3 60 80
3 62 47
3 63 59
3 66 73
3 68 15
3 69 50
3 70 2
3 73 2
3 74 30
3 75 91
3 76 78
3 81 45
3 82 42
3 83 93
3 84 7
3 87 55
3 90 54
3 92 26
3 95 26
3 96 58
3 100 37
4 5 11
4 9 80
4 11 17
4 13 41
4 15 67
4 16 22
4 17 46
4 18 60
4 20 74
4 24 71
4 25 6
4 29 9
4 35 20
4 42 10
4 44 87
4 45 10
4 46 35
4 50 13
4 51 22
4 56 4
4 60 32
4 61 39
4 64 70
4 68 15
4 70 99
4 71 69
4 75 29
4 77 45
4 79 95
4 82 32
4 84 33
4 88 81
4 89 68
4 91 77
4 94 98
4 95 81
4 96 72
4 97 91
4 99 98
4 100 84
5 7 7
5 12 21
5 17 78
5 18 51
5 20 31
5 22 19
5 23 74
5 24 64
5 25 26
5 28 100
5 29 63
5 30 5
5 32 32
5 34 31
5 35 95
5 36 64
5 38 90
5 41 92
5 42 19
5 45 72
5 46 30
5 50 54
5 53 71
5 54 93
5 64 96
5 65 97
5 70 40
5 74 34
5 75 62
5 78 12
5 79 32
5 80 94
5 82 96
5 91 49
5 93 3
5 97 79
5 99 82
6 12 93
6 13 24
6 17 85
6 18 5
6 21 9
6 22 70
6 33 58
6 34 58
6 37 74
6 40 96
6 42 16
6 44 36
6 48 95
6 53 71
6 56 68
6 58 26
6 60 34
6 61 100
6 62 87
6 63 18
6 65 60
6 72 65
6 73 5
6 80 30
6 83 33
6 86 33
6 87 52
6 88 81
6 89 20
6 91 10
6 96 88
6 97 71
6 98 28
6 99 98
6 100 81
7 9 97
7 12 54
7 13 4
7 17 91
7 19 95
7 20 62
7 22 53
7 23 21
7 24 91
7 26 95
7 29 82
7 30 76
7 31 46
7 32 49
7 33 95
7 36 73
7 37 59
7 38 56
7 40 16
7 42 61
7 44 86
7 45 39
7 50 53
7 51 98
7 56 3
7 57 69
7 60 57
7 73 66
7 74 36
7 78 89
7 79 79
7 80 67
7 81 31
7 85 45
7 87 45
7 89 13
7 98 91
7 99 74
7 100 26
8 10 59
8 11 71
8 12 39
8 13 16
8 16 15
8 20 90
8 23 41
8 24 47
8 25 75
8 32 46
8 34 80
8 36 33
8 37 81
8 41 63
8 45 51
8 47 98
8 49 55
8 51 5
8 53 40
8 56 3
8 57 3
8 58 46
8 60 52
8 61 96
8 65 20
8 66 3
8 68 9
8 72 21
8 73 33
8 74 86
8 76 62
8 82 56
8 85 86
8 87 20
8 88 13
8 89 27
8 90 80
8 92 40
8 93 78
8 97 20
9 11 82
9 12 11
9 15 89
9 16 70
9 19 42
9 21 85
9 28 89
9 35 51
9 36 37
9 38 29
9 39 49
9 40 17
9 41 8
9 43 35
9 44 4
9 45 83
9 47 48
9 52 57
9 55 12
9 60 95
9 64 44
9 68 64
9 69 60
9 70 64
9 71 92
9 73 53
9 75 52
9 77 63
9 81 74
9 87 92
9 88 63
9 92 62
9 98 89
9 99 68
10 13 93
10 17 100
10 19 84
10 20 26
10 21 36
10 22 44
10 28 31
10 30 89
10 31 25
10 39 73
10 40 10
10 43 20
10 44 55
10 45 65
10 46 64
10 48 74
10 51 60
10 52 33
10 54 75
10 55 73
10 56 74
10 58 31
10 59 44
10 60 23
10 62 73
10 66 7
10 67 80
10 68 37
10 69 60
10 71 85
10 76 11
10 80 77
10 83 16
10 84 7
10 85 38
10 87 68
10 89 25
10 94 55
10 99 32
11 12 59
11 17 8
11 20 86
11 21 40
11 23 28
11 24 11
11 30 26
11 34 71
11 35 39
11 36 76
11 46 65
11 50 60
11 51 76
11 52 48
11 53 94
11 54 30
11 55 76
11 56 2
11 57 84
11 58 96
11 62 44
11 63 50
11 64 48
11 67 69
11 69 74
11 71 15
11 73 37
11 76 22
11 78 52
11 79 93
11 80 52
11 82 61
11 84 27
11 87 80
11 89 70
11 90 32
11 91 46
11 92 74
11 94 97
11 95 24
11 97 13
11 98 80
11 100 49
12 15 57
12 16 25
12 17 39
12 18 57
12 19 84
12 20 38
12 29 17
12 35 56
12 38 50
12 43 29
12 46 33
12 48 20
12 50 45
12 58 72
12 59 26
12 60 75
12 64 70
12 66 17
12 67 93
12 69 59
12 71 71
12 74 67
12 78 28
12 79 53
12 83 9
12 86 92
12 88 3
12 89 92
12 90 37
12 92 42
12 93 18
12 97 12
12 100 85
13 15 44
13 16 63
13 18 36
13 24 96
13 25 75
13 26 31
13 30 30
13 32 70
13 33 95
13 34 96
13 37 58
13 40 34
13 41 56
13 42 1
13 43 69
13 44 61
13 45 8
13 46 16
13 47 65
13 49 23
13 50 64
13 52 43
13 54 71
13 55 83
13 56 56
13 60 16
13 61 80
13 66 19
13 68 71
13 72 36
13 73 30
13 74 99
13 75 22
13 78 78
13 79 2
13 88 86
13 90 98
13 92 30
13 95 36
13 99 98
14 15 96
14 16 59
14 18 76
14 21 51
14 24 52
14 26 93
14 36 51
14 39 93
14 41 74
14 42 17
14 50 11
14 61 16
14 63 32
14 65 3
14 66 5
14 67 61
14 70 2
14 73 57
14 78 26
14 81 88
14 85 37
14 86 2
14 87 47
14 88 16
14 89 59
14 90 7
14 91 74
14 94 46
14 97 36
14 100 68
15 16 68
15 17 18
15 18 40
15 19 75
15 20 25
15 21 39
15 23 91
15 25 47
15 26 11
15 28 36
15 32 81
15 34 86
15 35 4
15 36 96
15 39 58
15 40 82
15 42 77
15 43 79
15 45 77
15 46 92
15 49 25
15 52 24
15 58 72
15 59 33
15 62 3
15 65 72
15 66 58
15 69 76
15 71 14
15 73 23
15 78 46
15 81 56
15 83 56
15 85 21
15 87 54
15 91 68
15 95 61
15 97 38
15 98 76
15 100 89
16 21 9
16 24 92
16 27 81
16 30 37
16 33 98
16 35 97
16 37 80
16 38 13
16 39 90
16 40 22
16 42 67
16 45 45
16 48 45
16 49 24
16 50 23
16 53 16
16 54 52
16 56 60
16 57 72
16 58 49
16 59 11
16 61 63
16 62 71
16 70 61
16 72 12
16 74 31
16 75 92
16 83 41
16 84 15
16 92 95
16 94 15
16 96 45
17 23 28
17 24 30
17 26 9
17 27 99
17 28 2
17 30 39
17 31 46
17 33 98
17 38 63
17 39 19
17 44 9
17 46 91
17 47 86
17 50 32
17 52 85
17 53 90
17 55 32
17 59 79
17 61 48
17 67 64
17 68 4
17 71 5
17 72 66
17 73 82
17 74 10
17 78 62
17 79 47
17 81 3
17 82 4
17 83 43
17 85 1
17 86 52
17 87 55
17 92 26
17 94 37
17 96 36
17 100 2
18 23 90
18 26 95
18 30 11
18 33 27
18 35 31
18 37 42
18 39 81
18 41 12
18 48 88
18 51 14
18 54 22
18 55 40
18 57 32
18 62 83
18 63 88
18 66 62
18 67 63
18 68 97
18 71 28
18 78 17
18 79 80
18 80 48
18 86 31
18 91 24
18 92 15
18 93 11
18 97 18
18 98 30
18 100 34
19 21 38
19 22 41
19 35 37
19 40 26
19 45 21
19 48 26
19 53 22
19 54 27
19 55 88
19 61 93
19 62 1
19 64 98
19 67 98
19 69 26
19 70 58
19 71 27
19 75 79
19 78 98
19 79 98
19 80 69
19 83 67
19 86 31
19 88 74
19 90 95
19 92 44
19 93 41
19 94 61
19 95 19
19 97 2
19 98 95
19 99 85
20 21 65
20 23 66
20 27 94
20 28 23
20 34 84
20 35 16
20 36 83
20 37 48
20 38 2
20 39 70
20 40 69
20 41 67
20 48 68
20 49 66
20 51 39
20 54 62
20 56 25
20 60 26
20 61 98
20 63 83
20 66 31
20 67 77
20 70 83
20 72 61
20 76 49
20 79 99
20 81 99
20 84 65
20 87 80
20 89 57
20 90 58
20 91 27
20 92 11
20 95 58
20 99 90
21 22 77
21 24 69
21 28 90
21 32 12
21 34 60
21 36 58
21 40 50
21 44 42
21 52 36
21 56 94
21 58 15
21 60 43
21 64 65
21 65 89
21 66 75
21 68 40
21 78 90
21 81 52
21 83 38
21 84 89
21 86 97
21 88 42
21 89 49
21 90 29
21 91 14
21 94 56
21 97 13
22 23 95
22 29 8
22 34 48
22 35 43
22 36 77
22 37 4
22 41 22
22 42 59
22 45 50
22 47 89
22 49 44
22 53 81
22 54 67
22 57 13
22 62 75
22 64 89
22 66 30
22 67 40
22 68 73
22 70 99
22 74 44
22 75 38
22 77 77
22 78 90
22 80 95
22 82 55
22 83 61
22 85 56
22 88 33
22 94 22
22 95 33
22 96 54
23 24 47
23 29 81
23 30 21
23 32 53
23 34 5
23 37 86
23 43 82
23 45 39
23 48 79
23 51 59
23 53 57
23 59 28
23 62 13
23 63 52
23 66 77
23 68 13
23 69 17
23 70 95
23 71 59
23 72 85
23 73 41
23 79 16
23 81 73
23 82 51
23 83 60
23 88 34
23 90 3
23 91 58
23 96 50
23 97 30
24 25 17
24 26 63
24 27 74
24 28 11
24 29 96
24 30 93
24 31 55
24 35 47
24 36 57
24 37 12
24 38 54
24 40 69
24 44 86
24 48 81
24 50 97
24 51 72
24 54 15
24 56 79
24 60 12
24 65 47
24 66 2
24 68 74
24 69 55
24 77 46
24 78 62
24 79 55
24 86 80
24 87 64
24 90 67
24 92 31
24 95 46
24 96 18
24 97 61
24 98 24
25 27 68
25 28 20
25 29 60
25 30 43
25 33 6
25 35 27
25 36 86
25 37 43
25 42 48
25 44 21
25 49 12
25 51 19
25 54 70
25 56 41
25 58 13
25 60 74
25 61 28
25 62 64
25 63 26
25 64 41
25 65 91
25 67 5
25 68 49
25 69 89
25 72 98
25 74 75
25 75 80
25 76 93
25 77 91
25 78 26
25 79 75
25 81 39
25 84 90
25 87 98
25 88 69
25 91 76
25 95 12
25 96 86
25 97 74
25 98 100
26 29 44
26 30 19
26 31 29
26 32 33
26 34 81
26 40 3
26 41 26
26 44 76
26 50 77
26 51 97
26 53 65
26 56 74
26 57 42
26 58 29
26 59 7
26 60 42
26 62 88
26 65 70
26 69 19
26 70 23
26 72 90
26 73 23
26 75 31
26 80 34
26 82 12
26 84 31
26 89 39
26 90 83
26 91 25
26 93 47
26 95 72
26 99 24
26 100 99
27 28 6
27 30 68
27 31 74
27 33 9
27 34 29
27 35 9
27 38 51
27 39 3
27 40 85
27 41 92
27 43 38
27 47 26
27 51 35
27 52 26
27 55 15
27 58 34
27 59 67
27 60 81
27 62 69
27 66 48
27 68 5
27 70 52
27 71 31
27 75 1
27 80 1
27 84 79
27 86 71
27 89 91
27 94 23
27 97 15
27 98 96
27 100 37
28 29 22
28 30 100
28 33 55
28 37 39
28 38 19
28 40 88
28 41 21
28 46 61
28 47 54
28 50 9
28 52 79
28 53 96
28 55 95
28 56 3
28 61 36
28 63 80
28 67 27
28 70 38
28 71 99
28 77 78
28 78 12
28 80 99
28 81 48
28 82 59
28 83 49
28 84 99
28 85 81
28 89 57
28 92 99
28 93 68
28 95 78
28 99 95
29 32 48
29 35 22
29 36 15
29 38 94
29 39 22
29 42 98
29 47 97
29 51 58
29 52 12
29 56 44
29 57 1
29 61 90
29 62 34
29 63 94
29 64 83
29 65 21
29 68 66
29 70 67
29 71 1
29 73 57
29 75 74
29 79 57
29 80 75
29 87 92
29 90 48
29 93 35
29 94 45
29 95 14
29 96 73
29 97 25
29 99 83
30 32 33
30 33 82
30 34 26
30 35 73
30 39 96
30 40 53
30 41 48
30 42 60
30 43 21
30 44 26
30 46 60
30 47 92
30 52 14
30 54 21
30 58 12
30 62 36
30 67 81
30 70 90
30 71 90
30 73 42
30 74 40
30 75 62
30 76 60
30 78 36
30 82 71
30 85 10
30 86 88
30 90 88
30 92 22
30 93 27
30 96 41
30 98 93
30 100 6
31 32 9
31 34 14
31 35 96
31 36 35
31 39 67
31 40 83
31 42 75
31 43 1
31 44 37
31 48 51
31 50 36
31 51 79
31 55 100
31 58 87
31 63 75
31 68 72
31 72 3
31 74 79
31 75 10
31 81 3
31 83 53
31 84 91
31 85 90
31 86 85
31 87 45
31 88 93
31 89 64
31 91 13
31 92 64
31 93 34
31 94 18
31 95 30
31 98 50
31 99 62
32 37 59
32 38 61
32 44 73
32 45 88
32 46 3
32 48 8
32 51 77
32 53 21
32 56 6
32 57 63
32 58 79
32 61 35
32 63 6
32 65 78
32 66 29
32 74 94
32 76 58
32 78 46
32 79 38
32 83 79
32 85 88
32 86 7
32 88 100
32 89 56
32 93 21
32 98 36
32 99 8
33 34 22
33 36 22
33 40 65
33 41 30
33 42 68
33 48 2
33 52 54
33 55 58
33 58 11
33 59 10
33 68 58
33 70 58
33 71 63
33 73 54
33 74 93
33 75 68
33 77 72
33 79 61
33 80 82
33 85 77
33 88 77
33 90 27
33 93 14
33 94 45
33 95 34
33 96 87
33 97 97
33 98 37
34 36 12
34 37 16
34 41 20
34 45 46
34 46 12
34 48 35
34 55 26
34 56 45
34 57 22
34 61 39
34 63 81
34 67 31
34 75 34
34 76 75
34 78 22
34 81 15
34 83 98
34 86 75
34 87 49
34 88 18
34 89 9
34 90 4
34 91 74
34 92 60
34 94 90
34 100 30
35 37 35
35 45 8
35 47 55
35 54 87
35 55 13
35 59 82
35 60 81
35 61 81
35 62 57
35 63 88
35 66 67
35 67 70
35 68 2
35 69 2
35 70 99
35 74 83
35 75 22
35 76 9
35 77 64
35 79 49
35 81 75
35 84 65
35 85 25
35 86 88
35 87 85
35 88 82
35 92 4
35 93 57
35 96 71
35 97 50
35 100 36
36 38 10
36 44 41
36 46 92
36 49 36
36 52 46
36 54 12
36 57 72
36 58 92
36 59 35
36 62 20
36 65 63
36 67 10
36 68 30
36 73 14
36 79 60
36 82 14
36 86 35
36 87 81
36 89 32
36 90 36
36 91 73
36 92 16
36 93 91
36 94 68
36 98 82
37 39 44
37 40 34
37 42 86
37 43 2
37 45 93
37 47 100
37 48 29
37 50 7
37 51 30
37 52 67
37 53 78
37 58 70
37 61 98
37 64 49
37 66 76
37 68 56
37 69 8
37 70 59
37 71 16
37 72 78
37 78 16
37 79 94
37 82 88
37 83 48
37 85 51
37 87 18
37 89 31
37 95 59
37 99 2
38 44 27
38 45 63
38 49 71
38 52 84
38 54 33
38 57 8
38 59 10
38 62 96
38 64 51
38 65 87
38 66 5
38 69 82
38 70 92
38 71 47
38 73 44
38 74 23
38 76 48
38 77 24
38 80 19
38 85 11
38 89 62
38 90 60
38 93 30
38 95 81
38 96 13
39 42 86
39 48 60
39 50 39
39 52 89
39 57 31
39 58 48
39 60 15
39 63 38
39 66 37
39 70 11
39 71 46
39 77 74
39 78 59
39 79 71
39 80 88
39 85 47
39 86 34
39 87 25
39 88 99
39 89 39
39 91 36
39 92 91
39 93 30
39 95 72
39 97 13
39 99 72
40 41 52
40 45 2
40 46 8
40 51 51
40 52 77
40 53 71
40 54 86
40 55 29
40 58 31
40 60 77
40 66 40
40 67 100
40 69 80
40 73 78
40 75 3
40 79 9
40 80 68
40 83 63
40 86 40
40 87 28
40 89 80
40 90 47
40 91 77
40 92 27
40 97 89
40 100 73
41 42 8
41 48 99
41 49 100
41 50 87
41 56 33
41 57 40
41 58 27
41 65 35
41 66 95
41 67 31
41 68 30
41 70 97
41 72 40
41 75 26
41 77 9
41 78 57
41 82 83
41 83 14
41 84 19
41 86 30
41 94 66
41 96 36
41 98 87
42 43 68
42 44 40
42 45 20
42 49 51
42 54 90
42 55 62
42 58 80
42 59 38
42 61 90
42 65 29
42 73 13
42 75 92
42 76 65
42 79 61
42 80 44
42 81 32
42 82 41
42 84 61
42 86 39
42 91 51
42 92 77
42 93 42
42 94 2
42 96 64
42 97 14
42 98 35
42 99 100
43 45 57
43 49 6
43 52 68
43 53 97
43 55 50
43 56 16
43 57 10
43 60 79
43 62 91
43 63 15
43 64 40
43 65 37
43 71 56
43 72 85
43 78 46
43 80 11
43 84 55
43 86 89
43 87 40
43 91 96
43 94 75
43 95 23
43 96 30
44 46 61
44 47 49
44 50 80
44 51 63
44 52 15
44 53 55
44 55 74
44 57 9
44 59 44
44 61 28
44 63 69
44 66 96
44 67 62
44 72 52
44 75 31
44 77 7
44 82 98
44 83 45
44 84 90
44 89 25
44 91 67
44 95 24
44 97 28
44 98 82
44 99 36
45 48 14
45 55 25
45 57 45
45 58 7
45 59 81
45 63 28
45 65 33
45 67 27
45 68 48
45 69 27
45 72 90
45 74 48
45 76 28
45 78 80
45 80 20
45 81 66
45 83 28
45 84 47
45 88 67
45 92 6
45 93 98
45 95 76
45 97 24
45 99 20
46 47 75
46 48 11
46 50 8
46 54 92
46 55 75
46 56 8
46 57 39
46 58 65
46 60 19
46 61 13
46 62 14
46 68 25
46 71 70
46 72 79
46 81 31
46 87 17
46 88 71
46 92 38
46 93 81
46 96 16
47 50 8
47 53 53
47 59 27
47 63 65
47 70 58
47 71 49
47 73 98
47 76 68
47 79 4
47 80 19
47 82 9
47 84 55
47 85 35
47 88 26
47 92 67
47 98 86
48 49 87
48 50 32
48 51 45
48 55 43
48 56 44
48 57 59
48 62 16
48 66 57
48 70 25
48 71 52
48 74 75
48 77 42
48 79 32
48 80 9
48 83 93
48 84 75
48 85 71
48 86 31
48 88 99
48 89 80
48 92 49
48 97 68
49 50 84
49 52 23
49 53 26
49 55 81
49 59 71
49 61 92
49 62 54
49 63 85
49 64 78
49 66 12
49 67 93
49 68 59
49 70 48
49 74 28
49 75 34
49 78 76
49 79 100
49 80 80
49 82 86
49 83 98
49 84 56
49 87 50
49 94 76
49 96 81
49 99 94
49 100 37
50 54 56
50 57 58
50 63 46
50 65 6
50 67 55
50 68 9
50 73 30
50 76 88
50 79 67
50 80 79
50 82 82
50 83 27
50 84 32
50 88 45
50 93 32
50 95 27
50 98 22
50 99 16
51 52 17
51 56 70
51 57 15
51 58 61
51 62 12
51 63 9
51 64 42
51 66 63
51 67 86
51 74 85
51 75 31
51 79 78
51 80 26
51 82 84
51 85 13
51 86 36
51 90 38
51 95 77
51 97 1
52 53 20
52 57 84
52 58 96
52 59 44
52 60 16
52 61 1
52 62 37
52 70 61
52 72 63
52 73 67
52 76 1
52 80 61
52 81 8
52 83 65
52 84 49
52 85 91
52 96 33
52 97 33
52 99 67
52 100 79
53 55 61
53 56 14
53 57 89
53 58 21
53 63 5
53 64 1
53 67 53
53 70 34
53 71 5
53 76 85
53 79 53
53 80 43
53 86 80
53 90 38
53 94 15
53 96 14
53 98 22
53 100 99
54 55 81
54 58 35
54 60 5
54 63 96
54 64 80
54 68 32
54 69 59
54 74 19
54 76 94
54 79 25
54 81 58
54 83 67
54 85 64
54 87 87
54 92 28
54 94 23
54 95 69
54 98 37
54 99 46
55 58 34
55 61 96
55 62 48
55 63 48
55 64 85
55 66 42
55 68 98
55 72 61
55 74 42
55 76 27
55 77 46
55 78 3
55 80 35
55 85 83
55 86 100
55 87 46
55 93 32
55 96 19
55 98 77
55 99 24
55 100 91
56 57 34
56 62 91
56 70 6
56 71 24
56 72 80
56 73 26
56 80 6
56 83 21
56 85 75
56 87 25
56 89 87
56 95 67
56 97 30
56 98 10
57 58 24
57 62 43
57 63 21
57 66 75
57 70 6
57 74 54
57 76 30
57 78 49
57 84 97
57 87 18
57 91 91
57 94 29
57 95 91
57 96 85
58 59 64
58 60 6
58 61 25
58 64 21
58 67 43
58 69 20
58 70 51
58 71 80
58 72 5
58 73 67
58 76 91
58 77 5
58 78 82
58 86 4
58 87 43
58 90 4
58 95 76
58 99 10
59 60 3
59 61 72
59 65 91
59 66 90
59 68 77
59 69 57
59 71 19
59 75 37
59 91 70
59 92 15
59 93 77
59 95 61
59 96 66
59 97 27
59 98 24
60 61 77
60 62 80
60 63 21
60 67 1
60 69 92
60 71 19
60 73 39
60 75 60
60 76 10
60 79 4
60 83 12
60 84 88
60 85 27
60 88 50
60 93 16
60 96 46
60 98 64
60 100 38
61 64 86
61 65 59
61 67 7
61 69 15
61 70 34
61 73 9
61 77 77
61 78 81
61 80 14
61 82 33
61 89 96
61 91 16
61 96 59
61 97 96
61 98 37
62 67 12
62 68 32
62 69 43
62 72 48
62 74 64
62 75 38
62 80 100
62 81 56
62 84 93
62 85 76
62 86 86
62 88 11
62 92 58
62 96 9
62 99 46
63 64 54
63 66 48
63 68 96
63 73 62
63 75 55
63 76 92
63 77 60
63 79 82
63 80 24
63 85 82
63 89 5
63 94 79
63 99 20
64 67 36
64 70 14
64 73 56
64 75 15
64 77 7
64 78 38
64 80 35
64 81 91
64 82 67
64 83 17
64 90 78
64 94 27
64 96 70
64 99 43
64 100 70
65 66 72
65 69 39
65 79 29
65 80 18
65 81 17
65 82 94
65 86 4
65 88 11
65 89 39
65 90 19
65 95 75
65 96 39
66 67 4
66 71 35
66 72 89
66 73 74
66 75 70
66 78 85
66 82 21
66 85 66
66 88 82
66 91 1
66 92 56
66 98 63
67 69 79
67 71 24
67 75 45
67 76 6
67 81 52
67 86 22
67 87 100
67 90 50
67 95 28
67 97 47
67 98 52
67 99 8
68 73 34
68 75 57
68 77 59
68 82 81
68 84 15
68 92 26
68 96 57
68 97 55
68 99 83
69 70 76
69 74 41
69 76 54
69 78 63
69 79 16
69 81 56
69 83 77
69 86 87
69 88 64
69 89 44
69 90 6
69 91 5
69 92 92
69 96 74
69 97 99
70 71 70
70 73 17
70 77 24
70 79 14
70 84 20
70 85 63
70 86 40
70 88 45
70 90 79
70 92 98
70 93 76
70 95 25
70 96 67
70 97 75
70 98 97
70 100 84
71 74 77
71 77 82
71 79 100
71 80 36
71 81 50
71 85 31
71 87 81
71 88 42
71 94 3
71 96 72
71 99 88
72 73 91
72 74 95
72 75 4
72 81 60
72 82 32
72 86 56
72 91 100
72 92 45
72 93 5
72 96 25
72 100 95
73 78 39
73 80 73
73 81 97
73 84 72
73 87 33
73 88 23
73 89 52
73 91 4
73 94 8
73 97 7
73 98 59
74 77 27
74 80 42
74 83 15
74 84 40
74 88 85
74 89 33
74 92 97
74 94 3
75 76 6
75 79 75
75 85 61
75 87 6
75 89 63
75 90 86
75 91 50
75 93 25
75 100 30
76 77 69
76 78 25
76 85 69
76 86 82
76 87 84
76 89 86
76 92 41
76 97 29
76 100 72
77 78 9
77 81 77
77 83 67
77 84 27
77 86 93
77 87 78
77 91 88
77 94 54
77 97 31
77 98 76
78 80 1
78 81 31
78 82 28
78 83 75
78 86 21
78 88 34
78 91 47
78 93 5
78 97 47
79 80 48
79 86 51
79 89 97
79 95 62
79 96 1
79 98 71
79 99 97
79 100 99
80 83 80
80 86 58
80 92 66
80 93 25
80 94 25
80 95 67
80 99 49
80 100 43
81 85 83
81 87 45
81 90 69
81 93 74
81 98 55
81 99 100
82 83 96
82 84 11
82 85 1
82 87 31
82 88 50
82 93 76
82 95 12
82 96 96
82 98 49
82 100 70
83 84 62
83 87 55
83 88 27
83 90 67
83 94 39
83 100 69
84 86 24
84 87 64
84 90 57
84 96 19
84 97 4
84 98 47
84 99 21
84 100 70
85 86 34
85 89 80
85 95 14
85 96 26
85 97 1
85 99 15
86 91 14
86 94 59
86 95 53
87 93 12
87 94 54
87 100 100
88 90 50
88 93 43
89 90 77
89 94 98
89 96 8
89 98 9
89 99 19
90 92 49
90 95 90
91 92 34
91 95 27
91 96 87
91 98 41
92 93 79
92 95 28
92 96 62
92 97 61
92 98 21
92 99 84
93 94 10
93 97 66
94 95 49
94 96 58
94 100 88
95 97 37
96 100 67
97 100 66
98 100 90
99 100 61
1 3 87
1 9 56
1 11 58
1 12 59
1 14 81
1 16 7
1 17 3
1 18 1
1 21 53
1 23 5
1 25 17
1 27 19
1 28 96
1 30 58
1 33 46
1 34 39
1 35 83
1 36 32
1 37 52
1 38 98
1 41 63
1 42 24
1 44 64
1 46 72
1 49 27
1 50 92
1 51 56
1 52 59
1 57 57
1 59 75
1 61 59
1 62 76
1 64 41
1 65 17
1 66 74
1 67 41
1 71 5
1 72 99
1 79 44
1 84 22
1 89 31
1 93 3
1 94 57
1 97 36
2 5 41
2 9 40
2 11 20
2 13 70
2 14 86
2 15 44
2 18 62
2 19 24
2 20 99
2 22 28
2 23 10
2 27 26
2 28 65
2 30 25
2 31 16
2 34 76
2 35 39
2 36 64
2 38 26
2 39 71
2 43 49
2 45 78
2 46 8
2 52 96
2 53 83
2 54 51
2 57 68
2 59 11
2 60 38
2 61 16
2 64 52
2 65 12
2 66 54
2 68 24
2 73 62
2 78 17
2 82 11
2 85 9
2 90 18
2 91 71
2 94 84
3 4 51
3 5 58
3 13 68
3 18 1
3 19 60
3 23 87
3 24 86
3 26 80
3 29 37
3 31 17
3 37 52
3 39 72
3 42 98
3 44 44
3 45 44
3 48 83
3 50 65
3 51 98
3 52 75
3 53 78
3 54 92
3 55 29
3 56 20
3 63 8
3 64 22
3 65 95
3 70 91
3 74 7
3 78 28
3 79 62
3 80 61
3 81 30
3 84 68
3 87 100
3 90 8
3 93 66
3 97 19
3 98 89
3 99 60
3 100 67
4 8 95
4 10 97
4 11 80
4 14 34
4 18 60
4 21 40
4 25 31
4 26 13
4 27 57
4 29 25
4 31 54
4 33 51
4 35 75
4 40 95
4 43 41
4 48 60
4 49 90
4 50 51
4 52 20
4 54 94
4 55 54
4 56 17
4 57 83
4 59 70
4 60 82
4 61 60
4 62 2
4 65 52
4 67 13
4 68 15
4 71 8
4 77 28
4 81 96
4 83 1
4 89 55
4 90 52
4 92 33
4 93 26
4 94 71
4 95 28
4 96 62
5 7 22
5 8 50
5 16 22
5 17 64
5 18 10
5 23 50
5 26 48
5 27 70
5 31 93
5 40 58
5 41 75
5 43 79
5 45 7
5 49 68
5 50 29
5 51 55
5 53 77
5 55 68
5 56 34
5 57 83
5 58 70
5 62 31
5 63 62
5 64 44
5 70 51
5 72 66
5 74 68
5 76 25
5 77 17
5 79 31
5 81 15
5 82 37
5 83 2
5 84 95
5 86 79
5 89 2
5 90 39
5 92 27
5 99 31
5 100 35
6 7 36
6 9 92
6 12 14
6 16 67
6 21 78
6 23 37
6 25 86
6 28 10
6 33 94
6 35 73
6 38 68
6 43 13
6 44 65
6 49 79
6 51 100
6 52 8
6 53 82
6 54 67
6 56 75
6 59 41
6 61 100
6 66 77
6 68 30
6 70 28
6 71 18
6 73 37
6 76 38
6 78 47
6 79 53
6 83 95
6 85 92
6 88 12
6 89 87
6 91 27
6 93 69
6 95 92
6 98 17
6 99 57
7 8 7
7 9 69
7 11 31
7 13 13
7 14 27
7 17 71
7 18 85
7 19 57
7 20 7
7 23 4
7 24 41
7 27 19
7 29 84
7 30 18
7 35 34
7 39 53
7 41 8
7 44 18
7 47 96
7 53 24
7 54 11
7 56 72
7 60 93
7 61 46
7 63 82
7 71 14
7 72 2
7 75 32
7 82 21
7 85 23
7 88 79
7 93 60
8 9 35
8 10 12
8 12 20
8 17 81
8 20 16
8 22 63
8 24 1
8 28 16
8 31 25
8 32 96
8 33 66
8 34 4
8 36 77
8 38 75
8 40 21
8 42 38
8 44 39
8 49 21
8 50 11
8 51 30
8 57 33
8 58 6
8 59 62
8 62 26
8 65 11
8 66 80
8 67 44
8 76 90
8 77 68
8 80 79
8 84 5
8 86 10
8 87 75
8 90 40
8 91 43
8 92 70
8 93 60
8 95 45
8 97 64
8 98 31
8 99 61
9 10 48
9 12 77
9 13 45
9 16 3
9 17 51
9 18 63
9 20 79
9 21 78
9 22 70
9 25 54
9 27 7
9 28 89
9 29 21
9 33 35
9 34 16
9 38 46
9 39 89
9 42 26
9 44 61
9 47 89
9 51 8
9 52 45
9 55 26
9 58 73
9 60 33
9 61 92
9 64 11
9 65 24
9 67 83
9 69 4
9 70 34
9 71 29
9 72 12
9 77 39
9 78 56
9 82 31
9 83 56
9 84 22
9 85 27
9 90 75
9 97 90
9 98 10
9 100 2
10 11 67
10 12 38
10 13 96
10 14 89
10 15 66
10 16 49
10 17 39
10 18 33
10 21 52
10 22 49
10 23 82
10 24 77
10 26 6
10 27 11
10 29 73
10 30 6
10 31 78
10 33 60
10 34 14
10 35 78
10 36 44
10 41 45
10 43 15
10 44 25
10 46 47
10 48 95
10 50 17
10 51 49
10 53 29
10 56 37
10 57 61
10 63 55
10 65 45
10 69 28
10 71 41
10 75 13
10 76 31
10 77 73
10 78 2
10 80 89
10 83 69
10 84 60
10 91 76
10 93 42
10 94 60
10 95 86
11 13 17
11 14 47
11 15 4
11 16 13
11 19 71
11 20 35
11 25 27
11 26 74
11 29 68
11 31 54
11 39 56
11 40 100
11 42 94
11 54 64
11 55 2
11 56 60
11 57 48
11 61 97
11 63 95
11 64 16
11 66 86
11 71 71
11 74 46
11 80 66
11 81 60
11 82 23
11 84 42
11 90 66
11 93 75
11 94 8
11 96 95
12 13 37
12 15 94
12 17 17
12 20 41
12 23 10
12 24 40
12 27 49
12 28 64
12 29 2
12 33 85
12 37 87
12 38 23
12 40 15
12 41 45
12 42 6
12 43 13
12 45 40
12 47 79
12 53 76
12 56 63
12 57 7
12 58 32
12 61 89
12 63 79
12 64 40
12 66 17
12 67 36
12 71 70
12 72 8
12 75 24
12 76 35
12 80 97
12 88 27
12 89 16
12 92 55
12 100 99
13 16 51
13 17 1
13 19 92
13 24 35
13 25 54
13 26 96
13 30 68
13 31 73
13 32 26
13 33 11
13 34 18
13 38 68
13 43 45
13 47 50
13 51 50
13 52 43
13 54 67
13 55 10
13 57 41
13 58 4
13 59 22
13 64 26
13 67 3
13 68 91
13 70 27
13 71 48
13 73 40
13 74 30
13 75 35
13 78 40
13 79 69
13 82 32
13 85 90
13 86 72
13 88 77
13 89 5
13 91 73
13 92 9
13 93 17
13 95 29
13 100 12
14 15 19
14 19 76
14 22 91
14 24 22
14 27 40
14 29 38
14 31 89
14 33 82
14 39 75
14 40 43
14 41 18
14 44 96
14 49 66
14 50 31
14 57 72
14 58 35
14 59 39
14 60 18
14 62 87
14 64 61
14 65 33
14 68 50
14 72 14
14 73 91
14 75 95
14 77 37
14 80 16
14 82 61
14 84 2
14 85 70
14 88 69
14 91 74
14 93 38
14 94 25
14 95 45
14 98 1
15 16 83
15 17 34
15 19 69
15 24 19
15 28 13
15 29 57
15 30 87
15 34 49
15 39 31
15 41 33
15 43 92
15 44 81
15 45 57
15 46 62
15 49 100
15 50 7
15 51 54
15 53 77
15 54 35
15 58 56
15 65 55
15 66 89
15 67 83
15 72 60
15 73 72
15 75 90
15 77 14
15 78 98
15 79 5
15 80 53
15 82 55
15 83 29
15 84 46
15 85 89
15 87 14
15 90 10
15 95 3
16 18 57
16 19 23
16 20 46
16 29 86
16 30 3
16 34 48
16 35 30
16 36 40
16 37 52
16 38 75
16 39 88
16 48 96
16 49 4
16 51 36
16 58 75
16 59 66
16 66 20
16 68 13
16 69 90
16 70 19
16 74 7
16 78 30
16 79 44
16 84 11
16 87 25
16 88 82
16 99 51
17 18 39
17 23 98
17 28 100
17 33 50
17 36 53
17 38 20
17 39 14
17 41 49
17 44 36
17 45 17
17 48 40
17 49 83
17 55 97
17 58 42
17 59 46
17 62 46
17 63 46
17 67 37
17 70 64
17 71 65
17 74 65
17 76 38
17 77 46
17 80 29
17 81 86
17 84 49
17 90 43
17 92 75
17 94 76
17 99 59
18 19 63
18 24 96
18 26 88
18 30 70
18 31 30
18 32 15
18 33 60
18 34 22
18 35 24
18 37 46
18 41 25
18 43 37
18 45 64
18 46 66
18 49 87
18 50 64
18 51 78
18 52 8
18 53 34
18 56 5
18 58 11
18 66 15
18 67 33
18 71 60
18 76 6
18 81 71
18 83 38
18 84 33
18 85 99
18 93 69
18 94 54
18 95 59
18 96 31
18 99 55
18 100 47
19 21 27
19 22 11
19 23 88
19 25 82
19 29 25
19 30 62
19 31 52
19 35 42
19 37 77
19 38 12
19 39 55
19 43 72
19 46 41
19 48 29
19 50 23
19 51 45
19 54 16
19 55 22
19 57 43
19 59 31
19 60 48
19 62 10
19 63 73
19 67 39
19 69 35
19 72 14
19 73 13
19 76 74
19 80 84
19 87 99
19 88 90
19 89 100
19 93 13
19 94 35
19 95 51
19 96 28
19 97 62
19 99 37
20 21 21
20 23 6
20 24 4
20 25 18
20 26 39
20 29 88
20 30 61
20 33 72
20 34 26
20 37 6
20 42 9
20 46 59
20 55 30
20 59 95
20 61 99
20 62 85
20 63 17
20 65 43
20 67 64
20 69 72
20 70 8
20 71 76
20 72 3
20 74 29
20 75 63
20 78 92
20 79 84
20 80 38
20 81 56
20 84 82
20 85 75
20 94 98
20 95 62
20 96 6
20 97 66
20 100 64
21 23 92
21 24 40
21 25 61
21 27 89
21 30 78
21 34 63
21 35 42
21 36 14
21 40 13
21 41 29
21 43 30
21 45 73
21 46 36
21 47 75
21 50 42
21 55 35
21 58 53
21 60 17
21 61 32
21 64 4
21 66 75
21 68 56
21 70 57
21 72 25
21 73 87
21 75 69
21 76 8
21 78 78
21 79 36
21 80 3
21 81 75
21 84 74
21 85 85
21 86 84
21 91 77
21 92 82
21 95 28
21 99 61
22 24 40
22 27 74
22 28 86
22 30 80
22 31 20
22 36 67
22 38 98
22 47 45
22 48 87
22 50 43
22 55 97
22 62 28
22 63 93
22 64 70
22 66 62
22 67 4
22 69 30
22 70 65
22 76 84
22 77 20
22 82 14
22 84 5
22 86 78
22 91 90
22 100 63
23 25 98
23 28 89
23 30 68
23 33 95
23 43 5
23 44 47
23 46 66
23 51 86
23 57 1
23 61 84
23 64 92
23 65 81
23 67 98
23 76 72
23 82 29
23 84 66
23 86 36
23 90 23
24 28 69
24 30 65
24 31 23
24 34 80
24 41 76
24 46 93
24 47 18
24 50 58
24 51 98
24 52 81
24 54 87
24 58 53
24 59 59
24 64 62
24 66 80
24 69 50
24 75 98
24 76 74
24 78 33
24 81 51
24 83 64
24 84 11
24 91 37
24 94 21
24 98 69
25 26 7
25 29 35
25 30 51
25 34 48
25 36 24
25 41 11
25 46 36
25 51 74
25 56 8
25 57 38
25 58 23
25 59 60
25 64 38
25 67 90
25 69 26
25 72 60
25 77 8
25 78 89
25 79 19
25 80 51
25 84 69
25 90 93
25 91 79
25 92 93
25 97 91
26 28 78
26 37 37
26 42 90
26 43 55
26 47 56
26 48 71
26 52 89
26 60 18
26 61 65
26 66 57
26 70 100
26 71 63
26 73 92
26 74 10
26 76 43
26 79 22
26 80 46
26 81 19
26 85 48
26 86 29
26 89 57
26 90 75
26 95 67
27 29 17
27 32 14
27 35 66
27 36 42
27 37 75
27 39 25
27 43 6
27 44 28
27 48 28
27 49 86
27 51 23
27 52 88
27 54 65
27 58 29
27 59 37
27 61 49
27 65 24
27 72 42
27 78 54
27 81 94
27 82 81
27 84 31
27 88 3
27 93 88
27 96 37
27 99 64
27 100 45
28 31 13
28 32 80
28 35 67
28 36 71
28 40 53
28 41 62
28 45 18
28 48 27
28 49 43
28 50 50
28 53 66
28 54 81
28 55 72
28 57 2
28 58 93
28 59 82
28 61 15
28 62 44
28 69 15
28 70 87
28 72 51
28 74 82
28 76 39
28 78 89
28 79 5
28 89 17
28 91 100
28 97 73
29 30 70
29 34 43
29 35 7
29 36 45
29 38 3
29 40 6
29 41 98
29 48 23
29 49 69
29 51 41
29 52 87
29 53 62
29 54 22
29 55 80
29 59 89
29 61 24
29 68 37
29 70 77
29 73 5
29 75 43
29 79 26
29 81 4
29 83 91
29 86 99
29 87 6
29 90 8
29 92 34
29 93 48
30 33 32
30 37 38
30 39 18
30 42 49
30 45 4
30 47 18
30 49 29
30 50 75
30 51 4
30 52 44
30 53 64
30 56 55
30 57 93
30 58 77
30 60 55
30 63 85
30 64 20
30 65 15
30 68 41
30 70 90
30 71 77
30 73 70
30 74 78
30 76 68
30 77 1
30 78 29
30 84 88
30 85 27
30 89 30
30 91 58
30 92 60
30 97 3
31 32 70
31 33 60
31 35 63
31 36 25
31 37 40
31 44 43
31 45 100
31 47 43
31 49 53
31 51 83
31 53 89
31 54 44
31 56 63
31 57 27
31 59 70
31 61 68
31 62 46
31 67 33
31 68 85
31 71 80
31 72 37
31 77 26
31 79 52
31 81 36
31 92 78
31 95 22
31 98 30
31 99 14
32 33 44
32 34 60
32 36 11
32 39 69
32 48 85
32 52 70
32 53 59
32 55 40
32 57 8
32 60 63
32 66 61
32 68 49
32 69 55
32 72 3
32 73 68
32 74 97
32 76 72
32 77 87
32 78 17
32 84 52
32 88 89
32 90 43
32 91 10
32 93 36
32 99 4
33 34 43
33 37 89
33 39 86
33 40 52
33 44 42
33 45 90
33 48 93
33 51 53
33 52 58
33 55 87
33 56 32
33 61 5
33 64 12
33 65 99
33 66 47
33 71 59
33 75 40
33 76 74
33 78 60
33 82 22
33 84 15
33 87 86
33 89 37
33 90 48
33 95 97
33 97 45
34 36 41
34 38 97
34 40 73
34 41 76
34 44 60
34 46 10
34 47 35
34 54 74
34 55 36
34 56 12
34 57 72
34 60 46
34 61 5
34 62 94
34 63 13
34 69 23
34 70 52
34 71 46
34 75 13
34 80 67
34 81 17
34 85 93
34 87 70
34 89 59
34 95 55
34 98 73
34 99 63
35 39 30
35 40 59
35 45 87
35 51 90
35 53 2
35 55 64
35 59 10
35 60 2
35 63 85
35 65 46
35 66 80
35 68 67
35 71 41
35 72 90
35 73 95
35 74 11
35 75 56
35 76 80
35 77 25
35 80 57
35 82 15
35 83 39
35 86 91
35 87 76
35 90 28
36 37 56
36 38 60
36 39 13
36 40 77
36 41 31
36 44 13
36 45 40
36 47 75
36 49 56
36 50 68
36 53 50
36 57 85
36 59 87
36 62 57
36 63 83
36 64 13
36 65 84
36 67 82
36 71 48
36 72 11
36 73 2
36 74 92
36 76 60
36 78 97
36 79 51
36 80 42
36 84 72
36 85 96
36 86 49
36 91 38
36 94 84
36 95 1
36 98 17
36 99 32
36 100 84
37 38 6
37 40 92
37 42 34
37 45 20
37 46 6
37 51 48
37 52 23
37 55 4
37 56 38
37 57 55
37 67 79
37 68 19
37 70 55
37 72 58
37 73 76
37 75 44
37 80 39
37 82 69
37 85 44
37 90 71
37 95 94
37 98 88
37 100 7
38 39 53
38 41 82
38 43 81
38 44 20
38 45 93
38 47 4
38 48 32
38 51 58
38 53 95
38 56 78
38 57 55
38 58 99
38 62 30
38 63 7
38 68 51
38 69 66
38 73 70
38 74 3
38 77 65
38 78 83
38 79 88
38 80 4
38 85 10
38 86 77
38 88 14
38 89 38
38 91 89
38 93 40
38 94 89
38 96 44
38 100 41
39 43 36
39 45 36
39 47 100
39 50 59
39 52 100
39 55 98
39 59 62
39 65 69
39 68 28
39 70 53
39 72 82
39 74 18
39 76 72
39 79 60
39 80 21
39 81 99
39 82 39
39 87 20
39 93 36
39 94 48
39 95 20
39 96 81
39 97 1
39 98 29
40 41 90
40 42 3
40 46 49
40 47 34
40 50 52
40 55 100
40 58 12
40 59 9
40 65 6
40 70 78
40 71 65
40 72 25
40 74 42
40 77 58
40 78 16
40 79 3
40 83 14
40 86 20
40 88 92
40 89 50
40 91 1
40 94 51
40 95 57
40 96 31
40 97 83
40 98 37
40 100 13
41 45 22
41 46 56
41 49 46
41 51 45
41 52 31
41 53 93
41 54 14
41 56 4
41 57 8
41 59 29
41 60 7
41 61 14
41 66 16
41 69 87
41 76 7
41 77 72
41 78 13
41 85 20
41 86 72
41 92 97
41 97 26
41 99 37
41 100 84
42 43 61
42 45 100
42 51 61
42 53 44
42 54 42
42 55 29
42 56 84
42 65 93
42 66 66
42 67 76
42 70 14
42 71 87
42 74 59
42 78 41
42 81 93
42 88 64
42 93 53
42 95 34
43 47 96
43 49 28
43 50 18
43 54 53
43 55 72
43 56 13
43 57 47
43 58 92
43 62 23
43 63 38
43 64 96
43 65 17
43 66 19
43 67 64
43 69 99
43 72 11
43 75 94
43 78 24
43 80 83
43 81 90
43 82 28
43 83 37
43 84 72
43 93 12
43 94 53
43 95 35
43 96 36
43 100 57
44 47 52
44 48 70
44 50 96
44 51 57
44 55 3
44 56 65
44 57 88
44 61 17
44 66 63
44 69 68
44 72 60
44 81 35
44 82 34
44 83 23
44 84 95
44 88 16
44 92 36
44 93 93
44 94 65
44 95 47
44 96 59
44 97 61
44 99 75
45 48 24
45 50 86
45 51 3
45 52 76
45 54 93
45 56 11
45 58 2
45 59 79
45 60 90
45 65 44
45 66 24
45 67 76
45 70 26
45 71 84
45 73 74
45 74 33
45 76 32
45 78 57
45 80 42
45 82 61
45 84 11
45 86 17
45 87 36
45 88 37
45 91 30
45 95 24
45 98 10
45 99 3
46 49 37
46 51 18
46 52 56
46 53 48
46 54 51
46 58 69
46 62 82
46 64 29
46 65 65
46 68 10
46 70 55
46 72 50
46 74 87
46 79 98
46 85 15
46 86 67
46 89 75
46 93 74
46 94 98
46 97 79
46 98 59
46 99 12
47 48 97
47 49 25
47 50 28
47 51 70
47 57 86
47 59 11
47 65 51
47 66 59
47 72 22
47 73 67
47 75 14
47 83 71
47 87 51
47 90 22
47 92 1
47 94 28
47 95 68
47 96 63
47 97 67
47 99 24
48 52 42
48 53 30
48 56 44
48 59 88
48 60 39
48 65 51
48 66 5
48 67 67
48 68 75
48 73 55
48 78 100
48 87 9
48 88 24
48 89 22
48 92 85
48 95 93
48 97 99
49 52 81
49 53 30
49 55 32
49 66 71
49 69 42
49 70 32
49 71 69
49 72 77
49 74 2
49 76 76
49 80 100
49 82 76
49 83 83
49 85 97
49 89 32
49 93 8
49 95 44
49 99 52
49 100 84
50 53 65
50 57 18
50 60 54
50 63 69
50 65 86
50 66 16
50 67 76
50 69 47
50 70 24
50 72 22
50 74 78
50 75 58
50 78 23
50 79 10
50 83 61
50 86 65
50 87 30
50 94 72
50 95 96
50 96 57
50 97 78
50 99 55
50 100 2
51 56 5
51 57 22
51 58 35
51 62 59
51 63 92
51 64 38
51 67 21
51 68 6
51 69 63
51 70 17
51 71 22
51 74 17
51 75 21
51 80 68
51 85 49
51 88 66
51 90 30
51 91 76
51 95 80
51 96 22
51 97 96
52 58 80
52 61 26
52 63 55
52 66 36
52 69 20
52 72 79
52 73 37
52 75 73
52 78 97
52 84 83
52 85 23
52 86 96
52 87 81
52 90 83
52 93 4
52 95 39
52 96 85
52 97 98
53 55 9
53 57 95
53 61 3
53 62 53
53 63 99
53 69 78
53 70 62
53 73 17
53 77 69
53 78 24
53 80 14
53 81 89
53 82 4
53 83 1
53 87 7
53 91 29
53 92 6
53 95 5
53 97 85
53 98 39
53 99 6
54 57 31
54 60 54
54 69 73
54 73 65
54 80 12
54 81 29
54 83 14
54 84 10
54 85 89
54 89 27
54 91 94
54 93 47
54 95 84
54 98 33
55 56 80
55 57 80
55 60 19
55 65 52
55 68 25
55 75 34
55 79 49
55 80 13
55 81 80
55 83 78
55 84 46
55 88 57
55 89 100
55 92 74
55 95 4
55 96 58
55 97 37
55 98 53
55 100 39
56 57 10
56 58 23
56 60 49
56 63 7
56 64 14
56 69 77
56 73 80
56 75 1
56 76 43
56 78 30
56 79 13
56 80 87
56 82 62
56 86 44
56 89 98
56 91 91
56 95 38
56 96 57
56 97 6
57 59 24
57 60 55
57 61 24
57 69 30
57 78 82
57 85 74
57 90 86
57 94 66
57 95 44
57 96 37
57 97 54
57 98 8
57 100 47
58 61 51
58 62 34
58 64 2
58 66 35
58 69 22
58 70 51
58 71 25
58 75 42
58 76 74
58 78 25
58 81 100
58 88 48
58 91 52
58 93 100
58 94 37
58 98 86
59 60 11
59 64 74
59 66 87
59 67 15
59 68 65
59 70 93
59 71 60
59 72 66
59 74 25
59 77 67
59 80 24
59 81 28
59 82 46
59 85 7
59 86 22
59 90 85
59 91 72
59 93 58
59 96 55
59 97 83
59 98 87
60 63 41
60 65 19
60 69 38
60 71 47
60 76 43
60 80 28
60 83 96
60 86 98
60 87 50
60 89 84
60 91 48
60 96 10
60 97 20
60 100 37
61 63 91
61 64 36
61 68 29
61 75 28
61 77 30
61 80 87
61 81 37
61 84 37
61 87 10
61 88 41
61 91 93
61 93 88
61 96 89
62 63 10
62 64 90
62 65 89
62 66 30
62 68 23
62 69 82
62 71 36
62 72 19
62 75 81
62 85 26
62 86 40
62 89 94
62 92 89
62 95 70
62 96 24
63 66 14
63 67 92
63 68 70
63 70 4
63 71 16
63 73 19
63 80 58
63 81 26
63 82 11
63 83 6
63 94 95
63 100 4
64 65 39
64 68 24
64 69 45
64 72 68
64 73 92
64 75 82
64 76 100
64 78 57
64 81 21
64 82 72
64 83 49
64 87 34
64 88 75
64 89 62
64 93 65
64 94 86
64 99 97
64 100 60
65 73 99
65 78 40
65 79 100
65 81 26
65 84 1
65 87 88
65 89 16
65 93 66
65 96 80
65 100 78
66 68 70
66 83 64
66 86 6
66 90 100
66 93 74
66 95 80
66 96 43
66 97 23
66 98 91
66 100 18
67 69 23
67 70 59
67 73 97
67 76 67
67 77 89
67 79 48
67 83 52
67 84 55
67 85 13
67 88 79
67 89 79
67 99 7
68 70 37
68 71 11
68 75 2
68 81 27
68 82 100
68 83 40
68 92 71
68 93 40
68 94 2
68 100 58
69 70 9
69 79 23
69 81 82
69 83 11
69 84 10
69 89 14
69 93 3
69 94 25
69 96 14
69 98 39
70 74 18
70 75 48
70 77 1
70 78 28
70 79 49
70 92 11
70 93 25
70 95 96
70 96 7
70 98 12
70 99 52
71 72 46
71 83 14
71 87 77
71 89 22
71 90 4
71 91 98
71 92 14
71 96 14
71 99 79
72 73 53
72 76 70
72 79 86
72 80 53
72 81 31
72 82 11
72 87 84
72 89 80
72 90 81
72 94 57
72 95 62
72 98 95
72 100 56
73 74 4
73 75 98
73 77 93
73 92 100
73 94 56
73 95 89
73 99 1
74 75 34
74 78 66
74 79 76
74 84 53
74 85 7
74 87 84
74 88 44
74 93 84
74 94 23
74 95 32
74 100 54
75 76 61
75 77 92
75 78 12
75 80 71
75 81 22
75 82 81
75 84 75
75 86 66
75 90 65
75 94 20
75 95 62
75 100 72
76 77 55
76 78 78
76 80 69
76 83 27
76 87 35
76 88 58
76 93 42
76 94 66
76 95 34
76 96 57
76 99 24
76 100 91
77 79 64
77 83 33
77 85 34
77 90 54
77 92 47
77 94 39
77 97 75
77 99 35
78 82 89
78 83 42
78 84 72
78 86 99
78 89 100
78 90 92
78 98 67
78 100 64
79 82 86
79 85 99
79 88 3
79 91 43
79 95 95
79 96 53
79 97 92
79 98 70
80 81 4
80 83 89
80 84 14
80 88 23
80 89 63
80 93 31
81 84 89
81 89 5
81 91 79
81 97 31
81 98 60
81 100 62
82 88 96
82 90 100
82 93 58
82 94 80
82 100 63
83 85 6
83 89 22
83 91 15
83 97 70
84 87 12
84 88 28
85 93 47
85 94 24
86 87 92
86 88 93
86 89 72
86 90 34
86 92 38
86 99 44
86 100 74
87 88 26
87 91 16
87 94 24
87 95 95
87 97 2
87 100 70
88 90 41
88 93 28
88 94 12
88 95 70
88 100 74
89 90 86
89 91 32
89 95 9
89 98 11
90 94 73
90 98 49
91 97 72
91 98 33
91 99 38
91 100 97
92 93 16
92 98 26
92 100 55
93 94 25
93 95 69
93 96 32
93 99 91
93 100 14
94 95 80
94 97 77
94 100 76
95 97 23
95 99 81
95 100 84
96 97 87
96 98 51
98 100 59
99 100 18
1 7 57
1 8 73
1 9 93
1 10 7
1 11 35
1 12 18
1 14 35
1 16 39
1 21 61
1 23 27
1 25 88
1 27 45
1 30 22
1 31 32
1 35 28
1 38 72
1 41 85
1 45 86
1 49 56
1 51 34
1 54 28
1 55 74
1 57 54
1 60 4
1 62 55
1 65 94
1 73 58
1 75 97
1 79 73
1 80 29
1 82 27
1 83 98
1 85 28
1 86 8
1 87 93
1 96 59
1 98 23
1 100 92
2 6 17
2 12 85
2 17 67
2 20 88
2 23 94
2 27 46
2 28 90
2 30 24
2 32 90
2 34 17
2 45 75
2 46 69
2 53 10
2 54 63
2 55 95
2 57 13
2 60 62
2 64 7
2 65 1
2 68 83
2 69 62
2 72 72
2 75 61
2 76 63
2 79 44
2 82 92
2 83 25
2 87 10
2 88 78
2 93 7
2 94 44
2 95 87
2 96 19
2 97 74
2 100 85
3 5 63
3 6 33
3 8 23
3 11 42
3 14 64
3 15 24
3 24 67
3 28 37
3 31 33
3 32 70
3 33 20
3 36 77
3 37 19
3 39 91
3 40 30
3 43 50
3 49 55
3 53 58
3 56 62
3 58 12
3 60 55
3 61 82
3 63 72
3 65 58
3 66 52
3 67 37
3 68 60
3 77 80
3 78 7
3 79 21
3 80 57
3 81 59
3 83 25
3 88 53
3 90 6
3 91 97
3 95 88
3 96 89
3 97 56
3 99 22
3 100 61
4 5 48
4 7 34
4 9 32
4 13 12
4 16 48
4 17 93
4 18 84
4 20 82
4 22 62
4 26 45
4 29 24
4 30 89
4 31 48
4 33 92
4 34 23
4 36 50
4 37 65
4 38 96
4 39 28
4 44 92
4 47 99
4 48 54
4 52 83
4 53 10
4 55 66
4 56 55
4 57 39
4 60 56
4 61 60
4 67 39
4 70 44
4 72 34
4 74 94
4 78 74
4 80 80
4 88 87
4 89 61
4 92 37
4 93 27
4 94 72
4 96 73
4 98 49
5 8 41
5 13 83
5 15 4
5 17 43
5 18 11
5 19 70
5 20 25
5 22 96
5 24 11
5 28 47
5 30 70
5 32 70
5 34 65
5 35 44
5 37 18
5 39 25
5 41 26
5 47 5
5 48 7
5 49 16
5 50 63
5 55 54
5 60 2
5 62 41
5 64 21
5 65 45
5 72 35
5 73 71
5 74 93
5 81 66
5 84 10
5 87 85
5 89 27
5 91 20
5 92 15
5 93 95
5 96 43
5 98 84
5 100 57
6 8 96
6 12 90
6 13 16
6 14 64
6 17 74
6 21 86
6 25 32
6 28 84
6 29 76
6 32 56
6 33 26
6 40 26
6 41 7
6 42 87
6 45 16
6 46 4
6 50 62
6 56 2
6 60 51
6 61 80
6 62 88
6 63 13
6 71 45
6 72 22
6 73 40
6 83 23
6 85 33
6 86 65
6 88 91
6 91 80
6 97 21
6 98 59
6 99 99
6 100 8
7 8 81
7 11 63
7 12 68
7 13 30
7 15 87
7 16 89
7 18 75
7 20 92
7 21 5
7 27 23
7 28 24
7 30 41
7 31 88
7 32 5
7 33 20
7 34 39
7 36 18
7 37 2
7 38 3
7 41 81
7 43 21
7 46 74
7 50 93
7 54 49
7 57 41
7 58 50
7 59 8
7 60 40
7 61 35
7 65 20
7 67 51
7 68 24
7 69 36
7 70 51
7 71 29
7 72 25
7 73 50
7 75 65
7 76 59
7 78 21
7 79 83
7 83 16
7 85 40
7 89 87
7 93 66
7 95 88
7 96 10
7 97 41
7 98 92
7 100 1
8 11 19
8 15 59
8 17 75
8 22 36
8 23 75
8 24 57
8 26 76
8 29 97
8 33 22
8 34 88
8 38 4
8 39 95
8 43 21
8 45 77
8 46 48
8 51 64
8 52 47
8 53 32
8 58 17
8 60 23
8 64 74
8 65 29
8 66 100
8 70 54
8 71 14
8 72 58
8 76 63
8 79 92
8 80 6
8 81 31
8 84 53
8 85 19
8 88 89
8 90 15
8 93 51
8 96 23
9 12 85
9 13 62
9 14 15
9 15 88
9 16 38
9 18 3
9 22 98
9 25 33
9 28 3
9 29 18
9 30 4
9 31 9
9 40 6
9 42 53
9 46 18
9 50 24
9 52 33
9 53 9
9 58 79
9 60 55
9 63 41
9 65 19
9 66 68
9 68 39
9 69 91
9 72 45
9 74 15
9 75 48
9 78 24
9 79 31
9 83 69
9 84 90
9 86 56
9 89 1
9 96 16
9 97 50
9 100 87
10 12 99
10 14 39
10 17 21
10 19 38
10 20 77
10 21 84
10 23 86
10 24 78
10 25 38
10 26 23
10 27 56
10 28 10
10 29 12
10 30 12
10 33 58
10 34 91
10 35 48
10 38 40
10 43 44
10 44 84
10 45 85
10 46 28
10 48 100
10 51 32
10 54 68
10 60 50
10 61 70
10 62 37
10 64 81
10 66 96
10 67 93
10 73 65
10 74 28
10 76 8
10 79 57
10 82 10
10 89 51
10 92 22
10 93 5
10 94 42
10 96 42
11 13 41
11 16 78
11 19 68
11 25 39
11 26 52
11 27 46
11 28 64
11 30 52
11 35 7
11 39 25
11 46 30
11 47 17
11 49 60
11 50 29
11 51 82
11 52 34
11 54 3
11 55 84
11 60 13
11 61 69
11 62 20
11 64 63
11 65 43
11 67 68
11 73 54
11 74 27
11 75 52
11 77 61
11 81 53
11 91 71
11 92 98
11 97 99
11 98 51
11 100 18
12 13 38
12 15 58
12 16 78
12 19 22
12 23 5
12 28 1
12 31 44
12 32 43
12 34 66
12 38 23
12 39 70
12 41 24
12 43 20
12 48 15
12 50 86
12 53 54
12 61 59
12 63 55
12 64 56
12 65 78
12 68 73
12 71 56
12 75 55
12 80 13
12 83 23
12 89 54
12 90 44
12 91 16
