100 4456 1
1 2 61
1 3 30
1 6 29
1 8 16
1 9 15
1 11 80
1 13 100
1 14 28
1 15 53
1 18 8
1 19 91
1 22 77
1 26 50
1 28 40
1 29 98
1 31 83
1 32 94
1 33 41
1 35 69
1 37 100
1 43 7
1 47 93
1 48 72
1 51 49
1 52 41
1 56 19
1 58 17
1 61 53
1 65 88
1 66 58
1 67 72
1 68 77
1 69 97
1 70 33
1 78 84
1 80 47
1 82 23
1 83 51
1 85 16
1 86 84
1 88 36
1 94 71
1 96 86
1 97 94
1 98 59
1 100 62
2 3 53
2 5 28
2 9 91
2 10 31
2 12 12
2 17 74
2 19 15
2 20 87
2 22 31
2 23 14
2 27 77
2 30 19
2 31 30
2 36 56
2 37 91
2 38 75
2 39 67
2 40 42
2 41 48
2 43 88
2 45 4
2 46 52
2 48 81
2 51 44
2 52 94
2 53 77
2 54 75
2 56 45
2 58 36
2 60 11
2 61 64
2 65 79
2 67 13
2 69 4
2 71 56
2 74 7
2 75 45
2 78 35
2 79 94
2 80 83
2 82 87
2 85 87
2 86 23
2 88 63
2 89 24
2 91 74
2 93 55
2 96 92
2 98 21
2 99 61
3 7 33
3 8 58
3 10 20
3 14 3
3 21 29
3 23 68
3 24 20
3 27 19
3 30 56
3 32 89
3 35 62
3 37 15
3 38 33
3 40 10
3 41 56
3 42 2
3 43 62
3 46 60
3 47 79
3 53 7
3 54 14
3 55 98
3 56 83
3 58 16
3 59 14
3 64 23
3 65 32
3 66 29
3 72 44
3 73 66
3 75 23
3 77 15
3 79 23
3 81 88
3 86 8
3 91 43
3 92 60
3 96 47
3 97 13
3 99 32
4 5 76
4 8 39
4 9 12
4 11 42
4 12 3
4 14 51
4 15 73
4 17 37
4 19 46
4 22 29
4 23 12
4 30 84
4 33 32
4 42 87
4 45 99
4 48 1
4 50 80
4 51 7
4 52 76
4 53 64
4 54 48
4 60 15
4 61 83
4 63 28
4 64 46
4 65 84
4 67 58
4 75 9
4 77 81
4 79 26
4 83 85
4 89 94
4 91 55
4 92 52
4 96 34
4 98 3
4 99 91
5 8 2
5 10 82
5 15 88
5 16 95
5 19 22
5 21 27
5 25 14
5 32 13
5 34 9
5 37 25
5 39 89
5 40 99
5 41 25
5 42 40
5 44 79
5 45 99
5 47 32
5 49 22
5 56 51
5 58 28
5 65 46
5 66 30
5 67 40
5 69 87
5 70 23
5 77 14
5 78 73
5 80 13
5 81 6
5 82 28
5 84 53
5 85 69
5 88 14
5 89 48
5 93 69
5 97 39
5 98 14
6 8 100
6 11 15
6 12 47
6 13 43
6 17 78
6 18 4
6 19 4
6 20 100
6 26 42
6 30 63
6 31 12
6 35 52
6 36 67
6 37 92
6 39 72
6 40 59
6 42 30
6 44 99
6 45 29
6 51 29
6 58 96
6 59 58
6 61 6
6 62 56
6 63 16
6 70 22
6 72 75
6 76 83
6 81 50
6 83 80
6 84 73
6 87 35
6 88 54
6 90 26
6 92 52
6 96 67
6 97 25
6 98 37
7 10 43
7 14 30
7 16 90
7 21 15
7 22 29
7 24 49
7 25 100
7 27 79
7 28 94
7 30 41
7 31 60
7 35 54
7 37 18
7 38 81
7 39 13
7 43 10
7 46 33
7 49 67
7 50 49
7 55 17
7 56 16
7 57 50
7 58 99
7 59 85
7 62 56
7 63 40
7 64 13
7 66 4
7 67 16
7 70 5
7 71 2
7 73 10
7 74 94
7 75 50
7 78 84
7 80 30
7 81 81
7 84 36
7 86 88
7 89 33
7 90 90
8 9 97
8 10 34
8 12 27
8 13 18
8 14 24
8 15 45
8 18 32
8 23 21
8 29 92
8 31 52
8 41 21
8 42 39
8 43 69
8 44 25
8 48 78
8 53 93
8 55 82
8 57 35
8 58 19
8 67 45
8 69 93
8 71 52
8 74 46
8 75 81
8 79 11
8 86 74
8 87 68
8 90 68
8 95 80
8 96 96
8 98 45
8 99 35
8 100 41
9 11 4
9 18 17
9 19 31
9 20 59
9 27 37
9 31 92
9 33 30
9 35 90
9 37 50
9 38 71
9 42 6
9 44 68
9 47 55
9 49 62
9 52 29
9 54 27
9 58 84
9 59 10
9 60 9
9 61 26
9 65 13
9 69 6
9 70 22
9 74 94
9 80 36
9 84 28
9 85 60
9 92 81
9 94 97
9 95 91
9 98 83
10 12 29
10 14 91
10 19 22
10 20 37
10 22 94
10 24 42
10 25 90
10 26 71
10 31 77
10 34 59
10 36 18
10 41 58
10 46 74
10 49 52
10 52 10
10 56 6
10 65 98
10 66 4
10 67 63
10 69 5
10 75 20
10 77 20
10 79 84
10 82 49
10 85 56
10 86 70
10 91 52
10 93 80
11 12 50
11 16 61
11 21 17
11 23 51
11 30 15
11 31 24
11 33 19
11 35 36
11 36 79
11 38 39
11 39 14
11 41 1
11 43 37
11 49 74
11 53 40
11 54 18
11 55 49
11 56 93
11 57 39
11 58 10
11 59 51
11 60 33
11 62 32
11 63 42
11 64 65
11 67 69
11 68 99
11 74 11
11 77 54
11 78 50
11 80 84
11 81 29
11 82 6
11 83 85
11 84 88
11 85 2
11 89 93
11 90 70
11 92 94
11 93 92
11 96 40
11 98 21
11 100 52
12 15 99
12 18 87
12 19 18
12 20 63
12 23 13
12 25 28
12 27 86
12 29 26
12 30 75
12 32 88
12 35 23
12 42 84
12 44 60
12 45 26
12 46 5
12 47 70
12 50 95
12 55 79
12 57 78
12 59 95
12 60 9
12 61 23
12 64 27
12 69 30
12 71 35
12 75 62
12 76 54
12 79 98
12 80 55
12 81 14
12 82 65
12 83 88
12 84 24
12 85 68
12 89 80
12 90 82
12 94 19
12 98 93
12 99 90
12 100 10
13 14 48
13 15 36
13 21 15
13 22 27
13 24 55
13 26 30
13 27 81
13 28 11
13 33 29
13 38 39
13 39 26
13 41 20
13 46 27
13 47 49
13 50 2
13 54 97
13 56 92
13 58 17
13 59 51
13 65 24
13 71 47
13 73 15
13 75 6
13 78 11
13 80 30
13 82 54
13 83 96
13 84 15
13 88 77
13 91 87
13 92 93
13 93 35
13 95 17
13 96 26
13 99 12
13 100 52
14 16 94
14 19 47
14 20 86
14 24 36
14 29 51
14 37 56
14 40 49
14 41 38
14 42 89
14 43 28
14 46 50
14 49 94
14 59 100
14 62 7
14 64 51
14 65 37
14 66 32
14 67 18
14 68 75
14 69 67
14 71 56
14 73 29
14 78 25
14 79 57
14 80 41
14 85 5
14 86 8
14 87 45
14 89 66
14 91 97
14 92 55
14 93 4
14 95 57
14 97 42
14 100 13
15 16 99
15 18 18
15 19 33
15 21 19
15 25 7
15 28 93
15 31 77
15 32 56
15 33 40
15 34 59
15 35 49
15 37 39
15 41 40
15 43 94
15 44 39
15 48 2
15 49 40
15 53 18
15 54 62
15 56 56
15 58 23
15 59 25
15 61 34
15 65 72
15 68 68
15 69 69
15 71 49
15 72 21
15 73 28
15 74 34
15 85 76
15 90 81
15 93 34
15 94 13
15 96 2
15 100 13
16 26 58
16 27 55
16 29 51
16 30 31
16 32 46
16 34 59
16 35 47
16 36 82
16 37 90
16 41 53
16 45 25
16 47 13
16 49 39
16 60 68
16 63 24
16 70 21
16 72 91
16 74 54
16 81 44
16 82 19
16 84 84
16 86 71
16 88 30
16 89 99
16 99 4
16 100 92
17 23 24
17 24 28
17 26 85
17 27 78
17 28 46
17 30 84
17 31 31
17 33 38
17 36 29
17 37 50
17 38 24
17 40 68
17 41 44
17 45 81
17 47 7
17 48 78
17 50 86
17 52 87
17 55 63
17 58 51
17 59 61
17 60 3
17 61 9
17 62 20
17 65 34
17 68 96
17 69 13
17 75 28
17 77 76
17 80 59
17 82 99
17 85 38
17 87 2
17 88 60
17 91 1
17 98 71
18 19 17
18 20 19
18 22 13
18 23 86
18 25 31
18 31 5
18 33 27
18 35 55
18 36 40
18 38 54
18 39 10
18 41 92
18 42 11
18 45 40
18 47 72
18 50 1
18 51 94
18 52 88
18 55 86
18 58 83
18 61 31
18 63 51
18 64 91
18 67 45
18 68 19
18 71 65
18 74 25
18 78 20
18 80 56
18 81 74
18 84 14
18 86 93
18 87 27
18 88 40
18 94 58
18 95 95
19 25 89
19 26 50
19 27 26
19 28 59
19 31 11
19 33 70
19 35 61
19 39 83
19 41 18
19 44 84
19 45 7
19 46 40
19 51 80
19 52 99
19 55 48
19 56 69
19 61 36
19 62 80
19 64 8
19 66 73
19 71 7
19 73 98
19 74 74
19 75 49
19 77 56
19 80 23
19 84 86
19 87 84
19 91 47
19 94 16
19 95 4
19 96 4
19 99 19
20 23 60
20 25 73
20 36 27
20 37 2
20 39 27
20 41 8
20 43 15
20 44 51
20 47 83
20 48 78
20 49 36
20 51 50
20 54 31
20 60 41
20 64 29
20 70 58
20 72 54
20 73 99
20 78 33
20 80 53
20 81 44
20 83 97
20 86 57
20 90 18
20 91 48
20 97 27
21 22 31
21 24 36
21 30 31
21 33 74
21 34 51
21 35 78
21 37 17
21 38 48
21 40 38
21 41 79
21 43 82
21 47 28
21 48 88
21 49 37
21 51 9
21 57 98
21 61 89
21 62 22
21 64 41
21 65 82
21 69 57
21 71 29
21 74 46
21 77 66
21 80 7
21 81 67
21 83 86
21 84 24
21 87 5
21 89 76
21 92 43
21 93 74
21 94 72
21 97 32
21 100 56
22 23 80
22 25 52
22 30 36
22 32 74
22 33 6
22 36 99
22 41 43
22 43 44
22 44 96
22 47 91
22 55 90
22 58 13
22 60 12
22 61 49
22 63 62
22 65 68
22 68 80
22 69 91
22 70 87
22 72 12
22 77 60
22 78 71
22 81 53
22 86 87
22 89 86
22 91 30
22 92 65
22 93 90
22 95 37
22 98 48
22 100 25
23 24 79
23 28 39
23 31 68
23 33 94
23 38 65
23 39 100
23 45 39
23 49 20
23 50 18
23 51 70
23 57 68
23 63 55
23 65 69
23 66 66
23 75 76
23 78 32
23 83 15
23 86 12
23 87 27
23 90 48
23 93 5
23 95 55
23 100 82
24 28 16
24 29 8
24 34 62
24 36 40
24 38 25
24 39 66
24 42 36
24 44 50
24 45 95
24 46 48
24 50 64
24 51 8
24 52 88
24 53 53
24 59 27
24 62 33
24 64 76
24 68 21
24 71 50
24 73 37
24 74 8
24 77 31
24 81 48
24 84 13
24 89 78
24 91 60
24 92 72
24 95 27
24 97 96
24 100 57
25 28 80
25 35 25
25 39 29
25 40 68
25 42 14
25 43 69
25 45 20
25 46 6
25 49 30
25 56 1
25 58 31
25 59 66
25 61 62
25 62 24
25 63 5
25 64 15
25 65 10
25 66 49
25 67 2
25 71 23
25 72 71
25 73 6
25 75 52
25 76 92
25 77 56
25 80 100
25 86 36
25 87 93
25 88 75
25 95 42
26 29 84
26 31 46
26 34 47
26 35 7
26 37 52
26 38 51
26 39 19
26 41 31
26 47 18
26 49 89
26 53 7
26 58 92
26 76 76
26 78 26
26 80 91
26 82 23
26 85 25
26 86 4
26 89 74
26 92 92
26 94 81
26 98 17
27 29 91
27 34 23
27 37 74
27 41 18
27 44 96
27 47 18
27 52 97
27 55 5
27 58 90
27 60 73
27 62 79
27 64 43
27 65 74
27 66 49
27 67 22
27 72 79
27 78 56
27 79 56
27 82 85
27 88 60
27 89 20
27 91 96
27 94 70
27 96 6
27 97 21
27 99 82
28 29 37
28 32 26
28 33 21
28 35 14
28 36 93
28 37 89
28 40 71
28 45 8
28 47 76
28 49 22
28 54 1
28 56 72
28 57 1
28 59 65
28 60 54
28 63 81
28 68 57
28 70 78
28 71 45
28 75 63
28 76 27
28 77 23
28 78 79
28 82 78
28 83 65
28 84 1
28 89 13
28 93 85
28 94 100
28 96 2
28 98 5
29 30 24
29 33 5
29 34 48
29 35 39
29 36 63
29 38 14
29 39 72
29 41 47
29 49 94
29 54 58
29 56 22
29 64 36
29 68 16
29 71 80
29 73 72
29 75 32
29 77 20
29 80 51
29 81 52
29 83 61
29 87 31
29 96 79
30 33 6
30 34 88
30 37 78
30 38 8
30 39 22
30 41 64
30 42 4
30 43 25
30 47 43
30 53 82
30 55 9
30 57 79
30 60 47
30 62 33
30 63 85
30 64 61
30 67 63
30 69 32
30 70 41
30 71 53
30 74 8
30 75 100
30 81 57
30 82 65
30 83 85
30 86 1
30 90 77
30 92 64
30 94 2
30 96 28
30 97 57
30 100 8
31 36 95
31 37 38
31 41 7
31 45 81
31 48 48
31 49 33
31 50 12
31 51 54
31 52 7
31 54 36
31 58 37
31 63 49
31 64 63
31 65 43
31 67 92
31 71 47
31 72 76
31 74 87
31 75 40
31 76 31
31 77 71
31 79 27
31 80 9
31 82 93
31 88 59
31 90 68
31 94 46
31 96 21
31 98 99
31 99 15
32 34 18
32 35 84
32 37 62
32 41 12
32 42 39
32 44 79
32 45 45
32 49 54
32 50 44
32 52 51
32 55 27
32 58 45
32 61 17
32 63 15
32 66 39
32 68 85
32 70 56
32 72 35
32 73 70
32 75 91
32 81 57
32 84 4
32 86 84
32 91 97
32 92 92
32 93 73
32 99 40
32 100 16
33 34 69
33 35 9
33 37 94
33 38 74
33 42 73
33 46 85
33 47 73
33 54 87
33 55 62
33 57 93
33 58 24
33 59 23
33 61 18
33 62 52
33 64 25
33 66 59
33 74 82
33 77 3
33 82 70
33 84 98
33 86 35
33 88 26
33 91 7
33 93 59
33 94 59
33 96 41
34 38 99
34 39 68
34 41 44
34 42 87
34 44 82
34 45 71
34 46 51
34 48 28
34 56 36
34 57 58
34 58 57
34 60 44
34 61 97
34 66 98
34 68 64
34 70 74
34 71 36
34 78 35
34 79 68
34 80 79
34 81 93
34 84 20
34 86 22
34 89 8
34 92 20
34 96 37
34 97 45
34 98 3
35 37 7
35 39 96
35 43 32
35 45 34
35 49 83
35 53 87
35 56 77
35 59 22
35 60 60
35 61 75
35 63 5
35 64 95
35 69 4
35 70 42
35 71 9
35 73 90
35 77 11
35 78 95
35 83 5
35 85 31
35 86 88
35 87 60
35 91 73
35 96 15
35 97 11
35 98 19
35 99 52
36 38 63
36 39 91
36 40 81
36 42 29
36 44 14
36 46 39
36 47 59
36 48 65
36 50 98
36 52 85
36 55 75
36 56 76
36 60 96
36 61 84
36 62 84
36 63 14
36 64 38
36 67 59
36 68 14
36 73 44
36 74 66
36 76 6
36 77 65
36 78 97
36 79 100
36 80 82
36 82 3
36 83 92
36 87 39
36 88 53
36 90 39
36 92 68
36 94 28
36 95 72
36 97 90
37 39 68
37 40 40
37 41 78
37 44 28
37 46 80
37 48 45
37 50 36
37 52 98
37 53 53
37 56 61
37 57 38
37 60 13
37 72 54
37 73 18
37 76 84
37 77 10
37 79 31
37 81 2
37 82 67
37 83 95
37 84 55
37 86 35
37 87 76
37 89 54
37 90 1
37 93 14
37 98 24
38 39 33
38 43 30
38 44 81
38 48 40
38 51 59
38 52 80
38 53 100
38 54 32
38 56 37
38 58 86
38 60 34
38 61 24
38 66 90
38 67 32
38 68 86
38 71 10
38 73 69
38 75 48
38 76 20
38 83 80
38 84 86
38 86 42
38 92 97
38 94 32
38 95 47
38 96 34
38 100 19
39 42 19
39 43 59
39 44 83
39 46 80
39 48 15
39 49 42
39 51 97
39 53 50
39 54 98
39 56 80
39 67 7
39 69 40
39 71 37
39 72 80
39 73 49
39 77 58
39 80 17
39 82 51
39 85 42
39 86 77
39 92 30
39 94 40
39 96 4
39 97 20
40 41 73
40 42 73
40 43 78
40 44 84
40 49 33
40 50 35
40 51 31
40 55 31
40 57 17
40 62 65
40 67 55
40 69 87
40 71 46
40 72 92
40 77 23
40 79 34
40 81 32
40 82 91
40 91 28
40 95 9
40 98 49
40 99 80
40 100 75
41 49 71
41 50 38
41 53 13
41 57 91
41 64 64
41 66 81
41 67 88
41 71 80
41 74 81
41 75 94
41 77 99
41 78 13
41 80 63
41 82 86
41 85 45
41 91 72
41 92 44
41 93 71
41 95 27
41 96 46
41 98 82
41 99 45
41 100 39
42 45 64
42 49 20
42 51 31
42 52 44
42 55 10
42 57 86
42 63 6
42 69 49
42 70 96
42 72 95
42 73 79
42 75 90
42 77 6
42 78 97
42 84 94
42 85 2
42 86 17
42 87 96
42 88 50
42 89 37
42 91 11
42 93 36
42 96 25
43 48 23
43 49 88
43 52 3
43 55 52
43 57 39
43 61 39
43 62 16
43 64 50
43 68 11
43 70 42
43 71 82
43 73 48
43 74 72
43 75 44
43 76 19
43 78 78
43 89 41
43 90 71
43 93 11
43 94 24
43 96 94
43 99 91
44 48 23
44 50 28
44 52 8
44 53 100
44 55 35
44 57 34
44 61 10
44 62 97
44 63 8
44 64 74
44 70 62
44 71 28
44 72 91
44 73 19
44 76 98
44 77 29
44 78 4
44 80 62
44 83 1
44 87 33
44 91 78
44 92 94
44 93 46
44 96 89
44 99 18
45 53 61
45 54 49
45 58 94
45 60 41
45 61 38
45 62 40
45 63 35
45 67 13
45 74 50
45 80 43
45 81 44
45 85 78
45 86 14
45 88 82
45 89 68
45 94 65
45 100 6
46 50 42
46 51 39
46 53 59
46 54 73
46 56 53
46 57 71
46 58 10
46 60 73
46 61 64
46 67 14
46 68 58
46 73 80
46 78 37
46 79 29
46 80 41
46 82 4
46 83 10
46 84 54
46 87 82
46 89 86
46 93 68
46 98 87
46 100 80
47 49 56
47 52 65
47 53 58
47 55 20
47 57 21
47 61 38
47 62 13
47 74 19
47 78 84
47 81 10
47 83 47
47 84 100
47 87 10
47 90 18
47 92 3
47 95 12
47 97 36
47 98 16
47 99 82
48 50 1
48 52 57
48 53 81
48 54 83
48 58 94
48 61 60
48 67 20
48 70 100
48 74 58
48 75 89
48 76 64
48 77 50
48 80 87
48 82 57
48 84 29
48 85 33
48 86 1
48 87 89
48 89 41
48 94 33
48 95 44
48 96 20
48 97 92
48 98 62
48 99 37
49 53 62
49 54 55
49 55 57
49 60 16
49 62 26
49 66 84
49 67 72
49 69 94
49 70 65
49 74 17
49 76 69
49 77 45
49 79 16
49 80 97
49 82 2
49 89 69
49 94 60
49 95 46
49 97 50
49 98 91
50 52 28
50 54 60
50 57 65
50 61 39
50 62 94
50 66 38
50 69 18
50 70 100
50 72 87
50 73 57
50 74 60
50 75 46
50 76 68
50 78 87
50 80 23
50 87 11
50 89 53
50 90 91
50 94 32
50 95 25
50 96 67
50 97 93
51 52 90
51 53 75
51 55 47
51 57 7
51 67 23
51 72 59
51 75 77
51 77 28
51 82 56
51 83 42
51 85 22
51 87 96
51 89 66
51 91 90
51 94 79
51 95 55
51 97 40
51 100 45
52 53 76
52 54 29
52 59 50
52 63 8
52 69 18
52 71 84
52 73 93
52 76 83
52 77 19
52 79 64
52 80 54
52 83 81
52 85 32
52 87 88
52 91 91
52 96 22
52 97 30
52 99 42
53 54 59
53 56 91
53 57 1
53 64 56
53 68 59
53 69 22
53 72 45
53 80 50
53 84 100
53 87 69
53 91 59
53 92 15
54 55 66
54 58 39
54 62 18
54 67 30
54 70 44
54 71 16
54 74 34
54 81 75
54 86 47
54 89 86
54 91 67
54 92 97
54 93 94
54 96 75
54 98 55
54 99 82
54 100 71
55 56 26
55 58 38
55 59 45
55 67 32
55 69 3
55 71 12
55 74 71
55 75 26
55 82 14
55 86 6
55 88 99
55 90 86
55 93 5
55 95 24
55 99 76
56 57 16
56 58 27
56 62 43
56 64 69
56 66 52
56 69 55
56 71 35
56 76 53
56 77 3
56 78 64
56 79 26
56 84 17
56 87 80
56 89 51
56 93 27
56 95 69
56 98 75
57 59 100
57 61 37
57 62 66
57 64 53
57 70 21
57 75 34
57 79 52
57 82 60
57 84 76
57 86 56
57 91 70
57 95 4
57 96 70
58 59 86
58 60 53
58 62 47
58 65 18
58 66 5
58 72 85
58 73 7
58 80 73
58 86 8
58 88 91
58 89 76
58 92 79
58 96 51
58 98 66
58 99 52
58 100 42
59 60 4
59 61 13
59 62 61
59 63 7
59 65 45
59 66 18
59 68 40
59 77 21
59 78 30
59 86 30
59 87 83
59 90 17
59 95 56
59 96 15
59 97 31
60 68 28
60 70 35
60 72 95
60 73 5
60 79 53
60 81 58
60 83 35
60 84 41
60 86 54
60 89 60
60 90 93
60 93 80
60 95 75
60 97 11
61 64 90
61 65 48
61 68 5
61 73 42
61 74 25
61 76 26
61 81 66
61 84 57
61 87 19
61 89 67
61 91 54
61 93 27
61 94 3
61 95 76
61 98 25
62 65 8
62 66 74
62 70 82
62 71 31
62 72 60
62 76 48
62 78 54
62 81 30
62 82 99
62 84 91
62 85 8
62 86 3
62 88 18
62 90 68
62 91 45
62 92 32
62 94 2
62 98 66
62 99 43
63 64 87
63 67 48
63 69 16
63 70 70
63 71 52
63 74 94
63 75 63
63 80 3
63 81 32
63 82 6
63 85 66
63 86 13
63 88 66
63 89 33
63 92 86
63 93 4
63 94 93
63 95 61
63 98 60
63 99 44
63 100 62
64 68 26
64 69 13
64 70 4
64 71 67
64 73 60
64 74 34
64 75 7
64 79 64
64 81 11
64 82 90
64 85 54
64 88 46
64 99 32
65 66 68
65 67 95
65 69 68
65 75 65
65 76 88
65 78 54
65 80 61
65 82 94
65 86 9
65 90 42
65 91 34
65 96 79
65 97 87
65 98 2
65 99 43
65 100 65
66 67 63
66 73 63
66 77 6
66 78 11
66 79 90
66 82 69
66 84 10
66 85 27
66 91 56
66 95 81
66 97 8
66 100 67
67 68 90
67 72 16
67 74 90
67 81 22
67 83 23
67 85 39
67 88 33
67 90 56
67 92 68
67 94 14
67 96 48
67 97 37
67 99 63
67 100 57
68 72 12
68 73 33
68 74 85
68 75 85
68 77 42
68 78 59
68 81 13
68 83 45
68 86 9
68 88 43
68 89 78
68 90 93
68 92 87
68 98 14
68 99 38
69 71 16
69 74 2
69 77 55
69 78 99
69 79 34
69 83 55
69 86 17
69 87 100
69 90 21
69 93 80
69 94 87
69 98 38
69 99 33
70 72 40
70 77 45
70 78 13
70 80 24
70 88 42
70 95 9
70 96 88
70 99 51
70 100 78
71 75 75
71 78 23
71 80 32
71 82 28
71 83 20
71 84 48
71 85 74
71 87 92
71 91 3
71 95 32
71 98 20
72 74 95
72 75 11
72 77 42
72 83 47
72 85 41
72 89 69
72 90 68
72 93 14
72 94 67
72 99 59
72 100 86
73 74 25
73 76 55
73 79 78
73 81 21
73 83 38
73 84 33
73 87 39
73 88 60
73 89 19
73 91 47
73 95 80
73 96 32
73 97 69
74 76 62
74 77 51
74 83 9
74 84 58
74 88 76
74 89 32
74 90 60
74 91 72
74 92 97
74 95 74
74 97 8
74 100 98
75 76 40
75 79 91
75 80 48
75 81 79
75 82 78
75 86 60
75 87 4
75 89 18
75 90 83
75 91 11
75 92 78
75 94 2
75 95 4
75 96 77
75 97 4
76 77 20
76 79 75
76 85 44
76 87 76
76 88 27
76 89 93
76 92 90
76 93 21
76 100 57
77 79 18
77 80 66
77 83 39
77 84 26
77 85 11
77 89 38
77 90 81
77 94 19
77 96 13
78 79 98
78 81 92
78 86 74
78 87 39
78 88 79
78 89 63
78 92 95
78 93 69
78 96 72
78 98 4
79 80 56
79 81 16
79 82 63
79 83 17
79 86 28
79 88 92
79 89 49
79 94 2
79 98 47
79 99 79
80 81 17
80 82 65
80 88 11
80 89 92
80 90 45
80 91 21
80 94 71
80 95 22
80 96 74
80 97 62
81 82 44
81 83 99
81 85 73
81 86 88
81 90 35
81 91 78
81 92 59
81 95 97
81 97 15
82 83 98
82 86 56
82 89 24
82 92 65
82 96 21
82 98 78
83 87 83
83 89 44
83 90 47
83 91 10
83 92 16
83 93 24
83 94 10
83 96 15
84 85 67
84 86 9
84 88 16
84 92 51
85 86 36
85 92 72
85 94 2
85 98 14
85 99 51
85 100 49
86 87 79
86 88 19
86 89 32
86 90 12
86 92 69
86 93 46
86 97 38
86 98 5
87 89 43
87 92 21
87 94 95
87 98 74
87 99 18
88 90 62
88 92 7
88 93 98
88 95 72
88 98 23
88 99 12
89 93 23
89 99 19
90 93 28
90 94 40
90 95 48
90 98 52
90 99 93
90 100 51
91 93 88
91 94 75
91 95 3
91 96 64
91 98 43
91 100 68
92 93 56
93 95 31
93 96 29
93 99 43
93 100 4
94 97 58
94 98 63
94 100 57
95 98 44
95 99 9
95 100 68
96 98 10
96 99 33
97 98 42
98 99 59
1 5 58
1 8 40
1 9 41
1 10 62
1 11 73
1 14 26
1 17 49
1 21 15
1 22 76
1 23 65
1 26 73
1 27 5
1 28 43
1 29 75
1 30 10
1 32 60
1 33 42
1 36 49
1 38 63
1 40 85
1 44 32
1 46 74
1 47 36
1 50 22
1 51 33
1 54 54
1 59 46
1 60 83
1 61 42
1 62 43
1 66 91
1 69 100
1 72 97
1 73 96
1 76 42
1 79 80
1 80 47
1 83 57
1 87 30
1 89 72
1 91 70
1 96 24
1 98 25
1 99 2
2 3 15
2 4 70
2 5 79
2 6 98
2 11 74
2 17 79
2 22 91
2 28 65
2 30 86
2 32 7
2 34 56
2 36 92
2 37 65
2 40 94
2 45 49
2 51 93
2 56 36
2 57 62
2 58 56
2 59 94
2 62 5
2 65 50
2 68 77
2 69 8
2 76 72
2 77 65
2 78 96
2 84 2
2 86 66
2 92 50
2 94 26
2 95 98
2 97 19
2 98 16
3 4 51
3 6 100
3 7 22
3 12 41
3 14 16
3 16 24
3 17 11
3 22 34
3 25 76
3 26 4
3 29 27
3 31 26
3 36 87
3 37 31
3 40 14
3 41 53
3 42 47
3 44 57
3 45 17
3 46 30
3 47 57
3 53 27
3 54 84
3 59 10
3 64 41
3 67 84
3 68 89
3 71 27
3 72 28
3 74 19
3 81 66
3 84 15
3 87 98
3 89 10
3 91 65
3 92 50
3 94 58
3 97 33
3 100 45
4 13 14
4 14 55
4 15 73
4 17 30
4 18 2
4 19 28
4 20 2
4 23 78
4 24 7
4 25 21
4 28 92
4 33 67
4 35 62
4 38 14
4 40 32
4 42 52
4 46 88
4 49 41
4 51 22
4 52 93
4 54 87
4 57 67
4 58 8
4 59 23
4 60 60
4 61 46
4 62 47
4 64 29
4 68 35
4 74 64
4 75 96
4 78 92
4 81 63
4 87 53
4 88 36
4 90 21
4 94 32
4 96 92
4 97 52
4 98 22
4 99 31
4 100 99
5 8 15
5 9 44
5 11 80
5 12 87
5 14 28
5 16 34
5 21 76
5 25 94
5 29 29
5 31 59
5 32 37
5 34 92
5 39 77
5 42 46
5 48 76
5 50 36
5 54 84
5 55 61
5 56 89
5 58 40
5 59 90
5 65 66
5 66 7
5 67 63
5 68 69
5 74 40
5 76 78
5 77 91
5 80 90
5 83 57
5 85 25
5 88 5
5 89 4
5 90 26
5 91 89
5 98 50
5 100 87
6 7 67
6 8 63
6 9 37
6 10 16
6 12 77
6 14 27
6 16 25
6 17 48
6 20 54
6 22 25
6 23 73
6 24 77
6 26 15
6 27 21
6 30 26
6 31 18
6 33 70
6 35 20
6 38 78
6 39 7
6 40 19
6 45 53
6 47 87
6 48 86
6 50 59
6 51 91
6 53 32
6 57 98
6 59 79
6 67 2
6 73 96
6 77 4
6 79 10
6 85 70
6 87 44
6 88 92
6 89 91
6 93 18
6 95 39
6 98 21
6 99 40
6 100 32
7 9 55
7 10 63
7 11 40
7 14 45
7 15 71
7 18 87
7 19 75
7 22 6
7 24 99
7 31 53
7 40 54
7 42 90
7 45 69
7 46 65
7 53 11
7 54 68
7 55 79
7 58 3
7 72 24
7 74 45
7 77 54
7 79 100
7 82 89
7 88 44
7 89 5
7 90 67
7 91 8
7 94 75
7 100 80
8 10 67
8 16 91
8 18 11
8 20 31
8 23 34
8 28 64
8 31 6
8 32 62
8 33 99
8 34 43
8 36 94
8 39 28
8 42 95
8 47 74
8 52 71
8 53 54
8 54 26
8 55 25
8 56 40
8 57 78
8 68 1
8 71 33
8 72 60
8 76 90
8 77 45
8 80 77
8 85 84
8 86 86
8 90 48
8 92 96
8 93 36
8 94 79
8 95 29
8 96 2
8 98 71
8 99 4
8 100 61
9 10 80
9 12 36
9 13 52
9 18 54
9 22 83
9 24 75
9 26 75
9 28 1
9 30 98
9 36 42
9 38 33
9 39 1
9 43 72
9 44 67
9 45 30
9 46 12
9 48 78
9 50 68
9 51 63
9 53 65
9 55 36
9 58 66
9 59 29
9 60 16
9 65 24
9 71 14
9 75 74
9 76 91
9 77 39
9 78 13
9 80 16
9 81 80
9 82 28
9 83 24
9 84 64
9 86 34
9 88 90
9 92 41
9 93 25
9 94 39
10 12 72
10 16 71
10 17 43
10 18 26
10 19 90
10 23 98
10 24 21
10 26 52
10 27 19
10 30 99
10 31 21
10 40 34
10 41 11
10 45 65
10 46 82
10 48 45
10 50 29
10 51 37
10 52 10
10 55 89
10 58 47
10 60 60
10 61 95
10 64 52
10 70 96
10 74 35
10 75 62
10 78 14
10 82 58
10 83 46
10 84 99
10 87 22
10 88 68
10 89 80
10 90 6
10 91 7
10 92 48
10 93 39
10 96 42
10 99 79
10 100 29
11 15 81
11 17 82
11 18 49
11 23 58
11 24 51
11 25 32
11 26 27
11 28 23
11 30 96
11 31 72
11 32 97
11 34 31
11 35 95
11 36 55
11 37 27
11 39 84
11 41 77
11 45 74
11 47 68
11 48 50
11 49 41
11 52 97
11 54 18
11 55 56
11 57 31
11 58 56
11 60 25
11 63 76
11 64 19
11 66 72
11 67 45
11 68 66
11 69 6
11 70 29
11 77 79
11 82 72
11 83 64
11 84 7
11 86 54
11 90 69
11 91 83
11 94 71
11 100 16
12 13 76
12 14 66
12 15 92
12 28 47
12 29 89
12 30 7
12 31 6
12 32 62
12 39 48
12 40 95
12 41 52
12 44 20
12 45 74
12 46 15
12 48 100
12 50 70
12 54 96
12 55 5
12 57 98
12 59 45
12 61 23
12 63 46
12 64 7
12 65 54
12 66 65
12 67 99
12 68 52
12 69 83
12 72 93
12 73 33
12 75 97
12 76 11
12 77 31
12 80 3
12 82 16
12 83 100
12 84 14
12 92 92
12 95 55
12 99 82
13 18 43
13 19 80
13 21 21
13 22 62
13 23 56
13 25 83
13 31 21
13 33 99
13 35 71
13 47 28
13 49 57
13 50 39
13 51 17
13 57 51
13 59 20
13 61 42
13 63 52
13 69 97
13 70 52
13 71 76
13 72 99
13 73 85
13 74 86
13 76 53
13 86 32
13 88 14
13 89 2
13 92 61
13 97 94
13 98 39
14 16 23
14 17 51
14 19 86
14 20 36
14 23 54
14 25 99
14 26 28
14 27 84
14 28 93
14 29 17
14 30 65
14 36 54
14 38 56
14 39 78
14 42 16
14 43 75
14 44 81
14 49 11
14 54 33
14 60 77
14 62 99
14 63 38
14 65 82
14 71 52
14 75 49
14 81 45
14 89 62
14 92 33
14 97 91
15 16 68
15 17 28
15 18 66
15 20 60
15 23 53
15 25 3
15 26 92
15 30 51
15 33 52
15 37 57
15 41 67
15 44 93
15 45 87
15 46 87
15 47 44
15 51 1
15 53 18
15 57 83
15 65 33
15 66 48
15 68 80
15 70 79
15 71 78
15 74 18
15 75 90
15 76 71
15 79 44
15 80 95
15 82 88
15 84 73
15 85 30
15 89 55
15 90 75
15 91 14
15 93 23
15 94 36
15 98 36
15 100 56
16 19 84
16 22 56
16 23 70
16 25 19
16 26 85
16 27 2
16 28 68
16 32 24
16 35 87
16 36 89
16 37 99
16 38 46
16 39 100
16 42 43
16 43 90
16 46 77
16 48 28
16 50 70
16 51 2
16 53 33
16 54 93
16 57 22
16 65 58
16 66 20
16 67 83
16 73 63
16 74 37
16 76 97
16 77 68
16 80 20
16 81 93
16 82 42
16 83 56
16 84 77
16 86 95
16 87 33
16 90 17
16 91 56
16 94 47
16 95 46
16 96 61
17 21 1
17 26 20
17 27 88
17 28 5
17 30 67
17 34 57
17 35 19
17 37 77
17 41 17
17 47 69
17 50 29
17 57 85
17 58 53
17 60 57
17 61 34
17 64 69
17 68 50
17 69 100
17 70 95
17 73 8
17 77 30
17 78 23
17 79 91
17 81 72
17 90 60
17 92 41
17 95 61
17 97 61
17 99 74
17 100 67
18 19 23
18 20 11
18 23 92
18 27 73
18 32 24
18 35 25
18 37 18
18 46 28
18 49 97
18 50 5
18 51 22
18 52 49
18 54 27
18 55 84
18 56 27
18 57 37
18 58 96
18 61 81
18 62 12
18 63 40
18 64 11
18 69 86
18 71 33
18 73 27
18 74 73
18 79 1
18 86 94
18 88 41
18 92 51
18 94 80
18 96 42
18 99 54
18 100 98
19 21 98
19 26 67
19 28 58
19 29 92
19 31 22
19 39 67
19 42 22
19 46 32
19 47 56
19 50 43
19 54 3
19 56 28
19 60 60
19 64 24
19 65 17
19 67 7
19 68 4
19 70 85
19 73 6
19 74 13
19 78 22
19 79 87
19 81 96
19 82 44
19 84 86
19 86 92
19 87 74
19 89 26
19 90 64
19 94 29
19 96 70
20 26 83
20 28 13
20 31 69
20 34 56
20 35 39
20 37 33
20 38 75
20 42 18
20 43 55
20 44 96
20 45 51
20 48 2
20 57 21
20 58 79
20 61 53
20 62 100
20 64 48
20 70 4
20 71 97
20 74 25
20 75 77
20 77 85
20 81 83
20 82 63
20 83 6
20 87 99
20 88 17
20 92 58
20 93 56
20 94 45
20 98 97
21 22 97
21 29 20
21 30 36
21 31 7
21 33 73
21 36 40
21 37 69
21 43 82
21 44 2
21 49 88
21 50 54
21 56 52
21 57 47
21 58 67
21 59 87
21 61 10
21 67 26
21 70 64
21 71 68
21 72 60
21 73 17
21 74 76
21 75 84
21 76 95
21 79 34
21 81 17
21 82 61
21 84 81
21 85 92
21 86 21
21 87 58
21 89 61
21 90 35
21 91 68
21 92 64
21 93 77
21 94 12
21 96 43
21 97 37
21 98 50
21 99 79
22 25 4
22 26 95
22 47 6
22 51 19
22 54 11
22 60 50
22 64 78
22 67 25
22 69 90
22 71 63
22 76 29
22 77 47
22 78 13
22 80 68
22 81 79
22 82 10
22 90 31
22 92 50
22 93 91
22 95 20
22 97 81
22 99 19
22 100 53
23 25 82
23 26 98
23 30 85
23 34 87
23 35 58
23 37 88
23 41 68
23 42 68
23 47 74
23 49 73
23 51 85
23 52 61
23 54 42
23 57 10
23 60 84
23 63 53
23 65 89
23 71 76
23 74 87
23 76 1
23 79 52
23 81 15
23 82 76
23 84 16
23 90 7
23 93 48
23 96 37
24 26 21
24 27 1
24 30 70
24 31 47
24 34 91
24 36 84
24 49 7
24 50 24
24 51 67
24 54 33
24 55 50
24 56 27
24 57 83
24 60 48
24 63 83
24 64 82
24 69 63
24 73 97
24 75 41
24 76 58
24 78 78
24 83 44
24 85 65
24 88 22
24 89 39
24 93 45
24 94 32
24 95 69
24 96 67
24 98 78
25 29 82
25 30 2
25 31 77
25 34 15
25 36 65
25 38 15
25 40 35
25 42 41
25 43 34
25 45 52
25 48 59
25 50 90
25 51 39
25 55 20
25 57 76
25 61 91
25 62 88
25 64 66
25 67 49
25 69 4
25 71 62
25 75 38
25 77 99
25 78 7
25 88 33
25 89 80
25 90 45
25 91 24
25 92 74
25 95 90
25 97 15
25 98 40
25 99 40
26 28 48
26 30 91
26 31 72
26 32 9
26 36 16
26 37 47
26 38 16
26 44 58
26 45 5
26 48 16
26 51 37
26 52 87
26 57 63
26 59 63
26 60 59
26 62 99
26 65 45
26 68 40
26 69 6
26 73 57
26 74 96
26 75 98
26 76 70
26 77 96
26 81 11
26 85 91
26 96 7
26 97 92
27 39 9
27 40 59
27 42 57
27 46 4
27 48 35
27 51 25
27 52 13
27 55 12
27 61 62
27 62 3
27 64 12
27 65 18
27 66 42
27 68 40
27 70 38
27 71 34
27 74 59
27 82 86
27 83 82
27 85 87
27 86 69
27 87 14
27 89 46
27 91 70
27 98 33
27 100 23
28 29 83
28 42 21
28 43 47
28 45 32
28 46 40
28 48 26
28 49 79
28 51 38
28 52 85
28 57 51
28 58 82
28 63 54
28 64 32
28 68 3
28 69 33
28 72 76
28 73 96
28 74 72
28 77 52
28 78 24
28 79 30
28 83 66
28 84 35
28 86 37
28 87 89
28 91 57
28 92 69
28 96 72
28 98 99
28 99 86
29 31 97
29 33 39
29 34 86
29 36 29
29 37 64
29 38 56
29 39 60
29 41 81
29 42 35
29 43 10
29 44 100
29 47 12
29 52 44
29 54 69
29 55 80
29 56 34
29 57 33
29 59 79
29 63 3
29 65 17
29 66 52
29 67 24
29 68 60
29 78 44
29 84 100
29 85 58
29 86 4
29 91 8
29 93 22
29 95 8
30 34 60
30 39 61
30 42 14
30 46 66
30 48 12
30 53 45
30 55 21
30 61 29
30 64 17
30 66 95
30 67 26
30 68 66
30 69 38
30 74 100
30 75 26
30 77 20
30 82 89
30 84 91
30 89 35
30 93 82
30 94 86
30 95 38
30 98 28
30 99 86
30 100 82
31 36 25
31 40 20
31 41 60
31 44 34
31 45 94
31 47 81
31 53 31
31 54 47
31 55 82
31 61 44
31 62 18
31 64 87
31 65 38
31 69 23
31 72 33
31 77 3
31 78 18
31 80 6
31 87 57
31 88 64
31 90 25
31 93 67
31 96 70
31 97 35
31 98 41
31 99 41
32 34 88
32 36 22
32 38 39
32 42 59
32 45 31
32 46 84
32 47 94
32 50 36
32 52 60
32 55 96
32 56 89
32 57 26
32 59 23
32 64 21
32 65 89
32 66 23
32 68 35
32 72 44
32 78 7
32 83 51
32 84 80
32 87 48
32 88 45
32 90 90
32 93 42
32 95 50
32 96 96
32 99 41
33 35 86
33 39 1
33 41 31
33 43 81
33 46 4
33 48 85
33 49 68
33 52 28
33 53 45
33 54 75
33 57 31
33 61 1
33 62 34
33 63 60
33 64 89
33 67 5
33 68 25
33 74 17
33 75 13
33 79 55
33 86 76
33 89 14
33 94 27
33 95 59
33 96 47
33 97 26
33 98 36
33 99 18
33 100 53
34 37 81
34 44 91
34 48 94
34 49 46
34 51 3
34 52 72
34 56 64
34 57 20
34 59 7
34 64 57
34 65 69
34 67 93
34 68 2
34 69 53
34 70 41
34 71 100
34 73 53
34 74 73
34 77 3
34 78 48
34 80 71
34 81 31
34 86 56
34 87 12
34 88 77
34 89 95
34 95 86
34 97 67
34 98 52
35 41 21
35 48 21
35 53 67
35 54 65
35 55 8
35 57 68
35 58 97
35 60 20
35 66 17
35 72 13
35 73 75
35 80 27
35 83 23
35 84 52
35 85 28
35 92 22
35 93 46
35 94 28
35 96 54
35 99 24
36 37 82
36 38 94
36 42 4
36 43 73
36 47 38
36 50 26
36 53 76
36 58 72
36 59 58
36 64 41
36 65 28
36 70 62
36 78 90
36 79 40
36 81 98
36 90 9
36 92 1
36 93 20
36 98 53
37 40 88
37 41 55
37 44 24
37 45 18
37 48 8
37 49 61
37 50 55
37 52 5
37 57 94
37 58 12
37 59 39
37 61 31
37 62 5
37 66 15
37 70 80
37 76 91
37 79 97
37 81 21
37 82 52
37 86 73
37 90 89
37 91 34
37 94 19
37 97 60
37 98 28
38 39 3
38 40 71
38 41 67
38 42 36
38 43 15
38 46 31
38 47 80
38 48 63
38 49 45
38 51 11
38 53 9
38 54 52
38 58 85
38 64 20
38 66 35
38 68 52
38 70 86
38 71 10
38 72 7
38 73 48
38 74 73
38 76 12
38 78 78
38 83 30
38 86 54
38 87 4
38 88 64
38 92 34
38 93 14
38 94 46
38 95 57
38 96 9
39 43 32
39 44 28
39 45 58
39 46 7
39 47 47
39 48 44
39 49 1
39 50 14
39 51 43
39 52 91
39 53 39
39 59 89
39 61 66
39 63 37
39 67 81
39 68 39
39 69 57
39 70 100
39 75 58
39 76 48
39 78 95
39 80 13
39 81 99
39 82 67
39 84 40
39 85 94
39 86 35
39 88 19
39 89 16
39 92 61
39 93 4
39 98 16
39 99 11
39 100 34
40 42 100
40 44 71
40 46 76
40 47 94
40 48 2
40 52 15
40 53 70
40 54 95
40 55 31
40 57 22
40 58 25
40 66 77
40 68 91
40 71 7
40 72 84
40 75 88
40 77 82
40 80 1
40 81 88
40 85 16
40 86 18
40 89 76
40 90 96
40 91 8
40 92 42
40 96 3
40 98 95
41 43 34
41 45 41
41 46 32
41 48 78
41 49 42
41 50 14
41 51 68
41 52 73
41 53 9
41 55 15
41 61 39
41 65 60
41 66 80
41 67 71
41 69 39
41 71 37
41 77 42
41 79 56
41 81 83
41 83 96
41 85 52
41 90 10
41 91 2
41 93 9
41 95 39
41 96 95
41 97 18
41 98 88
42 43 7
42 45 23
42 46 76
42 50 51
42 52 10
42 53 7
42 59 84
42 60 14
42 61 69
42 69 60
42 71 19
42 75 83
42 77 52
42 82 33
42 83 56
42 90 51
42 93 4
42 94 50
43 44 24
43 46 67
43 47 1
43 48 17
43 49 45
43 50 38
43 52 35
43 54 43
43 56 62
43 59 47
43 60 76
43 63 53
43 64 38
43 66 55
43 68 31
43 69 43
43 70 54
43 74 75
43 75 6
43 78 24
43 79 23
43 80 26
43 81 81
43 82 17
43 88 5
43 89 80
43 91 31
43 93 81
43 94 85
43 100 62
44 49 18
44 51 45
44 53 28
44 54 39
44 56 95
44 57 70
44 59 94
44 61 48
44 62 25
44 63 42
44 65 11
44 67 16
44 69 45
44 70 12
44 71 22
44 73 16
44 74 54
44 77 24
44 78 47
44 79 2
44 80 71
44 81 34
44 82 89
44 90 40
44 91 32
44 92 58
44 96 56
44 100 4
45 48 97
45 54 15
45 55 78
45 56 46
45 57 80
45 60 44
45 62 89
45 63 39
45 67 11
45 68 91
45 69 77
45 70 66
45 71 19
45 74 98
45 77 91
45 79 37
45 81 30
45 83 78
45 85 55
45 87 21
45 88 37
45 91 28
45 92 12
45 95 95
45 98 34
46 47 72
46 48 14
46 54 80
46 55 67
46 56 40
46 59 11
46 62 78
46 63 45
46 65 94
46 66 65
46 67 8
46 68 2
46 70 7
46 72 78
46 78 98
46 81 17
46 83 69
46 84 78
46 85 93
46 90 93
47 52 30
47 56 76
47 59 2
47 60 35
47 66 38
47 68 56
47 70 68
47 71 71
47 76 90
47 83 24
47 85 26
47 86 58
47 90 100
47 93 52
47 94 4
47 97 44
47 98 27
47 100 45
48 52 8
48 53 37
48 58 25
48 59 40
48 61 48
48 68 89
48 71 30
48 74 48
48 75 3
48 77 80
48 81 28
48 88 60
48 89 30
48 90 44
48 92 27
48 97 5
48 99 78
49 54 37
49 55 64
49 57 58
49 59 98
49 60 86
49 61 71
49 65 8
49 66 47
49 70 81
49 71 53
49 73 22
49 75 66
49 82 100
49 89 98
49 90 24
49 91 78
49 92 58
49 96 72
49 99 85
49 100 70
50 52 88
50 53 89
50 56 2
50 57 17
50 58 8
50 59 73
50 64 3
50 65 9
50 78 48
50 79 44
50 80 99
50 81 75
50 87 87
50 92 38
50 93 26
50 94 55
50 95 2
51 52 74
51 59 87
51 60 56
51 64 58
51 68 19
51 70 25
51 71 5
51 73 47
51 76 55
51 77 77
51 80 78
51 86 34
51 93 79
51 94 5
51 98 32
52 56 65
52 57 95
52 58 37
52 61 4
52 62 63
52 66 61
52 73 8
52 75 14
52 77 77
52 83 99
52 85 97
52 86 11
52 90 80
52 93 98
52 94 95
52 95 34
52 97 100
52 100 78
53 56 8
53 57 93
53 59 28
53 61 31
53 64 98
53 68 74
53 70 53
53 72 49
53 74 35
53 75 14
53 82 12
53 85 70
53 87 75
53 88 55
53 90 11
53 91 23
53 93 98
54 56 14
54 58 59
54 59 95
54 60 66
54 61 86
54 62 73
54 67 32
54 70 45
54 77 46
54 78 51
54 81 32
54 82 87
54 89 7
54 90 18
54 91 97
54 92 31
54 95 41
55 57 39
55 58 80
55 63 51
55 64 13
55 67 16
55 69 65
55 73 35
55 75 48
55 79 38
55 85 82
55 86 22
55 88 2
55 90 65
55 92 19
55 94 55
55 100 63
56 59 36
56 65 39
56 67 1
56 70 1
56 71 62
56 73 79
56 76 12
56 77 55
56 80 10
56 83 51
56 90 80
56 93 57
56 94 84
56 96 41
56 100 18
57 58 35
57 64 32
57 68 28
57 70 80
57 73 87
57 75 74
57 76 23
57 77 56
57 79 50
57 86 28
57 89 17
57 90 76
57 91 53
57 94 52
57 95 52
58 59 61
58 61 45
58 62 44
58 63 54
58 64 60
58 66 93
58 70 43
58 75 88
58 84 94
58 86 11
58 87 60
58 90 71
58 91 66
58 94 92
58 95 21
58 97 76
58 99 22
59 60 49
59 62 18
59 64 97
59 65 77
59 67 74
59 69 47
59 70 80
59 72 71
59 74 20
59 75 55
59 76 27
59 77 33
59 86 49
59 88 17
59 90 61
59 91 76
59 92 85
59 94 47
59 100 74
60 62 31
60 63 88
60 67 96
60 68 64
60 69 67
60 70 3
60 77 1
60 78 7
60 82 50
60 84 24
60 89 43
60 93 71
61 62 63
61 65 53
61 75 71
61 76 47
61 78 76
61 79 57
61 80 42
61 83 82
61 85 64
61 86 32
61 88 29
61 92 1
61 94 4
61 95 82
61 96 73
61 99 27
62 63 89
62 68 56
62 69 90
62 73 71
62 76 33
62 77 9
62 78 75
62 83 98
62 84 76
62 88 82
62 90 74
62 93 60
62 94 51
62 96 26
62 97 69
62 99 65
62 100 69
63 64 3
63 66 8
63 73 76
63 76 9
63 79 66
63 80 34
63 81 19
63 82 42
63 83 20
63 88 8
63 89 4
63 92 86
63 96 51
63 97 11
63 99 70
64 67 67
64 69 80
64 72 34
64 73 8
64 74 65
64 76 31
64 78 63
64 80 3
64 87 48
64 90 21
64 94 46
64 97 40
64 98 17
64 99 37
64 100 1
65 67 41
65 73 93
65 75 79
65 76 34
65 77 9
65 78 16
65 80 44
65 82 87
65 86 2
65 87 39
65 89 38
65 90 27
65 91 13
65 92 42
65 96 82
66 67 82
66 68 44
66 69 93
66 71 89
66 74 57
66 75 58
66 76 31
66 77 70
66 79 67
66 83 67
66 84 56
66 86 74
66 87 47
66 88 13
66 90 80
66 93 93
66 96 80
66 97 60
66 98 55
67 68 96
67 69 46
67 71 14
67 73 49
67 75 95
67 76 46
67 84 66
67 85 12
67 90 67
67 91 94
67 92 74
67 93 48
67 94 2
68 73 55
68 74 93
68 75 17
68 76 53
68 79 93
68 82 36
68 86 15
68 87 29
68 88 77
68 89 75
68 90 33
68 91 77
68 94 72
68 95 29
68 96 76
69 70 88
69 71 51
69 72 100
69 75 76
69 80 86
69 81 10
69 84 97
69 93 83
69 96 88
69 97 84
69 99 19
69 100 54
70 75 2
70 76 19
70 78 74
70 85 25
70 90 70
70 94 17
71 72 22
71 73 28
71 78 31
71 79 27
71 82 14
71 83 29
71 84 85
71 85 86
71 86 29
71 88 73
71 91 38
71 92 33
71 93 7
71 95 72
72 74 53
72 75 34
72 76 34
72 78 24
72 83 94
72 86 63
72 87 42
72 88 100
72 90 49
72 92 56
72 93 33
72 94 22
72 96 17
72 97 86
73 76 32
73 77 14
73 78 84
73 79 92
73 82 74
73 83 47
73 85 61
73 86 64
73 87 30
73 88 15
73 89 44
73 91 34
73 93 74
73 100 7
74 76 33
74 79 45
74 80 94
74 82 58
74 83 23
74 85 9
74 86 95
74 89 41
74 90 58
74 91 85
74 96 47
74 98 72
74 99 100
75 76 51
75 77 36
75 81 87
75 85 97
75 87 5
75 89 7
75 95 26
75 96 89
75 97 74
75 98 60
75 99 21
76 77 54
76 79 77
76 82 5
76 83 88
76 86 57
76 89 44
76 90 46
76 92 67
76 94 73
76 97 9
77 78 97
77 80 59
77 81 53
77 82 80
77 83 26
77 87 81
77 90 44
77 91 95
77 94 30
77 96 98
77 98 71
78 82 90
78 85 3
78 88 36
78 90 95
78 91 38
78 95 30
78 96 86
78 99 98
78 100 7
79 83 40
79 87 99
79 88 87
79 92 39
79 97 75
79 98 48
79 99 98
80 85 54
80 86 6
80 87 85
80 89 59
80 90 81
80 94 13
80 96 6
80 99 14
80 100 26
81 87 54
81 88 83
81 89 52
81 94 78
81 96 30
81 99 81
81 100 84
82 84 28
82 85 85
82 88 95
82 89 95
82 91 65
82 93 21
82 96 15
82 97 93
83 88 74
83 89 93
83 94 64
83 95 12
83 98 94
83 100 94
84 85 38
84 86 24
84 87 26
84 89 61
84 90 38
84 93 48
84 94 77
84 95 40
84 98 87
85 87 33
85 90 68
85 91 98
85 92 59
85 99 43
86 89 49
86 90 27
86 93 28
86 96 15
87 88 52
87 90 26
87 93 25
87 94 89
87 99 42
88 92 9
88 94 25
88 95 26
88 96 11
88 99 70
89 91 22
89 92 47
89 95 18
89 97 74
89 99 75
90 93 56
90 94 23
90 95 23
90 98 58
90 100 21
91 92 42
91 93 44
91 95 63
91 98 87
91 100 13
92 100 2
93 94 18
93 95 67
93 100 48
94 97 9
95 96 10
95 97 96
95 100 23
96 97 10
96 100 71
98 100 8
1 2 59
1 3 91
1 4 98
1 6 12
1 15 38
1 18 64
1 28 3
1 29 49
1 30 9
1 31 11
1 35 45
1 38 36
1 50 37
1 51 20
1 52 87
1 57 24
1 61 84
1 62 68
1 64 81
1 65 76
1 68 37
1 70 68
1 72 93
1 74 60
1 75 35
1 76 37
1 77 60
1 78 60
1 79 57
1 84 65
1 87 53
1 91 40
1 92 20
1 94 50
1 95 31
2 4 8
2 5 78
2 11 34
2 13 66
2 15 25
2 16 39
2 17 80
2 18 97
2 20 51
2 22 14
2 26 42
2 28 97
2 32 91
2 34 48
2 36 41
2 38 27
2 39 85
2 40 85
2 41 28
2 42 92
2 46 100
2 54 100
2 55 6
2 56 32
2 59 74
2 62 90
2 68 66
2 69 75
2 72 32
2 74 57
2 78 4
2 79 23
2 83 1
2 85 36
2 86 88
2 88 62
2 93 38
2 100 35
3 13 78
3 15 37
3 16 82
3 18 51
3 20 40
3 22 19
3 23 42
3 24 14
3 38 59
3 39 47
3 40 94
3 41 25
3 42 59
3 46 12
3 47 67
3 48 38
3 49 1
3 52 49
3 54 60
3 56 4
3 58 16
3 59 90
3 61 91
3 63 57
3 77 76
3 79 79
3 80 80
3 82 95
3 83 51
3 85 45
3 89 81
3 90 50
3 92 28
3 93 59
3 97 52
4 10 60
4 14 1
4 17 61
4 26 25
4 27 94
4 28 41
4 32 10
4 33 39
4 46 100
4 47 93
4 50 51
4 52 31
4 55 92
4 56 33
4 59 74
4 61 46
4 62 11
4 67 92
4 68 23
4 75 53
4 81 81
4 84 20
4 93 61
4 97 56
4 98 48
4 100 19
5 6 30
5 7 82
5 9 51
5 12 59
5 13 66
5 14 66
5 21 22
5 25 45
5 27 8
5 29 72
5 31 85
5 34 65
5 40 35
5 41 63
5 42 73
5 45 1
5 52 6
5 53 16
5 54 45
5 60 53
5 61 58
5 64 40
5 66 5
5 67 28
5 69 12
5 71 50
5 72 90
5 74 45
5 76 71
5 77 32
5 80 51
5 82 69
5 86 47
5 91 10
5 92 62
5 93 86
5 94 30
5 97 45
5 98 30
6 8 15
6 9 25
6 13 47
6 14 34
6 16 23
6 18 30
6 19 74
6 20 61
6 21 87
6 25 99
6 26 95
6 27 100
6 28 29
6 29 77
6 30 33
6 35 88
6 36 68
6 38 68
6 40 33
6 42 63
6 43 32
6 45 80
6 46 59
6 50 67
6 51 46
6 53 45
6 55 3
6 56 14
6 58 21
6 60 39
6 61 70
6 62 44
6 63 80
6 64 48
6 65 18
6 67 63
6 68 2
6 69 86
6 70 65
6 71 6
6 73 34
6 76 81
6 77 87
6 79 54
6 85 69
6 86 67
6 88 100
6 89 55
6 92 78
6 95 40
6 99 24
7 9 75
7 11 31
7 13 87
7 16 100
7 17 77
7 18 5
7 21 34
7 28 26
7 29 23
7 30 95
7 31 15
7 42 88
7 45 77
7 49 53
7 50 90
7 53 45
7 56 66
7 57 49
7 59 63
7 64 99
7 67 15
7 72 15
7 74 19
7 78 38
7 82 46
7 84 53
7 87 86
7 89 83
7 91 41
7 92 73
7 94 12
7 100 25
8 9 8
8 13 73
8 18 14
8 19 72
8 22 23
8 24 7
8 30 15
8 32 88
8 37 56
8 43 94
8 44 66
8 45 56
8 48 28
8 50 87
8 52 3
8 53 54
8 54 80
8 55 34
8 56 67
8 58 16
8 59 43
8 63 45
8 65 57
8 66 72
8 67 1
8 69 49
8 70 12
8 72 44
8 73 62
8 74 44
8 75 84
8 78 52
8 81 76
8 82 47
8 84 49
8 86 9
8 87 41
8 89 66
8 90 26
8 92 89
8 94 77
8 96 66
9 10 86
9 11 35
9 14 19
9 17 70
9 19 39
9 22 42
9 23 81
9 24 64
9 26 46
9 31 59
9 32 32
9 35 36
9 36 76
9 43 93
9 45 76
9 47 24
9 50 55
9 51 69
9 55 99
9 56 48
9 60 80
9 61 71
9 62 72
9 65 15
9 67 92
9 68 18
9 70 35
9 71 53
9 72 91
9 76 61
9 83 37
9 84 63
9 85 86
9 87 74
9 88 70
9 90 97
9 91 50
9 93 33
9 97 27
9 98 77
10 11 76
10 12 52
10 17 18
10 18 67
10 22 2
10 25 21
10 28 53
10 31 91
10 34 47
10 39 83
10 40 76
10 42 100
10 44 59
10 57 73
10 59 45
10 60 82
10 62 33
10 65 68
10 68 56
10 75 26
10 76 12
10 79 89
10 81 52
10 88 31
10 93 28
10 95 61
10 96 64
10 99 32
10 100 77
11 12 28
11 17 16
11 18 46
11 19 16
11 22 70
11 23 31
11 24 47
11 27 69
11 28 61
11 29 38
11 31 42
11 32 45
11 34 24
11 35 16
11 39 47
11 40 90
11 41 5
11 43 27
11 44 18
11 46 35
11 48 73
11 50 77
11 53 51
11 54 85
11 61 16
11 66 38
11 67 97
11 73 90
11 75 23
11 76 100
11 81 95
11 83 40
11 85 71
11 90 99
11 95 65
11 96 32
11 97 42
11 98 13
11 100 41
12 13 16
12 14 43
12 17 23
12 21 63
12 30 87
12 34 61
12 36 10
12 37 86
12 42 74
12 45 92
12 49 79
12 52 43
12 55 23
12 57 57
12 59 11
12 61 20
12 63 96
12 66 98
12 70 16
12 72 5
12 74 51
12 75 89
12 76 59
12 78 94
12 79 9
12 80 86
12 84 61
12 87 14
12 92 4
12 94 85
12 96 33
12 99 18
12 100 46
13 14 77
13 17 22
13 18 69
13 19 93
13 20 34
13 22 71
13 23 58
13 28 26
13 31 88
13 36 16
13 40 3
13 42 60
13 44 10
13 45 12
13 46 26
