100 4456 1
1 2 82
1 4 12
1 6 5
1 7 80
1 10 74
1 13 66
1 15 43
1 20 39
1 25 28
1 28 83
1 29 24
1 32 63
1 33 65
1 37 12
1 38 56
1 39 16
1 47 83
1 50 62
1 56 51
1 58 8
1 61 68
1 70 95
1 78 13
1 81 89
1 84 38
1 86 98
1 90 44
1 91 96
1 97 81
1 99 21
1 100 59
2 6 73
2 8 35
2 12 46
2 19 87
2 21 9
2 23 47
2 24 4
2 27 81
2 28 36
2 31 8
2 33 37
2 35 13
2 36 68
2 40 21
2 43 17
2 48 37
2 49 56
2 50 52
2 51 81
2 52 43
2 53 8
2 58 89
2 59 47
2 60 64
2 62 12
2 63 37
2 64 19
2 66 100
2 67 96
2 68 92
2 71 77
2 74 28
2 76 90
2 77 96
2 78 27
2 80 72
2 81 20
2 85 79
2 87 86
2 88 76
2 89 46
2 92 99
2 94 78
2 98 55
3 7 48
3 9 47
3 12 93
3 13 84
3 15 98
3 18 46
3 19 26
3 21 64
3 25 20
3 29 53
3 32 28
3 34 54
3 37 76
3 38 38
3 39 87
3 41 14
3 42 15
3 44 59
3 45 36
3 46 29
3 49 91
3 52 50
3 57 59
3 60 85
3 62 32
3 63 8
3 65 18
3 67 76
3 70 27
3 73 30
3 76 61
3 77 27
3 84 29
3 86 87
3 89 88
3 95 7
3 96 83
4 5 86
4 8 1
4 9 29
4 14 54
4 15 35
4 17 99
4 18 15
4 24 53
4 25 29
4 27 32
4 33 92
4 37 88
4 39 72
4 41 66
4 43 64
4 44 4
4 50 45
4 51 37
4 52 46
4 56 57
4 57 46
4 61 88
4 62 73
4 63 10
4 64 100
4 66 93
4 74 34
4 76 60
4 78 55
4 79 44
4 81 29
4 84 43
4 86 27
4 87 70
4 90 5
4 93 59
4 94 20
4 95 59
4 96 25
4 97 20
4 98 64
4 99 87
4 100 8
5 7 54
5 11 88
5 12 28
5 14 51
5 19 58
5 26 42
5 27 43
5 30 70
5 36 2
5 40 6
5 41 35
5 46 31
5 49 2
5 52 62
5 55 66
5 56 74
5 58 9
5 61 29
5 67 14
5 69 97
5 73 30
5 78 7
5 79 67
5 81 63
5 83 23
5 87 10
5 91 50
5 92 33
5 95 50
5 96 9
6 7 83
6 15 50
6 17 80
6 19 34
6 21 2
6 22 20
6 23 26
6 26 5
6 29 75
6 30 29
6 32 23
6 36 38
6 39 18
6 43 7
6 44 49
6 50 64
6 52 57
6 53 38
6 58 34
6 59 90
6 60 30
6 61 100
6 65 90
6 66 28
6 68 77
6 69 3
6 70 54
6 71 11
6 73 43
6 76 29
6 78 63
6 79 86
6 80 31
6 83 6
6 88 72
6 89 73
6 92 68
6 98 37
7 9 24
7 12 65
7 14 45
7 19 63
7 25 31
7 27 63
7 29 1
7 31 83
7 35 59
7 39 63
7 44 80
7 45 69
7 46 30
7 52 65
7 53 29
7 54 31
7 59 80
7 62 99
7 63 87
7 64 30
7 66 99
7 68 75
7 71 2
7 75 14
7 77 53
7 80 8
7 82 79
7 85 16
7 89 41
7 90 25
7 92 36
7 93 69
7 94 14
7 96 54
8 9 57
8 10 95
8 11 10
8 12 41
8 13 1
8 16 80
8 17 74
8 19 47
8 22 58
8 24 42
8 25 55
8 30 90
8 31 82
8 35 73
8 36 76
8 37 69
8 39 18
8 45 47
8 46 75
8 48 50
8 50 23
8 53 6
8 56 43
8 57 41
8 58 57
8 60 71
8 65 77
8 66 33
8 69 47
8 70 18
8 73 32
8 74 81
8 75 82
8 76 32
8 78 46
8 84 93
8 85 20
8 89 29
8 91 98
8 92 63
8 93 88
8 95 2
8 98 67
8 99 14
8 100 91
9 12 47
9 15 54
9 17 54
9 22 9
9 25 90
9 32 18
9 36 22
9 40 47
9 41 72
9 46 66
9 47 57
9 48 84
9 50 25
9 51 69
9 53 84
9 54 79
9 56 10
9 58 17
9 60 78
9 61 23
9 63 1
9 68 23
9 69 86
9 71 89
9 74 45
9 77 60
9 78 5
9 84 6
9 88 68
9 92 77
9 93 86
9 97 17
9 98 18
9 99 70
10 11 48
10 18 24
10 19 56
10 23 49
10 26 5
10 28 8
10 29 6
10 31 1
10 35 57
10 37 34
10 40 57
10 43 14
10 44 44
10 46 23
10 48 14
10 52 29
10 56 98
10 58 58
10 61 43
10 64 91
10 65 51
10 66 97
10 69 58
10 78 9
10 83 24
10 85 6
10 86 68
10 91 29
10 92 81
10 96 58
10 98 7
10 99 8
11 13 91
11 16 11
11 23 12
11 24 10
11 25 17
11 31 70
11 35 2
11 39 39
11 40 53
11 43 40
11 47 22
11 48 41
11 49 28
11 50 48
11 54 39
11 56 92
11 59 8
11 64 95
11 66 79
11 69 17
11 70 24
11 86 85
11 88 89
11 91 78
11 92 94
11 93 58
11 95 68
11 98 14
12 16 92
12 20 63
12 24 21
12 26 61
12 28 3
12 30 30
12 32 46
12 33 11
12 34 1
12 36 95
12 37 74
12 39 60
12 43 46
12 44 67
12 45 3
12 47 40
12 48 21
12 51 48
12 56 40
12 57 65
12 58 73
12 61 79
12 65 44
12 67 96
12 68 82
12 69 58
12 71 98
12 74 51
12 75 12
12 76 8
12 79 75
12 80 49
12 81 54
12 82 91
12 83 20
12 85 5
12 88 44
12 90 64
12 92 33
12 97 13
12 100 95
13 15 8
13 16 99
13 19 91
13 21 16
13 23 98
13 24 68
13 25 53
13 27 9
13 34 20
13 36 34
13 41 27
13 43 6
13 44 66
13 45 59
13 49 8
13 51 43
13 52 53
13 58 59
13 63 87
13 65 9
13 67 48
13 71 74
13 73 66
13 74 72
13 76 11
13 77 57
13 79 27
13 81 24
13 82 31
13 86 44
13 89 55
13 94 41
13 99 94
14 18 38
14 19 48
14 22 36
14 23 78
14 26 16
14 29 57
14 30 65
14 32 2
14 34 89
14 37 32
14 44 93
14 46 83
14 49 1
14 50 19
14 59 96
14 60 75
14 61 87
14 62 54
14 64 1
14 65 58
14 66 14
14 67 55
14 71 31
14 72 54
14 73 93
14 76 23
14 78 61
14 79 74
14 80 83
14 81 17
14 85 50
14 88 51
14 90 62
14 94 68
14 96 90
14 99 86
15 16 83
15 17 72
15 22 82
15 28 36
15 29 13
15 34 85
15 36 68
15 37 92
15 41 78
15 43 30
15 46 15
15 47 85
15 50 68
15 52 13
15 53 68
15 54 10
15 55 86
15 58 4
15 59 52
15 64 69
15 68 68
15 71 84
15 72 97
15 74 26
15 76 34
15 77 78
15 79 84
15 82 59
15 86 40
15 87 100
15 88 3
15 89 36
15 94 99
15 100 53
16 18 73
16 19 62
16 22 71
16 28 40
16 29 22
16 30 67
16 33 100
16 36 74
16 38 88
16 39 78
16 44 7
16 45 73
16 46 53
16 49 14
16 52 74
16 56 39
16 65 52
16 67 59
16 71 75
16 72 67
16 76 20
16 82 30
16 86 93
16 88 60
16 89 14
16 92 96
16 93 55
16 95 39
16 96 44
17 19 48
17 22 97
17 27 39
17 40 91
17 41 56
17 42 12
17 44 38
17 46 27
17 47 80
17 51 87
17 54 83
17 57 39
17 63 64
17 65 47
17 68 1
17 73 67
17 74 90
17 77 9
17 84 98
17 88 62
17 90 67
17 97 67
17 99 95
18 20 43
18 25 54
18 28 9
18 36 4
18 38 51
18 40 15
18 42 74
18 44 87
18 45 4
18 47 66
18 49 38
18 50 76
18 51 50
18 54 79
18 57 49
18 66 8
18 67 81
18 70 13
18 71 87
18 74 19
18 75 44
18 78 79
18 80 45
18 82 5
18 84 13
18 85 62
18 87 46
18 88 65
18 89 47
18 92 62
18 93 9
18 95 99
18 96 1
18 99 22
19 20 23
19 21 18
19 22 67
19 27 68
19 32 96
19 35 5
19 41 51
19 42 40
19 48 98
19 50 32
19 51 33
19 57 95
19 58 58
19 60 48
19 61 67
19 62 43
19 63 78
19 71 1
19 73 29
19 76 89
19 77 1
19 79 61
19 80 46
19 84 79
19 90 55
19 91 33
19 92 58
19 94 16
19 97 17
19 99 22
19 100 42
20 21 21
20 24 29
20 25 24
20 28 78
20 30 38
20 36 54
20 41 70
20 46 48
20 47 52
20 48 80
20 49 12
20 51 72
20 52 99
20 55 48
20 57 16
20 60 91
20 63 50
20 66 13
20 67 85
20 70 26
20 71 56
20 72 64
20 78 72
20 79 96
20 80 16
20 91 69
20 98 61
20 99 10
21 23 94
21 25 47
21 27 65
21 30 92
21 31 55
21 33 69
21 34 41
21 37 46
21 43 82
21 44 15
21 48 41
21 51 66
21 52 41
21 56 23
21 59 21
21 60 37
21 64 19
21 70 55
21 76 74
21 78 56
21 81 69
21 86 5
21 89 41
21 90 46
21 92 61
21 95 49
21 98 27
22 23 95
22 30 17
22 31 11
22 33 15
22 35 95
22 38 27
22 45 99
22 48 40
22 49 74
22 51 79
22 52 7
22 53 3
22 54 85
22 61 46
22 62 21
22 64 37
22 66 80
22 68 56
22 72 65
22 76 42
22 88 45
22 89 94
22 90 36
22 91 83
22 92 23
22 97 57
22 98 44
23 24 70
23 27 24
23 28 43
23 30 62
23 32 9
23 34 90
23 38 28
23 43 3
23 44 66
23 45 46
23 48 95
23 49 36
23 50 34
23 51 20
23 52 97
23 53 11
23 57 21
23 58 99
23 60 66
23 61 90
23 63 52
23 65 43
23 66 72
23 67 81
23 68 94
23 70 32
23 72 52
23 74 73
23 80 34
23 81 50
23 83 34
23 85 4
23 90 79
23 91 83
23 97 47
23 100 11
24 29 78
24 32 32
24 33 4
24 34 27
24 35 69
24 36 10
24 39 59
24 40 33
24 41 51
24 43 83
24 53 69
24 54 6
24 55 38
24 63 69
24 64 22
24 65 13
24 67 12
24 68 77
24 70 68
24 73 47
24 74 13
24 75 55
24 76 53
24 77 35
24 78 80
24 79 73
24 80 70
24 81 82
24 82 31
24 83 94
24 86 45
24 89 49
24 91 90
24 92 41
24 97 57
24 98 47
24 99 75
25 28 59
25 29 14
25 30 11
25 31 20
25 33 8
25 36 75
25 37 80
25 38 20
25 43 46
25 48 80
25 50 30
25 51 50
25 52 99
25 54 61
25 55 8
25 58 46
25 61 38
25 67 74
25 75 26
25 79 96
25 81 81
25 83 63
25 88 85
25 89 52
25 91 39
25 93 83
25 95 61
25 96 80
25 97 89
26 30 40
26 31 54
26 32 75
26 34 68
26 35 27
26 39 43
26 41 25
26 43 79
26 44 20
26 46 13
26 52 84
26 53 34
26 55 60
26 56 32
26 57 30
26 58 86
26 63 3
26 65 87
26 67 62
26 68 79
26 69 19
26 71 29
26 72 6
26 73 60
26 76 16
26 77 43
26 78 35
26 81 67
26 82 30
26 83 37
26 84 50
26 85 21
26 90 58
26 94 94
26 96 73
26 99 43
27 29 64
27 32 21
27 42 86
27 43 25
27 44 5
27 45 17
27 46 14
27 47 44
27 48 64
27 49 73
27 52 82
27 54 2
27 57 37
27 58 57
27 59 8
27 60 98
27 62 30
27 70 54
27 71 6
27 72 86
27 76 59
27 81 30
27 84 40
27 85 20
27 86 41
27 87 27
27 88 58
27 90 27
27 94 4
27 96 22
28 32 64
28 33 43
28 34 76
28 36 96
28 37 51
28 39 63
28 41 89
28 42 73
28 43 31
28 45 43
28 48 70
28 52 81
28 53 24
28 55 5
28 56 21
28 57 3
28 59 18
28 62 49
28 65 41
28 67 38
28 69 43
28 70 5
28 71 74
28 75 72
28 76 80
28 77 39
28 79 63
28 81 68
28 83 88
28 93 55
28 94 16
28 95 75
28 97 55
28 99 15
29 30 8
29 34 23
29 35 69
29 40 93
29 44 35
29 46 99
29 47 11
29 48 100
29 52 38
29 53 15
29 54 22
29 56 30
29 58 14
29 60 73
29 63 83
29 67 43
29 68 92
29 72 63
29 75 81
29 76 73
29 79 20
29 81 60
29 82 94
29 84 4
29 86 60
29 87 68
29 88 17
29 89 97
29 91 80
29 92 28
29 98 30
30 31 89
30 40 41
30 41 90
30 42 24
30 43 56
30 45 80
30 46 100
30 47 47
30 49 14
30 52 95
30 53 92
30 54 57
30 57 56
30 58 48
30 60 84
30 61 46
30 64 46
30 65 33
30 66 99
30 72 66
30 76 68
30 79 13
30 80 17
30 82 32
30 84 64
30 86 4
30 89 23
30 90 44
30 93 96
30 97 20
30 99 56
31 35 66
31 38 50
31 42 27
31 46 39
31 53 34
31 59 8
31 62 21
31 63 72
31 64 7
31 69 84
31 70 92
31 71 48
31 74 36
31 75 40
31 77 48
31 79 86
31 84 38
31 85 67
31 88 58
31 92 86
31 97 76
31 100 1
32 33 78
32 34 34
32 38 22
32 40 71
32 42 57
32 44 81
32 47 8
32 48 2
32 50 9
32 51 77
32 52 49
32 53 26
32 58 79
32 60 22
32 64 51
32 65 21
32 67 30
32 69 43
32 72 57
32 76 59
32 80 50
32 81 79
32 87 36
32 88 71
32 89 30
32 91 14
32 94 30
32 96 36
32 97 100
32 98 16
32 99 2
33 34 40
33 35 2
33 36 40
33 39 74
33 40 70
33 42 67
33 43 89
33 46 21
33 47 33
33 51 76
33 52 7
33 55 62
33 59 79
33 64 58
33 65 3
33 66 34
33 69 29
33 70 88
33 71 72
33 73 76
33 79 11
33 82 59
33 83 37
33 86 18
33 87 29
33 90 15
33 92 60
33 94 54
34 37 19
34 39 29
34 40 92
34 45 8
34 47 75
34 49 43
34 56 35
34 59 97
34 66 36
34 67 78
34 69 7
34 72 44
34 73 75
34 76 75
34 77 53
34 78 56
34 79 65
34 80 98
34 84 67
34 85 67
34 86 96
34 88 98
34 90 57
34 92 3
34 95 14
34 96 9
34 97 1
34 98 18
34 99 8
34 100 18
35 36 49
35 37 25
35 38 100
35 41 71
35 43 22
35 45 20
35 51 23
35 53 90
35 60 91
35 62 29
35 65 35
35 66 69
35 67 96
35 71 13
35 73 34
35 74 85
35 75 45
35 76 55
35 78 18
35 87 40
35 88 76
35 89 14
35 96 83
35 97 66
35 98 30
35 99 69
35 100 80
36 37 33
36 40 83
36 41 18
36 44 64
36 48 81
36 51 99
36 53 5
36 55 76
36 61 18
36 64 17
36 65 63
36 70 11
36 73 23
36 74 96
36 75 18
36 86 72
36 87 24
36 88 22
36 89 11
36 91 24
36 92 59
36 94 69
36 98 53
36 99 56
37 39 81
37 41 10
37 42 51
37 50 20
37 51 91
37 52 6
37 56 61
37 60 39
37 62 2
37 63 93
37 66 89
37 69 99
37 70 58
37 72 60
37 74 76
37 75 61
37 77 2
37 78 34
37 79 75
37 83 53
37 84 28
37 86 36
37 87 84
37 88 67
37 89 59
37 90 9
37 95 38
37 96 57
37 98 17
37 99 37
38 41 16
38 44 77
38 45 34
38 52 91
38 53 63
38 54 55
38 59 21
38 60 13
38 62 29
38 63 73
38 71 62
38 72 3
38 73 75
38 78 24
38 79 66
38 80 42
38 81 2
38 85 88
38 90 98
38 91 68
38 93 55
38 94 27
38 99 10
38 100 29
39 43 99
39 44 47
39 48 90
39 51 56
39 52 71
39 59 91
39 65 33
39 70 32
39 73 59
39 77 8
39 78 39
39 81 73
39 82 79
39 85 73
39 86 79
39 88 41
39 90 91
39 96 26
39 99 1
39 100 16
40 43 3
40 45 28
40 47 20
40 52 42
40 55 66
40 57 70
40 58 88
40 59 38
40 61 93
40 62 40
40 63 39
40 65 76
40 66 45
40 67 28
40 71 17
40 72 94
40 74 59
40 75 63
40 81 40
40 84 39
40 85 60
40 87 60
40 88 93
40 93 21
40 94 92
40 97 70
41 42 10
41 45 90
41 46 79
41 47 47
41 49 89
41 51 46
41 52 83
41 53 10
41 54 77
41 55 21
41 62 89
41 66 20
41 67 65
41 68 62
41 72 95
41 79 33
41 83 10
41 84 43
41 85 70
41 86 27
41 88 84
41 89 56
41 91 66
41 92 37
41 99 22
41 100 35
42 47 18
42 50 67
42 51 17
42 53 63
42 55 77
42 56 92
42 63 66
42 65 90
42 68 12
42 69 70
42 70 46
42 71 85
42 74 2
42 80 51
42 82 70
42 84 46
42 88 28
42 89 55
42 94 7
42 97 100
42 98 95
42 99 99
42 100 84
43 44 84
43 48 86
43 49 55
43 51 56
43 53 74
43 55 67
43 56 20
43 62 28
43 67 65
43 68 16
43 70 72
43 75 19
43 77 6
43 83 35
43 88 80
43 89 10
43 90 93
43 93 54
43 95 67
43 98 39
44 45 77
44 48 83
44 49 44
44 51 96
44 59 37
44 60 43
44 65 43
44 66 41
44 67 5
44 77 41
44 84 50
44 88 67
44 89 61
44 94 3
44 95 97
45 46 38
45 48 22
45 52 92
45 53 7
45 54 81
45 55 99
45 56 54
45 59 79
45 60 29
45 62 69
45 64 86
45 66 16
45 67 90
45 68 21
45 74 31
45 76 12
45 77 90
45 83 15
45 85 97
45 92 65
45 94 14
45 96 86
45 98 94
45 99 33
46 47 79
46 48 37
46 51 57
46 54 54
46 56 4
46 57 8
46 59 98
46 60 9
46 61 44
46 63 65
46 66 62
46 68 56
46 69 36
46 70 38
46 71 27
46 73 99
46 85 19
46 92 20
46 93 97
46 95 96
46 96 86
46 98 81
47 49 60
47 58 37
47 60 37
47 65 98
47 67 92
47 68 10
47 69 66
47 70 28
47 72 48
47 73 22
47 74 27
47 75 24
47 77 82
47 82 6
47 83 27
47 86 38
47 87 93
47 94 77
47 96 16
48 49 18
48 50 64
48 53 83
48 58 35
48 61 65
48 63 100
48 64 95
48 69 65
48 71 63
48 72 54
48 73 64
48 74 86
48 77 69
48 82 4
48 84 85
48 87 20
48 88 2
48 92 78
48 94 72
48 97 20
48 98 27
49 51 43
49 55 80
49 56 88
49 57 10
49 58 12
49 59 45
49 60 83
49 62 95
49 64 76
49 68 9
49 72 79
49 74 79
49 78 12
49 80 70
49 86 78
49 88 7
49 89 28
49 90 36
49 96 48
49 97 50
49 100 45
50 52 61
50 54 7
50 55 56
50 56 93
50 58 81
50 59 65
50 60 4
50 67 68
50 69 35
50 70 82
50 71 76
50 78 77
50 82 53
50 83 10
50 84 8
50 86 37
50 87 47
50 88 68
50 89 79
50 93 6
50 96 76
50 97 95
50 98 81
51 53 100
51 54 6
51 57 4
51 58 46
51 67 64
51 68 19
51 69 73
51 71 80
51 72 90
51 73 7
51 74 49
51 75 97
51 78 76
51 79 90
51 83 39
51 86 50
51 90 18
51 96 52
52 54 5
52 56 23
52 57 41
52 60 29
52 61 51
52 68 35
52 70 8
52 72 65
52 73 85
52 75 1
52 78 30
52 81 83
52 82 62
52 85 19
52 86 17
52 88 20
52 94 30
52 96 83
52 97 5
52 98 35
52 99 60
53 57 22
53 59 38
53 63 34
53 65 27
53 71 95
53 73 30
53 75 86
53 82 27
53 83 29
53 84 55
53 88 38
53 89 43
53 90 10
53 91 62
54 56 98
54 58 47
54 62 42
54 64 17
54 65 51
54 66 1
54 67 22
54 70 27
54 73 46
54 74 65
54 79 26
54 83 7
54 85 14
54 87 13
54 90 59
54 98 58
54 100 100
55 57 97
55 62 2
55 63 61
55 69 57
55 70 58
55 72 25
55 76 25
55 86 94
55 87 38
55 89 85
55 90 5
55 92 38
55 95 31
55 96 84
55 98 14
55 100 45
56 57 97
56 58 80
56 61 6
56 64 24
56 71 23
56 75 84
56 77 16
56 86 90
56 88 98
56 92 37
56 94 99
56 96 72
56 99 61
56 100 76
57 58 45
57 59 64
57 62 22
57 65 52
57 66 48
57 71 6
57 75 47
57 82 57
57 83 2
57 84 43
57 86 81
57 88 14
57 89 88
57 90 64
57 92 81
57 94 70
57 96 97
57 97 89
57 99 90
57 100 7
58 59 46
58 63 6
58 65 88
58 66 45
58 69 71
58 72 22
58 74 20
58 80 18
58 81 88
58 82 65
58 85 5
58 89 68
58 90 34
58 91 76
58 92 91
58 93 4
58 94 10
58 95 85
58 99 17
58 100 79
59 60 77
59 64 11
59 66 70
59 67 15
59 69 11
59 70 78
59 71 92
59 72 53
59 76 56
59 77 53
59 79 47
59 80 3
59 82 68
59 83 15
59 86 96
59 89 16
59 91 13
59 93 72
59 94 53
59 97 52
59 99 8
60 61 43
60 62 7
60 63 56
60 66 1
60 67 91
60 69 49
60 71 91
60 72 42
60 75 52
60 77 69
60 82 92
60 83 15
60 84 43
60 87 71
60 90 12
60 94 91
60 95 17
60 96 18
60 99 40
61 63 84
61 67 48
61 70 39
61 71 95
61 76 87
61 77 31
61 78 13
61 79 74
61 81 76
61 84 54
61 86 74
61 88 43
61 89 60
61 90 7
61 93 79
61 94 44
61 96 15
61 97 2
61 98 22
61 99 42
61 100 78
62 73 49
62 74 92
62 75 18
62 76 34
62 79 42
62 80 67
62 82 58
62 83 45
62 85 15
62 88 75
62 89 98
62 92 99
62 94 52
62 96 19
62 97 48
62 98 8
63 64 60
63 67 78
63 70 70
63 73 73
63 79 23
63 80 95
63 82 58
63 88 54
63 93 93
63 94 81
63 96 89
63 99 83
63 100 90
64 66 99
64 67 49
64 69 60
64 70 29
64 73 93
64 74 31
64 75 64
64 76 97
64 80 67
64 81 8
64 86 59
64 89 87
64 94 14
64 97 72
65 68 31
65 71 89
65 72 93
65 74 91
65 76 59
65 79 5
65 81 49
65 86 23
65 88 69
65 89 77
65 98 51
65 99 3
66 67 64
66 69 74
66 73 41
66 80 10
66 82 9
66 84 53
66 85 100
66 86 76
66 90 49
66 92 87
66 93 33
66 95 43
66 97 72
66 98 21
66 100 10
67 68 4
67 70 16
67 71 96
67 72 12
67 73 3
67 74 77
67 75 93
67 76 52
67 79 22
67 87 86
67 89 16
67 91 64
67 93 30
67 96 52
67 98 94
68 70 84
68 71 74
68 76 67
68 77 34
68 84 6
68 86 85
68 89 99
68 90 2
68 92 19
68 93 9
68 95 35
68 96 70
68 99 17
69 72 46
69 74 22
69 75 71
69 80 74
69 81 68
69 82 95
69 83 46
69 87 89
69 88 42
69 91 2
69 92 31
69 93 86
69 96 6
69 97 89
69 98 77
69 99 57
69 100 50
70 77 16
70 78 48
70 82 89
70 84 40
70 86 34
70 87 29
70 91 95
70 92 27
70 93 38
70 94 27
70 98 4
70 100 39
71 73 38
71 76 62
71 77 20
71 78 45
71 82 78
71 85 58
71 88 65
71 91 28
71 94 74
71 99 3
72 73 3
72 78 18
72 79 53
72 80 100
72 84 81
72 85 8
72 86 18
72 90 63
72 91 29
72 92 38
72 93 63
72 95 26
72 97 45
72 98 53
73 76 23
73 78 56
73 90 74
73 91 16
73 92 79
73 94 23
73 95 59
73 99 60
74 77 8
74 78 66
74 79 44
74 80 13
74 82 94
74 85 91
74 86 14
74 88 51
74 89 16
74 95 80
74 96 94
74 98 11
74 99 95
75 77 41
75 85 93
75 86 64
75 87 46
75 88 48
75 90 77
75 92 55
75 94 27
75 97 12
75 98 3
75 100 23
76 78 100
76 90 47
76 94 76
76 97 92
76 99 61
77 80 79
77 82 96
77 84 4
77 85 78
77 87 98
77 88 76
77 92 95
77 93 12
77 94 61
77 98 9
78 79 29
78 82 85
78 83 94
78 85 20
78 93 10
78 95 82
78 100 84
79 81 35
79 82 19
79 84 64
79 85 92
79 87 68
79 92 52
79 93 63
79 98 33
79 99 14
80 83 17
80 84 96
80 85 73
80 86 83
80 87 79
80 90 7
80 92 98
80 94 74
80 95 27
80 97 11
80 100 19
81 82 35
81 85 28
81 88 96
81 89 61
81 90 1
81 92 60
81 98 73
81 100 66
82 83 46
82 85 28
82 86 82
82 88 96
82 92 55
82 94 20
82 95 75
82 96 43
82 97 100
82 98 25
82 99 37
83 85 33
83 86 41
83 87 7
83 91 66
83 95 70
83 96 52
84 87 72
84 88 68
84 91 36
84 96 49
84 97 31
84 98 86
85 87 20
85 91 86
85 95 94
85 97 62
85 98 68
85 99 49
85 100 83
86 87 87
86 88 79
86 92 31
86 97 87
87 89 36
87 93 48
87 98 51
87 100 25
88 89 54
88 93 49
88 95 63
88 97 83
88 98 22
88 100 25
89 90 10
89 91 74
89 92 79
89 94 31
89 97 57
89 98 6
89 99 36
90 94 30
90 99 81
91 92 34
91 94 97
91 96 19
91 99 57
91 100 12
92 97 97
92 98 58
92 100 25
93 94 96
93 97 50
93 99 99
93 100 63
94 95 36
94 97 99
94 99 15
94 100 5
95 99 5
96 97 55
96 98 84
96 99 72
96 100 48
97 98 17
98 99 94
99 100 50
1 4 30
1 7 32
1 14 17
1 15 36
1 16 34
1 18 12
1 19 29
1 20 88
1 23 31
1 24 12
1 25 42
1 26 48
1 27 68
1 30 7
1 32 43
1 35 48
1 37 9
1 38 91
1 42 73
1 44 51
1 45 64
1 47 10
1 48 39
1 52 96
1 54 25
1 56 81
1 57 57
1 63 16
1 64 6
1 70 88
1 71 90
1 72 62
1 75 69
1 88 81
1 90 11
1 93 63
1 95 68
1 97 54
1 100 27
2 4 93
2 5 27
2 12 62
2 20 88
2 24 90
2 25 41
2 29 47
2 30 82
2 31 4
2 36 23
2 37 79
2 38 98
2 42 46
2 43 65
2 45 88
2 46 63
2 48 30
2 50 19
2 51 41
2 52 53
2 53 3
2 54 47
2 55 78
2 59 51
2 61 58
2 63 49
2 64 48
2 67 27
2 68 44
2 69 100
2 72 12
2 74 27
2 78 73
2 80 43
2 83 28
2 87 81
2 88 76
2 90 50
2 92 81
2 94 8
2 95 82
2 97 88
2 99 14
2 100 55
3 6 15
3 9 73
3 10 51
3 11 1
3 12 1
3 14 86
3 18 90
3 19 6
3 25 56
3 26 42
3 28 71
3 29 51
3 30 22
3 31 91
3 32 95
3 33 15
3 40 87
3 43 57
3 44 9
3 49 65
3 51 68
3 54 93
3 56 26
3 58 81
3 59 19
3 62 95
3 63 13
3 64 38
3 68 80
3 69 76
3 70 87
3 75 95
3 87 84
3 90 72
3 92 25
3 94 1
3 98 59
4 6 31
4 10 5
4 19 49
4 21 68
4 22 87
4 24 92
4 26 94
4 27 29
4 28 13
4 29 70
4 30 5
4 31 13
4 32 40
4 33 84
4 34 29
4 41 9
4 46 78
4 47 96
4 52 18
4 54 17
4 55 87
4 57 2
4 60 68
4 61 92
4 62 74
4 63 88
4 64 63
4 68 29
4 69 72
4 72 47
4 76 6
4 77 98
4 79 92
4 84 79
4 87 91
4 88 42
4 89 92
4 92 75
4 93 34
4 95 56
5 6 54
5 8 73
5 9 70
5 11 34
5 16 49
5 17 55
5 26 43
5 29 94
5 39 43
5 41 21
5 42 64
5 46 11
5 53 11
5 54 13
5 55 43
5 56 43
5 60 15
5 61 29
5 65 7
5 67 21
5 72 53
5 73 99
5 76 16
5 77 87
5 79 55
5 82 39
5 85 78
5 90 52
5 92 17
5 96 100
6 8 72
6 10 87
6 17 1
6 20 14
6 21 4
6 24 35
6 25 19
6 30 17
6 33 36
6 37 75
6 38 33
6 39 10
6 40 8
6 42 41
6 44 15
6 47 77
6 48 12
6 51 61
6 52 2
6 53 87
6 54 35
6 55 12
6 57 45
6 59 85
6 64 84
6 65 82
6 68 70
6 72 6
6 74 28
6 76 6
6 77 39
6 80 56
6 81 45
6 84 41
6 89 81
6 91 56
6 92 29
6 93 6
6 94 85
6 98 72
7 12 47
7 13 12
7 23 97
7 25 76
7 26 100
7 28 7
7 29 70
7 30 98
7 31 54
7 35 58
7 38 78
7 46 46
7 50 40
7 51 13
7 52 8
7 53 29
7 60 86
7 63 25
7 64 96
7 66 5
7 67 35
7 68 7
7 70 70
7 71 65
7 74 94
7 76 29
7 85 96
7 86 35
7 87 85
7 90 72
7 91 35
7 92 97
7 94 15
7 98 31
7 100 24
8 9 89
8 10 92
8 15 62
8 17 95
8 18 83
8 22 41
8 24 33
8 25 60
8 27 35
8 29 81
8 31 83
8 32 82
8 33 25
8 34 18
8 35 40
8 37 82
8 38 15
8 42 68
8 43 83
8 44 77
8 46 54
8 50 31
8 52 2
8 53 87
8 54 100
8 56 84
8 57 31
8 61 93
8 65 71
8 66 20
8 68 28
8 70 35
8 71 58
8 72 92
8 78 19
8 79 80
8 80 73
8 85 20
8 87 4
8 88 89
8 91 65
8 92 74
8 97 69
8 99 33
8 100 26
9 10 83
9 11 17
9 12 49
9 17 49
9 18 67
9 19 70
9 23 91
9 25 78
9 31 33
9 33 20
9 34 49
9 35 100
9 36 62
9 40 13
9 41 71
9 42 59
9 43 51
9 46 88
9 47 68
9 48 99
9 49 37
9 50 7
9 52 79
9 54 76
9 68 8
9 70 61
9 76 8
9 77 66
9 80 50
9 82 8
9 85 59
9 87 82
9 90 77
9 93 76
9 95 6
9 99 79
10 13 47
10 21 29
10 24 65
10 25 93
10 29 54
10 34 33
10 37 75
10 38 51
10 40 98
10 41 80
10 44 71
10 47 13
10 48 3
10 50 88
10 52 1
10 55 17
10 58 41
10 64 77
10 65 21
10 66 55
10 67 88
10 69 65
10 71 88
10 72 96
10 74 6
10 77 32
10 82 15
10 84 93
10 87 37
10 89 37
10 90 99
10 91 28
10 92 61
10 96 68
10 98 48
10 100 34
11 14 10
11 15 16
11 16 86
11 17 33
11 18 93
11 20 14
11 23 38
11 25 22
11 28 66
11 31 91
11 35 65
11 39 59
11 41 19
11 44 9
11 45 10
11 46 95
11 47 25
11 48 4
11 52 88
11 54 32
11 56 8
11 57 65
11 61 46
11 70 60
11 72 26
11 73 98
11 74 50
11 76 42
11 77 96
11 79 24
11 86 95
11 88 4
11 94 100
11 95 28
11 97 74
11 98 36
12 15 85
12 17 4
12 18 46
12 20 14
12 22 10
12 24 76
12 25 59
12 30 74
12 31 78
12 32 76
12 35 66
12 38 25
12 40 94
12 44 91
12 47 40
12 49 7
12 50 75
12 51 8
12 52 100
12 55 69
12 58 42
12 65 19
12 66 77
12 68 100
12 70 60
12 71 12
12 72 86
12 73 22
12 75 18
12 76 17
12 78 51
12 83 18
12 87 20
12 89 12
12 91 75
12 92 100
12 93 37
13 18 11
13 19 90
13 20 39
13 21 96
13 24 10
13 26 41
13 28 97
13 30 69
13 33 48
13 35 70
13 38 65
13 39 68
13 40 19
13 43 48
13 44 29
13 45 88
13 59 8
13 65 61
13 67 52
13 72 26
13 73 67
13 74 62
13 78 76
13 79 89
13 88 79
13 89 12
13 93 93
13 98 79
13 99 66
13 100 50
14 17 47
14 18 85
14 23 15
14 24 8
14 28 76
14 29 95
14 30 60
14 31 90
14 33 76
14 35 62
14 37 5
14 38 84
14 40 34
14 43 66
14 44 31
14 54 78
14 59 90
14 69 65
14 72 27
14 73 34
14 75 12
14 78 28
14 79 37
14 81 46
14 82 37
14 83 49
14 86 81
14 87 26
14 91 20
14 92 84
14 93 100
14 94 82
15 17 15
15 20 82
15 22 78
15 24 60
15 29 17
15 30 19
15 32 27
15 34 17
15 37 20
15 38 65
15 40 16
15 43 8
15 44 83
15 47 61
15 49 64
15 51 44
15 54 69
15 58 12
15 59 56
15 62 27
15 63 10
15 64 77
15 70 91
15 74 30
15 77 100
15 82 71
15 84 77
15 86 63
15 90 42
15 92 45
15 93 60
15 97 57
15 100 83
16 17 100
16 18 22
16 19 38
16 21 49
16 22 4
16 24 30
16 25 37
16 26 64
16 27 94
16 31 1
16 34 47
16 35 86
16 36 52
16 42 32
16 43 43
16 44 76
16 45 21
16 46 69
16 47 87
16 51 34
16 53 44
16 54 36
16 57 28
16 61 32
16 63 70
16 64 18
16 65 1
16 67 31
16 68 38
16 69 21
16 72 14
16 78 35
16 88 91
16 91 28
16 95 7
16 96 66
16 99 17
17 20 26
17 24 9
17 25 39
17 27 2
17 28 59
17 30 48
17 31 37
17 32 24
17 36 52
17 37 46
17 38 96
17 41 43
17 44 2
17 47 30
17 48 3
17 51 2
17 53 7
17 57 10
17 59 76
17 62 69
17 68 3
17 71 96
17 72 1
17 73 73
17 74 82
17 76 24
17 80 6
17 83 84
17 91 3
17 92 19
17 98 95
18 20 91
18 26 79
18 28 5
18 29 92
18 31 14
18 35 35
18 36 5
18 38 26
18 39 27
18 45 12
18 46 27
18 48 42
18 50 37
18 52 81
18 54 13
18 58 5
18 59 38
18 63 74
18 64 48
18 66 10
18 69 13
18 70 83
18 71 3
18 73 23
18 76 48
18 77 95
18 82 39
18 83 17
18 85 96
18 86 91
18 88 98
18 91 64
18 94 54
18 95 19
18 96 34
18 98 47
18 100 11
19 20 28
19 21 86
19 23 99
19 27 1
19 31 54
19 34 97
19 35 6
19 39 83
19 45 95
19 46 95
19 47 100
19 48 40
19 49 25
19 57 33
19 58 32
19 60 13
19 61 56
19 62 1
19 63 65
19 64 40
19 65 32
19 68 86
19 77 94
19 78 14
19 81 45
19 86 62
19 88 57
19 89 55
19 90 29
19 91 56
20 29 48
20 30 83
20 35 11
20 38 86
20 39 53
20 41 53
20 43 97
20 45 33
20 46 77
20 49 10
20 54 68
20 55 82
20 56 34
20 57 64
20 63 56
20 65 20
20 68 49
20 69 95
20 73 22
20 84 66
20 88 37
20 89 56
20 90 36
20 91 99
20 93 95
20 95 60
20 96 45
20 99 99
21 24 67
21 29 88
21 33 22
21 36 9
21 37 75
21 40 9
21 41 86
21 42 56
21 45 73
21 48 34
21 51 24
21 55 52
21 56 53
21 57 80
21 58 19
21 61 11
21 62 35
21 66 58
21 67 37
21 71 83
21 75 94
21 77 56
21 78 74
21 79 21
21 80 38
21 83 47
21 85 73
21 86 54
21 91 8
21 94 18
21 96 72
21 98 78
21 100 58
22 23 57
22 26 25
22 27 64
22 28 12
22 29 30
22 34 94
22 37 85
22 38 27
22 39 11
22 41 66
22 42 5
22 44 37
22 46 51
22 51 37
22 54 46
22 55 81
22 58 48
22 61 67
22 65 84
22 66 79
22 67 100
22 73 52
22 74 87
22 76 5
22 77 72
22 78 38
22 79 69
22 80 75
22 83 14
22 86 34
22 87 8
22 88 43
22 92 11
22 94 81
22 95 29
22 97 51
22 98 37
23 25 52
23 27 82
23 28 69
23 34 53
23 39 26
23 40 49
23 41 22
23 43 25
23 46 19
23 47 19
23 48 94
23 50 35
23 53 30
23 54 59
23 64 74
23 65 65
23 66 26
23 67 85
23 68 57
23 73 91
23 74 61
23 75 64
23 77 2
23 80 86
23 81 36
23 82 91
23 89 25
23 93 20
23 94 58
23 95 67
23 96 22
23 97 51
23 98 3
23 99 40
24 29 68
24 31 62
24 33 18
24 34 94
24 36 54
24 41 8
24 42 46
24 44 11
24 46 98
24 50 17
24 51 77
24 52 39
24 53 31
24 54 87
24 58 28
24 60 51
24 61 21
24 62 92
24 63 49
24 64 33
24 66 86
24 69 88
24 71 48
24 72 14
24 73 11
24 74 91
24 79 63
24 80 80
24 81 73
24 83 89
24 84 38
24 87 77
24 90 85
24 91 85
24 92 48
24 93 63
24 94 37
24 95 87
24 99 5
24 100 66
25 27 3
25 32 74
25 35 51
25 40 8
25 41 26
25 46 35
25 48 16
25 52 100
25 53 33
25 55 41
25 60 1
25 63 6
25 64 18
25 65 41
25 66 86
25 68 82
25 69 1
25 70 67
25 71 46
25 75 4
25 77 52
25 85 32
25 86 79
25 87 61
25 88 4
25 90 52
25 92 68
25 94 11
25 96 58
25 97 39
26 30 80
26 33 4
26 35 27
26 39 89
26 41 8
26 44 99
26 46 23
26 55 35
26 58 77
26 60 95
26 63 43
26 64 92
26 65 47
26 68 57
26 69 88
26 72 84
26 73 42
26 76 5
26 78 49
26 88 18
26 89 20
26 91 85
26 96 71
26 98 22
27 30 57
27 31 48
27 34 78
27 35 57
27 37 78
27 39 2
27 43 60
27 44 83
27 45 47
27 47 43
27 48 73
27 50 82
27 51 21
27 52 50
27 58 75
27 59 79
27 60 65
27 61 79
27 65 78
27 68 26
27 71 69
27 73 4
27 74 20
27 80 55
27 83 53
27 87 40
27 88 5
27 90 41
27 91 80
27 96 46
27 98 71
27 99 51
28 29 13
28 32 10
28 36 83
28 38 68
28 42 3
28 43 34
28 49 69
28 56 13
28 57 54
28 58 1
28 62 82
28 71 63
28 75 61
28 81 82
28 83 86
28 92 91
28 96 90
28 100 86
29 30 67
29 34 100
29 35 72
29 38 68
29 48 86
29 49 9
29 52 74
29 53 58
29 54 65
29 57 64
29 62 15
29 64 68
29 66 35
29 68 78
29 69 32
29 70 73
29 71 71
29 75 30
29 76 43
29 79 73
29 84 56
29 85 72
29 88 65
29 90 50
29 91 84
29 92 18
29 96 68
29 97 14
29 98 30
30 33 17
30 35 60
30 36 62
30 37 26
30 39 95
30 41 82
30 45 32
30 53 4
30 54 2
30 56 89
30 58 24
30 63 79
30 71 23
30 76 83
30 77 50
30 81 92
30 84 61
30 90 94
30 91 32
30 95 52
30 96 89
30 97 94
30 99 35
31 32 30
31 35 74
31 36 47
31 39 34
31 43 30
31 46 73
31 47 71
31 53 32
31 55 68
31 60 79
31 61 100
31 70 51
31 72 77
31 74 33
31 75 38
31 77 3
31 80 50
31 82 80
31 83 80
31 84 77
31 89 19
31 92 71
31 93 78
31 94 11
31 95 81
31 96 80
32 34 21
32 39 35
32 40 31
32 41 75
32 42 68
32 50 14
32 51 52
32 53 95
32 59 14
32 64 57
32 67 64
32 70 40
32 76 68
32 78 5
32 81 90
32 89 57
32 91 75
32 92 70
32 93 82
32 97 93
32 99 98
32 100 26
33 37 47
33 40 36
33 42 22
33 43 76
33 44 15
33 50 25
33 51 19
33 54 98
33 56 13
33 58 51
33 61 68
33 62 5
33 64 92
33 66 25
33 70 21
33 71 70
33 72 98
33 73 56
33 75 82
33 76 70
33 82 37
33 83 33
33 85 67
33 88 68
33 89 38
33 92 88
33 94 70
33 95 49
33 96 56
33 97 99
34 35 76
34 39 99
34 44 80
34 46 50
34 48 70
34 50 45
34 52 44
34 54 97
34 56 69
34 58 12
34 62 77
34 65 22
34 68 47
34 70 20
34 72 86
34 79 20
34 80 10
34 81 38
34 83 38
34 84 38
34 88 98
34 90 64
34 91 27
34 93 25
34 98 89
34 99 56
34 100 27
35 36 62
35 39 60
35 41 17
35 44 82
35 46 2
35 47 68
35 49 86
35 50 34
35 55 91
35 56 6
35 58 60
35 60 38
35 68 82
35 69 13
35 72 86
35 75 63
35 77 62
35 79 24
35 81 10
35 85 43
35 86 100
35 88 13
35 93 48
35 94 2
35 97 9
35 100 41
36 39 94
36 43 82
36 44 100
36 49 84
36 50 37
36 56 77
36 61 74
36 64 61
36 66 22
36 67 36
36 69 18
36 70 7
36 76 12
36 77 69
36 78 31
36 80 77
36 82 67
36 85 64
36 88 22
36 90 66
36 92 100
36 95 31
36 98 32
37 41 97
37 47 43
37 54 8
37 55 61
37 57 42
37 60 76
37 70 87
37 76 25
37 78 31
37 79 15
37 81 25
37 86 77
37 87 52
37 90 65
37 91 77
37 92 67
37 97 34
37 98 44
37 99 25
37 100 15
38 40 45
38 41 100
38 42 78
38 46 97
38 55 74
38 67 90
38 68 40
38 69 5
38 70 66
38 71 15
38 72 13
38 75 100
38 82 30
38 84 43
38 91 81
38 93 48
38 94 11
38 96 36
38 99 66
39 40 16
39 46 55
39 47 23
39 50 34
39 53 57
39 54 26
39 56 58
39 59 66
39 60 1
39 61 21
39 65 66
39 66 38
39 67 68
39 68 25
39 72 88
39 73 64
39 74 70
39 80 58
39 84 59
39 85 54
39 86 31
39 87 2
39 88 7
39 91 34
39 92 69
39 96 67
39 97 16
39 100 32
40 47 44
40 51 98
40 52 19
40 53 43
40 57 78
40 59 60
40 61 5
40 63 87
40 66 40
40 68 25
40 71 18
40 73 23
40 74 4
40 78 41
40 79 82
40 85 83
40 90 40
40 97 31
41 42 23
41 43 87
41 48 5
41 49 75
41 51 81
41 53 48
41 56 55
41 59 8
41 60 12
41 63 21
41 67 71
41 76 15
41 77 34
41 80 24
41 81 95
41 84 95
41 85 87
41 86 100
41 87 12
41 89 47
41 91 37
41 93 86
41 95 31
41 98 27
42 43 36
42 44 48
42 52 38
42 55 82
42 56 82
42 59 87
42 63 23
42 64 98
42 65 61
42 69 86
42 74 74
42 77 95
42 82 98
42 83 37
42 84 25
42 88 83
42 89 3
42 94 85
42 97 44
43 47 85
43 48 69
43 49 62
43 51 93
43 58 91
43 66 46
43 68 73
43 75 23
43 77 59
43 80 12
43 81 69
43 87 89
43 94 15
43 96 51
44 52 50
44 58 44
44 59 5
44 61 71
44 65 48
44 68 5
44 69 85
44 72 8
44 76 7
44 77 86
44 78 35
44 80 23
44 83 42
44 86 26
44 88 96
44 91 34
44 92 84
44 94 15
44 95 78
44 96 22
44 97 66
44 100 88
45 46 86
45 47 62
45 56 76
45 61 24
45 62 65
45 68 60
45 70 49
45 71 43
45 72 62
45 74 43
45 75 21
45 78 19
45 86 60
45 91 7
45 94 32
45 95 76
45 99 43
46 47 15
46 48 12
46 49 32
46 51 46
46 52 34
46 54 19
46 55 10
46 56 9
46 57 84
46 59 52
46 63 79
46 66 84
46 67 39
46 68 19
46 69 27
46 70 57
46 71 66
46 73 54
46 77 85
46 79 13
46 86 35
46 87 73
46 88 46
46 89 42
46 91 28
46 92 81
46 94 28
46 99 41
46 100 67
47 49 72
47 50 85
47 53 88
47 55 57
47 56 34
47 57 7
47 58 33
47 59 100
47 68 57
47 70 61
47 71 57
47 75 97
47 76 78
47 77 69
47 78 76
47 83 63
47 86 81
47 91 7
47 92 56
47 93 96
47 95 70
47 98 50
48 49 80
48 51 39
48 53 4
48 54 66
48 55 2
48 56 32
48 58 63
48 59 43
48 60 84
48 61 16
48 62 52
48 64 73
48 66 46
48 67 9
48 69 62
48 70 93
48 72 61
48 73 27
48 75 95
48 76 10
48 79 89
48 81 23
48 85 75
48 87 40
48 88 52
48 90 88
48 94 44
48 97 74
48 99 49
49 51 63
49 54 63
49 56 93
49 60 53
49 63 67
49 64 23
49 65 99
49 66 38
49 72 64
49 74 17
49 75 66
49 78 27
49 83 75
49 87 9
49 89 27
49 90 92
49 95 16
49 96 73
49 98 36
50 53 26
50 54 26
50 55 38
50 58 87
50 61 20
50 62 83
50 63 32
50 65 60
50 67 72
50 71 26
50 73 73
50 74 75
50 77 81
50 79 53
50 80 67
50 84 94
50 86 85
50 88 5
50 91 70
50 92 56
50 94 6
50 95 69
51 53 81
51 54 66
51 58 54
51 61 83
51 66 62
51 67 70
51 70 84
51 74 35
51 78 72
51 80 27
51 81 38
51 83 48
51 84 56
51 85 31
51 86 54
51 89 68
51 91 20
51 94 67
51 100 77
52 53 37
52 55 76
52 56 99
52 57 98
52 58 23
52 65 88
52 68 90
52 70 83
52 72 67
52 73 63
52 74 47
52 76 56
52 78 93
52 80 8
52 88 41
52 90 79
52 94 53
52 96 63
53 56 32
53 59 70
53 63 22
53 65 20
53 67 47
53 69 29
53 70 61
53 71 57
53 73 93
53 79 42
53 80 9
53 85 98
53 95 4
53 96 36
53 98 63
53 99 72
53 100 12
54 57 85
54 62 50
54 71 75
54 72 71
54 74 47
54 75 11
54 76 34
54 80 74
54 81 3
54 87 78
54 89 90
54 92 67
54 93 6
54 94 79
54 96 45
54 97 74
55 57 63
55 59 86
55 61 15
55 62 65
55 65 81
55 67 44
55 69 92
55 70 100
55 72 14
55 73 26
55 74 74
55 75 45
55 77 37
55 78 28
55 81 63
55 82 21
55 83 95
55 84 96
55 85 50
55 86 69
55 88 54
55 89 67
55 91 5
55 93 99
55 95 55
55 100 1
56 69 95
56 72 93
56 74 51
56 77 34
56 82 79
56 83 6
56 85 46
56 86 12
56 87 4
56 88 2
56 92 34
56 93 28
56 95 86
56 98 14
56 100 12
57 59 66
57 60 84
57 61 88
57 62 61
57 63 68
57 64 57
57 67 56
57 68 14
57 77 22
57 78 56
57 80 20
57 86 40
57 89 50
57 91 88
57 92 17
57 93 48
57 95 49
57 96 47
57 98 96
58 60 99
58 61 38
58 67 47
58 68 32
58 71 49
58 72 62
58 75 68
58 77 98
58 80 32
58 82 34
58 84 46
58 85 46
58 96 14
59 60 79
59 62 22
59 69 59
59 70 54
59 71 77
59 72 31
59 76 29
59 79 98
59 83 61
59 86 69
59 89 33
59 91 18
59 92 50
59 93 55
59 94 5
59 98 42
59 100 36
60 62 62
60 63 80
60 64 71
60 66 82
60 68 62
60 71 92
60 73 85
60 74 59
60 76 19
60 80 97
60 81 63
60 84 70
60 87 73
60 88 35
60 94 4
60 100 42
61 64 77
61 65 26
61 66 70
61 71 95
61 74 52
61 75 81
61 76 38
61 78 72
61 82 15
61 84 61
61 85 6
61 89 58
61 90 90
61 93 59
61 95 23
61 99 94
62 64 57
62 66 34
62 77 46
62 78 52
62 79 72
62 81 50
62 83 56
62 88 11
62 93 99
62 94 52
62 95 15
62 97 55
62 99 41
62 100 31
63 66 25
63 70 77
63 72 100
63 73 26
63 74 46
63 75 21
63 79 31
63 84 65
63 85 28
63 91 96
63 92 38
63 94 31
63 95 96
63 96 1
63 97 63
63 98 50
64 66 25
64 67 91
64 72 1
64 73 9
64 75 19
64 76 92
64 77 97
64 80 6
64 84 47
64 85 50
64 87 23
64 94 53
64 95 99
64 97 32
64 98 19
65 66 65
65 67 6
65 68 67
65 69 5
65 70 79
65 71 94
65 75 44
65 78 78
65 79 41
65 82 11
65 83 4
65 85 15
65 87 53
65 90 51
65 93 41
65 99 67
65 100 58
66 70 96
66 71 88
66 72 3
66 74 36
66 88 22
66 89 59
66 91 71
66 95 34
66 96 40
67 69 57
67 70 38
67 71 68
67 74 98
67 76 85
67 85 44
67 87 71
67 89 55
67 92 67
67 95 12
67 96 51
67 97 43
67 100 68
68 71 50
68 80 32
68 84 80
68 85 34
68 91 88
68 92 91
68 94 42
68 96 40
68 98 89
68 99 93
68 100 66
69 70 91
69 71 33
69 72 82
69 78 38
69 79 38
69 80 96
69 83 97
69 84 79
69 89 84
69 97 9
69 99 65
69 100 29
70 73 78
70 75 45
70 76 21
70 80 67
70 81 70
70 82 66
70 85 45
70 86 44
70 88 15
70 95 15
70 98 80
70 100 70
71 72 59
71 74 35
71 76 21
71 79 59
71 80 51
71 81 99
71 82 46
71 83 86
71 86 37
71 88 81
71 90 11
71 92 49
71 94 7
71 97 97
72 73 65
72 74 88
72 81 86
72 83 22
72 84 53
72 87 16
72 91 84
72 94 99
72 98 94
72 99 82
73 75 56
73 76 19
73 77 57
73 86 74
73 90 42
73 95 75
73 96 30
74 76 85
74 78 6
74 79 44
74 80 32
74 82 13
74 84 16
74 86 50
74 88 3
74 91 22
74 94 86
74 96 74
74 98 43
75 76 51
75 77 87
75 82 40
75 89 18
75 91 79
75 92 76
75 93 17
75 95 17
75 100 90
76 80 27
76 82 64
76 85 27
76 92 86
76 94 9
76 99 83
77 79 12
77 84 36
77 85 47
77 87 38
77 89 92
77 91 40
77 93 81
77 95 9
77 98 52
78 81 53
78 82 45
78 84 78
78 88 47
78 89 48
78 90 78
78 92 23
78 93 38
78 99 32
78 100 33
79 82 35
79 83 71
79 84 99
79 85 99
79 88 83
79 91 27
79 93 90
79 94 91
79 95 98
80 81 53
80 82 38
80 85 53
80 88 25
80 94 57
80 96 6
80 97 33
80 99 56
81 84 11
81 85 18
81 86 69
81 87 74
81 94 83
81 97 28
81 98 59
81 99 46
82 84 44
82 85 21
82 87 30
82 92 31
82 94 78
82 95 26
82 97 35
82 100 13
83 86 21
83 89 29
83 92 13
83 98 17
83 99 48
84 85 74
84 86 88
84 87 46
84 88 89
84 89 70
84 91 17
84 93 86
84 94 70
84 98 51
84 99 10
84 100 97
85 87 79
85 90 25
85 94 83
85 96 88
85 100 38
86 87 56
86 93 69
86 96 73
86 98 50
86 99 79
87 93 52
87 96 40
88 89 14
88 90 34
88 91 70
88 92 83
88 94 55
88 95 95
88 96 68
88 97 84
89 91 2
89 94 90
89 95 84
89 97 50
89 98 72
89 99 66
89 100 99
90 93 95
90 98 51
90 100 8
91 93 29
91 95 8
91 97 52
91 100 95
92 93 16
92 96 51
92 97 98
92 98 21
92 100 99
93 95 43
93 97 2
93 98 32
93 100 3
94 97 88
94 99 32
95 97 67
95 100 68
98 100 74
1 2 90
1 3 76
1 8 62
1 9 45
1 12 54
1 16 79
1 18 60
1 19 23
1 23 83
1 26 10
1 30 24
1 39 85
1 45 45
1 47 1
1 48 67
1 49 37
1 51 77
1 53 39
1 54 26
1 56 63
1 57 69
1 64 91
1 65 36
1 67 88
1 69 11
1 70 35
1 71 54
1 73 36
1 74 1
1 76 47
1 78 5
1 83 31
1 84 69
1 86 4
1 87 98
1 91 90
1 92 64
1 93 22
1 98 17
1 100 56
2 3 87
2 4 99
2 7 95
2 9 14
2 10 45
2 12 34
2 13 94
2 16 21
2 19 87
2 21 37
2 23 63
2 25 77
2 27 42
2 28 21
2 29 59
2 30 95
2 33 17
2 35 59
2 38 85
2 42 88
2 43 54
2 44 65
2 45 76
2 49 53
2 50 87
2 52 66
2 53 91
2 54 59
2 57 72
2 59 100
2 61 22
2 63 29
2 66 87
2 72 22
2 73 13
2 74 50
2 78 86
2 79 25
2 86 54
2 87 84
2 88 45
2 91 93
2 96 62
2 97 47
2 98 26
2 99 55
2 100 28
3 7 82
3 9 46
3 11 27
3 13 97
3 16 18
3 18 63
3 19 67
3 21 97
3 22 97
3 23 22
3 25 46
3 27 36
3 28 97
3 29 58
3 33 50
3 35 45
3 39 21
3 40 65
3 43 90
3 44 90
3 47 24
3 48 69
3 49 32
3 51 21
3 53 40
3 54 22
3 56 35
3 57 48
3 58 30
3 59 37
3 60 65
3 63 30
3 64 38
3 66 1
3 70 30
3 74 72
3 76 97
3 78 15
3 80 10
3 85 41
3 86 36
3 87 91
3 89 84
3 91 84
3 95 8
3 97 28
3 100 6
4 8 48
4 13 14
4 17 81
4 19 100
4 20 87
4 21 11
4 22 32
4 25 19
4 26 8
4 27 89
4 28 50
4 33 14
4 35 94
4 38 1
4 39 29
4 43 51
4 44 80
4 46 69
4 48 40
4 55 84
4 56 41
4 60 33
4 65 50
4 69 53
4 71 38
4 75 52
4 77 17
4 85 72
4 87 14
4 88 25
4 93 38
4 94 12
4 95 37
4 96 98
4 98 16
4 100 91
5 6 73
5 14 65
5 15 63
5 16 27
5 17 65
5 20 72
5 21 23
5 24 41
5 26 54
5 27 80
5 28 48
5 31 24
5 34 65
5 35 39
5 37 75
5 38 6
5 39 23
5 40 55
5 41 94
5 42 30
5 44 94
5 46 68
5 47 70
5 48 20
5 49 13
5 51 19
5 52 53
5 53 48
5 56 56
5 58 64
5 60 49
5 61 93
5 66 54
5 67 73
5 68 30
5 70 27
5 71 23
5 72 1
5 73 59
5 74 50
5 81 78
5 84 7
5 86 54
5 90 53
5 94 22
5 95 84
5 96 47
5 97 52
5 98 76
5 99 57
6 9 30
6 10 95
6 18 31
6 19 45
6 21 22
6 25 17
6 26 2
6 28 28
6 33 75
6 34 91
6 35 55
6 36 88
6 37 81
6 41 43
6 44 5
6 48 91
6 50 44
6 52 10
6 58 84
6 60 43
6 64 63
6 65 58
6 67 38
6 68 58
6 72 89
6 73 72
6 74 42
6 75 51
6 76 38
6 77 30
6 79 9
6 82 95
6 83 91
6 84 9
6 85 36
6 87 45
6 89 19
6 91 33
6 92 93
6 93 67
6 95 62
6 96 12
6 98 39
6 99 4
7 8 69
7 13 8
7 14 33
7 16 6
7 17 2
7 18 83
7 20 65
7 21 24
7 22 15
7 26 10
7 28 43
7 30 80
7 33 51
7 35 51
7 36 67
7 38 85
7 39 42
7 41 81
7 43 90
7 44 64
7 46 82
7 49 82
7 54 1
7 57 46
7 60 23
7 61 37
7 63 2
7 66 94
7 70 28
7 74 6
7 75 38
7 79 63
7 82 45
7 83 45
7 87 76
7 91 85
7 93 65
7 99 86
8 11 44
8 12 51
8 15 98
8 16 84
8 18 84
8 21 99
8 24 81
8 25 67
8 27 80
8 35 47
8 38 4
8 41 26
8 42 100
8 44 31
8 45 26
8 46 27
8 49 51
8 50 76
8 51 59
8 53 68
8 57 45
8 61 20
8 72 69
8 79 5
8 80 56
8 84 79
8 86 82
8 92 11
8 93 22
8 95 29
8 96 28
8 99 75
8 100 72
9 11 37
9 17 55
9 18 55
9 24 95
9 25 52
9 30 70
9 31 51
9 33 53
9 36 53
9 37 47
9 41 58
9 42 33
9 45 92
9 49 48
9 50 68
9 53 52
9 56 64
9 62 80
9 63 53
9 65 12
9 71 75
9 73 94
9 74 45
9 77 15
9 78 52
9 81 86
9 82 22
9 84 64
9 85 58
9 88 36
9 91 54
9 92 52
9 98 81
9 100 15
10 16 5
10 17 6
10 19 67
10 21 18
10 27 61
10 28 29
10 32 15
10 36 72
10 37 75
10 39 55
10 40 31
10 41 5
10 45 78
10 47 98
10 48 88
10 50 5
10 56 37
10 59 35
10 62 9
10 65 66
10 70 92
10 75 85
10 76 87
10 79 4
10 80 28
10 81 17
10 84 63
10 85 29
10 90 98
10 96 23
10 98 79
11 12 4
11 13 100
11 16 26
11 17 49
11 18 7
11 24 71
11 26 53
11 30 98
11 31 92
11 34 3
11 35 70
11 36 54
11 39 44
11 40 99
11 41 52
11 43 100
11 44 31
11 45 24
11 46 32
11 51 91
11 53 46
11 54 14
11 55 3
11 56 10
11 62 2
11 63 49
11 69 26
11 70 1
11 71 6
11 72 25
11 74 71
11 77 74
11 78 97
11 84 14
11 89 40
11 90 92
11 91 63
11 93 62
11 100 70
12 14 26
12 16 74
12 17 14
12 18 49
12 19 16
12 20 69
12 22 24
12 23 35
12 28 70
12 30 67
12 32 1
12 36 53
12 37 75
12 41 8
12 42 44
12 43 27
12 46 7
12 48 32
12 49 56
12 54 73
12 55 48
12 62 44
12 64 34
12 66 97
12 67 99
12 68 28
12 71 60
12 72 68
12 73 55
12 75 55
12 79 13
12 80 32
12 82 79
12 83 78
12 84 9
12 86 90
12 94 8
12 95 14
12 96 36
12 98 33
13 14 31
13 18 20
13 19 50
13 22 96
13 30 27
13 31 11
13 34 22
13 35 59
13 39 87
13 42 74
13 43 86
13 45 1
13 53 95
13 54 34
13 58 49
13 63 12
13 64 33
13 76 3
13 78 7
13 80 72
13 83 98
13 85 82
13 86 56
13 89 51
13 92 24
13 95 38
13 99 24
14 16 40
14 17 71
14 19 39
14 29 42
14 30 37
14 32 72
