100 4456 1
1 4 5
1 5 53
1 7 43
1 11 96
1 13 47
1 15 88
1 16 10
1 17 95
1 19 18
1 21 15
1 25 35
1 29 91
1 33 26
1 34 67
1 35 30
1 37 82
1 40 46
1 43 96
1 45 61
1 47 3
1 49 99
1 50 99
1 52 59
1 53 68
1 55 61
1 56 75
1 57 100
1 58 55
1 61 34
1 63 90
1 64 22
1 66 67
1 77 55
1 79 93
1 81 41
1 86 50
1 89 73
1 90 94
1 91 9
1 92 35
1 93 64
1 95 12
1 96 26
1 97 87
2 6 95
2 8 33
2 15 87
2 16 3
2 25 4
2 29 20
2 30 94
2 32 47
2 34 10
2 35 30
2 37 61
2 38 86
2 41 28
2 42 63
2 47 90
2 48 95
2 55 48
2 60 72
2 61 84
2 64 5
2 65 2
2 72 45
2 73 55
2 75 25
2 76 12
2 77 45
2 79 83
2 81 17
2 82 29
2 83 22
2 84 99
2 85 27
2 86 45
2 88 7
2 90 83
2 92 31
2 93 48
2 96 72
3 7 82
3 9 26
3 10 88
3 13 88
3 15 42
3 18 35
3 20 43
3 21 44
3 22 37
3 23 23
3 24 62
3 26 56
3 27 30
3 28 92
3 29 4
3 31 32
3 32 59
3 33 54
3 35 62
3 37 87
3 38 68
3 40 38
3 43 58
3 44 21
3 48 24
3 49 54
3 50 56
3 55 28
3 62 92
3 64 81
3 65 79
3 67 57
3 69 67
3 71 8
3 75 16
3 78 51
3 79 94
3 83 1
3 84 14
3 85 57
3 86 46
3 87 31
3 88 64
3 90 40
3 96 93
3 98 70
3 100 16
4 6 84
4 7 66
4 9 12
4 11 96
4 15 55
4 17 27
4 18 30
4 19 61
4 20 33
4 21 97
4 22 76
4 25 95
4 28 54
4 29 45
4 30 70
4 31 52
4 34 89
4 35 42
4 40 71
4 41 43
4 46 53
4 48 3
4 51 90
4 52 3
4 54 27
4 59 95
4 62 18
4 63 36
4 66 14
4 69 17
4 70 32
4 71 65
4 72 11
4 73 89
4 76 39
4 78 48
4 79 79
4 81 71
4 82 20
4 83 4
4 84 46
4 87 69
4 91 38
4 99 15
4 100 60
5 8 30
5 9 22
5 10 20
5 12 95
5 13 32
5 14 58
5 17 96
5 19 61
5 26 99
5 27 63
5 28 53
5 32 35
5 34 25
5 37 93
5 38 33
5 43 20
5 46 80
5 47 69
5 48 83
5 51 2
5 54 23
5 55 72
5 57 26
5 61 31
5 62 75
5 63 27
5 68 81
5 71 10
5 73 2
5 77 72
5 79 37
5 81 27
5 83 33
5 84 12
5 86 72
5 90 21
5 91 62
5 98 9
6 8 95
6 10 64
6 12 64
6 15 27
6 16 2
6 17 97
6 19 13
6 21 10
6 22 11
6 23 71
6 28 40
6 33 77
6 39 13
6 43 76
6 44 61
6 47 11
6 48 5
6 51 36
6 54 23
6 56 21
6 59 55
6 60 61
6 68 23
6 78 43
6 80 33
6 82 62
6 84 83
6 87 77
6 89 31
6 91 26
6 93 6
6 94 62
6 95 43
6 99 44
6 100 17
7 14 44
7 15 58
7 16 83
7 17 58
7 20 41
7 21 100
7 22 57
7 23 19
7 24 63
7 25 1
7 26 14
7 27 86
7 29 44
7 31 95
7 34 83
7 45 67
7 46 76
7 47 99
7 49 34
7 53 31
7 54 78
7 58 93
7 59 32
7 61 24
7 64 71
7 66 85
7 67 30
7 69 28
7 71 54
7 72 89
7 77 22
7 79 69
7 81 84
7 82 56
7 84 96
7 85 58
7 88 29
7 93 76
7 94 82
7 97 67
8 9 9
8 10 33
8 11 1
8 18 26
8 20 81
8 21 53
8 22 84
8 23 28
8 25 59
8 26 3
8 34 10
8 35 88
8 38 2
8 40 69
8 41 9
8 44 61
8 45 81
8 48 35
8 56 77
8 59 29
8 62 48
8 65 77
8 71 53
8 72 8
8 73 15
8 74 31
8 76 33
8 78 28
8 80 70
8 81 59
8 86 38
8 87 63
8 90 35
8 95 22
8 96 51
8 98 37
9 11 85
9 15 61
9 26 58
9 29 49
9 30 36
9 32 52
9 35 91
9 37 100
9 38 73
9 39 79
9 41 90
9 42 40
9 44 30
9 46 73
9 48 73
9 49 46
9 51 77
9 52 90
9 55 4
9 57 44
9 58 53
9 62 88
9 66 8
9 68 10
9 70 23
9 71 72
9 72 50
9 73 83
9 82 7
9 84 71
9 87 96
9 88 52
9 89 12
9 91 93
9 92 75
9 93 31
9 94 18
9 96 59
9 99 25
9 100 73
10 13 97
10 15 90
10 17 13
10 19 17
10 20 61
10 21 16
10 22 10
10 27 8
10 28 52
10 31 37
10 33 81
10 36 23
10 38 43
10 39 36
10 40 87
10 43 79
10 44 11
10 47 72
10 50 13
10 51 77
10 52 50
10 54 38
10 55 39
10 58 10
10 59 21
10 61 89
10 64 10
10 66 74
10 69 53
10 72 63
10 73 98
10 76 47
10 77 94
10 78 82
10 82 44
10 84 93
10 85 88
10 87 63
10 89 44
10 90 70
10 94 88
10 96 69
11 14 29
11 16 79
11 20 25
11 21 22
11 23 67
11 24 88
11 25 4
11 30 96
11 38 73
11 42 98
11 44 87
11 48 58
11 52 29
11 57 66
11 60 56
11 66 85
11 70 24
11 71 5
11 74 87
11 78 49
11 79 19
11 80 5
11 82 89
11 83 19
11 85 48
11 92 89
11 97 93
11 98 2
11 100 19
12 15 74
12 16 39
12 17 89
12 20 9
12 28 95
12 30 91
12 33 64
12 36 81
12 37 49
12 38 26
12 41 1
12 43 14
12 44 53
12 45 43
12 46 72
12 47 46
12 51 3
12 54 79
12 57 87
12 60 82
12 61 9
12 66 93
12 67 55
12 71 6
12 74 62
12 75 10
12 79 87
12 81 29
12 82 72
12 84 27
12 86 20
12 87 72
12 88 1
12 89 24
12 91 32
12 92 57
12 96 94
12 99 53
13 16 23
13 18 82
13 23 62
13 26 70
13 32 2
13 38 96
13 44 2
13 55 14
13 62 99
13 63 58
13 66 52
13 67 61
13 72 4
13 79 76
13 80 7
13 90 70
13 91 53
13 95 33
13 97 51
13 100 87
14 15 90
14 19 51
14 22 9
14 25 77
14 28 91
14 29 17
14 30 23
14 32 44
14 33 74
14 34 98
14 35 60
14 41 66
14 42 51
14 43 47
14 44 42
14 45 41
14 46 100
14 47 57
14 48 64
14 51 70
14 52 68
14 55 81
14 57 13
14 60 87
14 64 33
14 65 12
14 67 59
14 68 20
14 73 26
14 74 13
14 75 45
14 82 73
14 83 56
14 88 34
14 90 74
14 93 13
14 98 24
14 99 80
15 17 48
15 18 31
15 21 83
15 23 41
15 24 69
15 28 35
15 30 2
15 36 78
15 37 35
15 40 11
15 41 92
15 42 8
15 43 74
15 44 11
15 46 57
15 47 57
15 48 22
15 50 50
15 51 60
15 54 40
15 55 99
15 57 98
15 59 26
15 66 18
15 69 54
15 70 45
15 75 30
15 78 64
15 80 66
15 81 85
15 82 6
15 83 89
15 85 73
15 86 43
15 90 41
15 92 44
15 95 46
15 96 78
15 98 79
15 99 47
15 100 20
16 22 44
16 23 49
16 25 68
16 26 37
16 27 14
16 29 98
16 31 70
16 32 95
16 36 19
16 40 59
16 47 33
16 48 75
16 49 66
16 51 7
16 52 77
16 53 50
16 57 64
16 59 75
16 61 57
16 65 32
16 66 3
16 72 3
16 76 91
16 77 7
16 78 97
16 79 81
16 80 87
16 82 79
16 84 66
16 85 76
16 88 98
16 91 87
16 93 88
16 96 13
16 97 75
16 100 84
17 19 23
17 23 77
17 26 61
17 29 100
17 31 37
17 32 62
17 34 84
17 35 4
17 36 26
17 38 79
17 44 76
17 50 40
17 51 7
17 52 56
17 58 19
17 59 69
17 64 16
17 65 29
17 66 14
17 67 57
17 69 54
17 70 23
17 72 85
17 73 100
17 77 19
17 80 96
17 82 66
17 85 51
17 87 15
17 88 51
17 89 46
17 96 80
17 100 51
18 20 67
18 23 73
18 24 87
18 26 32
18 28 28
18 29 46
18 30 18
18 32 23
18 33 44
18 34 86
18 35 46
18 37 13
18 38 19
18 39 59
18 40 31
18 42 45
18 45 61
18 46 53
18 54 39
18 56 13
18 57 32
18 59 78
18 61 35
18 64 28
18 65 30
18 66 64
18 73 29
18 76 77
18 77 85
18 84 96
18 85 54
18 86 86
18 88 15
18 92 25
18 98 62
18 100 40
19 31 45
19 37 92
19 38 16
19 39 96
19 42 58
19 43 13
19 44 60
19 48 56
19 49 9
19 51 92
19 54 100
19 59 3
19 61 20
19 62 84
19 66 80
19 68 12
19 75 8
19 77 51
19 79 61
19 81 93
19 82 53
19 84 14
19 85 12
19 86 65
19 87 90
19 93 11
19 94 85
19 97 12
19 99 74
20 22 52
20 32 77
20 38 78
20 40 84
20 41 36
20 44 64
20 55 29
20 58 2
20 60 60
20 61 81
20 63 98
20 66 46
20 69 10
20 72 65
20 78 75
20 83 5
20 84 86
20 88 91
20 91 87
20 94 35
20 98 30
21 22 24
21 23 78
21 25 78
21 26 59
21 27 52
21 28 92
21 29 11
21 30 34
21 31 15
21 32 24
21 33 85
21 36 85
21 37 19
21 39 39
21 40 13
21 43 22
21 44 67
21 47 6
21 49 28
21 50 80
21 51 57
21 53 42
21 59 38
21 60 16
21 63 29
21 67 81
21 72 20
21 74 92
21 76 69
21 79 21
21 80 28
21 81 17
21 85 10
21 88 45
21 90 53
21 91 47
21 95 56
21 98 69
21 99 73
21 100 73
22 23 45
22 24 15
22 25 32
22 26 27
22 30 80
22 31 99
22 33 26
22 36 37
22 41 58
22 43 21
22 44 93
22 46 82
22 49 18
22 50 13
22 57 80
22 61 94
22 65 68
22 67 31
22 69 4
22 71 9
22 74 88
22 76 89
22 79 80
22 85 71
22 88 66
22 96 83
22 100 13
23 27 29
23 29 79
23 32 40
23 34 67
23 42 60
23 43 68
23 44 5
23 45 41
23 52 80
23 54 53
23 55 23
23 57 5
23 58 16
23 59 68
23 60 64
23 62 69
23 67 56
23 68 87
23 69 83
23 71 96
23 75 37
23 80 41
23 83 83
23 87 37
23 88 21
23 89 84
23 97 22
23 98 1
24 25 66
24 27 68
24 28 23
24 37 94
24 38 30
24 43 68
24 47 57
24 49 90
24 50 36
24 54 26
24 58 93
24 60 48
24 61 10
24 64 40
24 71 51
24 73 85
24 75 30
24 83 57
24 86 86
24 92 45
24 93 24
24 94 17
24 95 39
24 98 5
24 100 48
25 26 51
25 27 85
25 29 16
25 31 74
25 34 67
25 39 11
25 41 91
25 42 96
25 44 7
25 45 9
25 47 29
25 48 62
25 52 98
25 53 13
25 57 32
25 58 16
25 60 23
25 61 39
25 62 7
25 66 85
25 69 19
25 71 69
25 76 18
25 80 25
25 84 51
25 87 21
25 89 39
25 90 14
25 92 24
25 97 95
25 98 60
25 100 72
26 28 36
26 30 33
26 31 37
26 33 74
26 34 53
26 35 49
26 39 88
26 41 55
26 46 22
26 47 80
26 51 4
26 52 53
26 53 61
26 54 79
26 58 32
26 61 21
26 63 36
26 65 44
26 71 15
26 72 63
26 75 38
26 79 74
26 80 11
26 84 45
26 85 97
26 86 77
26 87 82
26 89 37
26 90 12
26 92 23
26 94 30
26 95 23
26 97 22
27 30 69
27 32 38
27 34 51
27 35 87
27 36 20
27 37 36
27 38 28
27 42 3
27 43 83
27 44 58
27 49 96
27 52 9
27 53 29
27 55 29
27 58 37
27 61 98
27 62 15
27 66 81
27 67 69
27 68 47
27 70 95
27 71 71
27 75 36
27 80 38
27 82 70
27 83 38
27 84 59
27 85 6
27 86 11
27 89 11
27 90 12
27 91 71
27 93 78
27 96 38
28 31 7
28 34 56
28 36 43
28 38 7
28 39 40
28 40 46
28 44 38
28 45 10
28 48 18
28 52 61
28 53 84
28 54 59
28 55 6
28 56 8
28 58 64
28 69 94
28 70 86
28 73 66
28 74 76
28 78 42
28 81 6
28 83 88
28 84 85
28 86 78
28 89 77
28 97 84
28 100 3
29 33 50
29 39 50
29 40 21
29 45 97
29 48 16
29 53 54
29 55 8
29 60 66
29 64 36
29 71 56
29 72 71
29 76 28
29 77 54
29 78 59
29 80 76
29 83 100
29 84 13
29 85 42
29 89 97
29 93 53
29 97 85
29 99 51
30 31 93
30 32 66
30 37 72
30 41 27
30 54 95
30 55 97
30 56 55
30 65 23
30 66 98
30 67 80
30 68 72
30 75 80
30 77 54
30 79 24
30 81 20
30 83 71
30 87 43
30 91 22
30 99 74
31 32 69
31 37 67
31 41 82
31 44 79
31 47 76
31 49 79
31 50 52
31 52 8
31 55 7
31 56 31
31 62 43
31 65 25
31 66 51
31 69 25
31 71 50
31 72 95
31 74 4
31 76 60
31 77 42
31 78 35
31 79 56
31 86 73
31 87 71
31 89 31
31 100 80
32 36 42
32 39 5
32 40 95
32 41 15
32 43 97
32 44 9
32 46 20
32 49 25
32 54 67
32 55 36
32 56 94
32 57 44
32 58 25
32 59 43
32 61 11
32 62 17
32 65 4
32 67 49
32 69 67
32 70 15
32 72 65
32 76 73
32 77 38
32 78 38
32 79 24
32 81 18
32 84 65
32 85 57
32 86 52
32 88 79
32 90 2
32 91 88
32 92 60
32 94 75
32 97 65
32 98 75
32 100 6
33 34 89
33 35 58
33 36 39
33 37 72
33 40 46
33 42 14
33 43 5
33 44 33
33 46 33
33 49 92
33 56 35
33 57 52
33 59 42
33 60 61
33 67 57
33 70 73
33 73 99
33 74 62
33 75 77
33 77 73
33 78 86
33 79 46
33 81 95
33 84 26
33 85 24
33 89 91
33 90 47
33 91 21
33 93 89
33 95 41
33 96 89
33 97 74
33 100 85
34 38 2
34 39 42
34 41 80
34 43 94
34 48 29
34 49 73
34 52 25
34 53 40
34 55 97
34 56 49
34 60 25
34 61 73
34 63 69
34 69 89
34 71 84
34 74 29
34 80 69
34 81 42
34 82 56
34 85 87
34 88 69
34 90 98
34 91 13
34 92 24
34 93 60
34 94 98
34 97 70
34 98 92
34 99 8
35 36 38
35 37 13
35 38 93
35 40 33
35 41 22
35 43 43
35 44 81
35 51 82
35 57 79
35 58 45
35 59 93
35 61 95
35 62 77
35 64 19
35 71 5
35 72 89
35 73 1
35 74 67
35 75 21
35 76 88
35 77 25
35 82 7
35 86 72
35 87 85
35 92 83
35 93 89
35 98 30
35 100 44
36 42 55
36 45 19
36 47 12
36 49 22
36 52 38
36 53 41
36 55 20
36 57 67
36 58 21
36 62 9
36 65 3
36 66 46
36 67 21
36 71 23
36 73 21
36 76 69
36 79 39
36 83 64
36 85 39
36 86 56
36 87 70
36 88 47
36 90 98
36 94 48
36 95 26
36 100 41
37 38 24
37 39 40
37 46 10
37 47 90
37 49 92
37 50 47
37 51 27
37 52 58
37 53 22
37 54 51
37 66 15
37 68 30
37 71 98
37 72 19
37 76 76
37 79 59
37 80 92
37 83 27
37 84 43
37 87 65
37 88 7
37 91 45
37 93 10
37 99 38
38 42 23
38 44 8
38 46 93
38 47 92
38 48 71
38 51 97
38 59 39
38 61 87
38 63 57
38 64 86
38 66 49
38 67 26
38 71 40
38 72 95
38 73 70
38 74 33
38 76 62
38 79 25
38 80 16
38 81 61
38 82 4
38 83 19
38 84 92
38 85 32
38 88 73
38 94 83
38 97 63
38 100 92
39 55 40
39 57 96
39 60 70
39 61 21
39 63 71
39 64 65
39 65 40
39 66 13
39 68 93
39 69 6
39 72 36
39 83 5
39 84 65
39 98 51
39 99 66
40 47 4
40 51 81
40 52 35
40 56 99
40 60 13
40 63 47
40 64 54
40 65 77
40 67 40
40 70 64
40 72 72
40 73 19
40 76 24
40 77 94
40 80 98
40 82 68
40 84 88
40 86 60
40 92 88
40 93 53
40 94 62
40 98 56
40 100 15
41 46 78
41 47 74
41 49 29
41 51 92
41 53 62
41 55 12
41 60 72
41 63 27
41 67 70
41 68 38
41 75 7
41 76 78
41 79 77
41 83 25
41 91 78
41 98 28
41 99 31
42 43 75
42 44 63
42 45 66
42 46 20
42 48 31
42 53 12
42 57 43
42 61 81
42 63 37
42 66 31
42 67 88
42 74 53
42 76 96
42 77 95
42 78 31
42 80 86
42 82 65
42 83 59
42 87 47
42 88 57
42 92 92
42 96 66
42 97 22
43 44 100
43 50 28
43 52 30
43 53 59
43 55 56
43 56 87
43 62 80
43 63 36
43 64 11
43 67 64
43 70 53
43 73 12
43 75 91
43 79 98
43 80 51
43 81 18
43 83 54
43 87 27
43 89 4
43 92 97
43 96 11
44 49 13
44 50 98
44 51 34
44 59 69
44 64 37
44 65 10
44 66 90
44 68 28
44 70 30
44 73 9
44 74 79
44 83 56
44 87 16
44 88 100
44 89 32
44 90 98
44 91 73
44 92 47
44 97 86
44 99 45
45 50 79
45 52 43
45 57 51
45 60 70
45 61 68
45 62 2
45 63 67
45 64 35
45 65 56
45 66 1
45 67 68
45 69 7
45 70 13
45 72 96
45 77 21
45 79 49
45 80 51
45 81 84
45 82 93
45 83 93
45 84 28
45 93 24
45 96 49
45 97 84
45 100 97
46 47 90
46 54 10
46 57 79
46 58 73
46 60 43
46 65 81
46 69 36
46 74 100
46 76 58
46 77 66
46 79 20
46 82 69
46 84 1
46 86 13
46 87 100
46 88 92
46 89 46
46 90 80
46 94 42
46 95 45
46 98 18
46 100 21
47 51 24
47 56 52
47 58 25
47 64 20
47 65 80
47 66 77
47 70 89
47 73 59
47 74 79
47 77 33
47 80 29
47 81 80
47 82 45
47 83 45
47 90 33
47 91 33
47 92 67
47 93 35
47 94 16
47 100 49
48 50 73
48 58 77
48 59 87
48 60 94
48 61 93
48 63 7
48 67 55
48 71 58
48 72 16
48 73 64
48 75 74
48 77 10
48 79 35
48 80 7
48 83 8
48 84 43
48 85 76
48 86 93
48 90 55
48 91 93
48 92 13
48 94 21
48 95 68
48 96 75
49 54 57
49 55 9
49 56 98
49 61 66
49 67 77
49 69 52
49 70 86
49 72 55
49 74 59
49 75 61
49 78 67
49 79 47
49 80 76
49 81 28
49 91 82
49 93 34
49 99 6
50 52 41
50 53 45
50 55 67
50 56 10
50 57 45
50 60 21
50 62 60
50 64 61
50 66 89
50 69 22
50 72 3
50 75 77
50 78 66
50 80 45
50 81 14
50 83 5
50 84 24
50 86 25
50 87 89
50 93 14
50 94 93
50 97 56
51 53 17
51 55 16
51 58 90
51 59 59
51 62 89
51 63 38
51 64 58
51 69 57
51 70 7
51 71 49
51 73 34
51 75 46
51 76 3
51 80 42
51 82 19
51 87 76
51 90 64
51 91 13
51 94 44
51 98 82
51 100 95
52 53 91
52 55 49
52 63 72
52 64 48
52 65 28
52 70 17
52 72 74
52 73 41
52 78 90
52 80 66
52 85 80
52 87 24
52 92 31
52 93 40
52 96 8
53 54 40
53 55 31
53 61 6
53 62 59
53 65 49
53 67 22
53 68 39
53 69 42
53 72 42
53 77 2
53 78 33
53 80 53
53 86 9
53 88 14
53 90 56
53 91 78
53 93 90
54 55 46
54 56 74
54 60 68
54 61 36
54 68 45
54 69 56
54 70 46
54 76 64
54 77 88
54 82 20
54 84 55
54 88 10
54 91 56
54 95 71
54 96 99
54 97 20
54 99 94
54 100 44
55 57 33
55 58 80
55 60 63
55 67 52
55 70 68
55 74 33
55 76 92
55 77 29
55 78 94
55 80 69
55 81 63
55 85 51
55 87 64
55 88 94
55 94 93
55 95 4
55 98 90
55 100 64
56 57 57
56 58 65
56 59 51
56 61 41
56 63 8
56 64 58
56 68 75
56 69 36
56 70 53
56 72 22
56 74 97
56 81 59
56 88 44
56 89 95
56 90 21
56 91 37
56 96 33
56 97 5
56 98 19
56 99 37
56 100 74
57 62 30
57 67 74
57 69 25
57 70 3
57 72 79
57 76 82
57 77 39
57 82 40
57 83 81
57 85 42
57 87 41
57 88 67
57 89 86
57 94 47
58 59 43
58 61 7
58 63 5
58 64 62
58 66 76
58 68 88
58 70 81
58 72 99
58 77 100
58 79 67
58 80 11
58 81 39
58 82 69
58 83 35
58 87 100
58 93 31
58 94 73
58 95 33
58 96 91
58 100 19
59 61 37
59 62 30
59 65 12
59 67 58
59 69 59
59 76 51
59 77 8
59 79 4
59 81 30
59 85 45
59 86 7
59 87 40
59 94 67
59 95 61
59 97 59
59 98 98
59 99 36
60 65 93
60 66 65
60 68 52
60 75 88
60 78 34
60 83 53
60 85 87
60 86 71
60 88 85
60 91 86
60 92 99
60 93 4
60 95 96
60 98 63
60 99 95
60 100 96
61 62 4
61 67 76
61 68 24
61 69 33
61 75 74
61 78 79
61 83 17
61 85 12
61 90 95
61 93 91
61 98 4
61 100 89
62 63 62
62 64 62
62 66 43
62 71 70
62 73 80
62 75 87
62 77 90
62 78 36
62 82 87
62 83 71
62 88 69
62 92 24
62 94 16
62 96 58
62 97 63
63 64 21
63 67 85
63 68 33
63 69 56
63 72 1
63 73 22
63 74 18
63 79 60
63 80 60
63 84 65
63 85 29
63 87 25
63 93 83
63 94 26
63 97 65
63 99 97
63 100 27
64 67 48
64 69 31
64 76 45
64 77 55
64 81 58
64 82 90
64 87 77
64 88 27
64 89 85
64 91 89
64 92 74
64 93 4
64 95 92
65 73 17
65 75 21
65 76 95
65 77 78
65 81 96
65 83 50
65 84 40
65 94 62
65 95 3
65 98 43
66 75 33
66 78 70
66 81 5
66 82 24
66 85 10
66 87 61
66 88 96
66 92 69
66 98 91
66 100 56
67 75 17
67 80 24
67 83 62
67 87 88
67 88 72
67 90 92
67 93 72
67 94 50
67 96 42
67 99 51
68 75 72
68 76 80
68 77 22
68 78 30
68 83 17
68 84 35
68 92 50
68 93 40
68 98 9
68 99 75
69 75 20
69 76 24
69 77 13
69 79 88
69 84 52
69 88 17
69 92 78
69 93 97
69 96 59
69 98 26
69 100 72
70 72 62
70 73 44
70 83 95
70 84 95
70 85 26
70 86 92
70 87 47
70 90 71
70 93 65
70 97 22
70 98 71
70 100 22
71 73 72
71 75 75
71 78 33
71 86 25
71 90 96
71 91 37
71 92 37
71 96 47
71 97 2
71 100 41
72 73 48
72 77 50
72 78 5
72 80 10
72 86 33
72 88 43
72 89 75
72 90 64
72 93 54
72 98 2
72 99 57
73 74 95
73 75 4
73 79 78
73 80 49
73 81 50
73 86 15
73 97 36
73 99 33
74 75 88
74 76 28
74 77 98
74 78 73
74 79 99
74 80 57
74 83 47
74 85 62
74 93 37
75 77 74
75 79 67
75 81 36
75 82 35
75 83 5
75 84 58
75 86 52
75 97 14
75 100 16
76 80 83
76 81 44
76 82 56
76 84 41
76 89 98
76 99 26
77 80 97
77 81 50
77 82 72
77 83 3
77 89 76
77 93 2
77 97 15
77 98 98
78 83 18
78 84 34
78 85 52
78 86 92
78 91 7
78 94 80
78 97 4
78 99 77
78 100 52
79 80 28
79 82 47
79 84 50
79 86 37
79 89 35
79 90 83
79 94 59
80 81 52
80 84 21
80 86 23
80 87 79
80 88 92
80 89 82
80 90 55
80 91 19
80 93 44
81 83 94
81 91 48
81 97 8
81 100 68
82 83 75
82 85 14
82 88 98
82 98 37
83 84 54
83 87 72
83 90 93
83 92 60
83 93 94
83 98 49
83 100 96
84 86 64
84 92 65
84 99 94
84 100 42
85 91 59
85 92 56
85 93 98
85 96 91
85 97 15
85 99 89
86 87 78
86 96 67
86 99 97
86 100 88
87 89 90
87 92 23
87 94 38
87 96 20
87 99 43
88 89 73
88 96 97
88 99 63
88 100 67
89 90 46
89 99 96
90 92 89
90 96 84
90 97 26
90 98 40
91 92 17
91 93 81
91 94 21
91 96 52
91 100 52
92 97 53
92 98 78
92 99 58
93 94 35
93 95 58
93 96 47
93 97 94
93 100 7
94 97 3
94 99 62
94 100 64
95 99 33
95 100 16
98 100 67
1 8 3
1 9 83
1 10 41
1 11 25
1 12 81
1 17 6
1 18 23
1 21 35
1 23 64
1 25 63
1 26 75
1 30 85
1 34 43
1 35 88
1 36 36
1 39 55
1 44 19
1 47 45
1 50 63
1 52 10
1 55 75
1 58 12
1 59 64
1 65 67
1 67 79
1 69 67
1 72 84
1 74 39
1 81 77
1 82 23
1 85 13
1 86 20
1 88 11
1 89 88
1 91 82
1 92 76
1 94 72
1 96 29
1 99 81
2 3 67
2 4 96
2 7 97
2 9 73
2 10 21
2 11 18
2 12 87
2 13 83
2 14 20
2 16 6
2 19 68
2 21 19
2 22 99
2 24 22
2 28 30
2 31 37
2 32 5
2 33 13
2 35 25
2 40 43
2 41 1
2 42 91
2 43 89
2 47 94
2 48 79
2 50 1
2 51 95
2 52 84
2 62 45
2 63 4
2 66 69
2 67 21
2 69 85
2 75 10
2 84 46
2 87 51
2 92 79
2 99 8
3 4 39
3 5 80
3 6 78
3 7 15
3 10 53
3 11 85
3 14 10
3 15 8
3 17 39
3 21 69
3 22 14
3 27 17
3 30 53
3 32 64
3 41 10
3 42 21
3 45 81
3 47 11
3 48 26
3 49 3
3 50 45
3 52 64
3 56 26
3 57 18
3 60 30
3 62 99
3 63 55
3 67 14
3 72 75
3 75 71
3 77 18
3 78 72
3 79 77
3 81 79
3 83 10
3 85 51
3 86 25
3 87 83
3 94 29
3 99 27
4 5 8
4 9 93
4 18 13
4 20 84
4 22 91
4 24 80
4 30 52
4 31 69
4 32 14
4 35 4
4 36 30
4 40 97
4 41 76
4 45 59
4 50 85
4 52 35
4 54 81
4 55 98
4 59 21
4 62 94
4 63 68
4 64 35
4 67 50
4 70 24
4 72 80
4 75 35
4 78 22
4 84 60
4 90 9
4 91 43
4 94 96
4 95 74
4 96 80
5 15 90
5 18 34
5 19 55
5 21 16
5 24 51
5 29 49
5 31 14
5 33 21
5 34 15
5 36 2
5 37 58
5 40 69
5 41 60
5 42 71
5 43 64
5 45 61
5 46 60
5 48 23
5 50 46
5 51 93
5 57 13
5 61 9
5 62 2
5 63 49
5 64 33
5 67 29
5 70 67
5 71 54
5 72 8
5 77 2
5 78 5
5 80 7
5 82 78
5 83 3
5 88 48
5 89 68
5 90 11
5 91 32
5 92 20
5 93 51
5 95 31
5 99 47
6 8 87
6 11 21
6 13 99
6 17 30
6 18 76
6 20 33
6 21 33
6 23 22
6 24 76
6 26 30
6 28 19
6 30 98
6 32 68
6 35 64
6 36 95
6 37 38
6 38 69
6 42 8
6 48 89
6 49 25
6 50 56
6 51 30
6 52 71
6 57 89
6 58 22
6 61 73
6 63 67
6 66 62
6 69 92
6 72 66
6 74 27
6 75 5
6 78 43
6 79 64
6 80 75
6 81 5
6 84 42
6 86 73
6 88 57
6 89 36
6 90 4
6 92 50
6 96 30
6 97 67
7 9 50
7 11 61
7 12 38
7 14 37
7 16 91
7 20 97
7 21 47
7 22 39
7 24 23
7 28 79
7 30 74
7 39 65
7 40 35
7 41 4
7 42 7
7 43 83
7 45 77
7 46 19
7 48 5
7 52 79
7 53 98
7 55 41
7 58 40
7 59 15
7 60 34
7 61 99
7 62 23
7 64 42
7 65 29
7 74 24
7 81 28
7 83 57
7 85 43
7 87 54
7 88 39
7 91 19
7 93 66
7 95 37
7 96 74
7 97 17
7 98 26
8 11 31
8 14 26
8 16 6
8 19 40
8 22 12
8 26 82
8 31 45
8 35 71
8 37 68
8 39 63
8 42 33
8 44 31
8 50 80
8 52 2
8 56 61
8 59 36
8 61 49
8 67 31
8 68 12
8 70 41
8 75 71
8 84 72
8 87 6
8 88 17
8 90 51
8 92 93
8 94 47
8 95 60
8 96 86
8 97 61
8 98 89
9 10 76
9 17 33
9 19 93
9 22 43
9 24 51
9 26 85
9 27 76
9 33 25
9 35 74
9 36 30
9 38 31
9 39 17
9 41 16
9 43 27
9 44 95
9 45 8
9 47 73
9 51 29
9 52 100
9 54 93
9 55 30
9 56 53
9 57 41
9 62 29
9 63 12
9 68 66
9 69 28
9 77 16
9 78 3
9 79 70
9 81 88
9 83 11
9 84 68
9 89 44
9 90 49
9 91 29
9 92 80
9 93 88
9 96 11
10 11 69
10 12 82
10 15 55
10 16 28
10 18 50
10 22 6
10 23 97
10 28 58
10 29 61
10 34 22
10 39 14
10 40 93
10 43 36
10 46 45
10 51 13
10 53 1
10 54 90
10 59 86
10 63 10
10 65 60
10 67 19
10 68 100
10 69 87
10 70 64
10 71 31
10 73 5
10 77 51
10 78 30
10 83 62
10 84 14
10 88 72
10 92 27
10 93 93
10 100 83
11 12 64
11 16 7
11 19 55
11 20 31
11 25 48
11 31 22
11 32 65
11 33 82
11 40 87
11 44 26
11 45 2
11 47 90
11 48 27
11 49 70
11 50 44
11 56 80
11 57 12
11 61 52
11 63 89
11 65 22
11 69 83
11 71 56
11 73 71
11 74 8
11 75 77
11 77 26
11 78 83
11 80 31
11 82 50
11 83 26
11 84 31
11 85 37
11 86 33
11 87 86
11 88 72
11 93 95
11 97 83
11 98 47
11 99 74
11 100 27
12 17 80
12 19 31
12 24 48
12 26 62
12 30 77
12 31 14
12 32 4
12 34 80
12 35 36
12 38 34
12 40 72
12 41 50
12 42 77
12 44 28
12 46 3
12 54 25
12 57 81
12 58 98
12 61 80
12 62 45
12 65 80
12 67 14
12 68 32
12 70 31
12 79 75
12 85 12
12 91 75
12 93 48
12 97 56
12 99 47
13 15 53
13 17 92
13 23 32
13 26 50
13 27 93
13 28 25
13 33 72
13 37 88
13 42 17
13 46 41
13 47 55
13 48 77
13 52 89
13 56 41
13 58 53
13 60 28
13 64 42
13 66 52
13 67 39
13 69 26
13 74 8
13 79 26
13 81 45
13 83 53
13 85 97
13 90 79
13 92 75
13 94 62
13 99 73
13 100 11
14 16 22
14 17 66
14 18 51
14 19 85
14 21 98
14 23 8
14 25 79
14 26 8
14 27 78
14 28 98
14 30 89
14 31 63
14 33 7
14 37 38
14 38 24
14 39 96
14 42 22
14 49 34
14 51 41
14 52 22
14 54 73
14 56 92
14 57 3
14 60 45
14 62 36
14 63 85
14 69 81
14 71 86
14 75 55
14 76 27
14 81 70
14 82 5
14 84 54
14 85 14
14 87 44
14 90 26
14 91 27
14 93 23
14 95 81
14 97 20
14 98 18
14 99 88
15 18 73
15 19 1
15 21 21
15 22 6
15 24 25
15 31 59
15 32 22
15 33 3
15 34 60
15 36 83
15 37 38
15 39 14
15 40 80
15 45 74
15 46 15
15 49 80
15 52 4
15 53 53
15 55 75
15 60 46
15 61 73
15 68 15
15 69 20
15 70 65
15 74 10
15 76 70
15 80 42
15 81 9
15 84 89
15 87 49
15 89 31
15 90 67
15 91 30
15 92 4
15 94 43
15 97 13
15 98 49
16 17 83
16 18 25
16 19 24
16 20 38
16 27 69
16 31 12
16 32 76
16 34 9
16 36 46
16 37 27
16 39 59
16 42 9
16 43 56
16 44 97
16 46 55
16 51 64
16 55 21
16 57 75
16 59 6
16 61 26
16 66 1
16 67 4
16 68 67
16 69 19
16 70 90
16 75 33
16 76 57
16 82 83
16 83 67
16 88 35
16 91 27
16 92 99
16 98 84
16 99 65
17 18 37
17 19 12
17 20 74
17 22 22
17 25 44
17 26 98
17 29 42
17 32 28
17 34 22
17 38 2
17 44 9
17 46 61
17 48 39
17 50 11
17 53 80
17 54 66
17 59 21
17 60 40
17 63 39
17 64 74
17 65 95
17 67 79
17 72 36
17 73 55
17 74 38
17 76 93
17 78 18
17 80 86
17 82 54
17 83 26
17 89 15
17 93 61
17 94 45
17 96 99
17 97 64
18 24 27
18 36 51
18 38 16
18 41 93
18 45 30
18 47 55
18 48 50
18 50 1
18 55 5
18 56 49
18 60 40
18 62 13
18 63 91
18 64 99
18 70 22
18 72 100
18 73 50
18 77 15
18 79 72
18 81 14
18 91 29
18 92 42
18 98 39
18 100 80
19 32 24
19 34 79
19 35 79
19 40 6
19 42 95
19 45 81
19 46 67
19 47 38
19 48 43
19 49 60
19 50 36
19 51 4
19 53 31
19 54 8
19 56 54
19 59 95
19 60 1
19 62 98
19 64 5
19 66 18
19 67 55
19 68 54
19 71 76
19 74 75
19 76 14
19 77 44
19 81 26
19 83 20
19 85 26
19 87 18
19 90 96
19 91 46
19 92 100
19 95 83
20 21 79
20 29 100
20 31 70
20 33 85
20 36 20
20 39 41
20 40 37
20 42 44
20 43 83
20 47 61
20 48 51
20 53 88
20 56 7
20 57 87
20 58 68
20 62 96
20 63 54
20 64 44
20 69 11
20 73 83
20 79 48
20 81 65
20 82 30
20 83 7
20 85 35
20 86 23
20 91 8
20 94 62
20 96 64
20 97 21
20 99 17
20 100 52
21 22 9
21 24 67
21 29 54
21 32 49
21 33 90
21 34 20
21 36 25
21 38 9
21 43 49
21 46 29
21 47 81
21 49 41
21 53 1
21 59 1
21 60 35
21 64 19
21 66 67
21 67 68
21 69 52
21 70 29
21 71 65
21 75 53
21 76 74
21 83 94
21 89 17
21 90 24
21 93 12
21 95 5
22 26 56
22 29 99
22 31 46
22 33 67
22 35 38
22 38 99
22 41 64
22 43 68
22 46 2
22 49 21
22 51 57
22 52 91
22 54 72
22 55 59
22 58 59
22 59 32
22 62 27
22 63 36
22 64 38
22 65 2
22 66 47
22 70 51
22 71 24
22 73 11
22 75 76
22 76 76
22 77 21
22 85 49
22 86 40
22 91 72
22 93 40
22 95 47
22 96 45
22 97 46
23 26 1
23 27 38
23 30 58
23 31 10
23 35 72
23 40 18
23 44 1
23 48 64
23 50 12
23 51 54
23 56 34
23 67 58
23 78 47
23 81 42
23 83 18
23 84 59
23 86 16
23 87 92
23 88 89
23 91 68
23 92 63
23 94 13
23 96 54
24 27 49
24 28 35
24 30 67
24 33 90
24 34 79
24 35 4
24 36 81
24 37 6
24 40 89
24 43 75
24 44 39
24 49 1
24 50 63
24 55 99
24 57 71
24 60 99
24 62 52
24 64 49
24 66 81
24 67 12
24 69 82
24 75 18
24 76 81
24 84 61
24 85 26
24 87 79
24 88 21
24 90 53
24 98 28
25 28 20
25 29 65
25 30 32
25 33 72
25 34 37
25 35 36
25 36 77
25 38 82
25 39 51
25 40 34
25 43 75
25 46 79
25 49 22
25 50 55
25 51 97
25 53 75
25 54 66
25 56 15
25 59 44
25 60 34
25 63 88
25 64 58
25 65 34
25 66 21
25 67 27
25 69 1
25 70 92
25 71 64
25 74 37
25 75 96
25 77 27
25 79 83
25 82 4
25 87 80
25 90 66
25 92 47
25 96 59
25 97 93
25 100 15
26 28 77
26 29 24
26 30 65
26 31 50
26 32 35
26 34 58
26 36 53
26 37 28
26 46 3
26 48 91
26 51 83
26 52 20
26 53 95
26 60 7
26 65 47
26 66 91
26 69 52
26 70 7
26 72 83
26 75 9
26 76 92
26 77 99
26 78 80
26 79 35
26 85 97
26 88 63
26 89 20
26 92 2
26 96 31
26 97 7
26 100 10
27 29 47
27 34 19
27 35 54
27 38 75
27 41 2
27 51 19
27 53 96
27 57 23
27 58 8
27 59 53
27 60 42
27 62 49
27 65 39
27 67 87
27 68 92
27 70 90
27 71 42
27 76 32
28 30 71
28 33 78
28 35 72
28 37 8
28 39 78
28 40 52
28 42 98
28 43 44
28 44 45
28 45 43
28 47 46
28 48 100
28 52 84
28 53 100
28 54 15
28 55 16
28 56 26
28 57 55
28 58 67
28 59 69
28 64 80
28 66 12
28 68 47
28 70 9
28 73 80
28 74 60
28 76 64
28 77 23
28 80 24
28 81 27
28 82 57
28 83 42
28 87 54
28 89 42
28 91 98
28 93 51
28 97 72
28 98 9
29 31 50
29 35 91
29 36 31
29 38 43
29 39 16
29 43 28
29 44 86
29 47 95
29 50 19
29 51 19
29 53 49
29 55 39
29 56 77
29 57 23
29 59 99
29 61 91
29 62 94
29 63 21
29 64 32
29 65 44
29 67 8
29 69 67
29 70 62
29 71 96
29 74 38
29 76 83
29 77 27
29 79 45
29 80 68
29 83 73
29 86 20
29 88 2
29 89 31
29 90 83
29 94 38
29 95 74
29 99 23
30 31 3
30 32 26
30 34 31
30 36 58
30 39 74
30 41 91
30 43 28
30 44 2
30 46 17
30 49 98
30 51 10
30 53 6
30 55 83
30 56 98
30 57 70
30 59 62
30 63 100
30 64 62
30 65 60
30 67 89
30 69 55
30 70 79
30 78 67
30 79 89
30 83 95
30 84 72
30 91 98
30 92 63
30 96 19
30 98 24
31 36 5
31 37 46
31 39 15
31 42 73
31 45 80
31 46 33
31 50 36
31 51 47
31 52 84
31 54 17
31 59 48
31 61 48
31 62 49
31 68 34
31 70 30
31 73 38
31 75 45
31 76 12
31 77 93
31 80 1
31 81 38
31 83 61
31 84 8
31 86 95
31 90 35
31 97 51
32 35 45
32 39 10
32 41 62
32 42 21
32 43 95
32 44 90
32 45 41
32 46 67
32 48 69
32 52 37
32 53 15
32 56 24
32 57 46
32 60 87
32 61 5
32 65 11
32 67 73
32 70 7
32 73 64
32 78 98
32 79 47
32 81 50
32 83 37
32 88 22
32 89 7
32 93 38
32 94 23
32 96 3
33 34 22
33 35 19
33 37 49
33 38 12
33 41 91
33 43 45
33 44 72
33 53 53
33 56 16
33 57 9
33 59 37
33 60 64
33 61 4
33 64 39
33 67 11
33 72 95
33 75 27
33 78 16
33 81 58
33 82 69
33 86 86
33 87 99
33 90 46
33 91 29
33 92 100
33 93 7
33 96 20
33 98 91
33 99 43
34 35 49
34 36 43
34 37 29
34 38 49
34 40 88
34 45 56
34 49 51
34 50 84
34 55 44
34 57 69
34 58 57
34 60 39
34 62 94
34 63 87
34 66 24
34 68 90
34 75 44
34 77 84
34 78 62
34 80 60
34 83 94
34 87 25
34 88 9
34 90 66
34 94 3
34 96 18
34 97 45
34 98 64
34 100 93
35 39 55
35 42 98
35 43 90
35 45 47
35 46 89
35 48 84
35 50 31
35 53 94
35 56 42
35 57 20
35 58 34
35 60 63
35 68 85
35 69 40
35 71 25
35 73 66
35 75 3
35 76 97
35 78 81
35 81 78
35 83 52
35 84 92
35 85 50
35 90 43
35 93 90
35 96 22
35 98 52
36 38 5
36 40 4
36 41 35
36 42 51
36 49 83
36 50 98
36 57 48
36 62 70
36 68 82
36 72 83
36 78 24
36 79 68
36 81 96
36 83 78
36 84 37
36 85 31
36 86 52
36 87 66
36 93 16
36 95 82
36 97 58
36 99 74
36 100 61
37 39 100
37 42 81
37 46 82
37 47 49
37 49 1
37 55 76
37 61 43
37 63 31
37 69 95
37 71 79
37 72 8
37 74 51
37 76 96
37 77 2
37 79 85
37 80 18
37 81 100
37 84 67
37 94 79
37 95 90
37 96 61
38 41 1
38 42 6
38 43 29
38 45 25
38 46 61
38 47 34
38 49 17
38 51 65
38 52 35
38 54 72
38 56 50
38 61 72
38 64 52
38 70 42
38 71 41
38 76 42
38 77 68
38 78 85
38 79 90
38 84 34
38 87 68
38 89 16
38 93 5
38 95 62
38 97 17
39 41 18
39 47 67
39 56 28
39 58 56
39 62 57
39 64 42
39 70 49
39 72 28
39 79 95
39 80 86
39 81 15
39 82 15
39 87 34
39 89 85
39 91 50
39 93 41
39 96 30
39 97 69
39 100 51
40 41 73
40 42 31
40 46 23
40 48 51
40 49 86
40 51 40
40 53 11
40 55 26
40 59 41
40 63 58
40 65 19
40 67 92
40 73 61
40 77 61
40 81 14
40 97 100
40 99 7
40 100 93
41 55 64
41 56 29
41 57 65
41 62 62
41 63 32
41 64 77
41 66 87
41 67 21
41 68 93
41 69 27
41 70 70
41 77 20
41 78 10
41 80 79
41 84 65
41 87 36
41 88 31
41 89 53
41 91 23
41 92 51
41 93 97
41 94 64
41 96 40
41 97 44
42 44 58
42 45 19
42 48 72
42 50 97
42 56 14
42 57 53
42 59 80
42 60 61
42 63 15
42 64 73
42 69 75
42 70 67
42 71 26
42 72 39
42 76 60
42 80 33
42 83 86
42 84 1
42 90 20
42 91 60
42 92 62
42 95 6
42 98 61
42 100 98
43 44 71
43 45 16
43 48 60
43 49 13
43 51 51
43 52 15
43 53 1
43 55 3
43 59 69
43 60 29
43 62 30
43 63 62
43 65 70
43 67 78
43 71 94
43 72 64
43 75 27
43 77 8
43 83 94
43 88 65
43 90 21
43 91 38
43 93 37
43 96 26
43 97 42
43 99 1
43 100 86
44 48 54
44 55 34
44 56 23
44 57 24
44 59 81
44 63 83
44 69 80
44 70 8
44 72 47
44 73 94
44 75 74
44 76 3
44 77 36
44 81 95
44 83 99
44 86 99
44 87 99
44 89 26
44 96 4
44 98 93
44 100 60
45 46 68
45 47 91
45 49 57
45 52 71
45 55 96
45 63 56
45 64 28
45 67 6
45 71 44
45 76 75
45 77 11
45 79 41
45 80 33
45 82 66
45 83 12
45 85 43
45 86 18
45 87 84
45 88 61
45 89 12
45 90 40
45 100 86
46 47 41
46 48 13
46 50 95
46 51 57
46 55 39
46 56 77
46 58 43
46 63 59
46 65 26
46 66 67
46 67 1
46 70 36
46 72 82
46 73 78
46 79 65
46 81 92
46 82 87
46 88 81
46 93 48
46 94 91
46 96 36
46 98 65
47 49 25
47 56 12
47 65 89
47 66 89
47 67 53
47 69 2
47 74 53
47 75 25
47 80 65
47 81 11
47 90 93
47 91 96
47 95 100
47 96 5
47 100 54
48 51 77
48 52 15
48 53 58
48 54 41
48 55 75
48 56 77
48 59 51
48 77 34
48 82 19
48 84 63
48 86 91
48 89 19
48 91 45
48 94 97
48 95 66
48 96 92
48 100 23
49 50 43
49 52 53
49 54 71
49 57 2
49 58 53
49 59 64
49 60 84
49 61 66
49 64 28
49 68 56
49 77 47
49 78 7
49 83 56
49 88 73
49 91 90
49 94 66
49 96 47
49 100 2
50 51 56
50 55 47
50 58 34
50 64 41
50 67 23
50 69 83
50 70 51
50 72 15
50 75 47
50 78 73
50 82 79
50 85 67
50 87 59
50 88 92
50 94 63
50 96 80
50 98 13
51 54 60
51 57 80
51 60 60
51 61 12
51 64 29
51 65 92
51 68 66
51 70 58
51 72 99
51 75 27
51 78 49
51 79 80
51 82 45
51 84 96
51 86 53
51 87 35
51 88 45
51 96 54
51 98 10
51 99 51
52 53 17
52 55 20
52 61 19
52 62 22
52 65 37
52 66 70
52 68 17
52 70 94
52 71 19
52 74 78
52 78 26
52 80 61
52 83 48
52 85 66
52 88 92
52 90 3
52 91 73
52 97 82
52 98 58
52 99 8
53 54 43
53 56 21
53 58 11
53 59 51
53 63 95
53 64 22
53 68 51
53 70 41
53 76 66
53 80 93
53 81 59
53 85 78
53 86 45
53 88 10
53 91 53
53 92 62
53 97 61
53 98 15
53 99 65
53 100 49
54 55 59
54 56 22
54 57 20
54 60 14
54 65 72
54 66 30
54 68 70
54 69 12
54 84 77
54 85 60
54 88 22
54 89 47
54 90 56
54 92 33
54 93 79
54 94 50
54 98 86
54 99 33
54 100 24
55 60 99
55 62 74
55 63 80
55 64 37
55 67 19
55 69 7
55 70 43
55 75 5
55 76 35
55 78 56
55 86 64
55 87 67
55 88 25
55 93 91
55 97 35
55 99 94
56 62 88
56 67 95
56 72 11
56 73 82
56 74 18
56 76 52
56 85 31
56 90 31
56 99 19
57 58 56
57 60 47
57 61 10
57 64 56
57 66 48
57 67 50
57 71 1
57 72 25
57 74 79
57 75 27
57 76 84
57 77 48
57 84 58
57 85 18
57 87 66
57 90 71
57 94 70
57 97 36
57 98 39
58 61 38
58 62 51
58 67 24
58 72 81
58 75 95
58 76 80
58 77 95
58 78 10
58 82 93
58 84 88
58 86 59
58 89 34
58 99 96
59 61 98
59 63 81
59 65 78
59 68 91
59 69 25
59 80 16
59 81 30
59 85 21
59 88 27
59 89 46
59 94 100
60 66 18
60 72 86
60 73 62
60 74 95
60 78 45
60 84 51
60 86 32
60 89 60
60 95 23
60 96 55
60 98 79
60 100 79
61 63 82
61 65 88
61 70 56
61 71 82
61 72 83
61 73 30
61 76 98
61 78 31
61 81 60
61 82 25
61 84 95
61 86 76
61 88 92
61 89 71
61 90 61
61 91 11
61 94 55
61 95 74
62 64 50
62 65 41
62 66 47
62 70 24
62 75 77
62 77 42
62 78 9
62 79 52
62 81 31
62 83 57
62 84 20
62 85 49
62 89 65
62 95 37
62 97 26
62 98 24
63 71 43
63 78 82
63 79 73
63 82 36
63 83 67
63 85 23
63 86 84
63 88 75
63 89 79
63 95 42
63 99 40
63 100 53
64 65 75
64 67 65
64 70 32
64 74 21
64 75 47
64 77 51
64 78 82
64 79 82
64 84 55
64 86 60
64 87 52
64 88 85
64 89 44
64 91 84
64 92 57
64 95 62
64 96 94
64 97 74
64 98 32
65 66 1
65 68 2
65 69 47
65 71 29
65 77 11
65 79 13
65 80 82
65 81 50
65 82 13
65 84 96
65 85 93
65 86 71
65 89 88
65 90 96
65 96 65
65 98 1
65 100 58
66 70 41
66 73 49
66 75 87
66 76 22
66 78 15
66 79 3
66 81 5
66 82 49
66 83 24
66 84 79
66 85 91
66 86 7
66 88 61
66 90 12
66 93 94
66 94 87
66 96 20
66 98 6
67 68 9
67 71 25
67 75 70
67 77 93
67 80 72
67 81 15
67 82 81
67 94 39
67 95 4
67 96 63
67 97 55
67 100 15
68 81 66
68 83 91
68 84 49
68 85 18
68 86 59
68 87 91
68 88 39
68 92 82
68 98 52
68 100 67
69 71 55
69 72 39
69 75 92
69 76 86
69 77 47
69 78 76
69 81 15
69 84 17
69 86 62
69 88 61
69 90 89
69 92 1
69 95 94
69 96 76
69 97 17
69 100 75
70 71 41
70 72 52
70 73 10
70 75 92
70 76 41
70 78 85
70 82 54
70 83 26
70 87 41
70 100 92
71 72 10
71 75 31
71 78 91
71 84 90
71 86 86
71 87 30
71 91 43
71 92 28
71 93 47
71 96 47
71 97 31
72 74 60
72 75 33
72 76 60
72 77 16
72 85 8
72 87 36
72 90 35
72 91 61
72 92 81
72 93 10
72 94 2
72 95 90
72 96 2
72 97 69
72 99 11
73 75 91
73 77 90
73 78 28
73 80 44
73 82 43
73 86 96
73 88 89
73 89 74
73 91 18
73 93 58
73 95 76
73 96 75
73 98 72
74 76 89
74 77 65
74 80 57
74 81 70
74 83 36
74 85 53
74 91 96
74 94 65
74 97 84
75 76 42
75 84 100
75 86 88
75 92 71
75 93 42
75 94 75
75 96 78
75 97 2
75 98 37
75 99 83
76 77 89
76 79 60
76 80 55
76 81 72
76 85 18
76 88 76
76 89 56
76 91 73
76 94 7
76 97 40
76 100 80
77 78 32
77 81 100
77 82 17
77 88 73
77 89 26
77 92 28
77 93 87
77 99 43
78 80 94
78 83 51
78 86 58
78 88 41
78 89 64
78 98 54
78 100 81
79 83 26
79 84 100
79 85 85
79 87 92
79 92 51
79 93 65
79 94 74
79 96 19
79 97 31
79 98 100
79 100 5
80 84 63
80 85 55
80 87 22
80 88 33
80 89 72
80 92 84
80 93 74
80 95 66
80 96 32
81 82 18
81 86 2
81 89 47
81 90 90
81 95 60
81 97 67
81 99 61
82 86 80
82 88 66
82 93 86
82 94 56
82 99 7
83 84 88
83 85 81
83 94 87
83 99 49
83 100 40
84 89 39
84 91 15
84 94 69
84 96 87
84 97 64
85 86 13
85 87 6
85 88 69
85 89 62
85 90 91
85 91 47
85 93 32
85 96 48
85 97 81
85 98 33
86 90 63
86 91 24
86 92 81
86 94 84
86 100 88
87 92 24
87 97 99
88 89 39
88 90 51
88 93 53
88 97 96
89 95 28
89 98 100
89 100 68
90 93 38
90 95 73
90 97 42
91 92 97
91 93 23
91 94 76
91 99 96
91 100 23
92 93 46
92 94 50
92 96 97
93 94 74
93 96 89
93 97 50
93 99 13
94 95 64
94 97 61
94 99 34
95 97 88
95 99 90
97 98 58
98 100 90
1 5 84
1 7 41
1 8 12
1 10 97
1 12 61
1 17 30
1 18 67
1 21 81
1 29 27
1 33 72
1 36 86
1 38 95
1 40 13
1 41 26
1 42 89
1 48 51
1 50 90
1 51 72
1 53 6
1 60 32
1 62 36
1 66 78
1 70 32
1 74 85
1 76 98
1 83 8
1 84 64
1 89 60
1 92 14
1 93 21
1 94 42
1 100 33
2 5 83
2 6 99
2 11 12
2 15 94
2 16 64
2 21 19
2 23 100
2 25 73
2 27 62
2 30 73
2 31 79
2 35 22
2 41 46
2 43 10
2 46 42
2 53 79
2 58 46
2 64 21
2 65 25
2 66 67
2 67 88
2 69 1
2 71 98
2 72 71
2 73 55
2 74 53
2 79 20
2 84 72
2 87 79
2 89 85
2 90 64
2 91 74
2 94 35
2 96 84
2 99 76
2 100 5
3 4 85
3 5 97
3 10 38
3 15 25
3 18 44
3 20 12
3 21 40
3 27 37
3 30 90
3 31 42
3 33 16
3 34 98
3 38 49
3 39 33
3 42 43
3 43 36
3 45 100
3 54 90
3 58 67
3 59 79
3 62 80
3 63 23
3 65 19
3 68 19
3 70 94
3 71 44
3 72 64
3 76 12
3 78 68
3 80 41
3 84 5
3 92 72
4 6 43
4 8 86
4 9 87
4 10 42
4 11 54
4 12 6
4 13 60
4 15 93
4 16 53
4 19 99
4 22 73
4 23 14
4 27 44
4 30 60
4 33 47
4 34 78
4 37 17
4 38 96
4 39 54
4 40 56
4 41 79
4 44 54
4 45 29
4 50 32
4 53 78
4 54 98
4 56 69
4 57 44
4 61 86
4 64 11
4 65 38
4 66 61
4 68 1
4 70 61
4 73 6
4 75 24
4 82 62
4 86 6
4 87 84
4 90 74
4 91 94
4 93 97
4 100 84
5 9 83
5 10 16
5 11 49
5 16 29
5 18 85
5 20 48
5 23 68
5 25 20
5 28 5
5 29 9
5 30 35
5 33 39
5 34 19
5 37 69
5 38 7
5 41 27
5 44 76
5 49 50
5 51 54
5 63 90
5 66 87
5 74 52
5 75 73
5 77 65
5 79 12
5 80 57
5 81 45
5 83 7
5 87 95
5 88 61
5 91 30
5 94 77
5 97 87
6 14 35
6 15 58
6 16 92
6 18 57
6 20 26
6 23 90
6 28 63
6 29 23
6 30 44
6 32 95
6 33 27
6 38 20
6 40 1
6 42 11
6 43 17
6 44 4
6 47 84
6 50 31
6 51 17
6 52 92
6 53 53
6 55 23
6 58 59
6 59 3
6 62 35
6 64 48
6 67 55
6 70 43
6 71 62
6 74 48
6 75 57
6 76 58
6 79 23
6 81 51
6 83 57
6 94 56
6 95 34
7 9 19
7 10 49
7 15 59
7 19 24
7 22 55
7 23 30
7 30 36
7 32 4
7 34 30
7 40 83
7 42 39
7 43 47
7 44 18
7 45 21
7 46 68
7 52 95
7 55 100
7 58 78
7 62 31
7 63 37
7 64 87
7 65 75
7 66 42
7 67 66
7 68 91
7 71 43
7 72 97
7 73 46
7 74 19
7 75 89
7 76 78
7 83 76
7 85 4
7 88 27
7 91 8
7 95 31
7 96 28
8 12 37
8 14 25
8 16 90
8 18 19
8 20 56
8 21 75
8 27 54
8 29 69
8 32 11
8 37 83
8 38 76
8 42 13
8 43 21
8 45 55
8 47 86
8 52 22
8 54 53
8 55 86
8 57 23
8 61 26
8 63 68
8 76 45
8 78 81
8 79 61
8 82 81
8 83 82
8 84 71
8 86 46
8 93 22
8 95 46
8 96 34
8 100 37
9 10 98
9 11 20
9 13 59
9 14 91
9 16 85
9 18 1
9 20 34
9 21 64
9 24 57
9 28 49
9 29 25
9 32 2
9 33 85
9 37 20
9 38 93
9 50 53
9 59 38
9 60 64
9 63 64
9 65 95
9 69 72
9 73 1
9 76 39
9 79 63
9 81 21
9 82 21
9 85 25
9 91 45
9 97 91
10 15 63
10 16 35
10 17 31
10 19 99
10 22 26
10 23 76
10 25 87
10 29 58
10 30 1
10 36 40
10 39 35
10 45 65
10 47 56
10 49 45
10 51 29
10 53 56
10 57 23
10 58 79
10 68 11
10 72 91
10 74 95
10 75 39
10 79 84
10 84 41
10 87 81
10 88 4
10 90 22
10 91 49
10 92 23
10 98 41
10 99 8
11 14 76
11 16 90
11 19 36
11 21 15
11 22 9
11 24 32
11 26 57
11 27 6
11 29 13
11 30 62
11 34 66
11 38 44
11 39 9
11 43 70
11 47 88
11 51 52
11 53 87
11 54 72
11 56 97
11 58 11
11 61 86
11 62 55
11 67 79
11 68 60
11 69 89
11 71 92
11 74 47
11 76 55
11 77 5
11 78 91
11 79 44
11 80 43
11 81 90
11 83 22
11 88 56
11 95 62
12 18 47
12 21 54
12 22 67
12 26 38
12 29 82
12 30 19
12 32 64
12 33 78
12 39 96
12 40 92
12 41 43
12 43 23
12 52 54
12 53 96
12 58 29
12 59 29
12 62 12
12 63 50
12 66 77
12 68 8
12 72 5
12 74 45
12 75 53
12 79 15
12 81 61
12 83 73
12 84 14
12 89 81
12 90 12
12 92 20
12 95 91
12 96 98
12 97 43
13 14 96
13 22 16
13 23 72
13 25 89
13 26 13
13 27 22
13 30 76
13 31 79
13 32 35
13 34 16
13 35 7
13 36 70
13 37 72
13 38 40
13 43 19
13 44 67
13 45 86
13 47 34
13 49 66
13 51 97
13 52 5
13 56 14
13 68 94
13 69 91
13 70 10
13 72 66
13 74 49
13 76 32
13 78 86
13 79 99
13 81 9
13 82 16
13 83 69
13 84 12
13 86 10
13 89 10
13 91 82
13 95 92
13 97 80
13 99 9
14 15 33
14 19 83
14 20 98
14 22 69
14 23 83
14 28 2
14 32 12
14 33 11
14 39 33
14 40 31
14 41 73
14 43 82
14 44 56
14 45 77
14 46 25
14 47 82
14 50 28
14 51 95
14 52 66
14 53 69
14 55 21
14 57 6
14 58 31
14 61 42
14 65 55
14 67 99
14 69 6
14 70 5
14 71 13
14 75 42
14 78 65
14 81 41
14 82 7
14 83 61
14 84 19
14 85 54
14 89 88
14 93 29
14 94 96
14 100 5
15 16 3
15 19 76
15 23 84
15 26 26
15 27 72
15 28 81
15 29 80
15 30 24
15 31 17
15 32 77
15 33 72
15 39 8
15 42 59
15 43 93
15 46 39
15 49 64
15 50 13
15 52 68
15 53 68
15 56 91
15 57 67
15 58 84
15 59 100
15 61 64
15 67 26
15 69 75
15 71 4
15 72 46
15 74 81
15 75 77
15 76 47
15 77 13
15 78 28
15 79 89
15 80 30
15 84 66
15 85 36
15 86 48
15 87 90
15 89 95
15 91 96
15 92 41
15 94 60
15 96 66
15 99 93
16 17 30
16 18 79
16 23 45
16 27 14
16 28 50
16 32 27
16 33 88
16 36 64
16 38 27
16 44 34
16 47 61
16 49 74
16 55 48
16 57 11
16 58 9
16 60 54
16 62 97
16 63 79
16 65 53
16 68 52
16 70 88
16 73 68
16 79 42
16 80 18
16 82 10
