100 4456 1
1 6 45
1 7 84
1 8 85
1 12 45
1 13 72
1 15 3
1 18 49
1 19 35
1 24 42
1 25 48
1 26 44
1 27 57
1 29 44
1 30 49
1 33 74
1 34 80
1 41 15
1 42 73
1 43 100
1 44 63
1 55 93
1 57 43
1 63 34
1 66 61
1 74 3
1 75 91
1 77 30
1 78 62
1 79 70
1 80 55
1 82 31
1 84 55
1 86 7
1 87 17
1 89 12
1 90 97
1 92 73
1 93 71
1 94 67
1 95 12
1 98 75
1 99 43
1 100 45
2 3 15
2 4 69
2 6 1
2 7 80
2 9 6
2 13 18
2 17 100
2 18 87
2 21 63
2 23 72
2 30 100
2 32 60
2 36 51
2 38 65
2 40 96
2 41 39
2 42 80
2 44 4
2 45 87
2 46 75
2 48 7
2 49 55
2 56 18
2 59 64
2 61 61
2 64 7
2 67 82
2 68 20
2 71 60
2 72 45
2 73 6
2 82 41
2 87 94
2 91 51
2 94 86
2 96 14
2 98 4
2 99 70
2 100 44
3 6 77
3 7 89
3 8 82
3 9 47
3 10 18
3 17 56
3 20 90
3 21 98
3 24 2
3 25 45
3 32 42
3 33 34
3 36 7
3 41 78
3 42 48
3 43 11
3 45 33
3 46 92
3 48 58
3 51 96
3 56 24
3 57 60
3 58 73
3 59 21
3 63 66
3 64 94
3 67 22
3 73 72
3 75 6
3 77 55
3 79 1
3 80 30
3 87 54
3 90 38
3 95 22
3 97 1
4 6 80
4 7 10
4 11 71
4 27 73
4 29 43
4 33 19
4 36 19
4 37 37
4 39 76
4 42 76
4 43 65
4 44 48
4 47 47
4 52 30
4 53 33
4 55 55
4 56 100
4 57 57
4 58 72
4 62 77
4 64 92
4 67 38
4 70 73
4 71 54
4 72 2
4 74 100
4 75 49
4 78 37
4 83 37
4 84 69
4 87 81
4 88 16
4 89 10
4 90 44
4 92 58
4 93 65
4 94 84
4 96 21
4 98 81
4 99 100
4 100 97
5 7 58
5 9 18
5 11 83
5 18 95
5 20 65
5 21 3
5 24 8
5 25 5
5 28 40
5 30 4
5 32 51
5 35 17
5 39 47
5 40 62
5 42 4
5 44 14
5 46 84
5 48 74
5 49 34
5 50 78
5 53 27
5 55 38
5 57 32
5 60 6
5 62 34
5 65 1
5 68 82
5 72 36
5 74 24
5 80 64
5 83 98
5 85 34
5 86 57
5 89 83
5 93 93
5 96 81
5 97 31
5 98 9
5 99 28
5 100 88
6 7 67
6 11 67
6 14 100
6 15 19
6 16 86
6 22 10
6 26 37
6 27 31
6 31 52
6 33 9
6 34 23
6 37 23
6 38 32
6 42 73
6 43 84
6 46 18
6 53 57
6 56 29
6 57 93
6 59 51
6 68 100
6 70 9
6 72 3
6 73 32
6 74 22
6 76 53
6 77 68
6 80 2
6 83 61
6 84 2
6 85 28
6 87 100
6 88 10
6 91 75
6 92 7
6 95 63
7 8 87
7 12 49
7 14 75
7 17 98
7 19 91
7 22 39
7 23 76
7 24 99
7 25 26
7 27 95
7 28 13
7 30 51
7 33 84
7 35 45
7 36 55
7 40 66
7 43 39
7 46 47
7 47 76
7 48 11
7 49 22
7 53 26
7 54 70
7 58 100
7 59 95
7 60 87
7 62 20
7 63 93
7 64 30
7 69 37
7 71 60
7 74 5
7 83 72
7 88 60
7 89 5
7 93 86
7 95 34
7 99 62
8 9 11
8 10 64
8 16 4
8 18 100
8 22 1
8 23 77
8 28 44
8 30 96
8 36 26
8 37 1
8 38 93
8 40 20
8 43 81
8 44 60
8 47 1
8 55 74
8 56 80
8 58 25
8 60 74
8 61 74
8 62 18
8 63 36
8 67 57
8 69 92
8 75 98
8 76 25
8 80 53
8 83 27
8 86 43
8 87 53
8 90 66
8 91 27
8 92 45
8 93 31
8 94 3
8 98 88
8 99 42
9 10 97
9 11 71
9 14 44
9 17 33
9 18 44
9 20 64
9 22 55
9 27 62
9 29 5
9 34 25
9 37 40
9 38 27
9 40 87
9 41 61
9 44 93
9 45 44
9 46 74
9 48 38
9 49 93
9 50 32
9 54 86
9 55 37
9 58 89
9 59 57
9 65 27
9 69 82
9 70 51
9 72 78
9 74 73
9 75 54
9 77 40
9 79 88
9 82 57
9 83 61
9 84 48
9 85 4
9 86 58
9 87 32
9 90 97
9 91 23
9 96 64
9 98 81
10 15 66
10 16 9
10 17 94
10 21 21
10 22 87
10 27 34
10 29 14
10 31 27
10 34 37
10 39 39
10 40 13
10 45 71
10 49 9
10 51 14
10 55 7
10 56 91
10 58 90
10 60 62
10 62 75
10 63 16
10 67 50
10 69 47
10 76 52
10 77 91
10 79 45
10 81 19
10 82 49
10 87 20
10 89 88
10 91 39
10 95 40
10 96 60
10 97 79
10 98 16
10 99 46
10 100 75
11 13 81
11 15 71
11 16 99
11 17 24
11 24 44
11 30 10
11 31 13
11 34 81
11 36 41
11 38 41
11 46 1
11 50 1
11 51 72
11 52 57
11 58 57
11 60 88
11 64 64
11 68 59
11 74 56
11 77 79
11 87 89
11 88 63
11 90 29
11 91 59
11 95 38
11 96 89
11 98 56
11 99 98
12 14 95
12 16 69
12 19 5
12 20 46
12 21 27
12 32 23
12 40 25
12 41 23
12 43 84
12 44 40
12 46 44
12 48 12
12 50 93
12 53 53
12 56 56
12 58 7
12 68 35
12 69 46
12 74 31
12 78 39
12 79 25
12 81 78
12 83 38
12 85 52
12 88 78
12 91 88
12 92 89
12 98 98
12 100 19
13 14 93
13 17 21
13 21 25
13 24 100
13 26 50
13 27 48
13 31 98
13 33 97
13 34 59
13 37 4
13 39 80
13 42 53
13 44 29
13 45 54
13 46 41
13 47 86
13 49 57
13 50 42
13 52 63
13 57 45
13 58 95
13 59 53
13 61 54
13 65 17
13 66 20
13 68 28
13 70 91
13 72 11
13 75 93
13 78 82
13 79 84
13 80 23
13 81 72
13 83 9
13 86 73
13 87 50
13 90 63
13 92 26
13 93 33
13 97 54
13 98 70
14 15 5
14 16 51
14 17 52
14 18 12
14 19 44
14 21 63
14 25 67
14 29 35
14 31 16
14 32 83
14 36 42
14 37 78
14 38 39
14 40 74
14 43 85
14 45 83
14 46 98
14 48 4
14 50 60
14 54 24
14 55 49
14 58 89
14 63 48
14 68 16
14 72 80
14 74 84
14 75 78
14 78 27
14 79 88
14 82 90
14 84 47
14 88 39
14 100 4
15 16 28
15 17 21
15 18 78
15 19 29
15 22 8
15 23 93
15 24 19
15 25 52
15 30 44
15 36 14
15 37 47
15 38 39
15 39 50
15 40 95
15 41 42
15 48 88
15 49 24
15 59 36
15 61 88
15 64 47
15 67 82
15 70 80
15 73 26
15 81 63
15 85 77
15 90 57
15 95 59
15 99 9
16 18 50
16 22 37
16 29 4
16 30 52
16 37 88
16 38 75
16 39 100
16 42 14
16 43 90
16 45 82
16 46 81
16 48 42
16 50 3
16 52 67
16 56 76
16 60 41
16 64 47
16 66 11
16 68 42
16 70 83
16 75 39
16 82 38
16 84 86
16 88 76
16 89 49
16 91 1
16 93 25
16 95 23
16 97 34
16 99 46
16 100 42
17 20 89
17 22 92
17 23 81
17 24 57
17 29 39
17 33 52
17 36 70
17 40 52
17 42 97
17 43 65
17 44 11
17 46 31
17 52 26
17 53 38
17 54 25
17 55 60
17 56 71
17 59 73
17 63 27
17 65 27
17 66 28
17 67 58
17 68 67
17 69 89
17 70 95
17 77 44
17 80 31
17 82 23
17 86 69
17 87 87
17 90 51
17 91 28
17 97 71
17 98 52
18 19 69
18 20 45
18 26 69
18 29 77
18 32 87
18 33 9
18 35 20
18 39 9
18 40 66
18 42 90
18 45 7
18 46 56
18 52 77
18 56 4
18 64 43
18 70 9
18 72 63
18 75 63
18 77 82
18 80 68
18 86 44
18 87 85
18 88 58
18 95 77
18 96 70
18 100 96
19 22 45
19 23 74
19 25 12
19 26 16
19 28 72
19 32 66
19 33 71
19 34 19
19 36 92
19 38 54
19 40 23
19 41 81
19 44 3
19 46 3
19 50 54
19 51 94
19 54 85
19 55 15
19 57 73
19 60 93
19 61 46
19 65 7
19 66 69
19 67 9
19 69 15
19 73 40
19 74 38
19 76 58
19 79 92
19 84 8
19 87 83
19 92 44
19 93 55
19 94 38
19 95 24
19 96 45
19 98 74
19 100 15
20 25 58
20 28 6
20 31 40
20 33 43
20 35 36
20 36 76
20 37 86
20 39 39
20 41 80
20 43 91
20 48 12
20 52 46
20 56 72
20 71 71
20 73 8
20 75 73
20 77 24
20 80 92
20 87 70
20 89 15
20 90 17
20 91 90
20 93 2
20 94 85
20 98 85
20 99 57
21 24 76
21 25 55
21 28 68
21 30 49
21 31 84
21 34 51
21 36 13
21 39 55
21 41 2
21 42 42
21 43 42
21 44 100
21 45 14
21 46 20
21 51 51
21 53 55
21 55 65
21 56 62
21 57 42
21 60 30
21 63 16
21 65 88
21 66 11
21 67 49
21 68 48
21 71 23
21 72 38
21 73 78
21 77 95
21 82 14
21 84 59
21 86 38
21 92 63
21 94 84
21 96 39
21 99 37
22 23 92
22 24 6
22 28 90
22 31 23
22 33 26
22 38 60
22 39 53
22 42 47
22 43 22
22 44 96
22 45 58
22 47 86
22 48 89
22 51 32
22 52 78
22 53 13
22 58 35
22 60 98
22 66 21
22 67 55
22 68 86
22 70 85
22 73 30
22 74 87
22 76 67
22 81 33
22 83 10
22 85 44
22 86 40
22 88 50
22 89 90
22 90 56
22 93 45
22 98 20
23 26 85
23 27 84
23 29 71
23 34 21
23 41 12
23 44 21
23 45 46
23 47 16
23 49 98
23 52 37
23 53 27
23 57 64
23 60 80
23 66 38
23 67 49
23 72 81
23 73 52
23 77 83
23 78 14
23 81 2
23 86 79
23 87 85
23 90 63
23 91 52
23 92 63
23 93 93
23 99 35
24 26 75
24 27 59
24 28 22
24 31 45
24 32 38
24 33 100
24 40 81
24 41 30
24 51 100
24 53 29
24 54 18
24 57 66
24 59 47
24 60 67
24 61 91
24 64 60
24 73 85
24 74 44
24 75 19
24 76 22
24 82 88
24 87 31
24 95 55
24 96 29
24 98 74
24 100 66
25 32 33
25 34 23
25 35 39
25 37 6
25 39 73
25 41 76
25 42 10
25 43 4
25 44 6
25 45 77
25 46 9
25 48 64
25 50 49
25 51 39
25 52 74
25 53 98
25 55 23
25 60 9
25 62 88
25 66 4
25 69 75
25 72 99
25 73 31
25 74 24
25 75 41
25 77 67
25 78 87
25 88 4
25 94 19
25 95 3
26 27 97
26 28 100
26 29 62
26 30 76
26 31 35
26 32 52
26 33 59
26 34 3
26 35 53
26 36 6
26 39 60
26 40 1
26 41 23
26 44 65
26 47 89
26 48 98
26 57 68
26 60 71
26 62 79
26 63 60
26 68 82
26 75 12
26 77 50
26 79 41
26 80 1
26 81 4
26 82 17
26 83 6
26 87 4
26 89 6
26 95 75
26 96 3
26 98 7
26 100 46
27 32 12
27 33 7
27 35 8
27 39 79
27 40 53
27 42 5
27 46 43
27 47 10
27 51 29
27 53 57
27 57 35
27 60 67
27 63 51
27 65 43
27 66 85
27 68 76
27 69 95
27 70 15
27 73 70
27 74 20
27 75 13
27 76 46
27 78 70
27 79 53
27 80 59
27 85 64
27 91 10
27 92 35
27 97 96
27 98 66
27 100 82
28 30 63
28 37 99
28 38 50
28 41 83
28 42 65
28 43 58
28 45 20
28 46 22
28 47 14
28 49 18
28 51 11
28 52 19
28 53 52
28 58 49
28 66 42
28 75 11
28 80 61
28 81 38
28 83 5
28 84 18
28 87 77
28 88 93
28 89 23
28 93 9
28 94 14
28 95 93
28 99 30
29 30 5
29 32 81
29 33 18
29 34 11
29 36 89
29 47 47
29 48 66
29 49 53
29 50 56
29 51 89
29 53 22
29 56 64
29 59 77
29 62 43
29 65 41
29 67 89
29 68 41
29 69 22
29 75 12
29 81 81
29 86 62
29 90 55
29 91 94
29 92 8
29 96 76
29 97 70
29 98 50
30 31 90
30 32 22
30 36 79
30 37 27
30 38 54
30 39 44
30 40 24
30 41 89
30 43 17
30 45 32
30 46 70
30 47 54
30 53 8
30 57 43
30 58 78
30 59 74
30 60 18
30 61 35
30 65 35
30 69 13
30 75 10
30 78 40
30 80 67
30 81 74
30 86 84
30 87 23
30 88 61
30 92 6
30 96 94
30 98 93
30 99 87
31 33 72
31 35 39
31 38 85
31 39 45
31 40 39
31 43 57
31 45 70
31 49 34
31 52 10
31 57 30
31 60 36
31 62 42
31 64 77
31 67 27
31 70 27
31 72 11
31 74 60
31 78 99
31 82 36
31 87 17
31 89 2
31 91 70
31 92 71
31 93 70
31 95 95
31 96 54
31 97 54
31 98 77
31 99 36
32 35 77
32 36 99
32 42 34
32 43 26
32 45 55
32 53 73
32 54 36
32 57 44
32 59 74
32 61 71
32 65 44
32 70 83
32 72 45
32 73 13
32 75 15
32 79 94
32 84 5
32 99 54
33 37 14
33 46 57
33 50 4
33 53 5
33 54 68
33 57 40
33 60 30
33 64 40
33 66 65
33 67 70
33 69 77
33 74 46
33 84 71
33 86 42
33 88 65
33 89 85
33 93 78
33 95 18
34 38 26
34 42 92
34 45 77
34 46 1
34 48 92
34 49 21
34 50 86
34 52 5
34 53 23
34 58 84
34 59 1
34 60 63
34 65 100
34 72 20
34 76 25
34 80 44
34 82 100
34 83 42
34 86 30
34 87 46
34 89 86
34 93 48
34 94 86
34 97 3
34 98 89
34 100 81
35 41 87
35 43 66
35 48 32
35 49 50
35 51 62
35 58 99
35 65 33
35 67 15
35 68 24
35 71 56
35 73 35
35 77 27
35 79 49
35 80 11
35 87 18
35 90 20
35 91 65
35 92 8
35 93 51
35 94 52
35 99 67
35 100 66
36 41 66
36 42 78
36 44 22
36 48 12
36 49 32
36 50 74
36 55 88
36 58 66
36 59 3
36 61 71
36 63 75
36 66 92
36 73 68
36 76 7
36 78 44
36 80 89
36 81 24
36 82 63
36 85 47
36 87 5
36 88 4
36 89 95
36 92 57
36 93 26
36 94 2
36 100 53
37 43 56
37 44 66
37 48 78
37 52 94
37 55 53
37 56 87
37 57 15
37 61 37
37 64 30
37 65 46
37 69 84
37 70 99
37 71 50
37 72 8
37 73 57
37 78 35
37 80 87
37 82 93
37 90 7
37 93 2
37 95 5
38 41 26
38 47 21
38 48 100
38 51 100
38 54 83
38 58 41
38 70 54
38 71 31
38 75 40
38 76 65
38 77 1
38 79 2
38 80 26
38 82 25
38 90 94
38 91 22
38 93 1
38 96 36
38 99 34
39 42 48
39 43 25
39 45 59
39 49 29
39 50 39
39 51 11
39 53 75
39 56 9
39 59 88
39 60 57
39 61 23
39 62 38
39 65 58
39 67 49
39 68 52
39 71 79
39 73 44
39 77 58
39 79 46
39 82 100
39 84 64
39 87 77
39 92 66
39 95 90
39 99 38
40 42 17
40 45 77
40 47 35
40 48 66
40 52 41
40 56 18
40 57 4
40 62 6
40 63 44
40 64 67
40 68 8
40 70 39
40 71 97
40 76 10
40 80 40
40 84 59
40 86 51
40 89 22
40 90 27
40 92 85
40 93 58
40 94 6
40 99 95
41 42 19
41 48 27
41 50 92
41 51 13
41 52 88
41 53 47
41 54 61
41 55 89
41 62 2
41 64 62
41 66 89
41 69 79
41 71 1
41 74 66
41 75 80
41 80 49
41 81 71
41 82 72
41 84 26
41 98 50
41 99 10
42 45 36
42 46 48
42 47 43
42 49 81
42 54 75
42 57 52
42 58 8
42 62 80
42 63 28
42 69 8
42 71 60
42 74 19
42 77 40
42 79 85
42 82 10
42 86 72
42 89 44
42 92 50
42 99 82
43 44 48
43 45 49
43 50 20
43 55 45
43 56 71
43 57 93
43 60 97
43 61 44
43 62 80
43 63 22
43 64 55
43 65 2
43 66 83
43 68 56
43 69 73
43 70 93
43 74 65
43 81 58
43 84 78
43 93 100
43 94 43
43 95 3
43 96 33
43 97 10
43 99 84
44 46 39
44 55 42
44 57 45
44 59 83
44 60 77
44 61 80
44 63 40
44 68 4
44 73 69
44 75 66
44 78 35
44 79 4
44 80 42
44 81 8
44 84 34
44 85 29
44 91 57
44 92 92
44 93 65
44 94 3
44 95 72
45 46 24
45 49 23
45 54 23
45 56 28
45 57 61
45 64 97
45 67 10
45 70 94
45 71 20
45 73 56
45 74 91
45 75 79
45 76 64
45 78 13
45 80 34
45 81 81
45 84 76
45 85 15
45 87 54
45 88 64
45 89 8
45 90 75
45 92 19
45 97 85
46 50 93
46 51 47
46 52 82
46 53 74
46 56 50
46 59 80
46 63 81
46 74 56
46 75 39
46 80 80
46 89 66
46 93 49
46 94 65
46 95 31
46 96 71
47 50 39
47 57 50
47 61 26
47 62 21
47 63 56
47 68 12
47 75 39
47 77 44
47 80 14
47 81 11
47 83 74
47 86 69
47 87 27
47 91 9
47 93 31
47 95 56
47 97 41
48 50 11
48 55 9
48 56 19
48 57 60
48 62 14
48 63 11
48 64 1
48 65 68
48 70 47
48 71 86
48 73 70
48 74 71
48 76 40
48 77 25
48 78 68
48 81 44
48 82 6
48 83 30
48 87 29
48 88 17
48 95 83
48 98 40
49 52 44
49 54 93
49 56 33
49 57 21
49 58 33
49 62 80
49 65 14
49 66 23
49 67 3
49 70 74
49 71 86
49 82 40
49 86 22
49 88 10
49 89 44
49 91 79
49 92 45
49 93 91
49 94 75
49 96 48
49 98 16
49 100 49
50 53 7
50 54 57
50 56 82
50 57 56
50 58 25
50 60 5
50 62 57
50 63 56
50 65 13
50 68 60
50 72 33
50 73 21
50 78 75
50 79 4
50 81 53
50 85 39
50 87 19
50 89 81
50 91 53
50 92 44
50 93 89
50 96 59
50 97 43
50 99 27
51 52 88
51 56 5
51 59 26
51 63 100
51 64 95
51 67 44
51 72 85
51 73 61
51 78 33
51 79 97
51 82 12
51 84 100
51 85 98
51 87 61
51 88 1
51 92 74
51 96 55
51 100 92
52 53 17
52 54 22
52 55 69
52 57 35
52 58 90
52 61 35
52 65 71
52 67 24
52 68 67
52 70 47
52 72 1
52 76 51
52 79 66
52 84 86
52 87 37
52 88 49
52 92 83
52 93 80
52 94 17
52 95 21
52 96 58
52 98 39
53 54 50
53 57 84
53 59 52
53 60 55
53 61 88
53 62 81
53 64 39
53 65 21
53 68 79
53 69 57
53 71 19
53 74 19
53 76 33
53 77 54
53 78 59
53 81 44
53 84 53
53 85 99
53 87 82
53 88 96
53 89 61
53 90 50
53 96 84
53 99 2
53 100 61
54 55 69
54 57 6
54 58 35
54 59 9
54 60 5
54 63 20
54 64 14
54 65 76
54 66 80
54 67 86
54 70 33
54 71 88
54 72 21
54 76 34
54 83 30
54 88 89
54 90 55
54 92 61
54 93 3
54 95 4
54 96 38
54 98 3
55 56 2
55 57 37
55 63 85
55 64 80
55 65 69
55 67 68
55 70 64
55 74 14
55 75 67
55 78 92
55 81 70
55 89 42
55 91 52
55 94 72
55 95 65
55 98 71
56 63 31
56 65 76
56 68 30
56 70 13
56 72 42
56 73 11
56 79 54
56 81 99
56 86 99
56 93 71
56 98 4
57 61 74
57 62 31
57 63 82
57 64 6
57 70 10
57 71 26
57 72 16
57 73 35
57 74 24
57 78 48
57 82 72
57 87 47
57 89 59
57 90 11
57 91 8
57 94 4
57 96 94
57 99 82
58 60 37
58 61 76
58 62 33
58 70 65
58 71 10
58 75 93
58 77 32
58 78 98
58 80 48
58 84 79
58 85 48
58 86 98
58 88 74
58 95 49
58 97 99
58 99 4
58 100 35
59 68 24
59 70 32
59 71 49
59 73 16
59 74 75
59 76 60
59 77 6
59 78 10
59 83 9
59 85 51
59 88 93
59 90 76
59 91 14
59 100 71
60 61 71
60 63 69
60 65 67
60 68 2
60 74 84
60 77 25
60 80 79
60 82 43
60 85 31
60 87 35
60 90 41
60 93 73
60 96 1
60 97 27
60 98 88
60 99 64
61 64 58
61 66 69
61 71 40
61 72 39
61 74 6
61 76 61
61 83 51
61 84 25
61 85 95
61 86 74
61 90 86
61 91 29
61 94 57
61 96 36
61 99 29
61 100 18
62 65 93
62 67 55
62 72 95
62 74 67
62 75 40
62 76 50
62 77 73
62 78 35
62 85 12
62 86 45
62 95 66
62 97 89
62 98 90
63 65 39
63 67 49
63 68 54
63 73 11
63 75 12
63 76 99
63 79 14
63 80 68
63 81 83
63 84 11
63 87 45
63 88 36
63 91 79
63 93 65
63 95 75
63 96 1
63 98 68
64 65 54
64 68 66
64 76 75
64 79 32
64 81 70
64 85 90
64 86 41
64 87 37
64 91 23
64 92 54
64 93 54
64 94 88
65 66 52
65 68 88
65 70 8
65 72 93
65 76 86
65 78 1
65 81 78
65 82 10
65 83 88
65 85 94
65 86 71
65 91 40
65 92 24
65 93 25
66 73 12
66 74 7
66 75 56
66 77 61
66 85 97
66 88 89
66 90 1
66 96 84
66 99 20
66 100 74
67 79 92
67 82 87
67 85 20
67 86 93
67 88 28
67 89 78
67 90 50
67 93 83
67 98 90
67 99 65
68 72 59
68 73 65
68 77 36
68 78 40
68 81 37
68 84 96
68 85 34
68 86 41
68 87 82
68 88 78
68 89 13
68 90 20
68 94 24
68 97 64
69 72 7
69 73 67
69 74 13
69 81 44
69 82 60
69 89 98
69 91 58
69 92 74
69 96 2
69 98 44
70 71 34
70 75 8
70 77 52
70 78 84
70 79 82
70 80 62
70 81 66
70 82 43
70 86 28
70 87 49
70 92 55
70 96 8
70 98 22
70 99 51
70 100 56
71 72 45
71 73 98
71 77 100
71 78 5
71 85 54
71 88 72
71 89 2
71 91 88
71 92 85
71 93 69
71 98 66
71 100 68
72 74 51
72 75 16
72 77 59
72 78 100
72 79 27
72 81 45
72 86 42
72 91 45
72 93 8
72 96 5
72 98 41
73 76 33
73 77 93
73 78 99
73 81 4
73 83 92
73 85 68
73 90 26
73 91 58
73 95 17
73 98 82
73 99 80
74 76 64
74 81 40
74 82 42
74 86 70
74 93 22
74 94 68
74 95 24
74 96 83
75 77 33
75 78 89
75 80 77
75 82 32
75 84 67
75 85 100
75 89 9
75 90 13
75 93 48
75 96 12
76 77 53
76 78 38
76 88 75
76 89 53
76 90 25
76 92 14
76 94 40
76 96 91
77 80 81
77 85 50
77 86 89
77 87 49
77 90 72
77 94 73
77 97 51
78 79 26
78 82 33
78 89 65
78 90 46
78 91 1
78 92 67
78 94 71
78 95 74
78 96 17
78 99 14
78 100 21
79 80 61
79 83 14
79 84 62
79 88 33
79 93 62
79 96 99
79 98 92
79 100 62
80 81 44
80 82 93
80 84 49
80 85 58
80 86 73
80 87 46
80 88 41
80 89 78
80 95 74
80 98 94
80 99 61
80 100 81
81 83 74
81 84 30
81 89 24
81 91 100
81 94 51
81 95 70
81 97 27
82 84 24
82 85 12
82 87 26
82 88 12
82 89 65
82 92 89
82 93 64
82 95 20
82 96 60
82 100 6
83 85 71
83 88 24
83 89 33
83 91 42
83 92 59
83 94 58
83 98 52
83 99 40
84 99 27
85 87 95
85 89 46
85 90 91
85 92 52
85 96 72
86 87 82
86 96 88
86 97 21
87 88 77
87 95 10
87 97 46
87 99 34
88 93 16
88 94 21
88 95 59
89 91 87
89 92 52
89 93 43
91 94 87
91 95 28
91 96 1
92 94 48
92 100 7
93 94 19
93 96 7
93 99 8
93 100 62
94 97 57
94 98 85
94 100 76
95 99 31
96 97 86
97 99 55
97 100 94
98 99 76
99 100 17
1 2 97
1 6 85
1 9 61
1 12 20
1 13 2
1 17 83
1 18 75
1 20 46
1 22 89
1 27 99
1 28 52
1 32 75
1 35 69
1 45 57
1 46 77
1 48 77
1 50 54
1 52 15
1 54 61
1 57 29
1 59 56
1 63 26
1 65 51
1 69 54
1 72 1
1 74 61
1 75 55
1 76 26
1 78 27
1 79 84
1 83 18
1 87 25
1 91 33
1 92 25
1 94 90
1 96 69
1 97 58
1 100 18
2 4 68
2 5 51
2 8 27
2 13 27
2 16 36
2 17 79
2 22 97
2 24 89
2 26 71
2 28 47
2 29 12
2 30 25
2 31 76
2 34 62
2 44 34
2 46 68
2 48 33
2 49 70
2 50 67
2 56 92
2 57 24
2 60 62
2 65 36
2 66 15
2 72 74
2 73 37
2 75 25
2 77 77
2 81 80
2 88 70
2 89 13
2 94 86
2 97 65
2 98 30
2 99 99
3 6 85
3 9 90
3 11 92
3 14 98
3 18 7
3 19 55
3 20 21
3 23 81
3 27 8
3 30 90
3 35 54
3 39 33
3 40 5
3 43 69
3 45 9
3 46 35
3 49 81
3 51 8
3 53 87
3 55 67
3 56 19
3 58 58
3 61 80
3 65 90
3 69 52
3 71 29
3 72 71
3 75 43
3 78 66
3 79 33
3 80 60
3 82 77
3 88 51
3 90 63
3 91 89
3 97 50
3 99 62
4 12 12
4 15 41
4 18 10
4 19 17
4 20 30
4 26 62
4 27 100
4 29 65
4 31 48
4 32 39
4 33 47
4 35 12
4 38 17
4 39 53
4 45 29
4 47 76
4 49 7
4 50 100
4 51 47
4 52 42
4 56 88
4 57 81
4 61 78
4 62 19
4 69 15
4 70 96
4 71 36
4 73 3
4 74 92
4 75 19
4 76 86
4 80 66
4 82 36
4 84 1
4 86 98
4 94 100
4 96 28
4 97 30
5 9 91
5 13 15
5 16 20
5 18 51
5 20 2
5 26 92
5 27 22
5 30 15
5 31 86
5 38 50
5 39 94
5 41 79
5 42 98
5 43 36
5 49 74
5 50 3
5 51 42
5 54 5
5 55 66
5 59 7
5 60 27
5 64 45
5 66 43
5 68 23
5 69 80
5 72 5
5 74 63
5 80 92
5 83 34
5 89 19
5 90 65
5 91 99
5 98 61
5 99 11
5 100 31
6 8 67
6 11 45
6 12 9
6 16 71
6 17 73
6 18 95
6 21 57
6 24 90
6 25 35
6 29 53
6 32 93
6 33 74
6 34 71
6 35 56
6 42 35
6 43 95
6 52 93
6 54 18
6 55 63
6 58 53
6 59 59
6 60 58
6 61 7
6 63 43
6 64 41
6 67 15
6 70 82
6 71 94
6 72 39
6 73 28
6 74 87
6 75 56
6 76 43
6 77 62
6 80 40
6 82 17
6 83 76
6 84 21
6 85 35
6 87 9
6 88 67
6 92 24
6 93 15
6 95 29
6 97 22
6 99 35
7 8 65
7 9 75
7 11 25
7 14 67
7 16 51
7 17 93
7 29 65
7 30 47
7 31 100
7 33 59
7 34 68
7 35 24
7 37 77
7 38 13
7 40 3
7 42 85
7 43 11
7 44 77
7 45 24
7 48 60
7 51 82
7 52 42
7 53 60
7 55 57
7 57 36
7 58 13
7 59 37
7 65 54
7 71 87
7 72 90
7 73 52
7 78 25
7 81 35
7 83 1
7 85 21
7 88 86
7 91 38
7 100 75
8 12 77
8 13 66
8 15 65
8 20 9
8 21 99
8 23 8
8 24 76
8 29 17
8 33 94
8 34 27
8 35 69
8 39 96
8 46 18
8 52 55
8 53 9
8 54 28
8 56 71
8 58 11
8 63 41
8 65 72
8 66 76
8 69 100
8 71 20
8 75 12
8 76 88
8 78 19
8 79 52
8 80 10
8 84 22
8 88 66
8 89 17
8 91 8
8 94 45
8 98 93
8 99 22
8 100 23
9 11 80
9 15 54
9 17 55
9 22 49
9 29 94
9 31 27
9 34 98
9 36 59
9 37 52
9 38 50
9 40 27
9 42 65
9 43 97
9 44 25
9 45 76
9 48 47
9 49 37
9 50 68
9 51 94
9 52 35
9 53 64
9 56 17
9 57 67
9 58 53
9 64 78
9 72 63
9 73 50
9 74 24
9 77 34
9 84 34
9 86 54
9 87 84
9 90 29
9 92 14
9 94 39
9 95 75
10 12 8
10 14 34
10 17 29
10 18 71
10 25 5
10 26 58
10 28 86
10 35 69
10 41 4
10 42 76
10 44 3
10 45 97
10 46 24
10 47 8
10 48 50
10 52 35
10 56 19
10 57 15
10 63 98
10 65 48
10 69 5
10 70 69
10 72 61
10 73 68
10 79 17
10 80 19
10 83 29
10 88 10
10 89 77
10 90 48
10 91 92
10 92 71
10 93 81
10 94 92
10 95 30
10 96 38
10 97 65
10 98 8
10 99 17
10 100 87
11 13 47
11 16 20
11 17 67
11 24 5
11 25 37
11 30 3
11 31 100
11 36 24
11 37 87
11 41 56
11 42 85
11 46 81
11 52 53
11 53 42
11 57 80
11 58 88
11 59 91
11 63 63
11 64 74
11 66 30
11 70 70
11 71 30
11 72 81
11 73 56
11 74 56
11 76 61
11 81 70
11 82 6
11 84 79
11 90 2
11 91 99
11 94 82
11 96 66
11 97 77
11 98 24
11 99 22
12 13 47
12 15 50
12 19 51
12 22 69
12 23 54
12 27 8
12 29 89
12 33 5
12 35 44
12 36 18
12 37 79
12 39 95
12 45 7
12 46 49
12 47 54
12 51 77
12 52 62
12 53 97
12 56 3
12 57 56
12 60 55
12 61 18
12 63 12
12 66 82
12 68 2
12 69 72
12 72 41
12 73 55
12 74 88
12 75 95
12 76 70
12 78 70
12 79 64
12 80 14
12 88 14
12 90 3
12 91 87
12 95 11
12 96 70
12 98 42
13 15 91
13 16 78
13 17 92
13 20 46
13 24 22
13 31 50
13 33 34
13 36 72
13 38 35
13 39 87
13 40 45
13 41 90
13 42 45
13 43 100
13 45 53
13 46 71
13 48 98
13 56 34
13 57 39
13 58 1
13 63 82
13 65 11
13 68 83
13 71 51
13 72 80
13 77 43
13 78 75
13 80 90
13 83 12
13 84 79
13 85 43
13 87 29
13 89 74
13 91 77
13 94 3
13 95 49
13 96 79
13 98 87
13 100 6
14 15 48
14 16 29
14 17 41
14 20 95
14 22 29
14 23 23
14 25 95
14 28 59
14 29 63
14 30 84
14 42 81
14 46 47
14 49 59
14 55 26
14 56 83
14 57 53
14 64 47
14 66 40
14 67 8
14 72 13
14 84 68
14 89 91
14 91 7
14 94 67
15 17 71
15 18 8
15 23 27
15 24 100
15 26 75
15 28 14
15 32 75
15 34 31
15 36 13
15 38 60
15 40 49
15 41 58
15 42 12
15 45 15
15 49 1
15 50 90
15 51 85
15 52 92
15 55 36
15 56 81
15 61 71
15 62 2
15 63 15
15 64 13
15 67 57
15 69 31
15 70 97
15 71 46
15 73 50
15 76 47
15 81 45
15 82 52
15 83 27
15 88 71
15 90 64
15 92 85
15 97 2
15 99 34
16 18 67
16 19 25
16 24 96
16 25 26
16 30 74
16 32 60
16 33 88
16 34 9
16 35 2
16 37 30
16 41 15
16 43 76
16 51 19
16 54 58
16 55 62
16 56 16
16 58 7
16 63 58
16 64 2
16 65 19
16 67 66
16 69 22
16 71 5
16 72 6
16 73 13
16 74 3
16 88 92
16 90 99
16 93 89
16 100 40
17 18 27
17 19 50
17 20 60
17 25 13
17 26 96
17 27 12
17 36 6
17 37 31
17 38 70
17 41 77
17 44 80
17 47 91
17 49 40
17 51 25
17 53 75
17 57 15
17 61 37
17 65 63
17 66 12
17 68 81
17 69 48
17 70 57
17 76 26
17 77 35
17 78 58
17 79 88
17 90 56
17 94 60
17 96 36
17 97 15
17 99 58
18 21 51
18 22 43
18 24 41
18 30 76
18 39 44
18 41 82
18 43 20
18 46 68
18 51 85
18 52 27
18 53 31
18 54 51
18 55 11
18 56 52
18 57 59
18 59 97
18 60 98
18 61 22
18 70 81
18 72 66
18 74 38
18 79 52
18 80 50
18 81 39
18 84 15
18 85 24
18 86 61
18 88 53
18 89 10
18 90 73
18 91 31
18 96 53
18 98 61
19 20 31
19 22 77
19 26 36
19 27 1
19 29 43
19 30 75
19 32 88
19 34 62
19 36 64
19 37 65
19 40 75
19 47 51
19 50 6
19 52 28
19 54 98
19 55 71
19 62 42
19 70 79
19 73 82
19 74 24
19 75 26
19 78 98
19 85 83
19 88 15
19 89 18
19 91 83
19 94 88
19 95 69
19 97 48
19 98 27
19 100 40
20 23 44
20 24 32
20 26 14
20 27 57
20 29 38
20 31 30
20 32 88
20 33 16
20 34 88
20 37 11
20 38 10
20 39 36
20 40 25
20 41 6
20 42 3
20 46 21
20 49 80
20 51 90
20 53 73
20 54 78
20 55 11
20 63 99
20 65 90
20 67 52
20 73 52
20 76 74
20 79 20
20 82 14
20 90 21
20 99 43
21 22 71
21 23 90
21 27 6
21 28 31
21 29 40
21 44 85
21 46 85
21 53 34
21 56 81
21 57 31
21 62 89
21 68 28
21 69 85
21 71 21
21 75 32
21 76 61
21 77 50
21 80 21
21 82 67
21 83 26
21 86 74
21 87 12
21 90 70
21 91 16
21 94 59
21 96 17
21 97 19
21 98 38
21 99 54
21 100 55
22 23 54
22 24 40
22 27 23
22 29 62
22 31 46
22 32 47
22 34 75
22 35 52
22 36 78
22 40 20
22 41 64
22 43 53
22 44 10
22 45 70
22 49 1
22 59 38
22 65 12
22 66 80
22 68 25
22 75 60
22 77 14
22 79 55
22 80 10
22 83 62
22 84 65
22 97 4
22 99 1
23 24 60
23 27 48
23 34 52
23 35 49
23 36 10
23 44 80
23 48 64
23 49 22
23 54 34
23 55 80
23 57 88
23 62 48
23 63 45
23 73 79
23 74 48
23 75 38
23 76 97
23 78 87
23 81 85
23 84 35
23 86 75
23 87 33
23 88 77
23 94 28
23 95 24
23 97 44
23 98 15
23 99 22
23 100 28
24 30 100
24 32 92
24 35 42
24 38 99
24 39 39
24 40 17
24 41 33
24 42 93
24 44 56
24 48 17
24 51 40
24 55 5
24 56 34
24 60 89
24 61 74
24 62 7
24 69 76
24 73 49
24 83 98
24 84 40
24 85 80
24 86 1
24 88 49
24 89 92
24 90 31
24 91 84
24 92 34
24 93 45
25 26 42
25 29 73
25 30 40
25 33 76
25 34 54
25 37 85
25 39 59
25 40 36
25 41 10
25 45 68
25 46 29
25 47 36
25 48 89
25 51 15
25 53 65
25 54 61
25 59 43
25 60 51
25 63 87
25 68 46
25 69 45
25 70 92
25 74 9
25 75 6
25 76 9
25 78 44
25 80 57
25 84 55
25 86 92
25 88 29
25 89 13
25 93 23
25 96 9
25 98 70
26 29 81
26 30 34
26 31 45
26 32 66
26 34 7
26 35 56
26 36 89
26 39 45
26 40 54
26 41 34
26 44 25
26 46 2
26 47 55
26 49 47
26 51 89
26 52 28
26 53 71
26 56 19
26 61 87
26 63 26
26 65 3
26 66 16
26 67 12
26 69 58
26 73 40
26 74 84
26 75 3
26 79 8
26 80 41
26 81 67
26 83 5
26 85 23
26 87 3
26 91 41
26 94 79
26 98 37
27 32 52
27 37 68
27 40 14
27 45 22
27 46 83
27 48 10
27 51 53
27 52 87
27 54 47
27 55 20
27 57 6
27 58 81
27 60 51
27 62 25
27 66 46
27 70 68
27 71 20
27 72 10
27 78 62
27 80 46
27 81 86
27 84 46
27 87 20
27 88 74
27 95 28
27 96 4
27 99 25
28 36 26
28 39 31
28 41 66
28 43 95
28 45 46
28 46 74
28 47 8
28 49 4
28 50 85
28 51 21
28 52 93
28 54 25
28 57 72
28 62 74
28 63 84
28 64 57
28 68 32
28 71 15
28 74 100
28 75 71
28 76 7
28 78 13
28 79 55
28 87 46
28 89 54
28 90 19
28 91 29
28 95 69
28 97 58
29 32 72
29 33 33
29 36 34
29 39 28
29 41 41
29 45 13
29 54 12
29 55 45
29 57 37
29 60 34
29 65 98
29 66 91
29 68 45
29 69 98
29 71 80
29 73 71
29 87 19
29 88 68
29 90 70
29 94 63
29 95 11
29 98 88
29 100 86
30 36 80
30 40 79
30 41 84
30 42 75
30 43 25
30 45 62
30 47 91
30 56 23
30 57 72
30 60 97
30 61 76
30 65 63
30 67 34
30 68 98
30 73 42
30 79 51
30 80 46
30 82 32
30 83 29
30 85 6
30 88 75
30 89 97
30 91 19
30 93 85
30 94 87
30 97 42
30 98 20
31 32 78
31 34 30
31 35 27
31 36 79
31 37 49
31 41 3
31 42 25
31 44 92
31 46 94
31 47 40
31 55 66
31 57 47
31 58 62
31 60 74
31 61 60
31 66 39
31 68 6
31 69 49
31 74 32
31 75 13
31 77 75
31 78 5
31 79 18
31 82 1
31 87 79
31 89 84
31 92 92
31 96 82
31 97 29
31 98 37
32 41 85
32 45 1
32 51 64
32 52 20
32 55 35
32 56 11
32 60 4
32 61 66
32 62 37
32 63 63
32 64 10
32 66 17
32 74 69
32 87 50
32 88 42
32 92 64
32 95 22
32 98 17
33 40 85
33 49 62
33 50 80
33 54 64
33 57 91
33 62 36
33 66 48
33 72 6
33 73 83
33 74 54
33 78 7
33 80 34
33 81 25
33 84 41
33 90 49
33 96 87
33 97 2
33 99 1
34 37 8
34 38 30
34 39 35
34 42 59
34 44 3
34 45 43
34 49 72
34 50 38
34 53 9
34 57 48
34 59 2
34 60 21
34 61 20
34 62 70
34 66 72
34 69 49
34 72 70
34 74 27
34 77 7
34 78 21
34 82 51
34 85 78
34 87 29
34 88 86
34 89 46
34 93 39
34 95 13
34 96 92
34 98 4
34 99 12
35 36 53
35 39 65
35 40 37
35 42 58
35 46 62
35 47 84
35 48 2
35 49 14
35 54 71
35 58 92
35 59 80
35 61 85
35 68 94
35 73 32
35 76 35
35 78 21
35 80 18
35 82 21
35 84 24
35 89 87
35 92 29
35 93 68
35 95 90
35 100 71
36 37 98
36 38 23
36 39 3
36 40 70
36 41 14
36 42 13
36 43 40
36 45 59
36 47 75
36 52 87
36 53 54
36 56 68
36 58 35
36 60 29
36 61 62
36 62 66
36 65 30
36 67 3
36 68 3
36 70 44
36 71 87
36 72 31
36 73 91
36 76 67
36 78 22
36 84 84
36 85 46
36 87 8
36 90 58
36 95 14
36 97 93
37 42 92
37 43 20
37 44 64
37 45 79
37 46 61
37 48 5
37 50 61
37 56 100
37 57 99
37 63 87
37 64 47
37 67 67
37 72 74
37 73 2
37 78 85
37 80 33
37 84 85
37 85 53
37 86 8
37 90 14
37 97 96
37 99 10
38 41 54
38 50 14
38 52 72
38 53 93
38 56 26
38 62 51
38 65 53
38 68 4
38 69 51
38 70 45
38 71 91
38 75 3
38 78 69
38 80 36
38 82 43
38 85 44
38 89 40
38 91 25
38 92 24
38 93 87
38 95 45
38 96 84
38 100 29
39 40 2
39 42 67
39 44 18
39 45 35
39 46 87
39 47 42
39 48 28
39 51 73
39 52 73
39 57 7
39 60 22
39 63 39
39 69 7
39 71 21
39 75 94
39 76 95
39 78 83
39 81 32
39 82 44
39 93 17
39 95 26
39 97 93
39 100 42
40 43 16
40 45 94
40 49 7
40 50 95
40 51 84
40 52 99
40 54 37
40 55 79
40 61 51
40 65 29
40 68 85
40 69 95
40 71 3
40 74 27
40 75 88
40 76 72
40 78 72
40 79 23
40 81 30
40 82 17
40 84 59
40 85 78
40 86 82
40 90 58
40 94 56
40 95 81
40 96 5
41 44 55
41 49 39
41 50 4
41 55 84
41 58 75
41 59 58
41 61 86
41 69 5
41 70 55
41 71 59
41 76 2
41 82 58
41 83 77
41 84 63
41 85 31
41 86 9
41 87 46
41 88 96
41 90 98
41 91 88
41 97 35
41 99 72
41 100 33
42 45 43
42 46 88
42 48 91
42 52 75
42 62 43
42 63 69
42 66 85
42 70 4
42 71 87
42 73 94
42 74 82
42 77 44
42 79 78
42 82 65
42 85 71
42 87 64
42 92 12
43 44 48
43 50 26
43 51 16
43 57 29
43 61 98
43 64 63
43 65 71
43 66 64
43 72 7
43 79 17
43 80 50
43 84 24
43 86 6
43 88 47
43 89 26
43 91 45
43 93 88
43 94 27
43 95 48
43 96 16
43 97 83
43 100 65
44 46 1
44 52 9
44 55 21
44 60 78
44 61 17
44 62 77
44 63 52
44 65 35
44 66 94
44 67 86
44 68 100
44 72 48
44 73 98
44 76 38
44 77 76
44 79 69
44 83 37
44 85 80
44 87 43
44 88 4
44 90 27
44 91 1
44 93 97
44 95 51
44 100 24
45 51 36
45 57 82
45 62 70
45 68 19
45 72 93
45 74 45
45 76 36
45 84 17
45 86 24
45 88 18
45 91 75
45 93 23
45 97 23
45 99 42
46 47 13
46 48 65
46 49 65
46 51 40
46 52 87
46 55 78
46 56 39
46 58 52
46 61 90
46 64 93
46 65 98
46 68 10
46 69 78
46 75 93
46 78 1
46 79 41
46 83 14
46 84 13
46 85 60
46 89 35
46 90 49
46 92 41
46 96 48
46 99 44
47 49 64
47 50 25
47 53 43
47 57 70
47 59 94
47 60 18
47 61 69
47 69 4
47 70 13
47 71 14
47 72 27
47 75 36
47 77 6
47 81 92
47 84 82
47 88 4
47 90 68
47 95 21
47 96 62
47 98 87
48 50 39
48 51 26
48 52 23
48 54 68
48 61 72
48 65 13
48 67 18
48 68 83
48 69 98
48 70 38
48 76 48
48 79 15
48 82 77
48 83 62
48 85 50
48 87 86
48 93 54
48 95 51
48 97 100
48 98 93
49 53 62
49 58 94
49 59 55
49 62 88
49 65 86
49 66 83
49 68 3
49 72 41
49 74 90
49 75 47
49 77 88
49 78 4
49 85 57
49 89 88
49 92 71
49 95 10
50 51 67
50 56 60
50 60 36
50 69 39
50 71 41
50 72 79
50 77 24
50 79 67
50 84 54
50 86 34
50 87 96
50 88 18
50 89 90
50 90 76
50 91 1
50 97 21
50 99 87
51 53 99
51 55 44
51 56 65
51 59 50
51 62 25
51 66 39
51 71 99
51 72 67
51 78 20
51 81 81
51 83 79
51 84 29
51 86 5
51 88 49
51 89 10
51 94 95
51 97 39
51 98 38
51 99 93
52 53 34
52 54 94
52 56 68
52 58 76
52 62 30
52 67 12
52 72 87
52 74 10
52 75 41
52 78 66
52 79 41
52 82 85
52 84 54
52 86 27
52 88 64
52 89 5
52 93 45
52 95 5
52 97 54
52 98 52
52 99 4
53 57 1
53 65 52
53 68 28
53 71 6
53 73 52
53 74 53
53 76 14
53 79 81
53 80 16
53 82 32
53 83 43
53 86 24
53 88 40
53 91 74
53 92 20
53 94 90
53 95 65
53 96 2
53 99 71
54 55 83
54 59 81
54 60 88
54 63 7
54 64 82
54 68 31
54 73 65
54 75 64
54 76 85
54 80 4
54 84 72
54 86 2
54 88 97
54 91 12
54 95 6
54 97 73
54 100 72
55 56 71
55 57 79
55 58 6
55 59 15
55 62 59
55 67 51
55 68 11
55 69 72
55 73 4
55 74 31
55 75 97
55 77 74
55 78 9
55 79 27
55 82 38
55 84 32
55 85 5
55 89 65
55 93 2
55 94 74
55 98 53
56 57 53
56 58 86
56 59 28
56 61 97
56 62 75
56 63 59
56 64 51
56 65 79
56 67 8
56 72 76
56 73 22
56 74 86
56 81 98
56 86 37
56 91 15
56 92 10
56 94 72
56 96 71
56 97 28
56 98 41
57 59 47
57 60 51
57 61 13
57 62 8
57 63 68
57 68 91
57 71 58
57 74 39
57 76 71
57 77 1
57 79 8
57 81 83
57 82 14
57 86 74
57 87 7
57 91 97
57 99 8
57 100 40
58 59 60
58 61 61
58 65 20
58 69 62
58 70 54
58 72 76
58 73 22
58 75 6
58 77 86
58 78 87
58 82 38
58 83 95
58 85 17
58 89 26
58 92 81
58 95 3
58 97 9
58 98 66
58 100 79
59 61 21
59 64 19
59 67 23
59 68 9
59 70 65
59 72 44
59 73 44
59 74 26
59 75 4
59 76 23
59 79 94
59 80 85
59 95 29
59 97 40
60 63 29
60 67 39
60 69 68
60 70 49
60 76 57
60 78 95
60 81 55
60 82 79
60 85 86
60 86 96
60 88 69
60 89 3
60 90 62
60 91 88
60 92 32
60 94 61
60 97 75
61 64 31
61 65 96
61 67 41
61 68 98
61 69 6
61 75 88
61 76 89
61 77 68
61 78 80
61 81 80
61 90 97
61 94 14
61 97 37
62 64 25
62 67 77
62 68 77
62 69 44
62 72 98
62 74 94
62 78 89
62 84 75
62 87 10
62 88 19
62 89 1
62 91 14
62 93 88
62 95 80
62 97 55
62 98 4
62 99 7
62 100 1
63 64 7
63 68 38
63 69 5
63 70 72
63 73 6
63 74 18
63 75 39
63 77 41
63 78 13
63 80 66
63 83 92
63 84 6
63 85 87
63 93 63
63 94 17
63 96 93
63 97 29
63 100 94
64 65 75
64 68 53
64 71 78
64 72 80
64 77 61
64 81 95
64 86 43
64 89 21
64 90 77
64 92 87
64 94 73
64 97 29
64 98 95
65 68 66
65 70 46
65 71 19
65 75 11
65 76 8
65 77 64
65 78 71
65 80 74
65 81 20
65 86 5
65 89 75
65 90 45
65 92 17
65 94 18
65 95 26
65 98 88
65 99 23
66 68 11
66 70 92
66 71 59
66 72 41
66 73 26
66 74 100
66 75 14
66 76 83
66 85 10
66 86 92
66 87 43
66 88 2
66 92 2
66 93 65
66 95 3
67 69 31
67 70 63
67 71 89
67 75 21
67 76 15
67 82 78
67 83 100
67 88 50
67 90 46
67 91 4
67 93 85
67 98 88
68 70 77
68 72 97
68 74 12
68 77 73
68 79 100
68 83 95
68 84 47
68 85 58
68 88 100
68 89 1
68 92 94
68 94 82
68 98 77
69 70 100
69 71 43
69 72 2
69 77 10
69 78 77
69 84 51
69 85 15
69 88 98
69 93 34
69 94 32
69 95 82
69 97 7
70 71 1
70 72 31
70 74 48
70 77 9
70 80 48
70 81 31
70 82 84
70 89 85
70 90 39
70 94 97
70 98 43
70 100 100
71 72 42
71 74 24
71 76 17
71 78 10
71 79 15
71 80 54
71 86 30
71 90 22
71 91 98
71 92 76
71 94 26
71 96 6
71 97 49
71 99 53
72 74 35
72 75 76
72 76 7
72 77 81
72 78 73
72 82 80
72 83 43
72 87 96
72 88 98
72 92 21
72 93 44
73 74 70
73 76 86
73 81 76
73 84 62
73 86 58
73 88 21
73 90 30
73 92 4
73 94 41
73 96 39
73 98 30
73 99 90
73 100 13
74 75 76
74 78 22
74 79 52
74 83 41
74 90 56
74 92 100
74 93 37
74 94 100
74 96 50
74 97 4
74 98 81
74 99 64
74 100 47
75 76 25
75 77 14
75 82 29
75 85 11
75 88 67
75 91 67
75 92 91
75 93 19
75 96 42
75 98 74
76 77 63
76 82 98
76 83 9
76 88 29
76 90 63
76 93 29
76 97 87
77 79 51
77 82 10
77 83 53
77 87 55
77 88 56
77 91 48
77 93 18
77 96 21
77 97 25
78 80 26
78 83 85
78 84 89
78 86 90
78 90 77
78 93 28
78 95 84
78 98 41
78 99 48
79 80 20
79 81 20
79 82 14
79 83 65
79 84 90
79 86 3
79 89 42
79 94 62
79 95 32
79 96 96
80 84 91
80 85 88
80 87 14
80 94 78
80 95 24
80 96 28
80 100 50
81 84 83
81 85 63
81 88 17
81 93 91
81 96 27
81 97 6
82 86 20
82 90 37
82 93 73
82 95 2
82 98 41
82 100 97
83 84 53
83 98 79
83 99 29
83 100 65
84 89 61
84 91 30
84 92 63
84 96 69
84 98 86
85 88 86
85 90 89
85 91 47
85 92 62
85 94 21
85 95 14
85 96 64
85 97 80
85 98 55
86 88 16
86 92 58
86 93 69
86 96 99
87 88 40
87 89 54
87 90 92
87 91 92
87 94 59
87 95 17
87 96 53
87 98 63
87 99 38
88 91 29
88 95 94
88 96 83
88 97 87
88 100 27
89 90 57
89 94 9
89 96 30
90 91 60
90 92 79
90 94 67
90 95 46
90 99 34
90 100 99
91 93 32
91 97 98
91 99 18
92 94 27
92 99 21
93 97 94
93 98 18
94 96 80
94 97 22
94 99 14
94 100 63
95 96 31
95 97 22
95 99 54
95 100 90
97 100 53
98 99 21
98 100 28
1 3 78
1 5 49
1 7 23
1 8 82
1 10 53
1 11 19
1 13 84
1 15 38
1 16 22
1 20 61
1 21 47
1 22 98
1 23 68
1 27 50
1 28 19
1 31 56
1 33 56
1 37 36
1 38 18
1 42 88
1 44 94
1 51 91
1 54 93
1 57 49
1 60 60
1 62 32
1 63 33
1 69 35
1 72 45
1 73 92
1 76 47
1 77 57
1 85 18
1 86 96
1 87 85
1 90 90
1 91 29
1 92 97
1 97 7
1 98 41
1 100 11
2 3 46
2 4 59
2 7 96
2 12 61
2 13 19
2 21 77
2 22 44
2 33 63
2 36 16
2 38 55
2 39 35
2 40 90
2 44 37
2 45 70
2 50 69
2 54 4
2 55 84
2 56 35
2 60 2
2 61 47
2 64 30
2 65 16
2 66 64
2 67 91
2 70 21
2 71 54
2 74 54
2 79 46
2 80 88
2 83 88
2 84 19
2 86 27
2 87 56
2 90 94
2 91 96
2 92 41
2 96 48
2 98 38
2 99 77
3 4 6
3 6 10
3 8 24
3 15 100
3 17 7
3 18 44
3 23 81
3 26 38
3 31 44
3 32 84
3 33 85
3 35 87
3 39 57
3 41 64
3 47 41
3 48 9
3 63 58
3 67 40
3 69 50
3 70 96
3 71 57
3 74 44
3 77 88
3 80 91
3 81 80
3 84 80
3 87 69
3 90 21
3 93 21
3 94 75
3 95 27
3 96 85
3 98 38
4 5 47
4 7 36
4 11 11
4 12 65
4 13 56
4 14 46
4 16 53
4 19 13
4 26 90
4 32 50
4 34 50
4 39 55
4 40 6
4 42 11
4 43 52
4 44 58
4 45 55
4 47 80
4 50 78
4 52 49
4 56 48
4 60 72
4 61 80
4 64 96
4 66 35
4 68 32
4 69 39
4 74 6
4 77 1
4 83 12
4 84 66
4 85 78
4 88 41
4 89 87
4 90 19
4 91 61
4 93 31
4 99 24
5 8 13
5 12 39
5 16 77
5 17 83
5 18 60
5 19 71
5 23 48
5 26 3
5 30 86
5 32 83
5 33 25
5 34 74
5 35 54
5 37 9
5 44 90
5 46 54
5 53 83
5 54 88
5 55 8
5 58 4
5 60 65
5 65 20
5 67 27
5 68 64
5 69 21
5 74 90
5 75 71
5 79 17
5 80 71
5 83 21
5 84 42
5 85 29
5 86 54
5 89 31
5 91 3
5 94 18
5 96 57
5 97 16
5 100 96
6 7 8
6 9 86
6 10 68
6 16 18
6 20 64
6 24 74
6 31 28
6 33 50
6 37 64
6 39 30
6 41 99
6 42 76
6 46 11
6 47 78
6 53 37
6 55 67
6 56 69
6 66 20
6 67 95
6 71 5
6 72 55
6 74 15
6 76 53
6 78 76
6 79 64
6 80 76
6 82 23
6 83 1
6 84 38
6 86 21
6 87 90
6 88 26
6 92 91
6 93 12
6 95 54
6 98 15
6 99 23
6 100 46
7 9 100
7 10 5
7 11 68
7 13 33
7 15 30
7 17 88
7 25 70
7 30 87
7 32 95
7 33 93
7 35 39
7 37 49
7 38 56
7 40 72
7 41 55
7 42 85
7 43 37
7 45 65
7 46 86
7 49 81
7 51 71
7 56 85
7 57 46
7 59 27
7 60 1
7 62 84
7 65 25
7 72 45
7 77 38
7 80 85
7 87 63
7 89 48
7 93 89
7 96 47
7 97 63
7 98 59
7 99 17
7 100 84
8 10 62
8 12 65
8 14 65
8 15 71
8 19 57
8 20 74
8 22 82
8 23 3
8 26 82
8 33 71
8 34 15
8 37 92
8 38 40
8 39 31
8 41 85
8 42 7
8 43 99
8 44 73
8 45 30
8 46 35
8 50 5
8 52 12
8 56 25
8 58 1
8 59 2
8 60 92
8 63 26
8 69 4
8 80 38
8 83 79
8 84 34
8 87 8
8 88 96
8 93 20
8 98 26
9 14 60
9 15 15
9 17 42
9 18 72
9 20 3
9 21 18
9 28 81
9 29 90
9 30 89
9 32 84
9 34 52
9 36 62
9 41 95
9 42 30
9 46 80
9 53 91
9 54 74
9 55 96
9 58 90
9 59 22
9 60 99
9 61 17
9 62 6
9 66 43
9 67 48
9 68 42
9 70 86
9 72 97
9 76 54
9 80 90
9 81 72
9 82 26
9 83 94
9 84 98
9 89 28
9 90 55
9 92 96
9 96 75
9 97 72
9 99 47
9 100 1
10 11 91
10 14 16
10 15 89
10 17 75
10 23 56
10 29 69
10 31 94
10 32 84
10 33 86
10 34 29
10 43 52
10 47 90
10 49 55
10 53 53
10 55 33
10 58 70
10 67 12
10 69 18
10 70 15
10 71 19
10 76 63
10 82 36
10 83 45
10 85 2
10 86 93
10 87 87
10 90 55
10 92 78
10 95 57
10 98 10
10 99 11
11 13 26
11 14 71
11 16 15
11 17 12
11 20 46
11 21 28
11 23 26
11 25 95
11 32 63
11 34 1
11 36 56
11 39 22
11 45 30
11 46 70
11 50 70
11 54 68
11 55 24
11 58 31
11 59 18
11 63 26
11 64 77
11 69 64
11 70 19
11 72 58
11 74 94
11 75 88
11 77 17
11 78 20
11 79 49
11 80 80
11 84 22
11 86 62
11 87 44
11 92 89
11 95 71
11 97 59
11 98 5
12 13 24
12 17 76
12 19 83
12 22 8
12 23 36
12 33 58
12 34 64
12 35 99
12 38 61
12 39 78
12 42 21
12 43 83
12 44 5
12 46 30
12 47 92
12 49 86
12 51 79
12 52 85
12 60 75
12 63 65
12 67 14
12 70 91
12 72 83
12 73 63
12 77 53
12 80 53
12 86 73
12 90 46
13 14 24
13 17 82
13 20 76
13 22 57
13 25 31
13 28 99
13 29 8
13 38 37
13 43 26
13 47 38
13 49 42
13 51 64
13 54 58
13 55 9
13 56 4
13 58 10
13 60 43
13 61 97
13 64 56
13 65 6
13 67 2
13 71 41
13 73 51
13 77 79
13 79 62
13 82 90
13 91 28
13 92 75
13 96 23
13 98 5
13 99 95
14 16 2
14 19 10
14 21 49
14 28 35
14 30 45
14 32 69
14 33 34
14 34 67
14 36 2
14 39 70
14 41 62
14 44 63
14 45 72
14 46 9
14 47 37
14 49 90
14 51 65
14 54 10
14 56 27
14 64 22
14 65 65
14 69 42
14 70 47
14 72 63
14 74 4
14 79 80
14 80 87
14 81 22
14 82 95
14 85 29
14 86 64
14 90 6
14 96 50
14 99 33
14 100 68
15 17 67
15 18 65
15 20 16
15 24 62
15 25 85
15 27 87
15 30 20
15 32 38
15 33 69
15 35 30
15 39 98
15 42 14
15 45 4
15 46 82
15 47 76
15 49 16
15 50 97
15 51 6
15 55 13
15 56 61
15 59 56
15 61 7
15 66 19
15 68 14
15 70 91
15 71 74
15 72 35
15 73 79
15 76 69
15 81 4
15 82 42
15 84 53
15 89 48
15 91 89
15 92 91
15 93 45
15 95 32
15 96 9
15 99 40
16 17 39
16 18 31
16 20 22
16 25 29
16 26 91
16 27 45
16 31 2
16 34 100
16 35 55
16 36 49
16 40 38
16 48 33
16 50 81
16 52 66
16 54 14
16 56 18
16 57 5
16 59 61
16 61 14
16 62 59
16 72 29
16 74 48
16 75 58
16 79 26
16 80 63
16 81 3
16 82 95
16 87 66
16 89 24
16 90 61
16 91 34
16 97 89
17 18 79
17 20 88
17 23 60
17 24 50
17 32 76
17 33 18
17 34 79
17 41 62
17 42 22
17 46 74
17 52 80
17 53 24
17 57 45
17 58 31
17 62 12
17 65 20
17 68 56
17 69 17
