100 4456 1
1 2 18
1 6 4
1 7 93
1 8 57
1 15 34
1 18 92
1 20 73
1 21 5
1 22 11
1 25 84
1 27 82
1 30 61
1 32 44
1 36 6
1 37 32
1 39 80
1 40 46
1 42 4
1 47 19
1 48 24
1 49 78
1 52 53
1 53 52
1 54 52
1 56 27
1 58 55
1 59 87
1 60 27
1 62 87
1 63 39
1 68 49
1 70 9
1 71 43
1 73 32
1 74 63
1 77 9
1 78 94
1 81 53
1 86 89
1 91 6
1 95 26
1 97 14
1 98 94
1 100 78
2 3 29
2 4 11
2 9 40
2 10 6
2 11 82
2 12 47
2 13 67
2 15 44
2 16 43
2 19 87
2 24 3
2 25 52
2 35 81
2 36 98
2 38 94
2 44 85
2 47 60
2 48 86
2 50 100
2 51 4
2 53 63
2 54 21
2 55 92
2 57 55
2 58 87
2 59 42
2 62 24
2 64 83
2 66 92
2 67 93
2 69 1
2 73 43
2 74 87
2 77 74
2 78 40
2 80 80
2 87 45
2 91 89
2 93 17
2 94 65
2 95 59
2 100 17
3 9 88
3 20 30
3 22 95
3 23 57
3 25 20
3 26 74
3 27 38
3 32 46
3 33 31
3 34 82
3 35 27
3 40 11
3 43 8
3 45 71
3 46 61
3 47 9
3 49 37
3 50 12
3 51 49
3 60 67
3 64 64
3 68 84
3 69 43
3 70 90
3 73 35
3 74 67
3 75 78
3 79 71
3 80 78
3 82 89
3 89 66
3 91 28
3 94 92
3 98 10
3 99 16
4 9 50
4 12 56
4 15 10
4 16 99
4 18 78
4 19 72
4 21 98
4 22 94
4 23 76
4 27 47
4 28 5
4 31 39
4 33 48
4 35 88
4 39 14
4 41 63
4 43 87
4 44 13
4 51 30
4 56 85
4 64 19
4 66 21
4 71 36
4 75 14
4 80 51
4 81 73
4 82 44
4 84 91
4 86 59
4 87 97
4 88 32
4 90 28
4 91 16
4 92 44
4 93 96
4 95 68
5 7 45
5 10 75
5 12 16
5 13 10
5 14 12
5 15 87
5 16 48
5 22 90
5 24 15
5 27 50
5 29 92
5 31 87
5 34 87
5 36 46
5 37 12
5 38 37
5 40 90
5 41 41
5 43 82
5 45 71
5 46 75
5 47 31
5 57 98
5 59 71
5 63 20
5 67 49
5 70 15
5 71 12
5 73 55
5 82 59
5 83 97
5 85 13
5 86 73
5 88 40
5 95 31
5 97 56
6 7 98
6 18 30
6 19 35
6 20 74
6 22 27
6 24 78
6 26 93
6 28 9
6 30 71
6 38 46
6 39 74
6 41 87
6 43 54
6 44 98
6 47 69
6 49 17
6 51 56
6 54 41
6 59 11
6 60 99
6 63 10
6 64 94
6 65 29
6 66 61
6 67 26
6 70 93
6 72 29
6 73 46
6 74 70
6 80 77
6 81 9
6 86 21
6 90 54
6 93 80
6 94 95
7 11 36
7 12 70
7 13 20
7 18 69
7 19 3
7 22 80
7 23 28
7 24 36
7 28 57
7 30 92
7 31 97
7 34 40
7 36 26
7 37 38
7 42 63
7 43 1
7 45 35
7 48 34
7 53 49
7 55 82
7 57 82
7 59 13
7 60 41
7 61 87
7 65 35
7 67 94
7 68 68
7 69 31
7 71 63
7 73 50
7 77 11
7 78 43
7 79 79
7 80 48
7 81 18
7 83 8
7 87 3
7 90 83
7 92 28
7 99 80
8 9 85
8 13 38
8 14 56
8 18 54
8 21 83
8 22 62
8 23 91
8 25 83
8 26 3
8 27 6
8 29 35
8 30 87
8 31 97
8 32 90
8 35 100
8 36 85
8 38 8
8 39 43
8 41 52
8 42 5
8 43 73
8 44 5
8 47 30
8 49 68
8 50 91
8 51 18
8 55 69
8 58 29
8 59 62
8 60 61
8 63 27
8 64 2
8 65 61
8 66 27
8 67 69
8 68 1
8 73 12
8 77 93
8 78 6
8 85 47
8 87 41
8 91 87
8 92 64
8 93 54
8 94 72
8 97 69
9 13 95
9 16 75
9 17 21
9 18 35
9 19 50
9 20 26
9 26 79
9 28 81
9 30 99
9 33 54
9 34 57
9 38 68
9 40 20
9 41 15
9 42 11
9 43 83
9 44 59
9 45 87
9 49 15
9 50 28
9 52 99
9 58 27
9 62 74
9 66 37
9 67 42
9 69 36
9 76 31
9 79 36
9 80 51
9 84 50
9 86 46
9 89 43
9 92 58
9 93 28
9 98 95
9 100 46
10 12 78
10 15 1
10 17 3
10 21 69
10 26 68
10 27 16
10 29 96
10 30 46
10 31 38
10 32 71
10 34 60
10 36 10
10 39 91
10 40 22
10 41 78
10 44 13
10 45 77
10 51 23
10 53 38
10 55 17
10 60 42
10 61 58
10 63 29
10 65 59
10 66 28
10 67 28
10 69 77
10 73 62
10 74 49
10 76 56
10 77 41
10 78 92
10 82 46
10 86 11
10 88 6
10 89 53
10 90 1
10 92 13
10 94 46
10 95 22
10 98 2
10 99 79
11 13 78
11 14 73
11 15 95
11 17 11
11 20 44
11 30 4
11 31 87
11 34 30
11 35 43
11 36 55
11 40 69
11 44 40
11 48 75
11 51 66
11 52 5
11 59 15
11 61 8
11 69 26
11 76 95
11 77 29
11 78 76
11 79 99
11 82 52
11 85 36
11 86 38
11 88 41
11 91 11
11 93 8
11 98 6
12 16 92
12 19 89
12 28 6
12 29 30
12 30 54
12 32 100
12 34 54
12 36 9
12 46 69
12 51 28
12 52 40
12 53 58
12 55 27
12 56 90
12 57 100
12 58 25
12 60 91
12 63 79
12 70 15
12 85 90
12 93 70
12 97 92
12 100 60
13 15 91
13 20 1
13 21 88
13 26 50
13 30 97
13 31 47
13 32 67
13 39 46
13 40 93
13 42 65
13 43 74
13 44 39
13 45 33
13 49 92
13 52 32
13 54 90
13 55 93
13 56 23
13 57 71
13 58 62
13 59 22
13 61 28
13 69 25
13 71 17
13 74 96
13 78 96
13 81 14
13 86 95
13 91 26
13 94 30
13 95 69
13 100 46
14 21 74
14 25 67
14 30 53
14 34 84
14 35 58
14 36 56
14 37 100
14 39 80
14 43 99
14 45 69
14 53 63
14 56 33
14 58 9
14 60 62
14 62 87
14 63 29
14 64 61
14 66 49
14 67 18
14 68 89
14 72 51
14 73 43
14 75 76
14 76 96
14 78 25
14 79 15
14 81 91
14 83 44
14 85 50
14 87 91
14 93 83
14 94 55
14 96 75
14 98 19
14 99 53
15 18 10
15 20 51
15 22 37
15 26 20
15 27 83
15 28 11
15 31 68
15 33 25
15 35 77
15 36 24
15 45 83
15 46 38
15 47 62
15 50 32
15 53 40
15 56 44
15 59 77
15 60 80
15 61 75
15 63 95
15 64 44
15 66 39
15 69 39
15 71 7
15 72 68
15 73 89
15 74 27
15 78 82
15 85 33
15 92 97
15 93 82
15 96 37
15 97 28
15 98 45
15 99 46
15 100 6
16 19 62
16 23 69
16 24 41
16 31 51
16 34 72
16 39 6
16 44 86
16 46 37
16 49 43
16 68 96
16 70 40
16 76 32
16 83 25
16 85 36
16 87 75
16 88 62
16 98 93
16 99 98
16 100 94
17 19 54
17 21 89
17 24 1
17 26 97
17 28 99
17 30 5
17 34 47
17 36 89
17 39 38
17 40 82
17 45 60
17 48 15
17 50 10
17 51 64
17 54 81
17 57 91
17 58 31
17 59 11
17 60 71
17 67 61
17 68 92
17 70 54
17 72 14
17 73 65
17 74 93
17 77 14
17 83 29
17 87 87
17 89 45
17 95 71
18 20 91
18 24 26
18 25 61
18 26 3
18 27 90
18 31 6
18 34 92
18 35 28
18 36 45
18 39 11
18 41 3
18 44 40
18 48 92
18 54 1
18 55 14
18 56 57
18 58 46
18 64 61
18 71 33
18 72 71
18 78 35
18 79 35
18 84 27
18 85 21
18 86 30
18 90 58
18 96 44
18 100 22
19 21 63
19 28 26
19 33 67
19 34 5
19 36 50
19 37 27
19 39 86
19 48 56
19 53 4
19 54 85
19 55 35
19 58 35
19 60 82
19 64 10
19 67 37
19 68 36
19 70 53
19 72 62
19 75 96
19 76 46
19 78 56
19 83 72
19 85 83
19 86 25
19 87 36
19 88 90
19 90 37
19 91 7
19 97 11
19 98 82
20 22 64
20 23 40
20 25 88
20 27 28
20 28 86
20 30 70
20 31 57
20 32 92
20 37 58
20 39 60
20 40 74
20 42 61
20 44 48
20 53 26
20 55 42
20 56 55
20 57 20
20 63 10
20 66 66
20 67 40
20 68 79
20 69 92
20 74 4
20 75 49
20 76 70
20 83 8
20 84 89
20 85 88
20 87 55
20 92 31
20 99 48
21 23 75
21 27 82
21 28 99
21 30 85
21 32 24
21 38 82
21 39 55
21 42 1
21 43 33
21 47 47
21 53 50
21 54 13
21 56 65
21 58 44
21 59 39
21 62 14
21 63 45
21 68 26
21 70 79
21 72 52
21 73 87
21 75 58
21 77 21
21 79 9
21 81 81
21 84 98
21 85 47
21 86 47
21 89 20
21 90 66
21 92 12
21 97 38
21 99 99
22 23 2
22 24 68
22 25 34
22 30 14
22 32 77
22 33 69
22 36 95
22 37 63
22 39 55
22 41 8
22 42 83
22 45 86
22 46 55
22 50 81
22 58 84
22 59 85
22 60 59
22 63 51
22 65 86
22 66 85
22 69 45
22 72 23
22 76 37
22 78 64
22 79 98
22 83 41
22 84 20
22 87 54
22 88 61
22 93 32
22 94 79
22 95 6
22 96 80
22 98 34
23 24 37
23 27 58
23 33 93
23 34 66
23 35 54
23 36 73
23 38 61
23 44 25
23 45 63
23 47 13
23 48 42
23 50 37
23 51 70
23 52 26
23 53 3
23 57 5
23 59 78
23 60 37
23 61 19
23 66 60
23 68 86
23 69 33
23 70 20
23 75 15
23 77 51
23 80 29
23 81 80
23 84 82
23 87 55
23 88 60
23 89 88
23 90 66
23 91 67
23 92 80
23 93 66
23 95 7
23 98 93
23 99 8
24 25 79
24 29 75
24 43 57
24 46 64
24 47 35
24 49 96
24 50 26
24 56 3
24 57 20
24 58 78
24 59 88
24 65 15
24 72 46
24 73 72
24 75 2
24 78 89
24 82 100
24 88 79
24 91 94
24 92 32
24 94 28
24 97 22
24 99 67
25 26 10
25 33 83
25 35 64
25 40 94
25 43 7
25 44 79
25 45 5
25 48 68
25 49 73
25 50 93
25 53 95
25 54 23
25 57 26
25 59 7
25 61 90
25 63 49
25 64 11
25 68 77
25 70 7
25 75 49
25 77 61
25 79 30
25 84 13
25 85 6
25 86 93
25 87 82
25 88 62
25 91 3
25 96 4
25 97 82
25 99 43
26 31 89
26 32 82
26 34 8
26 36 79
26 37 12
26 38 47
26 41 90
26 46 29
26 48 12
26 51 75
26 52 51
26 54 65
26 58 65
26 61 92
26 64 73
26 65 88
26 66 44
26 67 62
26 68 22
26 69 12
26 70 60
26 76 12
26 78 64
26 83 1
26 84 20
26 87 55
26 88 15
26 89 24
26 90 14
26 94 36
26 96 57
27 29 76
27 34 9
27 36 2
27 39 7
27 40 11
27 42 8
27 44 45
27 45 41
27 46 20
27 47 22
27 49 11
27 50 89
27 57 66
27 58 95
27 66 17
27 71 45
27 72 97
27 73 35
27 77 32
27 79 23
27 80 26
27 81 40
27 82 56
27 86 68
27 87 90
27 88 12
27 89 74
27 90 64
27 91 51
27 92 45
27 93 26
27 96 70
27 99 94
27 100 80
28 29 77
28 32 76
28 33 14
28 34 9
28 37 35
28 40 82
28 43 64
28 45 3
28 47 1
28 50 77
28 51 68
28 52 85
28 54 25
28 58 74
28 60 54
28 61 37
28 62 84
28 64 6
28 70 69
28 72 85
28 73 68
28 74 22
28 79 8
28 80 29
28 85 10
28 92 66
28 93 85
28 94 31
28 96 12
28 97 96
28 100 78
29 31 36
29 33 43
29 37 19
29 38 75
29 40 80
29 41 75
29 43 3
29 44 75
29 45 42
29 46 41
29 47 48
29 49 80
29 51 69
29 55 90
29 58 9
29 59 81
29 66 71
29 71 5
29 72 10
29 73 24
29 75 57
29 77 96
29 78 64
29 79 54
29 81 13
29 83 78
29 85 16
29 87 69
29 90 42
29 91 91
29 92 84
29 94 16
29 95 66
29 97 90
29 100 51
30 31 23
30 32 52
30 36 36
30 38 93
30 40 49
30 43 70
30 56 56
30 58 5
30 60 69
30 62 2
30 63 34
30 68 22
30 70 93
30 72 44
30 77 8
30 80 69
30 82 74
30 83 22
30 85 88
30 89 99
30 90 28
30 93 98
30 98 32
31 32 81
31 39 76
31 42 51
31 44 1
31 48 24
31 49 35
31 50 42
31 52 51
31 54 27
31 55 47
31 56 14
31 59 46
31 60 12
31 61 96
31 62 61
31 64 57
31 72 96
31 75 90
31 77 13
31 81 57
31 87 33
31 90 73
31 92 17
31 94 51
31 95 48
31 99 73
32 35 83
32 38 57
32 39 58
32 40 8
32 41 63
32 45 82
32 46 43
32 47 64
32 49 32
32 50 78
32 51 51
32 57 49
32 58 100
32 60 67
32 62 86
32 65 3
32 66 20
32 68 76
32 71 59
32 74 21
32 75 26
32 78 73
32 80 11
32 81 13
32 85 61
32 90 12
32 93 91
32 95 14
32 97 70
32 98 44
32 99 13
33 35 6
33 36 11
33 38 64
33 41 92
33 42 6
33 44 80
33 46 68
33 48 74
33 50 18
33 54 81
33 57 4
33 59 32
33 63 31
33 66 17
33 67 51
33 69 30
33 70 29
33 71 38
33 74 6
33 85 7
33 88 20
33 91 7
33 93 85
33 96 21
33 97 11
33 98 63
33 99 11
34 36 59
34 40 85
34 41 74
34 44 17
34 48 32
34 49 60
34 50 36
34 52 37
34 53 100
34 54 13
34 55 79
34 56 35
34 58 65
34 60 46
34 62 94
34 63 25
34 64 75
34 66 77
34 67 21
34 68 20
34 71 59
34 72 81
34 73 54
34 74 2
34 75 71
34 76 73
34 77 16
34 78 58
34 79 84
34 82 38
34 84 67
34 85 87
34 86 63
34 87 50
34 88 13
34 90 59
34 94 94
34 96 8
34 97 68
35 39 14
35 41 96
35 42 58
35 43 98
35 44 9
35 45 36
35 46 79
35 47 50
35 48 54
35 50 94
35 52 63
35 57 96
35 59 74
35 61 64
35 66 86
35 67 33
35 69 36
35 71 96
35 74 73
35 77 88
35 79 18
35 80 95
35 88 75
35 93 12
35 100 76
36 37 23
36 43 21
36 47 90
36 48 48
36 51 45
36 53 86
36 55 20
36 57 72
36 58 100
36 59 63
36 67 32
36 68 76
36 69 67
36 72 40
36 74 66
36 75 27
36 76 12
36 78 73
36 79 49
36 80 35
36 81 35
36 84 19
36 85 42
36 87 16
36 88 58
36 90 6
36 91 41
36 94 73
36 95 87
36 96 89
36 97 26
36 98 69
36 99 44
36 100 33
37 40 68
37 41 18
37 42 98
37 43 40
37 45 91
37 48 38
37 49 88
37 50 30
37 52 33
37 58 66
37 59 45
37 63 40
37 67 91
37 70 72
37 71 77
37 72 44
37 73 97
37 75 61
37 79 82
37 82 48
37 86 1
37 87 99
37 89 49
37 92 46
37 96 13
37 99 48
37 100 22
38 43 69
38 44 67
38 46 6
38 47 82
38 51 12
38 53 14
38 55 74
38 57 88
38 58 5
38 63 50
38 69 53
38 72 93
38 84 36
38 88 11
38 89 57
38 94 39
38 96 60
38 98 17
38 100 84
39 40 14
39 42 8
39 46 1
39 47 84
39 48 14
39 50 78
39 51 59
39 53 19
39 56 98
39 57 55
39 58 67
39 59 84
39 60 84
39 66 71
39 67 97
39 69 87
39 72 23
39 73 38
39 74 54
39 75 94
39 78 40
39 82 13
39 84 29
39 85 87
39 90 12
39 95 48
39 96 61
39 100 52
40 41 89
40 44 52
40 46 97
40 47 68
40 48 4
40 49 62
40 54 90
40 55 96
40 56 85
40 57 91
40 59 37
40 64 70
40 66 7
40 67 58
40 68 42
40 70 11
40 72 87
40 73 73
40 74 3
40 78 96
40 80 100
40 81 35
40 82 15
40 83 81
40 84 17
40 88 13
40 97 26
40 98 6
41 46 88
41 55 64
41 56 57
41 59 97
41 60 72
41 61 71
41 62 1
41 66 27
41 67 10
41 73 85
41 74 36
41 76 70
41 81 9
41 82 71
41 83 77
41 93 25
41 95 18
41 96 88
42 44 39
42 49 41
42 52 83
42 55 99
42 56 11
42 57 54
42 59 89
42 63 82
42 70 41
42 72 36
42 73 94
42 74 83
42 75 3
42 76 84
42 78 99
42 80 46
42 83 57
42 84 51
42 85 3
42 86 96
42 88 27
42 89 79
42 91 19
42 93 1
42 96 41
42 97 51
42 99 63
42 100 92
43 48 99
43 49 43
43 53 57
43 55 4
43 61 13
43 62 39
43 64 51
43 65 94
43 68 56
43 69 94
43 70 76
43 71 95
43 72 48
43 76 41
43 77 75
43 78 21
43 79 91
43 80 75
43 81 72
43 84 18
43 90 45
43 93 27
43 94 13
43 95 79
43 96 19
43 97 91
43 99 38
44 46 75
44 47 64
44 50 8
44 57 63
44 58 71
44 59 29
44 61 92
44 63 45
44 64 36
44 66 93
44 67 57
44 68 65
44 69 35
44 70 31
44 71 27
44 72 79
44 74 41
44 76 40
44 78 38
44 79 31
44 80 41
44 83 63
44 87 86
44 90 36
44 91 94
44 92 22
44 96 11
44 97 14
44 99 6
45 48 76
45 53 14
45 56 76
45 57 14
45 59 31
45 61 46
45 63 27
45 64 40
45 65 28
45 66 88
45 70 46
45 72 85
45 73 53
45 74 7
45 80 79
45 81 93
45 83 70
45 86 8
45 87 60
45 88 90
45 91 76
45 92 25
46 47 40
46 48 58
46 50 14
46 53 98
46 54 73
46 57 61
46 58 43
46 61 83
46 64 12
46 66 24
46 69 67
46 74 99
46 75 17
46 77 89
46 81 70
46 82 73
46 85 7
46 89 23
46 90 92
46 91 13
46 93 51
46 98 66
47 48 64
47 49 25
47 50 57
47 55 78
47 57 53
47 58 41
47 60 35
47 62 74
47 64 44
47 68 18
47 69 34
47 70 44
47 78 72
47 80 43
47 83 4
47 89 9
47 90 80
47 94 63
47 95 63
47 98 13
47 99 82
48 51 93
48 53 84
48 54 85
48 60 4
48 63 75
48 64 31
48 66 88
48 67 34
48 70 81
48 77 18
48 79 85
48 80 41
48 84 44
48 89 17
48 97 43
48 98 35
49 50 74
49 51 17
49 56 81
49 57 76
49 58 95
49 59 6
49 63 13
49 65 60
49 66 32
49 67 39
49 71 17
49 72 3
49 73 12
49 76 14
49 77 28
49 80 14
49 88 53
49 94 99
49 99 85
49 100 93
50 52 31
50 54 50
50 58 26
50 59 22
50 62 6
50 63 22
50 64 20
50 65 31
50 67 77
50 75 16
50 77 44
50 80 9
50 88 36
50 89 61
50 90 64
50 96 78
50 99 35
50 100 53
51 53 60
51 59 74
51 61 33
51 69 37
51 74 17
51 77 55
51 79 48
51 80 48
51 82 84
51 86 11
51 88 88
51 89 86
51 91 31
51 93 56
51 97 76
51 98 71
51 99 69
51 100 32
52 54 97
52 55 75
52 56 7
52 57 40
52 59 64
52 60 14
52 61 83
52 62 10
52 68 73
52 69 81
52 71 59
52 74 51
52 78 50
52 83 71
52 86 78
52 87 67
52 89 50
52 91 84
52 94 71
52 98 50
52 99 28
53 54 76
53 59 17
53 60 88
53 61 86
53 64 56
53 65 8
53 66 2
53 68 72
53 69 99
53 72 48
53 83 87
53 88 44
53 90 33
53 91 31
53 92 17
53 93 45
53 95 81
53 96 51
54 55 40
54 56 62
54 61 71
54 64 32
54 66 49
54 74 56
54 76 15
54 80 99
54 81 86
54 83 74
54 84 2
54 85 76
54 91 79
54 93 61
54 97 26
54 99 2
55 57 31
55 59 54
55 60 66
55 61 48
55 63 70
55 65 99
55 68 22
55 69 31
55 71 99
55 72 76
55 74 40
55 78 31
55 86 54
55 87 89
55 88 53
55 90 77
55 91 39
55 92 37
55 96 51
55 99 10
55 100 93
56 57 91
56 60 27
56 61 21
56 62 73
56 65 76
56 66 67
56 70 80
56 71 41
56 72 86
56 73 76
56 76 14
56 79 28
56 80 49
56 83 21
56 85 70
56 86 12
56 88 23
56 89 97
56 92 21
56 93 97
56 94 63
56 95 75
56 99 9
56 100 10
57 58 24
57 60 69
57 62 3
57 64 69
57 66 99
57 68 74
57 70 16
57 72 51
57 75 16
57 77 11
57 79 49
57 81 93
57 82 65
57 83 63
57 84 26
57 85 63
57 92 16
57 93 82
57 96 25
58 65 92
58 67 31
58 71 24
58 72 94
58 74 55
58 79 56
58 80 56
58 82 96
58 83 76
58 89 48
58 91 52
58 93 52
58 95 57
58 96 69
58 100 49
59 66 80
59 68 12
59 71 16
59 72 37
59 75 70
59 81 75
59 84 42
59 85 57
59 86 79
59 87 73
59 88 81
59 90 11
59 94 57
59 98 82
59 99 100
59 100 73
60 70 31
60 71 24
60 73 73
60 74 6
60 75 55
60 79 75
60 80 79
60 84 61
60 86 30
60 88 67
60 89 18
60 91 48
60 95 36
61 63 24
61 65 4
61 66 78
61 70 32
61 71 11
61 73 91
61 74 95
61 79 68
61 80 93
61 83 7
61 86 78
61 91 29
61 95 80
61 98 81
61 99 79
61 100 9
62 65 36
62 68 63
62 70 7
62 72 32
62 80 83
62 83 4
62 84 26
62 85 45
62 87 25
62 88 57
62 89 49
62 90 26
62 93 20
62 98 26
62 100 30
63 64 50
63 65 49
63 69 47
63 70 33
63 71 73
63 74 26
63 75 46
63 78 3
63 83 72
63 85 21
63 87 25
63 91 54
63 92 78
63 94 59
63 97 70
63 98 35
63 100 63
64 67 25
64 69 68
64 75 36
64 79 62
64 82 87
64 84 23
64 85 12
64 86 74
64 87 14
64 89 97
64 90 31
64 91 93
64 92 45
64 94 86
64 95 44
64 96 88
64 98 25
64 100 14
65 66 63
65 70 14
65 76 3
65 81 70
65 84 3
65 87 94
65 90 35
65 92 20
65 93 89
65 94 67
65 99 50
66 67 78
66 68 95
66 69 9
66 70 25
66 75 10
66 76 18
66 77 54
66 80 82
66 81 26
66 82 80
66 83 56
66 85 56
66 97 80
66 98 92
66 100 94
67 72 74
67 73 25
67 77 83
67 78 49
67 81 57
67 82 16
67 83 82
67 88 19
67 89 18
67 91 96
67 93 57
67 97 52
67 99 37
67 100 95
68 69 23
68 70 77
68 76 50
68 77 12
68 79 46
68 83 20
68 84 1
68 86 43
68 87 31
68 90 35
68 97 29
68 98 64
68 99 93
69 70 18
69 77 35
69 79 69
69 80 15
69 82 11
69 84 24
69 89 72
69 94 78
69 98 37
69 99 84
69 100 72
70 72 98
70 73 67
70 74 27
70 75 87
70 78 95
70 79 53
70 81 30
70 82 12
70 84 89
70 85 79
70 87 65
70 88 8
70 90 4
70 91 43
70 93 43
70 97 81
70 98 30
70 99 22
70 100 65
71 74 43
71 76 54
71 79 59
71 82 43
71 83 96
71 86 86
71 88 62
71 90 84
71 91 29
71 93 71
71 100 33
72 76 86
72 77 8
72 78 77
72 79 69
72 80 51
72 83 20
72 84 22
72 92 72
72 93 9
72 94 79
72 95 88
72 97 67
72 99 98
72 100 83
73 75 7
73 77 34
73 80 98
73 81 80
73 83 34
73 85 2
73 88 82
73 89 99
73 93 75
73 94 39
73 96 20
73 97 91
73 98 81
74 76 8
74 79 43
74 83 28
74 84 90
74 86 12
74 91 60
74 92 18
74 94 74
75 77 61
75 78 54
75 79 10
75 80 30
75 83 2
75 84 46
75 85 44
75 88 38
76 80 24
76 81 34
76 85 46
76 92 30
76 97 45
76 100 40
77 83 100
77 86 60
77 88 36
77 89 93
77 92 91
77 95 58
77 96 19
77 98 80
77 100 76
78 79 34
78 88 76
78 89 2
78 93 79
78 96 54
78 97 46
78 99 88
79 81 34
79 82 38
79 83 22
79 84 81
79 89 13
79 91 73
79 92 89
79 94 44
79 96 84
79 98 32
79 100 7
80 84 55
80 89 35
80 90 76
80 91 23
80 92 37
80 93 68
80 94 88
80 96 27
80 97 53
81 83 32
81 86 72
81 87 61
81 90 68
81 91 79
81 92 37
81 96 69
81 97 60
81 99 83
82 84 31
82 90 72
82 93 33
82 94 57
82 97 39
83 88 83
83 90 83
83 91 57
83 92 82
83 93 92
83 97 10
84 88 45
84 89 80
84 90 81
84 98 24
85 86 51
85 87 62
85 90 88
85 91 77
85 96 15
85 98 7
86 87 9
86 89 34
86 91 100
86 95 50
86 96 85
86 100 63
87 89 17
87 90 52
87 91 50
87 92 72
87 93 86
87 94 78
87 95 30
87 96 87
87 98 91
87 100 24
88 90 40
88 92 47
88 93 16
88 94 65
88 98 14
88 100 48
89 93 56
89 97 65
90 91 80
90 94 19
90 96 37
91 98 33
91 99 7
92 93 16
92 95 12
92 96 4
92 97 91
92 98 58
93 95 86
93 96 86
93 97 32
93 100 25
94 95 41
94 96 81
95 97 85
95 99 59
95 100 60
96 99 73
97 98 92
98 100 2
1 4 99
1 6 22
1 7 34
1 8 80
1 9 37
1 16 14
1 20 80
1 25 25
1 26 95
1 31 90
1 32 95
1 33 82
1 35 24
1 44 47
1 45 94
1 48 24
1 51 46
1 56 6
1 57 4
1 61 5
1 65 52
1 70 97
1 77 75
1 79 95
1 80 41
1 87 70
1 88 22
1 89 29
1 90 68
1 91 29
1 93 66
1 94 51
1 95 30
1 97 53
2 3 74
2 4 65
2 11 6
2 15 72
2 16 79
2 19 44
2 20 60
2 21 23
2 24 18
2 25 78
2 26 15
2 27 55
2 31 74
2 34 8
2 36 90
2 39 50
2 40 87
2 41 17
2 43 32
2 44 29
2 47 34
2 48 66
2 49 80
2 51 38
2 52 72
2 57 87
2 58 34
2 61 64
2 63 44
2 65 40
2 69 62
2 75 22
2 77 44
2 80 49
2 84 39
2 89 44
2 92 48
2 94 63
2 96 28
3 5 49
3 6 33
3 7 13
3 8 6
3 10 1
3 11 12
3 15 43
3 16 87
3 26 13
3 31 94
3 33 51
3 37 62
3 38 2
3 39 1
3 41 5
3 43 48
3 47 41
3 48 94
3 55 76
3 57 70
3 61 20
3 66 35
3 71 77
3 72 45
3 73 10
3 75 34
3 77 74
3 78 58
3 79 41
3 83 36
3 84 91
3 86 2
3 87 29
3 88 63
3 95 89
4 5 89
4 9 89
4 10 24
4 11 27
4 14 31
4 16 64
4 18 63
4 21 98
4 26 96
4 27 97
4 28 88
4 31 45
4 33 46
4 35 72
4 37 72
4 40 26
4 41 22
4 42 8
4 45 56
4 46 56
4 50 63
4 53 62
4 55 29
4 57 68
4 58 54
4 60 58
4 63 60
4 65 83
4 71 91
4 74 18
4 77 34
4 79 14
4 81 74
4 82 83
4 95 99
4 97 51
4 100 71
5 6 86
5 13 47
5 16 2
5 17 98
5 19 63
5 25 3
5 27 85
5 28 8
5 29 18
5 31 1
5 42 65
5 43 96
5 49 37
5 50 60
5 54 60
5 57 81
5 58 7
5 59 100
5 63 69
5 67 66
5 71 48
5 77 47
5 85 68
5 90 51
5 91 62
5 92 84
5 93 80
5 96 100
5 97 31
5 99 98
5 100 54
6 7 29
6 9 52
6 15 12
6 16 8
6 20 23
6 21 48
6 24 13
6 25 2
6 30 20
6 31 97
6 34 44
6 35 12
6 40 23
6 41 82
6 42 14
6 43 91
6 49 15
6 52 74
6 60 23
6 61 13
6 62 45
6 65 66
6 68 30
6 71 97
6 77 46
6 82 23
6 83 76
6 86 43
6 87 57
6 92 46
6 93 38
6 95 67
6 96 8
6 100 12
7 10 65
7 13 11
7 15 2
7 19 87
7 21 65
7 25 38
7 27 74
7 28 79
7 32 67
7 34 65
7 35 7
7 37 65
7 38 29
7 39 28
7 41 100
7 42 72
7 43 58
7 45 32
7 46 53
7 47 26
7 49 90
7 51 78
7 52 56
7 54 76
7 55 92
7 57 83
7 58 51
7 59 38
7 62 48
7 70 13
7 72 7
7 75 14
7 81 28
7 84 86
7 85 81
7 86 24
7 87 38
7 89 69
7 92 19
7 94 77
7 95 9
7 96 59
7 97 11
8 12 48
8 13 67
8 16 37
8 22 37
8 23 47
8 24 27
8 25 11
8 26 83
8 27 38
8 29 10
8 32 61
8 35 55
8 36 70
8 37 59
8 39 43
8 42 26
8 43 91
8 45 32
8 46 63
8 47 77
8 50 15
8 52 41
8 56 59
8 59 45
8 62 76
8 63 58
8 65 62
8 66 12
8 69 96
8 71 51
8 77 70
8 80 44
8 81 13
8 87 78
8 88 65
8 89 2
8 90 46
8 92 13
8 94 8
8 97 86
8 98 2
8 99 29
8 100 39
9 12 37
9 15 50
9 16 39
9 18 43
9 19 73
9 20 50
9 24 73
9 25 47
9 28 9
9 29 59
9 30 94
9 31 98
9 34 19
9 35 56
9 37 99
9 38 92
9 42 71
9 44 47
9 48 54
9 50 71
9 51 67
9 55 72
9 56 46
9 61 27
9 66 63
9 67 78
9 70 8
9 71 41
9 72 4
9 74 22
9 75 88
9 78 69
9 82 32
9 87 16
9 89 63
9 92 48
9 93 85
9 96 91
9 98 48
9 100 57
10 11 51
10 12 87
10 13 94
10 14 20
10 15 63
10 18 73
10 22 64
10 23 41
10 24 91
10 25 14
10 26 7
10 27 47
10 34 9
10 35 92
10 36 32
10 37 9
10 38 99
10 40 3
10 41 26
10 42 100
10 43 57
10 44 13
10 45 77
10 46 42
10 49 3
10 52 95
10 53 4
10 54 62
10 57 26
10 58 88
10 62 97
10 66 58
10 68 56
10 70 21
10 77 50
10 81 98
10 83 26
10 85 75
10 86 45
10 87 23
10 89 30
10 91 55
10 93 90
10 95 85
10 97 36
10 100 52
11 12 28
11 14 29
11 21 83
11 27 6
11 30 51
11 35 15
11 43 66
11 44 20
11 50 55
11 54 50
11 56 85
11 58 69
11 63 12
11 64 53
11 66 25
11 68 86
11 70 53
11 71 26
11 72 84
11 75 51
11 76 87
11 77 28
11 79 81
11 86 24
11 89 69
11 90 4
11 91 9
11 93 33
11 94 64
11 95 80
11 96 55
11 100 32
12 13 1
12 17 84
12 19 100
12 21 83
12 22 66
12 26 31
12 29 54
12 30 61
12 36 6
12 37 22
12 41 95
12 42 65
12 44 96
12 50 53
12 54 3
12 59 40
12 66 18
12 67 67
12 72 93
12 73 93
12 74 32
12 87 58
12 92 74
12 94 63
12 96 98
12 97 60
12 99 74
13 15 24
13 16 26
13 18 93
13 20 16
13 22 7
13 29 98
13 30 3
13 35 16
13 43 24
13 45 74
13 47 31
13 48 17
13 51 58
13 56 74
13 57 62
13 61 51
13 63 14
13 64 21
13 66 6
13 68 55
13 72 95
13 73 50
13 74 16
13 77 7
13 78 42
13 80 42
13 83 95
13 84 2
13 85 19
13 88 7
13 93 91
14 16 96
14 17 10
14 21 66
14 23 89
14 24 92
14 29 19
14 30 6
14 33 3
14 35 39
14 36 38
14 37 58
14 38 88
14 39 10
14 43 10
14 44 22
14 49 27
14 50 19
14 51 44
14 52 71
14 54 98
14 56 95
14 58 96
14 59 19
14 66 64
14 71 22
14 72 52
14 74 86
14 76 27
14 85 73
14 86 93
14 89 68
14 90 27
14 91 43
14 92 79
14 93 55
14 95 93
14 96 69
14 98 23
15 16 87
15 19 48
15 21 33
15 26 95
15 30 100
15 32 29
15 33 7
15 41 75
15 45 27
15 49 63
15 50 71
15 52 62
15 54 96
15 55 9
15 57 32
15 63 41
15 66 75
15 70 85
15 73 75
15 75 56
15 77 46
15 79 22
15 81 67
15 83 10
15 85 14
15 87 47
15 89 73
15 91 46
15 93 6
15 95 54
15 96 10
15 97 29
16 18 49
16 21 92
16 24 34
16 25 7
16 26 88
16 29 4
16 31 1
16 32 71
16 33 67
16 34 76
16 35 22
16 38 61
16 39 53
16 42 30
16 43 78
16 48 9
16 50 2
16 51 50
16 53 69
16 56 3
16 59 5
16 64 44
16 67 86
16 68 8
16 70 16
16 72 57
16 73 16
16 75 2
16 80 98
16 81 96
16 82 75
16 87 38
16 88 95
16 90 22
16 91 64
16 93 60
16 96 2
16 97 100
17 18 38
17 21 10
17 22 47
17 23 2
17 24 18
17 30 88
17 33 55
17 34 92
17 35 74
17 36 8
17 37 27
17 39 37
17 48 52
17 49 25
17 50 79
17 51 72
17 53 69
17 54 77
17 61 28
17 62 96
17 64 4
17 69 10
17 70 64
17 72 28
17 76 21
17 79 4
17 81 53
17 83 45
17 85 36
17 86 53
17 89 42
17 90 43
17 93 39
17 94 59
17 96 18
17 99 29
18 20 30
18 21 42
18 22 78
18 25 50
18 31 36
18 32 57
18 36 16
18 38 70
18 39 23
18 40 82
18 42 26
18 52 65
18 53 57
18 56 71
18 57 1
18 59 45
18 60 30
18 63 78
18 67 65
18 69 66
18 70 50
18 74 12
18 83 12
18 84 24
18 88 83
18 91 1
18 93 4
18 97 82
18 99 19
19 20 36
19 27 93
19 32 93
19 35 88
19 36 51
19 37 28
19 39 39
19 45 48
19 47 74
19 49 3
19 50 64
19 51 97
19 53 14
19 58 71
19 60 86
19 61 99
19 64 87
19 65 70
19 66 4
19 67 66
19 68 68
19 69 72
19 71 66
19 72 42
19 74 8
19 75 56
19 76 65
19 82 27
19 83 52
19 84 52
19 94 42
19 98 75
19 100 93
20 22 39
20 24 87
20 25 37
20 29 5
20 32 85
20 34 36
20 37 22
20 38 82
20 39 42
20 41 19
20 48 50
20 52 82
20 56 67
20 57 8
20 61 52
20 65 67
20 67 59
20 68 26
20 70 27
20 71 46
20 75 26
20 77 18
20 78 68
20 81 84
20 82 78
20 88 95
20 93 92
20 94 88
20 97 14
21 26 1
21 27 66
21 28 91
21 30 97
21 33 38
21 35 45
21 36 80
21 37 85
21 41 82
21 42 79
21 44 7
21 45 66
21 46 61
21 48 44
21 49 93
21 50 21
21 52 58
21 58 21
21 64 42
21 65 40
21 70 15
21 72 59
21 75 68
21 76 74
21 85 15
21 86 44
21 87 31
21 89 34
21 93 58
21 99 82
22 24 57
22 25 32
22 27 54
22 28 58
22 33 96
22 34 17
22 38 34
22 41 53
22 45 12
22 47 30
22 48 31
22 57 18
22 58 62
22 59 86
22 60 42
22 69 25
22 70 22
22 73 43
22 75 70
22 78 95
22 83 70
22 84 98
22 88 51
22 89 86
22 94 80
22 98 81
22 99 51
23 24 11
23 25 76
23 27 1
23 29 91
23 30 3
23 32 21
23 35 15
23 38 91
23 40 45
23 43 15
23 46 88
23 49 67
23 52 60
23 54 51
23 55 7
23 56 1
23 60 70
23 61 82
23 65 27
23 68 90
23 69 6
23 70 9
23 71 10
23 72 2
23 73 19
23 77 66
23 79 73
23 80 29
23 84 39
23 91 34
23 93 13
23 99 64
23 100 3
24 26 50
24 27 47
24 28 73
24 30 83
24 31 13
24 32 43
24 34 42
24 36 67
24 38 2
24 41 19
24 42 69
24 43 95
24 44 65
24 45 32
24 48 98
24 49 78
24 50 42
24 52 39
24 55 48
24 58 52
24 59 5
24 62 76
24 63 50
24 65 16
24 66 87
24 70 29
24 72 51
24 74 99
24 75 74
24 77 13
24 80 59
24 81 7
24 88 45
24 89 26
24 91 93
24 93 84
24 96 57
24 99 47
25 29 82
25 32 90
25 33 79
25 34 38
25 35 65
25 38 92
25 39 70
25 45 35
25 53 39
25 58 2
25 60 71
25 62 91
25 64 60
25 68 51
25 71 85
25 72 69
25 73 14
25 79 74
25 80 6
25 82 43
25 83 71
25 84 25
25 86 82
25 91 96
25 93 30
25 97 75
25 99 22
26 28 41
26 29 12
26 30 27
26 33 92
26 37 37
26 38 46
26 39 75
26 41 19
26 43 93
26 44 88
26 48 55
26 49 3
26 54 18
26 55 51
26 62 48
26 65 36
26 69 77
26 70 66
26 72 69
26 76 10
26 77 9
26 78 8
26 79 42
26 81 67
26 90 84
26 92 21
26 98 62
27 29 54
27 33 86
27 35 2
27 37 69
27 38 15
27 46 86
27 49 66
27 52 69
27 54 86
27 55 27
27 56 24
27 60 35
27 64 58
27 68 96
27 74 5
27 75 4
27 76 53
27 79 74
27 80 94
27 81 42
27 84 24
27 89 15
27 90 66
27 94 79
27 95 51
28 29 60
28 30 37
28 31 71
28 32 97
28 35 48
28 36 94
28 37 6
28 39 92
28 40 74
28 42 84
28 45 27
28 46 72
28 47 95
28 48 63
28 49 62
28 65 77
28 67 23
28 68 38
28 71 17
28 72 54
28 74 67
28 75 56
28 76 55
28 78 56
28 80 12
28 82 29
28 83 40
28 86 62
28 90 60
28 91 25
28 93 88
28 94 79
28 95 65
28 99 23
29 31 39
29 35 63
29 39 19
29 41 98
29 46 2
29 55 71
29 56 100
29 58 81
29 60 49
29 63 25
29 66 38
29 67 57
29 69 57
29 71 40
29 73 8
29 74 63
29 76 38
29 79 84
29 81 63
29 83 56
29 88 95
29 89 90
29 92 90
29 95 4
29 97 40
29 98 38
29 100 87
30 31 53
30 35 53
30 37 85
30 42 77
30 44 57
30 46 95
30 47 25
30 48 68
30 49 63
30 53 11
30 55 60
30 58 1
30 59 22
30 60 95
30 61 82
30 62 63
30 63 21
30 65 70
30 66 95
30 67 66
30 69 69
30 71 32
30 72 36
30 73 82
30 76 35
30 78 66
30 79 34
30 81 17
30 83 43
30 84 3
30 85 11
30 91 60
30 92 66
30 94 44
30 95 33
30 100 10
31 32 8
31 34 27
31 36 29
31 38 68
31 44 30
31 46 31
31 49 45
31 50 85
31 52 38
31 55 31
31 57 65
31 59 5
31 63 14
31 65 39
31 75 11
31 78 74
31 79 35
31 82 29
31 88 60
31 89 43
31 91 61
31 95 64
31 100 9
32 34 18
32 35 63
32 36 45
32 37 52
32 39 69
32 40 15
32 48 73
32 52 14
32 53 72
32 55 46
32 57 57
32 61 67
32 64 61
32 68 52
32 69 87
32 73 56
32 77 77
32 83 1
32 85 29
32 86 1
32 87 98
32 89 33
32 90 18
32 94 60
32 96 24
33 37 15
33 39 99
33 41 25
33 42 97
33 43 53
33 45 54
33 49 68
33 50 8
33 51 39
33 52 39
33 53 92
33 56 93
33 57 77
33 58 80
33 66 11
33 68 47
33 74 87
33 78 72
33 79 88
33 87 83
33 89 31
33 92 59
33 93 29
33 94 60
33 99 67
33 100 14
34 38 55
34 40 72
34 41 51
34 43 78
34 49 50
34 52 75
34 56 71
34 58 83
34 60 25
34 62 15
34 63 76
34 66 74
34 68 58
34 78 34
34 79 7
34 81 11
34 82 61
34 83 51
34 86 6
34 88 76
34 90 68
34 92 39
34 93 98
34 94 89
34 96 58
34 97 42
35 36 36
35 40 89
35 49 27
35 52 8
35 54 71
35 59 90
35 60 11
35 63 96
35 64 29
35 66 84
35 69 91
35 72 85
35 80 9
35 82 64
35 85 79
35 91 64
35 94 38
35 95 48
35 97 41
35 99 95
36 37 39
36 38 97
36 44 79
36 48 100
36 51 28
36 52 87
36 53 88
36 55 67
36 58 97
36 60 45
36 63 24
36 66 76
36 72 67
36 76 68
36 78 2
36 79 13
36 80 74
36 82 4
36 83 98
36 86 36
36 87 87
36 90 55
36 93 54
36 94 17
36 96 47
36 98 63
37 39 93
37 44 11
37 46 100
37 51 55
37 52 93
37 53 63
37 56 74
37 57 19
37 62 78
37 65 3
37 68 39
37 69 1
37 71 56
37 78 69
37 79 92
37 85 78
37 86 55
37 88 17
37 90 19
37 93 28
37 95 77
37 98 76
38 43 94
38 44 65
38 46 29
38 47 18
38 51 71
38 56 50
38 57 94
38 58 17
38 60 49
38 65 77
38 67 14
38 70 9
38 74 72
38 75 46
38 76 99
38 78 23
38 80 71
38 82 32
38 84 65
38 85 54
38 87 68
38 88 33
38 91 34
38 92 7
38 93 22
38 95 24
38 99 60
39 41 10
39 43 27
39 44 31
39 47 42
39 48 18
39 54 68
39 55 46
39 59 39
39 62 27
39 70 95
39 74 85
39 77 13
39 80 48
39 81 10
39 83 84
39 87 70
39 88 79
39 90 17
39 94 71
39 96 95
39 97 92
39 99 18
40 46 6
40 47 60
40 48 37
40 50 46
40 52 51
40 54 17
40 57 21
40 58 100
40 59 29
40 60 54
40 66 42
40 67 88
40 72 49
40 76 27
40 77 2
40 78 36
40 80 94
40 82 44
40 83 15
40 84 16
40 94 66
40 97 37
40 99 17
41 42 97
41 43 44
41 46 60
41 47 70
41 49 96
41 50 43
41 51 54
41 52 17
41 55 33
41 57 29
41 59 95
41 64 53
41 65 88
41 67 36
41 68 87
41 69 72
41 72 81
41 73 93
41 79 34
41 82 41
41 83 97
41 84 3
41 86 19
41 87 84
41 88 64
41 97 45
41 98 53
42 43 81
42 45 53
42 46 29
42 50 55
42 51 38
42 54 38
42 56 65
42 61 35
42 63 43
42 64 95
42 65 44
42 66 38
42 67 79
42 68 60
42 70 71
42 72 86
42 74 49
42 76 91
42 77 53
42 79 1
42 82 44
42 83 18
42 84 60
42 85 89
42 88 74
42 92 15
42 93 21
42 94 20
42 95 73
42 96 70
42 98 88
43 46 62
43 51 19
43 52 18
43 55 34
43 56 18
43 58 17
43 61 77
43 65 3
43 67 30
43 70 47
43 72 22
43 73 51
43 79 67
43 80 2
43 85 11
43 89 76
43 90 43
43 95 67
43 97 16
43 99 83
44 45 97
44 46 19
44 47 79
44 49 45
44 50 89
44 52 45
44 55 25
44 57 64
44 58 68
44 59 61
44 60 89
44 61 52
44 64 78
44 65 70
44 67 11
44 70 14
44 73 95
44 77 22
44 78 11
44 80 63
44 81 37
44 82 82
44 83 26
44 87 99
44 89 79
44 92 42
44 96 41
44 97 6
44 99 62
44 100 47
45 53 81
45 56 64
45 57 97
45 61 81
45 62 90
45 63 70
45 65 74
45 67 72
45 69 94
45 70 27
45 72 36
45 74 41
45 75 76
45 79 94
45 82 93
45 84 70
45 87 84
45 90 80
45 91 1
45 92 29
45 94 9
45 95 33
45 96 7
45 98 39
46 48 79
46 52 40
46 55 8
46 58 83
46 59 1
46 60 62
46 62 63
46 63 35
46 67 81
46 69 42
46 71 82
46 77 7
46 79 91
46 82 7
46 88 74
46 89 13
46 92 45
46 94 90
46 95 68
46 97 97
46 99 11
47 48 96
47 49 81
47 51 58
47 52 97
47 55 45
47 56 8
47 58 38
47 59 85
47 60 25
47 62 2
47 66 53
47 68 98
47 70 98
47 72 55
47 73 65
47 75 91
47 79 92
47 80 5
47 86 51
47 87 41
47 89 61
47 90 41
47 92 70
47 93 27
47 94 87
47 96 21
47 99 47
47 100 27
48 50 4
48 51 30
48 57 100
48 58 97
48 59 42
48 60 63
48 64 91
48 66 91
48 74 89
48 75 2
48 76 96
48 77 31
48 78 21
48 79 23
48 80 71
48 82 80
48 83 80
48 88 43
48 90 24
48 93 30
48 98 89
49 50 9
49 51 78
49 54 62
49 58 74
49 60 79
49 63 41
49 68 74
49 70 87
49 72 13
49 73 58
49 74 58
49 75 59
49 76 47
49 77 49
49 78 69
49 82 54
49 85 58
49 86 24
49 87 77
49 88 36
49 89 97
49 90 26
49 92 72
49 94 50
49 95 59
49 96 64
49 98 37
49 99 17
49 100 49
50 52 50
50 56 16
50 59 38
50 60 74
50 65 35
50 67 37
50 70 68
50 72 28
50 74 55
50 78 17
50 80 63
50 82 47
50 83 51
50 84 28
50 86 11
50 88 99
50 90 93
50 92 78
50 96 94
50 100 70
51 52 57
51 54 31
51 59 31
51 60 91
51 64 28
51 70 21
51 75 49
51 76 67
51 81 33
51 84 86
51 86 42
51 91 49
52 56 44
52 59 82
52 60 77
52 68 83
52 77 43
52 78 20
52 81 76
52 84 23
52 85 97
52 87 98
52 89 18
52 91 52
52 93 33
52 95 60
52 97 94
52 98 20
52 99 97
52 100 50
53 57 66
53 59 69
53 60 39
53 61 90
53 63 44
53 64 67
53 66 93
53 67 58
53 68 28
53 70 16
53 79 66
53 81 42
53 82 74
53 86 6
53 87 36
53 90 38
53 94 50
53 95 57
53 97 71
54 55 92
54 56 72
54 59 18
54 64 94
54 65 61
54 72 37
54 74 73
54 80 28
54 81 10
54 84 85
54 88 19
54 89 13
54 90 47
54 96 46
54 98 23
54 99 88
54 100 88
55 56 51
55 57 74
55 59 77
55 62 29
55 63 15
55 64 22
55 68 60
55 70 99
55 72 2
55 76 91
55 77 88
55 84 62
55 87 25
55 93 96
55 95 27
55 97 82
55 98 23
55 100 42
56 57 18
56 60 17
56 61 19
56 62 40
56 63 17
56 64 41
56 65 19
56 68 63
56 69 34
56 70 68
56 71 27
56 72 67
56 74 82
56 77 5
56 78 86
56 81 100
56 87 15
56 88 87
56 89 37
56 91 22
56 94 64
56 96 20
56 98 79
56 99 17
57 60 70
57 61 61
57 64 14
57 65 94
57 70 80
57 71 39
57 72 61
57 73 76
57 74 65
57 78 52
57 81 14
57 82 31
57 83 29
57 85 96
57 88 63
57 91 61
57 94 22
57 95 76
57 96 26
57 97 58
57 99 93
58 59 51
58 62 56
58 76 43
58 79 3
58 83 81
58 85 68
58 86 72
58 87 6
58 88 53
58 89 63
58 94 15
58 96 88
59 60 19
59 62 29
59 63 98
59 64 32
59 65 5
59 67 61
59 68 55
59 69 95
59 71 98
59 72 39
59 73 12
59 74 71
59 75 74
59 77 3
59 79 41
59 82 34
59 83 97
59 84 37
59 91 96
59 93 78
59 98 55
60 64 70
60 68 21
60 71 23
60 72 52
60 73 5
60 74 64
60 75 14
60 76 77
60 77 64
60 78 60
60 79 22
60 81 82
60 86 73
60 89 20
60 91 38
60 93 57
60 95 35
60 96 97
60 98 95
61 62 58
61 64 16
61 66 20
61 67 71
61 69 53
61 76 92
61 79 97
61 83 15
61 84 57
61 85 88
61 94 31
61 95 59
61 96 84
62 63 57
62 65 86
62 68 57
62 69 45
62 70 3
62 72 11
62 75 93
62 80 49
62 81 14
62 83 15
62 86 31
62 95 61
62 96 56
62 99 57
63 65 66
63 68 41
63 71 26
63 75 77
63 77 76
63 78 92
63 79 89
63 85 23
63 86 40
63 94 86
63 95 92
63 99 94
63 100 84
64 65 70
64 68 55
64 71 39
64 73 26
64 75 76
64 78 77
64 80 11
64 83 76
64 87 7
64 88 19
64 89 48
64 90 75
64 91 99
64 94 10
64 98 77
64 99 55
65 69 76
65 71 41
65 75 95
65 78 50
65 79 46
65 80 27
65 81 85
65 84 39
65 86 45
65 87 80
65 91 94
65 92 71
65 95 65
66 70 96
66 71 13
66 72 37
66 74 75
66 76 98
66 77 79
66 80 36
66 82 30
66 83 12
66 85 6
66 92 39
66 95 91
66 96 6
66 97 87
67 71 76
67 75 60
67 77 13
67 81 69
67 82 54
67 84 96
67 85 85
67 87 85
67 89 23
67 90 61
67 93 90
67 96 6
67 98 45
67 99 98
67 100 7
68 72 83
68 73 20
68 81 35
68 84 84
68 86 20
68 88 57
68 90 82
68 91 42
68 95 30
68 98 95
69 72 16
69 77 26
69 81 59
69 85 74
69 89 93
69 90 6
69 95 84
69 96 53
69 98 83
69 100 77
70 71 47
70 73 83
70 74 61
70 76 17
70 78 26
70 81 78
70 82 11
70 84 98
70 85 47
70 87 86
70 91 93
70 93 33
70 96 52
71 72 83
71 78 3
71 82 12
71 85 3
71 87 49
71 88 10
71 90 5
71 91 23
71 93 72
71 99 58
72 77 46
72 78 93
72 79 24
72 81 64
72 82 12
72 84 72
72 85 6
72 86 89
72 88 99
72 91 33
72 94 84
72 100 9
73 74 89
73 77 7
73 78 76
73 80 31
73 82 34
73 85 7
73 90 38
73 92 15
73 96 29
73 98 35
73 99 11
74 76 14
74 77 98
74 84 84
74 85 73
74 91 25
74 93 29
74 98 89
75 78 81
75 80 92
75 83 97
75 85 37
75 86 64
75 92 49
75 93 53
75 94 92
75 96 61
75 97 8
76 85 97
76 87 79
76 91 52
76 92 99
76 94 100
76 95 33
76 97 51
76 100 81
77 81 98
77 82 88
77 88 69
77 91 4
77 92 52
77 93 81
77 94 92
77 100 88
78 84 33
78 86 95
78 92 1
78 93 3
78 94 23
78 97 57
78 100 100
79 80 82
79 81 50
79 84 31
79 87 19
79 89 30
79 90 55
79 93 28
79 96 96
79 97 82
79 99 95
80 82 48
80 87 61
80 91 92
80 95 35
80 98 21
80 99 12
81 82 35
81 84 100
81 87 65
81 88 64
81 89 68
81 93 42
81 94 24
81 97 60
81 99 23
82 84 90
82 85 37
82 86 100
82 88 48
82 89 64
82 94 20
82 95 29
82 96 52
82 97 26
83 84 88
83 86 92
83 89 3
83 92 54
83 93 46
83 94 84
83 95 88
83 96 53
83 98 87
84 87 6
84 90 1
84 93 13
84 95 27
84 96 39
84 99 19
85 89 96
85 94 21
85 95 72
86 88 50
86 89 77
86 94 40
86 95 70
86 99 84
86 100 17
87 89 37
87 90 52
87 93 45
87 94 88
87 96 78
87 97 37
88 90 16
88 92 48
88 93 98
88 95 8
88 98 99
88 100 69
89 90 58
89 92 86
89 95 8
89 96 19
89 98 71
89 99 30
90 92 4
90 96 26
90 97 3
90 100 79
91 96 25
91 97 9
92 96 2
92 97 62
92 98 7
92 99 88
93 97 42
93 99 78
94 95 71
95 99 30
96 97 74
96 100 41
97 98 33
97 100 38
98 100 8
1 3 28
1 11 78
1 12 89
1 14 35
1 18 34
1 23 85
1 26 18
1 27 28
1 28 34
1 33 94
1 34 27
1 36 16
1 37 28
1 43 72
1 46 2
1 47 57
1 49 2
1 52 43
1 54 29
1 60 19
1 64 15
1 69 91
1 72 53
1 77 59
1 80 24
1 81 90
1 84 82
1 87 49
1 92 92
1 95 88
1 96 82
1 98 13
1 99 32
1 100 85
2 4 69
2 6 44
2 7 4
2 8 65
2 10 91
2 13 17
2 16 85
2 17 86
2 21 13
2 23 19
2 24 69
2 25 59
2 28 70
2 31 99
2 34 26
2 35 47
2 36 27
2 37 29
2 41 93
2 45 55
2 50 72
2 56 99
2 58 49
2 70 55
2 74 89
2 75 50
2 82 19
2 84 19
2 85 87
2 86 9
2 87 21
2 88 93
2 89 21
2 91 48
2 92 9
2 99 8
2 100 70
3 4 95
3 9 73
3 10 92
3 18 43
3 22 1
3 24 44
3 27 69
3 28 31
3 29 27
3 38 44
3 39 68
3 40 13
3 42 29
3 44 32
3 48 76
3 50 3
3 56 74
3 57 36
3 60 63
3 64 14
3 66 98
3 67 14
3 70 2
3 71 29
3 73 67
3 76 26
3 83 5
3 84 34
3 86 63
3 90 46
3 91 31
3 92 33
3 99 45
3 100 34
4 9 28
4 11 8
4 12 86
4 14 79
4 17 47
4 19 80
4 20 58
4 26 10
4 29 31
4 32 40
4 34 53
4 36 38
4 42 31
4 43 50
4 48 8
4 49 72
4 50 44
4 52 95
4 54 8
4 55 37
4 56 15
4 63 81
4 68 76
4 72 44
4 75 18
4 76 96
4 77 4
4 81 100
4 83 78
4 88 96
4 89 70
4 98 11
4 100 15
5 7 72
5 8 23
5 14 12
5 15 28
5 16 60
5 17 37
5 18 20
5 21 53
5 25 75
5 27 1
5 28 25
5 31 88
5 35 98
5 38 23
5 42 45
5 44 39
5 47 25
5 50 2
5 51 63
5 52 55
5 55 100
5 56 8
5 57 70
5 60 32
5 61 59
5 64 17
5 65 38
5 66 91
5 69 52
5 70 55
5 74 30
5 76 55
5 77 28
5 78 78
5 81 46
5 83 40
5 88 21
5 95 90
5 96 62
5 98 75
6 14 42
6 26 76
6 27 83
6 29 95
6 35 61
6 39 48
6 43 83
6 44 19
6 47 99
6 54 48
6 56 75
6 60 38
6 62 18
6 66 84
6 71 45
6 74 89
6 75 34
6 76 68
6 80 55
6 81 24
6 87 43
6 88 92
6 90 78
6 96 15
6 97 57
6 99 10
7 8 23
7 10 84
7 11 33
7 12 36
7 13 35
7 16 55
7 17 10
7 18 86
7 19 87
7 20 50
7 21 13
7 22 56
7 23 31
7 26 47
7 29 83
7 31 12
7 34 36
7 35 93
7 42 69
7 43 76
7 48 6
7 50 91
7 54 26
7 58 64
7 60 47
7 62 65
7 63 17
7 65 64
7 66 24
7 69 69
7 73 91
7 75 17
7 77 23
7 79 70
7 81 61
7 83 26
7 84 8
7 85 85
7 86 25
7 88 28
7 89 67
7 91 52
7 96 77
7 98 38
8 10 16
8 13 76
8 14 74
8 16 78
8 20 72
8 26 79
8 30 70
8 31 24
8 32 33
8 33 26
8 39 2
8 43 21
8 45 24
8 48 62
8 52 42
8 57 77
8 60 84
8 63 31
8 65 37
8 66 41
8 67 12
8 68 25
8 70 61
8 71 19
8 72 58
8 74 56
8 75 72
8 76 81
8 79 86
8 80 22
8 81 5
8 83 96
8 84 57
8 87 50
8 91 12
8 93 57
8 94 98
8 96 7
9 11 100
9 21 61
9 22 64
9 24 91
9 25 89
9 26 32
9 30 22
9 32 72
9 34 37
9 38 11
9 39 46
9 40 48
9 41 54
9 45 27
9 46 8
9 49 52
9 53 32
9 54 75
9 57 22
9 65 92
9 68 24
9 69 75
9 71 15
9 73 98
9 80 44
9 82 28
9 85 98
9 87 95
9 88 86
9 89 96
9 91 21
9 92 9
9 94 93
9 97 60
9 100 37
10 11 34
10 13 62
10 22 34
10 25 9
10 27 55
10 31 75
10 32 65
10 37 14
10 41 11
10 42 87
10 45 20
10 46 23
10 47 96
10 50 38
10 52 37
10 53 98
10 54 83
10 55 70
10 59 43
10 60 78
10 62 74
10 64 27
10 65 44
10 66 28
10 67 75
10 68 73
10 73 83
10 75 75
10 76 83
10 78 49
10 80 41
10 85 81
10 86 75
10 87 4
10 90 12
10 92 38
10 94 58
10 97 5
10 98 50
11 12 77
11 13 54
11 15 52
11 16 87
11 18 37
11 19 85
11 21 71
11 22 68
11 23 85
11 26 59
11 28 60
11 32 83
11 36 2
11 37 67
11 38 16
11 40 67
11 41 15
11 42 28
11 43 80
11 47 14
11 50 21
11 53 20
11 55 48
11 57 85
11 60 39
11 61 28
11 62 5
11 66 7
11 68 40
11 72 28
11 73 67
11 78 87
11 80 36
11 82 85
11 90 32
11 91 63
11 92 73
11 94 79
11 97 58
11 100 86
12 14 58
12 15 86
12 16 66
12 17 97
12 20 73
12 21 98
12 24 34
12 33 95
12 38 92
12 43 27
12 44 11
12 48 72
12 52 85
12 55 54
12 56 75
12 59 57
12 60 85
12 61 94
12 62 16
12 63 89
12 65 21
12 68 7
12 75 76
12 76 80
12 77 83
12 80 47
12 84 23
12 85 75
12 89 22
12 91 5
12 95 75
12 96 15
12 97 57
12 100 92
13 14 40
13 18 46
13 21 34
13 24 84
13 25 24
13 26 14
13 30 83
13 31 50
13 35 76
13 40 78
13 42 93
13 44 6
13 54 49
13 55 25
13 62 96
13 69 80
13 71 21
13 78 23
13 79 22
13 82 16
13 83 12
13 84 34
13 85 45
13 86 73
13 92 54
13 94 88
13 97 99
13 98 10
14 17 79
14 22 52
14 23 7
14 25 31
14 28 98
14 31 35
14 32 13
