100 4456 1
1 2 58
1 3 30
1 4 54
1 6 34
1 8 77
1 9 51
1 10 5
1 16 8
1 17 71
1 18 47
1 19 40
1 20 20
1 25 30
1 26 51
1 27 13
1 35 50
1 36 82
1 38 18
1 39 24
1 41 85
1 42 35
1 43 79
1 44 52
1 45 55
1 52 9
1 54 3
1 55 47
1 57 69
1 58 22
1 59 58
1 60 47
1 62 54
1 64 40
1 65 85
1 71 43
1 77 56
1 79 51
1 81 40
1 82 57
1 83 46
1 85 20
1 89 44
1 92 69
1 93 83
1 97 98
1 99 38
2 5 62
2 9 54
2 11 46
2 15 61
2 18 49
2 19 88
2 20 93
2 21 48
2 22 58
2 23 16
2 27 3
2 32 24
2 33 40
2 34 11
2 39 61
2 43 56
2 46 80
2 53 90
2 58 27
2 59 49
2 60 39
2 61 94
2 62 36
2 65 52
2 69 31
2 70 16
2 74 49
2 79 3
2 82 13
2 83 15
2 88 57
2 93 69
2 94 31
2 96 63
2 99 31
3 4 57
3 6 87
3 8 87
3 9 16
3 12 85
3 15 59
3 18 88
3 23 93
3 25 11
3 29 6
3 30 35
3 31 78
3 32 68
3 36 44
3 37 9
3 45 86
3 52 88
3 53 20
3 54 27
3 55 90
3 56 51
3 57 85
3 61 54
3 63 65
3 64 55
3 70 89
3 71 8
3 72 66
3 75 81
3 77 88
3 78 99
3 79 30
3 80 98
3 84 74
3 85 69
3 88 3
3 90 27
3 92 37
3 93 59
3 96 18
3 99 4
3 100 39
4 6 68
4 7 85
4 8 86
4 9 44
4 11 85
4 13 84
4 15 94
4 16 31
4 18 11
4 19 83
4 24 50
4 25 60
4 26 2
4 27 94
4 28 8
4 29 42
4 34 96
4 40 75
4 41 41
4 43 13
4 48 60
4 52 26
4 53 99
4 56 79
4 57 93
4 61 14
4 63 18
4 67 15
4 68 16
4 71 70
4 77 72
4 78 24
4 83 57
4 85 80
4 88 62
4 91 92
4 92 32
4 93 34
5 7 65
5 16 35
5 17 16
5 18 95
5 20 88
5 25 51
5 28 12
5 30 7
5 31 72
5 32 15
5 35 63
5 36 89
5 39 100
5 41 29
5 42 8
5 56 87
5 57 46
5 61 20
5 63 70
5 66 74
5 69 69
5 73 3
5 74 91
5 75 41
5 77 78
5 79 75
5 83 9
5 85 43
5 90 30
5 91 69
5 94 24
5 95 82
5 100 12
6 8 31
6 9 61
6 16 93
6 17 71
6 18 88
6 19 7
6 20 77
6 22 36
6 26 38
6 27 100
6 30 19
6 32 98
6 34 30
6 35 25
6 36 96
6 37 56
6 38 46
6 41 39
6 43 76
6 45 45
6 48 44
6 50 26
6 51 86
6 53 84
6 54 5
6 56 98
6 60 58
6 65 82
6 70 31
6 73 42
6 75 96
6 81 65
6 83 65
6 84 67
6 88 32
6 93 74
6 95 49
6 96 66
6 97 40
7 10 65
7 11 53
7 13 86
7 15 50
7 21 38
7 22 60
7 23 47
7 25 39
7 27 23
7 28 1
7 30 60
7 31 39
7 33 4
7 35 65
7 36 87
7 40 4
7 41 34
7 44 4
7 45 56
7 48 96
7 49 27
7 50 34
7 51 60
7 54 20
7 59 63
7 60 89
7 70 36
7 72 84
7 76 79
7 83 32
7 86 24
7 89 60
7 94 5
7 96 82
7 97 87
7 99 18
7 100 98
8 10 40
8 12 17
8 15 5
8 20 6
8 24 83
8 27 6
8 28 8
8 33 50
8 35 41
8 45 45
8 46 33
8 52 68
8 53 21
8 55 30
8 56 82
8 59 51
8 66 16
8 67 1
8 68 8
8 69 34
8 70 78
8 75 100
8 77 91
8 78 53
8 79 41
8 81 37
8 82 75
8 84 84
8 88 96
8 90 41
8 91 23
8 94 21
8 98 43
9 11 30
9 15 98
9 16 52
9 17 47
9 24 20
9 25 13
9 32 35
9 34 73
9 38 72
9 39 37
9 43 17
9 45 50
9 48 37
9 49 76
9 52 89
9 53 89
9 55 4
9 56 57
9 57 67
9 64 50
9 65 55
9 67 26
9 70 38
9 72 28
9 74 83
9 76 54
9 77 16
9 79 3
9 85 98
9 86 10
9 87 62
9 89 41
9 90 60
9 91 79
9 95 94
9 96 39
9 99 1
10 11 38
10 12 68
10 13 89
10 14 97
10 18 59
10 19 72
10 20 4
10 21 3
10 24 9
10 25 52
10 27 56
10 29 95
10 31 36
10 32 10
10 33 67
10 34 41
10 35 44
10 36 67
10 37 46
10 43 57
10 51 15
10 53 2
10 55 13
10 59 25
10 60 12
10 62 49
10 67 51
10 68 50
10 69 50
10 70 93
10 76 93
10 77 52
10 78 26
10 82 40
10 83 91
10 89 30
10 92 31
10 94 76
10 96 79
10 98 94
11 13 25
11 15 38
11 16 42
11 23 78
11 24 14
11 27 77
11 34 75
11 36 72
11 39 7
11 44 71
11 45 15
11 46 96
11 50 13
11 54 24
11 55 13
11 57 70
11 58 1
11 59 23
11 62 75
11 65 35
11 73 7
11 75 89
11 76 44
11 78 73
11 79 97
11 82 94
11 83 37
11 86 8
11 88 62
11 91 88
11 92 9
11 94 48
11 95 92
12 16 71
12 18 96
12 19 38
12 25 76
12 26 36
12 27 4
12 31 70
12 33 24
12 34 78
12 37 52
12 42 5
12 43 42
12 46 57
12 48 87
12 50 14
12 53 35
12 60 95
12 61 64
12 62 32
12 63 19
12 64 67
12 72 54
12 73 64
12 74 48
12 77 6
12 78 77
12 79 36
12 80 39
12 82 61
12 85 64
12 86 49
12 87 81
12 91 74
12 92 3
12 95 54
12 97 64
12 99 53
13 14 81
13 18 38
13 19 93
13 22 38
13 31 7
13 33 74
13 35 71
13 37 95
13 38 54
13 40 71
13 42 83
13 43 81
13 44 24
13 46 71
13 49 27
13 52 93
13 57 99
13 59 28
13 61 27
13 66 59
13 68 61
13 69 21
13 71 42
13 72 80
13 75 30
13 78 93
13 81 7
13 84 88
13 86 78
13 87 96
13 94 85
13 99 70
14 24 73
14 28 90
14 34 36
14 35 97
14 36 2
14 37 22
14 39 17
14 40 78
14 44 47
14 45 87
14 49 63
14 55 39
14 60 21
14 61 85
14 62 72
14 64 50
14 68 76
14 72 1
14 75 76
14 78 59
14 83 29
14 84 6
14 89 85
14 91 51
14 96 82
14 97 76
15 16 92
15 18 40
15 19 27
15 22 16
15 26 100
15 29 20
15 30 85
15 35 10
15 39 11
15 41 50
15 45 33
15 47 92
15 48 57
15 50 61
15 53 38
15 56 36
15 58 100
15 59 87
15 61 56
15 63 65
15 64 57
15 66 65
15 67 10
15 69 33
15 73 29
15 78 16
15 79 97
15 83 41
15 89 26
15 90 6
15 92 22
15 93 79
15 96 28
15 97 44
15 98 85
16 17 43
16 19 88
16 21 17
16 22 41
16 23 84
16 25 55
16 26 27
16 27 52
16 29 23
16 31 11
16 34 49
16 36 61
16 37 84
16 43 88
16 45 80
16 49 33
16 50 34
16 52 66
16 53 40
16 59 62
16 63 80
16 66 59
16 67 13
16 70 34
16 71 67
16 72 5
16 76 47
16 78 67
16 83 53
16 84 48
16 86 26
16 87 21
16 91 28
16 92 22
16 93 81
16 94 34
16 97 91
16 98 60
16 100 1
17 24 5
17 27 54
17 29 48
17 35 33
17 38 87
17 39 20
17 40 32
17 41 88
17 43 65
17 44 26
17 45 54
17 48 10
17 49 31
17 51 18
17 58 8
17 60 47
17 63 70
17 65 99
17 67 72
17 71 35
17 76 46
17 78 64
17 82 47
17 84 63
17 87 97
17 88 20
17 89 58
17 93 11
17 94 49
17 95 8
17 98 39
18 21 5
18 23 71
18 25 2
18 27 48
18 29 49
18 30 96
18 33 4
18 40 18
18 41 60
18 42 6
18 47 93
18 49 54
18 50 42
18 51 27
18 52 17
18 53 24
18 54 90
18 62 62
18 66 84
18 68 59
18 69 12
18 70 82
18 74 58
18 76 69
18 77 42
18 85 1
18 86 88
18 88 35
18 89 7
18 91 90
18 92 32
18 95 53
18 96 49
18 97 42
18 99 47
18 100 34
19 22 13
19 24 93
19 25 57
19 26 20
19 28 34
19 29 2
19 30 76
19 31 31
19 32 48
19 36 66
19 37 21
19 38 78
19 43 88
19 44 8
19 46 75
19 50 45
19 51 66
19 56 98
19 57 4
19 60 78
19 62 1
19 66 4
19 68 68
19 70 42
19 71 25
19 73 83
19 74 71
19 75 41
19 79 16
19 83 39
19 84 74
19 87 14
19 89 74
19 90 26
19 91 92
19 93 78
19 94 52
19 97 23
19 98 37
19 99 52
19 100 51
20 21 73
20 23 48
20 26 12
20 27 41
20 31 33
20 34 92
20 35 92
20 41 60
20 44 69
20 45 89
20 46 37
20 47 21
20 50 58
20 51 98
20 53 10
20 54 65
20 55 86
20 56 92
20 61 14
20 67 46
20 74 38
20 75 95
20 76 56
20 81 74
20 84 58
20 88 65
20 91 64
20 95 97
20 99 62
21 24 9
21 28 10
21 38 14
21 40 9
21 42 10
21 45 3
21 47 99
21 50 88
21 56 97
21 58 37
21 60 90
21 61 82
21 62 53
21 63 17
21 64 13
21 65 53
21 68 52
21 69 59
21 71 26
21 73 94
21 74 73
21 80 26
21 82 2
21 84 58
21 86 34
21 87 65
21 95 27
21 100 70
22 24 66
22 25 56
22 29 15
22 30 92
22 32 77
22 33 8
22 34 84
22 41 96
22 42 41
22 43 86
22 47 29
22 48 54
22 51 40
22 54 76
22 55 95
22 56 97
22 57 22
22 58 53
22 62 47
22 64 96
22 70 44
22 71 6
22 72 47
22 74 31
22 78 96
22 83 27
22 86 4
22 94 95
22 95 23
22 96 27
23 24 59
23 26 46
23 31 72
23 37 36
23 38 95
23 39 94
23 46 75
23 53 97
23 55 27
23 64 48
23 70 90
23 71 70
23 72 66
23 73 10
23 75 45
23 80 28
23 82 91
23 84 60
23 85 24
23 86 3
23 87 42
23 88 11
23 89 33
23 90 67
23 91 10
23 94 44
23 95 96
23 96 4
24 26 29
24 29 96
24 31 17
24 34 18
24 38 45
24 44 30
24 45 9
24 50 70
24 53 70
24 54 25
24 55 81
24 56 5
24 58 96
24 59 18
24 64 53
24 65 41
24 67 48
24 69 44
24 71 75
24 74 33
24 81 51
24 85 82
24 87 39
24 89 18
24 90 92
24 92 100
24 94 80
24 95 15
24 96 17
24 97 86
24 100 41
25 26 12
25 27 65
25 28 82
25 32 44
25 33 27
25 34 16
25 37 82
25 38 78
25 40 32
25 45 52
25 49 41
25 50 3
25 52 35
25 54 91
25 57 86
25 59 99
25 61 60
25 64 46
25 65 48
25 67 45
25 70 63
25 71 38
25 73 67
25 78 96
25 79 54
25 81 2
25 82 60
25 84 50
25 87 75
25 89 60
25 99 45
26 27 84
26 28 95
26 36 24
26 37 85
26 39 89
26 40 91
26 41 87
26 46 66
26 50 49
26 51 71
26 54 55
26 56 80
26 58 46
26 63 33
26 64 13
26 71 29
26 74 24
26 75 29
26 76 74
26 77 12
26 78 45
26 79 97
26 80 64
26 81 90
26 82 79
26 83 35
26 84 97
26 85 83
26 87 33
26 90 31
26 91 37
26 93 24
27 34 32
27 36 23
27 42 81
27 46 36
27 50 89
27 51 21
27 52 33
27 54 36
27 62 54
27 67 22
27 69 7
27 71 39
27 72 47
27 74 18
27 75 68
27 76 16
27 77 2
27 78 62
27 80 15
27 82 38
27 84 65
27 85 29
27 86 21
27 93 41
27 95 74
27 97 22
28 30 54
28 35 38
28 41 95
28 45 7
28 47 4
28 48 11
28 54 73
28 57 41
28 58 43
28 60 57
28 61 87
28 62 90
28 64 45
28 66 2
28 74 90
28 77 36
28 79 75
28 82 50
28 84 32
28 89 67
28 90 15
28 91 58
28 97 100
28 100 92
29 30 37
29 32 59
29 36 37
29 38 12
29 39 100
29 42 99
29 47 48
29 50 73
29 53 79
29 54 3
29 61 55
29 62 51
29 63 89
29 66 18
29 68 88
29 71 100
29 72 87
29 73 26
29 74 49
29 76 42
29 77 68
29 78 40
29 79 98
29 84 99
29 85 45
29 86 39
29 91 82
29 95 95
29 97 76
30 33 85
30 34 48
30 36 19
30 37 31
30 40 74
30 42 13
30 48 10
30 50 78
30 53 34
30 55 33
30 56 20
30 60 8
30 61 62
30 63 16
30 67 57
30 68 51
30 69 40
30 71 90
30 72 93
30 74 57
30 75 77
30 79 4
30 82 22
30 83 58
30 84 68
30 87 77
30 89 34
30 90 85
30 95 34
30 97 80
30 100 33
31 32 85
31 33 31
31 39 82
31 42 22
31 43 30
31 47 19
31 48 41
31 50 23
31 55 5
31 56 63
31 59 7
31 63 58
31 64 38
31 65 91
31 68 44
31 69 36
31 72 88
31 73 99
31 75 100
31 80 26
31 81 61
31 83 74
31 84 9
31 88 20
31 89 66
31 92 76
31 93 84
31 94 64
31 95 38
31 98 18
32 36 57
32 38 57
32 41 95
32 42 72
32 44 46
32 52 67
32 57 55
32 58 58
32 62 55
32 65 65
32 66 99
32 68 68
32 71 90
32 72 21
32 76 58
32 77 54
32 78 14
32 79 9
32 80 39
32 82 43
32 83 10
32 84 82
32 85 52
32 87 55
32 94 86
32 97 83
32 99 10
33 35 96
33 36 46
33 40 2
33 42 31
33 44 53
33 45 11
33 46 38
33 47 61
33 50 18
33 51 74
33 53 89
33 55 85
33 56 27
33 58 45
33 59 79
33 61 98
33 63 8
33 69 57
33 72 19
33 77 27
33 81 50
33 83 48
33 85 82
33 87 96
33 92 48
33 95 10
33 97 55
33 98 4
33 99 42
33 100 78
34 37 9
34 38 33
34 39 32
34 40 52
34 43 73
34 45 96
34 47 55
34 48 46
34 54 22
34 57 18
34 58 21
34 60 41
34 62 76
34 68 67
34 74 70
34 75 69
34 76 94
34 80 98
34 82 55
34 84 48
34 85 50
34 86 48
34 88 18
34 90 53
34 92 81
34 99 54
35 36 40
35 39 89
35 40 32
35 44 14
35 45 64
35 46 37
35 49 99
35 50 72
35 52 25
35 54 98
35 58 41
35 61 7
35 64 9
35 66 90
35 68 25
35 69 98
35 71 46
35 72 84
35 73 13
35 75 79
35 78 83
35 79 34
35 80 30
35 83 57
35 84 90
35 86 31
35 87 27
35 88 100
35 93 74
35 97 39
35 99 59
36 38 100
36 39 1
36 40 16
36 41 100
36 42 70
36 44 64
36 45 27
36 47 69
36 54 93
36 56 96
36 65 91
36 66 75
36 69 13
36 70 40
36 71 72
36 76 68
36 82 33
36 83 36
36 84 9
36 85 65
36 86 67
36 88 13
36 89 60
36 91 92
36 94 43
36 96 13
36 97 96
36 98 76
36 99 17
37 38 25
37 39 94
37 46 69
37 47 87
37 48 31
37 50 54
37 52 69
37 57 16
37 61 74
37 65 50
37 66 76
37 68 16
37 72 16
37 74 20
37 75 68
37 77 84
37 80 26
37 85 55
37 89 62
37 95 6
37 96 22
37 99 58
37 100 74
38 40 28
38 42 24
38 44 33
38 46 73
38 54 18
38 56 20
38 58 32
38 63 76
38 67 46
38 68 92
38 69 93
38 72 32
38 73 69
38 74 74
38 78 77
38 80 76
38 81 55
38 85 15
38 93 66
38 95 83
38 96 5
38 100 86
39 42 61
39 44 34
39 45 78
39 48 38
39 50 15
39 53 9
39 57 72
39 59 73
39 60 22
39 62 68
39 63 62
39 65 69
39 67 50
39 70 31
39 74 95
39 76 74
39 78 11
39 79 79
39 80 70
39 83 5
39 85 81
39 86 36
39 89 89
39 92 48
39 95 62
39 96 74
39 99 44
40 47 91
40 49 66
40 50 34
40 51 22
40 52 94
40 57 8
40 60 68
40 62 10
40 69 6
40 70 86
40 73 54
40 76 45
40 77 59
40 78 47
40 79 41
40 80 50
40 82 30
40 83 20
40 86 51
40 87 96
40 89 66
40 94 65
40 99 91
40 100 40
41 45 80
41 48 71
41 50 45
41 52 11
41 54 89
41 55 40
41 57 97
41 62 8
41 68 31
41 69 72
41 70 92
41 74 7
41 76 87
41 79 90
41 81 99
41 82 81
41 84 98
41 87 18
41 88 76
41 90 69
41 92 63
41 93 74
41 98 17
41 99 92
42 44 2
42 49 60
42 51 66
42 52 29
42 53 1
42 54 98
42 55 27
42 57 30
42 58 71
42 60 3
42 62 80
42 64 93
42 66 44
42 69 57
42 73 15
42 74 58
42 80 75
42 85 99
42 89 53
42 95 98
42 97 14
42 98 4
43 44 96
43 46 61
43 48 25
43 49 23
43 50 60
43 51 27
43 52 47
43 53 88
43 54 54
43 57 10
43 58 58
43 62 46
43 66 70
43 67 23
43 73 35
43 74 28
43 75 5
43 76 61
43 77 87
43 79 92
43 86 16
43 90 85
43 94 71
43 95 3
43 96 68
43 99 37
44 47 46
44 48 15
44 50 2
44 69 23
44 70 13
44 75 94
44 76 74
44 78 26
44 79 91
44 80 33
44 85 48
44 88 54
44 93 21
44 95 6
44 96 80
44 98 53
44 99 86
44 100 98
45 46 28
45 51 61
45 53 8
45 57 62
45 58 92
45 61 81
45 70 38
45 75 98
45 76 46
45 81 88
45 86 24
45 89 90
45 90 69
45 93 16
45 94 42
45 98 20
46 47 57
46 53 57
46 54 87
46 55 77
46 57 29
46 60 44
46 62 24
46 63 51
46 64 76
46 65 37
46 67 59
46 69 69
46 72 17
46 73 47
46 74 11
46 81 4
46 83 26
46 85 85
46 94 62
46 96 18
46 97 48
47 49 87
47 50 20
47 51 54
47 53 12
47 54 100
47 61 15
47 62 91
47 64 58
47 66 69
47 67 20
47 68 27
47 71 94
47 74 85
47 75 69
47 76 9
47 78 16
47 79 85
47 80 58
47 83 2
47 84 30
47 87 21
47 89 75
47 91 8
47 94 63
47 100 26
48 49 9
48 52 10
48 54 47
48 62 46
48 63 8
48 64 79
48 66 30
48 69 53
48 75 34
48 76 20
48 79 74
48 84 90
48 86 62
48 94 72
48 95 83
48 97 79
48 99 43
49 51 26
49 59 66
49 63 12
49 64 51
49 69 35
49 71 66
49 74 25
49 76 23
49 78 7
49 79 76
49 80 82
49 81 9
49 84 71
49 87 84
49 89 59
49 95 46
49 96 55
49 97 69
49 99 8
49 100 10
50 52 6
50 53 8
50 56 16
50 58 9
50 59 94
50 62 93
50 63 58
50 65 86
50 69 21
50 72 31
50 75 100
50 76 99
50 77 67
50 82 25
50 83 40
50 89 87
50 95 64
50 96 4
50 97 63
51 52 18
51 54 38
51 55 60
51 57 38
51 61 34
51 62 44
51 65 95
51 69 89
51 74 55
51 75 99
51 76 63
51 78 77
51 83 88
51 90 15
51 93 27
51 94 83
51 95 72
51 98 75
52 53 52
52 54 96
52 55 19
52 56 44
52 58 95
52 62 74
52 65 61
52 68 82
52 69 41
52 70 98
52 71 47
52 74 75
52 76 84
52 78 77
52 79 64
52 82 98
52 83 69
52 84 23
52 85 74
52 86 30
52 87 48
52 88 24
52 89 57
52 91 22
52 99 66
53 55 3
53 57 69
53 63 82
53 64 97
53 65 48
53 67 1
53 68 36
53 72 59
53 77 43
53 80 8
53 82 4
53 84 57
53 85 56
53 88 95
53 89 43
53 91 87
53 93 50
53 94 40
53 95 85
53 96 61
53 99 7
54 57 91
54 58 79
54 59 21
54 61 58
54 64 42
54 66 45
54 70 58
54 73 80
54 74 41
54 77 85
54 78 16
54 79 16
54 85 42
54 86 14
54 90 93
54 91 85
54 93 9
54 94 14
54 97 59
55 57 48
55 59 77
55 64 49
55 66 20
55 67 27
55 71 27
55 74 79
55 81 5
55 83 64
55 84 35
55 85 75
55 90 48
55 91 15
55 93 76
55 94 80
55 96 74
55 98 81
56 57 90
56 58 10
56 63 10
56 65 34
56 68 50
56 73 94
56 76 28
56 77 66
56 78 26
56 82 36
56 83 5
56 86 88
56 87 11
56 90 64
56 91 33
56 93 88
56 94 7
56 98 30
57 64 47
57 67 87
57 72 33
57 73 77
57 78 51
57 82 98
57 85 4
57 87 99
57 90 82
57 93 2
57 94 28
57 95 99
57 97 5
57 98 100
57 100 86
58 60 56
58 61 66
58 67 81
58 68 58
58 69 81
58 73 91
58 74 85
58 76 90
58 78 10
58 80 59
58 81 88
58 85 85
58 87 46
58 89 72
58 94 85
59 64 67
59 65 26
59 66 55
59 68 57
59 70 100
59 76 26
59 81 33
59 82 93
59 84 11
59 96 28
59 97 75
59 99 82
60 65 23
60 66 86
60 69 45
60 70 28
60 71 17
60 72 29
60 76 95
60 77 10
60 81 70
60 82 67
60 85 66
60 86 63
60 88 80
60 95 45
61 65 12
61 66 33
61 74 38
61 75 83
61 80 23
61 81 60
61 82 24
61 83 52
61 92 44
61 95 32
61 97 98
61 98 50
61 99 4
61 100 81
62 63 72
62 65 64
62 67 20
62 68 20
62 69 18
62 73 48
62 74 35
62 77 7
62 78 23
62 79 46
62 80 61
62 89 77
62 93 2
62 94 32
62 99 47
63 65 42
63 66 55
63 67 67
63 70 52
63 71 54
63 72 40
63 76 41
63 77 48
63 79 29
63 81 27
63 83 42
63 88 35
63 89 71
63 91 84
63 92 51
63 93 60
63 96 94
63 97 25
64 65 49
64 67 95
64 68 8
64 73 19
64 76 26
64 80 95
64 81 49
64 82 21
64 85 79
64 87 78
64 91 92
64 93 23
64 94 67
64 97 98
64 100 54
65 69 72
65 71 69
65 79 97
65 83 79
65 90 25
65 94 17
65 95 75
65 97 50
65 99 32
66 70 35
66 71 60
66 72 69
66 73 38
66 74 57
66 78 87
66 80 83
66 83 82
66 85 10
66 89 27
66 91 3
66 94 53
67 72 44
67 74 62
67 76 52
67 80 35
67 81 89
67 82 81
67 86 26
67 92 65
67 94 89
67 95 38
67 96 19
67 98 3
67 99 97
68 72 2
68 78 65
68 79 66
68 81 63
68 82 80
68 84 61
68 86 21
68 87 17
68 88 18
68 89 29
68 90 26
68 92 67
68 94 9
68 95 70
68 98 53
68 100 51
69 72 16
69 73 11
69 74 77
69 75 60
69 77 6
69 78 86
69 82 73
69 83 75
69 84 3
69 85 18
69 86 91
69 88 82
69 91 20
69 92 94
69 93 27
69 94 46
69 100 17
70 73 10
70 74 18
70 75 37
70 80 33
70 83 18
70 86 27
70 87 64
70 91 68
70 92 89
70 94 82
70 95 10
70 96 3
70 99 51
70 100 14
71 72 94
71 75 63
71 76 64
71 77 18
71 78 56
71 81 3
71 87 2
71 88 90
71 89 81
71 90 6
71 91 87
71 92 26
71 94 71
71 96 70
71 98 35
71 100 6
72 77 2
72 78 63
72 79 16
72 83 35
72 84 27
72 85 2
72 87 56
72 92 84
72 100 72
73 75 71
73 76 14
73 79 12
73 81 60
73 85 4
73 87 6
73 92 14
73 99 42
73 100 24
74 75 55
74 77 35
74 78 20
74 79 18
74 82 66
74 89 83
74 90 34
74 92 35
74 97 100
75 77 76
75 78 5
75 82 40
75 83 9
75 84 4
75 86 53
75 88 21
75 90 72
75 94 78
75 95 20
75 96 41
75 100 70
76 78 64
76 85 35
76 86 34
76 87 59
76 90 80
76 91 81
76 95 10
76 97 1
77 82 6
77 83 99
77 87 11
77 89 57
77 90 100
77 91 22
78 80 55
78 81 22
78 83 29
78 84 9
78 85 11
78 86 11
78 88 4
78 90 59
78 93 46
78 97 27
78 99 15
78 100 41
79 80 27
79 82 46
79 87 15
79 90 3
79 93 34
79 94 17
79 95 61
79 96 34
79 97 28
79 99 6
79 100 3
80 81 67
80 86 94
80 87 16
80 91 71
80 93 10
80 94 87
80 95 37
80 98 69
81 82 19
81 85 19
81 86 88
81 87 75
81 88 27
81 90 54
81 91 23
81 92 10
81 94 31
81 96 66
81 99 15
81 100 12
82 83 94
82 85 33
82 87 73
82 89 72
82 91 48
82 92 95
82 93 60
82 96 65
82 97 99
82 98 49
82 99 31
83 89 12
83 94 93
83 96 50
83 98 82
84 87 12
84 90 71
84 96 82
84 97 42
84 100 16
85 90 34
85 93 77
85 97 86
85 98 54
85 99 89
85 100 53
86 87 28
86 90 1
86 92 24
86 93 75
86 98 34
87 91 96
87 94 95
87 95 83
87 96 35
87 97 64
88 90 59
88 92 92
88 95 77
88 96 76
88 99 45
88 100 15
89 92 52
89 94 49
89 95 67
89 96 33
89 97 65
89 100 75
90 94 71
90 96 72
90 100 15
91 92 50
91 94 92
91 97 70
91 98 86
91 99 71
92 97 55
92 98 87
93 97 61
94 95 68
94 97 12
95 96 37
95 97 67
95 99 11
96 98 37
96 99 79
97 99 17
98 99 71
99 100 2
1 3 100
1 11 67
1 13 58
1 16 47
1 17 69
1 18 63
1 20 3
1 21 36
1 25 4
1 31 14
1 33 32
1 36 57
1 37 41
1 39 19
1 41 55
1 45 38
1 46 20
1 47 8
1 49 72
1 51 80
1 52 27
1 53 54
1 54 52
1 55 68
1 61 8
1 62 30
1 63 90
1 70 98
1 72 6
1 73 36
1 74 90
1 75 75
1 76 63
1 79 52
1 86 6
1 89 88
1 90 10
1 92 76
1 98 46
1 99 71
1 100 3
2 5 48
2 7 26
2 10 83
2 12 46
2 13 53
2 14 11
2 16 20
2 20 73
2 21 31
2 23 48
2 26 100
2 30 97
2 31 31
2 36 84
2 37 72
2 38 90
2 40 59
2 41 64
2 42 60
2 46 60
2 48 95
2 49 75
2 50 59
2 57 33
2 67 5
2 71 29
2 72 71
2 73 24
2 75 66
2 78 43
2 80 19
2 85 66
2 86 84
2 87 21
2 88 38
2 92 91
2 100 54
3 9 85
3 10 36
3 11 76
3 13 40
3 15 23
3 19 68
3 20 17
3 23 37
3 25 72
3 26 27
3 28 32
3 32 80
3 33 25
3 34 57
3 36 2
3 40 33
3 46 78
3 47 36
3 48 56
3 49 65
3 50 40
3 52 78
3 53 23
3 54 90
3 57 88
3 58 98
3 59 3
3 60 66
3 61 9
3 64 92
3 66 96
3 67 72
3 72 88
3 73 70
3 74 78
3 76 64
3 78 2
3 86 76
3 90 87
3 94 29
4 5 51
4 6 51
4 7 68
4 11 46
4 12 80
4 19 27
4 21 98
4 25 48
4 27 65
4 30 69
4 32 99
4 36 33
4 37 69
4 39 37
4 40 74
4 42 99
4 44 82
4 45 42
4 54 81
4 56 39
4 61 36
4 65 15
4 67 96
4 69 8
4 70 4
4 74 15
4 78 36
4 81 30
4 83 31
4 84 22
4 86 66
4 91 2
4 92 34
4 93 45
4 94 43
4 98 2
4 100 20
5 6 18
5 8 14
5 9 56
5 10 52
5 11 39
5 12 17
5 13 51
5 18 100
5 21 86
5 22 6
5 24 33
5 28 65
5 29 81
5 30 95
5 32 77
5 36 21
5 37 8
5 38 26
5 39 19
5 43 85
5 45 25
5 47 60
5 48 62
5 54 55
5 55 51
5 57 82
5 65 17
5 68 83
5 69 62
5 70 54
5 77 63
5 82 99
5 83 82
5 84 62
5 85 12
5 88 90
5 90 27
5 93 30
5 94 8
5 95 95
5 98 39
5 99 53
5 100 54
6 8 19
6 11 45
6 18 87
6 21 25
6 26 23
6 28 59
6 29 83
6 33 97
6 38 44
6 39 6
6 40 99
6 45 40
6 48 2
6 50 39
6 51 74
6 54 5
6 57 66
6 58 90
6 61 48
6 65 91
6 66 64
6 73 50
6 74 86
6 75 56
6 78 70
6 84 33
6 89 89
6 90 87
6 93 27
6 99 88
6 100 40
7 11 23
7 13 83
7 15 10
7 16 72
7 17 34
7 19 86
7 20 45
7 22 87
7 23 56
7 29 8
7 30 37
7 32 65
7 36 86
7 37 52
7 43 9
7 46 37
7 48 68
7 52 18
7 57 72
7 58 67
7 60 76
7 61 65
7 65 59
7 66 90
7 67 55
7 68 1
7 70 57
7 73 31
7 76 61
7 80 4
7 83 11
7 86 63
7 87 82
7 92 62
7 93 46
7 94 99
7 96 60
7 100 65
8 11 59
8 12 100
8 14 2
8 15 67
8 19 19
8 20 71
8 21 92
8 24 92
8 26 40
8 27 21
8 34 30
8 38 77
8 39 21
8 41 6
8 42 10
8 43 61
8 44 1
8 45 60
8 46 98
8 47 87
8 49 38
8 50 49
8 51 27
8 52 89
8 54 3
8 55 27
8 56 35
8 58 80
8 59 38
8 60 63
8 61 46
8 62 43
8 63 45
8 64 95
8 65 75
8 66 80
8 67 16
8 71 35
8 79 64
8 81 91
8 83 1
8 84 93
8 85 78
8 87 66
8 88 95
8 89 66
8 90 21
8 91 44
8 92 86
8 94 34
8 95 13
8 97 5
8 99 15
8 100 76
9 11 96
9 14 15
9 16 64
9 18 60
9 19 71
9 25 22
9 26 54
9 27 33
9 29 26
9 30 33
9 33 47
9 34 5
9 36 10
9 39 44
9 42 6
9 44 59
9 46 52
9 48 57
9 50 70
9 51 34
9 59 97
9 60 8
9 66 75
9 68 61
9 69 10
9 71 53
9 74 30
9 75 5
9 76 9
9 78 60
9 83 56
9 87 32
9 89 34
9 96 46
9 99 4
10 11 22
10 14 65
10 17 77
10 18 61
10 20 70
10 21 38
10 22 13
10 23 90
10 30 45
10 31 51
10 33 56
10 36 47
10 39 70
10 40 90
10 44 63
10 50 54
10 53 84
10 54 94
10 60 71
10 61 77
10 66 77
10 68 61
10 71 60
10 73 35
10 74 36
10 76 31
10 77 46
10 80 16
10 82 26
10 86 39
10 88 14
10 89 83
10 90 14
10 91 21
10 93 83
10 95 86
10 96 71
11 13 65
11 14 96
11 15 41
11 18 66
11 27 36
11 30 98
11 32 34
11 40 95
11 41 28
11 46 42
11 50 85
11 51 26
11 59 80
11 60 14
11 61 7
11 66 36
11 69 21
11 73 50
11 77 47
11 78 59
11 80 14
11 81 91
11 83 42
11 84 62
11 90 57
11 93 84
11 96 39
11 98 35
12 19 17
12 21 62
12 22 22
12 24 1
12 25 43
12 32 57
12 35 98
12 36 24
12 38 80
12 40 76
12 41 93
12 46 72
12 50 57
12 53 69
12 55 1
12 57 76
12 58 92
12 61 82
12 62 1
12 63 7
12 64 58
12 65 73
12 67 28
12 71 89
12 72 42
12 73 75
12 76 76
12 77 6
12 78 27
12 79 66
12 81 36
12 86 16
12 87 100
12 88 36
12 89 13
12 90 21
12 92 91
12 94 4
12 96 80
12 97 47
13 14 76
13 15 74
13 18 82
13 21 85
13 22 2
13 24 26
13 25 56
13 31 11
13 35 83
13 36 98
13 40 53
13 42 30
13 43 67
13 44 63
13 45 81
13 48 18
13 49 75
13 52 27
13 58 74
13 61 46
13 62 50
13 63 98
13 66 87
13 68 80
13 69 91
13 75 93
13 77 50
13 79 40
13 80 21
13 85 26
13 86 71
13 87 98
13 89 56
13 90 79
13 95 72
13 96 7
13 97 26
13 98 82
13 100 62
14 16 94
14 17 16
14 18 35
14 20 44
14 21 35
14 24 72
14 25 21
14 29 87
14 31 36
14 32 50
14 34 49
14 35 96
14 36 67
14 44 20
14 46 6
14 47 48
14 49 93
14 52 66
14 54 75
14 55 60
14 56 16
14 57 61
14 62 27
14 66 37
14 68 93
14 77 19
14 78 31
14 81 76
14 82 94
14 84 1
14 86 42
14 92 78
14 94 65
14 95 55
14 98 57
14 99 23
15 17 85
15 21 37
15 25 29
15 27 19
15 30 65
15 31 63
15 33 55
15 39 66
15 40 70
15 42 21
15 43 87
15 46 58
15 48 31
15 55 47
15 56 28
15 57 14
15 67 5
15 68 26
15 72 43
15 76 20
15 78 19
15 79 67
15 80 98
15 82 64
15 85 56
15 86 45
15 88 46
15 89 10
15 93 92
15 94 84
15 98 42
16 18 87
16 22 66
16 24 87
16 25 64
16 29 85
16 31 99
16 32 80
16 36 95
16 39 100
16 41 10
16 43 37
16 45 2
16 46 93
16 48 3
16 49 49
16 51 86
16 53 84
16 56 43
16 59 9
16 61 49
16 63 43
16 64 28
16 65 91
16 66 94
16 68 77
16 72 98
16 74 74
16 75 34
16 78 19
16 82 23
16 83 48
16 87 75
16 91 13
16 92 92
16 94 7
16 97 48
16 99 51
16 100 53
17 18 45
17 22 18
17 23 47
17 24 2
17 26 54
17 28 80
17 29 60
17 30 62
17 31 13
17 33 97
17 34 21
17 36 29
17 37 26
17 39 77
17 42 97
17 45 51
17 47 15
17 49 38
17 50 13
17 53 92
17 54 2
17 56 95
17 57 35
17 58 44
17 65 71
17 66 62
17 69 6
17 70 18
17 72 65
17 81 68
17 82 14
17 87 51
17 88 5
17 91 13
17 93 45
17 95 77
17 96 14
17 97 44
17 99 95
17 100 82
18 24 80
18 27 52
18 28 19
18 31 53
18 32 74
18 36 1
18 37 84
18 38 79
18 42 53
18 43 60
18 45 38
18 49 77
18 50 51
18 53 43
18 57 31
18 62 8
18 66 43
18 68 77
18 69 83
18 72 2
18 78 99
18 80 5
18 82 85
18 84 100
18 87 49
18 89 43
18 91 1
19 20 24
19 21 58
19 23 17
19 28 55
19 29 62
19 30 47
19 32 65
19 33 27
19 35 70
19 36 77
19 37 83
19 38 70
19 39 41
19 42 82
19 44 58
19 45 12
19 47 71
19 48 6
19 49 74
19 50 50
19 52 31
19 58 91
19 61 45
19 68 74
19 69 39
19 70 2
19 72 54
19 73 18
19 74 48
19 77 42
19 80 22
19 81 11
19 84 38
19 85 17
19 86 22
19 87 91
19 88 34
19 90 57
19 93 19
19 95 4
19 97 41
20 21 80
20 22 96
20 23 72
20 24 36
20 25 35
20 28 6
20 29 70
20 33 28
20 37 70
20 42 11
20 45 53
20 47 7
20 49 92
20 51 13
20 53 5
20 55 67
20 56 30
20 58 39
20 62 16
20 63 17
20 65 29
20 68 10
20 69 34
20 70 50
20 71 30
20 72 45
20 73 9
20 74 40
20 76 42
20 78 66
20 79 34
20 83 5
20 85 23
20 86 72
20 89 37
20 92 29
20 94 87
20 96 38
21 24 82
21 26 7
21 27 3
21 29 62
21 30 63
21 32 65
21 34 57
21 36 97
21 38 33
21 39 71
21 40 27
21 42 90
21 43 51
21 45 75
21 46 78
21 48 27
21 49 37
21 50 34
21 51 75
21 52 75
21 53 21
21 54 25
21 57 54
21 59 82
21 61 88
21 62 89
21 63 23
21 65 19
21 66 39
21 68 20
21 74 93
21 76 64
21 79 72
21 88 65
21 91 87
21 98 69
21 99 61
22 24 28
22 25 27
22 30 47
22 31 13
22 35 18
22 36 62
22 37 83
22 38 48
22 39 96
22 40 46
22 44 81
22 45 13
22 48 37
22 49 100
22 53 75
22 55 51
22 56 74
22 58 18
22 59 7
22 61 35
22 62 43
22 63 84
22 64 48
22 67 94
22 69 59
22 71 85
22 73 65
22 80 61
22 83 71
22 86 74
22 91 56
22 92 98
22 93 17
22 97 31
23 24 25
23 26 70
23 28 40
23 31 70
23 36 97
23 37 49
23 39 88
23 40 96
23 42 6
23 44 82
23 45 63
23 51 3
23 54 20
23 59 99
23 60 61
23 64 12
23 65 59
23 66 29
23 67 40
23 68 47
23 69 7
23 71 27
23 72 46
23 75 4
23 81 79
23 85 79
23 88 67
23 89 49
23 91 82
23 93 8
23 94 44
23 97 98
23 98 84
23 99 74
23 100 62
24 29 4
24 33 27
24 35 19
24 37 91
24 38 1
24 41 25
24 42 89
24 44 53
24 45 24
24 47 28
24 50 30
24 52 75
24 54 41
24 55 67
24 56 49
24 58 35
24 63 23
24 66 40
24 68 93
24 77 53
24 78 13
24 79 66
24 80 56
24 83 49
24 90 89
24 95 6
24 96 62
24 98 75
25 27 40
25 29 27
25 33 67
25 40 55
25 44 15
25 46 5
25 47 18
25 48 26
25 50 7
25 51 7
25 52 67
25 54 19
25 57 75
25 58 48
25 60 100
25 62 26
25 68 1
25 70 66
25 71 4
25 72 24
25 80 13
25 82 39
25 85 8
25 86 80
25 89 43
25 93 54
25 94 23
25 95 68
25 97 92
26 28 20
26 32 68
26 33 96
26 35 15
26 36 24
26 38 77
26 39 76
26 41 45
26 43 12
26 44 20
26 46 25
26 50 9
26 54 36
26 57 91
26 59 46
26 60 68
26 64 60
26 68 86
26 69 28
26 70 31
26 73 46
26 78 18
26 83 52
26 86 60
26 88 28
26 92 21
26 95 92
26 99 16
26 100 12
27 32 37
27 35 91
27 37 21
27 40 53
27 44 7
27 45 12
27 46 75
27 47 8
27 48 74
27 49 81
27 53 46
27 60 36
27 63 100
27 64 68
27 65 3
27 68 22
27 69 80
27 70 83
27 79 35
27 80 66
27 82 4
27 85 38
27 91 2
27 93 30
27 98 28
27 99 45
28 30 91
28 35 86
28 37 25
28 39 12
28 41 98
28 48 5
28 51 58
28 55 83
28 56 52
28 61 50
28 62 15
28 76 32
28 83 9
28 85 67
28 87 17
28 89 40
28 91 81
28 97 15
28 99 70
29 35 38
29 37 22
29 38 9
29 42 51
29 43 47
29 44 97
29 45 87
29 47 70
29 50 17
29 52 32
29 54 19
29 55 24
29 57 53
29 63 43
29 64 89
29 69 40
29 74 40
29 75 82
29 79 69
29 81 19
29 82 61
29 83 89
29 87 67
29 88 33
29 89 76
29 90 32
29 91 43
29 95 11
29 97 2
29 98 91
29 100 52
30 33 38
30 35 77
30 36 27
30 39 4
30 41 34
30 42 80
30 49 37
30 54 60
30 59 57
30 62 10
30 63 10
30 67 54
30 69 1
30 75 86
30 81 48
30 85 88
30 86 8
30 88 78
30 90 17
30 91 94
30 93 15
30 99 30
31 32 47
31 34 49
31 35 3
31 41 45
31 44 20
31 46 75
31 47 40
31 48 9
31 51 76
31 55 8
31 60 82
31 66 11
31 67 90
31 74 88
31 75 19
31 77 40
31 83 95
31 84 29
31 86 83
31 87 64
31 89 46
31 93 38
31 97 20
31 98 24
31 99 21
32 38 74
32 40 39
32 45 78
32 46 1
32 49 71
32 52 36
32 53 48
32 54 61
32 57 87
32 58 50
32 63 3
32 65 93
32 67 80
32 70 94
32 71 91
32 72 36
32 74 24
32 76 90
32 77 23
32 78 65
32 83 56
32 87 5
32 88 18
32 89 38
32 91 78
32 92 65
32 94 49
32 96 93
32 98 61
32 99 85
33 34 74
33 35 52
33 36 48
33 40 96
33 41 49
33 45 81
33 47 29
33 48 71
33 50 24
33 51 34
33 52 20
33 53 74
33 55 61
33 58 97
33 61 65
33 62 24
33 63 61
33 65 52
33 69 54
33 73 5
33 77 41
33 78 62
33 79 25
33 80 44
33 82 81
33 83 73
33 86 29
33 89 17
33 91 39
33 94 85
34 39 37
34 41 46
34 43 79
34 47 37
34 51 94
34 52 68
34 53 7
34 59 29
34 62 85
34 63 80
34 65 79
34 66 43
34 68 49
34 73 57
34 75 53
34 77 2
34 80 84
34 81 12
34 85 91
34 87 57
34 88 97
34 91 29
34 92 93
34 93 61
34 94 37
34 97 75
34 98 65
35 36 36
35 40 36
35 43 53
35 46 76
35 49 33
35 55 10
35 57 86
35 59 35
35 62 54
35 64 34
35 67 41
35 72 59
35 77 8
35 79 34
35 80 25
35 81 74
35 85 76
35 90 96
35 91 6
35 92 92
35 93 29
35 97 30
36 40 99
36 41 34
36 45 22
36 46 31
36 49 94
36 52 42
36 54 56
36 55 91
36 58 20
36 61 37
36 62 83
36 65 95
36 66 92
36 68 77
36 69 61
36 70 49
36 75 62
36 77 49
36 79 6
36 81 35
36 82 3
36 86 13
36 90 87
36 94 43
36 95 51
36 96 17
36 98 14
36 99 13
37 40 35
37 41 70
37 43 95
37 44 34
37 47 70
37 48 53
37 49 62
37 50 17
37 51 1
37 52 71
37 54 16
37 56 71
37 60 35
37 61 46
37 62 82
37 65 24
37 69 23
37 71 74
37 72 74
37 75 10
37 76 3
37 78 33
37 79 99
37 81 65
37 82 64
37 84 63
37 86 78
37 92 9
37 100 50
38 40 13
38 51 53
38 55 35
38 66 19
38 67 32
38 70 84
38 71 87
38 72 37
38 74 34
38 76 35
38 77 100
38 78 49
38 83 24
38 84 1
38 85 8
38 86 40
38 87 10
38 89 56
38 92 90
38 94 74
38 95 97
38 96 62
38 97 53
38 99 80
39 44 49
39 47 8
39 48 41
39 51 45
39 52 33
39 56 8
39 57 78
39 59 26
39 60 17
39 62 74
39 64 99
39 65 79
39 67 1
39 70 74
39 80 12
39 82 97
39 84 23
39 88 33
39 90 8
39 95 44
39 100 52
40 43 57
40 44 19
40 48 51
40 50 41
40 52 62
40 53 46
40 54 44
40 55 87
40 58 52
40 60 99
40 61 41
40 62 59
40 64 17
40 68 2
40 69 7
40 71 47
40 74 74
40 81 46
40 82 53
40 83 53
40 84 57
40 85 30
40 87 74
40 89 90
40 91 97
40 92 25
40 93 33
40 94 47
40 95 85
40 98 56
40 99 1
41 43 98
41 48 86
41 49 93
41 53 89
41 58 24
41 64 54
41 66 76
41 67 3
41 68 6
41 69 1
41 71 75
41 72 35
41 74 65
41 79 9
41 82 98
41 83 57
41 89 47
41 90 72
41 91 79
41 98 22
41 99 97
41 100 16
42 44 93
42 46 91
42 47 36
42 53 71
42 54 32
42 55 20
42 58 30
42 67 76
42 68 31
42 71 32
42 73 69
42 74 19
42 76 99
42 77 78
42 78 24
42 79 77
42 86 68
42 87 23
42 90 44
42 93 60
42 95 12
42 96 37
43 44 22
43 45 13
43 46 46
43 53 4
43 54 63
43 55 12
43 56 40
43 58 75
43 60 75
43 68 48
43 73 30
43 74 44
43 77 29
43 83 63
43 84 59
43 86 12
43 88 41
43 90 87
43 91 47
43 95 37
43 96 31
44 47 2
44 48 87
44 50 12
44 51 92
44 54 81
44 55 87
44 58 1
44 60 75
44 64 31
44 67 93
44 70 41
44 72 83
44 73 31
44 75 5
44 81 34
44 83 16
44 84 48
44 87 59
44 88 76
44 89 59
44 94 14
44 95 73
44 98 14
45 46 5
45 47 87
45 48 27
45 49 78
45 50 63
45 51 17
45 53 65
45 55 46
45 60 97
45 61 17
45 62 8
45 63 75
45 66 21
45 74 1
45 77 65
45 79 79
45 80 23
45 81 61
45 82 65
45 88 27
45 89 91
45 90 84
45 91 20
45 93 92
45 94 23
45 95 32
45 96 8
45 98 72
46 47 7
46 50 48
46 52 40
46 58 90
46 59 91
46 61 80
46 64 51
46 72 68
46 77 47
46 79 9
46 80 84
46 82 60
46 85 64
46 87 60
46 88 68
46 89 78
46 91 54
46 92 49
46 94 29
46 97 17
46 99 58
47 49 89
47 52 35
47 53 75
47 54 52
47 55 83
47 62 12
47 64 91
47 65 100
47 67 56
47 69 98
47 71 14
47 72 36
47 73 83
47 74 39
47 76 71
47 82 62
47 83 75
47 86 17
47 88 5
47 90 93
47 94 6
47 97 84
47 98 24
48 50 43
48 54 18
48 55 14
48 59 77
48 64 86
48 68 84
48 72 84
48 78 43
48 79 87
48 81 22
48 82 59
48 87 33
48 88 83
48 89 30
48 90 91
48 92 100
48 93 89
48 97 68
48 98 77
48 99 7
49 50 38
49 51 58
49 53 99
49 54 90
49 57 47
49 58 42
49 61 8
49 67 9
49 68 17
49 72 97
49 77 42
49 78 88
49 80 1
49 81 1
49 83 68
49 90 2
49 93 81
49 94 2
49 95 80
49 97 35
49 98 51
49 100 4
50 51 91
50 52 41
50 54 58
50 57 71
50 59 88
50 60 26
50 62 88
50 63 33
50 64 35
50 70 45
50 74 31
50 75 98
50 76 42
50 77 39
50 83 88
50 85 21
50 88 40
50 90 10
50 94 96
50 95 50
50 96 24
50 100 52
51 56 30
51 57 68
51 66 81
51 69 74
51 72 20
51 73 10
51 75 99
51 78 19
51 82 94
51 83 37
51 87 76
51 88 96
51 89 10
51 91 25
51 92 16
51 94 67
51 95 90
51 99 98
51 100 29
52 53 98
52 54 10
52 56 51
52 60 19
52 64 31
52 66 46
52 69 67
52 70 68
52 72 32
52 74 81
52 76 75
52 78 4
52 79 37
52 80 87
52 81 47
52 84 14
52 85 80
52 86 66
52 88 84
52 90 84
52 91 43
52 92 49
52 94 57
52 95 66
52 97 42
52 99 87
53 55 72
53 57 26
53 58 32
53 59 92
53 60 34
53 64 42
53 65 27
53 70 68
53 71 20
53 72 80
53 73 2
53 75 7
53 80 9
53 83 90
53 87 43
53 93 49
53 94 63
53 97 36
53 98 5
54 55 8
54 61 31
54 64 53
54 70 94
54 72 58
54 73 49
54 76 58
54 77 9
54 79 66
54 84 35
54 88 8
54 89 27
54 91 16
54 92 71
54 96 14
54 98 84
55 56 63
55 58 67
55 64 4
55 66 31
55 68 15
55 69 47
55 71 66
55 75 75
55 77 68
55 78 95
55 80 17
55 81 39
55 91 36
55 92 55
55 93 96
55 94 71
55 96 69
56 57 72
56 60 89
56 62 72
56 66 3
56 67 15
56 68 58
56 69 74
56 70 81
56 71 17
56 72 100
56 73 84
56 74 3
56 78 9
56 80 14
56 83 33
56 85 47
56 86 68
56 87 34
56 89 45
56 91 50
56 93 100
56 94 20
56 98 37
56 99 23
57 60 31
57 61 29
57 62 57
57 63 92
57 64 12
57 70 91
57 71 8
57 72 100
57 74 44
57 77 45
57 78 54
57 79 57
57 82 99
57 84 66
57 88 6
57 89 32
57 90 67
57 92 100
57 97 17
57 98 44
57 99 9
58 59 80
58 60 23
58 67 78
58 73 8
58 74 41
58 75 83
58 77 72
58 78 50
58 82 40
58 83 45
58 85 91
58 89 100
58 92 86
58 93 55
58 97 21
59 66 52
59 79 58
59 80 90
59 82 64
59 83 18
59 91 37
59 93 70
59 99 4
60 63 31
60 64 31
60 65 85
60 66 28
60 69 24
60 73 55
60 74 58
60 75 60
60 76 27
60 79 24
60 81 96
60 82 42
60 83 48
60 84 27
60 85 25
60 86 81
60 88 17
60 94 71
60 96 80
60 100 38
61 63 96
61 64 40
61 68 23
61 69 2
61 71 19
61 72 44
61 77 80
61 79 11
61 80 2
61 83 79
61 86 90
61 87 57
61 91 37
61 92 60
61 96 92
61 98 56
61 99 96
61 100 2
62 64 36
62 67 77
62 70 30
62 73 97
62 74 27
62 76 34
62 77 72
62 78 78
62 79 80
62 82 72
62 84 53
62 89 69
62 92 46
62 94 10
62 97 17
62 98 90
62 100 32
63 64 100
63 66 27
63 67 14
63 69 98
63 73 78
63 74 86
63 76 40
63 81 60
63 83 12
63 85 19
63 87 95
63 89 69
63 90 73
63 91 92
63 92 43
63 94 52
63 95 16
63 99 91
64 67 77
64 68 92
64 69 29
64 77 42
64 79 87
64 80 47
64 85 56
64 87 75
64 90 52
64 92 71
64 96 87
64 99 15
65 67 22
65 69 58
65 70 10
65 77 73
65 78 81
65 79 40
65 81 85
65 82 82
65 84 72
65 85 68
65 91 35
65 92 10
66 69 89
66 70 6
66 71 63
66 81 15
66 83 93
66 86 29
66 88 80
66 90 6
66 92 11
66 96 22
66 98 35
66 99 52
67 69 85
67 70 10
67 74 71
67 76 42
67 80 98
67 82 89
67 85 53
67 86 83
67 87 16
67 88 77
67 93 51
67 94 21
67 95 1
67 96 12
67 98 7
67 99 53
67 100 93
68 69 61
68 73 12
68 74 82
68 84 58
68 86 35
68 87 76
68 88 56
68 90 67
68 91 52
68 92 12
68 95 96
69 72 50
69 75 81
69 76 48
69 77 56
69 80 52
69 83 31
69 84 38
69 86 48
69 87 84
69 95 13
69 96 93
70 73 93
70 77 59
70 78 86
70 80 95
70 81 56
70 87 70
70 89 36
70 93 55
70 94 51
70 95 21
70 98 47
70 99 61
71 72 94
71 73 11
71 76 100
71 78 1
71 84 26
71 85 68
71 87 81
71 89 58
71 93 6
71 99 63
72 73 67
72 75 91
72 77 9
72 79 61
72 81 27
72 85 86
72 86 26
72 91 21
72 92 70
72 94 41
72 95 3
72 96 38
72 97 49
72 99 51
73 74 16
73 77 47
73 79 38
73 81 56
73 84 75
73 89 79
73 92 31
73 95 42
73 96 22
73 98 54
74 75 25
74 79 8
74 80 43
74 83 1
74 85 65
74 86 34
74 88 6
74 90 8
74 96 2
75 77 74
75 78 44
75 79 85
75 81 73
75 83 36
75 85 65
75 91 5
75 94 1
75 96 40
75 98 68
75 99 65
75 100 57
76 80 48
76 82 87
76 83 54
76 85 76
76 88 12
76 92 100
76 94 86
76 95 56
76 99 48
76 100 50
77 78 5
77 81 85
77 84 43
77 85 5
77 90 8
77 92 64
77 99 70
77 100 58
78 80 62
78 83 20
78 84 16
78 85 55
78 89 47
78 92 60
78 94 82
78 95 90
79 80 31
79 81 21
79 82 12
79 83 73
79 84 99
79 86 7
79 87 76
79 88 65
79 92 9
79 95 66
79 96 5
80 81 19
80 84 74
80 89 28
80 90 18
80 91 65
80 92 48
80 93 3
80 95 79
80 96 52
80 97 65
80 98 27
80 100 100
81 82 85
81 85 48
81 87 34
81 89 29
81 90 92
81 96 98
81 98 70
81 99 91
81 100 82
82 84 39
82 85 53
82 88 42
82 92 49
82 95 51
82 97 83
82 100 47
83 84 72
83 85 93
83 86 38
83 88 76
83 94 14
83 95 13
83 96 85
83 100 76
84 88 84
84 90 85
84 99 81
85 87 67
85 89 71
85 91 22
85 93 15
85 94 50
85 97 44
85 98 31
85 100 43
86 89 43
86 92 92
86 95 17
86 98 39
86 99 27
86 100 78
87 90 80
87 94 73
87 95 10
87 97 42
87 98 76
87 99 75
88 89 79
88 92 75
88 94 76
88 97 64
88 98 59
88 100 89
89 90 48
89 91 18
89 94 21
89 99 13
90 91 21
90 92 85
90 94 13
90 96 48
90 97 16
90 100 36
91 93 5
91 96 60
91 98 73
92 93 66
92 94 74
92 97 56
92 98 85
92 100 9
93 94 8
93 97 19
94 95 77
94 96 39
94 97 54
94 99 15
95 96 27
95 97 81
96 97 53
96 98 86
96 100 50
97 98 91
97 99 48
98 99 53
1 7 70
1 9 10
1 11 2
1 15 9
1 19 59
1 25 7
1 30 78
1 32 100
1 34 13
1 37 82
1 38 17
1 40 21
1 48 54
1 52 11
1 53 31
1 56 42
1 59 61
1 61 56
1 62 68
1 63 85
1 66 73
1 69 78
1 70 72
1 71 73
1 73 13
1 75 29
1 76 92
1 78 30
1 79 11
1 80 83
1 82 68
1 85 34
1 87 71
1 89 54
1 95 69
1 100 48
2 3 96
2 4 99
2 5 8
2 6 44
2 8 60
2 12 25
2 18 94
2 21 18
2 24 60
2 27 49
2 31 54
2 37 75
2 39 21
2 40 29
2 49 82
2 52 63
2 54 86
2 56 27
2 58 14
2 59 4
2 62 25
2 64 78
2 66 51
2 68 98
2 69 32
2 74 3
2 75 1
2 80 87
2 81 54
2 82 97
2 83 68
2 88 86
2 93 73
2 97 68
3 9 12
3 10 32
3 11 15
3 13 8
3 16 48
3 17 90
3 20 26
3 22 87
3 23 52
3 26 97
3 27 33
3 28 7
3 29 49
3 30 18
3 31 26
3 39 87
3 40 17
3 42 49
3 44 91
3 49 9
3 51 1
3 55 49
3 65 3
3 70 6
3 71 60
3 72 44
3 76 13
3 82 34
3 83 19
3 84 60
3 87 40
3 90 20
3 91 8
3 94 80
3 99 36
4 6 81
4 11 20
4 20 2
4 22 92
4 23 66
4 27 1
4 31 2
4 32 32
4 33 90
4 34 73
4 37 29
4 40 79
4 41 84
4 43 4
4 45 59
4 47 86
4 49 22
4 50 65
4 52 96
4 53 19
4 54 39
4 57 13
4 58 59
4 61 38
4 64 53
4 67 36
4 69 39
4 70 34
4 73 72
4 74 94
4 75 12
4 76 89
4 81 19
4 82 37
4 83 52
4 84 3
4 89 3
4 90 18
4 91 81
4 92 79
4 95 76
4 99 50
5 7 65
5 11 64
5 13 45
5 17 66
5 18 14
5 22 73
5 24 46
5 26 42
5 27 59
5 28 57
5 30 50
5 32 62
5 34 45
5 36 34
5 37 69
5 38 65
5 39 15
5 47 98
5 49 30
5 51 76
5 53 18
5 56 36
5 58 36
5 59 55
5 61 38
5 64 7
5 67 1
5 71 70
5 72 84
5 75 93
5 77 9
5 79 81
5 82 75
5 88 18
5 93 62
5 94 28
5 96 92
5 97 84
5 99 62
6 10 73
6 13 55
6 14 92
6 18 33
6 23 84
6 26 17
6 33 73
6 34 3
6 37 93
6 39 56
6 40 87
6 42 31
6 43 46
6 44 50
6 45 79
6 46 14
6 49 54
6 50 35
6 52 29
6 53 19
6 54 45
6 56 15
6 59 85
6 62 35
6 64 6
6 65 19
6 67 63
6 69 58
6 72 44
6 76 24
6 77 99
6 79 29
6 80 55
6 81 69
6 82 67
6 85 13
6 87 3
6 88 85
6 90 43
6 93 98
6 94 15
6 99 62
7 12 23
7 14 79
7 19 95
7 20 24
7 21 81
7 23 24
7 28 71
7 29 76
7 34 80
7 40 92
7 42 30
7 44 62
7 48 43
7 49 34
7 58 4
7 59 96
7 61 23
7 62 81
7 64 58
7 65 14
7 66 81
7 67 47
7 68 80
7 71 85
7 75 34
7 78 85
7 80 10
7 81 42
7 82 23
7 83 20
7 84 44
7 89 96
7 91 23
7 93 99
7 94 97
7 95 49
7 96 19
7 100 64
8 10 55
8 16 84
8 17 34
8 19 2
8 27 63
8 28 36
8 37 92
8 39 63
8 50 15
8 54 92
8 58 78
8 63 16
8 67 46
8 68 85
8 72 36
8 75 81
8 78 51
8 79 18
8 85 58
8 86 69
8 87 3
8 90 36
8 92 34
8 96 58
8 98 84
8 100 52
9 10 85
9 11 44
9 15 15
9 18 5
9 19 30
9 20 60
9 21 79
9 22 58
9 26 82
9 27 7
9 30 4
9 31 30
9 33 84
9 34 17
9 35 100
9 40 59
9 41 85
9 42 30
9 43 58
9 45 77
9 46 40
9 49 3
9 51 69
9 52 19
9 56 25
9 57 87
9 60 7
9 62 81
9 63 40
9 65 18
9 71 35
9 74 67
9 77 47
9 78 51
9 79 67
9 81 14
9 83 32
9 84 84
9 85 82
9 87 56
9 88 48
9 90 82
9 93 50
9 96 89
9 97 48
9 100 59
10 11 18
10 12 19
10 13 100
10 14 94
10 17 48
10 18 26
10 20 68
10 22 32
10 28 38
10 29 67
10 30 29
10 31 84
10 35 62
10 38 48
10 40 18
10 43 37
10 45 12
10 47 69
10 48 69
10 49 42
10 50 17
10 51 39
10 52 26
10 55 57
10 62 83
10 68 2
10 69 15
10 70 49
10 71 60
10 72 81
10 75 8
10 76 50
10 77 4
10 79 19
10 80 46
10 82 45
10 83 24
10 84 3
10 85 65
10 87 49
10 88 1
10 95 49
10 97 96
11 13 82
11 14 92
11 15 54
11 16 36
11 21 92
11 24 36
11 27 60
11 28 94
11 32 73
11 33 39
11 37 31
11 38 95
11 39 4
11 40 85
11 43 64
11 48 3
11 54 34
11 56 28
11 60 92
11 61 29
11 62 40
11 64 6
11 65 13
11 66 30
11 68 93
11 73 96
11 77 19
11 79 33
11 81 84
11 83 61
11 84 16
11 86 36
11 87 25
11 88 18
11 95 38
11 98 27
11 99 63
12 19 18
12 20 7
12 21 62
12 24 34
12 29 28
12 30 92
12 32 25
12 35 5
