100 4456 1
1 3 86
1 6 50
1 7 46
1 10 88
1 12 46
1 13 69
1 15 59
1 16 76
1 21 51
1 23 64
1 25 68
1 29 75
1 32 28
1 34 91
1 35 2
1 37 44
1 39 59
1 40 70
1 42 24
1 43 57
1 44 68
1 46 22
1 48 36
1 49 42
1 57 51
1 63 51
1 64 76
1 67 59
1 70 4
1 71 37
1 73 65
1 78 18
1 80 34
1 81 29
1 83 59
1 84 27
1 85 43
1 90 21
1 93 20
1 95 15
1 100 65
2 3 9
2 4 41
2 5 10
2 9 64
2 10 53
2 14 65
2 16 76
2 18 34
2 19 8
2 23 41
2 24 10
2 25 54
2 27 91
2 30 19
2 31 50
2 33 86
2 40 69
2 45 5
2 46 91
2 47 79
2 48 37
2 51 59
2 52 11
2 53 80
2 55 95
2 56 77
2 59 69
2 61 68
2 63 3
2 72 40
2 74 5
2 77 23
2 78 17
2 81 91
2 82 14
2 84 78
2 87 7
2 91 32
2 100 1
3 4 62
3 5 92
3 11 20
3 13 30
3 14 2
3 16 73
3 18 51
3 22 78
3 25 86
3 29 43
3 33 76
3 36 27
3 42 14
3 43 48
3 48 80
3 50 45
3 51 56
3 56 96
3 62 63
3 72 10
3 73 96
3 79 75
3 83 14
3 88 40
3 89 37
3 90 33
3 91 40
3 97 36
4 5 19
4 6 74
4 7 19
4 9 5
4 12 16
4 16 65
4 18 76
4 21 55
4 24 84
4 25 50
4 26 83
4 27 96
4 30 47
4 32 10
4 35 89
4 36 100
4 40 13
4 43 65
4 49 37
4 51 11
4 52 33
4 53 63
4 60 79
4 63 99
4 65 80
4 66 91
4 67 9
4 69 52
4 70 72
4 72 96
4 81 83
4 85 93
4 88 50
4 94 56
4 97 49
4 98 11
4 99 92
4 100 63
5 6 94
5 15 55
5 17 49
5 18 82
5 23 70
5 25 43
5 33 42
5 34 20
5 36 8
5 37 65
5 39 31
5 40 4
5 44 58
5 45 13
5 50 33
5 52 89
5 54 37
5 55 90
5 57 5
5 58 54
5 62 32
5 63 26
5 65 50
5 68 83
5 72 80
5 77 58
5 78 21
5 82 100
5 83 92
5 86 33
5 94 90
5 95 10
5 98 35
6 8 29
6 13 12
6 15 35
6 17 34
6 18 73
6 21 18
6 24 53
6 26 22
6 29 81
6 32 38
6 38 83
6 44 78
6 46 12
6 48 20
6 50 37
6 51 96
6 53 51
6 55 21
6 57 53
6 59 22
6 60 7
6 61 52
6 64 1
6 66 10
6 67 98
6 70 11
6 72 28
6 74 62
6 75 73
6 76 20
6 79 29
6 80 95
6 81 37
6 84 35
6 86 71
6 90 54
6 91 85
6 95 42
7 8 23
7 9 28
7 10 36
7 13 93
7 23 43
7 26 40
7 27 71
7 28 32
7 29 60
7 30 36
7 32 87
7 33 3
7 38 33
7 44 39
7 47 44
7 48 100
7 51 78
7 52 41
7 53 60
7 57 49
7 59 72
7 62 7
7 64 99
7 65 1
7 68 11
7 69 19
7 71 66
7 75 65
7 78 10
7 79 25
7 80 18
7 83 76
7 88 32
7 89 87
7 93 4
7 95 2
7 96 21
7 97 34
7 100 61
8 9 25
8 11 99
8 18 48
8 21 99
8 26 76
8 27 92
8 28 86
8 30 32
8 31 22
8 34 28
8 35 83
8 37 42
8 41 40
8 42 81
8 46 8
8 47 92
8 48 54
8 49 21
8 51 65
8 54 40
8 56 73
8 59 41
8 62 3
8 63 25
8 65 44
8 69 92
8 70 56
8 71 2
8 73 36
8 78 19
8 79 27
8 82 81
8 86 90
8 88 69
8 90 1
8 94 53
8 99 72
9 10 10
9 14 21
9 15 91
9 18 16
9 22 3
9 24 96
9 27 9
9 30 39
9 31 45
9 33 89
9 34 88
9 35 86
9 38 80
9 40 10
9 43 66
9 50 42
9 51 24
9 52 91
9 53 59
9 55 29
9 56 87
9 58 65
9 60 40
9 61 46
9 63 82
9 64 58
9 69 100
9 73 48
9 76 83
9 79 79
9 83 40
9 84 13
9 88 54
9 94 57
9 96 51
9 100 11
10 12 26
10 14 22
10 15 74
10 21 49
10 22 2
10 24 38
10 28 63
10 29 86
10 33 46
10 40 72
10 42 60
10 43 53
10 47 94
10 48 6
10 49 14
10 50 91
10 52 2
10 54 17
10 56 5
10 59 10
10 62 52
10 64 2
10 66 80
10 67 3
10 75 39
10 77 20
10 79 8
10 82 69
10 83 15
10 85 77
10 90 65
10 91 44
10 95 50
11 14 97
11 17 32
11 25 15
11 28 22
11 29 62
11 31 12
11 32 37
11 38 34
11 40 46
11 43 70
11 48 76
11 49 73
11 50 32
11 55 1
11 56 55
11 59 73
11 61 69
11 62 28
11 63 49
11 64 22
11 67 96
11 68 99
11 73 21
11 74 30
11 75 57
11 78 45
11 79 71
11 81 65
11 82 51
11 84 59
11 85 74
11 86 1
11 91 74
11 92 71
11 93 40
11 94 40
11 99 49
11 100 12
12 13 14
12 14 43
12 18 11
12 22 86
12 23 3
12 30 77
12 32 56
12 44 30
12 45 98
12 52 35
12 53 41
12 54 53
12 56 55
12 57 2
12 58 58
12 63 64
12 66 100
12 69 7
12 74 88
12 78 93
12 79 87
12 80 12
12 83 50
12 85 76
12 86 63
12 87 98
12 93 91
12 95 29
12 96 36
12 97 52
13 16 97
13 19 88
13 22 69
13 23 62
13 24 16
13 25 37
13 26 6
13 28 95
13 30 33
13 32 62
13 36 97
13 39 3
13 40 39
13 45 73
13 48 16
13 49 90
13 50 86
13 53 61
13 54 9
13 57 45
13 60 79
13 62 74
13 65 52
13 66 55
13 68 21
13 69 41
13 71 9
13 75 67
13 76 26
13 78 29
13 79 52
13 85 17
13 87 24
13 89 9
13 96 95
13 100 43
14 16 19
14 18 2
14 19 90
14 24 98
14 26 32
14 27 2
14 28 79
14 30 31
14 33 40
14 42 91
14 49 60
14 53 57
14 55 35
14 57 19
14 59 36
14 63 5
14 64 42
14 65 86
14 67 98
14 68 74
14 73 94
14 75 89
14 82 16
14 83 63
14 84 52
14 85 3
14 86 46
14 88 2
14 96 5
15 17 43
15 25 34
15 26 88
15 30 80
15 34 28
15 35 37
15 37 61
15 39 19
15 40 8
15 41 100
15 42 39
15 47 12
15 52 20
15 53 15
15 54 10
15 56 78
15 58 71
15 63 12
15 70 1
15 71 55
15 72 49
15 76 10
15 77 29
15 79 5
15 83 42
15 84 91
15 86 34
15 88 75
15 89 8
15 91 91
15 93 61
15 100 53
16 21 67
16 22 27
16 26 91
16 27 76
16 30 5
16 31 80
16 34 59
16 36 46
16 44 55
16 45 91
16 46 30
16 49 21
16 52 29
16 53 68
16 59 64
16 62 69
16 75 77
16 77 30
16 79 43
16 81 93
16 82 59
16 83 39
16 84 51
16 85 36
16 86 78
16 90 33
16 91 98
16 92 31
16 95 49
16 98 26
16 100 85
17 19 46
17 20 9
17 21 59
17 28 77
17 29 63
17 31 18
17 33 34
17 35 20
17 37 81
17 38 82
17 40 43
17 42 30
17 43 59
17 45 3
17 47 17
17 48 48
17 51 33
17 52 54
17 55 73
17 60 43
17 62 43
17 68 28
17 71 54
17 72 78
17 74 63
17 77 73
17 78 92
17 80 68
17 81 17
17 82 49
17 84 78
17 85 12
17 89 28
17 90 63
17 91 2
17 94 33
17 98 96
17 99 86
18 24 33
18 29 35
18 31 2
18 32 99
18 37 69
18 39 48
18 43 84
18 45 55
18 47 4
18 51 66
18 52 76
18 54 60
18 55 2
18 56 50
18 58 43
18 59 30
18 61 96
18 63 16
18 70 48
18 72 48
18 73 9
18 75 12
18 84 36
18 85 70
18 88 91
18 89 56
18 90 65
18 91 18
18 95 32
18 96 28
18 97 27
19 20 1
19 29 78
19 30 69
19 35 37
19 37 28
19 44 70
19 46 31
19 48 2
19 52 3
19 55 32
19 58 59
19 59 86
19 61 42
19 62 49
19 66 75
19 67 26
19 68 84
19 69 84
19 70 11
19 71 28
19 72 51
19 78 86
19 79 2
19 80 1
19 81 64
19 82 76
19 83 68
19 85 52
19 86 59
19 90 72
19 92 75
19 95 12
19 96 31
19 97 29
19 98 53
20 21 53
20 22 7
20 23 65
20 24 97
20 27 96
20 28 42
20 29 61
20 32 88
20 33 85
20 37 25
20 41 21
20 46 66
20 51 53
20 52 52
20 53 89
20 56 68
20 58 24
20 61 99
20 64 63
20 71 34
20 73 22
20 78 27
20 80 78
20 83 80
20 84 41
20 85 14
20 87 72
20 89 26
20 90 4
20 91 74
20 92 43
20 93 7
20 95 93
20 96 95
20 98 81
20 99 72
21 24 14
21 25 69
21 29 53
21 30 8
21 32 59
21 33 30
21 34 18
21 37 99
21 40 58
21 43 33
21 44 11
21 45 53
21 50 61
21 54 51
21 55 65
21 58 41
21 59 25
21 60 84
21 62 100
21 65 30
21 68 96
21 71 31
21 74 41
21 78 52
21 79 28
21 80 38
21 81 81
21 84 17
21 86 22
21 93 94
21 96 26
21 99 83
21 100 96
22 26 6
22 27 43
22 30 35
22 32 38
22 34 89
22 39 52
22 41 46
22 43 21
22 45 84
22 48 61
22 49 38
22 52 99
22 54 10
22 60 34
22 61 74
22 63 100
22 66 4
22 67 32
22 72 100
22 73 64
22 74 38
22 78 2
22 81 50
22 84 87
22 88 71
22 89 59
22 92 24
22 95 37
22 96 62
22 97 18
22 98 67
22 99 21
22 100 51
23 24 23
23 26 29
23 28 18
23 35 78
23 38 57
23 41 46
23 42 57
23 43 87
23 47 8
23 49 73
23 50 5
23 52 76
23 53 53
23 58 54
23 60 24
23 63 22
23 65 79
23 70 93
23 74 49
23 76 34
23 77 55
23 80 54
23 83 55
23 89 92
23 90 70
23 91 68
23 94 58
23 95 60
23 96 59
24 25 63
24 26 2
24 27 17
24 30 31
24 35 44
24 38 24
24 41 1
24 42 26
24 43 36
24 44 93
24 47 79
24 49 69
24 51 45
24 53 43
24 54 57
24 57 49
24 59 92
24 60 93
24 62 67
24 63 65
24 64 82
24 67 8
24 69 8
24 71 5
24 74 93
24 75 60
24 77 82
24 78 86
24 80 82
24 81 49
24 84 31
24 85 56
24 86 61
24 91 36
24 94 22
25 26 55
25 29 68
25 31 5
25 39 23
25 41 62
25 42 51
25 45 76
25 46 31
25 47 75
25 48 60
25 49 65
25 50 73
25 52 88
25 55 71
25 60 26
25 61 12
25 68 59
25 75 54
25 77 54
25 81 36
25 82 23
25 85 97
25 87 8
25 88 43
25 89 13
25 90 6
25 92 29
25 93 6
25 95 18
25 99 37
26 27 52
26 28 96
26 34 93
26 35 39
26 41 38
26 49 87
26 51 86
26 52 33
26 54 7
26 56 46
26 60 79
26 62 16
26 66 80
26 69 76
26 72 65
26 75 69
26 77 11
26 78 18
26 82 47
26 83 28
26 84 9
26 87 80
26 88 5
26 89 82
26 90 59
26 94 52
26 97 84
26 98 30
27 28 71
27 29 73
27 31 44
27 32 98
27 33 13
27 35 65
27 36 96
27 37 15
27 38 11
27 39 19
27 40 54
27 41 52
27 43 65
27 47 19
27 50 10
27 51 19
27 54 60
27 56 39
27 57 36
27 58 86
27 60 32
27 61 96
27 64 97
27 68 32
27 73 47
27 75 80
27 78 44
27 80 65
27 82 39
27 83 4
27 84 59
27 85 75
27 88 23
27 91 91
27 95 54
27 96 86
27 98 40
28 29 14
28 33 46
28 36 71
28 37 42
28 38 96
28 42 43
28 44 11
28 47 48
28 48 20
28 52 34
28 53 61
28 58 39
28 65 23
28 67 84
28 74 91
28 75 73
28 77 81
28 80 54
28 82 68
28 83 46
28 87 58
28 94 49
28 98 51
28 99 22
28 100 2
29 31 72
29 32 50
29 38 77
29 39 14
29 41 92
29 42 71
29 46 54
29 47 32
29 50 45
29 52 78
29 53 8
29 55 1
29 57 34
29 58 83
29 63 82
29 66 76
29 67 8
29 68 99
29 71 100
29 73 30
29 75 100
29 76 88
29 81 17
29 84 47
29 87 16
29 90 81
29 91 85
29 93 70
29 94 95
29 97 94
29 99 39
29 100 47
30 32 47
30 33 27
30 34 85
30 41 56
30 44 77
30 45 77
30 49 57
30 52 1
30 59 77
30 60 28
30 61 84
30 62 69
30 63 82
30 65 71
30 70 81
30 74 100
30 80 65
30 83 41
30 89 25
30 90 77
30 91 81
30 93 95
30 94 2
30 95 98
30 96 94
30 97 84
30 99 14
30 100 76
31 32 61
31 35 89
31 38 6
31 42 26
31 45 41
31 47 16
31 52 21
31 54 93
31 55 97
31 56 76
31 59 72
31 61 89
31 62 85
31 63 86
31 64 5
31 66 96
31 67 68
31 72 28
31 77 78
31 78 1
31 81 73
31 83 20
31 84 42
31 85 54
31 88 30
31 91 58
31 93 73
31 97 59
31 98 85
31 100 6
32 36 48
32 37 97
32 40 15
32 44 64
32 45 80
32 46 36
32 47 94
32 51 16
32 54 54
32 56 51
32 57 33
32 60 75
32 62 67
32 63 26
32 72 68
32 75 2
32 78 78
32 83 33
32 89 35
32 91 39
32 94 47
33 36 48
33 42 29
33 43 18
33 46 20
33 49 27
33 51 91
33 52 25
33 56 97
33 57 50
33 59 20
33 61 66
33 62 65
33 64 8
33 71 20
33 72 10
33 73 8
33 74 81
33 78 51
33 79 83
33 80 89
33 82 52
33 88 74
33 95 67
33 98 98
33 99 23
34 35 58
34 43 97
34 44 68
34 54 57
34 55 100
34 61 54
34 62 24
34 63 37
34 64 14
34 66 82
34 69 38
34 70 30
34 71 12
34 72 52
34 74 59
34 75 57
34 76 54
34 78 18
34 80 74
34 83 33
34 84 39
34 85 53
34 93 26
34 97 11
34 98 41
34 99 29
34 100 4
35 37 41
35 41 88
35 45 75
35 48 89
35 51 47
35 61 7
35 63 67
35 65 44
35 66 23
35 75 73
35 76 66
35 77 33
35 78 56
35 79 89
35 81 93
35 83 62
35 86 51
35 93 1
35 94 3
35 98 15
35 99 30
35 100 39
36 39 67
36 44 19
36 46 32
36 48 96
36 50 67
36 53 78
36 59 36
36 60 83
36 64 21
36 69 44
36 70 93
36 73 5
36 75 18
36 79 4
36 80 64
36 82 69
36 85 87
36 86 4
36 88 17
36 89 2
36 90 2
36 91 83
36 96 54
36 97 54
36 99 88
37 39 95
37 41 12
37 42 66
37 45 87
37 47 14
37 48 63
37 49 31
37 51 52
37 57 66
37 61 43
37 63 24
37 65 50
37 66 30
37 67 84
37 68 41
37 69 13
37 70 81
37 73 57
37 77 47
37 78 85
37 79 15
37 82 56
37 84 85
37 87 76
37 92 40
37 93 69
37 94 49
37 96 60
37 97 69
37 98 7
37 100 53
38 39 29
38 42 34
38 43 95
38 45 41
38 46 53
38 49 90
38 52 43
38 53 59
38 54 4
38 55 84
38 56 15
38 58 36
38 62 43
38 63 40
38 71 68
38 72 55
38 90 10
38 91 4
38 95 4
39 40 29
39 41 84
39 43 78
39 44 18
39 46 62
39 49 7
39 54 6
39 60 4
39 61 69
39 68 45
39 69 68
39 73 31
39 74 93
39 75 57
39 76 48
39 81 8
39 82 47
39 84 66
39 85 62
39 86 9
39 87 75
39 88 23
39 90 51
39 91 14
39 92 44
39 96 75
39 97 17
39 98 93
39 100 70
40 41 53
40 43 1
40 45 90
40 46 23
40 48 40
40 49 47
40 50 13
40 52 82
40 56 4
40 58 5
40 59 81
40 63 26
40 67 2
40 72 84
40 73 17
40 74 13
40 76 12
40 80 89
40 81 79
40 83 2
40 85 55
40 88 29
40 89 75
40 94 5
40 97 90
41 42 74
41 44 40
41 45 77
41 51 35
41 52 9
41 53 52
41 56 74
41 57 31
41 63 75
41 64 79
41 67 57
41 68 38
41 71 58
41 72 55
41 74 90
41 76 12
41 77 54
41 80 26
41 83 80
41 84 70
41 85 70
41 86 43
41 90 5
41 91 28
41 92 41
41 94 21
41 96 43
41 97 99
42 43 66
42 44 53
42 50 71
42 51 12
42 53 73
42 62 70
42 67 40
42 70 37
42 73 46
42 77 15
42 79 23
42 81 39
42 82 24
42 83 28
42 90 27
42 91 56
42 93 68
42 94 80
42 95 75
42 97 68
42 99 76
42 100 53
43 44 80
43 46 48
43 48 8
43 54 82
43 55 84
43 56 79
43 59 43
43 60 39
43 61 78
43 63 7
43 65 67
43 66 91
43 67 51
43 69 100
43 76 51
43 79 55
43 82 98
43 83 19
43 84 63
43 85 59
43 86 28
43 90 10
43 91 92
43 95 59
43 96 81
44 45 10
44 47 85
44 49 63
44 50 43
44 52 96
44 54 89
44 59 12
44 66 10
44 67 7
44 68 78
44 72 3
44 74 57
44 75 28
44 77 2
44 80 3
44 85 97
44 86 38
44 87 41
44 92 91
44 95 56
44 96 94
44 97 97
45 47 59
45 48 21
45 49 69
45 50 6
45 51 18
45 52 49
45 57 50
45 61 36
45 64 51
45 67 16
45 70 27
45 72 66
45 73 31
45 74 55
45 75 33
45 76 50
45 79 65
45 83 5
45 85 33
45 86 15
45 92 94
45 95 96
45 97 67
45 99 96
45 100 36
46 49 97
46 52 39
46 54 70
46 55 68
46 60 45
46 63 3
46 66 43
46 67 52
46 68 97
46 69 12
46 76 14
46 82 85
46 83 94
46 84 35
46 85 41
46 87 54
46 94 68
46 95 29
46 96 2
47 51 45
47 54 65
47 56 39
47 58 62
47 62 77
47 63 16
47 68 36
47 73 92
47 76 17
47 82 42
47 86 61
47 87 27
47 88 35
47 90 21
47 91 89
47 95 30
47 96 66
47 97 34
47 99 70
48 53 97
48 59 68
48 61 19
48 62 62
48 66 10
48 68 60
48 69 43
48 71 87
48 78 98
48 81 91
48 82 41
48 83 43
48 86 42
48 88 100
48 89 35
48 92 38
48 93 28
48 100 37
49 52 73
49 53 26
49 58 91
49 60 63
49 69 2
49 75 51
49 76 84
49 77 36
49 87 96
49 88 83
49 92 34
49 93 29
49 94 91
49 96 58
49 98 35
49 99 62
49 100 49
50 53 15
50 56 6
50 57 75
50 59 38
50 61 66
50 64 18
50 68 73
50 71 37
50 74 53
50 75 91
50 77 39
50 81 50
50 82 23
50 83 34
50 84 28
50 86 88
50 87 15
50 88 83
50 90 78
50 91 39
50 93 91
50 95 85
50 96 43
50 99 8
50 100 96
51 52 9
51 58 69
51 60 92
51 61 72
51 62 67
51 63 78
51 65 87
51 66 36
51 67 85
51 68 50
51 74 32
51 76 94
51 78 54
51 82 25
51 83 15
51 84 23
51 88 96
51 91 94
51 92 16
51 96 98
51 99 18
51 100 14
52 54 65
52 61 4
52 63 57
52 66 96
52 72 69
52 75 23
52 77 76
52 79 10
52 81 53
52 82 66
52 86 64
52 88 71
52 89 1
52 90 13
52 91 74
52 94 24
52 95 99
52 97 56
52 99 71
53 61 10
53 63 69
53 65 44
53 66 21
53 67 59
53 70 52
53 76 99
53 78 72
53 79 49
53 80 56
53 81 95
53 85 12
53 86 31
53 88 40
53 90 40
53 91 99
53 98 83
53 100 37
54 55 61
54 58 96
54 60 86
54 62 98
54 66 75
54 67 1
54 68 36
54 70 64
54 74 13
54 76 89
54 77 75
54 81 56
54 85 83
54 87 88
54 89 46
54 91 3
54 92 62
54 96 35
54 99 32
55 58 89
55 61 81
55 62 22
55 64 63
55 74 46
55 75 97
55 76 69
55 79 11
55 83 57
55 85 6
55 89 55
55 91 7
55 92 92
55 96 49
55 98 54
56 58 70
56 59 11
56 61 74
56 62 51
56 63 6
56 64 47
56 65 16
56 67 16
56 68 58
56 74 2
56 75 17
56 77 73
56 85 82
56 86 38
56 88 63
56 89 31
56 92 44
56 93 76
56 95 38
56 96 15
56 97 31
56 99 94
56 100 60
57 58 98
57 63 11
57 68 32
57 71 72
57 72 43
57 73 63
57 75 61
57 80 40
57 83 1
57 84 13
57 86 2
57 88 92
57 89 6
57 91 31
57 92 57
57 94 9
57 97 29
58 59 86
58 64 37
58 67 10
58 68 89
58 70 95
58 71 85
58 78 60
58 79 98
58 80 16
58 83 99
58 86 65
58 87 52
58 88 25
58 91 17
58 98 61
59 64 86
59 68 96
59 69 91
59 72 4
59 75 64
59 78 1
59 81 52
59 82 19
59 84 55
59 91 99
59 93 78
59 95 65
59 96 11
59 98 36
60 63 49
60 64 98
60 66 93
60 67 52
60 70 84
60 71 98
60 73 39
60 82 40
60 85 2
60 86 60
60 88 98
60 90 53
60 91 3
60 92 82
60 93 47
60 96 41
60 97 67
60 100 58
61 66 100
61 67 81
61 72 71
61 77 18
61 78 75
61 79 21
61 80 58
61 82 25
61 88 61
62 63 86
62 64 92
62 65 1
62 66 42
62 69 69
62 70 100
62 74 96
62 75 71
62 78 84
62 79 83
62 82 23
62 83 87
62 85 58
62 86 45
62 89 39
62 90 11
62 91 75
62 94 41
62 96 81
62 98 91
62 100 84
63 69 16
63 71 32
63 72 93
63 74 32
63 75 81
63 77 17
63 78 58
63 81 90
63 82 38
63 83 46
63 87 45
63 95 38
63 96 65
63 98 25
64 67 28
64 68 6
64 74 84
64 75 49
64 77 87
64 78 54
64 80 87
64 81 95
64 82 33
64 83 54
64 84 98
64 85 79
64 90 4
64 91 32
64 96 4
64 97 42
64 98 18
64 100 72
65 66 63
65 67 44
65 68 41
65 69 88
65 77 71
65 82 78
65 83 6
65 86 97
65 91 23
65 92 30
65 94 72
65 98 92
66 67 55
66 69 46
66 74 93
66 77 78
66 78 93
66 80 23
66 86 41
66 87 25
66 88 55
66 89 61
66 91 37
66 92 86
66 95 82
66 97 45
66 99 42
67 69 54
67 72 64
67 73 91
67 75 35
67 76 59
67 78 31
67 80 74
67 83 100
67 84 88
67 89 63
67 92 2
67 94 86
67 95 41
67 96 11
67 98 4
68 69 98
68 70 32
68 71 5
68 72 99
68 79 22
68 80 66
68 81 97
68 87 6
68 91 11
68 93 38
68 94 19
68 96 28
68 98 84
68 99 34
69 73 53
69 76 37
69 77 40
69 78 61
69 79 20
69 80 27
69 88 2
69 95 60
69 97 98
70 73 63
70 75 86
70 77 66
70 81 18
70 83 1
70 84 63
70 87 66
70 91 89
70 93 70
70 94 67
70 99 35
71 74 1
71 78 98
71 79 57
71 80 41
71 81 47
71 83 84
71 84 43
71 86 93
71 89 38
71 90 89
71 94 82
71 95 83
71 98 31
72 73 74
72 76 72
72 79 87
72 84 71
72 87 28
72 91 86
72 92 20
72 95 55
72 97 48
72 98 93
72 100 100
73 75 86
73 77 47
73 79 25
73 83 83
73 84 52
73 87 29
73 89 20
73 90 78
73 93 79
73 96 35
73 97 80
73 98 51
73 100 92
74 76 44
74 79 65
74 81 22
74 85 13
74 86 17
74 89 10
74 90 11
74 91 73
74 93 72
74 99 99
75 77 17
75 86 89
75 88 17
75 91 23
75 93 19
75 94 27
75 95 85
75 97 53
75 100 63
76 77 75
76 79 5
76 83 13
76 86 16
76 88 49
76 89 29
76 91 1
76 92 68
76 93 94
76 95 51
76 96 20
76 97 87
76 99 8
77 81 23
77 84 66
77 86 77
77 88 49
77 92 87
77 93 75
77 95 89
77 96 55
77 98 31
77 99 19
78 86 6
78 87 2
78 88 2
78 89 27
78 90 7
78 93 45
78 95 56
78 99 20
79 81 32
79 83 34
79 85 95
79 90 2
79 95 92
79 98 59
80 81 95
80 87 52
80 88 52
80 91 30
80 92 65
80 93 25
80 98 99
80 100 98
81 82 41
81 83 47
81 84 97
81 85 42
81 86 71
81 87 88
81 88 32
81 91 58
81 96 95
81 98 66
82 83 5
82 84 35
82 86 87
82 88 11
82 90 61
82 93 50
82 95 26
82 97 75
82 98 97
82 99 89
83 84 98
83 85 70
83 86 83
83 90 68
83 96 86
83 97 10
84 90 76
84 91 28
84 92 27
84 93 13
85 86 68
85 87 35
85 92 49
85 95 76
85 98 8
86 90 23
86 91 27
86 92 99
86 93 27
86 98 11
86 100 6
87 88 1
87 89 90
87 90 10
87 92 81
87 93 42
87 94 76
87 96 55
87 97 44
88 89 14
88 91 9
88 93 74
88 96 18
88 97 86
88 100 56
89 92 64
89 93 84
89 95 70
89 97 60
89 99 92
90 92 29
90 93 47
90 94 44
90 96 54
90 97 72
90 98 12
90 99 41
90 100 34
91 92 66
91 95 29
91 96 91
91 97 88
91 98 30
91 99 70
91 100 65
92 99 21
93 94 82
93 100 71
94 96 12
94 98 88
94 100 91
97 98 78
97 99 95
98 99 54
98 100 20
1 2 7
1 3 31
1 7 79
1 8 49
1 11 37
1 15 56
1 16 47
1 20 31
1 25 84
1 26 79
1 27 85
1 30 27
1 31 69
1 34 77
1 35 17
1 36 65
1 37 87
1 38 94
1 40 59
1 44 50
1 51 84
1 53 37
1 54 56
1 56 54
1 57 96
1 58 16
1 61 86
1 77 87
1 81 39
1 85 70
1 90 7
1 91 55
1 94 15
1 95 25
1 98 64
1 100 83
2 3 13
2 4 64
2 6 98
2 9 25
2 10 68
2 15 99
2 18 56
2 21 59
2 22 9
2 23 77
2 26 32
2 33 5
2 34 40
2 38 6
2 40 7
2 43 50
2 47 67
2 48 68
2 49 96
2 51 100
2 52 11
2 53 59
2 55 28
2 57 48
2 58 57
2 59 55
2 61 95
2 62 69
2 67 82
2 72 36
2 73 53
2 74 57
2 76 52
2 80 41
2 86 17
2 87 60
2 88 50
2 90 27
2 91 72
2 96 28
2 97 57
2 98 28
2 100 34
3 6 41
3 8 31
3 9 48
3 11 15
3 12 51
3 15 84
3 20 9
3 22 22
3 23 26
3 33 22
3 36 83
3 37 91
3 42 13
3 44 3
3 47 35
3 49 79
3 50 82
3 52 19
3 54 49
3 55 6
3 62 15
3 63 94
3 64 79
3 65 92
3 67 59
3 71 12
3 73 80
3 74 2
3 81 55
3 85 79
3 86 41
3 88 99
3 89 29
3 90 6
3 91 87
3 92 44
3 99 90
4 9 64
4 10 79
4 12 85
4 13 14
4 15 83
4 20 49
4 23 2
4 26 95
4 27 44
4 28 97
4 33 15
4 36 90
4 37 55
4 38 63
4 44 54
4 47 45
4 48 23
4 50 16
4 51 91
4 52 44
4 56 70
4 58 43
4 61 85
4 62 35
4 64 9
4 70 60
4 73 83
4 74 13
4 77 49
4 78 82
4 79 51
4 80 50
4 85 83
4 86 10
4 87 32
4 89 19
4 91 23
4 92 34
4 93 9
4 95 30
4 96 42
4 98 13
5 8 57
5 9 15
5 11 6
5 16 45
5 21 52
5 22 91
5 26 58
5 29 23
5 30 86
5 35 79
5 37 81
5 40 29
5 42 2
5 45 72
5 51 43
5 52 24
5 53 66
5 57 67
5 62 9
5 65 34
5 66 82
5 67 56
5 70 16
5 71 41
5 73 83
5 78 98
5 79 25
5 80 49
5 81 42
5 82 70
5 85 10
5 87 44
5 90 7
5 92 94
5 93 59
5 95 83
5 97 75
5 99 100
5 100 59
6 8 54
6 12 4
6 14 90
6 17 24
6 18 23
6 22 6
6 26 53
6 28 66
6 29 93
6 31 19
6 33 6
6 40 29
6 41 34
6 44 93
6 47 13
6 49 88
6 50 79
6 53 95
6 54 55
6 56 48
6 57 21
6 58 26
6 64 85
6 66 79
6 68 36
6 70 67
6 71 31
6 73 92
6 79 59
6 81 18
6 83 95
6 84 79
6 89 69
6 91 6
6 92 52
6 94 2
6 95 56
6 96 100
6 98 88
6 100 49
7 13 98
7 15 2
7 18 63
7 19 24
7 21 19
7 24 7
7 25 86
7 26 38
7 30 33
7 32 86
7 33 55
7 34 96
7 36 16
7 39 53
7 41 68
7 43 66
7 44 78
7 46 1
7 47 18
7 48 81
7 50 75
7 51 21
7 57 2
7 61 46
7 62 55
7 67 19
7 68 5
7 69 45
7 71 22
7 74 60
7 78 35
7 80 95
7 83 86
7 85 31
7 86 35
7 87 51
7 89 30
8 9 73
8 10 73
8 11 90
8 13 58
8 17 47
8 19 26
8 20 71
8 21 98
8 23 27
8 24 47
8 25 80
8 27 41
8 30 67
8 33 34
8 34 84
8 37 23
8 39 34
8 42 68
8 43 97
8 44 75
8 45 91
8 47 97
8 53 59
8 59 84
8 61 44
8 64 15
8 69 5
8 70 60
8 73 10
8 81 70
8 82 57
8 86 2
8 88 38
8 94 70
8 96 70
8 97 93
8 99 46
8 100 14
9 19 67
9 29 86
9 30 31
9 32 80
9 33 58
9 35 5
9 36 36
9 37 1
9 39 69
9 42 11
9 43 34
9 46 61
9 50 41
9 51 52
9 54 9
9 58 12
9 60 89
9 62 92
9 64 64
9 66 12
9 74 90
9 77 28
9 83 22
9 84 52
9 88 81
9 89 91
9 94 87
9 99 98
9 100 2
10 19 50
10 20 64
10 27 55
10 28 23
10 29 65
10 31 54
10 34 77
10 38 86
10 39 6
10 43 26
10 46 7
10 47 19
10 52 81
10 54 26
10 56 53
10 58 69
10 60 93
10 62 6
10 63 28
10 64 77
10 67 47
10 69 18
10 71 73
10 72 89
10 74 17
10 78 16
10 80 99
10 81 67
10 83 78
10 85 5
10 88 86
10 91 68
10 93 62
10 95 16
10 96 78
10 97 25
10 98 59
11 14 26
11 15 14
11 19 19
11 23 15
11 24 27
11 27 11
11 28 31
11 30 75
11 32 100
11 34 60
11 36 57
11 37 99
11 38 63
11 42 31
11 43 83
11 46 14
11 47 6
11 48 29
11 49 57
11 50 79
11 53 63
11 63 45
11 67 96
11 70 89
11 74 40
11 76 9
11 79 31
11 80 41
11 81 28
11 82 65
11 86 40
11 87 30
11 90 70
11 93 77
11 97 96
11 100 69
12 19 77
12 22 69
12 24 100
12 25 85
12 27 47
12 28 17
12 36 54
12 39 46
12 40 37
12 42 23
12 44 81
12 45 53
12 46 65
12 47 85
12 48 11
12 51 54
12 55 64
12 56 33
12 61 32
12 62 84
12 65 10
12 67 74
12 69 42
12 70 27
12 73 81
12 74 42
12 75 92
12 77 5
12 84 1
12 86 99
12 87 13
12 88 20
12 91 15
12 96 14
13 15 86
13 20 50
13 21 79
13 23 80
13 24 89
13 25 61
13 26 6
13 32 73
13 35 12
13 37 88
13 38 41
13 40 38
13 49 7
13 52 30
13 53 53
13 56 32
13 57 51
13 59 29
13 60 69
13 64 86
13 65 18
13 66 95
13 67 67
13 69 87
13 71 27
13 76 21
13 77 31
13 78 64
13 80 16
13 82 90
13 83 19
13 93 98
13 96 13
14 16 35
14 25 42
14 27 82
14 29 40
14 31 28
14 32 25
14 41 94
14 55 91
14 56 70
14 60 37
14 69 100
14 70 4
14 73 62
14 76 15
14 77 21
14 78 5
14 83 76
14 93 93
14 94 57
14 96 44
14 100 45
15 16 36
15 19 42
15 24 26
15 25 65
15 26 97
15 27 6
15 28 19
15 29 95
15 32 88
15 35 27
15 37 28
15 38 66
15 39 43
15 41 97
15 45 82
15 50 27
15 53 49
15 55 29
15 56 69
15 57 96
15 58 18
15 59 40
15 62 80
15 64 72
15 65 19
15 66 18
15 68 67
15 69 82
15 71 18
15 72 39
15 74 22
15 75 59
15 78 68
15 79 98
15 81 65
15 83 11
15 84 53
15 86 94
15 88 4
15 90 43
15 100 14
16 18 11
16 21 14
16 22 18
16 33 76
16 34 86
16 36 95
16 37 23
16 39 24
16 41 86
16 42 58
16 44 13
16 46 52
16 47 28
16 53 12
16 56 78
16 57 40
16 65 78
16 66 39
16 70 50
16 73 70
16 75 94
16 76 70
16 77 22
16 82 22
16 83 18
16 85 91
16 88 70
16 90 89
16 99 76
16 100 89
17 18 27
17 19 81
17 20 41
17 21 86
17 22 30
17 28 56
17 29 53
17 30 54
17 31 75
17 32 89
17 33 64
17 34 51
17 39 65
17 41 32
17 42 86
17 43 51
17 52 5
17 54 92
17 55 19
17 57 24
17 59 25
17 61 59
17 62 50
17 65 58
17 66 84
17 70 98
17 74 64
17 79 85
17 83 58
17 85 31
17 87 69
17 90 95
17 92 41
17 95 37
17 96 69
17 97 66
18 20 87
18 22 52
18 23 15
18 24 44
18 26 28
18 27 21
18 34 62
18 35 66
18 41 45
18 49 58
18 51 43
18 53 58
18 55 34
18 57 33
18 59 38
18 61 29
18 62 87
18 68 14
18 72 17
18 73 43
18 74 94
18 75 42
18 79 56
18 82 46
18 84 47
18 88 50
18 89 3
18 92 85
18 94 97
18 96 10
18 97 86
18 99 59
18 100 47
19 22 56
19 23 60
19 24 84
19 26 74
19 27 10
19 30 76
19 31 87
19 32 75
19 33 51
19 34 10
19 35 51
19 36 5
19 37 59
19 38 34
19 40 27
19 41 72
19 43 53
19 44 45
19 46 23
19 47 73
19 48 39
19 50 12
19 53 98
19 58 72
19 60 14
19 62 46
19 66 70
19 68 11
19 69 96
19 71 97
19 75 94
19 76 55
19 77 24
19 79 21
19 82 95
19 83 81
19 84 8
19 90 31
19 92 91
19 95 85
19 99 40
20 24 81
20 32 88
20 33 48
20 37 31
20 38 47
20 47 68
20 50 42
20 54 89
20 55 84
20 56 69
20 57 93
20 59 36
20 62 83
20 66 4
20 74 18
20 77 24
20 78 22
20 85 100
20 89 25
20 91 36
20 93 85
20 94 93
20 95 33
20 97 74
20 99 53
21 23 36
21 24 16
21 28 6
21 30 33
21 31 1
21 34 52
21 37 79
21 40 1
21 41 13
21 43 85
21 45 87
21 47 21
21 50 65
21 52 5
21 55 34
21 56 92
21 58 65
21 60 62
21 62 22
21 65 27
21 67 16
21 68 84
21 69 98
21 70 14
21 71 20
21 73 41
21 74 84
21 75 42
21 78 87
21 79 52
21 81 82
21 83 9
21 88 10
21 90 59
21 91 66
21 92 96
21 97 2
21 98 64
21 99 31
21 100 60
22 29 25
22 31 48
22 32 61
22 33 93
22 34 59
22 35 17
22 36 75
22 38 62
22 39 78
22 43 94
22 45 3
22 51 65
22 54 61
22 58 73
22 59 37
22 60 83
22 61 27
22 62 91
22 65 8
22 66 16
22 68 32
22 73 30
22 74 49
22 75 63
22 79 12
22 83 80
22 85 14
22 90 77
22 98 52
22 99 23
22 100 71
23 27 55
23 29 57
23 30 16
23 36 63
23 39 85
23 43 77
23 45 84
23 46 22
23 48 17
23 51 77
23 54 47
23 60 82
23 64 67
23 70 46
23 72 25
23 74 52
23 75 47
23 77 8
23 80 83
23 81 89
23 85 9
23 89 37
23 90 45
23 95 46
23 99 68
24 25 69
24 26 39
24 27 31
24 29 29
24 35 67
24 37 51
24 38 87
24 40 39
24 41 93
24 43 15
24 44 73
24 45 51
24 46 36
24 52 99
24 54 53
24 55 66
24 59 46
24 61 85
24 63 35
24 64 10
24 67 67
24 68 83
24 70 27
24 71 30
24 73 40
24 74 72
24 75 19
24 76 59
24 80 50
24 82 59
24 83 61
24 84 81
24 85 63
24 86 21
24 90 9
24 97 66
24 100 9
25 28 15
25 35 46
25 38 53
25 39 80
25 42 68
25 47 51
25 54 37
25 56 4
25 58 1
25 59 51
25 63 40
25 65 67
25 67 8
25 70 95
25 74 5
25 75 79
25 76 32
25 78 51
25 88 76
25 90 58
25 92 98
25 96 35
25 97 12
25 99 73
26 28 63
26 30 27
26 32 76
26 39 49
26 42 82
26 45 97
26 47 56
26 48 32
26 50 37
26 57 82
26 64 16
26 65 26
26 66 1
26 68 82
26 70 55
26 71 27
26 74 75
26 75 52
26 78 38
26 83 37
26 84 57
26 86 21
26 87 36
26 91 90
26 94 45
26 95 1
26 98 36
26 100 36
27 31 13
27 32 46
27 34 49
27 35 97
27 37 87
27 38 50
27 41 46
27 43 30
27 45 15
27 46 24
27 47 82
27 48 92
27 49 89
27 50 73
27 58 42
27 61 55
27 62 86
27 65 14
27 67 73
27 75 60
27 76 84
27 77 24
27 78 65
27 82 70
27 85 18
27 87 1
27 88 85
27 91 12
27 93 81
27 98 61
28 31 46
28 32 63
28 34 31
28 40 1
28 41 100
28 42 75
28 44 22
28 45 97
28 46 63
28 49 25
28 54 100
28 56 81
28 57 27
28 58 94
28 61 12
28 64 36
28 67 20
28 68 59
28 69 47
28 73 92
28 74 48
28 78 26
28 83 86
28 86 29
28 87 77
28 89 72
28 95 49
28 96 30
28 98 68
28 99 65
28 100 98
29 31 68
29 33 8
29 34 67
29 37 4
29 38 43
29 39 8
29 40 36
29 41 40
29 42 1
29 43 24
29 45 34
29 46 45
29 47 58
29 54 80
29 57 52
29 62 87
29 64 96
29 65 96
29 67 89
29 68 73
29 69 30
29 71 46
29 73 6
29 76 8
29 77 58
29 78 41
29 80 34
29 81 70
29 85 87
29 86 13
29 88 95
29 97 79
29 98 100
29 100 13
30 38 88
30 41 45
30 42 91
30 50 76
30 51 71
30 56 71
30 57 7
30 59 68
30 60 53
30 62 21
30 73 1
30 74 29
30 75 97
30 76 21
30 77 14
30 79 63
30 80 25
30 84 26
30 85 17
30 87 13
30 88 25
30 89 55
30 90 35
30 100 1
31 35 4
31 36 5
31 45 65
31 47 77
31 52 93
31 53 45
31 54 85
31 60 1
31 61 85
31 63 55
31 68 99
31 70 80
31 71 59
31 74 71
31 76 15
31 85 21
31 87 23
31 90 66
31 91 83
31 92 23
31 97 76
31 99 26
32 34 76
32 35 1
32 36 14
32 41 56
32 42 7
32 43 61
32 50 86
32 53 72
32 54 37
32 61 65
32 62 36
32 65 6
32 67 31
32 68 23
32 71 46
32 74 21
32 75 54
32 76 8
32 78 72
32 82 86
32 89 54
32 91 34
32 94 46
32 95 16
32 97 18
32 99 97
32 100 78
33 34 93
33 40 1
33 43 92
33 44 13
33 46 53
33 55 48
33 64 57
33 65 79
33 66 55
33 69 49
33 70 41
33 73 90
33 76 45
33 80 68
33 88 96
33 91 70
33 92 11
33 94 91
33 98 23
33 99 70
33 100 51
34 38 57
34 41 13
34 43 9
34 44 79
34 45 41
34 47 94
34 48 32
34 49 4
34 55 30
34 58 72
34 63 1
34 66 36
34 67 65
34 71 51
34 72 92
34 75 31
34 77 87
34 83 49
34 84 41
34 87 10
34 91 70
34 92 80
34 94 3
34 95 23
34 96 53
34 98 63
34 99 85
34 100 55
35 37 89
35 40 28
35 43 49
35 45 50
35 46 72
35 49 72
35 50 8
35 51 37
35 52 78
35 55 14
35 60 25
35 63 97
35 64 100
35 68 96
35 75 14
35 77 26
35 82 70
35 84 50
35 92 50
35 96 69
35 98 29
36 38 2
36 40 60
36 47 16
36 48 31
36 54 38
36 59 4
36 60 10
36 61 3
36 63 60
36 64 42
36 65 97
36 67 88
36 68 2
36 70 77
36 72 76
36 78 100
36 85 38
36 86 34
36 87 14
36 89 47
36 92 80
36 93 12
36 94 53
36 95 7
36 96 99
36 97 32
36 98 6
36 100 7
37 39 83
37 42 44
37 44 1
37 45 80
37 47 21
37 49 25
37 52 24
37 54 65
37 61 40
37 62 11
37 63 26
37 67 30
37 68 43
37 70 94
37 81 12
37 82 58
37 84 87
37 85 54
37 86 67
37 87 49
37 88 41
37 90 98
37 95 28
37 97 38
37 98 29
37 100 86
38 41 25
38 46 38
38 49 33
38 51 80
38 53 9
38 56 77
38 58 66
38 60 54
38 64 16
38 67 79
38 69 81
38 70 87
38 71 26
38 73 65
38 75 60
38 83 48
38 84 22
38 85 92
38 88 83
38 90 44
38 91 79
38 94 51
38 95 92
38 97 81
38 98 84
39 40 19
39 43 47
39 45 57
39 46 8
39 47 4
39 53 99
39 54 73
39 56 44
39 57 78
39 58 56
39 59 44
39 60 11
39 62 53
39 65 89
39 67 59
39 69 88
39 72 29
39 74 100
39 78 99
39 83 58
39 86 29
39 87 68
39 91 51
39 92 70
39 98 34
39 99 57
40 42 74
40 44 66
40 48 9
40 50 4
40 51 59
40 53 98
40 54 77
40 55 74
40 56 77
40 58 67
40 60 17
40 66 44
40 69 44
40 73 78
40 76 56
40 84 56
40 87 68
40 91 63
40 93 73
40 98 28
41 44 13
41 45 24
41 46 85
41 47 55
41 51 2
41 57 88
41 58 15
41 61 84
41 66 5
41 68 46
41 69 65
41 72 99
41 74 49
41 75 20
41 76 31
41 88 41
41 91 97
41 93 14
41 94 1
41 96 70
41 97 60
42 47 42
42 51 2
42 53 58
42 56 38
42 62 28
42 63 50
42 64 31
42 65 86
42 71 18
42 82 33
42 83 47
42 84 15
42 91 57
42 92 68
42 95 1
42 97 92
42 98 23
42 99 89
42 100 73
43 45 73
43 50 78
43 53 88
43 54 2
43 57 57
43 63 21
43 64 79
43 65 70
43 66 79
43 71 14
43 74 91
43 76 32
43 80 47
43 85 37
43 86 77
43 90 32
43 99 76
43 100 82
44 47 94
44 48 81
44 51 60
44 55 17
44 56 3
44 60 64
44 63 24
44 64 19
44 65 48
44 66 28
44 71 33
44 73 49
44 76 28
44 82 62
44 86 16
44 89 72
44 93 5
44 97 71
44 98 51
45 46 22
45 58 79
45 59 79
45 61 53
45 62 44
45 65 83
45 71 27
45 72 98
45 73 55
45 78 57
45 79 41
45 80 66
45 82 52
45 85 25
45 86 56
45 92 4
45 95 88
45 99 97
45 100 67
46 52 48
46 54 71
46 57 37
46 58 97
46 60 69
46 61 80
46 63 82
46 73 20
46 80 56
46 86 92
46 87 85
46 90 72
46 91 27
46 92 25
46 94 56
47 50 26
47 53 17
47 55 68
47 58 25
47 65 85
47 69 86
47 70 3
47 73 23
47 75 15
47 78 44
47 80 14
47 83 82
47 84 89
47 86 53
47 87 26
47 88 62
47 90 71
47 92 46
47 98 19
48 59 17
48 60 7
48 62 53
48 63 68
48 64 97
48 67 98
48 69 16
48 72 94
48 73 19
48 74 56
48 75 36
48 76 5
48 78 16
48 81 87
48 87 44
48 89 45
48 90 15
48 92 97
49 53 6
49 55 40
49 61 82
49 62 44
49 64 65
49 69 9
49 70 3
49 74 3
49 76 43
49 80 9
49 82 1
49 83 81
49 85 94
49 91 36
49 93 27
49 94 37
49 99 29
50 54 74
50 55 21
50 56 25
50 57 5
50 60 40
50 61 1
50 62 72
50 63 93
50 64 97
50 66 86
50 68 97
50 69 30
50 71 96
50 72 52
50 81 77
50 84 5
50 86 31
50 89 33
50 91 78
50 92 48
50 99 35
50 100 18
51 52 7
51 59 46
51 68 43
51 69 99
51 70 98
51 74 45
51 76 17
51 77 47
51 84 86
51 87 8
51 88 21
51 89 3
51 91 52
51 96 61
52 54 68
52 55 49
52 56 48
52 60 7
52 64 70
52 66 25
52 67 2
52 68 54
52 69 42
52 71 46
52 72 68
52 73 93
52 74 45
52 75 87
52 79 46
52 81 13
52 82 43
52 83 94
52 87 87
52 88 76
52 90 29
52 93 39
52 97 32
52 98 38
52 99 84
53 54 68
53 55 36
53 56 31
53 57 75
53 58 28
53 60 33
53 68 57
53 70 38
53 72 41
53 74 8
53 79 60
53 80 92
53 82 77
53 84 54
53 87 34
53 89 77
53 90 80
53 91 44
53 94 21
53 96 63
53 98 86
54 58 50
54 69 33
54 70 39
54 72 95
54 77 48
54 79 5
54 80 85
54 83 37
54 84 49
54 86 23
54 87 47
54 88 67
54 90 46
54 92 31
54 94 30
54 95 33
55 60 9
55 63 100
55 66 55
55 68 72
55 71 9
55 73 23
55 76 100
55 80 26
55 81 6
55 82 3
55 83 50
55 85 35
55 88 95
55 89 78
55 93 73
55 94 16
55 96 74
55 97 51
56 63 48
56 64 40
56 65 16
56 66 98
56 70 17
56 71 13
56 72 93
56 76 76
56 77 92
56 80 37
56 83 41
56 85 4
56 87 57
56 90 23
56 92 67
56 96 76
56 97 70
56 98 65
56 99 6
57 61 59
57 62 35
57 63 99
57 64 39
57 65 12
57 66 76
57 73 67
57 74 34
57 79 67
57 89 42
57 90 10
57 96 36
57 99 5
58 59 63
58 62 73
58 64 25
58 68 45
58 71 37
58 72 49
58 73 36
58 76 18
58 77 81
58 81 76
58 82 10
58 83 72
58 86 47
58 89 55
58 91 42
58 92 54
58 99 72
58 100 49
59 60 5
59 62 21
59 67 65
59 68 33
59 80 39
59 93 83
59 95 16
59 99 24
60 61 94
60 62 32
60 64 34
60 67 54
60 68 73
60 69 68
60 73 86
60 76 66
60 77 69
60 87 81
60 88 99
60 89 6
60 93 53
60 96 55
61 66 71
61 69 40
61 74 69
61 77 59
61 80 18
61 81 13
61 86 44
61 87 35
61 89 62
61 90 82
61 91 57
61 93 25
61 100 8
62 66 82
62 69 85
62 72 14
62 76 65
62 78 7
62 80 96
62 81 16
62 85 57
62 88 40
62 99 6
63 68 50
63 71 27
63 74 88
63 75 82
63 80 12
63 82 30
63 83 61
63 85 36
63 87 14
63 89 58
63 90 22
63 92 54
63 99 8
64 73 14
64 74 34
64 75 77
64 83 42
64 84 44
64 89 97
64 90 54
64 92 69
64 93 44
64 94 52
64 95 17
64 96 54
64 97 88
64 98 62
64 100 91
65 69 25
65 71 6
65 75 85
65 76 56
65 77 32
65 82 81
65 83 60
65 84 54
65 86 95
65 87 67
65 91 12
65 92 7
65 93 83
65 94 8
65 95 73
65 98 83
66 68 8
66 71 57
66 73 89
66 77 59
66 79 56
66 84 91
66 86 52
66 87 13
66 88 36
66 94 62
66 100 52
67 68 82
67 69 60
67 70 64
67 80 16
67 81 14
67 84 19
67 86 12
67 87 28
67 91 40
67 93 96
67 96 77
67 100 73
68 71 3
68 73 36
68 75 93
68 78 68
68 84 80
68 88 6
68 89 24
68 90 16
68 91 54
68 93 43
68 94 13
68 97 92
68 98 65
68 99 34
69 70 96
69 72 68
69 75 34
69 77 14
69 79 73
69 80 47
69 83 71
69 87 27
69 88 98
69 91 93
69 95 41
70 75 81
70 76 28
70 77 22
70 79 40
70 81 54
70 86 25
70 87 68
70 89 50
70 91 42
70 92 7
70 93 22
70 99 70
71 73 97
71 74 30
71 78 93
71 79 63
71 86 24
71 88 24
71 90 61
71 91 100
71 92 19
71 94 69
71 97 55
71 99 44
72 75 94
72 76 69
72 77 21
72 78 18
72 81 69
72 86 69
72 87 96
72 90 3
72 91 42
72 92 1
72 96 32
72 98 40
72 99 74
73 77 54
73 81 57
73 85 45
73 88 80
73 89 30
73 90 43
73 91 27
73 93 88
73 96 57
74 77 59
74 80 13
74 82 26
74 84 49
74 86 24
74 87 5
74 89 36
74 92 68
74 95 36
74 96 59
74 98 53
74 99 26
75 79 68
75 82 91
75 83 7
75 84 6
75 87 69
75 95 12
75 98 66
76 78 38
76 80 83
76 83 96
76 85 50
76 87 93
76 89 71
76 93 71
76 95 25
76 98 45
77 78 30
77 79 23
77 80 16
77 81 27
77 82 86
77 83 70
77 84 92
77 86 17
77 87 64
77 89 61
77 90 5
77 91 31
77 94 43
78 82 55
78 83 99
78 88 62
78 90 30
78 91 54
78 93 25
78 94 6
78 95 7
78 96 99
78 98 27
78 99 19
79 81 16
79 83 26
79 84 4
79 85 90
79 94 86
79 96 4
79 98 67
79 99 14
80 81 16
80 83 34
80 85 12
80 89 2
80 91 87
80 92 53
80 94 88
80 96 33
80 97 71
80 100 49
81 84 77
81 86 5
81 87 87
81 93 65
81 97 78
81 99 93
82 84 8
82 85 88
82 87 96
82 91 20
82 92 32
82 95 79
82 96 83
82 97 43
82 100 93
83 84 18
83 85 76
83 88 53
83 89 95
83 90 55
83 91 31
84 85 32
84 86 87
84 87 77
84 90 20
84 95 74
84 96 74
84 99 75
84 100 65
85 87 65
85 90 55
85 93 27
85 94 21
85 95 72
85 99 14
86 90 92
86 91 85
86 93 98
86 94 53
86 95 7
87 88 21
87 92 39
87 95 84
88 90 7
88 92 50
88 93 36
88 94 70
88 97 53
88 98 76
88 99 100
89 90 76
89 93 40
89 94 35
89 96 63
89 97 85
89 99 49
90 92 68
90 95 87
90 100 35
92 97 80
92 99 45
93 94 37
93 95 26
93 96 14
93 97 5
93 98 10
93 100 44
94 99 42
95 98 93
95 99 27
96 97 26
97 100 16
98 99 19
99 100 39
1 3 58
1 7 1
1 9 44
1 11 99
1 14 47
1 15 54
1 16 91
1 19 39
1 21 19
1 22 49
1 23 76
1 25 18
1 28 62
1 30 13
1 31 12
1 34 47
1 36 22
1 39 87
1 43 84
1 45 12
1 47 92
1 48 64
1 52 34
1 55 23
1 56 97
1 60 67
1 61 62
1 64 100
1 68 94
1 69 45
1 73 57
1 80 70
1 81 36
1 82 34
1 83 20
1 84 52
1 90 11
1 92 70
1 94 47
1 95 2
1 97 1
1 99 3
2 3 25
2 4 84
2 12 90
2 15 99
2 17 47
2 19 91
2 21 23
2 22 26
2 24 41
2 25 32
2 26 33
2 28 36
2 30 84
2 34 20
2 36 96
2 38 34
2 44 95
2 45 42
2 48 6
2 54 26
2 56 18
2 58 7
2 60 20
2 62 97
2 65 12
2 71 34
2 75 6
2 78 56
2 82 56
2 91 20
2 92 48
2 98 20
2 100 47
3 6 35
3 8 20
3 10 87
3 12 92
3 15 20
3 16 97
3 20 72
3 23 19
3 24 61
3 25 79
3 27 91
3 30 93
3 31 31
3 32 25
3 33 89
3 34 91
3 40 66
3 42 90
3 43 90
3 44 92
3 46 69
3 48 97
3 49 91
3 51 12
3 54 88
3 55 55
3 57 26
3 61 56
3 62 24
3 66 82
3 70 63
3 72 93
3 76 46
3 77 36
3 78 22
3 79 89
3 80 10
3 82 31
3 89 68
3 91 88
3 93 73
3 95 72
3 98 13
4 5 37
4 7 49
4 8 26
4 11 52
4 12 1
4 14 31
4 16 69
4 17 35
4 20 80
4 21 69
4 22 12
4 25 94
4 28 40
4 30 62
4 36 47
4 39 2
4 43 54
4 46 23
4 54 72
4 56 83
4 58 41
4 60 88
4 61 92
4 63 8
4 69 71
4 72 62
4 75 5
4 83 1
4 85 27
4 87 65
4 96 13
4 99 25
4 100 50
5 8 28
5 11 77
5 13 7
5 15 53
5 17 48
5 19 60
5 23 22
5 25 31
5 26 12
5 27 75
5 28 23
5 29 95
5 32 20
5 33 77
5 34 15
5 36 2
5 37 31
5 38 20
5 43 66
5 44 35
5 48 97
5 49 78
5 50 95
5 51 3
5 54 69
5 58 27
5 59 18
5 61 50
5 62 51
5 63 90
5 64 40
5 67 11
5 68 62
5 70 25
5 72 36
5 74 45
5 75 95
5 76 37
5 79 84
5 80 73
5 84 39
5 86 38
5 97 89
5 100 30
6 8 47
6 11 42
6 20 91
6 21 28
6 26 91
6 28 41
6 33 75
6 35 25
6 39 1
6 45 77
6 46 45
6 53 38
6 55 61
6 57 94
6 58 29
6 60 51
6 61 86
6 63 49
6 67 76
6 71 77
6 72 23
6 74 31
6 75 76
6 79 42
6 81 22
6 86 6
6 89 14
6 92 57
6 93 93
6 97 80
6 99 75
7 10 9
7 11 33
7 12 53
7 14 17
7 20 24
7 23 30
7 25 76
7 28 1
7 30 68
7 32 74
7 34 11
7 38 80
7 39 51
7 47 16
7 48 95
7 60 84
7 61 99
7 63 3
7 66 9
7 67 23
7 73 79
7 74 21
7 75 16
7 94 43
7 95 1
7 96 34
7 97 59
7 98 34
7 99 45
8 9 33
8 12 50
8 16 13
8 18 97
8 21 71
8 22 2
8 25 84
8 27 61
8 29 82
8 39 21
8 40 56
8 42 61
8 43 4
8 46 79
8 47 13
8 49 24
8 50 66
8 51 74
8 52 53
8 53 9
8 54 21
8 55 63
8 57 65
8 58 41
8 60 61
8 61 14
8 63 99
8 64 66
8 66 11
8 68 2
8 73 54
8 74 52
8 77 58
8 78 82
8 79 5
8 86 89
8 90 80
8 91 31
8 92 69
8 98 23
8 99 98
9 10 39
9 16 47
9 17 57
9 22 82
9 23 65
9 30 12
9 34 30
9 38 64
9 40 54
9 41 22
9 43 36
9 46 35
9 47 62
9 49 84
9 52 66
9 55 58
9 59 98
9 63 56
9 72 52
9 77 93
9 81 7
9 84 77
9 87 51
9 89 55
9 90 2
9 94 30
9 96 45
10 11 70
10 12 39
10 13 44
10 17 83
10 19 39
10 21 99
10 23 93
10 26 59
10 27 77
10 28 28
10 30 99
10 34 90
10 36 7
10 38 12
10 42 54
10 43 91
10 44 49
10 46 13
10 50 95
10 51 18
10 52 87
10 54 83
10 59 24
10 60 33
10 61 83
10 64 36
10 65 96
10 66 24
10 70 6
10 74 46
10 75 61
10 76 24
10 77 34
10 80 51
10 82 5
10 84 2
10 88 48
10 89 3
10 90 5
10 93 25
10 95 60
10 100 32
11 12 65
11 16 60
11 21 74
11 23 26
11 29 65
11 31 11
11 35 9
11 36 28
11 41 100
11 42 4
11 44 14
11 45 100
11 46 60
11 48 80
11 51 40
11 59 87
11 60 35
11 61 87
11 66 27
11 67 1
11 68 60
11 72 22
11 76 26
11 79 63
11 81 39
11 85 29
11 86 11
11 92 20
11 93 20
11 96 60
11 97 28
11 98 66
11 100 1
12 14 36
12 18 18
12 23 51
12 24 84
12 33 88
12 35 63
12 36 63
12 38 11
12 39 26
12 40 42
12 44 73
12 48 47
12 50 10
12 52 92
12 53 39
12 54 5
12 56 81
12 57 30
12 60 51
12 61 84
12 62 47
12 63 96
12 64 16
12 70 43
12 71 26
12 77 82
12 78 50
12 79 56
12 81 51
12 83 64
12 89 21
12 93 72
12 96 89
12 97 37
12 99 97
13 14 12
13 17 39
13 19 32
13 22 41
13 23 26
13 26 51
13 27 58
13 28 85
13 29 65
13 34 17
13 35 94
13 36 66
13 37 87
13 40 45
13 42 77
13 44 53
13 46 44
13 47 20
13 49 76
13 52 66
13 54 81
13 59 6
13 60 76
13 61 9
13 62 54
13 64 32
13 65 65
13 68 81
13 69 71
13 71 100
13 72 95
13 73 33
13 76 8
13 77 29
13 79 14
13 85 15
13 86 14
13 88 1
13 94 70
13 95 83
13 100 71
14 16 74
14 17 32
14 18 95
14 20 5
14 23 7
14 26 54
14 28 49
14 30 75
14 31 16
14 34 86
14 35 88
14 37 17
14 38 6
14 41 41
14 42 63
14 44 16
14 45 42
14 47 50
14 53 65
14 59 5
14 60 55
14 61 41
14 63 84
14 68 95
14 71 98
14 74 18
14 75 74
14 76 14
14 77 62
14 80 7
14 85 44
14 86 90
14 87 73
14 90 90
14 95 50
14 98 50
15 16 43
15 18 86
15 20 44
15 22 63
15 23 67
15 24 6
15 26 17
15 27 19
15 31 60
15 32 44
15 33 85
15 34 48
15 43 90
15 45 64
15 46 60
15 47 16
15 49 94
15 52 78
15 53 27
15 55 21
15 57 48
15 58 68
15 60 18
15 64 31
15 67 41
15 69 4
15 71 65
15 72 86
15 75 80
15 79 29
15 84 80
15 89 60
15 90 5
15 91 80
15 94 88
15 95 4
15 96 55
15 97 64
15 98 39
15 99 63
16 17 84
16 19 59
16 21 86
16 25 51
16 26 32
16 28 2
