100 4456 1
1 2 16
1 9 4
1 14 14
1 15 19
1 18 60
1 20 56
1 21 51
1 24 29
1 25 29
1 27 89
1 30 37
1 37 93
1 41 70
1 42 57
1 53 24
1 54 14
1 56 86
1 57 33
1 59 81
1 60 73
1 61 59
1 64 56
1 71 73
1 73 18
1 74 27
1 75 47
1 76 95
1 79 66
1 80 99
1 83 87
1 84 4
1 85 46
1 86 63
1 91 99
1 93 8
1 95 56
1 96 25
1 97 80
1 99 100
1 100 86
2 3 8
2 5 68
2 6 40
2 7 88
2 8 36
2 11 4
2 12 81
2 15 23
2 18 58
2 22 54
2 25 6
2 27 68
2 31 95
2 36 29
2 37 48
2 38 56
2 39 99
2 42 21
2 43 37
2 49 34
2 50 94
2 53 26
2 55 39
2 60 41
2 63 76
2 65 56
2 68 21
2 70 84
2 75 71
2 78 61
2 79 97
2 81 14
2 85 57
2 89 54
2 90 6
2 91 43
2 93 7
2 98 96
2 100 96
3 7 100
3 8 20
3 9 50
3 11 83
3 12 72
3 13 67
3 14 68
3 15 9
3 17 11
3 18 82
3 21 74
3 22 80
3 24 80
3 30 42
3 32 43
3 33 81
3 34 28
3 35 78
3 36 23
3 39 23
3 40 53
3 42 23
3 45 74
3 46 93
3 49 52
3 53 81
3 56 95
3 58 26
3 60 44
3 63 91
3 64 70
3 68 42
3 74 87
3 76 83
3 79 12
3 85 82
3 86 76
3 88 37
3 90 54
3 91 21
3 92 26
3 93 44
3 95 37
3 96 10
3 99 24
4 5 26
4 6 45
4 8 16
4 9 10
4 10 60
4 13 51
4 14 54
4 15 33
4 16 29
4 18 70
4 20 29
4 21 32
4 24 76
4 25 74
4 26 13
4 27 12
4 36 79
4 37 25
4 38 77
4 39 91
4 46 1
4 47 57
4 48 74
4 49 100
4 51 40
4 52 26
4 56 80
4 63 94
4 64 69
4 65 78
4 67 30
4 69 69
4 70 13
4 73 36
4 74 54
4 78 9
4 79 34
4 80 34
4 85 4
4 88 53
4 91 62
4 95 43
4 98 69
4 99 6
5 6 42
5 8 69
5 11 20
5 13 48
5 14 7
5 15 18
5 17 47
5 19 63
5 21 59
5 22 44
5 23 71
5 24 14
5 26 36
5 28 79
5 30 60
5 36 64
5 37 86
5 38 49
5 39 29
5 40 47
5 43 35
5 48 45
5 49 35
5 51 6
5 54 44
5 56 100
5 59 14
5 60 54
5 61 87
5 62 70
5 63 65
5 68 64
5 70 64
5 71 19
5 79 92
5 80 73
5 81 81
5 83 36
5 84 79
5 87 42
5 88 84
5 89 55
5 90 27
5 92 18
5 97 92
6 7 26
6 8 1
6 11 88
6 14 38
6 15 45
6 20 95
6 25 29
6 27 38
6 31 80
6 32 18
6 33 27
6 34 3
6 37 98
6 38 24
6 39 60
6 45 36
6 47 73
6 50 58
6 51 34
6 56 72
6 57 92
6 60 74
6 66 93
6 68 11
6 71 85
6 73 31
6 75 82
6 79 71
6 84 60
6 89 23
6 91 7
6 93 93
6 94 33
6 97 25
6 99 79
7 8 69
7 13 21
7 14 67
7 15 93
7 17 33
7 19 56
7 20 54
7 26 41
7 27 88
7 28 73
7 33 51
7 35 49
7 39 63
7 40 4
7 41 54
7 42 81
7 43 60
7 44 19
7 47 13
7 48 78
7 50 40
7 52 85
7 54 31
7 57 94
7 62 66
7 63 47
7 64 1
7 69 94
7 72 25
7 74 34
7 76 2
7 80 27
7 82 15
7 87 52
7 90 49
7 92 48
7 93 46
7 94 6
7 95 52
7 98 5
7 99 13
8 10 13
8 11 59
8 14 47
8 20 50
8 22 58
8 23 60
8 24 44
8 27 13
8 28 63
8 30 31
8 31 73
8 34 74
8 38 6
8 39 3
8 40 89
8 41 41
8 42 71
8 43 33
8 46 40
8 48 30
8 50 29
8 53 16
8 54 44
8 55 50
8 60 22
8 61 45
8 63 23
8 67 8
8 69 5
8 73 61
8 75 5
8 79 29
8 80 43
8 81 68
8 87 70
8 89 31
8 91 70
8 93 9
8 97 52
8 98 19
8 99 70
9 10 16
9 17 94
9 23 84
9 24 1
9 27 8
9 32 66
9 34 22
9 36 61
9 38 42
9 40 48
9 43 9
9 45 46
9 46 51
9 51 28
9 52 96
9 53 49
9 57 12
9 61 97
9 65 100
9 66 17
9 70 9
9 71 50
9 72 95
9 73 48
9 74 47
9 82 53
9 85 14
9 89 10
9 91 46
9 92 38
9 95 41
9 96 17
9 99 6
9 100 7
10 18 49
10 21 73
10 23 50
10 26 82
10 27 65
10 31 83
10 38 37
10 39 38
10 41 47
10 46 49
10 47 91
10 48 3
10 53 3
10 56 24
10 57 37
10 59 94
10 62 89
10 63 86
10 65 60
10 66 93
10 70 69
10 73 64
10 75 2
10 77 17
10 78 43
10 82 57
10 84 1
10 85 8
10 86 14
10 87 19
10 89 88
10 90 74
10 94 27
10 97 8
11 13 90
11 17 66
11 18 99
11 20 4
11 22 37
11 23 6
11 26 91
11 27 24
11 29 36
11 30 14
11 31 13
11 33 19
11 43 30
11 46 43
11 49 73
11 50 52
11 53 19
11 59 55
11 60 71
11 63 88
11 65 35
11 69 78
11 72 5
11 74 88
11 76 34
11 81 33
11 86 2
11 87 51
11 88 59
11 90 89
11 91 53
11 94 80
11 97 31
11 99 88
12 21 39
12 22 93
12 26 63
12 31 26
12 34 86
12 35 23
12 38 26
12 41 100
12 44 57
12 50 95
12 52 50
12 54 20
12 59 17
12 60 16
12 61 4
12 62 12
12 64 37
12 68 8
12 69 16
12 75 86
12 76 99
12 84 28
12 85 34
12 89 61
12 90 62
12 91 35
12 92 73
12 96 13
12 97 61
12 98 87
13 15 75
13 17 96
13 21 98
13 22 59
13 24 67
13 25 52
13 27 96
13 30 33
13 31 8
13 36 30
13 37 91
13 49 4
13 52 88
13 53 90
13 56 5
13 59 91
13 60 26
13 61 49
13 63 17
13 65 74
13 66 79
13 69 79
13 70 42
13 73 69
13 74 41
13 77 54
13 80 26
13 82 37
13 83 85
13 86 74
13 91 96
13 93 83
13 99 17
13 100 65
14 17 86
14 19 21
14 20 10
14 21 54
14 24 17
14 32 59
14 36 31
14 38 98
14 39 66
14 44 12
14 47 26
14 51 16
14 52 9
14 56 71
14 58 22
14 64 9
14 66 15
14 67 77
14 71 41
14 74 76
14 75 11
14 78 2
14 79 97
14 81 7
14 82 79
14 84 75
14 85 30
14 90 65
14 92 82
14 96 47
15 18 72
15 21 17
15 25 34
15 28 3
15 30 27
15 31 3
15 32 92
15 37 57
15 43 38
15 44 94
15 45 5
15 47 39
15 49 34
15 50 55
15 51 98
15 52 21
15 53 74
15 54 19
15 55 91
15 57 97
15 58 86
15 61 21
15 63 20
15 67 71
15 68 57
15 71 25
15 73 74
15 74 5
15 75 4
15 76 47
15 83 58
15 87 69
15 88 59
15 89 95
15 90 7
15 91 5
15 92 66
15 94 90
16 17 35
16 19 91
16 20 100
16 21 41
16 25 57
16 26 53
16 28 4
16 31 90
16 37 41
16 41 92
16 43 29
16 46 73
16 49 20
16 51 98
16 53 57
16 56 63
16 57 37
16 60 45
16 65 82
16 66 29
16 69 78
16 75 53
16 79 82
16 81 18
16 82 21
16 84 37
16 86 94
16 87 97
16 90 83
16 93 97
16 94 61
16 97 52
16 100 65
17 18 51
17 19 20
17 20 14
17 22 16
17 25 23
17 26 21
17 32 97
17 38 18
17 40 15
17 41 41
17 47 78
17 51 68
17 53 27
17 54 64
17 56 62
17 58 92
17 59 35
17 60 39
17 65 69
17 67 77
17 68 89
17 69 47
17 71 30
17 74 9
17 75 6
17 77 18
17 78 52
17 79 93
17 81 80
17 83 17
17 84 94
17 87 39
17 91 12
17 92 79
17 93 34
17 94 33
17 96 4
17 98 69
18 21 42
18 22 41
18 24 50
18 28 99
18 30 63
18 32 60
18 35 66
18 38 62
18 39 2
18 46 39
18 49 50
18 50 38
18 54 19
18 57 21
18 58 30
18 59 50
18 63 98
18 64 41
18 65 80
18 67 22
18 69 93
18 72 47
18 73 100
18 78 7
18 82 87
18 83 77
18 85 21
18 89 56
18 91 70
18 92 85
18 94 50
18 98 33
18 99 42
19 21 5
19 22 48
19 26 14
19 27 23
19 29 8
19 31 17
19 32 78
19 33 89
19 35 41
19 38 52
19 42 28
19 45 55
19 47 53
19 57 55
19 59 41
19 68 37
19 69 67
19 70 49
19 71 83
19 72 26
19 73 64
19 75 84
19 78 61
19 79 8
19 80 17
19 82 94
19 84 12
19 88 98
19 90 9
19 91 72
19 92 47
19 93 42
19 96 46
20 21 18
20 22 100
20 24 68
20 27 32
20 28 14
20 30 92
20 31 99
20 33 65
20 34 48
20 35 9
20 37 70
20 38 29
20 39 34
20 45 69
20 47 77
20 48 48
20 50 52
20 51 25
20 52 38
20 53 11
20 56 18
20 57 34
20 58 89
20 59 95
20 60 84
20 61 16
20 62 54
20 70 16
20 73 52
20 74 10
20 77 46
20 79 6
20 80 35
20 82 32
20 90 34
20 96 56
20 98 38
21 22 75
21 25 70
21 28 10
21 34 3
21 36 37
21 39 22
21 40 60
21 46 36
21 49 85
21 50 85
21 52 39
21 53 41
21 59 78
21 61 69
21 64 28
21 66 78
21 68 93
21 71 10
21 72 20
21 74 10
21 76 44
21 77 22
21 81 68
21 85 16
21 86 64
21 87 10
21 91 24
21 99 46
22 35 46
22 36 2
22 39 100
22 41 49
22 42 74
22 46 5
22 47 25
22 55 16
22 56 94
22 58 48
22 60 22
22 65 92
22 67 85
22 68 97
22 70 86
22 71 82
22 74 33
22 75 30
22 78 48
22 79 56
22 80 93
22 81 57
22 82 57
22 83 3
22 85 19
22 88 37
22 94 78
22 98 44
22 99 12
23 24 42
23 25 43
23 26 41
23 29 64
23 30 65
23 31 32
23 37 27
23 41 41
23 46 40
23 48 34
23 57 4
23 60 99
23 65 53
23 67 66
23 68 49
23 70 44
23 71 76
23 72 88
23 76 90
23 79 13
23 81 75
23 83 35
23 85 15
23 89 93
23 90 16
23 93 13
23 96 54
24 27 16
24 32 54
24 33 9
24 34 50
24 35 18
24 36 62
24 40 62
24 41 79
24 42 3
24 43 57
24 44 3
24 45 58
24 47 55
24 52 56
24 58 47
24 63 44
24 66 96
24 69 33
24 70 85
24 73 27
24 76 84
24 81 72
24 83 82
24 84 62
24 85 28
24 87 11
24 88 44
24 92 54
24 93 60
24 97 37
24 98 89
24 99 68
25 37 81
25 38 81
25 44 35
25 46 44
25 48 99
25 51 13
25 52 9
25 53 43
25 55 96
25 62 90
25 65 18
25 66 30
25 70 77
25 72 14
25 75 33
25 77 4
25 78 46
25 83 51
25 86 72
25 87 72
25 88 19
25 89 100
25 90 44
25 99 39
26 30 96
26 35 76
26 36 52
26 37 47
26 40 85
26 41 58
26 42 53
26 47 47
26 49 27
26 53 3
26 54 41
26 57 99
26 58 81
26 61 56
26 63 27
26 66 16
26 68 38
26 72 79
26 78 64
26 88 95
26 89 65
26 90 52
26 94 9
26 99 40
26 100 88
27 30 42
27 31 98
27 32 67
27 34 41
27 37 53
27 39 10
27 41 10
27 43 12
27 47 85
27 48 61
27 51 4
27 53 10
27 56 14
27 58 100
27 59 78
27 62 34
27 64 46
27 66 23
27 67 98
27 70 30
27 77 54
27 78 4
27 86 12
27 89 4
27 95 10
27 97 71
27 98 81
28 31 62
28 35 56
28 37 17
28 38 57
28 41 26
28 44 20
28 51 33
28 55 67
28 56 77
28 59 91
28 66 12
28 70 18
28 71 21
28 72 36
28 80 48
28 81 72
28 87 78
28 92 20
28 95 52
28 97 21
28 100 43
29 37 87
29 38 53
29 42 49
29 44 2
29 48 34
29 51 31
29 53 62
29 55 85
29 56 6
29 60 13
29 61 23
29 67 94
29 69 80
29 70 78
29 71 81
29 75 93
29 77 87
29 81 50
29 83 8
29 86 2
29 88 68
29 89 55
29 93 93
29 95 5
29 97 57
30 32 19
30 33 56
30 42 43
30 43 25
30 44 69
30 45 42
30 47 10
30 48 63
30 49 7
30 57 20
30 59 2
30 62 8
30 68 72
30 73 6
30 75 8
30 77 55
30 78 91
30 82 35
30 86 40
30 87 65
30 91 4
30 93 27
30 94 61
30 97 72
31 39 56
31 44 8
31 45 89
31 49 76
31 58 18
31 60 37
31 61 61
31 62 76
31 65 88
31 68 93
31 69 80
31 72 81
31 74 67
31 76 52
31 79 27
31 81 61
31 85 66
31 86 70
31 94 3
31 98 3
32 34 59
32 42 78
32 44 91
32 47 14
32 48 93
32 52 17
32 58 75
32 60 24
32 62 33
32 65 82
32 73 69
32 74 56
32 76 11
32 78 36
32 81 99
32 83 60
32 87 20
32 91 51
32 92 22
33 35 12
33 37 81
33 38 43
33 40 3
33 43 17
33 45 92
33 46 76
33 52 47
33 54 35
33 55 37
33 56 58
33 58 29
33 59 53
33 65 31
33 68 51
33 70 80
33 71 94
33 73 81
33 75 77
33 77 14
33 79 29
33 80 12
33 81 100
33 85 52
33 89 100
33 93 47
33 96 52
33 100 49
34 37 30
34 38 86
34 41 17
34 51 13
34 52 78
34 53 81
34 56 19
34 59 5
34 60 98
34 61 78
34 62 39
34 67 81
34 68 84
34 73 96
34 75 11
34 78 52
34 79 82
34 80 33
34 88 19
34 89 1
34 94 17
34 95 46
34 97 12
34 100 54
35 36 43
35 38 21
35 42 67
35 43 54
35 44 30
35 47 80
35 54 8
35 56 89
35 58 2
35 59 62
35 60 32
35 61 19
35 62 90
35 71 88
35 73 48
35 77 81
35 81 8
35 82 40
35 85 84
35 91 13
35 94 93
35 96 34
35 97 58
36 37 77
36 38 96
36 39 12
36 41 43
36 47 47
36 49 16
36 51 90
36 52 61
36 54 15
36 56 55
36 61 49
36 63 82
36 73 54
36 75 11
36 76 40
36 78 34
36 81 53
36 85 92
36 88 89
36 89 16
36 91 18
36 95 1
36 96 43
37 39 57
37 40 21
37 42 86
37 45 85
37 46 17
37 48 22
37 49 100
37 52 79
37 53 87
37 59 74
37 60 14
37 61 48
37 64 60
37 65 31
37 66 81
37 67 54
37 70 32
37 71 28
37 74 2
37 76 52
37 80 39
37 81 45
37 82 78
37 84 89
37 85 21
37 86 61
37 87 27
37 91 30
37 92 52
37 93 92
37 95 36
37 99 21
38 43 82
38 45 23
38 48 80
38 49 43
38 51 6
38 52 22
38 53 80
38 54 1
38 55 57
38 61 1
38 63 30
38 65 85
38 67 66
38 69 74
38 70 28
38 77 57
38 78 45
38 79 57
38 84 2
38 85 8
38 87 75
38 89 91
38 92 88
38 95 5
38 96 78
38 98 63
38 99 95
39 43 58
39 46 100
39 48 43
39 49 31
39 50 66
39 52 73
39 54 42
39 57 3
39 59 15
39 63 1
39 66 40
39 69 60
39 71 19
39 75 2
39 76 93
39 77 56
39 83 75
39 87 18
39 96 73
39 97 51
39 98 21
40 44 24
40 47 78
40 50 24
40 51 84
40 52 31
40 53 63
40 56 60
40 60 19
40 62 79
40 63 92
40 64 76
40 67 58
40 71 39
40 78 26
40 79 63
40 81 13
40 82 58
40 86 1
40 87 71
40 88 13
40 91 85
40 97 54
40 99 72
41 42 49
41 44 62
41 51 45
41 55 61
41 56 51
41 59 91
41 60 84
41 62 48
41 67 58
41 69 68
41 72 32
41 73 85
41 74 7
41 77 55
41 78 60
41 79 74
41 80 21
41 81 40
41 82 68
41 87 55
41 88 24
41 93 48
41 96 79
41 97 85
42 44 92
42 45 28
42 48 35
42 49 50
42 51 76
42 54 100
42 55 54
42 57 6
42 58 44
42 59 3
42 60 7
42 75 75
42 77 25
42 78 4
42 80 64
42 83 30
42 86 84
42 89 23
42 90 69
42 92 90
42 93 12
42 95 48
42 96 50
42 98 76
43 44 17
43 45 38
43 48 50
43 50 40
43 52 93
43 53 30
43 55 26
43 58 6
43 63 43
43 64 80
43 67 22
43 68 53
43 73 31
43 74 100
43 77 72
43 80 29
43 82 56
43 87 19
43 88 100
43 89 10
43 90 95
43 92 9
43 93 9
43 96 76
43 97 47
43 98 68
43 99 65
44 46 25
44 48 66
44 49 11
44 50 70
44 53 35
44 59 69
44 61 55
44 62 60
44 64 33
44 67 78
44 68 31
44 71 11
44 72 70
44 73 31
44 75 83
44 79 20
44 81 93
44 82 13
44 84 58
44 85 30
44 86 21
44 90 56
44 92 17
44 95 93
44 97 26
44 100 95
45 47 69
45 49 78
45 51 27
45 53 85
45 54 50
45 55 50
45 56 46
45 57 60
45 59 96
45 62 88
45 64 43
45 65 95
45 68 23
45 72 20
45 73 47
45 74 8
45 80 90
45 81 94
45 83 62
45 86 5
45 87 88
45 89 62
45 90 51
45 91 32
45 92 98
45 93 66
45 95 62
45 96 75
45 97 34
46 49 19
46 52 50
46 53 33
46 61 28
46 65 84
46 68 48
46 69 76
46 70 85
46 72 97
46 77 40
46 78 24
46 80 60
46 81 7
46 84 82
46 86 14
46 87 20
46 88 99
46 91 13
46 96 86
47 49 68
47 51 37
47 52 39
47 56 19
47 58 24
47 60 48
47 64 62
47 66 53
47 67 18
47 68 48
47 72 42
47 75 85
47 77 48
47 81 90
47 82 97
47 83 30
47 85 68
47 87 57
47 92 97
47 94 24
47 95 20
47 96 46
47 98 39
47 100 57
48 49 24
48 50 14
48 51 18
48 55 93
48 58 15
48 59 75
48 60 79
48 62 3
48 63 97
48 64 4
48 66 82
48 67 85
48 70 64
48 71 13
48 76 44
48 82 46
48 83 89
48 84 89
48 85 99
48 91 35
48 92 28
48 94 29
48 95 9
48 96 21
48 98 85
48 99 38
48 100 61
49 50 75
49 52 66
49 53 11
49 56 100
49 57 60
49 58 56
49 59 54
49 61 51
49 63 29
49 64 22
49 71 98
49 73 40
49 75 20
49 77 78
49 79 72
49 86 67
49 90 31
49 92 56
49 95 3
49 96 65
49 99 32
49 100 59
50 51 25
50 52 10
50 54 29
50 55 89
50 56 38
50 60 32
50 61 51
50 70 19
50 72 94
50 74 20
50 76 13
50 77 35
50 79 80
50 81 51
50 90 58
50 91 6
50 94 67
50 99 36
50 100 6
51 53 1
51 54 9
51 55 41
51 56 28
51 57 98
51 59 2
51 60 41
51 63 45
51 64 52
51 72 39
51 75 85
51 78 42
51 79 97
51 82 79
51 85 96
51 88 8
51 91 63
51 94 92
51 98 15
51 99 1
52 60 60
52 61 58
52 63 61
52 64 50
52 73 13
52 74 42
52 76 25
52 78 38
52 79 77
52 80 80
52 81 90
52 83 47
52 85 73
52 90 20
52 91 38
52 93 15
53 60 50
53 68 22
53 70 36
53 71 55
53 72 22
53 73 39
53 74 94
53 76 66
53 79 4
53 82 60
53 86 53
53 87 24
53 88 84
53 96 9
53 98 12
54 55 94
54 56 35
54 58 62
54 62 28
54 67 83
54 70 77
54 73 45
54 75 82
54 77 13
54 78 63
54 79 100
54 82 98
54 83 99
54 84 44
54 86 38
54 87 27
54 91 66
54 94 51
54 95 70
54 96 52
54 97 39
54 100 99
55 60 36
55 61 91
55 64 38
55 68 43
55 70 69
55 72 25
55 75 74
55 76 14
55 77 5
55 79 52
55 83 29
55 84 24
55 85 66
55 90 34
55 91 22
55 95 4
56 58 15
56 60 75
56 61 9
56 65 82
56 68 21
56 69 73
56 72 46
56 78 15
56 81 35
56 83 12
56 86 33
56 88 84
56 90 93
56 92 33
56 93 67
56 94 93
56 98 9
56 99 15
57 58 83
57 61 57
57 63 88
57 72 93
57 74 21
57 77 20
57 79 5
57 80 2
57 85 32
57 89 45
57 94 74
57 95 30
57 98 6
57 99 84
58 59 65
58 60 9
58 62 53
58 64 55
58 65 63
58 69 66
58 71 28
58 75 57
58 76 27
58 77 20
58 83 11
58 85 60
58 86 52
58 88 72
58 90 43
58 91 94
58 92 87
58 93 12
59 61 99
59 63 22
59 64 76
59 70 44
59 71 25
59 75 68
59 77 36
59 78 43
59 83 84
59 85 47
59 88 4
59 92 46
59 94 59
59 95 46
59 97 21
59 98 49
60 61 20
60 62 57
60 63 7
60 64 23
60 65 54
60 66 58
60 70 45
60 75 17
60 76 72
60 80 1
60 83 52
60 86 20
60 87 27
60 88 89
60 89 44
60 90 67
60 94 41
60 96 36
61 63 25
61 64 10
61 65 19
61 67 45
61 76 14
61 77 53
61 78 49
61 82 41
61 83 24
61 84 41
61 86 26
61 87 80
61 88 61
61 90 97
61 92 36
61 97 92
61 100 61
62 64 32
62 65 38
62 66 7
62 70 63
62 82 31
62 83 47
62 85 82
62 86 21
62 88 99
62 89 40
62 90 82
62 98 83
62 99 22
63 67 68
63 69 13
63 71 80
63 73 67
63 74 97
63 75 55
63 78 60
63 80 90
63 81 48
63 82 63
63 84 89
63 85 56
63 87 37
63 89 4
63 90 26
63 93 46
63 94 42
63 99 79
63 100 49
64 65 42
64 67 44
64 69 97
64 75 84
64 78 71
64 81 78
64 83 3
64 84 41
64 87 43
64 91 9
64 92 40
64 97 10
64 99 43
64 100 74
65 67 60
65 69 45
65 71 79
65 73 87
65 74 34
65 82 73
65 84 76
65 86 30
65 88 38
65 92 68
65 93 77
65 94 26
65 95 26
65 97 93
65 98 87
65 99 35
66 67 52
66 74 19
66 75 83
66 77 66
66 78 20
66 80 5
66 81 10
66 82 51
66 83 95
66 84 35
66 87 56
66 90 91
66 93 82
66 94 86
66 97 52
66 98 92
66 100 70
67 68 21
67 70 38
67 71 35
67 73 28
67 78 94
67 83 66
67 88 24
67 91 24
67 92 93
67 95 48
67 96 40
67 97 9
67 99 15
68 69 92
68 72 39
68 73 82
68 76 14
68 77 79
68 78 22
68 82 15
68 84 96
68 85 56
68 86 45
68 88 100
68 90 61
68 91 66
68 92 39
68 93 32
68 94 63
68 95 17
68 100 99
69 70 56
69 71 53
69 72 34
69 74 92
69 79 52
69 80 31
69 84 24
69 85 21
69 89 86
69 90 22
69 92 55
69 94 17
69 97 21
69 99 54
70 71 82
70 72 76
70 73 34
70 77 55
70 80 23
70 82 31
70 83 66
70 85 10
70 87 84
70 90 56
70 91 12
70 95 51
71 75 99
71 78 89
71 80 62
71 83 27
71 84 66
71 85 84
71 88 71
71 89 44
71 90 61
71 91 11
71 94 29
71 95 67
71 97 11
71 99 6
72 74 76
72 76 78
72 77 45
72 81 34
72 85 38
72 87 5
72 89 97
72 90 87
72 91 12
72 94 75
72 95 49
72 96 66
72 97 44
72 98 82
72 99 55
73 75 1
73 76 55
73 77 35
73 78 17
73 80 90
73 81 55
73 82 100
73 83 33
73 84 54
73 86 5
73 87 79
73 88 63
73 89 13
73 91 83
73 92 51
73 93 19
73 94 19
73 97 4
73 99 98
74 77 41
74 79 46
74 84 42
74 85 12
74 87 69
74 89 5
74 90 89
74 92 23
74 93 12
74 96 33
74 97 70
74 99 73
74 100 90
75 77 72
75 84 78
75 86 35
75 87 15
75 91 42
75 92 12
75 93 55
75 96 26
76 77 36
76 78 54
76 81 48
76 91 6
76 95 33
76 98 20
76 100 14
77 78 32
77 84 89
77 85 90
77 87 93
77 88 61
77 89 25
77 90 76
77 91 96
78 82 5
78 86 89
78 89 82
78 92 80
78 96 53
78 97 93
78 99 30
78 100 45
79 80 28
79 81 3
79 84 33
79 86 17
79 89 43
79 90 56
79 96 44
79 97 70
79 100 43
80 81 4
80 83 65
80 84 98
80 85 34
80 91 9
80 92 63
80 94 69
81 83 7
81 84 4
81 89 2
81 91 57
81 93 46
81 94 7
81 97 76
82 83 72
82 84 85
82 85 39
82 86 30
82 87 97
82 90 66
82 91 45
82 93 92
82 95 11
82 97 21
82 98 49
82 99 37
83 88 80
83 91 1
83 92 6
83 98 63
83 99 71
83 100 74
84 86 62
84 88 35
84 89 28
84 93 75
84 94 56
84 95 44
84 96 27
84 97 53
84 98 1
84 99 72
85 87 90
85 88 1
85 89 23
85 92 69
85 98 52
86 87 4
86 88 67
86 89 63
86 92 24
86 98 55
87 89 94
87 90 72
87 91 62
87 94 62
87 95 13
87 96 91
87 97 54
88 90 39
88 94 8
88 95 19
88 97 4
88 98 18
89 90 29
89 93 58
89 96 26
89 97 59
89 98 94
89 99 13
90 92 49
90 93 4
90 95 25
90 96 87
90 99 99
91 94 4
91 95 51
91 96 57
92 95 54
92 97 32
92 100 19
93 95 94
93 97 18
94 95 99
94 99 39
95 96 94
95 98 39
95 100 44
96 99 7
96 100 91
97 98 22
97 100 89
98 100 1
1 3 32
1 6 87
1 10 15
1 12 72
1 13 10
1 14 71
1 17 22
1 25 37
1 26 24
1 28 37
1 31 76
1 32 92
1 33 39
1 36 64
1 37 40
1 38 69
1 39 93
1 41 27
1 45 55
1 52 28
1 54 79
1 60 98
1 64 20
1 65 81
1 66 23
1 68 61
1 71 43
1 76 25
1 78 60
1 79 79
1 82 57
1 85 71
1 86 91
1 87 86
1 88 23
1 91 20
1 92 30
1 95 56
1 100 27
2 4 10
2 6 5
2 8 64
2 9 84
2 10 82
2 13 3
2 18 14
2 19 29
2 21 59
2 23 97
2 24 24
2 29 16
2 30 64
2 32 24
2 34 27
2 35 74
2 36 57
2 42 25
2 45 85
2 47 25
2 48 49
2 51 18
2 52 40
2 55 56
2 56 88
2 58 58
2 60 32
2 61 52
2 64 88
2 69 5
2 71 20
2 72 15
2 73 50
2 76 80
2 79 77
2 80 52
2 81 75
2 83 91
2 87 88
2 93 88
2 97 58
2 98 73
3 4 45
3 6 50
3 7 37
3 9 63
3 15 77
3 18 45
3 21 89
3 24 44
3 26 8
3 28 85
3 29 8
3 32 70
3 36 23
3 40 4
3 48 5
3 51 97
3 52 52
3 57 36
3 60 27
3 66 64
3 70 74
3 71 90
3 77 49
3 78 54
3 79 14
3 80 80
3 86 80
3 88 50
3 91 7
3 95 8
4 5 78
4 10 14
4 12 54
4 16 69
4 18 57
4 19 1
4 24 67
4 26 89
4 28 40
4 36 62
4 40 62
4 43 60
4 47 63
4 48 39
4 52 56
4 53 72
4 54 84
4 58 87
4 61 83
4 70 65
4 75 16
4 76 19
4 77 20
4 81 75
4 83 22
4 84 43
4 85 91
4 86 34
4 90 61
4 92 64
4 100 40
5 6 3
5 13 23
5 15 55
5 21 91
5 22 95
5 23 14
5 29 11
5 35 86
5 37 1
5 41 92
5 42 78
5 43 19
5 50 65
5 52 12
5 53 10
5 54 76
5 55 9
5 58 43
5 59 33
5 62 67
5 64 52
5 67 60
5 68 86
5 69 79
5 73 83
5 77 65
5 81 34
5 84 64
5 85 35
5 86 46
5 87 17
5 91 45
5 92 2
5 96 82
5 98 35
5 99 34
5 100 59
6 7 47
6 10 76
6 11 14
6 12 71
6 15 24
6 16 70
6 19 73
6 22 57
6 26 97
6 28 85
6 29 69
6 31 84
6 37 75
6 39 88
6 40 85
6 42 48
6 43 35
6 45 48
6 51 21
6 54 32
6 57 74
6 59 12
6 62 100
6 64 59
6 65 64
6 66 74
6 67 44
6 70 79
6 72 16
6 75 63
6 76 16
6 78 27
6 79 93
6 80 95
6 81 48
6 84 70
6 85 64
6 88 82
6 89 56
6 90 31
6 92 48
6 93 10
6 94 83
6 96 74
6 97 8
7 8 10
7 10 26
7 11 15
7 13 49
7 15 61
7 18 4
7 20 25
7 21 79
7 28 44
7 30 89
7 31 84
7 33 15
7 34 42
7 38 34
7 39 81
7 40 37
7 42 8
7 45 74
7 47 56
7 48 75
7 49 26
7 56 38
7 57 35
7 58 8
7 59 79
7 60 33
7 62 97
7 63 44
7 65 8
7 74 24
7 75 36
7 79 87
7 80 13
7 81 69
7 82 80
7 84 32
7 86 78
7 93 47
7 94 1
7 96 88
8 11 2
8 13 88
8 15 80
8 19 38
8 20 6
8 22 59
8 24 77
8 25 94
8 28 6
8 30 80
8 35 45
8 37 8
8 40 59
8 54 81
8 55 69
8 57 47
8 58 15
8 60 3
8 61 91
8 62 95
8 63 12
8 65 18
8 66 34
8 67 97
8 68 67
8 71 99
8 75 96
8 77 74
8 79 5
8 82 63
8 83 39
8 86 2
8 89 89
8 90 8
8 96 44
8 97 57
8 98 90
9 11 12
9 13 77
9 14 75
9 16 22
9 17 49
9 20 68
9 22 28
9 23 33
9 25 45
9 27 8
9 29 47
9 30 92
9 32 27
9 34 56
9 36 78
9 42 1
9 46 25
9 47 50
9 50 69
9 52 20
9 55 11
9 58 28
9 60 95
9 61 61
9 62 36
9 65 21
9 72 3
9 74 94
9 75 28
9 76 32
9 77 90
9 78 88
9 80 51
9 83 20
9 84 6
9 86 77
9 88 89
9 90 91
9 92 74
9 96 64
9 97 27
9 99 21
9 100 55
10 12 40
10 15 84
10 19 72
10 20 24
10 22 6
10 26 96
10 27 77
10 29 63
10 31 44
10 33 60
10 37 45
10 38 48
10 40 47
10 41 89
10 42 48
10 43 77
10 44 66
10 50 89
10 54 9
10 60 31
10 63 12
10 64 6
10 66 24
10 69 37
10 76 85
10 77 1
10 78 80
10 79 49
10 89 7
10 92 36
10 96 99
10 97 95
11 12 6
11 14 10
11 18 34
11 19 26
11 20 86
11 21 53
11 25 7
11 26 29
11 32 56
11 33 1
11 37 15
11 38 42
11 39 97
11 40 5
11 41 66
11 45 12
11 51 44
11 52 92
11 54 52
11 59 25
11 60 90
11 62 30
11 64 22
11 65 83
11 74 49
11 75 62
11 76 43
11 78 91
11 84 74
11 86 47
11 90 94
11 92 63
11 94 14
11 95 77
12 20 83
12 25 67
12 26 89
12 27 23
12 28 16
12 30 24
12 31 37
12 37 45
12 40 68
12 43 38
12 44 99
12 45 10
12 55 22
12 56 82
12 57 19
12 58 83
12 59 76
12 60 52
12 61 68
12 64 2
12 66 34
12 68 4
12 70 89
12 71 17
12 72 50
12 75 20
12 79 13
12 80 32
12 85 23
12 86 82
12 88 13
12 89 80
12 98 33
12 99 32
12 100 87
13 16 70
13 20 47
13 21 63
13 22 46
13 24 12
13 27 21
13 30 61
13 32 74
13 36 85
13 38 39
13 45 41
13 46 2
13 48 94
13 49 6
13 52 63
13 59 74
13 60 34
13 61 93
13 65 42
13 67 79
13 68 21
13 70 90
13 71 77
13 75 90
13 78 42
13 82 39
13 84 75
13 85 37
13 89 82
13 96 60
13 97 64
13 99 66
13 100 18
14 15 10
14 24 4
14 25 91
14 26 78
14 29 70
14 31 11
14 33 77
14 41 33
14 45 62
14 47 81
14 48 82
14 50 43
14 52 16
14 55 10
14 56 5
14 58 40
14 61 46
14 62 73
14 63 90
14 64 21
14 66 80
14 67 13
14 68 83
14 70 41
14 71 32
14 73 40
14 75 55
14 76 95
14 79 12
14 82 91
14 87 4
14 89 40
14 91 99
14 94 33
14 96 10
14 99 19
15 18 32
15 19 28
15 21 99
15 23 71
15 24 54
15 26 8
15 27 20
15 28 56
15 30 51
15 33 6
15 35 60
15 36 46
15 38 1
15 42 25
15 44 15
15 47 64
15 52 74
15 54 43
15 55 75
15 57 72
15 59 49
15 62 7
15 64 27
15 68 80
15 69 45
15 71 20
15 72 29
15 77 35
15 79 61
15 84 97
15 86 66
15 92 9
15 96 39
15 97 92
16 18 98
16 19 80
16 25 4
16 27 26
16 32 72
16 38 66
16 41 80
16 43 5
16 46 34
16 47 43
16 48 18
16 49 20
16 51 8
16 52 74
16 60 84
16 61 9
16 62 62
16 63 75
16 64 21
16 68 33
16 69 24
16 72 2
16 76 19
16 80 58
16 81 82
16 82 82
16 86 58
16 88 34
16 89 24
16 92 73
16 93 66
16 95 84
16 100 13
17 22 18
17 23 82
17 25 45
17 26 65
17 28 44
17 30 96
17 32 43
17 36 34
17 40 22
17 50 66
17 52 51
17 53 21
17 54 19
17 55 22
17 58 32
17 68 16
17 69 4
17 70 59
17 72 43
17 74 62
17 75 33
17 77 98
17 78 16
17 79 70
17 80 67
17 82 43
17 85 19
17 86 56
17 90 74
17 92 69
17 93 40
17 96 2
17 98 81
17 100 73
18 19 52
18 20 34
18 21 93
18 29 19
18 31 54
18 40 98
18 50 7
18 52 81
18 54 17
18 57 19
18 58 33
18 61 27
18 62 55
18 65 5
18 66 30
18 69 30
18 71 27
18 73 91
18 75 3
18 77 37
18 81 38
18 82 66
18 84 100
18 91 48
18 98 48
18 99 89
18 100 34
19 23 34
19 26 18
19 31 17
19 35 33
19 38 29
19 41 77
19 43 58
19 44 70
19 46 43
19 50 74
19 52 47
19 53 75
19 54 28
19 55 69
19 59 50
19 60 72
19 62 23
19 65 93
19 67 4
19 68 64
19 69 69
19 77 12
19 79 29
19 80 62
19 81 86
19 83 81
19 84 9
19 86 68
19 87 69
19 90 81
19 91 35
19 92 7
19 96 10
19 98 27
19 100 10
20 23 66
20 25 93
20 28 52
20 31 77
20 33 1
20 34 21
20 35 6
20 41 72
20 42 64
20 43 18
20 45 94
20 49 21
20 50 38
20 51 68
20 56 64
20 57 41
20 58 13
20 61 24
20 62 50
20 64 5
20 67 43
20 72 34
20 73 98
20 76 98
20 79 9
20 81 88
20 83 24
20 84 93
20 85 85
20 89 31
20 90 45
20 91 57
20 95 19
21 22 97
21 25 21
21 27 37
21 31 36
21 34 83
21 37 78
21 38 24
21 39 37
21 41 60
21 42 5
21 43 95
21 44 15
21 46 88
21 48 58
21 49 28
21 51 38
21 52 39
21 53 80
21 57 82
21 58 46
21 59 96
21 67 30
21 68 84
21 71 42
21 74 33
21 75 88
21 76 81
21 78 71
21 79 65
21 80 44
21 83 60
21 85 57
21 86 56
21 88 27
21 89 100
21 92 30
21 93 60
21 94 11
21 95 79
21 99 23
22 23 57
22 24 43
22 25 23
22 27 64
22 29 32
22 31 55
22 32 47
22 37 25
22 40 39
22 41 77
22 42 31
22 45 68
22 46 55
22 47 4
22 48 94
22 52 53
22 53 75
22 56 30
22 57 10
22 59 57
22 62 92
22 63 85
22 64 98
22 71 74
22 72 18
22 77 37
22 80 61
22 82 18
22 84 13
22 85 6
22 86 36
22 88 99
22 91 23
22 92 17
22 95 95
22 96 96
22 97 60
22 99 44
23 24 52
23 29 22
23 31 58
23 32 66
23 33 98
23 34 7
23 36 75
23 41 58
23 42 6
23 47 71
23 50 88
23 53 79
23 55 57
23 60 58
23 62 37
23 64 18
23 65 26
23 67 80
23 68 64
23 69 34
23 70 25
23 74 12
23 75 2
23 76 44
23 77 27
23 80 63
23 82 2
23 83 85
23 85 57
23 89 2
23 94 39
23 98 33
23 99 63
23 100 62
24 27 93
24 29 7
24 30 12
24 31 82
24 34 95
24 35 47
24 36 25
24 37 31
24 44 26
24 50 42
24 51 35
24 53 77
24 54 85
24 56 97
24 58 60
24 59 72
24 61 85
24 62 68
24 65 72
24 69 95
24 72 9
24 75 84
24 76 13
24 78 66
24 79 70
24 81 72
24 85 50
24 90 67
24 91 39
24 95 42
24 96 95
24 97 60
24 99 76
25 26 87
25 30 9
25 32 78
25 33 75
25 35 43
25 36 92
25 38 24
25 39 94
25 40 24
25 43 58
25 45 76
25 47 86
25 49 44
25 50 100
25 53 18
25 54 98
25 58 70
25 59 66
25 60 83
25 61 95
25 63 59
25 69 29
25 81 45
25 86 20
25 90 3
25 96 53
25 98 13
25 100 31
26 27 64
26 31 77
26 32 57
26 36 38
26 37 91
26 43 60
26 46 3
26 47 75
26 49 27
26 53 46
26 54 92
26 58 29
26 59 58
26 65 68
26 66 33
26 71 13
26 74 74
26 78 18
26 79 65
26 80 83
26 83 43
26 84 55
26 88 6
26 89 52
26 91 46
26 100 40
27 30 50
27 32 66
27 33 79
27 37 73
27 39 53
27 40 65
27 44 65
27 53 27
27 54 61
27 55 60
27 57 6
27 58 23
27 62 62
27 63 65
27 68 57
27 69 31
27 70 6
27 76 33
27 77 4
27 80 93
27 83 100
27 85 50
27 87 25
27 88 48
27 100 56
28 32 24
28 39 1
28 41 72
28 42 58
28 44 71
28 47 18
28 50 88
28 54 12
28 57 71
28 58 85
28 59 24
28 62 83
28 63 54
28 64 40
28 66 89
28 67 17
28 69 44
28 70 65
28 71 62
28 72 67
28 73 87
28 74 2
28 81 17
28 82 89
28 83 4
28 84 12
28 89 94
28 92 5
28 97 30
28 99 25
29 30 29
29 31 74
29 32 94
29 34 85
29 35 27
29 44 54
29 46 14
29 49 80
29 57 72
29 58 49
29 60 21
29 63 92
29 64 5
29 67 73
29 73 28
29 74 89
29 76 16
29 77 33
29 83 86
29 85 79
29 89 65
29 91 78
29 92 8
29 93 92
29 94 68
29 96 21
29 99 95
30 31 68
30 37 20
30 38 50
30 39 12
30 41 82
30 44 10
30 45 9
30 46 70
30 48 12
30 49 6
30 56 31
30 58 18
30 60 7
30 61 97
30 65 28
30 67 24
30 68 59
30 74 32
30 75 100
30 77 10
30 78 51
30 79 43
30 82 87
30 86 14
30 88 46
30 89 26
30 93 8
30 98 75
31 37 68
31 40 99
31 43 38
31 45 41
31 48 90
31 50 33
31 53 27
31 58 78
31 60 5
31 63 41
31 64 61
31 65 8
31 67 29
31 70 90
31 72 47
31 77 15
31 80 2
31 82 41
31 84 90
31 88 99
31 89 59
31 91 89
31 92 15
31 94 55
31 95 34
31 99 13
31 100 41
32 33 39
32 35 32
32 36 34
32 37 32
32 39 85
32 40 42
32 41 53
32 43 78
32 45 77
32 46 89
32 48 26
32 50 21
32 51 33
32 54 3
32 55 89
32 56 76
32 57 82
32 58 67
32 59 27
32 60 72
32 61 67
32 62 71
32 69 58
32 71 16
32 74 60
32 75 41
32 76 65
32 78 3
32 82 90
32 83 74
32 89 83
32 90 87
32 93 36
32 95 98
32 96 72
32 98 11
32 99 25
33 35 80
33 39 92
33 41 18
33 45 39
33 47 72
33 48 99
33 55 91
33 60 51
33 61 75
33 63 64
33 66 62
33 67 69
33 70 29
33 71 11
33 72 34
33 74 53
33 76 44
33 79 24
33 84 26
33 87 35
33 88 11
33 92 25
33 93 37
33 95 48
34 35 13
34 41 62
34 46 43
34 47 88
34 49 4
34 50 58
34 51 86
34 54 78
34 55 78
34 56 53
34 58 25
34 59 70
34 63 90
34 64 54
34 69 3
34 77 49
34 81 97
34 82 49
34 83 22
34 84 55
34 87 24
34 88 13
34 96 7
34 100 44
35 41 97
35 43 49
35 44 42
35 49 23
35 50 77
35 52 3
35 53 34
35 57 53
35 60 48
35 61 17
35 62 100
35 68 66
35 71 60
35 73 84
35 74 59
35 75 69
35 77 1
35 79 89
35 80 24
35 83 76
35 85 83
35 87 31
35 88 89
35 89 41
35 90 39
35 95 86
35 96 11
35 98 59
36 37 41
36 38 15
36 42 39
36 45 47
36 46 1
36 47 18
36 49 60
36 52 42
36 58 12
36 59 73
36 62 64
36 63 93
36 67 63
36 68 88
36 69 63
36 74 14
36 77 76
36 78 45
36 79 8
36 80 21
36 81 68
36 82 88
36 83 40
36 85 89
36 87 16
36 94 11
36 97 46
36 98 42
37 39 20
37 42 84
37 43 68
37 46 63
37 48 87
37 56 96
37 60 86
37 61 13
37 62 63
37 64 99
37 66 42
37 70 74
37 71 58
37 73 21
37 75 51
37 80 21
37 81 1
37 82 6
37 87 11
37 88 100
37 90 96
37 93 98
37 99 58
38 42 4
38 44 66
38 46 37
38 47 1
38 49 65
38 51 10
38 54 2
38 57 85
38 58 71
38 59 28
38 60 12
38 61 34
38 62 85
38 65 17
38 68 86
38 69 69
38 70 69
38 73 10
38 78 57
38 80 1
38 81 29
38 82 17
38 85 97
38 86 81
38 89 20
38 92 71
38 93 62
38 95 10
39 41 28
39 43 94
39 44 15
39 46 30
39 47 39
39 53 33
39 60 10
39 61 50
39 62 17
39 65 74
39 68 89
39 72 29
39 73 24
39 76 79
39 79 38
39 82 20
39 84 35
39 86 2
39 87 62
39 88 60
39 94 61
39 96 67
40 46 32
40 48 74
40 50 42
40 55 12
40 57 33
40 58 78
40 61 24
40 70 19
40 73 51
40 74 24
40 75 55
40 76 17
40 77 27
40 81 94
40 82 82
40 85 6
40 87 59
40 89 8
40 95 29
40 99 48
41 44 29
41 45 4
41 47 54
41 48 38
41 50 22
41 51 42
41 52 33
41 54 82
41 56 4
41 64 80
41 66 67
41 67 79
41 68 34
41 70 7
41 81 76
41 82 91
41 84 18
41 85 99
41 86 27
41 87 33
41 88 3
41 92 74
41 93 13
41 95 6
41 96 97
41 98 69
41 99 65
41 100 93
42 43 5
42 46 83
42 49 39
42 50 38
42 51 2
42 55 37
42 57 41
42 58 70
42 62 1
42 63 90
42 65 52
42 67 61
42 68 39
42 70 56
42 71 87
42 74 35
42 80 97
42 82 82
42 85 32
42 88 52
42 90 83
42 100 13
43 46 2
43 50 95
43 51 58
43 56 11
43 59 25
43 62 12
43 64 21
43 65 27
43 66 31
43 68 55
43 71 100
43 72 60
43 75 1
43 76 96
43 83 50
43 84 47
43 85 40
43 86 23
43 89 9
43 93 37
43 96 6
43 97 16
43 99 78
44 45 51
44 46 57
44 48 80
44 49 61
44 51 93
44 58 61
44 59 14
44 64 42
44 65 48
44 67 100
44 68 67
44 69 17
44 70 15
44 71 20
44 82 21
44 88 41
44 90 87
44 95 28
44 97 95
45 46 36
45 49 80
45 52 34
45 55 44
45 56 46
45 58 72
45 60 3
45 61 44
45 63 12
45 65 95
45 68 95
45 72 71
45 74 15
45 77 78
45 83 55
45 84 74
45 87 36
45 90 18
45 92 100
45 93 95
45 95 36
45 100 93
46 50 82
46 58 71
46 62 92
46 63 78
46 68 75
46 70 38
46 71 64
46 72 95
46 74 100
46 76 26
46 78 79
46 79 56
46 81 7
46 83 65
46 85 59
46 86 91
46 87 50
46 90 82
46 91 59
46 95 42
47 48 32
47 50 12
47 56 3
47 64 1
47 70 34
47 83 68
47 86 34
47 87 19
47 88 49
47 94 18
47 97 31
47 99 52
47 100 18
48 49 78
48 51 31
48 52 73
48 55 49
48 56 60
48 57 29
48 61 89
48 63 24
48 64 90
48 65 100
48 68 66
48 72 93
48 75 83
48 79 23
48 80 57
48 87 5
48 94 19
48 95 57
48 96 13
48 97 26
49 50 85
49 51 30
49 55 56
49 57 77
49 59 9
49 60 3
49 61 29
49 62 34
49 78 7
49 80 70
49 81 73
49 82 52
49 83 19
49 85 1
49 87 21
49 89 59
49 91 94
49 92 95
49 94 2
49 95 44
49 96 31
50 54 66
50 55 56
50 58 69
50 59 44
50 62 71
50 65 66
50 67 56
50 68 40
50 70 63
50 71 58
50 72 49
50 74 61
50 76 12
50 78 50
50 80 20
50 81 38
50 82 93
50 88 17
50 92 93
50 97 71
50 100 11
51 52 14
51 53 57
51 54 51
51 59 69
51 60 49
51 63 15
51 65 27
51 68 49
51 70 58
51 72 66
51 74 30
51 77 76
51 82 14
51 83 49
51 84 79
51 85 77
51 89 94
51 90 35
51 97 99
52 53 19
52 54 78
52 55 14
52 58 77
52 61 88
52 63 41
52 66 63
52 67 78
52 74 78
52 75 88
52 77 46
52 78 13
52 81 38
52 83 34
52 84 40
52 85 32
52 86 83
52 87 49
52 88 45
52 92 99
52 96 60
52 98 7
52 100 96
53 59 41
53 69 8
53 70 30
53 71 26
53 72 97
53 76 9
53 78 11
53 79 57
53 80 4
53 82 16
53 87 86
53 93 1
53 98 29
53 99 31
54 55 30
54 58 93
54 60 5
54 61 81
54 62 94
54 63 12
54 65 34
54 67 92
54 71 60
54 75 78
54 78 29
54 83 79
54 84 73
54 87 86
54 89 65
54 90 37
54 92 42
54 95 45
54 99 80
55 61 34
55 63 82
55 64 43
55 66 63
55 67 47
55 70 7
55 73 52
55 74 34
55 78 74
55 79 74
55 81 3
55 83 69
55 84 22
55 86 94
55 92 89
55 93 42
55 96 44
55 98 86
56 58 24
56 59 2
56 60 39
56 61 54
56 67 88
56 70 54
56 73 64
56 75 1
56 76 4
56 79 81
56 80 40
56 81 22
56 82 74
56 83 6
56 84 8
56 85 54
56 89 13
56 90 89
56 92 67
57 63 25
57 64 37
57 65 32
57 66 81
57 68 48
57 72 78
57 73 71
57 74 96
57 77 41
57 79 43
57 82 70
57 84 12
57 85 39
57 87 73
57 88 53
57 89 55
57 91 20
57 93 99
57 94 28
57 95 90
57 96 19
57 97 18
57 99 18
58 61 20
58 62 27
58 66 9
58 70 69
58 71 43
58 73 41
58 75 8
58 81 20
58 82 72
58 84 86
58 91 38
58 92 14
58 93 10
58 94 59
58 96 56
58 97 63
59 63 23
59 67 79
59 71 53
59 76 49
59 77 64
59 78 30
59 82 89
59 84 52
59 86 10
59 88 15
59 90 94
59 96 40
60 62 46
60 65 63
60 68 38
60 73 23
60 77 79
60 78 70
60 83 6
60 86 76
60 87 59
60 90 19
60 92 12
60 93 20
60 96 76
60 98 42
60 99 57
60 100 45
61 62 52
61 63 18
61 65 15
61 66 47
61 67 96
61 71 51
61 72 16
61 73 93
61 75 31
61 77 51
61 82 98
61 83 7
61 87 42
61 91 4
61 98 76
62 64 50
62 65 48
62 67 61
62 68 90
62 70 29
62 72 3
62 75 42
62 76 17
62 77 59
62 79 97
62 80 99
62 83 33
62 85 4
62 89 18
62 96 63
62 97 80
62 98 78
62 100 85
63 66 54
63 70 2
63 79 19
63 80 92
63 81 70
63 88 76
63 90 3
63 92 100
63 94 59
63 95 43
63 96 82
63 97 60
64 72 4
64 73 97
64 75 61
64 82 7
64 85 78
64 95 57
64 96 36
64 97 10
64 100 51
65 68 36
65 70 1
65 73 82
65 78 14
65 83 21
65 85 81
65 87 85
65 90 8
65 91 76
65 93 26
65 96 75
65 97 64
65 98 96
65 100 91
66 68 59
66 75 67
66 76 67
66 79 82
66 81 38
66 86 33
66 87 25
66 98 22
67 68 69
67 71 21
67 81 49
67 82 27
67 88 22
67 90 39
67 94 35
67 95 18
68 71 70
68 72 97
68 73 8
68 74 75
68 80 6
68 81 60
68 82 28
68 84 33
68 87 11
68 88 29
68 94 43
68 95 37
68 96 56
68 98 64
69 70 20
69 72 37
69 76 76
69 77 5
69 78 10
69 79 17
69 80 3
69 81 92
69 84 44
69 88 89
69 89 50
69 90 34
69 93 31
69 95 60
69 96 19
69 98 37
69 99 77
70 71 31
70 74 4
70 76 87
70 77 95
70 80 98
70 82 9
70 83 62
70 89 91
70 98 43
70 99 78
70 100 83
71 74 30
71 76 77
71 77 54
71 80 94
71 81 13
71 86 18
71 87 89
71 88 98
71 96 25
71 99 70
71 100 36
72 77 60
72 80 57
72 81 59
72 82 14
72 84 50
72 90 23
72 97 92
73 74 14
73 75 11
73 76 20
73 77 31
73 82 1
73 83 98
73 85 67
73 86 87
73 87 22
73 88 80
73 91 27
73 97 13
73 98 31
73 100 96
74 76 7
74 78 48
74 79 80
74 85 42
74 88 5
74 89 94
74 94 66
74 96 21
74 98 38
74 99 33
75 78 92
75 79 61
75 80 93
75 87 86
75 90 59
75 91 66
75 92 69
75 94 84
75 95 55
75 96 56
76 77 73
76 84 30
76 86 82
76 87 10
76 90 17
76 91 22
76 93 100
76 94 27
76 99 15
77 78 65
77 82 55
77 83 91
77 84 73
77 85 15
77 87 100
77 88 1
77 89 99
77 91 68
77 97 49
77 100 58
78 79 72
78 84 27
78 85 40
78 90 53
78 95 95
78 96 65
78 97 51
78 98 10
79 83 82
79 84 7
79 85 15
79 88 77
79 90 41
79 93 73
79 97 8
79 98 31
79 99 16
80 81 81
80 83 69
80 87 64
80 88 53
80 95 39
80 96 73
80 100 34
81 83 94
81 86 53
81 96 78
81 97 97
81 98 6
81 99 81
81 100 64
82 85 51
82 86 51
82 87 20
82 89 15
82 93 85
82 94 65
82 95 1
82 98 48
83 84 51
83 85 15
83 89 76
83 90 7
83 92 61
83 93 21
83 98 33
84 85 54
84 86 69
84 87 94
84 89 25
84 90 100
84 94 33
84 95 7
84 99 74
85 87 73
85 91 70
85 92 66
85 94 61
85 95 23
86 87 85
86 88 53
86 89 94
86 96 53
86 97 91
87 89 18
87 92 16
87 94 56
87 95 18
87 96 70
87 99 3
87 100 35
88 89 86
88 91 3
88 95 45
88 97 22
88 98 48
88 100 58
89 90 61
89 91 67
89 92 33
89 93 86
89 94 63
89 99 34
90 91 61
90 94 76
90 98 19
91 92 40
91 93 75
91 94 29
91 99 39
92 94 34
92 95 72
92 97 98
92 98 46
93 95 79
93 98 82
93 99 77
93 100 84
94 97 40
95 98 10
96 99 38
96 100 66
97 98 31
97 100 16
98 100 40
1 2 64
1 7 55
1 9 7
1 12 89
1 14 57
1 15 64
1 17 83
1 19 88
1 20 38
1 21 5
1 25 75
1 29 66
1 32 33
1 35 98
1 37 42
1 40 6
1 41 3
1 44 30
1 49 79
1 50 82
1 52 73
1 54 61
1 56 33
1 57 84
1 62 53
1 74 37
1 77 1
1 80 36
1 83 87
1 87 54
1 88 40
1 91 14
1 95 52
1 98 70
1 100 91
2 8 35
2 9 35
2 10 45
2 14 87
2 17 20
2 18 31
2 27 42
2 30 72
2 31 4
2 33 7
2 34 97
2 37 73
2 39 96
2 45 22
2 47 91
2 48 73
2 50 9
2 51 40
2 53 8
2 54 56
2 55 28
2 56 50
2 58 92
2 59 79
2 61 34
2 64 87
2 65 36
2 66 76
2 67 83
2 70 11
2 73 26
2 75 57
2 76 54
2 82 53
2 85 95
2 86 25
2 88 65
2 89 27
2 95 87
2 97 5
2 99 48
2 100 59
3 10 53
3 11 97
3 13 44
3 16 14
3 17 72
3 19 15
3 21 23
3 22 13
3 27 70
3 28 8
3 29 19
3 30 7
3 31 38
3 32 31
3 33 25
3 34 45
3 35 33
3 37 5
3 42 85
3 43 16
3 47 16
3 50 2
3 56 10
3 58 100
3 59 88
3 62 89
3 68 5
3 69 93
3 70 12
3 73 29
3 77 62
3 79 15
3 80 7
3 82 64
3 83 20
3 84 99
3 85 6
3 88 12
3 90 64
3 91 78
3 94 28
3 97 95
3 98 92
4 5 77
4 6 62
4 8 75
4 10 59
4 11 53
4 12 73
4 13 4
4 17 49
4 23 22
4 27 38
4 30 1
4 31 73
4 33 67
4 34 91
4 36 83
4 39 30
4 40 49
4 41 94
4 50 60
4 52 27
4 55 16
4 56 15
4 58 57
4 59 11
4 68 46
4 69 99
4 70 62
4 71 58
4 73 69
4 75 3
4 77 79
4 83 21
4 84 25
4 86 98
4 87 22
4 88 68
4 93 72
4 95 51
5 11 100
5 12 15
5 16 57
5 18 21
5 20 56
5 26 23
5 30 89
5 33 4
5 34 26
5 40 26
5 42 14
5 44 49
5 46 5
5 48 16
5 53 56
5 55 40
5 58 55
5 62 94
5 72 60
5 73 30
5 76 8
5 77 11
5 78 21
5 81 21
5 82 5
5 83 78
5 87 42
5 89 23
5 90 1
5 92 86
5 93 76
5 95 59
5 96 45
5 97 61
5 98 73
5 99 65
5 100 6
6 8 59
6 9 75
6 11 91
6 12 12
6 13 54
6 14 77
6 18 56
6 20 35
6 24 92
6 32 80
6 33 2
6 34 27
6 38 100
6 39 98
6 42 62
6 43 9
6 44 70
6 45 89
6 52 93
6 55 8
6 56 80
6 57 35
6 58 56
6 62 9
6 64 75
6 65 10
6 68 16
6 70 97
6 73 12
6 76 54
6 78 15
6 81 91
6 83 12
6 84 47
6 85 16
6 88 38
6 89 85
6 92 57
6 93 98
6 99 20
6 100 73
7 10 90
7 15 41
7 17 23
7 20 93
7 21 37
7 23 52
7 25 85
7 26 6
7 29 94
7 31 43
7 34 99
7 40 36
7 42 7
7 44 34
7 45 28
7 47 55
7 50 99
7 54 53
7 55 67
7 56 19
7 62 62
7 66 72
7 67 81
7 68 90
7 69 56
7 70 91
7 71 46
7 72 27
7 73 60
7 77 53
7 79 19
7 82 30
7 84 40
7 86 26
7 88 70
7 89 79
7 93 56
7 98 8
8 11 42
8 13 23
8 14 57
8 16 66
8 17 3
8 18 87
8 19 22
8 21 74
8 24 35
8 25 39
8 26 21
8 28 57
8 30 38
8 33 31
8 37 65
8 38 65
8 40 54
8 42 81
8 44 69
8 46 1
8 47 19
8 50 80
8 52 52
8 54 53
8 57 71
8 59 59
8 62 72
8 67 8
8 68 48
8 69 95
8 70 36
8 71 70
8 72 25
8 74 7
8 75 40
8 82 80
8 83 60
8 85 75
8 86 77
8 89 63
8 90 26
8 99 98
9 12 67
9 14 26
9 17 17
9 20 100
9 22 90
9 25 13
9 31 3
9 32 24
9 35 29
9 37 74
9 39 95
9 41 20
9 42 89
9 44 91
9 48 40
9 49 69
9 50 98
9 53 95
9 59 33
9 61 80
9 62 95
9 64 53
9 67 21
9 68 61
9 70 52
9 82 64
9 86 63
9 87 45
9 88 32
9 89 100
9 90 35
9 91 70
9 97 30
9 98 44
9 99 22
9 100 10
10 12 42
10 20 23
10 23 38
10 25 5
10 29 74
10 31 70
10 34 52
10 36 24
10 37 77
10 42 11
10 46 97
10 53 93
10 55 43
10 58 52
10 62 28
10 63 29
10 66 80
10 67 28
10 69 64
10 73 15
10 75 78
10 79 80
10 80 7
10 81 30
10 84 2
10 85 45
10 87 40
10 89 36
10 90 60
10 92 41
10 97 28
10 98 69
11 12 18
11 13 90
11 14 79
11 16 85
11 17 19
11 22 91
11 23 93
11 26 8
11 29 41
11 30 24
11 32 75
11 33 79
11 36 43
11 39 38
11 41 71
11 46 44
11 47 91
11 48 58
11 50 88
11 54 57
11 56 43
11 57 6
11 59 1
11 62 88
11 63 22
11 67 70
11 68 43
11 69 88
11 70 82
11 71 30
11 74 83
11 79 45
11 86 73
11 87 51
11 90 80
11 91 68
11 94 50
11 95 37
11 98 79
11 99 35
11 100 18
12 13 50
12 15 11
12 18 74
12 22 26
12 27 35
12 28 34
12 36 15
12 41 50
12 42 71
12 44 70
12 51 58
12 52 86
12 58 66
12 61 67
12 64 50
12 66 14
12 68 64
12 70 28
12 74 93
12 80 26
12 81 22
12 94 95
12 95 31
12 98 96
12 100 75
13 18 39
13 21 61
13 22 19
13 24 94
13 31 52
13 37 36
13 43 41
13 50 80
13 53 50
13 55 20
13 59 70
13 62 13
13 63 76
13 72 12
13 73 31
13 79 29
13 80 23
13 82 81
13 84 32
13 85 72
13 88 48
13 89 72
13 92 97
13 94 23
13 98 51
13 100 89
14 15 45
14 17 44
14 18 22
14 19 40
14 21 25
14 27 81
14 31 6
14 33 10
