100 4456 1
1 3 2
1 5 83
1 6 20
1 8 19
1 9 29
1 10 88
1 13 54
1 14 15
1 19 1
1 27 37
1 28 52
1 29 31
1 35 83
1 40 22
1 43 46
1 45 25
1 46 48
1 49 67
1 55 34
1 57 54
1 60 48
1 63 58
1 64 22
1 66 50
1 68 5
1 69 8
1 70 67
1 71 38
1 72 94
1 74 46
1 76 36
1 84 69
1 85 24
1 86 91
1 92 70
1 93 13
1 94 73
1 95 18
2 3 11
2 5 59
2 6 50
2 13 31
2 14 84
2 15 90
2 16 42
2 17 30
2 18 28
2 22 13
2 24 20
2 25 11
2 27 99
2 29 26
2 31 58
2 32 94
2 33 83
2 35 3
2 36 77
2 37 22
2 39 50
2 40 39
2 41 28
2 44 59
2 45 36
2 50 96
2 51 88
2 52 89
2 55 85
2 56 62
2 57 96
2 58 89
2 62 62
2 65 86
2 73 69
2 75 18
2 78 10
2 83 43
2 85 42
2 89 21
2 90 92
2 91 46
2 92 89
2 94 12
2 95 20
2 96 96
2 99 76
2 100 4
3 14 38
3 16 71
3 18 20
3 20 90
3 22 51
3 23 26
3 27 14
3 28 2
3 29 27
3 31 52
3 33 12
3 34 43
3 38 2
3 45 68
3 48 31
3 49 29
3 51 70
3 52 15
3 54 16
3 57 68
3 59 86
3 61 35
3 64 99
3 67 63
3 69 46
3 70 84
3 71 40
3 72 92
3 76 3
3 77 82
3 79 89
3 81 67
3 82 38
3 85 34
3 88 94
3 89 91
3 93 28
3 95 90
3 96 57
3 98 85
3 100 81
4 5 76
4 8 45
4 10 62
4 11 36
4 15 68
4 20 44
4 24 57
4 32 43
4 35 23
4 37 7
4 40 40
4 41 62
4 43 60
4 44 71
4 47 5
4 48 73
4 54 82
4 55 29
4 59 15
4 61 31
4 63 73
4 64 15
4 65 7
4 72 39
4 84 33
4 85 67
4 87 70
4 88 98
4 90 72
4 93 53
4 95 71
4 100 80
5 6 67
5 8 99
5 9 2
5 10 68
5 11 39
5 14 10
5 16 10
5 19 27
5 21 97
5 22 38
5 25 75
5 26 96
5 27 70
5 28 64
5 29 72
5 32 83
5 33 63
5 34 20
5 39 73
5 40 59
5 41 5
5 47 2
5 48 10
5 53 32
5 54 60
5 58 10
5 61 54
5 66 12
5 67 41
5 69 65
5 72 10
5 76 95
5 79 79
5 82 60
5 90 35
5 95 17
5 96 12
6 8 40
6 9 100
6 13 82
6 18 93
6 26 41
6 30 15
6 34 14
6 35 12
6 36 91
6 40 21
6 42 17
6 44 89
6 46 32
6 52 69
6 55 21
6 56 99
6 57 51
6 58 58
6 64 74
6 68 69
6 71 34
6 73 34
6 74 39
6 75 48
6 78 91
6 80 73
6 85 100
6 87 69
6 88 13
6 91 93
6 92 57
6 93 70
6 99 20
7 9 45
7 17 32
7 21 91
7 22 76
7 23 83
7 25 55
7 29 87
7 33 44
7 35 95
7 36 89
7 39 78
7 40 25
7 46 20
7 47 60
7 48 56
7 50 31
7 51 80
7 56 80
7 60 39
7 61 85
7 67 100
7 68 9
7 69 37
7 70 45
7 72 11
7 77 49
7 79 29
7 82 52
7 84 20
7 90 33
7 92 36
7 94 18
7 96 43
7 99 63
8 9 89
8 12 88
8 15 85
8 16 24
8 18 42
8 20 7
8 21 66
8 24 31
8 25 18
8 27 1
8 29 72
8 33 37
8 34 47
8 39 14
8 40 25
8 44 34
8 45 65
8 50 70
8 53 1
8 59 90
8 60 86
8 65 40
8 66 94
8 69 44
8 77 9
8 80 25
8 81 44
8 85 80
8 86 77
8 87 68
8 89 9
8 90 14
8 94 67
8 97 43
8 99 78
8 100 93
9 11 19
9 14 77
9 16 33
9 17 61
9 21 54
9 23 73
9 25 66
9 27 41
9 30 22
9 31 97
9 32 53
9 33 61
9 36 59
9 43 70
9 44 46
9 50 82
9 51 18
9 52 7
9 54 30
9 56 29
9 57 36
9 61 71
9 64 61
9 67 81
9 68 3
9 71 59
9 72 83
9 74 17
9 75 60
9 76 64
9 77 46
9 78 27
9 82 62
9 84 88
9 85 49
9 91 18
9 98 50
9 99 65
10 14 49
10 16 93
10 19 64
10 20 84
10 21 30
10 22 54
10 24 2
10 25 34
10 30 5
10 33 49
10 34 60
10 35 89
10 36 92
10 38 5
10 39 63
10 41 40
10 45 96
10 46 50
10 51 84
10 53 65
10 54 14
10 55 69
10 56 18
10 57 95
10 58 39
10 59 67
10 61 51
10 69 69
10 70 57
10 72 23
10 75 30
10 77 49
10 82 85
10 85 91
10 86 8
10 88 47
10 90 92
10 91 2
10 92 46
10 95 27
11 12 35
11 15 66
11 16 75
11 17 97
11 21 52
11 28 85
11 30 32
11 31 77
11 35 96
11 36 14
11 39 34
11 43 29
11 45 9
11 46 62
11 48 82
11 49 39
11 53 88
11 57 58
11 58 81
11 60 18
11 68 92
11 70 65
11 71 51
11 72 21
11 73 44
11 75 73
11 76 47
11 79 11
11 80 33
11 81 31
11 82 98
11 85 40
11 87 86
11 90 59
11 91 47
11 95 65
11 100 64
12 15 47
12 17 43
12 21 32
12 23 63
12 24 32
12 28 27
12 29 26
12 32 47
12 34 27
12 41 20
12 43 77
12 45 60
12 46 54
12 49 61
12 50 22
12 54 53
12 55 65
12 60 30
12 61 21
12 62 9
12 63 6
12 66 20
12 67 49
12 68 35
12 69 85
12 70 43
12 73 29
12 75 86
12 77 58
12 85 35
12 88 34
12 93 87
12 99 60
13 14 19
13 17 43
13 18 47
13 21 1
13 24 31
13 27 95
13 29 32
13 30 26
13 33 19
13 36 67
13 38 9
13 39 92
13 43 76
13 46 21
13 47 62
13 52 95
13 53 25
13 56 73
13 58 90
13 59 3
13 63 67
13 65 79
13 66 50
13 67 70
13 68 35
13 69 94
13 74 64
13 75 91
13 76 2
13 77 27
13 78 21
13 82 25
13 87 27
13 89 1
13 91 72
13 93 81
13 96 21
13 98 87
13 99 29
13 100 38
14 17 20
14 18 72
14 21 44
14 22 38
14 23 4
14 24 27
14 25 81
14 26 29
14 29 20
14 35 99
14 38 93
14 40 39
14 43 34
14 45 43
14 51 13
14 52 82
14 58 88
14 59 44
14 61 59
14 62 47
14 64 97
14 66 33
14 67 5
14 72 88
14 77 83
14 79 58
14 80 32
14 81 21
14 83 76
14 86 94
14 88 49
14 89 4
14 90 50
14 92 90
14 95 42
14 96 40
14 97 100
15 17 33
15 19 17
15 20 6
15 24 21
15 25 43
15 28 89
15 29 60
15 31 94
15 33 58
15 34 2
15 36 9
15 37 87
15 39 76
15 40 55
15 41 33
15 42 24
15 44 41
15 47 64
15 49 10
15 50 84
15 53 73
15 56 67
15 60 74
15 61 69
15 63 73
15 65 81
15 67 32
15 68 76
15 71 55
15 72 34
15 73 60
15 75 70
15 80 76
15 83 11
15 86 16
15 91 10
15 93 50
15 98 85
16 21 29
16 24 73
16 25 18
16 26 4
16 27 75
16 31 20
16 33 31
16 34 14
16 37 65
16 39 72
16 40 93
16 43 97
16 44 54
16 51 31
16 58 64
16 59 8
16 60 95
16 64 79
16 67 45
16 71 33
16 73 8
16 74 66
16 76 79
16 77 18
16 78 31
16 81 91
16 84 21
16 85 71
16 89 91
16 91 29
16 93 22
16 100 9
17 19 94
17 22 49
17 26 27
17 28 55
17 29 22
17 30 46
17 31 9
17 36 26
17 40 59
17 41 81
17 42 89
17 43 61
17 44 75
17 46 64
17 49 74
17 51 27
17 53 49
17 54 70
17 55 48
17 57 69
17 60 87
17 61 62
17 65 57
17 69 20
17 70 34
17 71 98
17 73 93
17 74 58
17 75 71
17 76 52
17 78 84
17 84 13
17 87 15
17 91 48
17 94 72
17 97 25
17 98 99
18 21 6
18 22 33
18 25 63
18 26 16
18 28 64
18 29 46
18 30 49
18 32 4
18 33 63
18 36 9
18 37 88
18 42 38
18 44 42
18 45 46
18 48 84
18 49 51
18 50 96
18 57 90
18 59 16
18 62 25
18 63 97
18 66 16
18 67 87
18 68 100
18 74 8
18 75 94
18 80 78
18 82 70
18 83 47
18 86 25
18 87 22
18 89 43
18 92 69
18 93 93
18 95 80
18 100 3
19 20 61
19 21 14
19 24 21
19 25 64
19 28 11
19 30 87
19 31 43
19 36 75
19 38 2
19 39 18
19 40 45
19 41 62
19 42 74
19 44 67
19 46 33
19 49 45
19 50 19
19 54 69
19 59 83
19 68 63
19 73 62
19 75 91
19 76 60
19 78 49
19 82 73
19 85 21
19 89 21
19 92 53
19 93 85
19 95 34
19 96 4
20 32 51
20 35 97
20 36 5
20 38 84
20 39 5
20 40 29
20 41 96
20 43 89
20 44 46
20 46 29
20 49 24
20 53 37
20 55 11
20 59 77
20 60 28
20 61 59
20 62 17
20 63 89
20 65 3
20 67 40
20 74 27
20 77 52
20 78 54
20 81 21
20 91 92
20 93 6
20 94 20
20 100 56
21 27 40
21 31 27
21 33 12
21 37 50
21 46 33
21 51 31
21 55 95
21 58 69
21 61 36
21 62 15
21 63 45
21 64 64
21 65 74
21 66 96
21 67 86
21 68 22
21 70 89
21 71 22
21 72 40
21 75 62
21 81 76
21 82 19
21 83 24
21 85 18
21 87 88
21 89 1
21 91 64
21 92 28
21 95 56
21 96 28
22 25 63
22 27 1
22 28 28
22 30 87
22 33 59
22 36 37
22 39 44
22 42 34
22 43 85
22 51 95
22 53 70
22 57 73
22 62 56
22 70 98
22 77 30
22 79 43
22 82 91
22 83 99
22 84 3
22 87 97
22 89 13
22 92 58
22 93 81
22 94 82
22 95 91
22 98 87
22 99 81
22 100 98
23 29 9
23 33 64
23 34 85
23 35 4
23 36 77
23 38 38
23 39 96
23 40 87
23 41 89
23 42 43
23 44 18
23 45 3
23 47 35
23 49 78
23 50 51
23 56 3
23 58 26
23 60 95
23 62 49
23 64 29
23 66 38
23 67 16
23 68 23
23 70 5
23 73 8
23 75 83
23 80 69
23 81 100
23 82 70
23 83 47
23 86 36
23 88 93
23 92 44
23 95 58
23 99 42
23 100 66
24 25 56
24 26 84
24 30 97
24 31 72
24 32 10
24 34 42
24 37 64
24 38 26
24 39 93
24 40 99
24 41 58
24 42 65
24 45 42
24 46 30
24 47 25
24 48 89
24 51 74
24 52 5
24 56 34
24 59 2
24 62 31
24 63 40
24 64 20
24 66 27
24 68 55
24 69 45
24 70 60
24 73 35
24 79 7
24 80 6
24 82 90
24 83 43
24 87 49
24 88 87
24 89 25
24 91 46
24 94 70
24 95 27
24 97 21
25 26 81
25 27 94
25 29 6
25 32 38
25 36 9
25 39 24
25 44 80
25 45 83
25 46 1
25 47 69
25 49 100
25 50 8
25 51 36
25 53 52
25 57 13
25 58 6
25 59 54
25 61 84
25 62 81
25 63 69
25 69 59
25 71 59
25 73 31
25 75 47
25 77 26
25 80 78
25 81 53
25 82 53
25 84 65
25 85 12
25 89 47
25 95 74
25 96 48
25 97 10
25 99 33
25 100 86
26 29 92
26 32 17
26 33 37
26 34 83
26 37 41
26 38 84
26 39 38
26 40 28
26 41 94
26 42 7
26 46 32
26 47 91
26 49 34
26 62 62
26 66 33
26 71 98
26 75 75
26 76 36
26 77 100
26 82 77
26 83 2
26 84 5
26 85 62
26 86 4
26 88 74
26 89 28
26 91 73
26 92 63
26 93 26
26 96 41
26 98 90
27 32 76
27 34 21
27 35 32
27 36 10
27 37 29
27 43 63
27 44 70
27 45 52
27 48 2
27 52 58
27 56 100
27 60 77
27 61 95
27 62 51
27 63 66
27 64 20
27 65 16
27 70 22
27 72 73
27 74 61
27 75 20
27 78 10
27 79 68
27 81 13
27 91 9
27 98 58
27 99 21
27 100 8
28 35 84
28 36 69
28 37 45
28 38 16
28 39 89
28 40 53
28 41 10
28 43 38
28 46 5
28 47 68
28 48 92
28 50 86
28 51 22
28 53 59
28 58 2
28 62 51
28 63 66
28 64 42
28 69 98
28 70 78
28 71 57
28 72 9
28 73 77
28 75 23
28 76 5
28 77 3
28 79 33
28 80 15
28 81 28
28 82 46
28 83 25
28 84 8
28 89 99
28 90 67
28 91 30
28 96 14
28 99 56
29 30 3
29 31 62
29 32 82
29 35 16
29 36 42
29 41 27
29 42 3
29 49 65
29 52 66
29 57 15
29 58 13
29 59 37
29 60 56
29 64 66
29 66 24
29 67 19
29 69 11
29 71 8
29 78 26
29 81 58
29 83 4
29 84 19
29 85 93
29 86 12
29 87 33
29 89 19
29 93 61
29 94 44
29 95 1
29 99 78
30 32 1
30 33 86
30 38 51
30 47 57
30 50 5
30 51 85
30 53 70
30 54 18
30 59 53
30 60 99
30 62 17
30 63 71
30 64 93
30 65 21
30 66 9
30 77 41
30 80 46
30 85 13
30 90 29
30 92 74
30 94 67
30 96 27
30 100 22
31 32 43
31 37 100
31 40 37
31 43 78
31 44 27
31 48 72
31 52 23
31 54 15
31 61 24
31 66 8
31 67 19
31 68 91
31 72 43
31 76 45
31 78 10
31 85 47
31 86 26
31 90 15
31 100 3
32 35 86
32 36 89
32 38 90
32 39 4
32 41 11
32 42 85
32 44 64
32 50 11
32 51 88
32 55 97
32 56 29
32 57 7
32 58 3
32 64 79
32 68 45
32 77 85
32 79 30
32 83 88
32 84 33
32 90 77
32 98 5
33 34 97
33 37 78
33 43 7
33 45 57
33 48 4
33 50 18
33 51 80
33 56 16
33 59 74
33 64 71
33 67 54
33 73 46
33 80 85
33 82 50
33 91 48
33 93 100
33 95 38
33 98 13
34 36 9
34 37 42
34 39 44
34 40 75
34 41 67
34 44 94
34 46 15
34 47 78
34 50 5
34 51 51
34 52 96
34 57 12
34 58 63
34 61 7
34 66 21
34 70 34
34 73 10
34 75 52
34 78 47
34 80 76
34 81 37
34 82 48
34 83 23
34 85 69
34 86 18
34 89 89
34 90 40
34 91 11
34 97 56
34 100 70
35 36 21
35 37 48
35 39 92
35 41 31
35 42 35
35 44 63
35 45 3
35 49 28
35 50 82
35 52 52
35 57 12
35 58 35
35 62 38
35 66 35
35 69 56
35 73 84
35 75 65
35 76 79
35 77 84
35 80 54
35 84 11
35 85 25
35 86 15
35 90 59
35 95 1
35 97 18
35 99 8
36 37 2
36 41 43
36 42 30
36 43 16
36 44 13
36 45 25
36 46 50
36 48 4
36 50 31
36 53 92
36 57 93
36 59 41
36 60 85
36 62 1
36 63 57
36 64 41
36 65 16
36 69 38
36 71 34
36 72 43
36 73 5
36 74 1
36 76 4
36 78 68
36 80 29
36 81 87
36 85 2
36 90 67
36 96 37
37 41 24
37 45 87
37 48 10
37 56 69
37 57 55
37 58 70
37 59 42
37 61 61
37 64 94
37 70 44
37 71 31
37 72 59
37 79 40
37 80 61
37 81 41
37 82 23
37 83 31
37 88 21
37 93 66
37 95 34
38 39 17
38 43 36
38 45 35
38 46 24
38 48 42
38 49 7
38 51 85
38 52 47
38 54 90
38 59 91
38 61 65
38 64 86
38 66 66
38 68 90
38 70 93
38 72 15
38 73 9
38 74 70
38 76 22
38 77 3
38 79 41
38 80 72
38 82 30
38 84 28
38 90 61
38 91 35
38 98 40
38 99 78
38 100 88
39 40 79
39 46 21
39 48 32
39 49 100
39 51 80
39 55 37
39 60 56
39 61 70
39 63 53
39 64 79
39 65 90
39 66 23
39 68 62
39 70 90
39 71 22
39 72 16
39 77 8
39 79 56
39 80 53
39 81 23
39 84 13
39 87 43
39 88 43
39 90 59
39 92 32
39 93 54
39 95 33
39 98 27
39 100 9
40 43 97
40 44 82
40 45 32
40 49 94
40 51 65
40 57 99
40 62 97
40 68 27
40 69 99
40 76 98
40 83 81
40 84 87
40 86 40
40 87 16
40 88 27
40 89 98
40 90 4
40 91 41
40 93 78
40 95 10
40 96 70
40 97 20
40 98 86
40 100 18
41 47 85
41 49 59
41 50 1
41 52 1
41 53 94
41 56 28
41 58 58
41 62 38
41 63 83
41 66 46
41 67 70
41 79 2
41 85 55
41 86 10
41 87 67
41 89 72
41 90 19
41 99 6
42 45 2
42 46 80
42 49 25
42 51 28
42 52 45
42 55 57
42 56 79
42 57 80
42 62 53
42 65 57
42 72 19
42 73 94
42 74 78
42 80 88
42 85 6
42 86 92
42 87 19
42 91 28
42 97 55
42 98 25
42 99 77
42 100 65
43 44 2
43 45 22
43 47 78
43 50 49
43 55 3
43 69 55
43 70 70
43 72 98
43 73 77
43 82 65
43 83 92
43 85 11
43 86 78
43 88 96
43 91 42
43 92 41
43 94 9
43 98 63
43 99 35
43 100 26
44 45 77
44 47 58
44 48 59
44 49 3
44 52 86
44 53 62
44 54 62
44 61 43
44 63 77
44 66 37
44 69 23
44 71 22
44 76 13
44 77 11
44 78 60
44 80 65
44 91 67
44 92 17
44 95 64
44 96 89
44 98 60
45 47 76
45 52 81
45 56 21
45 57 84
45 61 60
45 64 96
45 65 2
45 71 86
45 74 22
45 76 55
45 78 90
45 79 66
45 80 9
45 83 69
45 86 77
45 88 89
45 94 84
45 97 68
45 99 46
46 47 11
46 51 47
46 52 28
46 54 51
46 57 26
46 59 96
46 60 9
46 62 54
46 67 96
46 69 63
46 70 24
46 74 92
46 76 79
46 79 11
46 82 72
46 83 6
46 84 74
46 88 64
46 93 64
46 95 91
46 96 41
47 48 3
47 49 94
47 50 2
47 54 62
47 56 65
47 57 72
47 59 21
47 60 34
47 62 49
47 65 22
47 67 17
47 70 56
47 72 24
47 77 34
47 84 47
47 86 13
47 89 15
47 91 28
47 94 87
47 96 51
47 100 76
48 50 6
48 51 64
48 53 58
48 58 80
48 59 100
48 60 44
48 62 60
48 65 7
48 69 75
48 71 22
48 72 42
48 73 80
48 74 8
48 75 68
48 79 2
48 80 27
48 82 25
48 86 82
48 89 70
48 90 23
48 91 25
48 97 7
48 98 70
48 99 53
48 100 3
49 50 100
49 56 60
49 57 56
49 59 2
49 60 98
49 66 94
49 67 58
49 71 42
49 72 83
49 73 75
49 74 60
49 78 3
49 79 42
49 82 36
49 90 86
49 91 49
49 95 8
49 96 6
49 98 87
50 53 44
50 54 26
50 60 34
50 61 62
50 63 9
50 68 59
50 70 30
50 72 75
50 76 75
50 77 98
50 80 63
50 81 34
50 82 22
50 83 26
50 84 70
50 86 33
50 90 82
50 93 41
50 95 91
50 96 92
50 97 67
50 99 63
51 52 92
51 53 83
51 55 99
51 56 86
51 58 71
51 59 37
51 60 4
51 61 18
51 65 85
51 66 42
51 67 26
51 76 82
51 77 91
51 78 72
51 80 74
51 81 90
51 82 73
51 84 68
51 85 86
51 87 41
51 88 7
51 91 58
51 95 53
51 97 51
51 98 32
51 99 19
52 53 33
52 55 43
52 59 81
52 63 39
52 64 1
52 67 14
52 69 29
52 71 71
52 72 50
52 73 71
52 78 64
52 85 8
52 86 18
52 96 69
52 98 53
53 55 16
53 56 58
53 61 83
53 64 69
53 69 41
53 70 85
53 73 81
53 74 82
53 78 19
53 82 85
53 84 28
53 87 20
53 88 41
53 93 91
53 94 31
53 97 5
53 98 96
54 55 41
54 62 44
54 64 70
54 67 79
54 70 81
54 73 78
54 80 3
54 83 57
54 87 100
54 91 24
54 93 27
54 94 72
54 97 22
54 98 68
55 56 84
55 64 46
55 66 34
55 67 25
55 69 92
55 70 22
55 74 60
55 77 21
55 79 73
55 80 67
55 85 50
55 87 22
55 88 17
55 89 33
55 93 87
55 97 25
55 100 82
56 64 90
56 65 21
56 69 42
56 71 37
56 72 86
56 73 52
56 75 23
56 78 48
56 79 46
56 82 87
56 83 40
56 87 20
56 91 35
56 93 81
56 98 19
56 99 46
56 100 64
57 58 30
57 59 5
57 62 18
57 63 7
57 64 81
57 65 41
57 66 77
57 68 15
57 73 59
57 74 22
57 78 57
57 80 28
57 81 28
57 82 58
57 84 5
57 87 81
57 89 100
57 91 89
57 94 1
57 95 51
58 60 100
58 61 71
58 68 9
58 72 54
58 74 65
58 75 8
58 76 36
58 77 10
58 78 32
58 82 26
58 86 59
58 87 49
58 91 26
58 94 5
58 95 91
58 96 82
58 97 6
58 98 17
58 100 75
59 60 71
59 61 54
59 63 76
59 65 45
59 70 62
59 77 72
59 78 4
59 82 19
59 83 59
59 85 63
59 90 71
59 93 15
59 96 90
59 97 81
59 99 93
60 62 61
60 63 75
60 65 41
60 67 56
60 71 89
60 73 15
60 76 79
60 77 43
60 78 12
60 81 73
60 82 83
60 84 30
60 88 44
60 89 18
60 90 49
60 95 75
60 97 63
61 62 58
61 65 28
61 70 76
61 75 18
61 77 49
61 78 4
61 79 33
61 80 66
61 81 63
61 82 3
61 84 2
61 88 50
61 89 93
61 90 45
61 98 82
61 100 13
62 69 43
62 72 18
62 74 5
62 75 41
62 78 72
62 84 8
62 85 4
62 86 4
62 91 61
62 93 56
62 94 30
62 96 5
62 99 35
62 100 77
63 64 82
63 65 63
63 75 60
63 76 36
63 80 52
63 82 16
63 83 79
63 84 79
63 85 45
63 87 85
63 89 52
63 90 85
63 96 14
63 97 48
64 68 75
64 71 78
64 74 85
64 80 89
64 82 83
64 83 100
64 85 47
64 86 82
64 92 40
64 96 56
64 97 14
65 66 2
65 67 75
65 84 6
65 86 88
65 91 70
65 97 11
65 98 25
65 99 16
66 67 11
66 68 3
66 69 23
66 74 79
66 76 93
66 77 43
66 82 81
66 86 16
66 87 15
66 93 67
66 94 28
66 98 21
66 99 67
67 68 90
67 70 46
67 72 49
67 74 95
67 75 17
67 76 63
67 77 76
67 80 100
67 85 20
67 87 17
67 94 57
67 96 22
67 98 93
67 99 20
68 70 87
68 73 26
68 75 8
68 76 72
68 82 61
68 86 19
68 88 13
68 90 22
68 91 60
68 92 35
68 93 15
68 99 92
68 100 88
69 74 32
69 75 41
69 78 10
69 82 73
69 84 65
69 85 68
69 87 42
69 88 13
69 89 22
69 96 21
69 100 84
70 73 94
70 76 73
70 77 82
70 79 34
70 81 52
70 92 31
70 93 88
70 96 26
71 72 65
71 73 58
71 82 60
71 83 73
71 84 28
71 86 3
71 87 4
71 89 56
71 91 3
71 94 89
71 95 11
71 96 91
71 97 59
71 98 21
72 75 91
72 78 48
72 80 67
72 81 71
72 82 6
72 88 8
72 91 51
72 92 16
72 97 68
72 100 81
73 81 55
73 82 75
73 84 81
73 86 73
73 87 5
73 88 88
73 89 59
73 94 50
73 96 6
73 97 58
74 76 39
74 78 84
74 79 37
74 82 28
74 83 60
74 85 15
74 86 85
74 87 23
74 90 6
74 93 8
74 95 68
74 97 57
74 98 9
74 99 92
74 100 23
75 79 58
75 80 81
75 82 71
75 84 75
75 85 88
75 90 7
75 92 28
75 93 45
75 94 60
75 95 28
76 77 98
76 79 99
76 80 32
76 81 86
76 82 43
76 84 83
76 89 38
76 90 73
76 91 80
76 93 29
76 95 50
76 96 90
76 97 56
76 99 89
77 80 6
77 81 33
77 83 46
77 84 67
77 87 79
77 90 73
77 95 70
77 99 49
78 79 53
78 85 68
78 87 50
78 88 95
78 89 51
78 93 91
78 94 61
78 95 6
78 96 14
78 99 100
79 80 90
79 81 21
79 84 58
79 86 91
79 91 7
79 92 56
79 93 40
79 96 40
79 97 47
79 99 32
79 100 35
80 81 26
80 82 88
80 85 90
80 87 71
80 88 53
80 89 45
80 93 24
80 94 56
80 95 92
80 96 71
80 97 34
80 99 36
80 100 59
81 82 28
81 84 52
81 87 24
81 88 29
81 90 64
81 91 4
81 94 14
81 96 4
81 98 40
82 85 56
82 87 95
82 90 28
82 94 76
83 87 2
83 88 9
83 92 9
83 93 75
83 99 55
83 100 46
84 87 88
84 89 25
84 91 28
84 94 7
84 95 34
84 96 68
84 98 2
85 86 83
85 98 69
85 100 24
86 90 18
86 92 52
86 94 50
86 97 3
87 90 20
87 93 51
87 96 54
88 89 23
88 93 23
88 94 51
88 96 92
88 97 84
88 99 76
89 94 14
89 98 61
89 99 55
89 100 2
90 91 84
90 95 73
90 98 87
91 95 97
91 100 92
92 97 78
92 99 18
93 94 69
94 95 30
94 96 80
94 98 88
94 100 100
95 96 55
95 98 94
95 100 39
97 99 35
97 100 64
1 6 51
1 8 39
1 9 25
1 11 55
1 14 51
1 15 11
1 16 94
1 20 11
1 21 36
1 23 29
1 24 46
1 29 49
1 34 11
1 35 32
1 38 37
1 44 13
1 45 58
1 54 97
1 56 24
1 57 73
1 58 85
1 59 40
1 60 71
1 64 84
1 66 81
1 68 53
1 69 49
1 70 75
1 73 93
1 74 87
1 75 88
1 76 39
1 80 90
1 82 58
1 83 97
1 84 77
1 85 38
1 86 35
1 88 73
1 89 68
1 91 14
1 92 88
1 95 70
1 100 69
2 3 74
2 7 83
2 10 75
2 11 61
2 17 3
2 18 15
2 20 2
2 23 25
2 24 61
2 25 23
2 30 79
2 31 40
2 33 41
2 34 19
2 35 32
2 36 30
2 37 87
2 42 19
2 43 100
2 46 22
2 51 76
2 55 42
2 57 69
2 60 97
2 63 100
2 65 82
2 67 18
2 69 72
2 73 46
2 75 90
2 76 85
2 77 33
2 81 37
2 91 100
2 95 34
2 98 85
3 5 90
3 6 66
3 7 100
3 9 78
3 13 84
3 14 48
3 15 77
3 23 55
3 27 30
3 34 82
3 35 28
3 38 53
3 40 52
3 50 74
3 52 44
3 53 83
3 58 62
3 61 80
3 64 75
3 66 91
3 67 87
3 68 79
3 69 65
3 70 69
3 71 65
3 72 16
3 74 65
3 76 15
3 77 41
3 78 9
3 79 94
3 83 99
3 86 35
3 87 5
3 92 66
3 96 25
3 98 77
3 99 70
4 6 36
4 7 71
4 10 54
4 11 18
4 12 45
4 14 67
4 15 28
4 17 91
4 20 26
4 27 70
4 29 72
4 35 93
4 39 17
4 45 94
4 53 77
4 54 73
4 55 93
4 57 86
4 59 19
4 62 62
4 65 8
4 70 86
4 74 1
4 77 31
4 78 69
4 84 7
4 88 30
4 89 90
4 90 46
4 96 1
5 7 60
5 8 90
5 11 19
5 12 12
5 13 47
5 14 45
5 16 74
5 17 69
5 18 68
5 20 36
5 22 40
5 27 85
5 28 88
5 31 89
5 32 73
5 33 92
5 34 73
5 35 5
5 36 63
5 38 64
5 40 5
5 44 14
5 45 69
5 52 29
5 56 84
5 58 81
5 60 76
5 63 80
5 64 19
5 70 23
5 72 82
5 73 100
5 74 56
5 76 99
5 79 38
5 82 40
5 85 54
5 87 8
5 88 1
5 92 48
5 93 41
5 95 13
5 96 37
5 98 9
6 10 54
6 16 20
6 18 63
6 20 51
6 21 75
6 24 4
6 32 65
6 38 2
6 41 92
6 42 2
6 46 97
6 50 47
6 53 83
6 55 18
6 58 81
6 61 11
6 63 40
6 64 6
6 72 18
6 74 55
6 78 31
6 81 73
6 82 39
6 86 60
6 87 70
6 99 15
7 10 32
7 13 21
7 23 74
7 24 9
7 28 70
7 35 43
7 37 67
7 39 38
7 45 50
7 50 93
7 51 10
7 52 13
7 53 90
7 57 60
7 58 73
7 59 70
7 62 40
7 63 14
7 64 29
7 65 58
7 66 72
7 68 19
7 73 13
7 74 83
7 75 49
7 79 46
7 83 85
7 84 73
7 86 88
7 87 10
7 91 70
7 93 57
7 94 32
7 95 28
8 11 17
8 20 62
8 21 68
8 22 66
8 24 28
8 25 84
8 28 39
8 30 42
8 31 76
8 34 6
8 36 86
8 38 86
8 42 11
8 43 43
8 44 59
8 45 45
8 48 30
8 50 89
8 54 90
8 56 21
8 57 20
8 58 70
8 62 69
8 68 90
8 70 55
8 72 96
8 73 1
8 74 16
8 76 10
8 79 18
8 82 55
8 85 66
8 86 47
8 89 23
8 90 9
8 91 68
8 93 35
8 98 96
8 100 63
9 11 21
9 13 70
9 15 10
9 16 100
9 17 99
9 18 19
9 24 57
9 26 85
9 27 80
9 28 24
9 29 17
9 33 51
9 38 98
9 40 61
9 41 12
9 42 58
9 44 65
9 45 56
9 48 25
9 49 63
9 51 80
9 52 29
9 56 46
9 57 78
9 60 96
9 63 83
9 64 30
9 73 48
9 74 92
9 78 100
9 79 38
9 80 37
9 83 76
9 84 47
9 85 35
9 88 5
9 91 4
9 95 75
9 100 37
10 12 71
10 13 33
10 15 37
10 19 29
10 21 32
10 24 34
10 25 76
10 27 95
10 29 38
10 32 96
10 33 81
10 34 100
10 35 16
10 36 98
10 37 58
10 41 47
10 46 81
10 48 14
10 51 77
10 52 51
10 59 81
10 60 91
10 62 2
10 66 13
10 72 35
10 76 10
10 82 47
10 85 87
10 86 83
10 87 44
10 92 63
10 95 74
10 97 23
11 19 39
11 23 58
11 26 92
11 27 6
11 30 74
11 31 85
11 34 24
11 35 28
11 36 63
11 37 80
11 46 60
11 47 56
11 48 19
11 50 87
11 55 16
11 56 23
11 57 17
11 60 68
11 70 32
11 75 64
11 76 92
11 77 68
11 78 11
11 79 68
11 84 42
11 86 95
11 88 46
11 90 87
11 91 10
11 92 36
11 93 94
11 99 16
12 18 14
12 21 63
12 22 88
12 23 34
12 24 4
12 25 30
12 29 78
12 30 90
12 35 16
12 37 43
12 38 69
12 40 28
12 41 79
12 42 11
12 43 89
12 46 97
12 48 14
12 50 88
12 51 6
12 52 58
12 54 43
12 55 59
12 56 49
12 57 18
12 61 39
12 67 5
12 68 46
12 69 35
12 71 80
12 74 66
12 76 26
12 77 46
12 83 65
12 87 95
12 91 48
12 93 50
12 94 26
13 16 34
13 17 75
13 19 65
13 20 24
13 22 24
13 23 64
13 25 72
13 28 58
13 32 25
13 33 56
13 34 8
13 35 18
13 36 47
13 37 36
13 44 29
13 48 35
13 49 67
13 56 25
13 61 88
13 65 58
13 66 30
13 72 100
13 74 46
13 78 64
13 79 22
13 80 11
13 83 15
13 84 67
13 91 7
13 92 32
13 93 36
13 100 94
14 15 50
14 16 46
14 18 78
14 19 90
14 20 75
14 21 47
14 25 25
14 35 90
14 37 44
14 48 37
14 54 29
14 56 6
14 58 89
14 60 16
14 62 17
14 63 8
14 68 84
14 69 10
14 70 19
14 71 29
14 72 73
14 73 82
14 76 100
14 77 93
14 80 2
14 87 25
14 89 23
14 90 92
14 93 33
14 99 17
15 17 73
15 18 72
15 24 90
15 25 45
15 30 43
15 32 63
15 38 98
15 39 20
15 42 76
15 43 16
15 44 49
15 48 11
15 51 82
15 54 41
15 56 3
15 60 11
15 61 20
15 62 100
15 63 78
15 64 12
15 66 21
15 67 86
15 68 54
15 71 35
15 73 35
15 74 90
15 76 76
15 77 35
15 78 55
15 81 60
15 85 85
15 86 81
15 87 23
15 88 11
15 92 21
15 96 92
16 17 97
16 21 88
16 22 98
16 25 23
16 26 91
16 28 55
16 32 13
16 35 49
16 36 100
16 38 100
16 41 68
16 43 86
16 46 20
16 48 96
16 52 53
16 56 6
16 57 2
16 59 41
16 60 43
16 68 47
16 69 27
16 73 3
16 74 63
16 75 59
16 79 80
16 81 56
16 84 93
16 87 46
16 88 95
16 89 86
16 92 23
16 93 70
16 94 25
16 95 38
16 97 1
17 18 35
17 24 43
17 25 35
17 26 54
17 27 4
17 28 38
17 30 16
17 32 3
17 36 37
17 38 87
17 43 90
17 46 96
17 48 86
17 49 75
17 50 32
17 51 25
17 52 80
17 56 51
17 57 3
17 58 97
17 60 25
17 61 2
17 63 22
17 65 7
17 72 18
17 73 68
17 77 45
17 79 37
17 81 2
17 83 50
17 85 31
17 89 40
17 93 26
17 95 77
17 100 76
18 19 23
18 21 92
18 22 34
18 23 38
18 26 21
18 27 10
18 30 51
18 33 59
18 37 48
18 40 62
18 43 19
18 44 8
18 47 13
18 50 1
18 51 23
18 55 39
18 58 52
18 61 84
18 66 27
18 67 100
18 68 40
18 70 23
18 71 18
18 75 92
18 76 1
18 79 70
18 80 85
18 82 4
18 84 9
18 85 41
18 88 14
18 90 17
18 91 19
18 92 23
18 93 5
18 94 77
18 95 67
18 97 61
18 98 54
19 21 93
19 25 62
19 33 28
19 35 14
19 36 47
19 40 79
19 42 37
19 46 52
19 48 50
19 50 39
19 54 6
19 55 25
19 58 69
19 61 2
19 62 23
19 64 31
19 65 7
19 66 72
19 67 53
19 68 96
19 70 96
19 76 3
19 79 7
19 84 46
19 85 79
19 89 3
19 92 25
19 94 82
19 98 48
19 99 99
20 22 98
20 25 37
20 27 92
20 28 10
20 29 31
20 30 28
20 32 16
20 33 79
20 34 78
20 36 33
20 44 54
20 51 46
20 52 38
20 56 27
20 57 94
20 59 20
20 60 4
20 61 89
20 63 61
20 66 89
20 67 93
20 68 17
20 69 41
20 71 78
20 73 13
20 76 38
20 77 23
20 78 72
20 79 50
20 80 20
20 81 58
20 83 72
20 84 16
20 88 66
20 93 20
20 94 15
20 95 88
20 98 67
20 99 1
20 100 71
21 22 35
21 23 50
21 26 44
21 31 70
21 34 1
21 35 63
21 38 39
21 41 60
21 44 50
21 46 54
21 47 59
21 48 56
21 50 57
21 52 59
21 54 85
21 55 20
21 59 32
21 60 25
21 62 88
21 65 57
21 69 75
21 70 50
21 71 27
21 72 77
21 74 45
21 78 54
21 81 23
21 86 11
21 87 31
21 88 21
21 89 24
21 90 7
21 94 25
22 23 34
22 25 2
22 26 13
22 28 15
22 30 14
22 33 48
22 34 99
22 35 43
22 36 40
22 37 3
22 39 89
22 44 12
22 47 49
22 50 23
22 54 71
22 61 28
22 63 75
22 68 9
22 69 97
22 70 64
22 71 23
22 74 77
22 77 31
22 86 45
22 88 78
22 89 15
22 95 66
22 97 65
22 98 22
22 100 10
23 25 24
23 30 5
23 35 16
23 37 31
23 38 55
23 39 59
23 41 35
23 44 41
23 46 34
23 48 5
23 50 2
23 53 36
23 55 18
23 57 14
23 58 31
23 59 96
23 63 37
23 66 84
23 72 38
23 77 48
23 78 59
23 81 2
23 83 90
23 84 2
23 85 61
23 88 66
23 90 35
23 91 56
23 98 35
23 100 61
24 28 68
24 29 38
24 30 49
24 31 62
24 33 32
24 34 56
24 36 93
24 37 22
24 44 11
24 49 79
24 50 44
24 54 95
24 56 17
24 57 26
24 62 83
24 67 68
24 68 75
24 70 88
24 72 86
24 73 47
24 75 92
24 76 56
24 77 23
24 80 64
24 82 76
24 84 2
24 88 53
24 90 4
24 92 3
24 96 6
24 97 96
24 98 67
24 99 15
24 100 23
25 26 69
25 27 17
25 32 42
25 33 1
25 35 71
25 36 22
25 37 7
25 38 53
25 43 83
25 45 29
25 47 43
25 48 27
25 49 82
25 51 54
25 55 14
25 56 11
25 63 10
25 65 45
25 74 79
25 80 82
25 81 90
25 82 56
25 83 50
25 85 83
25 87 1
25 88 99
25 91 69
25 97 84
25 99 27
26 28 54
26 34 63
26 36 40
26 37 53
26 38 43
26 39 25
26 40 49
26 43 78
26 45 27
26 50 86
26 52 97
26 57 44
26 60 12
26 62 24
26 63 39
26 64 9
26 68 34
26 69 97
26 77 85
26 78 28
26 79 58
26 83 1
26 84 81
26 87 40
26 92 73
26 97 21
26 98 95
26 99 85
27 31 5
27 35 61
27 38 27
27 42 77
27 44 44
27 48 88
27 49 80
27 50 55
27 51 6
27 54 21
27 56 68
27 62 34
27 63 15
27 64 72
27 65 55
27 66 32
27 67 36
27 68 62
27 71 53
27 74 23
27 75 82
27 77 95
27 84 70
27 85 23
27 87 34
27 90 35
27 96 69
27 99 57
27 100 95
28 30 29
28 32 23
28 36 3
28 39 58
28 40 82
28 41 60
28 43 78
28 45 42
28 51 36
28 54 26
28 56 80
28 61 38
28 62 42
28 73 58
28 74 65
28 82 66
28 83 65
28 85 27
28 86 18
28 87 68
28 88 98
28 89 4
28 90 26
28 93 45
28 96 55
28 97 77
28 98 2
28 99 96
28 100 54
29 34 39
29 35 27
29 36 83
29 38 40
29 39 39
29 40 30
29 41 47
29 43 36
29 45 32
29 48 29
29 54 52
29 57 41
29 58 63
29 62 97
29 63 61
29 67 45
29 68 48
29 70 60
29 72 1
29 73 38
29 74 69
29 76 15
29 79 64
29 82 16
29 83 38
29 85 22
29 87 92
29 88 26
29 89 62
29 91 61
29 93 31
29 94 100
30 32 30
30 33 29
30 36 68
30 40 25
30 41 73
30 45 4
30 47 67
30 48 37
30 52 91
30 55 69
30 62 18
30 64 48
30 67 21
30 72 41
30 73 10
30 75 51
30 76 68
30 82 5
30 84 80
30 90 34
30 91 24
30 95 83
30 97 4
31 36 62
31 38 20
31 42 18
31 43 54
31 45 56
31 49 62
31 50 45
31 51 13
31 52 2
31 58 34
31 62 76
31 64 84
31 67 63
31 68 10
31 70 26
31 78 66
31 79 59
31 80 47
31 84 21
31 85 76
31 86 65
31 93 88
31 94 32
31 97 50
31 98 93
32 35 42
32 37 51
32 38 27
32 41 26
32 42 15
32 43 86
32 44 79
32 45 14
32 49 51
32 53 90
32 56 11
32 61 85
32 64 17
32 65 81
32 67 72
32 70 36
32 71 13
32 73 16
32 74 70
32 75 34
32 77 63
32 78 31
32 80 34
32 82 23
32 83 39
32 85 8
32 86 82
32 87 45
32 88 77
32 91 99
32 93 40
32 94 20
32 98 64
33 38 59
33 45 42
33 49 3
33 51 8
33 54 69
33 57 3
33 58 93
33 59 27
33 63 18
33 64 10
33 65 52
33 67 64
33 68 79
33 69 79
33 76 38
33 79 31
33 81 98
33 82 70
33 84 50
33 85 63
33 87 58
33 88 18
33 89 77
33 90 85
33 94 85
33 98 98
33 99 1
34 35 4
34 38 40
34 39 7
34 41 66
34 43 36
34 45 27
34 49 77
34 50 34
34 52 50
34 53 12
34 55 11
34 56 12
34 59 15
34 60 19
34 61 4
34 63 52
34 64 27
34 66 81
34 70 85
34 72 53
34 74 93
34 75 83
34 76 24
34 78 23
34 80 18
34 81 39
34 83 57
34 85 47
34 86 43
34 88 12
34 89 91
34 90 63
34 99 6
35 36 12
35 39 27
35 40 76
35 45 21
35 46 32
35 47 80
35 49 78
35 51 59
35 53 92
35 54 90
35 56 47
35 59 25
35 61 44
35 64 35
35 67 1
35 68 76
35 69 72
35 70 53
35 72 80
35 73 74
35 74 91
35 76 44
35 77 28
35 78 99
35 88 78
35 90 66
35 93 75
35 95 28
35 97 4
35 99 29
36 37 76
36 47 41
36 48 28
36 49 33
36 50 14
36 51 96
36 54 43
36 55 3
36 56 21
36 57 83
36 58 94
36 60 34
36 63 84
36 66 9
36 69 35
36 70 4
36 71 93
36 72 57
36 74 40
36 76 90
36 77 85
36 84 29
36 85 90
36 89 55
36 93 8
36 95 3
37 38 30
37 40 2
37 42 65
37 45 47
37 50 18
37 51 67
37 53 63
37 54 31
37 56 20
37 57 38
37 61 94
37 63 7
37 67 10
37 70 12
37 71 1
37 74 34
37 78 50
37 79 19
37 80 46
37 81 73
37 82 85
37 91 18
37 94 3
37 95 55
37 96 69
37 97 34
37 98 52
37 99 26
38 41 70
38 45 5
38 46 14
38 51 51
38 52 6
38 55 99
38 56 13
38 58 82
38 59 69
38 61 98
38 62 80
38 63 42
38 71 74
38 73 71
38 74 25
38 75 6
38 76 78
38 77 59
38 78 98
38 79 38
38 82 10
38 83 53
38 85 82
38 90 28
38 93 76
38 94 8
38 95 79
38 96 91
38 97 9
38 98 93
38 100 36
39 41 65
39 42 41
39 43 8
39 46 99
39 50 38
39 52 2
39 54 58
39 55 75
39 56 65
39 62 88
39 63 38
39 68 35
39 71 58
39 74 82
39 76 30
39 77 83
39 80 97
39 81 41
39 82 8
39 93 96
39 98 7
40 41 83
40 42 21
40 45 43
40 48 81
40 49 97
40 51 41
40 52 57
40 61 47
40 63 94
40 68 58
40 70 86
40 78 50
40 82 84
40 83 47
40 84 8
40 86 28
40 87 32
40 90 16
40 92 70
40 94 90
40 95 27
40 99 66
41 43 18
41 46 64
41 48 14
41 50 75
41 51 72
41 52 29
41 57 94
41 61 68
41 66 33
41 67 83
41 70 40
41 71 2
41 75 62
41 76 75
41 82 41
41 85 2
41 87 46
41 88 74
41 92 40
41 95 21
41 97 23
42 43 62
42 44 78
42 46 36
42 48 37
42 51 34
42 52 84
42 53 82
42 66 91
42 68 26
42 69 91
42 71 82
42 73 48
42 75 40
42 76 33
42 79 54
42 81 40
42 85 80
42 87 84
42 89 79
42 90 48
42 91 71
42 92 95
42 96 24
42 100 51
43 46 97
43 50 48
43 51 19
43 52 85
43 53 38
43 54 21
43 66 38
43 70 1
43 72 100
43 75 82
43 79 97
43 82 28
43 83 48
43 87 62
43 88 4
43 90 63
43 95 55
43 97 80
43 99 9
43 100 64
44 45 15
44 47 92
44 50 87
44 52 13
44 58 62
44 60 7
44 67 70
44 70 71
44 71 28
44 77 76
44 78 61
44 81 51
44 83 48
44 84 34
44 92 69
44 94 61
44 95 99
45 48 22
45 50 74
45 52 17
45 56 90
45 57 72
45 61 71
45 63 93
45 67 19
45 68 100
45 71 82
45 72 23
45 74 67
45 75 66
45 76 51
45 85 12
45 87 41
45 88 100
45 90 3
45 94 52
45 95 76
45 98 11
45 99 22
46 49 22
46 53 15
46 56 75
46 58 50
46 62 35
46 63 28
46 77 81
46 81 63
46 82 55
46 83 88
46 88 82
46 89 46
46 92 7
46 95 4
46 97 32
46 100 6
47 54 85
47 56 79
47 58 59
47 59 50
47 60 25
47 61 1
47 62 4
47 63 19
47 64 92
47 65 43
47 70 55
47 75 56
47 77 48
47 80 38
47 85 11
47 86 49
47 91 93
47 93 97
47 95 72
47 98 84
47 99 12
48 50 53
48 55 36
48 56 52
48 58 20
48 59 37
48 61 43
48 65 90
48 70 89
48 71 36
48 75 5
48 79 38
48 80 12
48 81 54
48 84 52
48 88 6
48 90 32
48 96 21
48 97 61
49 52 100
49 54 27
49 57 48
49 63 2
49 67 43
49 69 99
49 72 57
49 80 68
49 81 14
49 88 93
49 89 34
49 94 15
49 96 62
49 98 85
50 54 18
50 56 15
50 57 69
50 59 63
50 61 70
50 62 53
50 63 99
50 64 5
50 65 47
50 67 97
50 71 72
50 75 35
50 82 19
50 85 65
50 92 51
50 94 45
50 97 20
50 98 66
51 52 20
51 53 15
51 56 49
51 57 20
51 59 73
51 60 22
51 65 60
51 69 47
51 71 46
51 73 77
51 77 11
51 79 56
51 80 100
51 83 97
51 84 16
51 86 63
51 90 41
51 92 17
51 93 39
51 94 31
51 95 81
51 97 28
51 98 79
51 100 78
52 53 62
52 54 77
52 59 3
52 61 54
52 62 97
52 67 32
52 69 87
52 72 83
52 74 29
52 75 26
52 76 52
52 78 26
52 80 43
52 83 50
52 87 6
52 90 28
52 92 30
52 93 66
52 95 46
53 57 18
53 58 67
53 60 5
53 62 90
53 63 75
53 64 61
53 67 35
53 75 23
53 76 99
53 84 31
53 85 35
53 87 31
53 88 39
53 90 52
53 91 94
53 92 41
53 93 97
53 94 67
53 95 89
53 96 83
53 98 90
54 56 26
54 58 47
54 61 82
54 62 27
54 63 1
54 66 100
54 67 46
54 69 19
54 71 60
54 72 68
54 75 37
54 77 51
54 78 57
54 79 61
54 80 10
54 85 94
54 86 63
54 87 17
54 89 19
54 92 46
54 96 35
54 97 4
55 56 88
55 59 76
55 60 48
55 64 16
55 65 63
55 67 63
55 70 20
55 71 82
55 79 95
55 80 13
55 82 43
55 83 47
55 85 31
55 87 70
55 88 48
55 96 28
55 97 43
55 100 17
56 57 46
56 59 83
56 67 37
56 68 15
56 69 83
56 70 95
56 73 93
56 76 9
56 78 42
56 79 99
56 80 35
56 84 19
56 85 84
56 87 34
56 91 58
56 94 71
56 97 49
56 99 46
57 59 72
57 64 30
57 68 29
57 70 77
57 72 48
57 73 69
57 75 66
57 76 34
57 80 76
57 82 37
57 86 81
57 92 37
57 95 64
57 99 36
58 60 87
58 63 63
58 66 59
58 67 11
58 69 50
58 70 41
58 73 79
58 75 100
58 76 38
58 79 12
58 80 6
58 82 57
58 84 37
58 85 11
58 87 98
58 88 59
58 90 82
58 91 6
58 95 29
58 97 69
58 99 1
58 100 92
59 60 94
59 62 76
59 64 34
59 65 35
59 66 50
59 69 22
59 73 11
59 75 1
59 76 85
59 77 85
59 80 69
59 81 59
59 84 15
59 85 79
59 87 61
59 88 43
59 89 24
59 90 62
59 93 2
59 94 34
59 95 23
59 96 61
59 98 90
60 64 17
60 67 79
60 69 32
60 74 16
60 78 76
60 80 81
60 81 23
60 89 91
60 91 77
60 93 24
60 94 19
60 97 61
60 100 86
61 69 9
61 70 17
61 71 87
61 73 28
61 76 81
61 77 39
61 78 44
61 80 58
61 82 73
61 84 22
61 85 54
61 92 68
61 94 36
61 95 18
61 98 82
61 100 39
62 65 62
62 66 3
62 68 32
62 70 72
62 73 42
62 77 49
62 84 70
62 86 61
62 88 46
62 94 64
62 95 92
62 98 86
62 99 16
63 67 73
63 68 25
63 70 20
63 72 77
63 73 14
63 75 1
63 76 51
63 78 12
63 79 65
63 82 32
63 85 86
63 92 46
63 95 44
63 96 51
64 70 82
64 71 54
64 76 43
64 78 79
64 79 70
64 82 32
64 84 6
64 87 11
64 88 47
64 91 16
64 92 7
64 95 98
64 97 64
64 99 66
65 66 16
65 67 6
65 71 32
65 72 74
65 73 9
65 75 60
65 82 5
65 85 58
65 89 18
65 90 44
65 93 8
65 96 81
65 97 11
66 70 58
66 71 49
66 72 88
66 73 29
66 76 41
66 77 35
66 79 85
66 82 53
66 85 93
66 87 33
66 90 14
66 95 34
66 96 99
66 98 3
66 99 49
66 100 87
67 68 56
67 69 15
67 73 62
67 74 77
67 76 44
67 79 59
67 80 9
67 86 78
67 87 89
67 88 57
67 91 2
67 92 25
67 93 69
67 96 97
67 98 42
67 99 69
68 69 57
68 71 98
68 73 22
68 74 61
68 75 26
68 76 3
68 81 77
68 83 41
68 86 91
68 87 14
68 88 96
68 91 60
68 92 59
68 95 60
68 96 98
68 97 60
68 99 60
69 72 34
69 75 76
69 78 75
69 82 5
69 86 66
69 89 88
69 90 84
69 93 3
69 94 76
69 95 95
69 96 57
70 71 48
70 75 75
70 76 3
70 79 35
70 81 72
70 83 45
70 87 99
70 90 51
70 91 28
70 95 76
70 96 33
70 98 74
70 99 47
71 72 53
71 74 98
71 78 7
71 81 7
71 88 59
71 89 96
71 94 65
71 95 38
71 96 63
72 74 43
72 75 51
72 84 67
72 87 2
72 89 4
72 91 39
72 93 9
72 94 24
72 95 89
72 96 77
73 76 17
73 77 4
73 78 40
73 83 7
73 84 41
73 86 41
73 91 51
73 95 97
73 97 66
73 98 27
74 75 15
74 81 54
74 82 71
74 83 90
74 84 81
74 85 53
74 89 29
74 92 7
74 93 7
74 94 68
74 98 61
74 99 42
74 100 9
75 78 89
75 81 10
75 87 90
75 90 93
75 93 48
75 94 82
75 98 5
76 77 59
76 80 19
76 81 3
76 83 38
76 85 47
76 87 5
76 90 39
76 91 75
76 93 28
76 98 42
76 100 80
77 79 62
77 86 36
77 89 91
77 92 38
77 95 76
78 81 44
78 84 46
78 85 60
78 89 10
78 92 94
78 93 63
78 95 57
79 84 78
79 86 41
79 87 100
79 89 4
79 90 26
79 99 75
79 100 8
80 81 30
80 82 86
80 84 37
80 92 67
80 93 91
80 96 13
80 97 60
80 98 19
80 100 50
81 83 82
81 85 27
81 86 34
81 87 80
81 88 99
81 90 34
81 94 22
81 99 33
81 100 26
82 84 82
82 86 28
82 87 12
82 88 75
82 97 58
82 99 88
83 88 60
83 89 89
83 91 86
83 94 13
83 95 97
83 96 61
84 87 8
84 89 100
84 93 5
84 94 12
84 96 71
84 98 28
85 86 42
85 89 51
85 90 11
85 98 17
85 99 16
86 87 18
86 90 42
86 96 91
86 97 45
86 98 66
87 90 76
87 91 93
87 93 28
87 94 65
87 98 26
87 99 59
87 100 73
88 92 5
88 93 42
88 98 12
89 90 95
89 92 4
89 93 64
91 93 40
91 95 82
91 96 21
91 99 96
92 94 34
92 95 65
92 100 60
93 95 86
93 96 13
93 98 40
94 96 46
95 96 46
95 97 65
96 98 18
96 100 94
97 98 96
97 99 95
97 100 45
98 99 66
99 100 76
1 10 86
1 17 44
1 21 85
1 25 21
1 33 35
1 35 16
1 42 47
1 44 74
1 45 26
1 49 89
1 50 15
1 51 43
1 52 74
1 55 77
1 57 31
1 60 62
1 64 38
1 66 43
1 68 47
1 69 80
1 70 20
1 73 100
1 74 45
1 75 36
1 77 97
1 91 93
1 94 68
1 97 77
2 5 38
2 9 28
2 11 11
2 13 57
2 19 37
2 23 16
2 27 29
2 29 67
2 34 16
2 35 96
2 36 47
2 39 23
2 41 66
2 43 20
2 44 42
2 45 65
2 46 80
2 48 49
2 49 29
2 50 6
2 52 20
2 55 58
2 60 4
2 63 51
2 64 17
2 67 80
2 68 36
2 70 8
2 71 41
2 74 42
2 77 81
2 84 54
2 85 26
2 87 84
2 88 13
2 97 67
2 100 96
3 6 1
3 8 38
3 10 80
3 12 22
3 13 100
3 15 1
3 16 94
3 19 10
3 20 1
3 23 75
3 24 93
3 25 53
3 28 84
3 33 89
3 34 33
3 37 25
3 39 39
3 42 52
3 44 5
3 50 59
3 51 97
3 54 18
3 57 9
3 64 78
3 65 52
3 66 82
3 67 32
3 68 75
3 74 67
3 75 88
3 77 45
3 79 76
3 81 94
3 82 13
3 88 52
3 91 89
3 94 88
3 95 1
3 97 75
3 100 15
4 5 36
4 7 48
4 12 85
4 15 65
4 25 92
4 26 73
4 30 23
4 31 82
4 33 44
4 34 39
4 39 66
4 40 65
4 41 30
4 42 83
4 43 22
4 50 28
4 51 74
4 52 100
4 53 82
4 55 58
4 56 18
4 61 96
4 62 96
4 63 33
4 66 11
4 68 52
4 70 65
4 74 28
4 75 30
4 78 75
4 82 37
4 86 20
4 87 43
4 88 27
4 94 37
5 12 45
5 13 64
5 15 59
5 16 5
5 22 54
5 28 95
5 29 32
5 32 85
5 33 54
5 39 34
5 41 98
5 43 59
5 44 54
5 52 58
5 54 54
5 56 46
5 59 67
5 62 98
5 63 28
5 65 58
5 66 55
5 67 35
5 68 80
5 73 73
5 78 90
5 79 84
5 85 15
5 86 26
5 91 51
5 92 73
5 94 29
5 97 88
5 98 59
5 99 42
6 9 67
6 11 34
6 17 2
6 27 69
6 29 46
6 36 33
6 37 38
6 41 79
6 42 19
6 43 30
6 49 83
6 56 97
6 58 71
6 59 6
6 61 46
6 63 85
6 65 73
6 68 15
6 70 19
6 79 51
6 81 91
6 83 38
6 84 3
6 87 86
6 90 94
6 93 93
6 94 24
6 95 97
6 97 54
6 98 20
6 100 3
7 9 32
7 10 42
7 11 46
7 13 75
7 14 96
7 19 100
7 20 39
7 21 50
7 26 90
7 28 90
7 33 3
7 34 46
7 36 76
7 38 42
7 39 8
7 40 17
7 41 32
7 47 68
7 49 79
7 51 67
7 53 73
7 56 16
7 57 33
7 58 56
7 59 52
7 60 10
7 62 12
7 64 52
7 65 81
7 66 100
7 67 89
7 69 38
7 71 84
7 75 17
7 77 15
7 78 47
7 79 13
7 80 65
7 81 53
7 85 65
7 87 8
7 89 72
7 94 21
7 96 78
8 9 92
8 11 19
8 13 58
8 14 13
8 17 14
8 18 26
8 20 40
8 21 9
8 22 71
8 24 21
8 29 1
8 30 4
8 32 84
8 34 32
8 36 19
8 41 93
8 42 96
8 43 68
8 45 99
8 46 18
8 53 34
8 55 44
8 56 95
8 57 56
8 58 47
8 62 88
8 66 58
8 67 92
8 72 89
8 73 17
8 76 16
8 79 8
8 82 69
8 83 74
8 89 60
8 93 40
8 94 33
8 95 28
8 97 32
8 98 35
9 10 22
9 11 14
9 12 43
9 13 88
9 15 65
9 16 23
9 22 74
9 25 8
9 26 79
9 28 66
9 30 40
9 32 6
9 33 93
9 39 87
9 41 16
9 42 10
9 43 39
9 44 82
9 45 16
9 47 73
9 49 79
9 54 71
9 55 77
9 56 61
9 60 9
9 62 38
9 63 35
9 66 1
9 69 18
9 71 9
9 72 77
9 74 78
9 78 73
9 79 16
9 83 60
9 85 34
9 86 14
9 88 32
9 90 73
9 91 27
9 92 21
9 96 30
9 100 59
10 13 54
10 14 88
10 17 51
10 20 71
10 22 21
10 23 71
10 25 64
10 29 70
10 30 61
10 32 61
10 34 9
10 35 14
10 37 37
10 38 56
10 39 31
10 40 16
10 41 85
10 42 92
10 43 75
10 44 53
10 47 83
10 48 1
10 49 60
10 50 27
10 51 10
10 53 95
10 55 34
10 56 31
10 57 2
10 58 30
10 60 51
10 62 2
10 65 71
10 67 21
10 68 70
10 69 38
10 72 64
10 76 90
10 78 29
10 80 7
10 81 22
10 85 53
10 89 41
10 90 99
10 91 97
10 92 35
10 94 83
10 95 34
10 99 30
10 100 61
11 12 1
11 13 13
11 18 47
11 19 9
11 22 47
11 23 95
11 24 11
11 25 34
11 30 33
11 33 98
11 36 97
11 41 48
11 48 94
11 49 96
11 50 76
11 51 96
11 52 3
11 58 72
11 61 92
11 63 95
11 64 87
11 65 86
11 66 34
11 69 29
11 77 26
11 79 49
11 80 43
11 82 3
11 84 100
11 85 69
11 88 4
11 91 41
11 100 63
12 13 23
12 18 60
12 23 65
12 31 62
12 33 10
12 34 16
12 35 74
12 39 95
12 42 3
12 52 13
12 53 91
12 55 2
12 57 74
12 59 30
12 62 75
12 65 9
12 67 31
12 70 16
12 71 81
12 72 51
12 74 34
12 75 8
12 80 89
12 81 90
12 84 18
12 99 67
13 17 59
13 19 42
13 21 56
13 22 51
13 23 78
13 24 49
13 25 47
13 30 3
13 34 20
13 37 63
13 39 100
13 52 35
13 53 19
13 58 93
13 59 5
13 62 50
13 63 76
13 66 91
13 70 75
13 71 29
13 72 7
13 77 24
13 83 84
13 84 18
13 88 89
13 90 24
13 91 84
13 92 37
13 93 72
13 94 51
13 98 63
13 99 2
14 18 79
14 22 50
14 23 96
14 26 1
14 27 27
14 29 11
14 30 30
14 35 100
14 42 100
14 50 79
14 51 65
14 58 92
14 61 54
14 62 77
14 63 45
14 64 15
14 66 61
14 67 63
14 71 52
14 73 67
14 78 64
14 79 55
14 80 65
14 82 52
14 83 26
14 84 36
14 87 85
14 91 26
14 93 98
14 94 18
14 96 40
14 97 26
15 16 81
15 19 56
15 21 44
15 22 92
15 23 98
15 27 74
15 28 23
15 31 60
