100 4456 1
1 2 26
1 5 45
1 14 6
1 15 5
1 19 30
1 22 43
1 28 63
1 29 23
1 32 7
1 33 91
1 37 40
1 39 32
1 44 76
1 47 68
1 51 18
1 52 11
1 53 28
1 63 42
1 68 63
1 72 57
1 73 49
1 77 22
1 81 12
1 82 99
1 87 12
1 88 6
1 92 55
1 93 96
1 94 95
1 96 1
1 99 98
1 100 98
2 3 33
2 4 49
2 5 37
2 7 23
2 9 46
2 17 63
2 18 77
2 21 5
2 22 21
2 26 86
2 27 33
2 28 66
2 29 52
2 31 98
2 33 38
2 34 62
2 36 86
2 37 25
2 39 90
2 41 69
2 42 74
2 44 84
2 49 77
2 52 36
2 54 29
2 55 25
2 56 76
2 63 58
2 67 61
2 70 50
2 72 42
2 73 58
2 75 50
2 76 44
2 78 49
2 80 57
2 82 90
2 83 41
2 85 96
2 88 63
2 89 14
2 90 61
2 92 47
2 95 66
2 98 13
3 7 25
3 9 41
3 10 45
3 11 31
3 13 61
3 15 1
3 17 54
3 19 72
3 21 99
3 26 22
3 29 54
3 30 19
3 35 14
3 36 32
3 37 90
3 39 97
3 40 13
3 41 13
3 42 23
3 46 43
3 48 44
3 49 38
3 51 50
3 53 69
3 54 2
3 56 88
3 57 54
3 59 77
3 62 53
3 64 99
3 67 14
3 68 13
3 72 100
3 77 34
3 79 77
3 82 30
3 83 8
3 84 72
3 85 7
3 86 84
3 88 93
3 89 77
3 90 62
3 96 11
3 98 7
3 100 83
4 6 2
4 7 40
4 9 35
4 12 58
4 13 30
4 14 67
4 19 68
4 20 92
4 25 54
4 27 17
4 28 10
4 34 21
4 39 25
4 40 67
4 43 95
4 53 56
4 59 2
4 60 13
4 61 36
4 63 58
4 66 75
4 72 15
4 76 85
4 77 69
4 78 29
4 79 39
4 85 45
4 86 43
4 89 96
4 93 35
4 94 8
4 98 43
4 99 93
4 100 73
5 6 7
5 9 44
5 11 93
5 15 83
5 16 3
5 21 57
5 23 17
5 26 83
5 31 41
5 32 36
5 33 46
5 34 60
5 35 76
5 37 5
5 38 98
5 42 64
5 44 11
5 48 50
5 55 98
5 59 7
5 62 70
5 65 32
5 67 64
5 68 80
5 69 78
5 70 1
5 71 49
5 72 42
5 73 71
5 76 51
5 78 36
5 80 76
5 83 69
5 87 96
5 89 47
5 93 75
5 95 62
5 96 94
5 97 26
5 99 69
6 8 67
6 22 3
6 23 40
6 24 96
6 27 47
6 31 77
6 35 42
6 37 77
6 38 46
6 42 85
6 43 19
6 46 94
6 48 3
6 49 46
6 50 35
6 51 13
6 52 29
6 60 87
6 65 62
6 66 97
6 67 80
6 69 25
6 70 2
6 72 11
6 73 59
6 79 50
6 86 80
6 90 3
6 92 91
6 95 81
6 97 82
6 98 55
7 8 98
7 9 45
7 10 8
7 13 62
7 15 17
7 16 9
7 20 14
7 21 53
7 22 58
7 23 10
7 26 45
7 27 99
7 28 60
7 30 60
7 31 94
7 35 34
7 36 11
7 39 8
7 40 35
7 41 62
7 46 98
7 53 45
7 55 32
7 58 75
7 59 65
7 61 68
7 63 87
7 69 19
7 71 31
7 82 84
7 84 6
7 86 9
7 96 68
7 99 20
7 100 76
8 11 17
8 12 61
8 17 73
8 19 92
8 20 89
8 24 51
8 27 30
8 29 47
8 34 69
8 36 79
8 38 73
8 40 63
8 41 92
8 42 34
8 44 46
8 46 58
8 47 77
8 48 42
8 49 59
8 50 28
8 56 88
8 57 94
8 59 56
8 61 44
8 63 20
8 66 36
8 67 50
8 68 53
8 69 27
8 70 41
8 77 81
8 78 76
8 80 5
8 83 86
8 87 5
8 88 33
8 91 47
8 92 70
8 97 86
9 10 96
9 18 6
9 21 51
9 22 31
9 26 44
9 27 3
9 28 59
9 37 19
9 38 60
9 41 83
9 45 68
9 48 27
9 49 13
9 50 77
9 52 87
9 55 66
9 56 83
9 60 76
9 61 30
9 66 24
9 69 49
9 70 53
9 71 34
9 72 28
9 73 59
9 75 84
9 76 46
9 86 26
9 90 35
9 94 31
9 99 43
9 100 66
10 11 77
10 13 49
10 15 74
10 17 27
10 20 47
10 24 68
10 26 30
10 27 89
10 28 51
10 31 37
10 32 29
10 35 43
10 36 22
10 37 33
10 43 24
10 47 45
10 48 60
10 51 54
10 54 100
10 57 54
10 59 76
10 61 28
10 64 91
10 66 9
10 67 86
10 68 10
10 75 23
10 78 6
10 81 93
10 85 60
10 87 57
10 88 13
10 89 55
10 92 60
10 93 93
10 96 1
10 100 27
11 14 19
11 19 83
11 25 68
11 26 3
11 33 33
11 34 83
11 35 72
11 36 22
11 37 26
11 39 89
11 42 29
11 43 14
11 52 34
11 54 53
11 56 17
11 58 36
11 59 52
11 60 21
11 61 61
11 66 64
11 67 29
11 69 85
11 70 23
11 71 27
11 73 71
11 74 63
11 76 63
11 77 19
11 78 37
11 80 68
11 82 10
11 84 73
11 86 90
11 89 88
11 91 30
11 93 75
11 94 54
11 99 36
11 100 23
12 13 89
12 17 25
12 20 47
12 21 83
12 22 70
12 23 55
12 24 58
12 26 17
12 31 63
12 34 55
12 36 83
12 38 44
12 39 81
12 42 12
12 43 53
12 48 88
12 52 66
12 53 56
12 55 33
12 56 48
12 57 96
12 64 62
12 65 93
12 67 1
12 68 6
12 69 40
12 70 48
12 71 39
12 72 26
12 73 54
12 75 48
12 76 3
12 79 98
12 81 61
12 85 78
12 86 93
12 89 97
12 91 47
12 92 69
12 95 40
12 96 6
12 97 96
12 98 90
13 14 9
13 16 90
13 18 17
13 19 60
13 22 59
13 23 2
13 24 77
13 27 65
13 28 24
13 31 3
13 32 50
13 38 68
13 44 7
13 48 69
13 50 30
13 51 55
13 52 76
13 55 88
13 56 77
13 59 23
13 61 63
13 64 12
13 73 65
13 74 81
13 77 23
13 79 10
13 80 86
13 81 100
13 84 6
13 85 18
13 89 91
13 92 40
13 93 52
13 95 51
13 97 74
14 17 34
14 20 19
14 22 15
14 24 36
14 25 43
14 26 75
14 27 71
14 28 7
14 30 37
14 31 31
14 32 21
14 36 50
14 37 48
14 40 36
14 42 13
14 45 48
14 48 31
14 53 67
14 55 33
14 57 80
14 60 12
14 61 11
14 64 42
14 65 6
14 71 58
14 78 79
14 80 66
14 83 27
14 86 79
14 89 19
14 90 16
14 91 26
14 94 49
14 95 4
14 99 45
14 100 38
15 16 28
15 18 34
15 21 26
15 24 74
15 26 42
15 27 8
15 30 66
15 31 94
15 33 8
15 34 32
15 35 33
15 36 36
15 43 7
15 44 13
15 46 33
15 50 80
15 51 18
15 56 36
15 58 67
15 59 11
15 60 77
15 64 40
15 67 54
15 72 95
15 80 41
15 84 93
15 87 55
15 90 99
15 94 1
15 95 75
15 96 72
15 99 8
15 100 34
16 17 58
16 18 3
16 19 43
16 20 6
16 22 26
16 23 6
16 28 70
16 31 6
16 35 69
16 36 49
16 39 67
16 40 99
16 41 92
16 45 47
16 46 75
16 47 5
16 49 43
16 50 6
16 51 85
16 53 48
16 58 44
16 63 92
16 67 11
16 68 29
16 70 31
16 71 100
16 73 60
16 75 22
16 82 78
16 83 21
16 84 46
16 90 26
16 95 56
16 97 33
16 98 53
16 99 77
16 100 49
17 19 18
17 20 41
17 22 32
17 24 80
17 25 91
17 28 14
17 30 94
17 31 2
17 34 35
17 36 37
17 42 85
17 46 73
17 49 48
17 51 87
17 53 59
17 54 10
17 58 87
17 63 36
17 64 11
17 67 59
17 68 64
17 72 69
17 73 26
17 74 92
17 79 4
17 82 87
17 83 89
17 88 68
17 90 88
17 93 1
17 96 27
17 97 80
17 100 44
18 20 22
18 22 36
18 25 11
18 26 48
18 34 14
18 35 74
18 36 71
18 37 79
18 38 63
18 44 100
18 45 49
18 48 31
18 49 66
18 50 57
18 52 29
18 53 63
18 54 60
18 60 38
18 63 70
18 64 25
18 66 51
18 68 17
18 72 83
18 77 25
18 78 67
18 79 51
18 82 70
18 87 29
18 90 61
18 92 66
18 96 62
19 21 70
19 22 86
19 23 78
19 25 2
19 26 30
19 31 60
19 38 18
19 41 12
19 42 84
19 47 14
19 50 59
19 52 46
19 57 9
19 58 68
19 64 19
19 66 48
19 67 27
19 72 83
19 74 54
19 75 53
19 76 36
19 77 29
19 78 96
19 81 19
19 82 71
19 89 72
19 91 20
19 95 100
19 98 21
19 100 56
20 24 89
20 29 12
20 31 3
20 32 40
20 33 77
20 34 48
20 37 6
20 38 47
20 40 45
20 41 44
20 46 97
20 50 74
20 52 32
20 54 88
20 57 3
20 58 13
20 62 59
20 63 41
20 65 46
20 68 15
20 69 16
20 74 77
20 75 6
20 76 55
20 78 47
20 79 64
20 81 22
20 83 86
20 84 9
20 93 91
20 97 11
20 100 15
21 26 70
21 27 72
21 28 77
21 29 92
21 43 37
21 44 77
21 45 49
21 50 75
21 51 10
21 56 66
21 58 84
21 59 61
21 61 83
21 62 98
21 63 31
21 66 60
21 68 51
21 69 58
21 74 18
21 77 3
21 79 34
21 80 23
21 81 77
21 82 29
21 83 22
21 84 83
21 86 1
21 90 20
21 91 81
21 94 35
21 96 13
21 100 62
22 26 2
22 32 54
22 35 56
22 36 11
22 38 21
22 40 93
22 43 42
22 45 97
22 47 71
22 48 86
22 50 89
22 51 79
22 53 42
22 55 39
22 58 81
22 59 87
22 60 13
22 65 19
22 66 94
22 67 79
22 68 21
22 70 45
22 76 50
22 78 24
22 79 53
22 80 69
22 81 98
22 83 41
22 87 7
22 88 92
22 92 69
22 96 30
23 28 99
23 30 23
23 32 43
23 33 7
23 37 34
23 40 47
23 46 34
23 56 91
23 61 15
23 64 54
23 65 20
23 67 28
23 71 26
23 72 95
23 75 36
23 79 4
23 81 79
23 82 72
23 86 3
23 89 42
23 98 36
23 99 85
23 100 93
24 26 6
24 27 5
24 30 83
24 32 66
24 33 55
24 36 49
24 37 71
24 43 42
24 46 14
24 47 57
24 48 44
24 51 55
24 55 95
24 62 41
24 66 21
24 70 92
24 72 61
24 74 1
24 75 64
24 76 7
24 79 67
24 81 69
24 86 16
24 87 16
24 88 11
24 89 38
24 94 97
25 27 57
25 29 45
25 30 80
25 37 40
25 38 4
25 39 70
25 46 41
25 50 65
25 52 6
25 54 67
25 56 43
25 57 60
25 60 31
25 61 64
25 62 16
25 63 4
25 64 49
25 66 63
25 68 46
25 69 61
25 72 80
25 81 74
25 84 59
25 86 91
25 88 94
25 89 19
25 92 52
25 95 80
25 96 22
25 99 22
26 27 44
26 31 76
26 33 97
26 34 88
26 35 45
26 38 5
26 39 98
26 40 96
26 50 32
26 51 73
26 52 44
26 53 53
26 55 48
26 56 12
26 58 52
26 59 63
26 60 26
26 62 98
26 65 11
26 66 90
26 67 3
26 71 87
26 72 64
26 76 62
26 78 28
26 80 22
26 82 42
26 84 59
26 89 55
26 90 40
26 91 47
26 94 71
26 99 93
27 29 31
27 30 18
27 32 33
27 35 77
27 39 45
27 40 29
27 42 48
27 44 75
27 45 18
27 46 20
27 49 1
27 50 44
27 53 71
27 59 7
27 61 2
27 67 84
27 68 59
27 73 99
27 75 21
27 79 19
27 80 33
27 84 17
27 86 34
27 91 83
27 92 7
27 96 64
28 29 21
28 32 45
28 35 1
28 39 64
28 40 15
28 41 39
28 44 12
28 47 31
28 52 38
28 53 55
28 54 93
28 58 68
28 59 28
28 61 94
28 64 2
28 67 99
28 69 39
28 75 48
28 76 77
28 78 3
28 79 25
28 80 86
28 82 67
28 85 66
28 86 90
28 88 76
28 90 91
28 92 12
28 93 100
28 96 93
28 97 89
28 100 8
29 30 83
29 32 35
29 38 16
29 39 52
29 40 85
29 41 51
29 43 68
29 48 24
29 50 57
29 53 23
29 55 96
29 60 63
29 61 63
29 64 47
29 72 78
29 73 41
29 82 18
29 83 3
29 87 66
29 88 76
29 92 8
29 93 38
29 96 7
29 98 23
30 36 92
30 37 9
30 38 23
30 42 92
30 43 55
30 44 23
30 45 32
30 50 8
30 52 14
30 53 8
30 55 57
30 56 6
30 57 84
30 59 61
30 63 50
30 64 28
30 68 4
30 73 79
30 77 88
30 78 31
30 82 59
30 84 88
30 90 25
30 91 96
30 92 93
30 93 18
30 95 95
30 96 31
30 98 38
30 100 67
31 32 4
31 35 8
31 40 91
31 43 86
31 44 71
31 45 84
31 47 65
31 49 94
31 50 80
31 53 54
31 56 13
31 60 52
31 70 3
31 72 36
31 74 12
31 75 27
31 79 100
31 82 9
31 83 57
31 87 35
31 88 15
31 95 95
31 99 28
32 34 66
32 35 34
32 36 88
32 39 65
32 41 18
32 45 35
32 49 84
32 52 38
32 66 65
32 70 3
32 72 7
32 74 5
32 75 35
32 80 74
32 81 47
32 82 35
32 83 7
32 87 64
32 88 31
32 89 33
32 90 8
32 91 69
32 92 79
32 93 44
32 95 17
32 99 15
33 34 42
33 35 33
33 37 43
33 38 60
33 40 89
33 41 34
33 43 41
33 44 61
33 45 65
33 49 23
33 51 19
33 52 55
33 53 78
33 54 88
33 55 63
33 57 29
33 60 79
33 62 23
33 64 3
33 65 34
33 67 16
33 69 33
33 70 81
33 71 99
33 75 71
33 76 75
33 78 3
33 81 17
33 84 22
33 88 87
33 90 83
33 91 14
33 93 75
33 95 59
34 37 91
34 44 47
34 45 51
34 50 91
34 51 31
34 52 54
34 54 40
34 60 7
34 61 58
34 62 90
34 64 50
34 66 12
34 67 1
34 69 12
34 70 15
34 74 15
34 78 45
34 81 44
34 83 85
34 90 79
34 92 52
34 97 6
34 100 40
35 36 91
35 39 29
35 40 46
35 41 52
35 42 24
35 45 31
35 47 80
35 50 71
35 56 13
35 59 77
35 60 69
35 61 66
35 63 18
35 67 85
35 68 87
35 70 4
35 71 66
35 72 3
35 74 25
35 77 36
35 79 23
35 84 47
35 85 75
35 86 50
35 93 13
36 37 52
36 38 13
36 39 42
36 41 55
36 43 36
36 47 57
36 50 87
36 52 52
36 56 92
36 57 71
36 60 49
36 61 78
36 62 33
36 70 70
36 74 44
36 75 51
36 76 34
36 82 28
36 84 65
36 85 85
36 86 21
36 97 76
36 98 91
36 99 3
37 41 9
37 42 77
37 46 58
37 48 62
37 50 47
37 51 49
37 60 42
37 73 33
37 74 86
37 77 1
37 78 11
37 79 23
37 80 3
37 87 24
37 90 63
37 91 88
37 92 82
37 93 23
37 95 64
37 99 69
38 41 4
38 45 23
38 47 2
38 48 68
38 57 92
38 60 99
38 61 54
38 64 21
38 66 16
38 67 85
38 73 87
38 74 72
38 78 78
38 83 45
38 85 77
38 89 37
38 90 16
38 93 28
38 100 91
39 42 88
39 43 69
39 44 10
39 49 35
39 50 95
39 52 34
39 55 69
39 56 84
39 57 44
39 58 5
39 59 32
39 65 52
39 70 15
39 71 70
39 72 99
39 75 33
39 76 65
39 77 78
39 80 25
39 84 6
39 85 20
39 90 42
39 93 57
39 94 34
40 41 21
40 42 13
40 44 56
40 45 91
40 46 67
40 47 75
40 48 26
40 55 38
40 56 13
40 64 3
40 66 30
40 67 50
40 68 35
40 70 10
40 71 27
40 75 48
40 77 39
40 78 7
40 84 98
40 85 99
40 86 59
40 88 27
40 93 21
40 94 52
40 95 57
40 99 48
41 43 24
41 44 54
41 45 33
41 47 62
41 51 25
41 55 74
41 56 67
41 61 60
41 64 86
41 65 69
41 67 3
41 68 62
41 72 58
41 74 30
41 77 76
41 78 83
41 79 27
41 81 50
41 82 99
41 87 1
41 89 1
41 94 11
41 95 52
41 96 52
41 97 20
41 99 46
41 100 27
42 43 99
42 44 41
42 45 75
42 46 2
42 48 63
42 49 38
42 51 14
42 53 74
42 58 78
42 60 14
42 61 82
42 64 10
42 66 83
42 71 93
42 73 16
42 77 88
42 78 28
42 82 69
42 83 40
42 86 92
42 90 64
42 92 92
42 93 31
42 99 34
42 100 3
43 45 61
43 46 79
43 50 42
43 53 41
43 58 99
43 59 40
43 61 7
43 62 8
43 64 62
43 65 99
43 66 4
43 71 74
43 72 57
43 75 75
43 76 74
43 77 50
43 78 87
43 79 65
43 81 9
43 82 72
43 86 20
43 90 65
43 94 2
43 95 45
43 97 37
43 99 70
43 100 29
44 45 78
44 47 18
44 53 39
44 56 85
44 62 7
44 63 90
44 65 98
44 68 89
44 70 37
44 71 49
44 72 87
44 74 58
44 80 32
44 85 30
44 89 39
44 91 92
44 96 69
44 98 50
45 48 37
45 50 53
45 63 92
45 64 22
45 66 55
45 71 28
45 75 8
45 76 58
45 79 62
45 80 88
45 81 11
45 86 37
45 91 61
45 92 13
45 93 5
45 96 53
46 47 20
46 60 14
46 61 68
46 66 2
46 68 92
46 70 9
46 74 88
46 75 49
46 83 73
46 86 19
46 87 5
46 89 38
46 90 62
46 92 15
46 95 14
46 96 15
46 98 26
46 100 84
47 49 8
47 53 2
47 59 28
47 60 95
47 61 67
47 62 55
47 63 27
47 68 45
47 71 50
47 72 97
47 73 56
47 75 42
47 78 1
47 79 97
47 80 96
47 81 31
47 82 56
47 85 40
47 87 63
47 88 59
48 50 4
48 54 98
48 56 77
48 57 39
48 59 5
48 61 18
48 65 46
48 66 40
48 71 93
48 72 88
48 73 94
48 77 98
48 84 85
48 88 31
48 92 26
48 93 61
48 96 92
48 98 3
49 53 15
49 56 60
49 59 31
49 63 45
49 65 34
49 68 23
49 70 54
49 72 98
49 73 99
49 75 58
49 78 17
49 81 96
49 84 55
49 87 37
49 88 56
49 90 20
49 91 21
49 95 73
49 98 78
49 99 64
50 53 20
50 55 75
50 61 82
50 65 66
50 68 88
50 70 73
50 73 71
50 74 5
50 76 2
50 78 87
50 80 53
50 83 13
50 84 76
50 86 49
50 88 25
50 91 10
50 93 77
50 98 48
50 99 91
51 56 56
51 58 31
51 60 80
51 62 35
51 64 61
51 66 51
51 68 49
51 73 13
51 74 25
51 76 81
51 77 86
51 79 78
51 80 19
51 81 21
51 83 11
51 86 53
51 88 78
51 90 43
51 98 82
51 100 76
52 57 53
52 58 65
52 59 13
52 60 21
52 68 8
52 75 38
52 76 89
52 79 61
52 80 97
52 85 11
52 86 89
52 89 57
52 96 88
52 99 43
53 54 82
53 61 89
53 62 48
53 64 46
53 65 4
53 67 38
53 71 25
53 72 79
53 76 49
53 79 20
53 82 79
53 84 72
53 85 44
53 88 46
53 90 48
53 92 74
53 93 96
53 96 40
54 55 88
54 61 93
54 63 100
54 66 56
54 67 63
54 68 99
54 69 67
54 71 52
54 72 3
54 74 61
54 77 22
54 78 86
54 79 11
54 83 27
54 87 11
54 90 48
54 93 4
54 95 44
54 97 1
54 98 22
54 99 99
55 57 35
55 59 85
55 60 62
55 62 49
55 63 98
55 66 14
55 67 41
55 71 58
55 73 75
55 74 42
55 76 96
55 78 15
55 81 80
55 82 26
55 84 48
55 88 41
55 91 69
55 93 58
56 57 62
56 60 15
56 61 71
56 65 53
56 67 13
56 69 2
56 73 24
56 76 1
56 79 25
56 80 36
56 83 67
56 89 41
56 91 58
56 93 20
57 58 25
57 62 8
57 64 9
57 65 86
57 66 21
57 71 26
57 73 67
57 74 70
57 75 21
57 78 32
57 79 41
57 82 47
57 84 21
57 87 26
57 90 81
57 96 43
57 97 49
57 100 84
58 59 19
58 60 27
58 62 100
58 63 9
58 65 66
58 68 71
58 69 63
58 71 8
58 75 45
58 81 47
58 82 45
58 86 88
58 87 32
58 88 71
58 90 47
58 91 46
58 93 91
58 94 32
58 95 6
58 97 74
58 100 48
59 60 58
59 63 5
59 65 49
59 70 94
59 71 48
59 72 32
59 74 68
59 76 86
59 79 27
59 80 83
59 81 23
59 87 39
59 89 33
59 92 39
59 94 89
59 97 72
60 64 29
60 66 24
60 69 86
60 70 48
60 71 49
60 72 28
60 73 96
60 75 69
60 80 63
60 82 47
60 84 64
60 85 32
60 87 19
60 90 50
60 91 16
60 93 83
60 95 29
60 99 79
61 63 51
61 66 23
61 68 19
61 69 85
61 72 26
61 74 98
61 76 36
61 77 3
61 81 17
61 83 93
61 84 21
61 85 7
61 88 5
61 93 4
61 95 98
61 98 34
62 63 1
62 64 70
62 69 86
62 71 89
62 72 10
62 73 29
62 74 60
62 76 66
62 79 12
62 81 98
62 92 93
62 100 91
63 65 56
63 67 95
63 68 33
63 70 64
63 71 19
63 73 52
63 80 50
63 83 23
63 85 91
63 86 66
63 88 88
63 89 69
63 90 42
63 95 39
63 96 52
63 97 70
63 99 100
64 66 37
64 71 81
64 72 88
64 75 94
64 78 10
64 79 100
64 80 5
64 83 87
64 84 23
64 86 93
64 87 96
64 88 54
64 89 27
64 90 74
64 94 48
64 95 61
64 97 49
64 100 82
65 67 70
65 68 45
65 70 40
65 71 44
65 72 58
65 78 69
65 79 62
65 87 60
65 97 63
65 99 75
66 68 33
66 69 12
66 70 69
66 73 76
66 80 31
66 82 34
66 84 28
66 85 37
66 90 66
66 91 86
66 93 31
66 95 60
66 98 52
67 69 10
67 71 85
67 73 40
67 75 50
67 77 37
67 81 64
67 82 82
67 86 26
67 88 63
67 89 74
67 90 63
67 91 88
67 92 64
67 95 4
67 99 23
67 100 79
68 69 42
68 77 42
68 78 11
68 80 8
68 81 52
68 82 78
68 83 77
68 87 53
68 88 16
68 92 65
68 93 24
68 94 74
68 95 10
68 97 57
68 98 47
68 99 41
69 71 7
69 72 29
69 81 62
69 82 14
69 84 57
69 87 18
69 94 65
69 95 76
69 97 48
69 98 7
70 73 21
70 75 57
70 77 74
70 78 2
70 79 12
70 82 41
70 85 49
70 86 82
70 88 93
70 90 16
70 92 62
70 93 98
70 94 63
70 95 73
70 96 96
70 97 52
70 99 24
70 100 7
71 73 56
71 74 90
71 75 15
71 77 7
71 78 22
71 79 86
71 80 29
71 81 10
71 83 88
71 84 31
71 85 89
71 93 34
72 75 82
72 79 8
72 81 94
72 83 51
72 89 76
72 92 67
72 96 83
72 97 29
72 98 96
72 99 54
72 100 34
73 74 80
73 75 77
73 76 92
73 82 65
73 84 19
73 93 38
73 96 8
74 76 100
74 80 1
74 81 89
74 82 15
74 83 90
74 86 91
74 87 75
74 91 81
74 92 66
74 94 91
74 95 52
74 96 52
74 98 3
74 99 39
75 80 77
75 82 39
75 83 73
75 84 26
75 86 93
75 89 83
75 92 35
75 93 50
75 97 44
75 98 33
76 77 27
76 79 84
76 82 33
76 83 93
76 92 25
76 98 17
76 100 14
77 78 87
77 82 73
77 83 68
77 86 64
77 88 1
77 92 23
77 95 34
77 96 1
78 79 18
78 80 7
78 81 49
78 83 44
78 84 8
78 88 61
78 92 82
78 94 65
78 96 34
78 99 84
79 81 30
79 87 81
79 88 19
79 92 46
79 95 63
80 81 72
80 83 83
80 86 76
80 88 8
80 89 77
80 95 28
80 99 46
81 86 48
81 87 31
81 90 37
81 92 99
81 93 63
81 94 80
81 97 66
81 100 23
82 85 37
82 87 52
82 90 4
82 91 81
82 93 32
82 100 93
83 84 38
83 85 97
83 86 100
83 87 3
83 88 71
83 89 57
83 90 9
83 96 63
83 97 68
83 98 64
83 99 76
84 86 89
84 89 43
84 91 42
84 92 86
84 95 88
84 96 12
84 98 32
84 100 2
85 88 96
85 89 16
85 92 54
85 96 86
85 98 66
85 99 93
85 100 61
86 87 67
86 90 6
86 91 93
86 94 68
86 96 74
86 99 74
87 90 53
87 93 89
87 95 32
88 94 39
88 95 55
88 96 29
88 98 37
88 99 44
89 92 67
89 96 46
89 100 47
90 92 50
90 93 24
90 95 41
90 96 32
91 92 80
91 97 44
91 99 95
92 96 78
92 97 65
92 98 77
92 100 6
93 94 1
94 95 13
94 96 74
94 97 37
94 99 59
96 99 83
97 99 8
1 4 57
1 7 51
1 9 8
1 13 24
1 20 49
1 33 19
1 34 87
1 35 92
1 36 30
1 37 59
1 41 52
1 42 17
1 43 37
1 45 34
1 49 56
1 55 56
1 56 83
1 57 14
1 58 6
1 60 48
1 62 14
1 65 77
1 66 27
1 67 13
1 68 37
1 71 42
1 76 1
1 79 81
1 80 71
1 81 63
1 83 95
1 89 43
1 91 46
1 93 16
1 94 63
1 99 38
1 100 41
2 4 82
2 6 68
2 7 63
2 11 86
2 12 62
2 14 4
2 17 69
2 18 67
2 19 61
2 24 94
2 25 10
2 26 19
2 27 47
2 28 17
2 29 87
2 33 20
2 35 74
2 39 100
2 42 12
2 43 95
2 45 61
2 53 58
2 54 82
2 55 98
2 61 12
2 67 79
2 70 15
2 71 99
2 77 37
2 78 66
2 83 57
2 90 22
2 92 9
2 93 41
2 94 94
2 96 25
2 98 55
3 8 28
3 9 18
3 10 5
3 12 33
3 14 33
3 15 51
3 16 78
3 21 1
3 24 32
3 28 97
3 30 15
3 32 23
3 35 61
3 37 97
3 38 55
3 39 30
3 42 68
3 44 17
3 48 60
3 51 42
3 52 63
3 58 76
3 61 60
3 62 39
3 67 45
3 71 90
3 72 68
3 73 64
3 74 95
3 76 94
3 80 99
3 81 50
3 82 14
3 84 9
3 86 74
3 89 50
3 95 28
3 96 58
3 98 75
3 99 40
3 100 73
4 6 21
4 8 63
4 11 94
4 12 96
4 13 83
4 14 98
4 16 21
4 18 93
4 20 64
4 22 63
4 23 65
4 24 94
4 25 63
4 26 98
4 27 70
4 29 38
4 30 88
4 31 70
4 33 35
4 35 52
4 36 89
4 44 42
4 46 56
4 47 64
4 52 64
4 58 52
4 60 76
4 62 69
4 64 52
4 66 67
4 71 10
4 85 15
4 86 14
4 87 11
4 88 74
4 89 62
4 91 7
4 94 29
4 95 61
4 97 72
5 6 31
5 8 63
5 9 80
5 11 27
5 13 47
5 14 11
5 16 19
5 19 75
5 20 56
5 21 29
5 24 13
5 25 65
5 29 89
5 31 86
5 34 24
5 35 68
5 39 93
5 40 47
5 41 46
5 42 44
5 44 95
5 48 43
5 58 31
5 61 25
5 64 54
5 65 91
5 76 62
5 88 65
5 92 35
5 93 11
5 96 45
5 98 13
6 7 58
6 8 77
6 11 84
6 12 16
6 13 3
6 14 4
6 16 79
6 19 82
6 23 24
6 24 36
6 26 17
6 27 15
6 28 22
6 30 61
6 32 6
6 33 89
6 36 96
6 39 71
6 44 30
6 48 100
6 49 40
6 50 14
6 51 85
6 53 73
6 56 90
6 57 83
6 63 23
6 66 5
6 67 87
6 68 88
6 70 86
6 72 92
6 76 9
6 79 16
6 81 33
6 83 59
6 85 91
6 87 75
6 94 97
6 95 53
6 99 35
6 100 69
7 8 96
7 10 30
7 16 39
7 20 71
7 21 76
7 27 91
7 32 98
7 33 19
7 36 40
7 37 95
7 38 24
7 39 34
7 40 87
7 41 42
7 42 67
7 45 82
7 46 66
7 47 18
7 52 53
7 55 90
7 56 69
7 57 94
7 61 56
7 67 14
7 68 70
7 70 54
7 71 70
7 79 74
7 81 99
7 83 47
7 87 69
7 90 60
7 93 92
7 95 59
7 96 74
7 99 47
7 100 40
8 15 41
8 18 92
8 19 96
8 21 57
8 23 14
8 29 89
8 32 92
8 35 9
8 36 86
8 37 41
8 39 98
8 42 67
8 46 99
8 48 92
8 51 38
8 62 70
8 69 7
8 76 41
8 77 66
8 79 78
8 83 95
8 84 20
8 88 41
8 89 36
8 91 61
8 94 81
8 97 48
8 98 57
9 14 26
9 15 6
9 17 38
9 20 38
9 25 73
9 30 1
9 31 31
9 33 30
9 35 100
9 36 39
9 37 35
9 38 25
9 39 95
9 45 72
9 46 92
9 47 77
9 51 64
9 54 72
9 56 43
9 58 24
9 64 20
9 65 39
9 66 99
9 67 59
9 72 73
9 74 83
9 76 16
9 77 93
9 79 16
9 81 18
9 84 43
9 89 19
9 91 17
9 92 80
9 93 80
9 95 32
9 97 4
10 12 14
10 18 82
10 22 96
10 23 18
10 25 94
10 26 49
10 28 99
10 29 45
10 30 50
10 32 69
10 33 67
10 35 61
10 40 30
10 45 75
10 47 92
10 49 41
10 53 65
10 59 26
10 61 63
10 71 63
10 72 75
10 74 97
10 75 67
10 76 86
10 77 3
10 80 20
10 84 51
10 90 44
10 95 80
10 99 83
11 12 83
11 13 90
11 21 36
11 22 32
11 23 75
11 24 79
11 26 3
11 29 45
11 30 19
11 31 51
11 33 91
11 35 64
11 38 61
11 39 88
11 40 59
11 41 29
11 44 91
11 45 89
11 48 78
11 50 34
11 51 96
11 52 50
11 53 47
11 60 98
11 68 15
11 70 49
11 76 59
11 77 67
11 78 81
11 79 80
11 80 93
11 81 43
11 82 53
11 83 49
11 85 29
11 95 71
11 99 2
11 100 67
12 16 33
12 20 4
12 21 92
12 22 98
12 23 33
12 24 15
12 27 46
12 29 79
12 36 23
12 38 9
12 39 97
12 41 46
12 44 61
12 47 2
12 53 59
12 57 71
12 61 23
12 63 62
12 66 15
12 67 54
12 69 61
12 71 72
12 76 11
12 79 15
12 81 26
12 82 13
12 84 79
13 14 26
13 19 81
13 20 84
13 25 80
13 26 76
13 30 56
13 35 74
13 36 79
13 37 83
13 39 23
13 41 38
13 42 41
13 44 58
13 47 88
13 50 36
13 55 63
13 57 23
13 60 81
13 61 32
13 63 37
13 65 69
13 70 97
13 71 73
13 74 44
13 77 26
13 83 44
13 88 75
13 89 71
13 92 75
13 96 56
13 98 54
13 99 29
13 100 1
14 16 41
14 20 6
14 23 91
14 25 26
14 27 40
14 28 67
14 29 46
14 31 19
14 35 48
14 37 38
14 39 27
14 40 14
14 41 94
14 42 33
14 45 56
14 47 67
14 49 15
14 52 100
14 54 36
14 56 15
14 57 86
14 59 74
14 61 8
14 64 41
14 66 24
14 67 99
14 71 48
14 72 23
14 75 19
14 79 28
14 81 35
14 83 64
14 85 46
14 87 63
14 88 31
14 90 99
14 92 52
14 99 24
15 23 79
15 24 99
15 26 96
15 30 76
15 31 96
15 34 76
15 36 70
15 38 90
15 39 86
15 41 21
15 45 96
15 46 75
15 52 53
15 56 50
15 63 12
15 65 11
15 68 64
15 71 88
15 72 84
15 79 60
15 86 67
15 87 17
15 88 32
15 92 2
15 93 27
15 100 6
16 17 96
16 18 19
16 23 69
16 25 50
16 26 20
16 27 29
16 34 64
16 35 22
16 37 46
16 40 85
16 43 79
16 45 55
16 48 70
16 50 20
16 54 92
16 57 26
16 58 59
16 62 17
16 65 3
16 66 2
16 70 97
16 75 6
16 76 56
16 77 15
16 79 10
16 80 89
16 81 88
16 82 69
16 83 41
16 90 39
16 91 84
16 93 44
16 100 85
17 19 51
17 27 93
17 34 35
17 35 69
17 42 83
17 43 15
17 45 47
17 48 76
17 51 35
17 52 45
17 54 22
17 55 72
17 58 66
17 59 32
17 60 88
17 61 36
17 65 94
17 66 11
17 73 76
17 76 90
17 80 20
17 83 28
17 84 83
17 85 52
17 87 95
17 88 18
17 90 89
17 98 75
17 99 1
18 19 76
18 26 92
18 29 4
18 31 47
18 32 27
18 36 26
18 38 17
18 40 15
18 41 95
18 43 3
18 45 73
18 47 18
18 48 1
18 49 79
18 50 89
18 51 74
18 52 71
18 55 18
18 56 86
18 60 36
18 62 8
18 64 88
18 65 7
18 66 22
18 68 28
18 71 11
18 72 18
18 74 48
18 77 1
18 80 40
18 81 21
18 84 59
18 85 77
18 86 86
18 87 16
18 89 37
18 90 81
18 93 59
18 100 6
19 20 59
19 22 13
19 26 2
19 29 91
19 30 99
19 33 20
19 34 99
19 39 69
19 40 53
19 42 62
19 43 20
19 44 84
19 46 92
19 50 86
19 54 48
19 55 96
19 60 24
19 65 55
19 68 11
19 69 46
19 70 10
19 72 96
19 74 71
19 76 42
19 82 30
19 84 21
19 87 8
19 89 30
19 90 76
19 92 69
19 93 96
19 98 70
19 100 14
20 22 41
20 24 33
20 28 22
20 30 70
20 32 33
20 38 78
20 40 80
20 43 7
20 45 37
20 46 48
20 48 83
20 49 27
20 50 10
20 66 37
20 67 29
20 68 35
20 69 42
20 70 61
20 71 25
20 72 14
20 73 8
20 74 6
20 78 7
20 80 96
20 90 9
20 93 2
20 96 53
20 97 39
20 98 4
20 99 47
20 100 29
21 22 18
21 24 63
21 27 49
21 28 3
21 30 88
21 31 44
21 33 69
21 35 77
21 36 39
21 39 87
21 41 35
21 44 62
21 45 36
21 46 22
21 47 46
21 48 83
21 53 25
21 55 77
21 56 32
21 57 73
21 59 66
21 60 16
21 61 45
21 63 51
21 64 98
21 65 23
21 69 73
21 71 15
21 72 62
21 76 31
21 79 50
21 80 56
21 82 32
21 84 32
21 86 88
21 88 20
21 89 71
21 90 18
21 93 33
21 95 75
21 97 34
21 98 2
22 27 78
22 28 23
22 35 55
22 36 1
22 37 48
22 40 98
22 42 80
22 44 95
22 48 57
22 52 59
22 54 70
22 55 36
22 57 83
22 58 54
22 60 67
22 61 10
22 62 64
22 63 63
22 65 97
22 72 24
22 75 21
22 77 94
22 80 75
22 82 41
22 83 100
22 85 22
22 87 1
22 98 69
22 100 9
23 28 1
23 29 20
23 30 41
23 31 25
23 34 66
23 37 36
23 43 23
23 48 88
23 49 36
23 52 44
23 53 95
23 54 40
23 55 22
23 58 89
23 59 76
23 61 17
23 68 21
23 69 44
23 70 54
23 71 9
23 73 46
23 75 37
23 77 30
23 79 66
23 80 26
23 84 55
23 86 93
23 88 32
23 89 21
23 90 95
23 91 81
23 92 100
23 94 26
23 99 1
23 100 41
24 25 1
24 27 55
24 29 54
24 32 87
24 35 34
24 37 47
24 39 97
24 40 29
24 43 70
24 45 10
24 47 76
24 48 92
24 49 55
24 52 59
24 55 6
24 59 7
24 62 68
24 63 51
24 67 22
24 69 55
24 70 70
24 73 65
24 74 91
24 75 32
24 81 70
24 82 22
24 91 86
24 97 74
24 100 4
25 27 90
25 29 22
25 30 74
25 32 51
25 36 78
25 39 42
25 40 75
25 45 5
25 47 83
25 50 17
25 61 68
25 62 32
25 65 43
25 66 47
25 69 22
25 71 59
25 72 27
25 74 46
25 76 97
25 80 58
25 81 64
25 85 8
25 90 62
25 91 24
25 92 59
25 93 82
25 100 80
26 28 2
26 30 53
26 31 70
26 32 50
26 36 21
26 39 96
26 42 13
26 44 2
26 51 90
26 55 67
26 57 97
26 59 5
26 64 12
26 65 65
26 66 82
26 69 35
26 70 24
26 71 12
26 74 79
26 76 16
26 77 55
26 82 64
26 87 42
26 91 87
26 95 46
26 97 59
26 98 75
27 31 50
27 32 52
27 33 84
27 36 58
27 38 95
27 39 94
27 44 92
27 45 10
27 46 33
27 49 95
27 51 9
27 56 33
27 57 89
27 58 40
27 62 32
27 64 85
27 69 39
27 70 90
27 72 73
27 75 85
27 76 9
27 78 76
27 84 21
27 86 40
27 87 89
27 89 57
27 92 1
27 96 84
28 32 22
28 33 55
28 35 46
28 36 2
28 38 14
28 40 1
28 49 56
28 50 26
28 52 81
28 53 2
28 54 31
28 55 81
28 57 29
28 60 97
28 63 78
28 65 50
28 70 83
28 72 49
28 78 38
28 80 61
28 83 28
28 84 20
28 85 17
28 88 29
28 90 79
28 91 15
28 95 3
28 98 32
29 30 83
29 32 94
29 34 13
29 37 24
29 38 8
29 40 71
29 41 39
29 46 46
29 47 38
29 48 11
29 50 10
29 51 69
29 54 66
29 55 34
29 56 11
29 63 74
29 67 81
29 68 7
29 69 35
29 72 23
29 76 85
29 77 3
29 80 1
29 89 72
29 92 88
29 94 53
29 95 6
29 97 28
29 99 85
30 31 36
30 33 6
30 38 69
30 39 50
30 41 79
30 42 15
30 43 31
30 46 98
30 49 90
30 50 84
30 52 98
30 55 30
30 58 19
30 59 16
30 61 81
30 63 55
30 64 85
30 66 51
30 71 1
30 76 52
30 77 52
30 78 83
30 80 42
30 84 77
30 87 41
30 88 29
30 89 91
30 91 45
30 92 26
30 93 7
30 94 18
30 98 7
31 34 40
31 37 10
31 38 49
31 42 54
31 43 80
31 46 78
31 48 71
31 49 72
31 54 89
31 59 57
31 61 73
31 64 36
31 66 85
31 71 74
31 73 35
31 74 60
31 76 27
31 77 98
31 78 81
31 81 64
31 91 56
31 92 29
31 93 40
31 94 25
31 95 70
31 100 41
32 34 28
32 37 44
32 38 94
32 42 86
32 43 74
32 50 13
32 52 32
32 54 12
32 56 22
32 58 50
32 59 86
32 60 35
32 61 35
32 62 70
32 63 85
32 64 76
32 68 36
32 72 5
32 74 9
32 77 1
32 84 74
32 85 36
32 86 73
32 87 43
32 91 15
32 94 71
32 96 93
32 97 55
32 98 19
33 35 28
33 39 45
33 40 72
33 42 42
33 44 81
33 49 73
33 50 21
33 51 74
33 52 26
33 54 41
33 55 95
33 56 72
33 60 44
33 62 41
33 71 63
33 76 91
33 77 40
33 81 28
33 84 50
33 85 15
33 89 56
33 93 54
33 94 53
33 95 98
33 98 83
33 100 28
34 36 34
34 37 3
34 42 14
34 43 6
34 46 36
34 47 51
34 59 88
34 61 21
34 66 35
34 67 42
34 68 73
34 70 39
34 73 23
34 74 6
34 75 66
34 78 68
34 79 79
34 81 26
34 82 46
34 83 16
34 84 25
34 86 61
34 88 99
34 89 84
34 90 6
34 97 1
34 98 50
34 99 27
35 36 57
35 39 53
35 42 68
35 44 15
35 52 24
35 53 15
35 56 25
35 59 91
35 60 37
35 61 1
35 62 72
35 63 95
35 64 91
35 65 4
35 66 45
35 67 80
35 69 87
35 77 34
35 78 65
35 80 46
35 81 82
35 82 80
35 86 80
35 87 95
35 88 22
35 92 11
35 93 16
35 94 66
35 95 31
35 96 77
35 97 22
35 100 64
36 37 95
36 38 75
36 40 10
36 44 22
36 45 61
36 47 24
36 49 49
36 52 20
36 53 55
36 62 71
36 63 12
36 66 80
36 68 2
36 69 15
36 71 63
36 83 71
36 87 47
36 93 72
36 98 63
36 99 39
37 38 95
37 40 47
37 41 39
37 42 87
37 44 80
37 46 83
37 47 49
37 48 36
37 49 43
37 51 4
37 53 5
37 57 85
37 63 1
37 65 53
37 69 66
37 72 10
37 73 70
37 76 62
37 78 29
37 79 5
37 80 47
37 81 99
37 83 75
37 84 57
37 85 98
37 92 16
37 95 15
37 99 91
38 40 100
38 41 31
38 42 71
38 45 37
38 49 35
38 50 58
38 53 3
38 54 96
38 57 73
38 58 17
38 59 62
38 62 43
38 66 5
38 68 73
38 69 9
38 70 47
38 75 11
38 76 43
38 77 43
38 78 93
38 80 22
38 87 25
38 89 76
38 91 11
38 95 16
38 96 38
39 41 55
39 43 83
39 48 33
39 54 82
39 57 63
39 58 15
39 59 64
39 60 94
39 67 49
39 68 17
39 69 30
39 71 39
39 72 13
39 73 53
39 77 58
39 79 68
39 83 27
39 84 13
39 85 54
39 86 14
39 87 41
39 88 35
39 89 34
39 90 24
39 97 33
39 100 44
40 45 19
40 50 45
40 51 34
40 52 32
40 59 74
40 60 9
40 61 11
40 62 45
40 63 69
40 66 45
40 70 82
40 71 80
40 74 5
40 75 32
40 77 76
40 85 59
40 87 45
40 88 88
40 89 52
40 94 47
40 96 84
41 42 99
41 43 11
41 45 45
41 47 79
41 49 38
41 50 52
41 51 52
41 52 82
41 55 38
41 56 3
41 57 62
41 58 67
41 59 78
41 62 15
41 63 2
41 64 88
41 65 76
41 66 28
41 70 91
41 72 1
41 73 55
41 75 40
41 77 91
41 78 1
41 79 58
41 81 84
41 84 66
41 85 38
41 86 48
41 87 8
41 93 91
41 94 66
42 48 64
42 49 2
42 51 64
42 52 75
42 54 39
42 55 82
42 58 32
42 60 8
42 63 40
42 66 70
42 70 53
42 79 45
42 81 42
42 83 53
42 85 68
42 86 76
42 87 53
42 92 50
42 93 42
42 94 34
42 96 4
42 98 80
43 44 58
43 45 46
43 47 91
43 52 35
43 56 28
43 57 85
43 58 42
43 59 55
43 60 78
43 61 74
43 63 100
43 65 56
43 73 75
43 74 94
43 78 76
43 81 31
43 82 51
43 83 85
43 84 10
43 86 68
43 87 9
43 91 59
43 94 83
43 95 17
43 98 74
43 99 28
43 100 87
44 48 58
44 52 89
44 53 92
44 54 58
44 56 66
44 57 64
44 59 92
44 60 23
44 61 33
44 62 48
44 64 44
44 66 6
44 67 91
44 68 94
44 69 4
44 72 14
44 74 65
44 76 25
44 77 16
44 78 48
44 80 50
44 84 4
44 86 100
44 91 79
44 93 75
44 96 41
44 97 31
44 98 22
44 99 56
45 46 78
45 52 49
45 54 49
45 55 43
45 56 15
45 57 91
45 59 47
45 63 75
45 70 37
45 75 80
45 76 58
45 77 90
45 79 65
45 80 66
45 83 91
45 84 27
45 87 45
45 93 78
45 95 5
45 97 13
45 98 38
46 48 92
46 50 17
46 52 9
46 57 48
46 58 48
46 69 50
46 70 70
46 72 2
46 74 50
46 76 53
46 77 70
46 79 63
46 83 37
46 86 74
46 91 65
46 96 63
46 98 68
46 99 69
47 52 55
47 54 73
47 55 8
47 58 84
47 59 5
47 60 74
47 61 7
47 62 33
47 63 22
47 65 34
47 66 30
47 67 94
47 69 35
47 70 14
47 72 46
47 74 76
47 80 60
47 84 71
47 86 6
47 89 84
47 93 55
47 98 16
47 99 75
47 100 49
48 52 39
48 58 28
48 61 94
48 66 70
48 69 6
48 72 38
48 74 19
48 77 31
48 78 56
48 81 92
48 83 7
48 86 15
48 88 5
48 89 80
48 94 93
48 95 38
48 96 55
48 97 97
49 50 68
49 51 26
49 52 43
49 53 1
49 55 45
49 61 40
49 62 61
49 67 54
49 68 94
49 71 23
49 74 91
49 76 100
49 77 83
49 84 83
49 86 78
49 87 9
49 92 7
49 93 54
49 95 79
49 98 67
50 53 15
50 54 78
50 56 5
50 60 64
50 62 72
50 64 36
50 73 79
50 74 84
50 77 79
50 79 70
50 82 86
50 83 14
50 86 23
50 88 81
50 89 88
50 90 82
50 93 59
50 100 97
51 53 42
51 57 82
51 58 6
51 59 74
51 60 22
51 63 87
51 67 19
51 70 98
51 76 58
51 77 93
51 78 37
51 79 29
51 82 5
51 86 1
51 87 71
51 90 32
51 91 55
51 92 44
51 93 72
51 97 40
51 98 72
52 53 68
52 54 97
52 56 100
52 60 15
52 62 73
52 63 6
52 65 87
52 68 61
52 69 40
52 72 45
52 74 5
52 78 55
52 79 62
52 80 48
52 83 55
52 87 30
52 88 81
52 90 72
52 92 49
52 93 23
52 95 7
52 96 13
52 97 83
52 99 94
53 54 1
53 55 89
53 60 69
53 61 26
53 62 24
53 67 15
53 68 50
53 70 88
53 71 100
53 72 83
53 73 7
53 75 68
53 80 50
53 81 81
53 83 54
53 88 37
53 89 78
53 90 55
53 93 27
53 94 42
53 95 64
53 99 85
53 100 89
54 57 24
54 59 51
54 60 12
54 66 79
54 69 97
54 70 54
54 71 56
54 75 61
54 82 74
54 83 21
54 84 96
54 86 32
54 87 63
54 89 61
54 90 51
54 91 37
54 92 76
54 100 42
55 60 92
55 61 49
55 67 7
55 71 93
55 72 40
55 74 2
55 76 72
55 79 66
55 80 55
55 82 70
55 87 7
55 90 75
55 95 15
55 97 18
56 58 61
56 59 24
56 60 64
56 61 43
56 62 14
56 64 69
56 77 61
56 80 93
56 81 80
56 82 4
56 86 82
56 87 48
56 88 60
56 99 95
57 63 55
57 67 96
57 68 38
57 71 67
57 73 11
57 74 7
57 75 92
57 77 39
57 78 84
57 80 45
57 81 49
57 85 82
57 87 65
57 90 39
57 91 20
57 93 65
58 60 13
58 65 96
58 67 34
58 68 9
58 69 95
58 75 32
58 79 1
58 82 46
58 83 33
58 84 84
58 89 30
58 92 12
58 95 70
58 96 94
58 97 25
58 98 27
58 100 8
59 62 66
59 64 27
59 65 57
59 67 85
59 68 18
59 69 7
59 70 4
59 71 3
59 73 86
59 75 29
59 76 75
59 80 60
59 81 80
59 83 68
59 84 56
59 86 16
59 88 97
59 96 65
59 97 4
60 61 85
60 62 10
60 64 88
60 65 52
60 66 42
60 67 17
60 68 90
60 70 47
60 77 84
60 78 43
60 80 49
60 82 10
60 83 48
60 87 6
60 88 28
60 91 21
60 92 5
60 96 44
60 97 69
60 98 97
61 65 87
61 66 27
61 67 17
61 80 78
61 81 32
61 83 3
61 84 73
61 96 25
61 98 66
62 63 68
62 64 18
62 68 24
62 70 13
62 71 14
62 74 23
62 80 22
62 83 82
62 86 52
62 90 64
62 91 52
62 95 6
62 96 84
62 97 2
62 100 41
63 65 4
63 67 87
63 70 76
63 73 17
63 74 5
63 75 91
63 79 85
63 81 2
63 82 13
63 83 15
63 84 4
63 85 32
63 86 23
63 94 92
63 96 26
63 97 63
63 100 30
64 65 1
64 67 51
64 69 51
64 74 31
64 75 63
64 79 51
64 84 84
64 86 52
64 88 71
64 91 28
64 93 36
64 100 3
65 66 36
65 68 83
65 73 89
65 74 85
65 75 48
65 78 67
65 81 38
65 83 50
65 84 96
65 86 16
65 88 51
65 90 92
65 94 83
65 95 23
65 97 33
66 68 27
66 70 31
66 71 6
66 73 52
66 74 80
66 75 74
66 79 34
66 83 91
66 84 17
66 89 49
66 91 78
66 94 98
66 96 57
66 97 73
66 98 14
66 99 62
66 100 14
67 68 38
67 70 96
67 73 66
67 77 49
67 79 48
67 81 54
67 85 84
67 86 76
67 89 45
67 91 44
67 93 1
67 94 96
67 96 16
67 98 64
67 99 44
68 69 89
68 72 45
68 75 62
68 78 59
68 79 25
68 83 2
68 84 80
68 85 53
68 86 81
68 88 66
68 89 61
68 91 84
68 93 68
68 96 10
68 98 8
68 99 84
69 70 46
69 73 56
69 81 68
69 83 63
69 86 59
69 90 90
69 92 11
69 94 53
69 95 88
69 99 20
70 73 69
70 76 21
70 79 25
70 81 19
70 84 83
70 86 38
70 89 4
70 93 41
70 97 64
70 98 74
70 99 5
70 100 34
71 72 17
71 75 96
71 77 26
71 82 27
71 83 63
71 84 42
71 88 12
71 89 58
71 92 73
71 94 76
71 96 86
71 97 24
71 98 41
71 100 97
72 73 59
72 75 62
72 80 72
72 81 32
72 83 21
72 85 100
72 87 52
72 88 44
72 95 26
72 96 38
72 97 16
72 99 36
72 100 73
73 75 51
73 78 72
73 87 54
73 93 59
73 98 85
73 99 53
74 77 15
74 80 19
74 81 32
74 82 8
74 84 19
74 85 10
74 87 96
74 88 36
74 90 21
74 96 29
74 98 85
74 100 73
75 79 14
75 80 78
75 86 51
75 88 99
75 89 96
75 90 28
75 91 32
75 92 67
75 99 53
76 79 45
76 81 87
76 84 37
76 85 46
76 91 5
76 92 87
76 93 89
76 99 85
76 100 33
77 79 8
77 80 96
77 83 22
77 86 94
77 87 6
77 93 67
77 97 78
77 98 34
78 82 35
78 83 22
78 84 1
78 88 90
78 90 70
78 91 64
78 92 12
78 93 66
78 95 30
78 98 39
79 83 36
79 84 72
79 85 65
79 87 39
79 88 31
79 91 85
79 92 76
79 93 44
79 94 27
79 95 97
80 81 70
80 87 25
80 88 26
80 94 75
80 96 26
80 97 22
80 98 69
80 99 84
80 100 3
81 83 71
81 84 53
81 86 72
81 89 10
81 93 43
81 95 94
81 96 81
82 86 12
82 89 16
82 90 38
82 92 53
82 95 73
82 100 88
83 84 4
83 85 75
83 86 47
83 87 56
83 97 55
83 98 15
84 86 46
84 89 36
84 90 77
84 91 28
84 93 4
84 96 5
84 98 16
84 99 94
84 100 43
85 88 20
85 89 80
86 87 45
86 91 26
86 94 43
86 95 36
86 96 27
86 97 76
86 99 99
87 88 3
87 90 58
87 91 98
87 92 44
87 93 25
87 94 79
87 95 37
87 96 25
88 98 39
88 100 47
89 91 64
89 92 86
89 95 95
89 97 61
90 92 23
90 93 37
90 95 17
90 99 33
91 93 81
91 97 41
92 95 17
92 96 37
92 97 13
92 98 87
93 95 66
93 96 79
93 100 20
94 95 9
94 97 8
94 99 59
95 99 60
96 99 36
96 100 62
97 98 9
98 100 47
99 100 18
1 3 47
1 4 71
1 9 4
1 11 86
1 18 99
1 19 68
1 20 94
1 21 20
1 25 94
1 26 70
1 27 40
1 28 100
1 30 58
1 34 26
1 35 69
1 36 14
1 38 31
1 39 26
1 40 5
1 42 90
1 44 100
1 46 69
1 58 15
1 61 50
1 68 70
1 70 89
1 72 1
1 73 3
1 74 59
1 75 83
1 77 8
1 78 42
1 80 61
1 81 48
1 83 31
1 84 74
1 85 52
1 88 68
1 89 98
1 91 78
2 4 19
2 12 96
2 16 95
2 18 13
2 19 98
2 20 59
2 22 47
2 23 81
2 24 97
2 27 96
2 28 82
2 35 31
2 37 87
2 40 47
2 41 73
2 44 10
2 46 59
2 47 15
2 49 69
2 51 51
2 53 46
2 54 68
2 55 47
2 56 49
2 58 66
2 60 45
2 65 66
2 70 65
2 71 72
2 72 22
2 75 36
2 78 11
2 80 4
2 82 55
2 83 89
2 86 92
2 87 99
2 90 33
2 95 82
2 96 62
2 97 30
2 100 53
3 11 22
3 13 5
3 14 79
3 16 13
3 18 78
3 19 12
3 22 100
3 27 63
3 28 57
3 29 33
3 31 13
3 32 50
3 34 78
3 36 32
3 42 12
3 44 75
3 47 84
3 48 7
3 52 56
3 53 78
3 55 25
3 57 91
3 58 82
3 59 3
3 65 13
3 68 78
3 69 19
3 71 42
3 72 92
3 76 46
3 78 38
3 79 8
3 80 1
3 81 86
3 82 21
3 84 72
3 86 76
3 87 85
3 90 64
3 92 5
3 95 21
3 97 7
3 98 98
4 5 26
4 10 61
4 12 37
4 13 72
4 14 20
4 15 15
4 17 80
4 22 40
4 24 68
4 25 48
4 27 50
4 28 23
4 31 10
4 33 29
4 35 69
4 36 92
4 37 81
4 39 47
4 44 55
4 45 13
4 46 42
4 49 12
4 50 63
4 52 16
4 53 89
4 55 65
4 57 33
4 62 45
4 63 39
4 71 49
4 72 80
4 73 64
4 75 8
4 78 63
4 81 26
4 82 67
4 84 52
4 85 67
4 86 28
4 88 27
4 93 18
4 100 45
5 15 94
5 18 13
5 19 89
5 22 37
5 23 9
5 27 33
5 28 2
5 30 22
5 34 15
5 36 35
5 37 42
5 39 79
5 40 11
5 41 54
5 44 23
5 47 88
5 49 84
5 50 61
5 54 87
5 57 94
5 59 16
5 60 96
5 61 6
5 69 36
5 70 49
5 72 32
5 74 18
5 79 24
5 80 84
5 87 36
5 88 72
5 90 84
5 92 59
5 93 100
5 94 10
5 97 38
5 99 77
6 7 63
6 9 10
6 14 22
6 15 4
6 21 73
6 22 51
6 24 69
6 27 83
6 28 26
6 29 94
6 31 6
6 32 5
6 33 25
6 34 59
6 35 46
6 37 17
6 39 26
6 40 10
6 44 3
6 45 14
6 46 71
6 49 14
6 50 54
6 53 6
6 57 23
6 58 7
6 59 95
6 64 64
6 71 79
6 72 78
6 74 85
6 78 82
6 85 26
6 88 85
6 92 33
6 93 34
6 94 60
6 95 59
6 100 16
7 8 91
7 9 1
7 10 33
7 13 89
7 19 4
7 22 41
7 28 41
7 29 28
7 30 94
7 31 59
7 32 79
7 33 45
7 34 89
7 37 45
7 38 19
7 39 55
7 40 44
7 42 65
7 43 70
7 46 58
7 47 39
7 48 55
7 51 92
7 52 87
7 53 19
7 54 23
7 55 100
7 57 55
7 58 87
7 60 75
7 62 43
7 63 1
7 64 64
7 66 53
7 70 45
7 71 66
7 74 34
7 76 36
7 79 68
7 80 33
7 83 19
7 84 69
7 86 42
7 87 25
7 90 79
7 92 82
7 95 70
7 96 8
7 100 15
8 10 31
8 14 61
8 20 86
8 24 53
8 25 4
8 28 99
8 30 57
8 31 84
8 32 60
8 33 33
8 36 48
8 37 6
8 38 84
8 39 54
8 40 88
8 44 61
8 49 64
8 50 51
8 52 1
8 53 45
8 54 57
8 55 59
8 56 25
8 57 57
8 58 27
8 59 62
8 60 2
8 63 13
8 65 3
8 67 9
8 72 98
8 74 51
8 75 27
8 76 68
8 81 10
8 82 78
8 87 91
8 88 96
8 89 69
8 91 48
8 93 87
8 97 26
8 99 84
9 15 38
9 16 97
9 18 93
9 20 58
9 21 58
9 25 51
9 26 19
9 36 29
9 39 43
9 41 77
9 45 51
9 48 79
9 50 56
9 51 71
9 53 84
9 55 57
9 58 8
9 64 95
9 65 66
9 66 71
9 70 53
9 76 16
9 79 69
9 80 42
9 88 28
9 90 60
9 91 17
9 93 94
9 98 20
9 99 23
9 100 60
10 11 59
10 13 95
10 20 80
10 21 36
10 24 48
10 25 25
10 28 49
10 29 9
10 31 2
10 32 58
10 33 28
10 34 44
10 38 95
10 40 55
10 41 69
10 42 81
10 46 2
10 47 91
10 48 6
10 50 100
10 54 72
10 56 27
10 57 43
10 61 12
10 63 6
10 65 88
10 67 75
10 69 55
10 70 71
10 73 28
10 74 28
10 76 37
10 81 82
10 84 74
10 88 58
10 89 39
10 90 54
10 92 92
10 97 84
10 98 48
11 13 95
11 16 24
11 17 6
11 18 39
11 19 3
11 22 21
11 28 4
11 32 59
11 35 70
11 52 75
11 53 70
11 57 93
11 58 78
11 69 62
11 71 89
11 76 49
11 79 85
11 80 20
11 85 73
11 87 44
11 88 33
11 90 25
11 94 70
11 95 52
11 97 1
11 100 67
12 13 21
12 15 64
12 16 65
12 23 7
12 25 6
12 31 11
12 37 47
12 38 41
12 41 89
12 43 12
12 44 64
12 45 66
12 49 86
12 50 45
12 51 89
12 52 93
12 57 24
12 58 48
12 61 56
12 63 79
12 65 51
12 66 10
12 75 99
12 76 46
12 79 47
12 80 83
12 82 75
12 85 2
12 87 60
12 90 29
12 92 15
12 93 41
12 94 36
12 95 4
12 99 28
12 100 13
13 14 16
13 15 21
13 20 89
13 24 65
13 27 38
13 28 63
13 30 24
13 33 25
13 35 94
13 36 51
13 37 21
13 39 92
13 40 85
13 41 27
13 42 53
13 44 14
13 45 21
13 51 42
13 54 54
13 60 32
13 63 27
13 64 73
13 69 30
13 71 87
13 80 59
13 84 77
13 86 2
13 89 44
13 97 77
13 100 67
14 16 34
14 18 3
14 22 15
14 24 69
14 25 90
14 28 85
14 29 75
14 32 3
14 33 42
14 36 28
14 41 28
14 45 38
14 47 23
14 50 71
14 51 85
14 52 22
14 53 42
14 54 10
14 55 76
14 57 33
14 60 3
14 62 42
14 65 75
14 67 87
