858707000.000000
874830000.000000
863214000.000000
862001000.000000
864643000.000000
859178000.000000
872296000.000000
861476000.000000
902276000.000000
862113000.000000
860500000.000000
859161000.000000
874793000.000000
860595000.000000
859217000.000000
859216000.000000
865662000.000000
859187000.000000
859221000.000000
864084000.000000
872968000.000000
885378000.000000
852780000.000000
862418000.000000
859217000.000000
859123000.000000
863158000.000000
876078000.000000
863406000.000000
861507000.000000
882179000.000000
866191000.000000
847651000.000000
862854000.000000
861804000.000000
876249000.000000
860435000.000000
861940000.000000
860629000.000000
860350000.000000
861882000.000000
861887000.000000
860461000.000000
862039000.000000
859134000.000000
863331000.000000
861960000.000000
869064000.000000
860500000.000000
849281000.000000
862223000.000000
864861000.000000
868948000.000000
866231000.000000
925326000.000000
995174000.000000
1250955000.000000
1018896000.000000
864982000.000000
860541000.000000
862709000.000000
863115000.000000
863358000.000000
880357000.000000
863702000.000000
861968000.000000
863310000.000000
861834000.000000
859125000.000000
860424000.000000
863873000.000000
860463000.000000
860787000.000000
861835000.000000
860442000.000000
846264000.000000
861795000.000000
993868000.000000
884736000.000000
863113000.000000
859172000.000000
861797000.000000
861771000.000000
860640000.000000
862138000.000000
862002000.000000
860563000.000000
861979000.000000
908011000.000000
859174000.000000
927457000.000000
861795000.000000
859136000.000000
860485000.000000
860591000.000000
864610000.000000
861850000.000000
860496000.000000
860548000.000000
863313000.000000
