50 1103 1
1 4 31
1 5 77
1 14 79
1 16 76
1 24 31
1 26 51
1 29 37
1 32 93
1 33 96
1 34 93
1 37 87
1 41 62
1 42 20
1 43 100
1 46 15
1 48 22
1 49 29
1 50 43
2 3 18
2 4 38
2 7 50
2 10 42
2 11 89
2 12 86
2 14 49
2 15 4
2 18 47
2 19 70
2 22 51
2 25 82
2 30 28
2 32 85
2 33 35
2 41 19
2 47 74
3 5 92
3 7 69
3 8 74
3 9 7
3 12 61
3 13 89
3 14 10
3 15 82
3 16 29
3 20 8
3 23 70
3 24 83
3 34 86
3 36 57
3 45 78
3 47 10
3 50 56
4 6 22
4 7 43
4 8 24
4 12 79
4 17 87
4 21 56
4 25 6
4 29 15
4 30 44
4 31 99
4 33 74
4 36 100
4 37 81
4 39 45
4 40 10
4 44 72
4 45 59
4 46 86
4 48 60
4 49 14
5 6 93
5 8 48
5 11 26
5 12 78
5 13 71
5 14 69
5 15 51
5 16 18
5 20 91
5 27 14
5 28 9
5 29 58
5 30 7
5 33 32
5 36 4
5 44 86
5 45 99
5 46 2
5 49 70
5 50 16
6 7 55
6 9 7
6 12 67
6 18 60
6 19 79
6 20 4
6 24 83
6 25 48
6 27 26
6 36 44
6 37 31
6 39 19
6 42 3
6 45 62
6 49 76
6 50 56
7 9 51
7 10 14
7 14 71
7 15 69
7 16 98
7 17 64
7 19 84
7 20 85
7 23 6
7 25 57
7 27 84
7 29 46
7 30 21
7 32 44
7 34 78
7 38 66
7 39 24
7 42 18
7 44 13
8 12 1
8 15 12
8 21 22
8 24 16
8 27 81
8 29 83
8 35 75
8 38 35
8 39 47
8 43 24
8 48 80
9 10 52
9 13 94
9 14 88
9 15 70
9 18 57
9 20 33
9 22 82
9 23 63
9 26 88
9 28 79
9 31 56
9 36 43
9 37 32
9 40 7
9 41 41
9 42 5
9 43 15
9 44 54
9 46 48
10 13 61
10 14 91
10 16 89
10 17 62
10 20 3
10 25 71
10 29 60
10 31 18
10 32 30
10 33 27
10 36 81
10 38 98
10 41 7
10 43 94
10 49 71
11 13 19
11 15 75
11 17 52
11 19 43
11 22 41
11 27 90
11 29 64
11 30 98
11 32 92
11 33 12
11 37 94
11 40 14
11 43 98
11 44 32
11 48 57
12 18 11
12 19 14
12 20 11
12 21 50
12 23 26
12 25 84
12 28 50
12 31 31
12 32 86
12 34 60
12 35 19
12 38 75
12 39 12
12 42 58
12 45 50
12 46 74
12 48 5
13 15 32
13 17 73
13 18 8
13 20 3
13 21 53
13 26 64
13 32 43
13 33 89
13 37 70
13 38 79
13 41 52
13 42 77
13 49 63
14 16 23
14 17 4
14 18 65
14 20 34
14 22 29
14 30 11
14 31 76
14 32 78
14 33 43
14 38 67
14 41 2
14 43 53
14 45 3
14 46 57
14 47 65
14 48 86
14 50 81
15 16 17
15 19 59
15 23 89
15 24 100
15 25 69
15 26 56
15 29 37
15 30 75
15 32 95
15 34 71
15 37 66
15 40 83
15 41 100
15 42 65
15 43 99
15 45 71
15 50 25
16 17 55
16 21 24
16 22 36
16 24 19
16 25 72
16 28 73
16 29 4
16 36 26
16 39 69
16 40 28
16 43 41
16 44 93
16 47 24
17 20 88
17 21 33
17 23 8
17 25 68
17 27 82
17 28 54
17 31 82
17 32 80
17 35 33
17 37 27
17 42 54
17 44 12
17 45 16
17 49 31
18 20 35
18 21 22
18 24 58
18 29 13
18 31 64
18 35 53
18 36 7
18 37 74
18 44 48
19 22 58
19 25 62
19 28 39
19 32 76
19 33 35
19 39 2
19 43 22
19 46 26
19 47 69
19 48 33
20 21 41
20 22 96
20 23 69
20 24 5
20 26 69
20 27 40
20 29 53
20 34 53
20 35 31
20 37 87
20 39 82
20 42 37
20 48 25
20 50 97
21 24 34
21 27 21
21 31 89
21 33 73
21 34 6
21 39 97
21 44 7
21 45 97
21 46 28
21 48 84
21 50 34
22 23 52
22 24 48
22 27 87
22 29 76
22 30 20
22 31 9
22 34 57
22 37 99
22 39 89
22 43 86
22 44 93
22 47 14
22 48 87
22 49 5
23 24 7
23 25 69
23 26 40
23 27 7
23 29 72
23 31 90
23 33 45
23 34 26
23 42 4
23 45 6
23 46 45
23 47 81
23 48 79
23 49 77
23 50 93
24 29 31
24 32 30
24 34 2
24 37 71
24 38 88
24 41 36
24 44 1
24 45 88
24 46 42
24 48 72
25 28 20
25 30 14
25 39 24
25 43 46
25 45 30
25 48 58
25 49 52
25 50 78
26 27 31
26 29 97
26 34 57
26 35 49
26 38 56
26 39 86
26 42 5
26 43 62
26 44 54
26 45 21
26 47 6
26 48 99
27 28 83
27 29 25
27 33 42
27 34 71
27 38 92
27 42 7
27 46 7
27 47 97
27 50 35
28 37 72
28 38 60
28 39 1
28 40 98
28 42 4
28 50 41
29 30 25
29 31 41
29 34 91
29 36 80
29 40 82
29 47 37
29 50 51
30 36 83
30 38 6
30 41 38
30 43 88
30 46 83
30 48 34
30 49 83
30 50 45
31 33 14
31 35 22
31 36 60
31 37 94
31 38 40
31 39 83
31 43 23
31 46 80
32 37 2
32 41 21
32 43 61
32 44 31
32 45 12
32 46 61
32 49 48
33 36 35
33 42 41
33 44 100
33 46 77
33 47 89
33 48 64
33 49 38
33 50 76
34 35 9
34 38 31
34 39 36
34 40 43
34 41 57
34 42 49
34 45 72
34 47 21
34 48 62
34 49 36
34 50 60
35 38 51
35 40 53
35 42 58
35 46 26
35 49 73
36 38 87
36 39 54
36 42 40
36 43 70
36 45 6
36 47 31
37 41 99
37 44 72
37 49 29
37 50 85
38 41 75
38 44 39
38 47 25
38 49 58
39 41 11
39 46 86
40 45 73
40 47 39
40 49 53
40 50 23
41 42 21
41 43 60
41 44 65
41 47 86
41 49 82
42 43 95
42 46 79
42 47 88
42 50 3
43 50 25
44 50 69
45 47 33
45 50 52
46 47 29
47 48 37
49 50 97
1 7 39
1 8 9
1 12 78
1 19 22
1 20 50
1 26 9
1 32 100
1 35 27
1 37 91
1 42 86
1 43 98
1 44 14
1 47 69
1 48 85
1 50 100
2 5 49
2 8 28
2 11 89
2 14 73
2 16 74
2 17 65
2 18 41
2 19 40
2 20 94
2 21 56
2 22 98
2 24 65
2 28 95
2 32 43
2 33 31
2 42 42
2 43 8
2 45 35
2 46 42
2 50 25
3 4 51
3 8 73
3 9 3
3 13 36
3 14 29
3 18 45
3 21 90
3 24 34
3 25 2
3 26 80
3 30 40
3 34 69
3 38 45
3 39 65
3 40 48
3 42 50
3 43 44
3 44 87
3 45 77
3 46 72
3 48 85
4 5 38
4 12 5
4 14 76
4 16 14
4 17 83
4 19 14
4 20 48
4 21 64
4 23 70
4 25 58
4 26 21
4 29 72
4 32 28
4 42 11
4 43 18
4 44 5
4 48 87
5 6 81
5 8 87
5 9 19
5 12 42
5 13 47
5 15 52
5 16 63
5 17 82
5 18 48
5 20 49
5 23 13
5 25 38
5 27 86
5 28 47
5 29 56
5 30 58
5 33 34
5 34 17
5 38 53
5 42 17
5 44 55
5 45 44
5 48 1
6 7 53
6 9 81
6 12 23
6 13 62
6 15 67
6 16 66
6 19 71
6 20 37
6 22 72
6 23 22
6 28 75
6 31 59
6 33 84
6 34 65
6 35 13
6 42 4
6 43 31
6 45 39
6 47 14
6 48 75
7 10 8
7 12 45
7 15 32
7 17 33
7 20 3
7 24 43
7 25 14
7 26 54
7 27 57
7 30 50
7 31 48
7 32 12
7 34 26
7 37 22
7 40 84
7 41 58
7 42 78
7 43 12
7 47 49
7 48 89
7 49 26
8 9 74
8 11 14
8 12 95
8 13 44
8 14 65
8 18 85
8 19 80
8 20 31
8 23 91
8 25 31
8 26 63
8 30 53
8 31 73
8 32 14
8 33 85
8 37 52
8 38 36
8 40 34
8 43 48
8 45 77
8 49 33
9 13 29
9 14 74
9 15 84
9 16 17
9 17 38
9 19 28
9 21 75
9 22 78
9 23 5
9 25 92
9 26 58
9 29 53
9 30 53
9 31 12
9 32 19
9 34 64
9 35 59
9 39 49
9 41 16
9 42 11
9 45 10
9 49 89
9 50 55
10 12 23
10 16 73
10 22 50
10 26 37
10 27 40
10 28 80
10 34 22
10 38 40
10 39 94
10 40 29
10 41 91
10 43 57
10 46 55
10 49 78
11 12 68
11 13 69
11 14 5
11 15 5
11 16 39
11 17 4
11 18 8
11 20 25
11 23 47
11 25 65
11 26 16
11 27 22
11 30 72
11 31 86
11 32 83
11 34 88
11 36 50
11 38 34
11 40 88
11 46 43
11 49 53
12 14 77
12 15 68
12 18 57
12 21 70
12 25 56
12 27 62
12 29 67
12 30 73
12 31 45
12 36 86
12 39 16
12 43 42
12 45 1
12 46 1
12 47 60
12 49 97
12 50 56
13 14 45
13 15 57
13 17 3
13 19 16
13 22 57
13 24 13
13 25 5
13 26 69
13 29 91
13 31 5
13 32 29
13 33 23
13 34 79
13 37 75
13 38 32
13 40 87
13 41 46
13 47 76
14 24 33
14 27 91
14 28 4
14 30 49
14 32 64
14 34 40
14 36 68
14 39 59
14 44 50
14 45 34
14 47 71
14 50 96
15 17 65
15 18 74
15 22 99
15 23 2
15 25 83
15 26 18
15 28 69
15 29 52
15 30 67
15 31 53
15 32 8
15 35 80
15 39 44
15 40 1
15 41 70
15 42 48
15 44 33
15 45 2
15 46 90
15 50 30
16 18 20
16 22 45
16 23 71
16 24 37
16 27 84
16 30 7
16 34 3
16 38 66
16 39 28
16 40 97
16 42 48
16 44 91
16 48 11
17 20 80
17 22 9
17 25 16
17 28 59
17 29 24
17 39 79
17 42 21
17 43 79
17 45 82
17 49 74
18 21 92
18 22 87
18 25 19
18 26 83
18 30 60
18 31 14
18 35 9
18 38 48
18 39 93
18 43 59
18 47 82
19 25 89
19 26 79
19 29 89
19 31 80
19 32 69
19 33 67
19 39 61
19 42 52
19 43 10
19 46 63
19 48 50
19 50 69
20 21 18
20 23 69
20 25 23
20 30 52
20 33 33
20 34 45
20 35 75
20 38 78
20 41 64
20 42 80
21 22 94
21 26 67
21 27 58
21 28 48
21 33 17
21 34 4
21 35 3
21 37 87
21 42 30
21 44 92
21 46 31
21 48 97
21 50 9
22 24 84
22 25 79
22 26 92
22 30 17
22 34 16
22 36 77
22 38 72
22 40 1
22 44 37
22 46 29
22 49 48
23 24 3
23 28 100
23 29 43
23 31 24
23 34 68
23 35 19
23 38 20
23 39 13
23 40 11
23 42 98
23 43 65
23 47 5
23 49 57
24 25 4
24 26 17
24 30 37
24 33 68
24 36 72
24 37 13
24 42 33
24 43 22
24 44 89
24 46 41
25 26 39
25 27 57
25 30 96
25 34 41
25 35 15
25 37 25
25 44 50
25 46 88
26 30 36
26 31 43
26 32 16
26 33 41
26 36 87
26 37 99
26 41 63
26 42 3
26 46 39
26 48 30
26 50 39
27 33 82
27 34 45
27 40 41
27 49 90
28 30 57
28 32 70
28 33 16
28 34 75
28 37 77
28 42 57
28 43 96
28 44 30
28 48 27
28 49 11
29 30 75
29 31 70
29 38 92
29 40 59
29 42 43
29 43 90
29 44 74
29 45 32
29 46 35
29 50 4
30 32 86
30 36 66
30 37 99
30 39 71
30 41 24
30 42 48
30 44 9
30 47 68
30 48 43
30 49 99
30 50 25
31 33 51
31 35 10
31 36 16
31 39 30
31 41 99
31 47 46
31 48 29
31 49 16
31 50 2
32 33 65
32 35 18
32 36 40
32 37 71
32 38 54
32 39 92
32 42 78
32 44 43
32 46 47
32 47 40
32 48 60
32 50 4
33 38 67
33 39 26
33 41 85
33 43 59
33 44 83
33 45 82
33 47 85
33 48 27
33 49 73
34 36 79
34 37 87
34 41 70
34 44 8
34 48 33
34 50 95
35 38 4
35 40 27
35 42 80
35 43 66
35 45 100
35 46 4
35 48 21
35 49 25
36 39 46
36 40 21
36 43 98
36 46 85
36 47 100
37 38 78
37 42 15
37 46 40
37 47 98
37 50 23
38 39 26
38 41 3
38 43 5
38 46 38
38 48 35
39 41 63
39 45 51
39 46 61
40 41 9
40 48 14
40 49 100
41 46 7
41 49 46
42 46 34
42 47 11
42 48 59
44 45 20
44 50 23
45 46 78
45 49 17
45 50 85
46 48 16
46 49 41
47 48 71
47 50 97
48 50 56
1 2 89
1 4 77
1 5 64
1 7 55
1 11 40
1 14 63
1 19 52
1 20 2
1 21 63
1 22 3
1 23 3
1 25 16
1 26 77
1 27 92
1 28 38
1 30 34
1 31 84
1 34 10
1 36 86
1 37 28
1 38 14
1 45 75
1 46 59
1 47 43
1 48 87
1 50 78
2 4 9
2 5 35
2 7 97
2 8 37
2 10 22
2 11 76
2 15 31
2 22 21
2 23 53
2 25 42
2 28 58
2 29 57
2 31 54
2 34 10
2 38 84
2 42 81
2 46 89
2 47 30
3 8 46
3 10 97
3 15 85
3 16 75
3 20 89
3 21 38
3 24 49
3 26 72
3 27 5
3 28 40
3 30 39
3 35 60
3 36 61
3 39 76
3 42 26
3 43 12
3 45 34
3 47 55
3 49 97
4 5 85
4 6 74
4 8 95
4 14 50
4 15 37
4 21 8
4 26 24
4 27 17
4 28 95
4 30 41
4 31 18
4 32 91
4 33 26
4 42 18
4 44 38
4 48 26
5 8 29
5 9 1
5 12 1
5 13 58
5 16 78
5 17 35
5 19 4
5 20 49
5 21 47
5 23 19
5 24 22
5 26 17
5 27 68
5 28 80
5 30 20
5 33 70
5 36 23
5 37 12
