50 1103 1
1 4 1
1 5 99
1 6 81
1 8 18
1 9 16
1 11 59
1 14 57
1 15 6
1 16 39
1 17 90
1 19 74
1 25 61
1 28 97
1 29 41
1 33 97
1 36 59
1 37 31
1 38 56
1 39 5
1 41 31
1 42 57
1 43 62
1 44 99
1 45 39
1 46 88
1 47 51
1 50 59
2 4 97
2 5 5
2 9 56
2 10 98
2 11 93
2 16 87
2 18 37
2 19 65
2 21 100
2 24 16
2 27 40
2 29 73
2 30 36
2 32 75
2 33 14
2 37 81
2 40 32
2 42 16
2 44 97
2 47 19
2 49 9
2 50 35
3 4 13
3 10 10
3 12 37
3 14 92
3 17 48
3 18 88
3 19 6
3 20 64
3 21 62
3 22 46
3 24 50
3 32 71
3 33 54
3 35 54
3 37 46
3 41 52
3 42 54
3 45 88
3 46 67
3 49 84
4 5 92
4 10 97
4 11 49
4 12 82
4 22 63
4 23 17
4 27 15
4 28 2
4 30 53
4 35 41
4 37 22
4 38 69
4 40 45
4 46 11
4 48 83
5 7 3
5 8 41
5 9 49
5 12 65
5 18 12
5 20 13
5 22 33
5 23 21
5 30 32
5 36 22
5 38 97
5 47 66
5 49 89
6 15 38
6 17 91
6 19 43
6 21 18
6 23 66
6 25 79
6 26 90
6 29 7
6 30 87
6 32 43
6 33 43
6 35 66
6 36 94
6 38 67
6 40 19
6 45 55
6 46 55
6 50 99
7 10 19
7 11 3
7 12 34
7 13 8
7 14 36
7 15 51
7 19 62
7 21 3
7 22 63
7 23 16
7 24 13
7 30 55
7 32 14
7 33 8
7 35 20
7 38 9
7 39 38
7 44 20
7 45 30
7 50 42
8 10 49
8 12 98
8 16 24
8 18 73
8 19 47
8 20 13
8 21 95
8 27 48
8 28 77
8 30 65
8 31 9
8 34 6
8 39 91
8 40 77
8 45 57
8 47 6
9 11 38
9 15 23
9 17 23
9 20 55
9 21 39
9 30 81
9 33 70
9 38 65
9 39 66
9 40 68
9 42 44
9 46 16
9 47 85
9 48 66
9 49 24
9 50 75
10 12 21
10 13 23
10 14 18
10 16 5
10 20 100
10 25 62
10 26 100
10 27 23
10 28 71
10 29 11
10 30 60
10 31 62
10 32 96
10 33 80
10 35 9
10 39 24
10 46 90
10 49 73
10 50 41
11 12 18
11 14 72
11 15 11
11 17 56
11 19 34
11 20 19
11 22 88
11 23 16
11 25 12
11 27 9
11 28 30
11 29 66
11 30 77
11 31 2
11 32 31
11 34 86
11 37 90
11 38 80
11 43 17
11 44 37
11 45 75
11 47 15
11 48 33
11 49 76
11 50 5
12 13 15
12 17 86
12 18 97
12 19 29
12 21 99
12 22 24
12 30 2
12 33 100
12 38 6
12 40 2
12 42 45
12 43 6
12 44 6
12 47 64
13 14 83
13 16 88
13 17 96
13 20 59
13 21 62
13 23 90
13 24 48
13 26 61
13 28 84
13 32 49
13 35 5
13 37 84
13 41 55
13 43 20
13 49 19
14 15 48
14 19 8
14 21 90
14 23 75
14 25 11
14 26 9
14 33 26
14 43 89
14 44 71
14 47 8
14 49 39
14 50 56
15 17 67
15 18 32
15 21 49
15 22 79
15 27 71
15 31 76
15 34 37
15 36 60
15 38 83
15 40 57
15 41 66
15 43 49
15 45 80
15 49 88
16 18 10
16 19 85
16 22 42
16 23 16
16 25 37
16 28 93
16 29 33
16 31 9
16 34 42
16 35 93
16 36 72
16 38 68
16 41 97
16 42 51
16 47 79
17 18 67
17 21 29
17 24 64
17 25 55
17 27 79
17 30 63
17 34 82
17 41 86
17 42 54
17 46 45
18 22 71
18 23 18
18 29 63
18 30 45
18 31 47
18 35 5
18 36 76
18 38 54
18 40 34
18 41 38
18 43 48
18 44 65
18 50 36
19 20 60
19 24 40
19 26 14
19 28 85
19 34 63
19 38 91
19 39 22
19 40 56
19 41 45
19 44 70
19 48 5
20 26 19
20 27 79
20 28 76
20 31 88
20 32 90
20 33 26
20 34 93
20 35 55
20 36 13
20 42 77
20 45 12
20 47 6
20 48 91
20 49 4
20 50 5
21 23 96
21 28 62
21 30 71
21 32 59
21 33 80
21 34 42
21 37 92
21 38 1
21 39 68
21 41 14
21 43 47
21 44 2
21 47 61
21 48 27
21 50 41
22 23 91
22 26 76
22 30 88
22 31 70
22 36 63
22 37 83
22 38 59
22 42 1
22 48 51
22 50 54
23 24 16
23 26 45
23 27 23
23 30 53
23 31 82
23 36 87
23 41 13
23 43 4
23 45 5
23 49 89
24 26 58
24 27 20
24 29 24
24 30 74
24 31 63
24 32 21
24 33 21
24 36 11
24 38 55
24 41 2
24 42 50
24 43 7
24 45 55
24 50 49
25 27 95
25 30 31
25 31 97
25 32 96
25 34 31
25 37 14
25 38 38
25 39 48
25 43 63
25 45 22
25 48 64
25 49 14
26 29 21
26 30 38
26 31 16
26 34 92
26 39 67
26 40 46
26 41 7
26 42 3
26 45 94
26 46 87
26 49 64
26 50 60
27 31 27
27 38 77
27 39 71
27 43 74
27 44 92
27 46 74
27 49 84
27 50 18
28 30 58
28 32 44
28 35 69
28 36 67
28 39 87
28 42 30
29 31 57
29 32 57
29 33 78
29 40 68
29 44 60
29 45 11
29 46 56
30 31 37
30 34 57
30 36 11
30 38 61
30 41 100
30 45 89
30 46 64
31 34 27
31 36 97
31 41 23
31 42 99
31 45 1
31 47 75
31 48 67
32 33 77
32 34 100
32 38 56
32 40 86
32 41 41
32 42 5
32 43 13
32 45 40
32 46 9
33 38 93
33 39 18
33 42 30
33 44 57
33 48 36
33 50 40
34 36 75
34 38 70
34 43 45
34 44 62
34 45 26
34 46 96
34 47 100
34 48 38
34 49 94
35 36 44
35 37 36
35 40 89
35 42 95
35 44 67
35 46 51
35 48 68
36 37 33
36 38 10
36 44 2
36 46 95
36 47 36
36 48 64
37 39 52
37 43 20
37 44 90
37 47 50
38 41 39
38 43 71
38 44 70
38 48 70
38 50 72
39 44 6
39 47 47
39 50 19
40 41 44
40 44 71
40 48 89
40 49 89
41 45 82
41 47 27
41 48 35
41 49 57
41 50 39
42 43 72
42 46 18
42 48 91
43 45 75
43 49 9
44 45 78
44 47 58
44 48 66
44 49 2
44 50 39
45 46 89
45 48 48
45 49 50
46 48 81
46 49 44
47 50 42
1 2 76
1 6 14
1 8 50
1 9 38
1 12 56
1 13 48
1 16 76
1 23 39
1 24 7
1 26 39
1 30 20
1 32 67
1 33 96
1 34 35
1 35 73
1 39 86
1 50 96
2 4 11
2 5 48
2 10 99
2 11 71
2 13 19
2 14 73
2 15 58
2 17 21
2 20 76
2 21 25
2 24 46
2 26 7
2 27 81
2 28 32
2 30 34
2 32 22
2 35 53
2 38 60
2 39 14
2 40 14
2 44 47
2 46 59
2 48 83
2 50 39
3 4 94
3 5 92
3 6 83
3 9 59
3 19 87
3 20 68
3 21 39
3 22 85
3 23 93
3 24 77
3 25 76
3 28 47
3 30 54
3 31 27
3 32 21
3 34 62
3 35 82
3 36 44
3 38 71
3 40 64
3 41 50
3 43 48
4 6 13
4 10 15
4 13 78
4 15 82
4 24 81
4 27 94
4 28 62
4 30 89
4 39 82
4 44 76
4 45 9
4 46 62
4 48 24
4 49 41
5 9 98
5 17 53
5 19 2
5 28 95
5 30 10
5 34 69
5 36 16
5 38 25
5 39 70
5 40 81
5 41 83
5 42 9
6 7 69
6 9 36
6 10 40
6 13 69
6 17 56
6 21 22
6 23 88
6 24 53
6 27 85
6 28 94
6 33 33
6 38 2
6 44 1
6 46 68
6 47 24
6 50 63
7 8 94
7 9 35
7 14 76
7 19 59
7 20 87
7 24 43
7 25 46
7 26 56
7 28 13
7 29 41
7 30 24
7 34 45
7 35 57
7 36 28
7 37 51
7 38 9
7 39 59
7 40 43
7 42 60
7 43 8
7 45 16
7 46 88
7 47 43
7 48 94
7 50 63
8 9 84
8 10 6
8 12 68
8 13 31
8 14 56
8 16 52
8 17 11
8 20 99
8 22 50
8 26 61
8 29 30
8 31 23
8 34 46
8 35 88
8 39 53
8 46 81
8 48 55
9 11 75
9 16 59
9 19 98
9 20 90
9 22 74
9 23 22
9 24 73
9 26 37
9 28 1
9 34 11
9 35 50
9 38 2
9 44 32
9 45 46
9 46 41
9 48 82
10 11 21
10 15 3
10 16 79
10 18 7
10 19 4
10 24 72
10 26 52
10 28 33
10 29 83
10 34 62
10 35 98
10 36 13
10 39 20
10 41 50
10 42 39
10 43 76
10 46 72
10 48 63
11 12 8
11 14 17
11 19 42
11 32 96
11 34 90
11 36 68
11 49 69
12 15 2
12 17 41
12 21 75
12 27 16
12 28 12
12 32 23
12 33 10
12 37 26
12 40 12
12 44 22
12 45 88
12 48 74
12 49 47
13 14 4
13 15 82
13 16 12
13 21 27
13 23 89
13 24 99
13 34 9
13 35 77
13 37 94
13 38 75
13 40 49
13 41 43
13 45 93
13 46 60
13 47 53
13 48 79
13 50 13
14 22 31
14 23 5
14 24 16
14 27 68
14 28 66
14 29 40
14 30 80
14 31 9
14 37 56
14 39 84
14 44 40
14 45 99
14 46 35
14 48 10
14 50 39
15 29 94
15 30 9
15 34 94
15 35 66
15 36 88
15 37 91
15 38 20
15 39 67
15 44 75
15 49 1
15 50 29
16 18 3
16 21 21
16 22 96
16 23 89
16 27 9
16 30 54
16 31 84
16 33 85
16 34 45
16 35 19
16 36 4
16 39 45
16 40 92
16 41 18
16 43 48
16 45 40
16 46 25
16 48 4
16 50 26
17 18 4
17 19 70
17 21 76
17 23 75
17 24 77
17 28 63
17 33 84
17 34 47
17 36 56
17 39 58
17 40 98
17 41 7
17 45 73
17 46 16
17 48 77
18 22 73
18 23 36
18 25 55
18 26 2
18 28 12
18 30 48
18 32 45
18 36 62
18 39 98
18 41 72
18 42 88
18 43 99
18 47 18
18 48 26
18 50 91
19 23 99
19 26 19
19 27 9
19 29 82
19 31 49
19 32 38
19 33 44
19 37 46
19 38 81
19 39 7
19 40 91
19 42 34
19 45 55
20 23 12
20 24 58
20 26 63
20 28 39
20 33 8
20 34 8
20 35 51
20 36 14
20 38 75
20 41 64
20 42 47
20 46 26
20 47 31
21 26 6
21 27 64
21 29 73
21 32 37
21 36 24
21 37 11
21 38 47
21 39 49
21 40 8
21 41 8
21 45 93
21 47 27
22 23 100
22 25 90
22 31 74
22 38 20
22 43 83
22 46 6
22 49 96
23 24 86
23 25 71
23 26 8
23 28 70
23 31 3
23 32 45
23 37 95
23 39 3
23 44 82
23 48 78
23 49 50
24 26 6
24 27 14
24 29 47
24 31 56
24 32 19
24 33 63
24 36 94
24 40 51
24 42 39
24 43 82
24 44 35
24 45 49
24 48 12
25 26 87
25 27 23
25 28 77
25 30 23
25 33 61
25 35 94
25 36 6
25 41 10
25 43 22
25 45 6
25 48 93
25 49 15
25 50 57
26 31 26
26 37 18
26 38 52
26 46 93
26 47 62
26 49 58
27 29 24
27 31 90
27 33 78
27 36 27
27 38 17
27 44 10
27 46 47
27 49 21
27 50 55
28 30 49
28 31 94
28 37 17
28 38 25
28 39 69
28 43 75
28 45 21
28 46 61
28 47 67
28 50 56
29 32 47
29 33 25
29 39 74
29 40 29
29 41 80
29 42 81
29 44 39
29 45 22
29 46 80
29 47 22
29 49 46
30 31 48
30 34 92
30 36 25
30 37 72
30 38 84
30 42 52
30 43 56
30 44 16
30 46 14
31 32 25
31 33 11
31 35 77
31 36 69
31 39 30
31 46 55
31 47 63
32 33 56
32 39 95
32 43 84
32 45 34
32 48 36
32 49 57
33 37 24
33 41 8
33 43 71
33 45 1
33 46 8
34 35 16
34 37 98
34 38 48
34 41 45
34 42 14
34 50 47
35 37 28
35 39 97
35 43 8
35 44 51
35 45 95
35 48 93
35 49 11
36 38 42
36 39 22
36 40 89
36 42 13
36 45 33
36 47 51
37 38 21
37 41 55
37 43 54
37 45 89
37 50 31
38 39 21
38 41 62
38 44 12
38 45 48
39 40 10
39 41 24
39 43 89
39 47 57
39 48 86
40 41 90
40 42 93
40 43 80
40 44 72
41 46 32
41 48 77
42 43 15
42 45 46
42 49 70
42 50 53
43 44 71
43 50 35
44 45 99
44 48 69
45 46 32
45 49 72
45 50 63
46 47 46
46 48 51
46 50 9
48 50 88
49 50 75
1 2 58
1 6 1
1 11 58
1 16 3
1 17 31
1 19 34
1 23 17
1 25 89
1 31 89
1 36 86
1 39 2
1 40 32
1 43 90
1 44 66
1 46 93
1 48 98
1 50 63
2 5 33
2 7 67
2 10 13
2 11 47
2 15 77
2 19 51
2 21 54
2 23 36
2 29 4
2 32 16
2 33 9
2 36 64
2 37 89
2 43 33
2 44 7
2 46 37
2 50 43
3 4 13
3 5 96
3 9 10
3 10 13
3 11 17
3 12 18
3 13 67
3 15 16
3 16 58
3 20 15
3 21 52
3 23 74
3 29 77
3 35 76
3 36 100
3 40 43
3 41 83
3 42 71
3 43 19
3 45 61
3 48 49
4 7 23
4 11 23
4 14 84
4 17 35
4 22 36
4 24 89
4 25 28
4 27 97
4 29 19
4 30 18
4 33 19
4 34 75
4 36 1
4 37 96
4 40 16
4 42 97
4 43 5
4 50 81
5 6 61
5 8 34
5 11 52
5 14 39
5 15 91
5 16 42
5 18 99
5 19 89
5 24 50
5 26 19
5 31 95
5 32 94
5 36 13
5 38 83
5 39 76
5 42 21
5 45 52
5 50 65
6 10 2
6 11 48
6 13 99
6 16 60
6 18 71
6 19 28
6 21 34
