50 1103 1
1 4 56
1 6 53
1 8 32
1 12 40
1 14 32
1 15 75
1 18 85
1 23 83
1 24 58
1 27 5
1 28 86
1 29 69
1 33 68
1 34 96
1 35 13
1 37 99
1 41 7
1 43 30
1 44 56
1 45 63
1 48 65
1 49 64
2 4 63
2 6 62
2 11 81
2 12 58
2 15 53
2 19 54
2 21 90
2 23 72
2 27 68
2 28 24
2 29 89
2 32 26
2 34 67
2 35 27
2 41 10
2 42 4
2 47 58
2 50 57
3 5 71
3 7 5
3 8 56
3 10 48
3 12 7
3 14 92
3 17 75
3 19 91
3 23 32
3 27 57
3 29 56
3 32 33
3 33 16
3 34 51
3 36 8
3 37 44
3 38 37
3 45 58
3 46 73
3 47 75
3 48 13
4 7 64
4 10 72
4 12 50
4 13 50
4 15 84
4 17 42
4 19 26
4 20 18
4 22 40
4 23 31
4 24 28
4 30 41
4 34 95
4 35 34
4 37 99
4 38 51
4 43 25
4 47 43
4 50 2
5 8 13
5 11 59
5 13 60
5 14 96
5 16 87
5 19 53
5 20 72
5 21 67
5 22 57
5 23 38
5 24 22
5 26 26
5 27 90
5 30 47
5 31 11
5 35 57
5 38 2
5 43 94
6 7 64
6 13 54
6 14 41
6 17 73
6 18 11
6 20 37
6 21 65
6 24 44
6 26 88
6 27 85
6 29 33
6 33 99
6 34 27
6 38 8
6 39 50
6 40 12
6 43 18
6 45 14
6 46 68
6 49 12
6 50 92
7 10 70
7 14 81
7 17 82
7 19 52
7 26 11
7 27 41
7 29 14
7 30 99
7 33 85
7 35 5
7 37 52
7 38 96
7 42 64
7 45 16
7 50 6
8 11 36
8 13 42
8 16 97
8 17 64
8 18 19
8 21 77
8 23 4
8 25 7
8 27 5
8 28 4
8 30 82
8 31 54
8 33 35
8 34 83
8 35 24
8 42 22
8 43 58
8 44 87
8 49 4
9 11 24
9 12 61
9 13 53
9 18 27
9 20 65
9 21 26
9 23 35
9 26 75
9 35 2
10 15 3
10 21 48
10 22 7
10 23 55
10 25 2
10 26 38
10 30 29
10 32 73
10 40 55
10 42 67
10 46 82
11 14 82
11 15 77
11 17 20
11 21 4
11 37 78
11 38 13
11 40 100
11 41 43
11 43 42
11 47 35
11 48 37
12 13 54
12 14 29
12 16 37
12 19 15
12 20 24
12 28 61
12 31 41
12 34 97
12 40 92
12 41 65
12 43 3
12 46 100
13 14 51
13 18 35
13 23 30
13 24 2
13 25 86
13 27 15
13 32 43
13 33 39
13 34 8
13 35 1
13 36 36
13 37 37
13 38 41
13 41 98
13 43 38
13 50 33
14 17 29
14 22 78
14 23 54
14 25 20
14 35 44
14 39 88
14 41 79
14 42 96
14 45 57
15 20 91
15 21 80
15 22 14
15 24 78
15 26 95
15 29 51
15 30 84
15 31 48
15 36 95
15 37 23
15 39 2
15 40 99
15 44 1
15 50 45
16 17 92
16 19 100
16 22 60
16 26 95
16 29 26
16 33 62
16 35 75
16 36 49
16 41 10
16 44 62
16 46 90
16 49 35
17 19 9
17 21 71
17 23 45
17 26 54
17 33 74
17 35 14
17 37 85
17 39 38
17 40 98
17 41 39
17 44 29
17 45 17
17 47 12
17 50 88
18 27 20
18 30 87
18 31 2
18 32 52
18 33 40
18 34 95
18 36 33
18 37 30
18 38 99
18 46 85
18 48 9
19 23 98
19 24 5
19 25 50
19 26 19
19 28 55
19 32 42
19 34 22
19 35 76
19 36 95
19 40 64
19 41 6
19 42 54
19 44 41
19 48 5
19 49 55
19 50 41
20 21 9
20 24 22
20 28 62
20 33 69
20 42 80
20 43 43
20 44 2
20 49 89
20 50 92
21 25 90
21 40 47
21 41 69
21 43 20
21 45 36
21 48 72
21 50 78
22 23 1
22 25 27
22 28 16
22 29 12
22 31 81
22 32 13
22 33 39
22 35 51
22 36 14
22 37 15
22 38 7
22 43 84
22 46 97
22 50 52
23 24 50
23 31 71
23 32 33
23 33 22
23 34 31
23 35 5
23 36 72
23 38 75
23 42 10
23 44 54
23 45 40
23 48 37
23 49 88
24 29 14
24 30 95
24 34 67
24 36 75
24 39 13
24 42 18
24 44 33
24 47 37
24 50 30
25 29 60
25 31 39
25 37 85
25 39 7
25 40 24
25 43 3
25 46 89
25 49 38
26 27 20
26 29 21
26 30 99
26 31 89
26 37 82
26 38 34
26 39 55
26 41 35
26 42 28
26 45 78
26 46 69
26 47 93
26 48 25
27 31 55
27 33 79
27 37 91
27 38 29
27 39 17
27 41 47
27 42 58
27 48 60
28 32 74
28 33 9
28 36 9
28 37 45
28 38 93
28 39 24
28 40 81
28 41 41
28 45 97
28 46 13
29 30 84
29 31 94
29 33 39
29 36 4
29 37 84
29 39 27
29 42 78
29 44 27
29 45 56
29 48 100
29 49 51
29 50 60
30 34 2
30 35 6
30 39 79
30 41 79
30 44 56
30 46 98
31 37 36
31 41 8
31 43 52
31 45 51
31 47 36
31 49 30
32 33 68
32 34 47
32 37 61
32 39 97
32 43 85
32 44 72
32 45 15
32 46 82
32 47 60
32 50 6
33 34 35
33 35 37
33 36 86
33 38 98
33 40 95
33 41 1
33 42 99
33 44 28
33 46 47
34 37 22
34 38 65
34 39 4
34 43 63
34 48 43
34 49 91
35 36 2
35 48 31
35 50 16
36 37 22
36 38 92
36 39 35
36 41 97
36 42 50
36 44 72
36 50 30
37 38 16
37 39 39
37 43 64
37 47 49
37 49 45
38 44 58
38 45 18
38 46 2
38 48 89
39 40 38
39 41 64
39 43 73
39 45 28
39 46 67
39 49 13
40 42 58
40 46 82
40 49 68
41 44 82
42 47 3
42 48 16
42 49 6
42 50 55
43 47 20
43 50 85
44 46 78
44 50 43
45 47 98
45 48 35
46 48 30
46 49 79
47 48 76
47 49 40
48 49 74
48 50 91
1 3 3
1 7 40
1 9 77
1 10 85
1 12 30
1 13 98
1 18 54
1 20 57
1 27 35
1 33 59
1 36 55
1 38 28
1 40 76
1 41 4
1 46 95
1 48 69
1 50 82
2 3 40
2 9 51
2 10 8
2 14 21
2 17 45
2 18 11
2 21 43
2 24 32
2 25 8
2 26 66
2 28 63
2 29 55
2 36 51
2 38 47
2 40 71
2 41 99
2 43 90
2 44 5
2 48 17
3 4 90
3 5 25
3 6 12
3 7 17
3 11 52
3 20 18
3 22 54
3 23 47
3 33 33
3 34 3
3 35 78
3 41 47
3 42 77
3 46 25
3 49 7
4 5 9
4 6 92
4 7 40
4 9 21
4 11 86
4 13 87
4 14 92
4 16 42
4 19 39
4 20 100
4 25 25
4 26 13
4 30 66
4 31 70
4 32 11
4 38 41
4 39 26
4 40 65
4 41 54
4 43 42
4 44 21
4 47 12
4 48 55
4 49 81
5 6 31
5 7 81
5 9 46
5 10 7
5 16 64
5 19 60
5 20 73
5 23 64
5 24 70
5 32 20
5 40 25
5 41 50
5 43 45
5 44 50
5 48 57
5 49 38
6 7 69
6 8 90
6 9 58
6 11 96
6 12 38
6 14 60
6 18 66
6 19 66
6 22 52
6 23 7
6 24 10
6 26 47
6 28 88
6 29 62
6 30 50
6 31 94
6 33 95
6 37 38
6 42 24
6 44 92
6 45 75
6 49 93
7 9 35
7 11 28
7 13 42
7 14 23
7 19 25
7 25 75
7 29 2
7 30 63
7 32 55
7 33 96
7 34 54
7 38 70
7 39 16
7 43 35
7 44 100
7 47 20
7 50 25
8 10 32
8 12 80
8 13 52
8 14 90
8 17 23
8 20 6
8 21 15
8 22 16
8 28 13
8 32 77
8 33 45
8 35 36
8 37 55
8 39 5
8 40 7
8 41 59
8 50 94
9 11 54
9 12 95
9 14 54
9 15 58
9 16 24
9 17 65
9 24 15
9 26 48
9 29 8
9 36 40
9 37 90
9 39 26
9 42 94
9 44 11
10 12 3
10 15 47
10 17 84
10 20 8
10 21 91
10 22 55
10 26 30
10 30 37
10 31 50
10 35 85
10 37 98
10 41 97
10 42 31
10 44 7
10 45 70
10 49 46
10 50 28
11 12 9
11 13 48
11 14 78
11 16 40
11 17 67
11 20 53
11 21 19
11 23 97
11 27 46
11 34 43
11 36 2
11 41 65
11 44 4
11 45 61
11 48 1
12 14 83
12 17 91
12 23 3
12 28 91
12 29 91
12 35 6
12 36 63
12 37 2
12 39 100
12 40 68
12 41 68
12 42 81
12 43 22
12 44 95
12 49 99
13 15 65
13 19 61
13 22 3
13 23 65
13 27 73
13 29 82
13 31 58
13 40 86
13 42 97
13 45 38
13 46 4
13 49 58
14 16 7
14 18 30
14 19 7
14 20 35
14 25 82
14 26 71
14 28 7
14 30 64
14 31 17
14 33 78
14 36 29
14 38 66
14 39 15
14 40 63
14 45 80
14 46 7
14 48 89
15 23 74
15 25 24
15 26 50
15 28 7
15 30 20
15 31 27
15 36 93
15 42 84
15 46 37
15 49 44
16 17 78
16 18 32
16 25 80
16 28 13
16 30 19
16 32 44
16 33 80
16 38 26
16 39 2
16 40 99
16 44 97
16 45 100
16 47 74
17 20 95
17 22 99
17 24 58
17 25 6
17 26 62
17 31 94
17 33 53
17 34 50
17 35 61
17 36 74
17 37 16
17 39 87
17 41 86
17 46 28
17 47 72
17 50 31
18 24 73
18 26 24
18 27 88
18 30 41
18 32 23
18 33 25
18 34 35
18 39 87
18 41 26
18 44 27
18 45 56
18 49 23
18 50 11
19 20 9
19 23 47
19 24 84
19 26 100
19 28 52
19 29 27
19 38 34
19 42 3
19 44 48
19 46 27
20 22 76
20 23 11
20 24 33
20 28 47
20 32 19
20 40 78
20 41 55
20 50 32
21 22 88
21 25 67
21 27 37
21 28 50
21 30 27
21 34 85
21 35 25
21 37 21
21 41 79
21 43 90
21 45 18
21 48 57
21 50 41
22 24 2
22 26 78
22 28 41
22 29 14
22 31 37
22 32 4
22 33 73
22 34 66
22 37 17
22 38 24
22 40 52
22 41 28
22 42 41
22 45 8
22 47 83
22 48 98
22 49 9
23 24 97
23 31 25
23 37 87
23 38 78
23 41 66
23 43 58
23 44 3
23 46 72
23 48 70
23 50 50
24 25 76
24 28 37
24 31 32
24 35 5
24 36 6
24 37 78
24 38 100
24 39 12
24 40 85
24 43 89
24 45 60
25 27 92
25 33 47
25 35 89
25 41 14
25 42 53
25 50 29
26 27 36
26 28 33
26 31 25
26 32 49
26 33 48
26 34 74
26 41 81
26 46 60
27 30 93
27 32 73
27 33 87
27 34 8
27 35 31
27 36 95
27 44 84
27 45 68
27 46 35
27 47 2
27 48 82
27 49 51
27 50 57
28 30 31
28 31 67
28 32 21
28 35 28
28 37 93
28 38 62
28 43 38
28 44 18
28 45 54
29 35 1
29 37 78
29 39 100
29 40 36
29 42 72
29 45 70
29 47 55
29 49 99
29 50 90
30 33 78
30 36 67
30 38 66
30 44 39
31 33 21
31 36 53
31 41 76
31 43 64
31 44 87
31 48 7
31 49 43
32 36 13
32 38 81
32 39 2
32 42 56
32 43 8
32 44 19
32 47 71
32 49 71
32 50 23
33 35 76
33 39 90
33 41 2
33 42 32
33 47 28
33 48 59
33 49 75
33 50 21
34 37 39
34 38 7
34 39 4
34 42 56
34 44 87
34 45 53
34 46 21
34 47 55
34 48 34
34 49 10
35 36 8
35 37 17
35 42 9
35 43 55
35 44 73
35 45 61
35 47 66
35 49 86
36 42 98
36 43 8
36 44 71
36 45 25
36 47 89
36 48 14
37 40 14
37 43 82
37 44 35
37 45 87
37 46 83
37 50 43
38 41 19
38 42 95
38 46 84
38 48 74
38 49 69
38 50 6
39 40 71
39 42 54
39 43 52
39 44 32
39 45 49
39 47 12
39 49 82
39 50 83
40 44 48
41 42 94
41 44 71
41 45 71
41 46 74
41 49 88
42 45 1
42 48 25
42 49 68
42 50 10
43 45 97
43 46 44
43 49 72
43 50 8
44 45 65
44 46 84
44 49 60
47 48 76
47 49 77
48 49 26
48 50 94
49 50 45
1 12 59
1 14 9
1 15 37
1 17 31
1 18 90
1 19 55
1 23 86
1 25 40
1 27 93
1 31 6
1 34 30
1 37 12
1 39 46
1 42 59
1 43 87
1 48 44
1 49 74
2 5 20
2 7 7
2 10 7
2 16 17
2 18 9
2 20 46
2 21 65
2 22 44
2 23 34
2 24 59
2 27 80
2 31 64
2 35 93
2 39 54
2 41 46
2 42 100
2 43 2
2 45 47
2 49 54
3 5 55
3 13 3
3 14 54
3 18 47
3 19 25
3 21 27
3 23 100
3 26 38
3 29 12
3 30 57
3 33 71
3 36 26
3 39 26
3 46 40
3 47 4
3 48 52
3 49 8
4 10 46
4 13 16
4 14 50
4 17 34
4 25 75
4 26 90
4 31 3
4 33 44
4 36 96
4 37 39
4 39 84
4 40 42
4 41 100
4 43 26
4 45 24
4 47 69
4 49 74
5 10 17
5 26 78
5 31 88
5 32 5
5 36 82
5 37 29
5 38 48
5 40 63
5 42 23
5 44 73
5 46 23
6 7 14
6 9 12
6 10 47
6 11 78
6 13 23
6 17 92
6 19 51
6 21 72
6 23 51
6 27 74
6 30 32
6 33 32
6 36 36
6 39 62
6 44 36
6 47 76
7 9 14
7 10 24
7 14 33
7 16 64
7 17 26
7 18 8
7 19 99
7 25 69
7 27 17
7 28 78
7 33 36
7 34 5
7 37 9
7 41 58
7 42 98
7 43 78
7 45 100
7 47 12
7 48 14
7 49 80
8 10 8
8 11 34
8 15 49
8 16 8
8 17 93
8 20 3
8 21 90
8 23 52
8 24 47
8 25 96
8 26 37
8 27 56
8 36 41
8 39 12
8 42 18
8 44 80
