50 1103 1
1 2 52
1 6 12
1 8 95
1 9 76
1 12 49
1 16 22
1 17 18
1 20 35
1 21 50
1 28 19
1 33 99
1 34 5
1 37 52
1 38 68
1 43 55
1 49 39
2 3 67
2 5 65
2 7 76
2 8 5
2 9 99
2 10 100
2 11 44
2 13 92
2 15 42
2 16 7
2 20 51
2 23 63
2 25 80
2 29 41
2 33 25
2 35 2
2 36 28
2 44 73
2 47 87
2 48 53
3 4 4
3 5 34
3 7 19
3 9 69
3 13 58
3 14 19
3 15 37
3 16 7
3 18 63
3 24 82
3 25 61
3 28 89
3 29 98
3 32 79
3 34 26
3 36 10
3 37 12
3 38 80
3 39 24
3 40 100
3 42 95
3 47 69
3 48 95
4 5 2
4 6 15
4 7 55
4 12 26
4 13 35
4 16 64
4 24 95
4 30 11
4 33 72
4 40 33
4 43 99
4 45 1
4 49 58
5 7 58
5 10 91
5 13 49
5 17 40
5 21 22
5 24 71
5 29 39
5 31 57
5 34 46
5 35 33
5 37 10
5 46 7
5 48 30
5 50 2
6 16 3
6 18 87
6 19 95
6 20 79
6 21 96
6 24 59
6 27 3
6 28 84
6 30 23
6 32 89
6 34 7
6 39 98
6 40 19
6 41 69
6 43 9
6 46 6
6 47 36
6 48 43
7 8 42
7 11 13
7 14 3
7 15 89
7 20 53
7 21 84
7 24 50
7 25 70
7 27 98
7 31 100
7 34 63
7 38 43
7 39 4
7 40 58
7 42 86
7 44 83
7 45 83
7 48 86
7 50 19
8 10 77
8 12 30
8 14 42
8 16 90
8 18 50
8 19 75
8 22 98
8 29 59
8 31 31
8 33 69
8 39 27
8 43 32
8 45 7
8 47 9
8 50 48
9 11 76
9 15 65
9 16 33
9 17 2
9 20 42
9 21 17
9 23 28
9 26 74
9 27 18
9 28 35
9 31 80
9 36 6
9 37 4
9 40 85
9 43 82
10 11 37
10 13 1
10 14 93
10 17 63
10 21 72
10 23 8
10 26 38
10 27 16
10 28 24
10 30 74
10 32 46
10 37 29
10 39 51
10 41 50
10 46 55
10 47 20
10 48 94
10 49 92
11 12 33
11 14 41
11 17 35
11 18 39
11 19 82
11 21 17
11 22 47
11 23 16
11 27 29
11 30 51
11 31 89
11 34 60
11 38 76
11 41 82
11 43 99
11 44 52
11 45 26
11 48 69
12 13 81
12 14 45
12 15 40
12 16 39
12 21 9
12 23 96
12 28 11
12 42 37
12 43 48
12 46 36
12 47 69
12 48 8
13 14 93
13 15 98
13 17 48
13 19 78
13 20 23
13 21 90
13 26 27
13 27 91
13 29 99
13 32 55
13 33 38
13 37 29
13 39 21
13 41 39
13 48 13
13 50 30
14 19 33
14 22 3
14 24 25
14 26 52
14 27 52
14 29 62
14 30 36
14 32 16
14 38 95
14 39 51
14 40 70
14 47 41
14 49 6
15 17 28
15 20 21
15 24 83
15 26 80
15 31 58
15 34 44
15 35 99
15 37 42
15 40 82
15 42 29
15 43 76
15 45 19
15 48 62
16 20 79
16 23 44
16 25 36
16 30 62
16 31 10
16 34 60
16 36 41
16 37 23
16 40 17
16 45 20
16 47 84
16 49 10
17 18 81
17 20 80
17 25 49
17 30 87
17 34 20
17 35 53
17 37 92
17 38 4
17 39 84
17 43 71
17 46 95
17 48 30
17 50 15
18 19 13
18 20 86
18 21 49
18 25 96
18 26 16
18 30 64
18 34 16
18 35 75
18 36 10
18 39 50
18 41 71
18 42 34
18 48 62
19 20 12
19 21 12
19 24 60
19 27 64
19 28 19
19 35 36
19 36 37
19 39 5
19 40 6
19 46 46
19 49 11
19 50 54
20 22 90
20 29 85
20 30 64
20 33 99
20 38 76
20 40 49
20 43 18
20 47 99
21 27 65
21 30 28
21 31 76
21 34 24
21 35 29
21 37 17
21 40 6
21 42 52
21 45 12
21 46 53
21 48 37
22 24 19
22 25 84
22 26 44
22 27 38
22 29 37
22 32 62
22 33 67
22 36 16
22 40 58
22 42 54
22 47 36
22 48 15
22 49 82
23 24 24
23 25 20
23 30 53
23 32 67
23 39 50
23 44 18
23 46 1
23 47 57
23 50 86
24 25 21
24 29 70
24 30 99
24 32 50
24 33 66
24 40 42
24 41 82
24 45 87
24 48 77
24 49 36
24 50 88
25 30 16
25 31 58
25 33 25
25 37 64
25 42 52
25 43 57
25 45 15
25 48 43
26 27 64
26 33 84
26 34 2
26 39 64
26 45 97
26 46 94
26 48 26
26 49 94
27 34 74
27 38 69
27 43 65
27 44 82
27 45 58
28 35 97
28 36 44
28 41 81
28 46 56
28 47 6
28 48 61
29 30 63
29 32 67
29 33 99
29 38 86
29 40 54
29 44 50
29 47 18
29 48 23
30 31 59
30 32 81
30 33 2
30 34 59
30 37 74
30 40 36
30 42 53
30 44 16
30 46 56
30 50 62
31 32 28
31 33 50
31 34 90
31 35 36
31 37 45
31 38 75
31 42 90
31 43 31
32 37 49
32 38 29
32 39 74
32 44 32
32 47 93
32 48 38
32 50 36
33 34 8
33 38 84
33 43 42
34 36 3
34 37 69
34 38 15
34 40 37
34 41 29
34 48 71
34 50 62
35 37 43
35 39 27
35 40 7
35 43 3
35 50 53
36 39 67
36 42 9
36 45 18
36 46 35
36 47 35
37 40 37
37 41 62
37 43 97
37 45 10
37 46 36
37 48 54
38 39 74
38 40 61
38 44 55
38 49 95
38 50 13
39 41 98
39 44 27
39 47 18
39 48 48
39 49 48
39 50 91
40 41 67
40 43 2
40 47 51
40 49 30
41 42 80
41 46 45
41 50 10
42 43 49
42 44 64
42 46 79
43 46 88
43 48 55
44 47 21
44 50 85
45 49 41
45 50 33
46 49 85
47 48 33
47 50 2
48 50 5
49 50 38
1 2 5
1 4 15
1 8 9
1 12 42
1 15 81
1 17 84
1 18 88
1 20 57
1 23 78
1 24 86
1 25 80
1 27 11
1 31 94
1 34 88
1 35 61
1 41 88
1 43 59
1 47 34
1 49 76
1 50 62
2 3 8
2 12 74
2 14 83
2 16 58
2 17 41
2 19 48
2 22 39
2 23 73
2 26 52
2 28 1
2 31 72
2 32 70
2 33 29
2 34 69
2 41 7
2 42 21
2 50 7
3 4 25
3 7 74
3 10 18
3 15 93
3 19 71
3 20 59
3 21 20
3 24 24
3 27 52
3 30 70
3 34 14
3 38 16
3 39 1
3 41 84
3 42 15
3 46 86
3 47 83
4 7 4
4 9 4
4 11 34
4 12 18
4 16 33
4 17 53
4 18 94
4 19 45
4 21 25
4 22 97
4 25 80
4 26 68
4 29 25
4 34 50
4 35 46
4 36 25
4 38 1
4 39 48
4 43 7
4 44 21
4 48 72
5 9 48
5 15 53
5 16 79
5 21 12
5 22 19
5 25 6
5 27 87
5 34 22
5 37 1
5 39 74
5 41 1
5 43 70
5 45 17
5 47 76
5 48 26
5 49 53
6 10 39
6 12 81
6 15 83
6 16 38
6 19 49
6 22 18
6 26 18
6 31 88
6 38 66
6 39 72
6 41 88
6 42 44
6 43 31
6 46 75
6 47 18
6 50 80
7 10 51
7 11 96
7 16 69
7 17 18
7 28 42
7 29 34
7 34 77
7 35 51
7 36 15
7 37 39
7 40 82
7 41 45
7 43 48
7 46 24
7 47 31
7 50 42
8 11 27
8 13 43
8 19 39
8 22 26
8 24 72
8 25 15
8 26 76
8 29 50
8 32 87
8 34 33
8 35 25
8 36 37
8 40 62
8 47 71
9 10 48
9 11 52
9 13 18
9 18 96
9 19 71
9 20 28
9 22 66
9 23 31
9 24 38
9 27 45
9 31 23
9 32 5
9 33 63
9 34 35
9 43 84
9 47 59
10 11 78
10 12 34
10 13 41
10 14 73
10 15 82
10 16 19
10 18 54
10 25 32
10 31 96
10 33 97
10 35 42
10 38 13
10 39 97
10 40 23
10 41 3
10 42 1
10 43 36
10 45 80
10 47 43
11 12 74
11 13 11
11 16 83
11 22 77
11 24 59
11 27 73
11 28 69
11 29 43
11 32 45
11 39 79
11 42 91
11 46 78
11 47 79
11 48 37
11 49 100
11 50 46
12 14 4
12 18 25
12 19 44
12 20 63
12 23 3
12 25 54
12 27 8
12 30 14
12 32 63
12 33 70
12 34 95
12 36 47
12 39 87
12 40 97
12 42 46
12 47 92
12 48 34
12 49 11
13 14 97
13 15 44
13 17 99
13 20 1
13 24 18
13 29 21
13 32 79
13 37 78
13 38 73
13 39 40
13 42 40
13 44 94
13 45 85
13 50 95
14 15 24
14 19 54
14 20 75
14 22 56
14 27 85
14 29 54
14 30 83
14 31 65
14 35 87
14 36 36
14 37 10
14 41 35
14 46 28
14 47 90
14 49 57
15 17 9
15 20 44
15 21 62
15 27 18
15 31 61
15 35 89
15 39 82
15 41 60
15 44 56
15 45 81
15 49 84
16 17 66
16 19 43
16 20 91
16 23 57
16 24 97
16 26 95
16 31 31
16 33 86
16 35 19
16 36 51
16 39 44
16 40 10
16 45 2
16 47 2
16 49 83
16 50 99
17 18 88
17 20 31
17 21 44
17 26 14
17 32 70
17 33 29
17 35 29
17 38 43
17 39 60
17 47 56
18 19 2
18 20 39
18 22 65
18 23 28
18 24 9
18 26 31
18 27 37
18 29 75
18 30 3
18 31 16
18 32 84
18 34 80
18 35 79
18 37 88
18 38 59
18 44 19
18 45 48
18 46 16
18 49 86
18 50 60
19 21 97
19 23 19
19 25 80
19 26 89
19 29 46
19 31 71
19 36 92
19 37 28
19 41 68
19 43 68
19 44 78
19 49 82
20 21 89
20 25 59
20 31 64
20 32 65
20 35 68
20 37 70
20 38 99
20 41 99
20 42 33
20 44 47
21 26 38
21 34 6
21 35 94
21 37 16
21 39 67
21 41 85
21 42 79
21 45 31
21 47 24
21 49 6
21 50 29
22 23 59
22 28 43
22 31 28
22 33 65
22 34 20
22 36 100
22 38 42
22 39 21
22 41 13
22 42 97
22 45 4
22 46 78
22 48 34
22 50 82
23 24 89
23 30 37
23 31 56
23 34 78
23 35 14
23 37 43
23 44 30
23 45 62
23 46 81
23 47 70
23 49 12
23 50 58
24 29 69
24 32 41
24 37 80
24 40 11
24 41 85
24 43 1
24 47 5
24 48 85
24 49 74
24 50 70
25 26 95
25 29 34
25 32 76
25 34 53
25 35 40
25 36 40
25 47 72
26 27 42
26 32 2
26 34 57
26 37 49
26 39 69
26 40 36
26 48 88
26 49 90
27 30 40
27 32 22
27 33 40
27 36 12
27 38 43
27 40 3
27 41 57
27 46 66
27 47 5
27 48 25
28 32 45
28 33 83
28 34 97
28 36 36
28 37 48
28 38 42
28 44 66
28 47 14
28 49 86
28 50 73
29 30 13
29 32 73
29 33 48
29 35 60
29 37 67
29 40 18
29 45 70
29 47 66
29 48 62
29 50 61
30 41 86
30 42 10
30 43 29
30 45 38
30 47 86
30 48 25
31 33 50
31 50 92
32 38 83
32 40 38
32 42 17
32 44 6
32 48 38
32 50 46
33 34 36
33 37 16
33 39 32
33 43 6
34 35 34
34 36 83
34 44 11
34 46 82
34 49 48
35 37 42
35 38 45
35 40 64
35 41 87
35 48 82
36 41 92
36 42 5
36 47 24
36 49 66
36 50 38
37 39 85
37 40 28
37 41 40
37 42 54
37 47 34
37 49 18
38 42 18
38 48 91
38 50 47
39 40 7
39 41 78
39 44 34
39 49 62
40 43 21
40 44 57
40 46 11
40 49 79
41 42 69
41 43 44
41 46 84
41 48 98
41 49 68
42 44 24
42 45 95
42 48 15
42 49 76
43 48 41
44 46 87
44 47 33
44 49 54
45 46 32
46 47 83
46 48 32
46 50 31
47 48 84
48 50 74
49 50 89
1 5 99
1 7 5
1 10 51
1 11 86
1 14 90
1 15 83
1 25 49
1 29 79
1 32 55
1 33 53
1 34 19
1 36 71
1 37 13
1 43 90
1 44 10
1 46 27
1 49 25
2 8 54
2 10 53
2 12 39
2 15 38
2 17 100
2 18 42
2 20 44
2 22 70
2 23 5
2 27 58
2 28 92
2 31 28
2 34 71
2 37 95
2 39 26
2 41 13
2 44 64
2 45 53
2 46 86
2 47 29
2 49 35
3 4 55
3 6 20
3 9 34
3 11 93
3 12 42
3 17 71
3 18 43
3 19 9
3 22 50
3 23 25
3 25 3
3 29 30
3 30 19
3 34 91
3 35 75
3 39 38
3 40 79
3 41 80
3 43 22
3 46 19
3 48 27
4 5 28
4 14 7
4 17 92
4 18 46
4 22 82
4 25 80
4 27 2
4 31 54
4 32 45
4 36 47
4 38 45
4 41 83
4 45 34
5 6 26
5 7 74
5 9 63
5 14 45
5 15 79
5 18 86
5 21 48
5 23 73
5 25 69
5 26 78
5 29 43
5 30 46
5 35 69
5 40 17
5 41 26
5 44 92
5 46 19
5 49 26
5 50 53
6 11 54
6 14 35
6 26 50
6 29 12
6 30 2
6 40 12
6 42 90
6 43 62
6 44 18
6 46 21
6 49 46
6 50 41
7 11 17
7 13 72
7 14 36
7 15 18
7 22 96
7 23 96
7 28 6
7 32 22
7 36 33
7 42 40
7 43 22
7 44 86
7 48 43
7 50 56
8 10 64
8 14 60
8 18 37
8 19 57
8 20 93
8 25 79
8 29 50
8 33 84
8 37 96
8 38 79
8 39 39
8 40 65
8 41 91
8 43 73
8 44 39
8 45 60
8 47 93
8 50 58
9 14 69
9 17 26
9 19 30
9 21 97
9 23 48
9 25 12
9 27 27
9 28 37
9 29 78
9 35 51
9 36 55
9 38 54
9 41 82
9 49 56
9 50 95
10 14 14
10 15 24
10 16 43
10 20 62
10 22 75
10 23 17
10 24 80
10 25 99
10 26 1
10 29 12
10 33 17
10 40 21
10 41 69
10 43 92
