50 1103 1
1 4 10
1 5 39
1 10 45
1 11 64
1 12 36
1 17 82
1 20 91
1 24 68
1 31 45
1 33 75
1 34 20
1 35 14
1 39 9
1 42 41
1 43 65
1 44 1
1 45 28
1 48 88
1 49 77
2 3 82
2 10 25
2 11 78
2 12 97
2 13 78
2 19 76
2 20 12
2 21 83
2 27 94
2 29 8
2 35 100
2 38 4
2 43 76
2 45 28
3 6 46
3 9 6
3 16 15
3 18 93
3 19 91
3 22 61
3 23 68
3 27 81
3 31 13
3 32 35
3 34 51
3 35 95
3 36 40
3 37 53
3 38 17
3 50 85
4 5 13
4 10 35
4 11 87
4 12 17
4 13 43
4 19 87
4 21 87
4 22 61
4 28 12
4 30 18
4 32 53
4 33 55
4 34 24
4 35 9
4 42 37
4 44 4
4 47 72
4 48 41
5 7 11
5 8 34
5 9 24
5 12 30
5 14 13
5 16 26
5 18 73
5 20 45
5 23 78
5 25 59
5 27 29
5 31 46
5 33 34
5 34 76
5 36 16
5 37 56
5 39 69
5 47 80
5 50 30
6 8 10
6 9 15
6 11 22
6 12 6
6 16 7
6 19 16
6 21 53
6 23 17
6 26 46
6 30 63
6 32 2
6 36 29
6 37 52
6 40 72
6 44 96
6 46 98
6 47 14
7 8 92
7 10 72
7 11 84
7 12 41
7 14 76
7 16 44
7 17 18
7 18 38
7 22 71
7 23 41
7 24 4
7 25 21
7 33 56
7 37 2
7 38 77
7 39 80
7 40 85
7 42 31
7 43 65
7 45 7
7 49 81
7 50 42
8 10 69
8 12 18
8 14 22
8 17 100
8 20 89
8 23 68
8 24 43
8 26 37
8 27 29
8 28 84
8 29 29
8 33 66
8 39 6
8 42 88
8 46 71
9 10 60
9 11 6
9 12 3
9 17 69
9 20 63
9 22 99
9 23 33
9 25 33
9 26 25
9 27 3
9 29 41
9 31 21
9 32 2
9 35 31
9 37 37
9 40 59
9 45 30
9 48 52
10 13 75
10 14 31
10 26 43
10 27 86
10 29 88
10 31 20
10 38 86
10 40 3
10 41 25
10 43 20
10 45 81
10 47 13
10 49 17
11 17 94
11 18 56
11 19 99
11 23 39
11 27 26
11 29 7
11 30 64
11 32 62
11 33 99
11 34 75
11 35 33
11 38 54
11 40 87
11 41 11
11 42 42
11 43 21
11 44 71
11 45 3
11 46 24
11 50 65
12 14 78
12 15 56
12 20 9
12 23 11
12 25 86
12 27 97
12 28 17
12 29 45
12 31 80
12 33 25
12 36 13
12 37 28
12 39 95
12 46 42
12 48 47
12 50 10
13 16 55
13 17 23
13 21 89
13 30 85
13 34 2
13 35 40
13 36 1
13 37 55
13 42 6
13 43 52
13 45 46
13 49 33
14 17 89
14 19 50
14 22 33
14 23 34
14 26 16
14 27 61
14 33 76
14 35 100
14 38 42
14 39 20
14 41 51
14 45 76
14 48 77
14 49 14
15 20 35
15 22 82
15 28 64
15 29 57
15 37 13
15 44 7
15 47 20
15 48 72
15 50 47
16 18 10
16 20 25
16 22 45
16 26 77
16 29 81
16 31 43
16 33 38
16 41 13
16 45 75
16 48 20
16 50 42
17 18 12
17 21 82
17 22 92
17 24 30
17 26 25
17 27 33
17 30 39
17 36 70
17 41 68
17 44 22
17 45 98
17 49 41
17 50 49
18 19 64
18 23 22
18 26 34
18 27 84
18 28 98
18 30 46
18 32 80
18 33 68
18 35 97
18 37 91
18 38 64
18 39 28
18 40 57
18 41 38
18 42 27
18 43 55
18 45 36
18 47 56
18 49 10
19 20 51
19 22 78
19 24 89
19 25 95
19 27 49
19 28 83
19 29 92
19 30 74
19 36 77
19 48 76
20 25 74
20 26 45
20 28 80
20 31 70
20 34 60
20 36 91
20 39 4
20 43 23
20 44 42
20 46 88
20 47 7
20 48 48
21 23 65
21 25 66
21 27 66
21 28 97
21 29 74
21 34 35
21 35 70
21 36 73
21 38 34
21 39 30
21 43 95
21 49 18
22 24 30
22 25 53
22 26 42
22 32 45
22 33 59
22 34 25
22 40 67
22 41 29
22 43 55
22 44 100
22 46 6
22 49 76
23 24 8
23 27 80
23 28 99
23 30 76
23 33 22
23 34 2
23 35 46
23 36 64
23 37 99
23 41 34
23 42 78
23 43 96
23 45 75
23 47 26
23 48 65
23 49 21
24 26 83
24 27 29
24 30 25
24 34 6
24 37 55
24 41 67
24 45 21
24 46 27
24 47 60
24 48 5
25 28 33
25 30 2
25 31 72
25 32 50
25 33 55
25 38 83
25 39 20
25 41 18
25 45 14
25 46 78
25 47 91
25 48 10
26 29 96
26 30 77
26 33 92
26 36 22
26 37 31
26 43 43
26 44 10
26 45 23
26 46 49
26 47 51
27 28 13
27 31 22
27 34 12
27 36 87
27 38 16
27 39 43
27 43 41
27 45 26
27 48 64
27 49 72
28 29 86
28 32 12
28 34 77
28 35 61
28 39 25
28 40 20
28 42 91
28 43 43
28 44 30
28 45 12
28 47 19
29 31 18
29 32 99
29 33 46
29 34 41
29 35 9
29 37 92
29 38 34
29 42 2
29 49 16
30 34 31
30 38 24
30 40 67
30 41 47
30 43 64
30 47 88
30 49 99
30 50 23
31 34 12
31 43 97
31 45 45
31 49 73
32 34 78
32 36 42
32 38 32
32 40 15
32 44 58
32 46 94
32 47 86
32 48 54
32 49 10
33 36 21
33 38 64
33 40 6
33 45 51
33 46 8
34 35 90
34 36 97
34 38 84
34 40 72
34 41 5
34 42 15
34 46 57
34 49 72
35 37 14
35 41 82
35 46 80
35 47 23
35 50 57
36 37 39
36 38 95
36 39 59
36 40 98
36 41 76
36 42 69
36 43 67
36 49 69
37 45 6
37 46 28
38 44 21
38 45 90
38 47 59
38 49 48
38 50 83
39 40 82
39 43 90
39 46 62
40 41 6
40 42 89
41 45 10
41 46 86
41 47 73
41 48 64
42 43 79
42 46 70
42 47 34
43 49 9
44 46 1
44 48 54
44 50 89
45 46 92
45 47 72
46 48 19
47 48 7
47 50 67
48 50 17
49 50 2
1 2 38
1 8 99
1 10 88
1 11 39
1 13 94
1 14 2
1 20 90
1 21 39
1 26 48
1 28 30
1 35 58
1 39 54
1 40 83
1 42 5
1 45 66
1 47 43
1 50 3
2 3 89
2 4 87
2 5 34
2 7 4
2 8 39
2 10 99
2 13 91
2 14 43
2 15 78
2 17 18
2 19 27
2 21 50
2 26 85
2 28 57
2 33 72
2 35 90
2 37 40
2 45 14
2 49 60
3 4 65
3 5 18
3 10 40
3 12 6
3 17 8
3 23 3
3 25 51
3 26 74
3 27 10
3 30 40
3 33 63
3 34 74
3 39 55
3 41 84
3 44 49
3 47 86
3 48 31
3 49 20
3 50 91
4 7 59
4 9 91
4 11 90
4 16 91
4 17 53
4 19 89
4 21 25
4 29 94
4 33 54
4 40 82
4 42 26
4 43 90
4 44 92
4 46 37
4 47 9
4 48 85
4 49 32
5 9 72
5 11 69
5 22 17
5 25 54
5 26 82
5 28 39
5 33 80
5 35 55
5 37 9
5 39 35
5 42 27
5 44 10
5 45 71
5 47 15
5 48 64
5 49 94
5 50 89
6 19 9
6 20 20
6 22 49
6 24 46
6 27 52
6 28 83
6 30 22
6 33 54
6 34 58
6 35 78
6 37 98
6 38 91
6 40 2
6 41 15
6 42 43
6 44 9
6 47 88
6 48 10
6 49 46
7 10 93
7 14 27
7 15 31
7 16 56
7 21 87
7 29 1
7 31 67
7 34 93
7 35 45
7 37 95
7 40 57
7 43 23
7 44 22
8 10 11
8 11 59
8 15 80
8 17 66
8 20 1
8 21 44
8 30 30
8 33 24
8 35 7
8 37 35
8 38 23
8 39 32
8 40 33
8 41 94
8 45 79
8 46 18
8 47 9
8 48 88
9 14 79
9 15 78
9 21 71
9 23 92
9 24 38
9 25 9
9 31 32
9 32 79
9 37 75
9 38 42
9 39 88
9 40 1
9 41 19
9 43 27
9 44 37
9 45 59
9 47 9
9 49 99
9 50 88
10 13 64
10 14 78
10 15 49
10 16 95
10 17 13
10 19 57
10 21 62
10 29 100
10 32 74
10 37 23
10 38 54
10 39 7
10 41 76
10 42 75
10 43 29
10 44 43
10 46 34
10 47 93
10 49 39
11 12 66
11 13 34
11 14 91
11 19 41
11 20 31
11 21 14
11 22 77
11 26 41
11 29 6
11 30 10
11 31 51
11 32 48
11 33 100
11 35 58
11 38 87
11 41 82
11 42 82
11 43 8
11 44 87
11 45 58
11 46 16
11 47 35
11 48 31
12 16 80
12 19 23
12 25 65
12 27 13
12 29 45
12 30 70
12 32 93
12 35 56
12 38 48
12 39 96
12 41 71
12 42 28
12 44 54
12 45 97
12 46 36
13 14 37
13 15 9
13 16 12
13 17 96
13 18 87
13 19 95
13 20 70
13 21 31
13 23 33
13 24 17
13 26 18
13 27 4
13 29 88
13 31 31
13 35 84
13 39 15
13 43 1
13 45 62
13 46 31
13 47 21
13 48 47
14 17 18
14 23 78
14 24 9
14 25 60
14 31 98
14 32 83
14 33 57
14 35 89
14 38 46
14 40 95
14 42 39
14 47 7
14 49 83
15 16 27
15 17 26
15 18 55
15 26 93
15 29 32
15 32 43
15 34 5
15 35 71
15 36 100
15 37 77
15 39 92
15 40 11
15 42 72
15 47 94
15 49 35
16 19 58
16 23 72
16 31 79
16 36 22
16 40 77
16 45 90
16 47 28
16 48 28
16 49 1
17 18 82
17 19 90
17 22 24
17 24 20
17 26 56
17 27 50
17 29 16
17 32 63
17 35 72
17 37 89
17 42 30
17 43 10
17 46 77
17 48 6
17 50 98
18 20 14
18 21 56
18 24 53
18 28 31
18 34 66
18 36 73
18 41 97
18 42 81
18 44 39
18 46 32
18 49 93
18 50 80
19 21 77
19 22 94
19 24 78
19 30 24
19 31 62
19 34 34
19 37 67
19 44 71
19 47 61
19 48 12
19 50 23
20 22 24
20 24 24
20 25 91
20 28 3
20 30 89
20 32 1
20 33 67
20 34 78
20 35 95
20 37 54
20 38 96
20 39 97
20 41 94
20 42 24
20 46 67
21 22 59
21 24 99
21 26 93
21 31 14
21 32 26
21 34 13
21 43 56
21 44 51
21 48 31
21 49 1
21 50 51
22 24 84
22 25 59
22 26 57
22 31 96
22 32 63
22 34 51
22 35 78
22 41 81
22 45 43
22 46 39
22 48 72
22 50 53
23 26 94
23 29 43
23 32 7
23 33 94
23 35 27
23 36 37
23 42 61
23 45 77
23 47 94
23 49 29
24 25 64
24 28 94
24 30 50
24 31 93
24 36 95
24 37 93
24 38 64
24 40 96
24 45 38
24 47 5
24 48 80
25 26 78
25 27 60
25 30 68
25 34 68
25 37 69
25 39 71
25 43 50
25 45 77
26 28 5
26 34 6
26 35 60
26 37 36
26 42 36
26 46 83
26 47 56
26 48 38
27 31 11
27 32 74
27 35 81
27 36 80
27 37 68
27 40 24
27 43 24
27 44 43
27 47 88
27 48 31
28 29 78
28 30 66
28 33 53
28 34 87
28 35 26
28 39 94
28 40 6
28 41 80
28 42 75
28 47 50
28 48 89
28 50 67
29 31 17
29 34 8
29 35 39
29 36 99
29 37 91
29 39 11
29 42 47
29 44 22
29 45 21
29 46 75
29 47 52
30 32 81
30 37 12
30 38 69
30 39 91
30 42 78
30 43 69
30 45 33
30 48 25
30 49 22
31 32 6
31 36 94
31 37 91
31 38 56
31 41 49
31 42 99
31 43 57
31 45 86
31 46 32
31 47 21
32 36 84
32 43 49
32 47 69
32 49 24
32 50 36
33 36 6
33 38 61
33 44 79
33 46 46
34 42 61
34 46 30
35 37 68
35 38 58
35 39 20
35 40 62
35 46 54
35 48 7
35 49 84
35 50 96
36 38 76
36 40 89
36 43 59
36 46 54
36 47 23
37 38 59
37 39 23
37 40 64
37 44 72
37 45 21
37 46 39
38 42 89
38 44 9
38 45 91
38 48 98
39 44 49
39 45 68
39 50 60
40 42 21
40 43 60
40 44 84
41 45 80
41 48 36
41 50 100
42 47 28
42 48 99
43 44 34
43 47 33
43 48 81
43 49 71
44 46 59
44 47 74
45 46 67
45 48 18
45 50 48
46 47 6
46 49 5
48 50 94
1 2 73
1 8 85
1 9 2
1 14 98
1 15 29
1 16 1
1 17 21
1 19 28
1 21 67
1 24 84
1 25 64
1 27 74
1 32 87
1 34 60
1 35 88
1 36 31
1 37 39
1 41 52
1 42 83
1 44 78
1 45 38
1 46 48
1 49 19
2 3 50
2 4 35
2 5 83
2 8 65
2 10 4
2 11 47
2 17 59
2 18 71
2 19 87
2 20 71
2 21 79
2 24 84
2 30 49
2 32 49
2 33 37
2 35 72
2 39 76
2 41 7
2 42 74
2 43 68
2 44 95
2 45 30
2 46 2
2 48 68
2 49 100
3 4 25
3 7 97
3 9 55
3 10 41
3 11 27
3 13 22
3 15 40
3 16 59
3 17 22
3 23 61
3 25 37
3 27 12
3 29 88
3 30 49
3 32 98
3 33 17
3 34 15
3 36 83
3 40 66
3 41 60
3 42 69
3 43 83
3 44 40
3 50 44
4 5 16
4 7 88
4 9 27
4 12 17
4 15 46
4 16 5
4 19 29
4 21 93
4 22 14
4 23 79
4 25 89
4 28 22
4 31 73
4 32 55
4 34 88
4 37 13
4 40 21
4 43 24
4 44 78
4 47 10
4 50 1
5 21 86
5 22 37
5 26 30
5 29 57
5 30 87
5 32 90
5 34 94
5 35 33
5 40 20
5 42 48
5 43 70
5 46 46
5 48 14
6 9 54
6 10 6
6 13 95
6 14 15
6 18 60
6 22 20
6 24 60
6 25 24
6 26 39
6 30 86
6 31 74
6 34 3
6 36 1
6 39 64
6 46 78
6 49 60
