50 1103 1
1 4 52
1 6 65
1 7 81
1 10 37
1 13 96
1 15 99
1 16 40
1 17 53
1 24 84
1 27 77
1 29 44
1 30 57
1 32 55
1 37 44
1 38 47
1 41 43
1 44 94
1 46 96
1 48 57
2 6 76
2 7 49
2 9 98
2 12 6
2 14 48
2 16 17
2 17 96
2 19 54
2 20 24
2 22 49
2 23 82
2 24 99
2 25 41
2 32 40
2 33 11
2 34 97
2 36 46
2 37 15
2 38 41
2 45 92
2 48 91
2 50 81
3 4 81
3 10 78
3 11 5
3 12 69
3 13 19
3 14 20
3 15 71
3 16 46
3 17 82
3 19 91
3 23 1
3 24 14
3 25 28
3 26 35
3 29 31
3 30 77
3 41 29
3 42 77
3 44 5
3 46 35
3 48 2
3 50 64
4 9 45
4 10 93
4 11 70
4 14 35
4 15 25
4 19 69
4 22 15
4 25 100
4 28 22
4 30 59
4 31 75
4 32 67
4 35 8
4 36 12
4 37 41
4 45 60
4 46 2
4 48 96
5 6 92
5 9 72
5 10 66
5 11 1
5 13 67
5 14 2
5 18 66
5 19 86
5 21 22
5 22 84
5 23 16
5 25 50
5 26 8
5 28 92
5 29 50
5 31 19
5 32 67
5 37 74
5 38 94
5 44 55
5 45 41
5 46 95
5 48 50
5 49 14
5 50 71
6 10 47
6 14 75
6 15 38
6 19 35
6 26 50
6 35 63
6 36 68
6 40 1
6 41 8
6 42 14
6 43 18
6 44 34
6 48 23
6 49 95
6 50 40
7 10 77
7 12 85
7 13 67
7 14 86
7 16 62
7 18 95
7 19 71
7 23 100
7 25 97
7 30 39
7 32 66
7 34 74
7 36 24
7 39 4
7 41 1
7 43 88
7 44 39
7 46 13
7 48 50
7 49 49
8 13 6
8 15 63
8 18 18
8 20 2
8 21 12
8 25 6
8 26 72
8 28 84
8 29 31
8 35 74
8 36 60
8 39 38
8 44 7
8 45 66
8 46 88
9 11 43
9 12 50
9 15 64
9 18 99
9 20 17
9 21 62
9 24 23
9 25 64
9 26 19
9 28 64
9 29 58
9 30 71
9 31 96
9 32 78
9 34 82
9 35 64
9 38 47
9 39 32
9 40 14
9 42 74
9 44 71
9 45 61
9 47 53
10 14 71
10 19 41
10 21 19
10 26 34
10 29 93
10 31 45
10 35 16
10 38 78
10 42 94
10 43 38
10 46 89
10 48 69
11 13 19
11 15 43
11 18 84
11 19 22
11 23 91
11 25 30
11 28 64
11 29 95
11 30 57
11 34 63
11 36 46
11 41 96
11 44 67
11 48 51
12 13 99
12 14 99
12 15 37
12 19 36
12 20 64
12 23 90
12 24 95
12 25 48
12 28 53
12 30 91
12 31 64
12 34 9
12 35 8
12 36 51
12 37 52
12 42 72
12 43 22
12 44 47
12 45 63
12 46 71
12 48 4
12 49 80
13 14 69
13 17 24
13 18 67
13 20 91
13 21 36
13 22 85
13 25 86
13 27 71
13 28 49
13 30 100
13 33 40
13 35 90
13 36 8
13 37 95
13 38 29
13 42 28
13 43 16
13 44 29
13 48 91
13 50 94
14 16 96
14 20 85
14 22 42
14 23 55
14 25 24
14 27 100
14 28 92
14 29 2
14 31 48
14 34 6
14 36 69
14 39 59
14 40 55
14 41 52
14 44 43
14 45 6
14 46 87
14 49 30
15 20 58
15 21 95
15 22 51
15 23 27
15 24 71
15 27 12
15 29 29
15 32 77
15 35 43
15 43 82
15 46 96
15 49 100
15 50 56
16 17 46
16 20 75
16 21 46
16 24 33
16 30 39
16 31 66
16 32 56
16 36 5
16 38 27
16 40 13
16 41 74
16 43 40
16 44 58
16 46 93
16 47 18
17 18 5
17 19 64
17 25 84
17 26 89
17 27 28
17 30 58
17 33 54
17 36 21
17 38 98
17 39 62
17 41 70
17 42 3
17 50 96
18 19 8
18 20 48
18 24 42
18 26 89
18 28 22
18 30 47
18 31 90
18 33 33
18 36 30
18 39 27
18 40 93
18 42 35
18 43 53
18 48 44
18 50 27
19 20 69
19 21 63
19 22 16
19 23 14
19 26 73
19 27 49
19 30 19
19 32 29
19 34 84
19 36 55
19 38 93
19 41 22
19 45 92
19 47 35
19 48 28
19 49 72
19 50 48
20 21 22
20 26 49
20 28 41
20 29 26
20 30 90
20 33 30
20 34 38
20 36 24
20 37 25
20 38 54
20 42 90
20 48 3
20 50 43
21 22 32
21 24 61
21 25 24
21 26 52
21 34 6
21 37 43
21 39 3
21 41 74
21 43 73
21 45 60
21 46 90
21 47 7
21 48 43
21 49 60
22 25 2
22 30 61
22 34 43
22 39 65
22 41 38
22 42 48
22 43 39
22 45 48
22 46 12
22 47 61
22 48 65
23 27 52
23 28 32
23 29 1
23 30 94
23 34 17
23 35 89
23 36 13
23 38 54
23 39 53
23 40 51
23 41 96
23 42 24
23 44 29
23 47 72
23 48 31
23 50 71
24 27 61
24 30 9
24 31 93
24 36 63
24 38 79
24 39 97
24 40 34
24 44 80
24 47 91
25 26 14
25 30 78
25 35 32
25 36 53
25 37 76
25 38 63
25 42 34
25 43 9
25 44 75
25 45 74
25 48 97
25 50 80
26 27 64
26 28 83
26 37 46
26 40 75
26 41 9
26 43 11
26 45 10
26 46 48
26 48 17
27 36 12
27 40 95
27 41 59
27 43 76
27 45 68
27 50 13
28 31 15
28 34 1
28 36 46
28 39 65
28 40 96
28 41 72
28 44 99
28 48 55
29 33 41
29 36 69
29 37 13
29 38 97
29 41 97
29 42 20
29 43 90
29 46 56
29 47 86
30 32 100
30 34 37
30 35 54
30 36 37
30 45 61
31 33 72
31 35 82
31 38 74
31 40 94
31 45 48
31 46 20
31 50 18
32 33 25
32 35 52
32 37 50
32 39 18
32 41 63
32 42 92
32 45 54
32 48 30
32 49 68
32 50 42
33 34 10
33 39 97
33 45 58
33 46 98
33 47 44
33 48 25
33 49 37
34 36 99
34 37 41
34 41 18
34 47 44
34 50 60
35 36 37
35 41 26
35 43 99
35 49 63
35 50 58
36 37 91
36 38 25
36 40 30
36 44 17
36 47 56
36 48 38
37 39 20
37 42 61
37 50 1
38 41 5
38 44 12
38 45 49
38 48 44
39 41 96
39 42 85
39 44 55
39 45 24
39 46 91
40 42 48
40 47 22
41 44 98
41 48 43
41 49 61
42 43 93
42 44 44
42 45 36
42 47 27
42 48 33
42 49 44
43 44 85
43 48 7
43 49 99
43 50 88
44 45 43
44 48 10
44 50 40
46 47 16
47 50 19
48 50 10
49 50 26
1 3 100
1 4 71
1 6 13
1 7 38
1 8 48
1 10 79
1 12 64
1 13 9
1 14 80
1 20 53
1 22 35
1 24 50
1 29 3
1 31 89
1 33 65
1 34 1
1 35 91
1 36 33
1 37 62
1 42 6
1 43 51
1 44 57
1 45 3
1 50 92
2 3 57
2 4 68
2 10 52
2 14 82
2 16 8
2 17 66
2 21 1
2 28 95
2 29 13
2 30 7
2 33 88
2 35 18
2 39 58
2 41 55
2 44 50
2 45 3
2 46 1
2 49 9
2 50 28
3 4 6
3 5 66
3 7 61
3 8 11
3 15 90
3 16 87
3 23 51
3 24 13
3 27 19
3 30 50
3 32 37
3 33 33
3 34 91
3 39 60
3 40 16
3 44 90
3 45 49
3 50 76
4 6 23
4 7 92
4 14 64
4 17 51
4 19 47
4 20 36
4 30 77
4 32 75
4 36 9
4 38 52
4 41 6
4 44 28
4 46 24
5 7 19
5 12 30
5 13 80
5 15 77
5 18 40
5 22 74
5 24 3
5 25 72
5 29 69
5 30 97
5 32 58
5 34 3
5 36 1
5 38 74
5 40 16
5 42 81
5 43 39
6 12 78
6 14 26
6 15 46
6 17 23
6 18 78
6 19 18
6 20 65
6 21 53
6 22 8
6 23 78
6 24 31
6 25 14
6 28 42
6 29 36
6 31 48
6 32 86
6 33 2
6 36 37
6 39 4
6 40 86
6 44 13
6 45 5
6 46 53
6 47 71
7 8 93
7 10 56
7 11 54
7 12 12
7 18 55
7 23 86
7 25 56
7 26 66
7 29 73
7 30 22
7 31 95
7 38 9
7 39 68
7 40 74
7 45 95
7 46 72
7 48 69
8 10 1
8 13 32
8 14 21
8 15 94
8 19 83
8 20 54
8 21 50
8 22 24
8 23 45
8 24 61
8 25 40
8 26 9
8 31 72
8 34 56
8 35 89
8 39 54
8 44 17
8 46 18
8 47 80
8 48 80
8 49 100
9 10 92
9 11 33
9 13 28
9 16 59
9 17 28
9 18 61
9 20 88
9 23 46
9 25 36
9 28 30
9 39 62
9 43 11
9 48 82
9 50 37
10 12 12
10 14 50
10 15 7
10 17 72
10 22 32
10 24 52
10 25 9
10 27 40
10 28 71
10 29 38
10 31 41
10 33 45
10 36 30
10 39 44
10 40 96
10 43 38
10 48 46
10 49 51
11 15 84
11 16 96
11 17 60
11 18 23
11 19 9
11 21 99
11 23 73
11 24 61
11 25 99
11 27 51
11 30 29
11 32 71
11 34 47
11 37 7
11 38 4
11 39 96
11 45 60
11 46 28
11 47 26
11 50 99
12 14 6
12 20 4
12 21 56
12 23 65
12 27 68
12 29 35
12 31 5
12 33 74
12 37 99
12 38 40
12 43 53
12 45 82
12 46 48
12 48 61
12 49 86
12 50 58
13 15 87
13 16 100
13 17 99
13 18 8
13 19 66
13 21 78
13 26 60
13 27 59
13 28 15
13 29 19
13 32 93
13 33 79
13 38 56
13 39 30
13 41 39
13 42 21
13 43 77
14 15 70
14 16 93
14 17 63
14 26 1
14 28 51
14 33 95
14 35 69
14 36 68
14 40 78
14 41 12
14 48 9
15 19 27
15 20 55
15 21 93
15 23 25
15 25 70
15 28 18
15 38 34
15 42 67
15 43 37
15 45 55
15 47 50
15 48 4
15 50 64
16 17 86
16 20 87
16 21 15
16 24 44
16 27 1
16 28 81
16 34 21
16 42 36
16 45 89
16 46 44
16 48 1
17 22 72
17 26 99
17 27 98
17 28 74
17 29 59
17 30 19
17 31 22
17 33 33
17 35 17
17 38 39
17 41 80
17 48 35
18 21 34
18 24 28
18 25 91
18 32 28
18 33 67
18 34 55
18 36 61
18 37 32
18 38 49
18 39 89
18 40 8
18 43 63
18 44 30
18 46 11
19 20 1
19 22 59
19 23 84
19 28 59
19 29 36
19 30 76
19 31 47
19 34 29
19 37 98
19 38 66
19 39 80
19 41 73
19 44 90
19 46 3
19 49 51
20 21 29
20 22 58
20 26 52
20 29 21
20 33 46
20 42 22
20 49 6
21 24 66
21 25 25
21 26 71
21 27 21
21 31 50
21 32 39
21 33 80
21 36 99
21 39 71
21 43 27
21 44 68
21 47 25
21 49 46
22 23 63
22 27 48
22 31 41
22 32 22
22 36 73
22 37 80
22 39 81
22 40 68
22 47 98
22 48 71
22 49 99
22 50 39
23 25 32
23 26 97
23 27 17
23 29 25
23 30 40
23 31 51
23 36 8
23 37 23
23 39 92
23 41 97
23 42 31
23 47 88
24 25 13
24 32 87
24 33 81
24 36 54
24 37 79
24 38 36
24 40 69
24 46 57
24 50 46
25 29 11
25 32 88
25 33 7
25 34 81
25 35 95
25 36 95
25 43 7
25 44 7
25 46 45
25 47 33
25 50 91
26 27 57
26 28 8
26 30 100
26 31 35
26 34 49
26 37 39
26 41 92
26 50 60
27 28 12
27 29 68
27 35 12
27 39 66
27 40 54
27 41 10
27 42 89
27 43 83
27 44 68
27 47 27
27 48 34
27 49 54
27 50 74
28 31 16
28 36 30
28 38 99
28 42 1
28 44 75
28 46 22
28 49 9
29 34 34
29 35 33
29 43 26
29 44 33
29 47 79
29 50 37
30 31 41
30 33 72
30 34 6
30 36 88
30 38 54
30 41 30
30 42 40
30 45 56
30 46 35
30 50 84
31 32 93
31 34 11
31 36 52
31 38 99
31 41 34
31 44 24
32 33 66
32 35 12
32 48 53
32 49 96
32 50 3
33 34 22
33 35 78
33 36 20
33 37 99
33 38 40
33 41 64
33 45 97
33 46 57
33 50 89
34 35 91
34 38 39
34 39 7
34 42 14
34 43 84
34 45 54
34 49 83
35 36 49
35 37 73
35 38 47
35 39 58
35 46 76
35 48 47
36 37 55
36 38 96
36 43 44
36 46 32
36 49 92
37 42 82
37 43 10
37 44 38
37 47 95
37 48 17
37 49 73
38 39 43
38 43 78
39 40 93
39 42 76
39 49 48
39 50 50
40 42 59
40 43 83
40 44 19
40 46 61
40 47 15
41 42 20
41 44 28
41 48 61
41 50 54
42 43 30
42 45 26
42 46 90
42 49 50
43 47 31
43 50 79
44 48 12
44 50 30
45 46 15
46 48 94
46 49 61
47 49 7
47 50 28
1 3 37
1 5 27
1 7 18
1 8 80
1 13 84
1 18 40
1 21 71
1 23 96
1 28 3
1 31 67
1 36 35
1 41 3
1 45 4
1 48 71
1 49 82
2 5 40
2 10 90
2 12 56
2 13 26
2 17 54
2 18 23
2 27 39
2 28 3
2 32 81
2 33 14
2 35 81
2 37 16
2 39 44
2 40 59
2 43 99
2 48 28
3 4 16
3 6 14
3 9 28
3 13 47
3 14 72
3 19 13
3 20 96
3 22 85
3 27 82
3 31 98
3 34 81
3 37 65
3 39 84
3 45 40
3 47 40
3 48 1
3 49 30
3 50 81
4 5 58
4 6 1
4 7 87
4 12 66
4 13 51
4 15 59
4 16 87
4 19 7
4 20 74
4 21 52
4 24 32
4 25 8
4 26 60
4 33 77
4 34 95
4 35 86
4 36 37
4 37 69
4 38 59
4 39 1
4 40 85
4 41 64
4 42 96
4 43 34
4 44 35
4 46 91
4 48 6
4 50 20
5 7 91
5 10 8
5 11 28
5 14 94
5 17 69
5 21 2
5 26 67
5 28 9
