50 1103 1
1 3 95
1 5 90
1 10 17
1 11 76
1 13 30
1 17 17
1 18 81
1 19 100
1 22 19
1 25 63
1 28 5
1 29 75
1 30 99
1 31 76
1 34 92
1 35 24
1 39 45
1 40 99
1 43 15
1 48 81
1 50 95
2 3 69
2 8 78
2 10 3
2 11 9
2 13 38
2 15 73
2 16 27
2 18 28
2 21 60
2 23 62
2 24 44
2 25 7
2 27 7
2 28 99
2 29 88
2 33 1
2 36 28
2 37 88
2 38 66
2 39 97
2 42 88
2 43 52
2 46 48
2 50 85
3 5 51
3 7 10
3 8 40
3 9 13
3 12 42
3 14 80
3 16 6
3 17 68
3 24 62
3 27 99
3 29 64
3 30 87
3 31 45
3 32 91
3 36 93
3 38 39
3 40 58
3 41 96
3 43 90
3 46 14
3 47 17
3 49 78
3 50 52
4 8 46
4 9 50
4 13 75
4 15 72
4 16 99
4 17 68
4 19 53
4 20 48
4 21 49
4 24 96
4 25 34
4 28 42
4 32 14
4 37 46
4 41 36
4 42 70
4 43 56
4 46 44
5 9 22
5 11 30
5 19 91
5 20 94
5 21 91
5 22 71
5 26 60
5 32 67
5 33 35
5 34 95
5 37 10
5 46 62
5 47 53
5 48 32
6 8 78
6 10 84
6 13 97
6 14 66
6 16 39
6 17 45
6 19 79
6 22 76
6 24 94
6 28 31
6 30 21
6 32 10
6 39 23
6 42 65
6 44 73
6 46 67
6 48 4
6 49 73
6 50 40
7 9 51
7 10 51
7 11 46
7 15 71
7 21 52
7 23 14
7 24 100
7 25 31
7 26 10
7 30 8
7 33 30
7 39 38
7 41 44
7 42 39
7 43 34
7 44 97
7 45 97
7 48 18
8 10 50
8 14 13
8 16 22
8 18 25
8 24 4
8 31 24
8 32 79
8 37 58
8 38 99
8 39 5
8 40 14
8 41 25
8 43 48
8 48 29
8 49 81
9 10 86
9 14 98
9 15 11
9 19 37
9 20 26
9 25 49
9 26 25
9 27 63
9 31 92
9 33 83
9 34 80
9 35 30
9 38 43
9 41 84
9 42 99
9 43 16
9 47 65
10 19 68
10 20 92
10 21 70
10 22 69
10 23 42
10 28 15
10 29 17
10 33 100
10 40 69
10 42 76
10 43 74
10 44 78
10 45 100
10 46 11
10 48 25
10 49 20
10 50 16
11 15 28
11 18 58
11 19 87
11 27 88
11 29 75
11 31 31
11 33 60
11 34 99
11 35 12
11 36 3
11 39 57
11 40 36
11 41 47
11 42 41
11 43 46
11 44 42
11 47 22
11 48 14
11 49 84
11 50 58
12 13 40
12 14 8
12 18 36
12 21 24
12 22 93
12 25 74
12 27 53
12 28 35
12 32 19
12 33 71
12 36 65
12 37 80
12 38 87
12 40 40
12 42 6
12 45 74
12 50 1
13 20 4
13 26 40
13 29 41
13 31 96
13 32 93
13 34 89
13 36 34
13 37 1
13 38 91
13 39 24
13 45 43
13 47 45
13 48 89
14 15 60
14 16 92
14 17 67
14 18 55
14 20 95
14 21 17
14 23 99
14 25 26
14 26 49
14 30 87
14 31 53
14 32 15
14 35 99
14 37 7
14 38 14
14 41 48
14 42 19
14 44 97
14 47 1
14 48 45
14 49 11
15 22 78
15 23 100
15 24 77
15 25 87
15 27 81
15 29 1
15 30 34
15 35 60
15 40 18
15 43 91
15 48 31
15 50 60
16 18 53
16 26 6
16 27 67
16 29 15
16 31 75
16 34 34
16 37 21
16 40 55
16 43 23
16 44 37
16 45 48
16 46 1
16 50 99
17 22 85
17 25 72
17 26 36
17 27 2
17 29 34
17 36 66
17 38 29
17 40 12
17 41 10
17 42 24
17 43 13
17 47 70
17 50 88
18 19 22
18 20 70
18 25 92
18 29 93
18 32 50
18 33 98
18 35 15
18 36 27
18 39 63
18 41 5
18 42 56
18 45 100
18 47 57
18 49 61
18 50 42
19 25 42
19 26 67
19 28 67
19 33 75
19 36 27
19 37 77
19 38 80
19 41 82
19 42 53
19 43 20
19 44 79
19 46 84
20 25 99
20 27 70
20 31 54
20 37 16
20 38 88
20 39 7
20 41 15
20 42 34
20 45 70
20 46 75
20 49 19
21 23 37
21 25 65
21 27 56
21 31 44
21 36 36
21 37 71
21 40 73
21 44 79
21 45 85
21 47 86
22 23 22
22 25 6
22 29 99
22 30 77
22 32 42
22 36 77
22 37 34
22 39 5
22 40 100
22 45 40
22 47 76
23 26 30
23 27 8
23 29 89
23 31 26
23 33 76
23 38 40
23 39 55
23 40 91
23 43 57
23 44 23
23 45 72
23 47 72
24 36 77
24 40 70
24 41 65
24 44 68
24 45 100
24 48 64
24 49 78
25 30 15
25 32 10
25 38 83
25 42 55
25 46 18
25 49 9
26 31 77
26 33 60
26 36 85
26 39 14
26 40 47
26 41 4
26 43 66
26 46 58
26 49 48
27 28 40
27 30 43
27 36 12
27 39 22
27 40 50
27 41 40
27 42 59
27 43 43
27 45 18
27 49 30
28 30 41
28 33 55
28 35 15
28 36 22
28 37 1
28 39 83
28 40 3
28 41 85
28 42 24
28 44 86
28 48 84
29 30 38
29 32 64
29 33 77
29 35 55
29 37 53
29 38 40
29 40 96
29 43 32
29 46 39
29 50 40
30 33 53
30 35 81
30 39 10
30 41 40
30 42 24
30 43 96
30 45 24
30 47 78
31 32 90
31 33 28
31 37 86
31 38 46
31 41 57
31 42 27
31 45 63
31 46 23
32 36 99
32 37 25
32 39 77
32 40 25
32 41 6
32 43 54
32 44 89
32 49 37
33 35 28
33 37 21
33 44 22
33 49 21
33 50 49
34 35 23
34 39 87
34 45 34
34 48 14
34 49 41
35 36 10
35 37 89
35 38 84
35 39 90
35 40 91
35 43 97
35 45 38
35 47 7
35 49 33
36 38 77
36 42 27
36 44 42
36 45 82
36 50 39
37 38 19
37 41 85
37 43 68
37 45 14
37 47 70
38 43 34
38 45 70
38 46 29
39 45 58
39 47 6
39 50 49
40 42 46
40 44 83
40 45 50
40 46 4
40 48 35
40 49 55
41 47 6
42 43 58
42 44 9
42 47 31
42 48 57
43 46 8
43 48 63
43 50 5
44 50 92
45 48 76
45 50 63
46 47 98
46 48 25
47 50 100
48 49 99
1 3 39
1 5 54
1 6 40
1 7 58
1 8 2
1 13 4
1 15 91
1 20 8
1 24 23
1 27 49
1 28 19
1 31 14
1 33 11
1 34 25
1 35 56
1 38 55
1 43 28
1 44 100
1 49 75
1 50 41
2 5 39
2 6 9
2 8 55
2 9 42
2 10 64
2 11 39
2 13 81
2 16 21
2 17 18
2 20 9
2 22 96
2 23 6
2 25 30
2 33 35
2 34 79
2 37 10
2 39 3
2 43 82
2 45 11
2 50 62
3 5 20
3 6 2
3 8 4
3 9 13
3 15 48
3 19 2
3 20 2
3 21 16
3 23 62
3 28 1
3 29 4
3 37 71
3 39 73
3 40 19
3 45 28
3 46 90
3 47 26
3 49 47
3 50 22
4 5 13
4 6 9
4 7 46
4 10 76
4 12 92
4 13 81
4 15 61
4 19 49
4 21 6
4 22 98
4 25 73
4 26 3
4 30 96
4 31 89
4 33 11
4 38 3
4 42 94
4 44 88
4 46 57
4 48 45
4 50 66
5 6 49
5 11 18
5 14 88
5 15 2
5 17 31
5 18 25
5 23 84
5 27 55
5 28 45
5 30 29
5 31 67
5 33 21
5 36 74
5 45 55
5 49 73
6 8 54
6 12 1
6 13 33
6 14 26
6 22 26
6 23 37
6 26 5
6 32 25
6 35 29
6 37 35
6 38 14
6 41 99
6 43 28
6 46 51
6 47 40
7 8 4
7 10 39
7 12 52
7 14 66
7 16 16
7 17 13
7 19 41
7 22 56
7 24 49
7 26 35
7 29 21
7 33 36
7 34 15
7 35 88
7 36 83
7 37 20
7 38 43
7 40 16
7 41 4
7 43 50
7 44 13
7 46 94
7 48 34
8 19 98
8 23 4
8 24 95
8 25 94
8 27 52
8 30 90
8 32 100
8 35 90
8 36 47
8 39 55
8 42 95
8 50 17
9 10 41
9 11 38
9 12 5
9 16 2
9 18 29
9 19 47
9 20 28
9 22 55
9 33 31
9 34 23
9 36 82
9 38 31
9 41 89
9 46 9
9 47 66
9 48 58
9 49 76
9 50 80
10 15 9
10 16 83
10 18 38
10 20 94
10 23 45
10 25 67
10 27 85
10 28 42
10 29 23
10 31 13
10 35 19
10 39 56
10 42 57
10 43 34
10 44 75
10 45 21
10 46 76
10 47 63
10 48 66
10 49 90
11 14 5
11 18 53
11 20 52
11 22 80
11 23 57
11 24 40
11 26 54
11 28 14
11 29 48
11 33 75
11 34 30
11 35 67
11 36 97
11 40 43
11 41 90
11 42 58
11 43 85
11 48 95
11 50 64
12 14 25
12 21 92
12 24 23
12 25 9
12 26 86
12 28 71
12 29 90
12 30 78
12 35 91
12 36 63
12 42 16
12 47 24
12 49 26
13 15 10
13 17 86
13 21 10
13 23 72
13 24 98
13 25 97
13 32 83
13 35 69
13 39 12
13 45 70
13 47 10
13 48 82
13 49 23
14 15 67
14 16 70
14 17 56
14 19 39
14 25 59
14 27 1
14 28 39
14 31 51
14 32 18
14 34 66
14 37 80
14 38 13
14 40 44
14 45 11
14 49 45
14 50 24
15 16 85
15 19 12
15 20 10
15 22 14
15 23 37
15 24 89
15 26 94
15 31 49
15 32 11
15 36 74
15 38 42
15 39 55
15 40 53
15 41 77
15 44 96
15 45 96
15 48 32
15 50 24
16 18 51
16 19 74
16 23 79
16 26 1
16 27 94
16 28 43
16 31 58
16 32 6
16 34 51
16 36 97
16 37 29
16 38 52
16 39 73
16 40 61
16 45 70
16 46 38
16 47 90
16 48 41
16 49 95
16 50 1
17 20 22
17 21 30
17 22 30
17 29 36
17 30 8
17 31 60
17 33 15
17 35 11
17 36 82
17 37 40
17 38 44
17 41 37
17 42 38
17 44 92
17 46 60
17 48 69
17 49 11
17 50 14
18 21 98
18 23 97
18 29 29
18 35 75
18 36 48
18 41 73
18 42 78
18 44 22
18 47 79
18 49 90
19 21 11
19 22 5
19 23 31
19 24 78
19 25 67
19 27 45
19 28 37
19 29 9
19 32 35
19 34 58
19 42 55
19 43 96
19 44 37
19 45 28
20 23 80
20 24 27
20 25 68
20 29 55
20 30 29
20 31 69
20 32 43
20 33 29
20 34 16
20 35 30
20 37 37
20 39 22
20 41 8
20 43 83
20 44 34
20 50 19
21 24 32
21 27 67
21 29 50
21 34 70
21 36 78
21 41 24
21 42 88
21 43 82
21 45 15
21 46 90
21 48 31
21 49 68
22 24 55
22 26 76
22 27 3
22 30 53
22 31 39
22 33 35
22 35 84
22 36 64
22 40 97
22 41 90
22 42 9
22 46 83
22 47 16
22 48 1
22 50 92
23 24 62
23 28 100
23 31 83
23 32 2
23 34 81
23 36 75
23 39 41
23 41 85
23 45 43
23 48 78
23 49 71
24 25 54
24 26 83
24 30 77
24 32 48
24 34 82
24 36 19
24 40 53
24 41 26
24 43 7
24 44 3
24 46 39
24 47 52
25 28 69
25 29 99
25 32 14
25 33 11
25 35 66
25 38 28
25 39 90
25 42 2
25 43 38
25 45 70
25 48 38
25 49 23
26 30 52
26 32 79
26 35 96
26 36 66
26 41 20
26 42 65
26 43 59
26 44 41
26 45 51
26 48 85
27 28 82
27 29 44
27 30 23
27 31 31
27 32 88
27 36 85
27 41 68
27 42 56
27 43 8
27 44 64
27 45 60
27 49 13
27 50 89
28 29 100
28 36 31
28 40 56
28 43 89
28 44 47
28 50 35
29 32 9
29 34 74
29 36 58
29 39 28
29 40 64
29 43 13
29 50 58
30 33 37
30 39 99
30 40 95
30 43 74
30 44 44
30 45 79
30 46 13
30 49 70
30 50 69
31 38 73
31 41 60
31 43 2
31 46 72
31 47 83
31 49 40
32 34 54
32 35 46
32 36 32
32 37 94
32 38 1
32 43 1
32 44 53
32 47 70
32 49 60
32 50 10
33 34 65
33 37 94
33 38 11
33 40 100
33 41 42
33 42 77
33 44 79
33 47 78
34 36 99
34 37 18
34 38 82
34 39 77
34 41 66
34 48 6
34 50 75
35 38 55
35 41 46
35 49 25
35 50 82
36 41 29
36 43 45
36 46 46
36 48 60
36 49 51
37 41 100
37 43 38
37 45 4
37 47 43
37 48 55
37 49 2
38 42 14
38 47 16
38 48 88
39 40 91
39 41 43
39 42 93
39 45 89
39 46 76
39 49 77
40 41 70
40 42 28
40 43 53
40 50 60
41 42 16
41 43 18
41 44 65
41 45 77
41 50 31
42 46 47
43 46 100
44 47 71
44 49 66
45 48 65
45 49 54
45 50 52
46 47 37
46 50 33
47 48 31
1 2 98
1 3 11
1 10 16
1 13 64
1 14 75
1 21 29
1 25 37
1 28 85
1 31 86
1 34 82
1 37 43
1 40 17
1 44 61
1 46 11
1 48 1
2 3 68
2 5 80
2 7 13
2 8 62
2 9 8
2 11 72
2 12 76
2 13 81
2 14 33
2 17 14
2 22 20
2 23 12
2 25 7
2 26 62
2 29 30
2 31 35
2 33 17
2 35 53
2 38 5
2 40 58
2 42 39
2 47 85
2 48 62
2 50 35
3 4 43
3 7 43
3 8 30
3 9 16
3 10 17
3 11 65
3 13 77
3 15 86
3 17 46
3 18 54
3 19 94
3 22 75
3 25 96
3 41 19
3 44 77
3 45 86
3 47 21
3 48 84
4 7 13
4 10 98
4 11 12
4 13 88
4 14 40
4 17 78
4 19 58
4 21 24
4 22 22
4 23 93
4 25 4
4 30 46
4 32 26
4 37 9
4 40 29
4 42 16
4 43 62
4 47 67
5 8 30
5 9 66
5 11 74
5 12 88
5 14 24
5 17 40
5 18 51
5 20 68
