50 1103 1
1 2 96
1 3 49
1 6 61
1 10 23
1 11 35
1 12 72
1 15 82
1 16 8
1 19 75
1 20 55
1 22 73
1 23 3
1 24 20
1 25 29
1 26 30
1 28 90
1 29 11
1 30 87
1 33 25
1 34 98
1 35 93
1 37 21
1 39 87
1 42 77
1 46 29
1 47 56
2 3 2
2 8 12
2 11 45
2 12 15
2 13 91
2 16 95
2 17 24
2 23 6
2 25 89
2 26 52
2 29 44
2 31 16
2 32 8
2 34 67
2 36 38
2 37 99
2 38 57
2 43 72
2 45 99
2 49 10
3 9 49
3 10 82
3 11 76
3 15 64
3 19 89
3 20 56
3 22 64
3 26 35
3 32 47
3 33 98
3 34 61
3 37 63
3 41 62
3 42 87
3 43 68
3 45 42
3 47 95
4 5 90
4 8 50
4 9 10
4 10 88
4 13 4
4 17 44
4 18 27
4 19 48
4 20 61
4 21 84
4 25 49
4 26 97
4 27 4
4 28 90
4 29 49
4 32 8
4 39 34
4 41 56
4 42 18
4 44 59
4 48 73
4 49 100
4 50 60
5 7 28
5 8 12
5 9 92
5 14 44
5 15 17
5 18 9
5 19 88
5 24 4
5 26 59
5 27 15
5 29 80
5 30 98
5 31 48
5 32 7
5 34 15
5 36 83
5 38 96
5 40 8
5 43 19
5 45 82
5 46 28
5 47 65
5 48 11
6 7 99
6 8 99
6 10 22
6 20 98
6 22 24
6 25 63
6 26 7
6 27 50
6 31 73
6 32 10
6 33 73
6 34 81
6 35 59
6 36 41
6 40 82
6 42 48
6 44 30
6 45 27
6 46 3
6 48 62
6 50 37
7 11 3
7 13 76
7 14 1
7 15 84
7 16 88
7 21 4
7 23 16
7 24 15
7 25 21
7 29 100
7 36 14
7 37 38
7 39 45
7 40 28
7 47 62
7 48 37
8 12 77
8 15 76
8 17 58
8 21 16
8 22 74
8 25 52
8 28 9
8 30 17
8 31 46
8 33 27
8 34 5
8 40 57
8 41 33
8 46 7
8 48 81
8 49 42
8 50 80
9 12 50
9 13 11
9 16 95
9 19 45
9 20 61
9 23 85
9 24 42
9 25 44
9 26 83
9 29 39
9 32 21
9 34 93
9 35 13
9 38 53
9 39 24
9 40 93
9 41 98
9 43 13
9 46 85
9 47 98
9 48 64
9 49 79
10 11 7
10 15 38
10 16 8
10 18 70
10 19 54
10 24 60
10 25 18
10 28 83
10 30 59
10 32 95
10 33 86
10 34 31
10 35 22
10 42 54
10 43 55
10 45 31
10 46 26
10 47 25
10 48 57
10 49 45
11 12 10
11 13 11
11 15 21
11 18 15
11 24 23
11 25 89
11 33 53
11 34 63
11 36 33
11 41 34
11 49 74
12 14 86
12 15 7
12 21 44
12 22 38
12 23 37
12 24 53
12 26 95
12 27 91
12 34 77
12 36 20
12 39 12
12 41 57
12 44 96
12 46 83
13 17 86
13 19 67
13 20 26
13 22 77
13 24 35
13 25 2
13 26 46
13 31 5
13 35 66
13 38 87
13 42 70
13 45 34
13 46 30
13 47 40
13 48 7
13 49 82
14 18 14
14 19 52
14 20 2
14 22 87
14 24 98
14 25 24
14 29 66
14 30 42
14 32 33
14 33 83
14 36 87
14 37 66
14 39 38
15 16 47
15 17 36
15 22 28
15 23 54
15 24 67
15 25 36
15 28 23
15 35 42
15 38 33
15 39 36
15 40 18
15 43 58
15 44 21
15 48 75
15 49 60
15 50 48
16 20 49
16 22 30
16 23 9
16 25 31
16 27 82
16 33 13
16 35 37
16 38 91
16 39 32
16 41 43
16 44 18
16 45 26
16 48 9
16 49 96
16 50 23
17 19 91
17 21 44
17 24 92
17 26 13
17 27 14
17 28 37
17 34 37
17 35 82
17 37 99
17 38 92
17 41 76
17 43 61
18 21 62
18 24 9
18 30 34
18 31 38
18 33 74
18 34 76
18 35 27
18 37 31
18 42 33
18 43 74
18 45 62
18 48 55
18 49 20
19 22 53
19 25 1
19 26 43
19 33 88
19 43 70
20 23 98
20 24 20
20 25 32
20 29 57
20 30 61
20 31 42
20 32 77
20 34 68
20 35 25
20 36 74
20 38 57
20 40 43
20 41 42
20 42 93
20 44 78
20 47 27
21 26 20
21 31 24
21 32 23
21 33 89
21 37 3
21 38 85
21 39 58
21 42 30
21 45 59
21 47 98
21 48 78
22 23 27
22 24 85
22 25 62
22 27 79
22 28 70
22 32 11
22 33 93
22 34 69
22 36 67
22 37 96
22 41 78
22 42 83
22 43 60
22 44 1
22 46 59
22 47 45
23 28 88
23 29 93
23 30 98
23 31 49
23 38 100
23 39 71
23 40 49
23 42 28
23 45 9
23 49 55
24 27 75
24 29 71
24 30 71
24 33 58
24 34 99
24 38 42
24 39 38
24 41 48
24 42 96
24 45 64
24 47 78
24 49 39
24 50 85
25 26 62
25 27 67
25 31 16
25 32 42
25 34 45
25 36 37
25 37 13
25 39 7
25 43 32
25 46 63
25 48 86
26 27 25
26 28 48
26 34 69
26 35 27
26 38 76
26 39 65
26 42 94
26 43 86
26 44 81
26 45 79
26 50 58
27 28 75
27 29 57
27 30 86
27 32 54
27 34 95
27 44 24
27 45 96
27 47 56
28 31 11
28 32 27
28 35 85
28 39 59
28 43 33
28 44 90
28 45 24
28 48 32
29 32 66
29 34 46
29 37 38
29 43 40
29 49 17
30 33 70
30 34 27
30 35 48
30 38 15
30 39 73
30 40 12
30 41 47
30 48 31
31 35 30
31 36 65
31 38 70
31 41 59
31 44 29
31 50 94
32 37 12
32 40 18
32 47 83
32 48 74
32 50 53
33 35 9
33 37 54
33 39 16
33 40 19
33 42 93
33 43 16
33 49 7
34 35 28
34 40 14
34 42 26
34 45 50
34 46 20
34 48 29
34 49 24
35 38 54
35 43 66
35 47 69
35 49 38
35 50 21
36 37 88
36 38 77
36 40 23
36 41 32
36 42 82
36 44 90
36 50 4
37 40 77
37 41 47
37 43 98
37 44 24
37 46 69
37 49 62
37 50 31
38 41 50
38 42 21
38 43 92
38 45 3
39 47 66
39 48 56
39 49 9
40 41 69
40 42 8
40 46 61
40 49 21
40 50 70
41 42 20
41 43 45
41 45 60
41 46 7
41 49 97
42 44 87
42 45 76
42 46 68
42 49 35
42 50 46
43 45 31
43 46 37
43 47 83
43 48 9
43 49 99
43 50 60
44 45 45
44 46 89
44 47 26
44 48 50
44 49 54
45 46 34
45 47 6
45 48 73
46 48 61
46 49 22
48 49 7
48 50 46
1 2 91
1 6 8
1 9 96
1 11 77
1 14 58
1 18 78
1 19 26
1 20 20
1 23 12
1 26 77
1 29 56
1 30 69
1 32 1
1 35 9
1 40 80
1 43 75
1 44 85
1 49 43
2 3 74
2 5 54
2 8 17
2 12 82
2 13 38
2 14 26
2 16 11
2 17 70
2 21 80
2 22 17
2 27 79
2 30 44
2 34 14
2 38 55
2 40 67
2 42 80
2 46 100
3 4 4
3 9 20
3 10 97
3 17 56
3 19 63
3 20 20
3 21 23
3 26 74
3 31 23
3 32 42
3 33 86
3 34 33
3 36 22
3 48 41
3 49 52
4 5 93
4 13 91
4 14 70
4 18 2
4 24 50
4 30 43
4 34 17
4 35 31
4 37 2
4 39 10
4 40 70
4 43 21
4 45 62
4 46 16
4 47 42
5 6 82
5 7 74
5 10 49
5 12 32
5 13 26
5 14 2
5 16 57
5 18 85
5 22 85
5 23 33
5 29 2
5 30 6
5 32 23
5 37 4
5 38 33
5 42 76
5 43 61
5 46 15
5 50 85
6 10 95
6 11 14
6 12 12
6 17 44
6 18 89
6 20 88
6 22 22
6 23 85
6 25 13
6 26 96
6 31 66
6 32 67
6 36 57
6 37 45
6 39 45
6 40 94
6 45 46
6 47 43
6 49 77
7 12 12
7 18 40
7 21 99
7 23 33
7 24 11
7 27 23
7 39 92
7 41 47
7 42 100
7 43 73
7 46 78
7 49 43
8 9 48
8 10 3
8 13 42
8 14 99
8 16 46
8 22 95
8 29 52
8 30 78
8 32 36
8 36 30
8 38 75
8 40 27
8 47 60
8 48 75
8 50 24
9 12 86
9 13 59
9 14 4
9 16 35
9 17 27
9 20 59
9 22 83
9 26 10
9 27 18
9 28 72
9 33 8
9 37 45
9 42 67
9 47 30
9 48 93
9 49 75
9 50 54
10 11 46
10 12 41
10 13 38
10 17 7
10 20 11
10 21 6
10 29 2
10 30 62
10 32 11
10 33 16
10 35 3
10 36 3
10 37 83
10 39 74
10 44 73
10 46 7
10 47 71
11 14 66
11 15 56
11 16 36
11 22 14
11 23 50
11 26 10
11 29 60
11 30 35
11 33 36
11 34 7
11 41 33
11 42 39
11 48 23
11 50 17
12 17 56
12 19 8
12 20 51
12 21 54
12 22 4
12 23 55
12 24 75
12 25 4
12 26 77
12 27 6
12 28 72
12 30 87
12 31 20
12 36 8
12 38 48
12 40 50
12 41 86
12 42 37
12 43 9
12 45 33
12 49 17
13 18 1
13 20 55
13 24 37
13 30 98
13 31 36
13 32 23
13 35 9
13 36 100
13 37 88
13 42 66
13 47 51
13 48 25
13 50 41
14 18 21
14 20 17
14 21 60
14 22 79
14 26 96
14 29 76
14 31 76
14 32 94
14 35 42
14 39 42
14 41 43
14 46 2
14 47 37
14 48 22
14 49 27
14 50 64
15 24 77
15 27 83
15 29 14
15 32 87
15 35 84
15 38 37
15 40 8
15 41 45
15 45 24
15 46 68
15 47 74
15 48 2
15 49 20
15 50 62
16 21 81
16 23 63
16 34 25
16 35 1
16 40 14
16 41 96
16 49 30
17 18 30
17 28 95
17 29 47
17 31 18
17 32 71
17 33 24
17 34 39
17 35 56
17 39 35
17 46 79
17 47 98
17 49 84
18 24 24
18 26 32
18 28 88
18 31 18
18 32 92
18 33 6
18 34 37
18 35 39
18 39 52
18 40 68
18 42 2
18 43 61
18 44 77
18 45 9
18 46 67
18 48 83
18 50 67
19 21 46
19 22 77
19 25 58
19 28 69
19 35 79
19 40 44
19 41 53
19 42 10
19 43 91
19 46 82
19 48 4
19 49 50
19 50 65
20 21 94
20 24 73
20 26 49
20 30 97
20 32 54
20 33 42
20 38 27
20 42 29
20 44 87
20 46 80
20 47 34
20 49 3
21 24 97
21 26 16
21 27 39
21 29 15
21 30 37
21 32 63
21 33 29
21 34 12
21 36 95
21 42 21
21 45 31
21 48 20
21 49 16
21 50 69
22 25 49
22 27 20
22 28 25
22 29 95
22 30 4
22 35 44
22 37 13
22 38 25
22 39 56
22 42 22
22 44 87
22 49 11
22 50 98
23 24 65
23 29 75
23 31 21
23 33 26
23 34 47
23 41 28
23 42 20
23 47 85
23 48 14
23 49 32
23 50 68
24 25 4
24 27 12
24 28 83
24 29 95
24 39 33
24 40 7
24 41 88
24 43 88
24 44 95
24 46 17
24 47 64
24 48 90
24 49 62
25 31 75
25 32 100
25 34 8
25 39 13
25 40 61
25 41 88
25 42 13
25 44 54
25 45 32
26 30 98
26 31 75
26 33 14
26 34 48
26 38 96
26 39 38
26 40 6
26 45 59
26 46 24
26 47 43
26 49 43
27 29 3
27 31 9
27 32 28
27 34 45
27 35 33
27 39 42
27 43 25
27 45 7
27 46 25
27 47 50
28 29 74
28 31 99
28 32 7
28 33 87
28 34 47
28 39 24
28 44 26
28 45 58
28 46 75
28 48 52
29 30 46
29 31 99
29 32 6
29 33 93
29 34 88
29 35 77
29 39 36
29 40 18
29 41 20
29 43 39
29 44 85
29 45 11
29 46 71
29 47 16
29 49 47
30 33 66
30 35 64
30 36 43
30 39 82
30 40 13
30 44 77
30 46 88
31 33 52
31 34 45
31 35 55
31 36 92
31 40 44
31 49 68
31 50 57
32 33 92
32 38 82
32 42 46
32 43 82
32 45 78
32 48 91
33 35 94
33 38 23
33 42 73
33 43 98
33 44 21
33 45 18
34 35 44
34 36 49
34 38 42
34 43 58
34 48 59
34 49 100
35 40 95
35 45 15
35 48 27
35 49 43
36 37 15
36 39 37
36 41 74
36 45 33
36 50 94
37 39 12
37 46 1
37 50 16
38 45 61
38 47 77
38 49 60
39 40 75
39 44 62
39 49 91
40 42 29
40 43 11
40 48 71
41 42 7
41 43 89
41 45 47
41 46 35
42 45 21
42 47 31
42 49 17
43 44 86
43 46 77
44 47 81
44 50 46
45 48 12
46 50 40
1 3 74
1 4 40
1 6 96
1 7 80
1 9 63
1 10 11
1 13 67
1 17 50
1 18 58
1 24 3
1 26 25
1 27 10
1 28 75
1 30 7
1 31 63
1 36 40
1 37 99
1 38 4
1 43 47
1 46 88
1 47 17
1 48 78
2 4 68
2 7 56
2 9 89
2 10 83
2 11 100
2 12 73
2 13 63
2 15 89
2 19 92
2 21 14
2 23 73
2 24 55
2 25 19
2 26 68
2 27 1
2 29 91
2 30 53
2 32 53
2 33 86
2 35 76
2 38 27
2 40 22
2 41 83
2 45 79
2 46 19
2 48 31
2 50 7
3 4 83
3 5 59
3 7 55
3 10 37
3 12 55
3 14 94
3 18 94
3 20 4
3 22 56
3 24 6
3 25 10
3 26 76
3 28 8
3 30 27
3 32 29
3 36 40
3 41 13
3 43 27
3 44 50
3 46 93
3 48 73
3 50 62
4 5 43
4 9 77
4 11 43
4 14 21
4 17 31
4 18 30
4 23 15
4 25 69
4 26 67
4 27 14
4 34 18
4 35 72
4 36 79
4 37 59
4 38 42
4 40 48
4 42 93
4 43 29
4 44 23
4 45 91
4 47 88
4 48 42
5 6 41
5 8 45
5 11 84
5 12 86
5 14 18
5 19 33
5 22 33
5 23 81
5 25 44
5 27 98
5 31 21
5 32 59
5 35 7
5 36 36
