50 1103 1
1 2 71
1 3 89
1 8 21
1 10 13
1 11 8
1 17 52
1 20 66
1 21 88
1 23 30
1 24 98
1 25 10
1 27 9
1 28 47
1 29 93
1 30 51
1 32 37
1 33 84
1 34 28
1 37 3
1 39 63
1 40 97
1 41 18
1 43 95
1 44 69
1 45 94
1 47 27
1 48 84
1 49 86
2 4 81
2 7 62
2 9 58
2 16 63
2 18 56
2 19 85
2 23 68
2 26 35
2 32 21
2 36 27
2 37 60
2 40 83
2 42 42
2 44 22
2 45 28
2 46 83
2 49 36
3 6 4
3 9 99
3 10 43
3 11 55
3 13 96
3 17 5
3 18 54
3 19 58
3 20 57
3 21 29
3 22 65
3 24 37
3 28 17
3 30 70
3 31 18
3 34 86
3 35 70
3 37 38
3 44 92
3 47 56
3 49 92
4 6 94
4 12 52
4 17 84
4 18 92
4 19 29
4 20 43
4 21 54
4 24 45
4 27 67
4 28 61
4 31 64
4 34 7
4 36 55
4 38 41
4 40 2
4 41 74
4 43 72
4 44 45
4 46 54
4 49 13
4 50 71
5 8 30
5 9 6
5 11 59
5 13 72
5 14 78
5 21 48
5 23 9
5 25 67
5 32 57
5 33 65
5 34 44
5 36 54
5 38 26
5 39 38
5 40 11
5 42 100
5 44 78
5 49 43
6 9 85
6 10 58
6 24 78
6 27 67
6 28 33
6 33 23
6 36 81
6 37 55
6 39 5
6 40 97
6 45 60
6 46 77
6 47 83
6 48 92
6 50 71
7 8 95
7 10 84
7 15 35
7 16 76
7 18 98
7 22 79
7 23 98
7 24 47
7 26 67
7 31 32
7 35 46
7 39 50
7 41 59
7 48 71
7 50 71
8 9 5
8 12 15
8 14 8
8 16 28
8 17 29
8 19 99
8 21 87
8 28 65
8 38 47
8 39 65
8 42 3
8 45 93
8 49 63
9 17 74
9 18 9
9 20 66
9 22 93
9 24 36
9 25 50
9 26 6
9 27 7
9 29 65
9 34 94
9 35 24
9 38 1
9 49 71
9 50 30
10 12 4
10 13 34
10 15 83
10 17 62
10 18 87
10 19 9
10 20 99
10 22 39
10 23 94
10 24 65
10 28 23
10 31 92
10 32 29
10 33 91
10 34 79
10 35 14
10 37 34
10 42 84
10 46 84
11 14 59
11 15 38
11 16 18
11 20 34
11 21 29
11 24 12
11 25 61
11 30 22
11 32 37
11 35 12
11 36 45
11 38 88
11 39 19
11 41 96
11 46 36
11 47 18
11 50 48
12 14 69
12 18 38
12 21 78
12 22 12
12 26 45
12 28 97
12 29 2
12 30 54
12 34 66
12 36 46
12 40 35
12 46 38
13 14 1
13 16 42
13 18 100
13 28 82
13 29 44
13 33 12
13 36 93
13 37 95
13 42 100
13 46 100
13 49 24
14 17 72
14 19 38
14 21 17
14 22 32
14 26 84
14 27 87
14 28 22
14 30 9
14 31 32
14 33 50
14 37 69
14 38 69
14 39 4
14 48 49
14 49 85
14 50 77
15 16 16
15 18 70
15 21 70
15 22 79
15 23 38
15 24 48
15 25 68
15 27 94
15 28 56
15 29 48
15 36 38
15 37 67
15 39 55
15 40 36
15 41 66
15 42 4
15 44 38
15 46 73
15 47 86
15 49 13
16 17 66
16 18 20
16 21 84
16 24 54
16 27 40
16 29 85
16 30 30
16 31 13
16 36 16
16 37 50
16 46 38
16 49 20
16 50 14
17 19 98
17 21 24
17 22 19
17 24 81
17 29 11
17 31 23
17 33 75
17 35 57
17 36 95
17 39 28
17 41 30
17 45 19
17 48 27
18 19 75
18 21 73
18 22 65
18 24 66
18 27 37
18 30 48
18 32 62
18 35 22
18 38 34
18 40 55
18 41 12
18 47 85
18 48 66
18 50 81
19 22 16
19 23 30
19 24 65
19 26 53
19 28 34
19 30 80
19 31 84
19 32 13
19 33 15
19 38 55
19 40 87
19 42 2
19 43 15
19 48 73
19 50 70
20 22 3
20 25 50
20 28 47
20 29 71
20 30 49
20 31 36
20 33 70
20 35 45
20 36 43
20 38 22
20 39 6
20 41 23
20 43 61
20 45 6
20 47 68
20 49 64
20 50 5
21 24 45
21 25 24
21 27 62
21 28 77
21 29 62
21 31 12
21 32 77
21 33 41
21 34 85
21 35 10
21 36 20
21 38 69
21 41 93
21 45 61
21 46 67
21 49 70
21 50 32
22 29 73
22 32 49
22 34 99
22 39 4
22 41 93
22 42 96
22 43 28
22 45 20
22 46 83
23 25 28
23 26 85
23 31 64
23 38 21
23 42 72
23 46 22
24 27 64
24 28 32
24 33 35
24 35 80
24 38 78
24 48 16
24 49 29
24 50 23
25 27 76
25 30 42
25 32 86
25 33 97
25 34 96
25 40 84
25 44 3
25 45 72
25 47 57
25 48 35
26 29 65
26 30 25
26 31 41
26 33 91
26 36 53
26 37 39
26 39 31
26 48 100
27 28 10
27 30 75
27 31 90
27 34 25
27 35 65
27 38 20
27 39 7
27 40 26
27 41 26
27 42 79
27 46 68
28 30 20
28 31 10
28 33 69
28 35 36
28 39 76
28 40 84
28 43 4
28 48 18
28 49 80
29 30 30
29 31 62
29 36 5
29 37 2
29 39 90
29 43 77
29 49 35
30 32 10
30 35 41
30 37 71
30 40 87
30 42 15
30 47 11
30 48 15
31 33 94
31 38 90
31 39 5
31 40 26
31 42 36
31 43 84
31 44 60
31 45 1
31 48 50
31 50 91
32 35 88
32 37 84
32 47 98
32 48 75
32 50 50
33 34 7
33 36 34
33 37 16
33 39 37
33 40 96
33 41 29
33 42 77
33 43 33
33 45 78
33 46 50
33 47 18
33 50 15
34 37 76
34 38 79
34 39 59
34 42 87
34 43 77
34 46 52
34 48 78
34 50 93
35 36 8
35 39 60
35 41 35
35 43 73
35 45 46
35 49 28
36 37 90
36 40 36
36 41 17
36 42 96
36 46 74
36 48 90
37 38 85
37 40 65
37 42 52
37 44 62
37 45 13
37 46 14
37 50 88
38 39 26
38 42 64
38 45 78
38 46 2
38 47 60
39 42 9
40 41 14
40 42 64
40 43 48
40 48 45
41 42 75
41 43 71
41 45 57
41 47 20
41 50 79
42 43 14
42 49 90
43 45 67
43 49 61
44 45 99
44 47 42
45 46 31
46 47 14
46 48 46
46 49 48
46 50 32
47 50 72
48 50 35
1 2 4
1 4 96
1 10 62
1 11 2
1 12 51
1 16 62
1 17 24
1 18 16
1 20 56
1 26 94
1 27 84
1 28 68
1 32 100
1 33 50
1 35 72
1 39 14
1 40 28
1 42 67
1 43 41
1 48 24
1 49 59
2 4 75
2 6 44
2 8 39
2 12 44
2 14 46
2 16 30
2 19 94
2 22 94
2 23 61
2 28 59
2 30 15
2 33 72
2 34 19
2 43 82
2 46 14
3 4 59
3 5 35
3 8 42
3 9 92
3 17 98
3 18 66
3 20 64
3 22 22
3 26 37
3 27 82
3 30 26
3 31 58
3 34 33
3 37 15
3 38 60
3 39 14
3 41 48
3 42 26
3 45 69
3 49 60
3 50 7
4 7 42
4 8 91
4 9 50
4 10 9
4 11 16
4 12 70
4 14 41
4 15 74
4 16 35
4 21 88
4 22 99
4 23 81
4 24 26
4 28 13
4 33 48
4 36 96
4 38 29
4 39 97
4 41 27
4 44 22
4 45 23
4 46 83
4 48 92
4 49 44
4 50 20
5 8 97
5 9 79
5 12 95
5 13 95
5 15 93
5 18 29
5 20 45
5 26 87
5 27 70
5 30 57
5 31 94
5 32 6
5 36 24
5 37 96
5 49 43
6 10 52
6 11 48
6 13 8
6 15 66
6 17 14
6 20 2
6 22 8
6 23 67
6 24 21
6 25 82
6 26 21
6 27 38
6 29 67
6 30 79
6 32 57
6 34 86
6 35 97
6 42 36
6 43 36
6 44 42
6 45 21
6 46 96
6 48 46
6 49 75
7 10 59
7 12 79
7 15 73
7 17 9
7 18 18
7 21 16
7 25 55
7 26 82
7 30 4
7 31 56
7 34 34
7 35 82
7 39 88
7 48 35
7 49 69
8 12 79
8 16 62
8 17 95
8 20 25
8 27 36
8 32 31
8 33 65
8 39 62
8 40 28
8 42 14
8 43 94
8 44 61
8 45 98
8 46 36
9 10 86
9 11 77
9 13 42
9 14 98
9 16 43
9 17 49
9 20 50
9 23 19
9 31 40
9 35 14
9 38 54
9 42 4
9 43 48
9 47 58
9 48 44
10 11 49
10 16 36
10 17 81
10 19 34
10 24 35
10 25 51
10 26 30
10 32 23
10 33 46
10 36 99
10 40 13
10 41 15
10 42 39
10 43 47
10 47 84
11 15 50
11 18 21
11 19 18
11 24 86
11 30 82
11 31 19
11 33 99
11 39 40
11 40 59
11 44 36
12 13 56
12 16 46
12 21 79
12 25 79
12 28 90
12 29 46
12 30 48
12 33 71
12 35 96
12 36 31
12 37 26
12 38 55
12 41 97
12 49 82
12 50 28
13 16 18
13 23 28
13 25 35
13 27 7
13 30 91
13 32 57
13 35 8
13 36 34
13 37 49
13 43 19
13 45 53
14 15 46
14 17 80
14 19 35
14 28 2
14 30 46
14 32 3
14 37 95
14 38 65
14 47 78
14 50 31
15 21 23
15 22 32
15 23 49
15 24 61
15 33 33
15 34 45
15 41 82
15 44 89
15 46 46
15 48 97
15 49 38
15 50 34
16 17 75
16 19 16
16 21 78
16 27 7
16 30 52
16 32 62
16 35 16
16 38 5
16 41 79
16 42 29
16 43 12
16 44 23
16 46 9
16 47 76
16 48 39
16 49 60
17 18 24
17 21 17
17 25 80
17 27 20
17 29 21
17 30 54
17 32 77
17 33 66
17 35 61
17 36 19
17 40 74
17 41 21
17 42 68
17 46 67
17 49 38
17 50 29
18 19 18
18 24 95
18 27 37
18 28 83
18 30 56
18 31 25
18 37 99
18 38 19
18 39 53
18 43 12
18 48 4
18 50 93
19 23 24
19 26 88
19 30 50
19 32 49
19 34 43
19 38 30
19 40 36
19 41 59
19 42 97
19 43 50
19 44 13
19 47 47
19 49 13
19 50 58
20 21 61
20 23 93
20 24 14
20 28 10
20 32 8
20 39 67
20 40 58
20 43 21
20 48 78
21 22 33
21 23 8
21 24 89
21 25 3
21 28 38
21 30 53
21 31 32
21 33 6
21 37 88
21 38 14
21 39 25
21 40 85
21 41 60
21 42 69
21 44 73
21 45 61
21 47 45
21 48 9
21 50 72
22 24 19
22 26 12
22 28 33
22 31 64
22 32 40
22 36 35
22 40 13
22 44 88
22 45 12
22 46 17
22 48 86
22 49 99
23 24 92
23 25 18
23 26 34
23 29 96
23 31 87
23 32 97
23 33 80
23 34 33
23 35 46
23 40 82
23 44 38
23 45 23
23 48 30
23 50 57
24 28 30
24 29 83
24 30 52
24 31 65
24 34 46
24 37 8
24 39 93
24 40 15
24 41 61
24 44 56
24 45 64
24 48 80
25 35 60
25 36 11
25 38 34
25 40 76
25 41 5
25 45 36
25 46 54
26 27 32
26 28 36
26 29 72
26 33 94
26 34 71
26 36 39
26 37 28
26 40 77
26 44 93
26 45 23
26 46 25
27 31 8
27 34 43
27 37 56
27 39 80
27 40 3
27 46 65
27 47 15
27 48 71
27 50 94
28 29 45
28 32 34
28 35 47
28 36 76
28 37 41
28 38 66
28 40 24
28 41 3
28 43 73
28 45 66
28 46 41
28 47 57
28 48 28
28 49 85
28 50 98
29 33 45
29 34 84
29 37 62
29 42 57
29 44 100
29 48 47
30 31 14
30 36 47
30 37 90
30 39 67
30 41 7
30 45 60
30 47 26
30 49 26
30 50 36
31 33 76
31 34 18
31 38 6
31 41 91
31 42 68
31 43 26
31 44 38
31 45 70
31 48 40
31 50 50
32 33 43
32 37 80
32 42 53
32 46 69
32 48 76
32 50 48
33 34 28
33 37 15
33 40 19
33 42 52
33 44 15
33 46 84
34 36 21
34 39 81
34 42 27
34 43 27
34 45 60
34 46 54
34 48 66
34 49 46
35 37 86
35 38 73
35 40 5
35 46 3
35 48 15
36 39 72
36 47 93
37 38 36
37 44 77
38 41 89
38 45 11
38 46 19
38 49 14
38 50 46
39 40 21
39 42 41
39 43 75
39 46 9
39 47 74
41 44 69
41 48 6
42 43 4
42 44 52
42 45 81
42 47 71
42 48 93
42 50 3
43 45 43
43 46 52
43 49 65
44 46 7
44 47 15
44 50 41
45 46 46
45 47 83
46 49 12
47 48 24
47 49 21
48 50 31
1 4 26
1 5 8
1 12 2
1 15 36
1 17 12
1 18 71
1 20 23
1 21 20
1 23 43
1 29 93
1 32 83
1 33 51
1 35 61
1 39 73
1 42 26
1 44 27
1 47 47
2 4 96
2 10 51
2 11 18
2 12 10
2 21 68
2 22 67
2 25 35
2 27 1
2 36 98
2 40 13
2 43 79
2 44 16
2 46 11
2 49 87
2 50 23
3 5 9
3 6 34
3 9 52
3 10 59
3 11 8
3 15 83
3 16 65
3 18 94
3 21 50
3 24 34
3 25 45
3 26 66
3 27 93
3 33 32
3 36 38
3 42 91
3 43 81
3 46 24
3 48 62
3 49 89
3 50 53
4 5 16
4 6 29
4 8 87
4 15 35
4 18 76
4 20 87
4 22 57
4 23 54
4 25 35
4 26 91
4 28 34
4 33 70
4 34 35
4 35 6
4 37 38
4 40 67
4 41 35
4 43 84
4 44 84
4 45 93
5 8 51
5 11 83
5 13 14
5 14 77
5 15 36
5 16 63
5 19 73
5 21 91
5 22 77
5 25 32
5 28 42
5 30 96
5 32 30
5 35 30
5 37 58
5 39 38
5 41 50
5 43 81
5 48 19
5 49 24
6 10 63
6 12 11
6 13 65
6 17 77
6 21 24
6 22 92
6 27 6
6 28 58
6 31 87
6 32 3
6 34 26
6 40 27
6 43 99
6 45 80
6 48 57
7 8 69
7 9 12
7 16 16
7 17 60
