50 1103 1
1 2 13
1 3 81
1 5 70
1 7 88
1 12 18
1 14 28
1 16 61
1 18 79
1 19 26
1 21 36
1 25 80
1 27 69
1 31 49
1 33 72
1 34 57
1 35 18
1 40 47
1 41 70
1 42 31
1 44 11
1 45 50
1 48 61
1 49 33
2 6 5
2 7 73
2 9 28
2 10 61
2 13 29
2 16 87
2 17 47
2 20 39
2 22 71
2 23 40
2 27 59
2 28 19
2 30 92
2 34 12
2 35 9
2 36 55
2 38 99
2 39 80
2 40 82
2 42 54
2 43 19
2 46 7
2 47 71
2 48 92
2 50 59
3 9 44
3 12 5
3 13 18
3 19 44
3 23 14
3 29 36
3 30 20
3 33 90
3 35 58
3 36 35
3 37 84
3 40 27
3 41 21
3 42 45
3 43 3
3 47 76
3 49 66
3 50 96
4 9 65
4 12 72
4 14 19
4 15 98
4 19 39
4 20 79
4 21 2
4 22 66
4 27 60
4 28 52
4 29 63
4 31 81
4 37 19
4 40 5
4 43 52
4 46 39
4 49 71
4 50 38
5 8 72
5 10 94
5 11 88
5 14 97
5 17 56
5 19 60
5 21 33
5 22 33
5 23 67
5 25 72
5 30 93
5 32 31
5 40 18
5 42 14
5 43 39
5 46 81
5 47 92
5 50 57
6 7 64
6 10 42
6 11 10
6 14 64
6 16 31
6 24 28
6 28 28
6 30 85
6 32 77
6 37 21
6 38 56
6 40 67
6 43 62
6 44 32
6 47 79
6 48 92
6 49 60
7 11 45
7 12 29
7 13 60
7 14 7
7 18 96
7 20 64
7 21 43
7 22 31
7 23 6
7 24 96
7 25 53
7 28 67
7 31 11
7 34 51
7 35 16
7 36 18
7 42 95
7 43 56
7 46 68
7 48 22
7 50 26
8 9 73
8 10 54
8 12 81
8 14 27
8 15 84
8 16 45
8 17 3
8 19 52
8 20 16
8 24 74
8 27 20
8 32 1
8 33 67
8 34 31
8 36 47
8 37 67
8 38 12
8 39 60
8 44 73
8 45 35
8 48 83
8 49 22
9 13 58
9 14 38
9 16 97
9 21 9
9 23 32
9 26 32
9 27 94
9 28 16
9 30 91
9 35 14
9 38 43
9 40 75
9 43 49
9 48 74
9 49 67
10 15 77
10 16 2
10 19 77
10 20 21
10 24 18
10 29 32
10 30 32
10 32 94
10 33 55
10 35 4
10 37 59
10 40 51
10 42 17
10 44 33
10 47 44
10 50 6
11 13 23
11 16 58
11 21 70
11 23 14
11 25 44
11 28 79
11 30 30
11 31 51
11 35 88
11 36 33
11 42 30
11 44 59
11 47 49
11 48 27
12 13 38
12 17 10
12 19 48
12 20 19
12 21 58
12 23 19
12 32 86
12 33 9
12 34 17
12 35 36
12 50 43
13 14 86
13 15 17
13 17 5
13 22 41
13 25 51
13 28 18
13 31 22
13 33 97
13 38 73
13 39 100
13 42 33
13 44 46
13 48 13
13 49 26
13 50 16
14 15 21
14 18 6
14 19 74
14 21 46
14 24 79
14 25 75
14 27 74
14 28 84
14 30 75
14 31 48
14 32 17
14 33 95
14 34 98
14 36 52
14 37 92
14 38 75
14 40 21
14 41 68
14 42 27
14 43 25
14 45 91
14 47 96
14 48 96
14 50 15
15 18 49
15 19 39
15 24 33
15 25 15
15 27 60
15 30 36
15 31 64
15 35 94
15 36 58
15 37 75
15 39 70
15 45 98
16 18 52
16 19 78
16 23 49
16 24 8
16 25 77
16 27 7
16 30 59
16 32 48
16 33 25
16 37 35
16 44 44
16 45 93
17 20 13
17 23 75
17 24 95
17 25 89
17 27 7
17 28 37
17 29 74
17 32 93
17 35 51
17 37 58
17 42 88
17 44 79
17 47 38
18 23 96
18 29 97
18 30 12
18 33 7
18 34 8
18 41 30
18 43 40
18 44 56
18 45 77
18 47 89
18 49 5
18 50 30
19 20 18
19 22 44
19 23 77
19 24 34
19 26 84
19 30 10
19 31 59
19 37 97
19 39 69
19 41 2
19 43 92
19 49 90
20 22 13
20 23 95
20 31 13
20 32 60
20 34 45
20 35 11
20 36 73
20 38 89
20 39 35
20 40 14
20 45 19
20 50 11
21 22 19
21 23 25
21 32 11
21 34 58
21 35 34
21 37 58
21 41 27
21 44 70
21 47 48
22 25 7
22 26 57
22 27 21
22 28 64
22 29 67
22 30 6
22 31 74
22 32 92
22 34 88
22 37 64
22 42 67
22 46 28
22 47 26
22 48 97
23 24 67
23 26 80
23 27 40
23 28 5
23 32 36
23 34 69
23 40 14
23 42 23
23 43 4
23 45 11
23 49 35
24 25 61
24 26 31
24 28 93
24 29 52
24 33 82
24 35 54
24 41 31
24 42 30
24 43 64
24 44 27
24 47 60
24 49 68
25 28 24
25 30 11
25 31 25
25 33 8
25 34 48
25 36 84
25 39 34
25 41 99
25 47 12
25 48 89
25 49 14
26 27 60
26 30 33
26 31 38
26 33 38
26 34 57
26 35 57
26 39 25
26 41 34
26 42 69
26 47 52
27 29 26
27 32 57
27 33 72
27 34 61
27 36 87
27 44 41
27 45 5
27 47 79
28 30 96
28 34 85
28 39 21
28 40 46
28 45 59
28 50 95
29 30 26
29 33 84
29 34 100
29 38 18
29 42 40
29 44 49
29 45 62
29 47 40
29 49 7
29 50 56
30 32 88
30 36 5
30 37 75
30 40 33
30 42 2
30 43 96
30 45 75
30 47 50
30 50 30
31 32 45
31 33 67
31 34 33
31 36 96
31 38 78
31 39 18
31 41 41
31 47 5
31 48 76
31 49 51
31 50 28
32 35 74
32 36 99
32 41 28
32 44 70
32 48 41
32 49 70
33 36 59
33 39 78
33 40 65
33 41 29
33 45 11
33 47 86
34 36 90
34 38 86
34 43 73
34 47 62
34 48 32
34 50 6
35 37 16
35 43 75
35 46 83
35 47 31
36 37 33
36 40 59
36 41 86
36 42 76
36 45 49
36 46 15
36 50 91
37 42 70
37 45 11
37 48 100
37 49 42
38 39 62
38 40 1
38 41 100
38 44 97
38 49 25
39 40 10
39 41 71
39 42 79
39 46 30
39 48 81
40 42 84
40 43 22
40 44 39
40 47 53
40 49 70
40 50 22
41 44 44
41 50 27
42 46 60
42 49 100
43 44 90
43 45 88
43 46 29
43 47 41
43 49 76
43 50 12
44 47 16
44 48 45
44 49 75
44 50 88
45 46 62
45 48 95
46 47 37
46 48 28
46 49 90
47 49 88
1 3 28
1 4 78
1 9 92
1 12 89
1 15 63
1 16 49
1 20 18
1 30 59
1 31 56
1 32 14
1 34 52
1 35 87
1 38 3
1 39 55
1 41 46
1 42 30
1 44 13
1 45 53
1 47 75
1 49 22
1 50 81
2 3 22
2 4 19
2 6 42
2 15 80
2 17 95
2 19 82
2 20 49
2 22 8
2 23 43
2 27 89
2 30 72
2 36 39
2 38 21
2 40 86
2 44 78
2 46 4
2 48 61
2 49 97
2 50 65
3 5 92
3 7 86
3 9 49
3 12 56
3 16 7
3 17 67
3 18 83
3 19 35
3 20 98
3 24 64
3 27 81
3 31 43
3 34 68
3 35 59
3 36 79
3 38 10
3 40 71
3 42 27
3 43 67
3 45 51
3 46 71
3 47 72
3 50 89
4 5 91
4 6 97
4 7 52
4 11 54
4 14 11
4 15 30
4 16 47
4 17 18
4 21 44
4 22 68
4 26 32
4 27 49
4 28 2
4 29 33
4 30 94
4 35 65
4 36 18
4 37 75
4 38 63
4 41 45
4 42 89
4 44 57
4 46 8
4 49 68
4 50 58
5 8 44
5 9 93
5 11 20
5 15 78
5 19 48
5 22 27
5 23 38
5 25 6
5 26 56
5 27 76
5 28 18
5 33 49
5 36 31
5 38 72
5 39 24
5 40 22
5 42 76
5 43 60
5 46 70
5 47 42
5 48 41
6 8 73
6 9 80
6 11 77
6 12 43
6 16 7
6 17 96
6 18 27
6 21 92
6 22 55
6 25 18
6 33 42
6 36 99
6 37 14
6 46 2
6 48 97
6 49 20
7 13 91
7 15 40
7 17 69
7 19 39
7 20 49
7 21 73
7 22 39
7 29 32
7 31 9
7 32 59
7 34 42
7 35 22
7 39 57
7 41 69
7 43 23
7 46 6
7 47 31
7 48 14
8 9 59
8 11 15
8 12 60
8 15 75
8 18 9
8 19 20
8 20 25
8 21 64
8 22 27
8 24 44
8 25 66
8 27 70
8 29 85
8 31 94
8 33 94
8 35 55
8 36 84
8 37 66
8 38 1
8 39 82
8 43 25
8 46 45
8 47 45
9 10 73
9 11 35
9 14 70
9 15 75
9 19 73
9 21 9
9 22 56
9 23 84
9 25 57
9 26 62
9 27 99
9 29 52
9 32 34
9 33 88
9 34 76
9 38 88
9 42 61
9 46 34
9 49 72
10 11 19
10 13 13
10 16 90
10 18 1
10 28 29
10 30 90
10 33 92
10 34 26
10 35 80
10 36 94
10 39 34
10 40 99
10 47 45
11 14 50
11 15 28
11 18 61
11 20 78
11 23 41
11 24 39
11 29 89
11 33 74
11 34 5
11 36 29
11 41 86
11 42 30
11 45 85
11 49 67
11 50 65
12 17 83
12 23 10
12 30 28
12 31 8
12 33 48
12 35 52
12 36 93
12 37 16
12 38 24
12 39 60
12 41 70
12 42 23
12 44 29
12 45 34
12 46 12
12 47 90
13 16 17
13 17 68
13 18 58
13 21 66
13 22 8
13 25 22
13 27 73
13 28 15
13 33 84
13 37 63
13 44 65
13 48 6
13 50 8
14 18 14
14 21 32
14 23 73
14 26 39
14 28 68
14 31 49
14 32 39
14 36 31
14 38 92
14 40 73
14 42 21
14 44 32
14 45 22
15 16 66
15 17 9
15 19 58
15 20 15
15 23 48
15 28 36
15 36 75
15 37 68
15 40 23
15 41 73
15 43 100
15 45 75
15 46 96
15 48 20
15 50 100
16 17 29
16 23 31
16 28 77
16 31 4
16 35 18
16 36 31
16 37 70
16 39 77
16 40 12
16 45 56
16 47 11
16 49 75
17 21 47
17 24 81
17 26 75
17 29 81
17 30 29
17 32 17
17 33 34
17 36 90
17 39 31
17 40 61
17 41 95
17 48 32
17 49 93
17 50 89
18 22 10
18 25 85
18 28 73
18 29 65
18 34 32
18 37 98
18 38 38
18 39 66
18 41 75
18 44 36
18 46 78
18 47 86
18 48 64
19 21 5
19 24 36
19 30 3
19 31 42
19 35 86
19 39 70
19 40 19
19 42 56
19 47 54
19 50 39
20 21 55
20 23 3
20 27 54
20 28 76
20 29 53
20 31 45
20 32 46
20 33 78
20 34 93
20 35 41
20 36 7
20 37 44
20 39 91
20 42 2
20 44 25
20 49 84
21 22 83
21 24 29
21 27 47
21 30 81
21 31 89
21 36 48
21 40 37
21 41 91
21 43 25
21 44 76
21 45 91
21 46 63
21 47 75
21 50 82
22 25 7
22 26 10
22 27 44
22 30 38
22 33 45
22 35 76
22 36 60
22 38 2
22 41 75
22 47 54
23 25 92
23 26 15
23 31 89
23 48 27
24 26 9
24 27 98
24 28 10
24 30 97
24 31 79
24 33 56
24 35 30
24 37 30
24 38 17
24 40 50
24 44 32
24 47 65
24 49 77
25 26 89
25 28 4
25 32 37
25 35 56
25 36 24
25 40 99
25 45 16
25 47 8
25 48 73
26 30 48
26 33 47
26 36 5
26 38 90
26 45 72
26 47 10
27 29 99
27 31 74
27 36 25
27 41 97
27 43 16
27 46 73
27 47 12
27 48 49
28 30 34
28 31 42
28 33 46
28 34 86
28 36 59
28 37 92
28 39 27
28 41 19
28 43 60
28 44 31
28 46 55
28 47 36
29 34 1
29 35 25
29 44 74
29 46 49
29 48 5
29 49 95
30 33 94
30 36 87
30 42 2
31 33 2
31 37 39
31 41 45
31 44 56
31 46 56
31 49 64
31 50 7
32 34 17
32 39 40
32 41 87
32 42 49
32 46 8
33 35 13
33 36 63
33 41 25
33 43 14
33 47 68
33 48 31
33 50 57
34 35 53
34 43 55
34 49 14
35 36 34
35 38 81
35 39 84
35 43 7
35 46 44
35 48 61
35 49 92
36 38 38
36 39 67
36 47 85
36 48 1
36 49 91
36 50 53
37 42 10
37 46 67
37 47 12
38 39 51
38 47 67
38 48 96
39 43 71
39 44 48
39 46 82
39 48 40
39 50 89
40 44 99
40 47 99
41 42 8
41 45 94
41 47 45
41 48 80
41 49 46
42 43 4
42 45 30
42 46 43
42 49 74
43 45 78
43 46 34
43 48 9
43 50 20
44 46 59
44 50 60
45 46 46
45 50 57
47 48 80
48 50 25
49 50 34
1 3 90
1 4 98
1 6 90
1 7 4
1 11 35
1 14 46
1 15 99
1 18 41
1 24 98
1 26 77
1 29 57
1 30 36
1 31 57
1 32 74
1 34 88
1 35 54
1 36 92
1 39 42
1 40 53
1 47 68
1 48 97
1 49 87
1 50 4
2 4 71
2 5 27
2 9 94
2 12 34
2 13 70
2 21 10
2 23 59
2 24 31
2 26 8
2 27 22
2 34 1
2 35 41
2 37 11
2 40 100
2 42 46
2 45 14
2 47 65
2 49 89
3 5 30
3 6 4
3 8 97
3 10 20
3 11 65
3 13 2
3 14 26
3 26 72
3 28 3
3 30 4
3 31 66
3 33 36
3 34 82
3 35 90
3 36 61
3 37 55
3 39 97
3 42 9
3 45 40
3 46 27
3 48 71
3 49 79
4 6 43
4 7 68
4 8 66
4 11 1
4 12 24
4 13 82
4 14 50
4 17 67
4 21 25
4 22 34
4 26 96
4 29 24
4 35 22
4 39 93
4 46 35
4 48 78
4 49 79
4 50 18
5 6 84
5 14 56
5 15 27
5 16 80
5 19 99
5 22 7
5 26 38
5 28 42
5 29 98
5 33 1
5 36 78
5 38 40
5 40 15
5 41 63
5 43 48
5 46 47
5 49 71
5 50 91
6 10 99
6 12 63
6 14 45
6 17 97
6 20 64
6 21 48
