50 1103 1
1 2 68
1 6 78
1 8 66
1 10 61
1 15 19
1 16 8
1 18 73
1 19 15
1 20 12
1 21 48
1 29 8
1 30 57
1 34 92
1 38 81
1 39 18
1 43 11
1 46 96
1 48 7
1 49 77
2 3 69
2 4 40
2 5 16
2 13 48
2 18 90
2 19 37
2 22 42
2 24 95
2 26 35
2 27 85
2 28 90
2 29 47
2 31 6
2 34 2
2 35 80
2 37 15
2 38 43
2 42 79
2 47 45
2 50 64
3 5 59
3 10 7
3 14 1
3 17 36
3 28 39
3 29 24
3 30 8
3 31 90
3 32 35
3 35 55
3 36 77
3 37 64
3 43 75
3 45 55
3 46 25
3 48 15
3 49 43
3 50 1
4 5 34
4 6 53
4 10 55
4 13 36
4 14 18
4 16 16
4 17 48
4 18 60
4 22 22
4 25 73
4 26 42
4 28 97
4 29 39
4 33 4
4 35 12
4 37 98
4 41 84
4 43 24
4 46 2
4 47 74
4 49 88
5 6 36
5 7 60
5 18 11
5 22 75
5 27 89
5 34 6
5 35 5
5 36 23
5 41 49
5 47 85
5 48 90
5 50 61
6 9 8
6 10 60
6 14 60
6 16 71
6 17 12
6 18 70
6 19 86
6 20 21
6 21 41
6 23 35
6 24 34
6 32 29
6 40 13
6 41 1
6 46 30
6 48 66
6 49 61
6 50 42
7 8 55
7 9 49
7 10 15
7 14 5
7 17 90
7 18 51
7 22 7
7 23 57
7 24 8
7 25 5
7 27 45
7 29 48
7 30 18
7 35 44
7 37 69
7 40 68
7 41 69
7 42 81
7 48 21
7 50 8
8 10 100
8 12 96
8 14 66
8 17 14
8 21 72
8 24 79
8 25 59
8 26 97
8 28 41
8 33 14
8 39 35
8 43 64
8 44 78
8 46 24
8 48 89
8 49 65
9 10 91
9 16 10
9 17 25
9 18 43
9 19 65
9 20 2
9 22 47
9 26 13
9 30 89
9 39 59
9 40 79
9 41 15
9 45 66
9 49 60
10 11 47
10 17 56
10 20 4
10 22 58
10 23 12
10 24 79
10 25 47
10 28 79
10 29 75
10 31 42
10 32 34
10 34 13
10 36 42
10 41 52
10 46 10
10 50 51
11 18 96
11 20 45
11 23 84
11 25 69
11 28 14
11 31 47
11 37 70
11 39 74
11 40 73
11 42 99
11 43 50
11 44 98
11 48 75
11 49 52
12 16 45
12 24 10
12 29 38
12 37 21
12 40 86
12 43 77
12 45 87
12 47 62
13 17 3
13 21 79
13 27 65
13 28 87
13 29 19
13 30 40
13 31 96
13 35 29
13 38 52
13 39 85
13 46 59
13 47 20
13 49 42
13 50 14
14 15 83
14 17 21
14 18 47
14 19 45
14 21 30
14 23 10
14 27 72
14 28 57
14 30 60
14 35 15
14 36 64
14 37 35
14 39 85
14 40 19
14 44 29
14 45 26
14 46 22
14 47 37
14 50 55
15 19 34
15 27 20
15 39 33
15 40 59
15 43 18
15 44 89
16 17 56
16 21 3
16 23 62
16 25 69
16 26 12
16 30 2
16 32 92
16 35 66
16 36 12
16 37 10
16 42 55
16 43 75
16 48 75
16 50 66
17 28 9
17 30 89
17 34 66
17 39 77
17 40 17
17 43 55
17 44 97
17 46 39
17 49 5
17 50 17
18 21 90
18 22 66
18 25 13
18 28 58
18 30 35
18 32 59
18 33 86
18 34 34
18 36 70
18 37 40
18 42 13
18 44 7
18 48 39
19 21 72
19 25 25
19 26 81
19 27 97
19 30 66
19 32 72
19 34 15
19 40 30
19 41 99
19 43 27
19 45 97
19 49 87
20 21 76
20 23 23
20 24 73
20 25 84
20 26 73
20 28 34
20 31 35
20 32 32
20 33 18
20 35 8
20 36 29
20 37 35
20 39 37
20 40 57
20 43 89
20 44 66
20 45 19
20 47 70
20 49 37
21 29 87
21 33 96
21 35 60
21 36 20
21 39 82
21 41 71
21 49 43
22 23 72
22 29 10
22 30 53
22 31 1
22 37 53
22 39 65
22 43 75
22 50 90
23 26 14
23 31 6
23 33 40
23 35 92
23 38 52
23 42 63
23 43 39
23 44 57
23 47 1
24 25 26
24 26 62
24 29 58
24 30 9
24 36 1
24 41 38
24 43 58
24 46 8
24 47 59
24 49 14
24 50 14
25 26 25
25 29 81
25 30 30
25 35 10
25 36 49
25 40 19
25 42 9
25 45 30
25 47 83
26 27 100
26 30 22
26 32 51
26 33 74
26 34 89
26 37 55
26 39 95
26 40 92
26 42 36
26 44 40
26 45 32
26 46 89
26 49 17
27 28 46
27 29 48
27 30 25
27 31 60
27 36 32
27 41 87
27 43 89
27 46 28
27 47 10
27 48 47
27 50 57
28 29 90
28 30 89
28 31 34
28 32 34
28 34 47
28 39 20
28 42 38
28 48 90
28 50 28
29 31 32
29 32 54
29 37 91
29 38 63
29 41 74
29 44 43
29 46 73
29 47 54
30 31 99
30 32 25
30 34 88
30 40 18
30 41 53
30 42 32
30 43 13
30 45 91
30 46 66
31 35 67
31 36 70
31 37 5
31 40 59
31 41 84
31 42 61
31 43 60
31 44 39
31 45 13
31 47 22
31 50 41
32 37 35
32 39 96
32 40 43
32 42 1
32 44 17
32 46 23
32 49 11
32 50 59
33 37 41
33 39 93
33 40 15
33 47 98
34 43 71
34 44 14
34 49 45
34 50 15
35 40 80
35 41 46
35 45 93
35 47 82
35 48 20
36 41 35
36 42 83
36 47 39
36 48 61
37 38 79
37 41 99
37 45 51
37 46 81
37 48 76
37 49 18
38 39 22
38 43 26
38 46 17
38 47 39
39 43 94
39 45 16
39 48 91
39 49 4
40 48 45
40 50 65
41 43 33
41 44 64
41 45 77
41 46 73
41 48 79
41 49 45
41 50 68
42 44 36
42 45 91
42 46 44
42 47 45
42 48 83
42 50 52
43 45 98
43 46 53
43 47 66
43 49 8
44 47 43
44 48 95
44 49 10
44 50 98
46 47 2
46 49 53
47 48 81
1 4 22
1 5 89
1 6 73
1 9 8
1 12 2
1 13 19
1 15 46
1 16 13
1 19 97
1 20 95
1 22 59
1 23 97
1 25 88
1 26 4
1 27 90
1 29 89
1 30 89
1 33 56
1 35 73
1 37 21
1 41 94
1 42 60
1 44 10
1 45 95
2 3 80
2 4 62
2 7 90
2 8 27
2 13 98
2 16 97
2 20 23
2 23 41
2 26 54
2 28 16
2 34 58
2 35 40
2 36 75
2 38 54
2 39 45
2 40 66
2 41 45
2 43 15
2 44 41
2 45 25
2 46 65
2 50 77
3 7 54
3 8 60
3 10 22
3 11 14
3 12 45
3 16 34
3 25 75
3 26 20
3 27 83
3 28 96
3 29 53
3 32 25
3 35 74
3 36 86
3 37 80
3 40 30
3 42 71
3 44 31
3 45 23
3 48 74
3 50 62
4 5 8
4 6 30
4 7 1
4 8 27
4 9 79
4 11 68
4 12 71
4 14 16
4 15 60
4 18 73
4 21 53
4 23 6
4 24 44
4 25 49
4 26 98
4 28 80
4 29 37
4 34 33
4 39 55
4 41 43
4 43 97
4 46 1
4 49 35
5 7 32
5 8 27
5 9 86
5 10 62
5 13 7
5 15 21
5 16 32
5 21 95
5 31 73
5 32 62
5 33 50
5 37 38
5 39 43
5 40 96
5 41 24
5 44 26
5 45 63
6 7 73
6 8 12
6 9 82
6 12 88
6 13 36
6 14 99
6 15 57
6 17 14
6 19 73
6 20 5
6 23 93
6 26 10
6 28 74
6 32 32
6 38 19
6 41 100
6 46 41
6 47 73
7 8 84
7 9 2
7 11 15
7 15 1
7 19 84
7 21 41
7 25 82
7 26 85
7 27 61
7 29 15
7 33 86
7 36 84
7 41 29
7 42 96
7 45 34
7 47 58
7 48 29
8 10 22
8 11 60
8 14 18
8 15 1
8 17 25
8 22 76
8 23 43
8 24 59
8 27 4
8 31 12
8 33 2
8 34 76
8 35 19
8 37 42
8 41 29
8 42 49
8 45 99
8 47 10
8 49 63
8 50 74
9 12 8
9 17 15
9 18 23
9 20 67
9 21 40
9 22 85
9 23 33
9 24 86
9 29 59
9 34 98
9 39 50
9 40 58
9 41 41
9 42 18
9 48 69
9 49 36
10 11 29
10 12 100
10 17 53
10 18 7
10 20 27
10 25 61
10 26 48
10 27 68
10 28 64
10 29 5
10 31 74
10 34 24
10 35 66
10 36 16
10 39 47
10 40 18
10 43 73
10 47 77
10 50 37
11 14 87
11 15 1
11 19 46
11 22 28
11 23 8
11 25 52
11 28 66
11 30 12
11 33 84
11 35 18
11 36 97
11 37 90
11 38 54
11 40 22
11 41 29
11 45 40
11 50 7
12 14 46
12 15 5
12 18 100
12 20 55
12 21 50
12 22 24
12 23 88
12 24 51
12 26 1
12 29 92
12 31 81
12 33 55
12 35 28
12 36 60
12 38 68
12 39 40
12 41 100
12 42 100
12 44 57
12 45 67
12 47 14
12 49 35
13 15 2
13 16 81
13 17 35
13 18 81
13 19 8
13 22 89
13 23 50
13 24 98
13 25 70
13 26 11
13 27 71
13 28 1
13 29 63
13 30 96
13 32 62
13 37 42
13 38 24
13 39 20
13 41 5
13 42 53
13 46 7
13 47 75
13 48 60
14 15 25
14 19 72
14 20 12
14 25 74
14 27 48
14 28 2
14 35 4
14 37 6
14 45 12
15 17 73
15 18 82
15 19 18
15 20 95
15 21 38
15 25 59
15 29 76
15 30 49
15 32 76
15 33 28
15 36 96
15 38 24
15 40 72
15 44 64
15 45 79
15 47 68
15 49 11
16 22 91
16 28 65
16 29 94
16 30 42
16 32 59
16 34 2
16 36 20
16 37 28
16 38 45
16 42 66
16 43 50
16 47 94
16 48 98
16 49 97
17 19 31
17 23 87
17 25 98
17 26 10
17 27 29
17 28 22
17 29 24
17 30 72
17 32 33
17 36 42
17 40 78
17 44 40
17 45 82
17 46 74
17 49 77
17 50 87
18 19 44
18 28 50
18 29 79
18 31 47
18 34 97
18 35 53
18 36 9
18 38 29
18 40 36
18 42 84
18 43 93
18 46 5
18 47 55
18 50 79
19 20 83
19 22 7
19 23 61
19 25 73
19 26 1
19 27 46
19 35 66
19 36 68
19 42 51
19 43 39
19 46 78
19 47 55
19 50 73
20 21 63
20 25 33
20 29 12
20 35 77
20 37 64
20 38 54
20 41 87
20 44 50
20 45 62
20 47 43
20 48 86
20 49 24
21 22 60
21 23 73
21 24 45
21 25 44
21 28 98
21 30 61
21 31 4
21 33 97
21 34 90
21 35 61
21 38 83
21 45 4
21 50 9
22 23 7
22 25 53
22 28 71
22 29 58
22 32 54
22 35 29
22 44 93
23 25 8
23 26 34
23 27 57
23 29 76
23 34 51
23 37 96
23 38 16
23 39 34
23 41 64
23 48 32
23 50 6
24 27 5
24 29 53
24 39 2
24 44 11
24 45 78
24 49 49
24 50 77
25 28 41
25 30 65
25 31 21
25 32 81
25 38 88
25 39 15
25 42 52
25 43 78
25 46 9
25 48 82
25 49 65
25 50 57
26 28 20
26 30 64
26 35 63
26 37 7
26 39 63
26 43 3
26 45 47
26 50 85
27 28 65
27 34 8
27 35 93
27 37 42
27 38 45
27 40 9
27 45 28
27 47 79
27 48 85
27 49 60
28 30 72
28 33 46
28 35 11
28 36 62
28 37 3
28 38 70
28 39 70
28 40 32
28 43 60
28 45 88
28 47 71
29 31 81
29 34 9
29 38 63
29 39 2
29 40 88
29 41 32
29 43 32
29 45 37
29 46 78
29 47 97
30 32 1
30 39 81
30 43 25
30 45 53
30 49 83
31 32 9
31 34 48
31 35 60
31 36 22
31 37 70
31 39 40
31 41 100
31 43 33
31 44 98
31 47 33
31 50 70
32 33 17
32 34 52
32 35 18
32 41 31
32 45 49
32 47 49
32 48 31
33 35 24
33 39 87
33 40 53
33 41 80
33 43 94
33 45 9
34 37 46
34 40 24
34 41 13
34 45 10
34 46 25
34 47 69
34 48 6
34 50 46
35 37 59
35 38 2
35 39 100
35 41 79
35 43 31
35 46 27
35 50 98
36 37 6
36 41 10
36 42 29
36 43 96
37 43 81
37 47 24
37 49 6
38 39 53
38 44 26
38 45 32
38 47 66
38 49 6
39 40 1
39 41 38
39 42 61
39 45 94
39 46 71
39 47 82
39 49 80
39 50 36
40 43 34
40 44 4
40 45 8
41 43 59
41 44 67
41 45 51
41 46 56
41 47 44
42 46 94
42 48 69
43 46 44
43 48 95
43 50 70
44 48 93
44 49 47
45 47 5
45 50 76
46 47 57
47 49 5
47 50 86
48 49 57
1 4 3
1 5 85
1 7 10
1 8 81
1 9 27
1 10 67
1 13 9
1 14 13
1 18 83
1 20 43
1 21 44
1 24 10
1 34 71
1 35 87
1 36 2
1 37 21
1 38 29
1 41 39
1 42 3
1 45 60
1 48 58
1 50 13
2 3 58
2 6 25
2 10 72
2 11 34
2 13 77
2 17 17
2 19 70
2 23 100
2 26 67
2 27 51
2 29 58
2 34 73
2 36 25
2 38 84
2 39 54
2 41 83
2 42 85
2 45 66
2 46 27
2 47 88
2 48 13
2 49 48
2 50 80
3 6 10
3 11 40
3 12 55
3 13 13
3 17 83
3 18 39
3 19 38
3 22 33
3 23 98
3 27 81
3 28 84
3 29 83
3 30 5
3 31 45
3 32 47
3 42 74
3 45 9
3 47 21
3 49 98
4 6 63
4 13 40
4 14 87
4 18 2
4 19 85
4 20 54
4 22 97
4 25 38
4 29 58
4 30 58
4 31 94
4 34 33
4 35 46
4 43 51
4 46 45
4 47 96
4 48 41
4 49 21
4 50 37
5 11 40
5 14 75
5 19 94
5 20 91
5 21 75
5 22 27
5 26 32
5 29 6
5 30 56
5 31 43
5 32 25
5 33 58
5 36 5
5 39 37
5 42 98
5 44 74
5 45 80
5 46 95
5 49 77
