50 1103 1
1 2 72
1 5 18
1 6 25
1 10 66
1 12 46
1 13 1
1 14 62
1 15 5
1 17 61
1 20 55
1 22 29
1 24 39
1 25 89
1 27 71
1 31 60
1 33 63
1 34 7
1 36 76
1 40 37
1 41 30
1 43 58
1 44 36
1 50 29
2 6 74
2 7 23
2 8 100
2 13 81
2 15 23
2 20 66
2 21 91
2 31 41
2 32 1
2 33 62
2 34 44
2 38 39
2 43 24
2 46 36
3 4 50
3 6 53
3 7 98
3 9 24
3 13 73
3 16 60
3 18 12
3 19 76
3 26 1
3 30 68
3 32 16
3 33 22
3 34 83
3 39 58
3 41 10
3 42 10
3 43 48
3 48 30
3 49 52
4 5 67
4 7 100
4 10 14
4 12 20
4 15 46
4 21 17
4 22 17
4 23 17
4 25 15
4 26 45
4 27 42
4 33 36
4 34 56
4 39 96
4 42 73
4 46 34
4 47 18
4 48 14
4 50 50
5 8 94
5 12 58
5 15 18
5 17 40
5 20 38
5 24 36
5 25 47
5 27 98
5 35 25
5 39 46
5 41 24
5 46 99
5 48 35
5 50 60
6 8 64
6 11 18
6 15 9
6 20 59
6 22 66
6 29 92
6 32 65
6 34 56
6 40 35
6 42 20
6 43 32
6 45 52
6 47 95
6 48 89
6 49 24
7 9 93
7 10 86
7 13 6
7 17 51
7 18 27
7 19 57
7 20 11
7 22 95
7 28 49
7 29 100
7 33 56
7 37 9
7 44 97
7 45 76
7 47 90
7 48 40
7 50 43
8 9 74
8 14 56
8 17 1
8 19 55
8 20 90
8 22 89
8 24 5
8 27 20
8 30 83
8 35 41
8 36 93
8 37 44
8 38 30
8 40 60
8 41 94
9 13 4
9 17 84
9 19 86
9 20 50
9 21 98
9 27 19
9 31 60
9 33 89
9 35 58
9 36 38
9 41 64
9 45 49
9 49 91
9 50 1
10 11 92
10 12 86
10 14 77
10 16 31
10 17 29
10 18 64
10 21 77
10 25 96
10 26 78
10 29 93
10 30 15
10 32 24
10 33 14
10 34 76
10 35 4
10 36 39
10 37 97
10 40 34
10 45 81
10 46 54
10 47 64
11 14 50
11 19 14
11 20 75
11 25 52
11 28 28
11 30 6
11 31 22
11 42 48
11 45 19
11 48 61
11 50 80
12 14 38
12 15 62
12 16 61
12 19 13
12 21 75
12 24 2
12 25 98
12 27 94
12 29 94
12 34 81
12 36 61
12 43 8
12 45 70
12 50 35
13 19 51
13 20 2
13 30 90
13 34 97
13 37 83
13 38 57
13 39 47
13 42 4
13 46 66
13 47 40
13 48 49
14 15 70
14 20 37
14 25 81
14 26 12
14 27 1
14 30 62
14 32 57
14 33 53
14 34 27
14 37 88
14 38 85
14 39 81
14 41 64
14 43 57
14 45 89
14 47 70
14 50 30
15 20 34
15 21 60
15 24 100
15 25 45
15 26 43
15 27 23
15 28 85
15 31 99
15 33 40
15 34 25
15 35 16
15 36 31
15 37 57
15 38 4
15 39 61
15 43 3
15 47 25
15 48 28
15 50 15
16 19 75
16 21 16
16 23 49
16 25 90
16 27 42
16 30 82
16 32 2
16 33 65
16 34 84
16 41 49
16 45 19
16 48 41
17 18 86
17 24 49
17 26 44
17 34 66
17 38 60
17 41 40
17 42 84
17 44 27
17 45 39
17 49 98
18 20 31
18 25 69
18 26 53
18 27 20
18 31 50
18 32 82
18 36 51
18 42 28
18 44 51
18 46 92
18 48 8
18 49 71
19 20 44
19 22 43
19 26 5
19 27 51
19 30 24
19 31 19
19 32 93
19 34 46
19 38 87
19 39 70
19 44 60
19 49 22
20 21 4
20 25 14
20 27 9
20 28 20
20 29 23
20 32 1
20 33 81
20 35 33
20 38 97
20 41 47
20 42 30
20 46 62
20 47 48
20 49 78
21 25 28
21 26 33
21 27 74
21 28 47
21 30 82
21 32 27
21 33 76
21 34 38
21 38 4
21 46 5
21 49 92
21 50 6
22 23 94
22 26 25
22 30 20
22 31 87
22 32 45
22 33 1
22 35 6
22 40 41
22 42 59
22 45 68
22 49 24
22 50 94
23 24 39
23 25 60
23 27 8
23 30 65
23 31 90
23 33 29
23 36 48
23 40 11
23 44 50
23 45 2
23 46 76
23 49 55
24 25 52
24 27 7
24 32 6
24 35 100
24 38 81
24 39 64
24 48 21
25 26 42
25 30 45
25 35 97
25 36 92
25 39 46
25 44 58
25 46 42
25 47 96
25 48 22
26 29 43
26 30 71
26 31 99
26 38 31
26 40 81
26 41 1
26 42 35
26 48 7
26 49 95
27 29 38
27 34 59
27 35 77
27 36 20
27 38 38
27 40 27
27 44 28
27 46 92
27 47 29
28 29 87
28 30 78
28 31 15
28 33 39
28 34 27
28 36 36
28 37 70
28 38 74
28 40 50
28 41 84
28 42 58
28 46 16
28 49 43
29 30 38
29 31 33
29 34 87
29 38 49
29 40 56
29 42 26
29 44 72
29 46 19
29 47 96
29 48 18
30 32 97
30 34 58
30 35 28
30 38 61
30 42 75
30 45 36
30 46 69
30 49 64
31 32 52
31 36 47
31 38 29
31 39 44
31 40 36
31 42 15
31 43 67
31 44 2
31 45 82
31 46 94
31 47 76
31 49 64
32 33 34
32 34 89
32 35 53
32 36 13
32 39 45
32 41 42
32 45 32
32 49 56
33 37 88
33 38 46
33 41 29
33 42 23
34 36 9
34 40 52
34 44 58
34 46 40
34 49 29
35 36 44
35 41 50
35 42 85
35 44 94
35 48 43
36 39 22
36 41 45
36 44 87
36 46 4
36 48 11
36 49 87
37 39 94
37 40 69
37 41 29
37 44 55
37 46 10
38 39 88
38 40 19
38 42 69
38 47 34
39 42 79
39 43 97
39 44 43
39 48 1
39 50 97
40 41 24
40 43 47
40 45 29
40 46 19
40 50 90
41 42 57
41 43 40
41 44 69
41 45 70
41 47 55
41 49 1
41 50 47
42 43 70
42 44 95
42 45 14
42 46 54
42 49 98
43 45 10
43 47 10
43 48 38
43 49 63
44 49 68
45 46 33
45 47 60
45 49 58
46 47 2
46 49 1
47 50 49
49 50 90
1 2 34
1 3 66
1 5 67
1 6 83
1 8 83
1 12 61
1 13 80
1 14 49
1 17 8
1 18 56
1 21 64
1 27 24
1 29 83
1 31 98
1 32 79
1 34 21
1 39 1
1 47 82
1 50 92
2 4 63
2 12 41
2 13 68
2 14 45
2 18 11
2 19 40
2 20 9
2 21 45
2 22 45
2 28 27
2 29 5
2 30 95
2 32 2
2 34 93
2 35 42
2 36 99
2 37 10
2 39 63
2 40 16
2 41 58
2 43 71
2 44 31
2 45 32
2 46 46
3 4 43
3 5 25
3 6 64
3 9 8
3 10 52
3 15 70
3 16 81
3 21 71
3 22 21
3 25 44
3 26 12
3 28 36
3 30 60
3 32 23
3 33 8
3 34 69
3 36 36
3 41 30
3 43 15
3 44 27
3 47 92
3 49 85
3 50 59
4 6 36
4 7 42
4 8 41
4 9 99
4 12 53
4 13 11
4 16 23
4 19 29
4 22 79
4 24 86
4 27 94
4 28 71
4 30 89
4 36 26
4 37 93
4 41 6
4 42 35
4 49 74
4 50 72
5 9 35
5 12 53
5 15 97
5 19 47
5 28 55
5 29 16
5 30 13
5 32 96
5 33 73
5 35 44
5 36 56
5 38 74
5 42 98
5 43 83
5 47 59
6 7 17
6 11 10
6 18 95
6 27 58
6 28 17
6 32 82
6 33 7
6 34 14
6 35 15
6 36 8
6 39 66
6 40 30
6 43 69
6 45 29
7 9 87
7 13 40
7 14 29
7 15 45
7 19 34
7 20 47
7 21 64
7 22 78
7 23 4
7 27 93
7 37 50
7 40 97
7 50 79
8 10 97
8 13 24
8 19 89
8 22 100
8 27 98
8 28 93
8 29 100
8 33 12
8 34 78
8 36 59
8 39 1
8 41 2
8 43 39
8 44 15
8 45 62
8 46 85
8 48 16
8 49 41
9 12 24
9 22 35
9 23 44
9 26 89
9 27 2
9 28 8
9 30 77
9 34 44
9 37 58
9 41 70
9 47 79
9 48 71
9 49 66
10 13 100
10 15 10
10 17 29
10 22 2
10 27 22
10 29 96
10 30 76
10 35 32
10 37 59
10 39 83
10 41 76
10 42 21
10 46 39
10 48 63
10 50 1
11 12 46
11 14 2
11 16 95
11 20 32
11 21 21
11 25 96
11 27 8
11 32 87
11 35 68
11 38 20
11 43 46
11 45 31
11 47 22
12 14 11
12 17 30
12 18 21
12 20 77
12 23 63
12 28 21
12 31 86
12 37 82
12 44 48
12 49 33
12 50 8
13 14 57
13 15 91
13 17 86
13 18 57
13 20 18
13 21 6
13 22 86
13 23 10
13 24 64
13 27 48
13 30 11
13 33 97
13 34 41
13 35 45
13 36 6
13 37 59
13 45 25
13 47 26
13 49 31
13 50 52
14 15 20
14 16 72
14 25 62
14 27 43
14 30 45
14 32 73
14 33 94
14 35 52
14 39 77
14 40 60
14 41 97
14 42 39
14 47 10
14 50 83
15 18 57
15 20 75
15 21 9
15 23 44
15 25 46
15 34 69
15 38 5
15 39 20
15 44 28
15 48 50
15 49 94
16 17 69
16 20 65
16 21 25
16 22 26
16 23 15
16 27 3
16 29 22
16 30 77
16 32 88
16 35 71
16 37 89
16 41 42
16 46 13
16 48 41
17 21 2
17 22 80
17 24 95
17 26 15
17 27 65
17 28 40
17 29 81
17 30 54
17 31 95
17 33 58
17 35 10
17 36 66
17 38 25
17 39 81
17 40 51
17 41 69
17 46 4
17 47 21
17 49 8
18 19 27
18 22 88
18 25 88
18 26 50
18 27 56
18 29 28
18 30 2
18 35 31
18 36 77
18 42 12
18 43 4
18 44 13
18 50 93
19 20 48
19 24 80
19 26 12
19 28 3
19 30 9
19 31 63
19 32 78
19 36 48
19 37 67
19 42 84
19 43 22
19 47 24
19 48 80
19 50 94
20 21 34
20 23 45
20 30 49
20 32 77
20 34 14
20 36 92
20 37 97
20 40 100
20 43 49
20 44 15
20 48 75
20 49 56
20 50 63
21 24 88
21 26 92
21 28 50
21 30 17
21 33 56
21 35 45
21 42 73
21 45 52
21 46 28
21 47 59
21 49 27
21 50 11
22 25 94
22 27 4
22 29 91
22 30 41
22 31 68
22 32 11
22 40 99
22 41 93
22 43 7
22 45 79
22 46 59
22 48 76
22 49 29
23 26 21
23 27 48
23 33 11
23 35 45
23 38 27
23 39 4
23 40 9
23 47 42
23 48 73
23 50 58
24 25 27
24 27 43
24 28 38
24 31 20
24 35 59
24 44 16
24 47 59
24 49 96
25 27 76
25 32 80
25 34 82
25 37 32
25 42 44
25 44 67
25 48 72
25 49 49
25 50 96
26 33 19
26 34 31
26 35 95
26 37 29
26 40 99
26 41 80
26 42 62
26 47 95
27 29 86
27 31 27
27 32 36
27 33 80
27 35 3
27 44 61
27 46 6
27 47 82
28 29 15
28 32 24
28 33 19
28 34 52
28 35 100
28 37 59
28 40 57
28 41 65
28 43 48
28 44 97
28 49 58
29 30 82
29 32 41
29 33 24
29 34 6
29 39 46
29 40 8
29 43 19
29 44 84
29 47 43
29 48 81
29 50 87
30 31 20
30 32 1
30 35 37
30 37 10
30 38 81
30 39 12
30 40 60
30 45 8
31 32 32
31 35 47
31 38 70
31 41 64
31 42 99
31 44 12
31 46 27
31 50 72
32 35 31
32 36 58
32 37 9
32 40 73
32 41 93
32 43 98
32 46 60
32 47 79
32 49 39
33 36 35
33 37 44
33 38 87
33 40 49
33 46 38
34 38 45
34 41 42
34 44 79
34 49 92
35 38 8
35 39 89
35 42 94
35 46 37
35 47 23
35 49 87
35 50 26
36 37 33
36 38 57
36 42 98
36 43 85
36 45 6
37 38 37
37 39 79
37 40 17
37 42 94
37 46 86
37 47 3
37 48 64
37 49 98
38 39 24
38 40 20
38 43 41
38 48 21
38 50 50
39 42 89
39 43 72
39 45 74
39 47 2
39 49 82
39 50 82
40 41 76
40 44 89
40 47 22
41 43 30
41 47 94
41 49 58
42 47 17
42 50 21
43 46 13
44 45 3
44 46 33
44 48 31
45 48 84
45 49 100
45 50 60
47 49 94
47 50 75
48 49 81
1 6 62
1 8 22
1 16 22
1 18 81
1 21 61
1 22 11
1 24 16
1 25 61
1 28 2
1 30 68
1 31 91
1 33 21
1 35 62
1 36 61
1 38 51
1 39 64
1 43 83
1 44 50
1 45 85
2 4 45
2 5 40
2 8 84
2 10 60
2 11 32
2 13 36
2 14 51
2 16 54
2 17 49
2 19 19
2 20 4
2 21 60
2 24 6
2 27 43
2 30 89
2 32 8
2 33 58
2 36 95
2 37 68
2 38 96
2 42 91
2 46 72
2 47 25
2 49 51
3 6 14
3 10 28
3 12 83
3 15 73
3 23 82
3 25 8
3 26 25
3 27 20
3 31 6
3 32 51
3 34 54
3 36 76
3 39 76
3 40 86
3 41 53
3 45 17
3 46 7
3 47 18
3 48 48
4 6 3
4 10 78
4 12 60
4 18 9
4 25 86
4 30 94
4 34 51
4 41 34
4 44 81
4 47 99
4 49 59
5 8 93
5 9 95
5 12 20
5 14 41
5 15 16
5 17 71
5 18 34
5 20 64
5 24 44
5 27 61
5 28 30
5 29 50
5 32 45
5 33 8
5 35 49
5 36 45
5 37 98
5 41 67
5 45 76
5 48 78
5 50 28
6 8 83
6 9 100
6 15 48
6 16 44
6 19 28
6 20 39
6 21 67
6 22 65
6 24 94
6 25 10
6 26 68
6 28 20
6 33 36
6 35 20
6 36 22
6 42 90
6 43 60
6 44 33
6 47 88
6 48 66
6 49 40
7 11 21
7 16 86
7 20 75
7 22 69
7 28 88
7 31 55
7 33 37
7 35 35
7 40 63
7 41 49
7 44 8
7 47 95
8 10 22
