50 1103 1
1 8 23
1 9 9
1 11 28
1 14 72
1 15 19
1 22 30
1 25 44
1 35 52
1 36 54
1 37 58
1 38 73
1 44 7
1 46 65
1 48 40
1 50 98
2 3 9
2 4 66
2 5 32
2 7 11
2 9 67
2 12 60
2 14 83
2 18 29
2 19 82
2 21 17
2 22 8
2 23 5
2 24 27
2 25 3
2 27 72
2 28 64
2 30 5
2 34 46
2 41 21
2 43 42
2 44 85
2 45 47
2 50 17
3 4 52
3 8 20
3 9 62
3 12 46
3 16 98
3 23 6
3 26 41
3 27 2
3 28 18
3 30 93
3 31 41
3 39 57
3 41 20
3 43 52
3 44 25
3 46 24
3 50 46
4 5 70
4 6 92
4 11 84
4 12 91
4 16 16
4 19 21
4 21 68
4 22 51
4 26 35
4 29 12
4 30 83
4 31 6
4 32 51
4 33 10
4 34 45
4 42 30
4 43 59
4 45 60
5 6 96
5 8 40
5 9 98
5 10 8
5 12 18
5 14 63
5 20 23
5 24 78
5 25 99
5 26 64
5 27 5
5 28 37
5 30 82
5 34 27
5 37 20
5 39 10
5 40 42
5 43 27
5 44 88
5 45 6
5 46 55
5 47 41
5 48 42
5 49 12
5 50 88
6 7 88
6 11 25
6 13 87
6 15 36
6 16 49
6 18 44
6 21 10
6 24 77
6 26 5
6 27 94
6 28 60
6 29 37
6 31 10
6 32 25
6 33 38
6 35 82
6 36 12
6 37 84
6 43 55
6 44 64
6 49 21
7 14 54
7 18 70
7 19 49
7 21 84
7 23 81
7 24 25
7 25 54
7 29 67
7 31 69
7 33 22
7 34 58
7 38 17
7 43 38
7 45 17
8 9 35
8 10 97
8 14 30
8 15 65
8 18 4
8 20 10
8 21 61
8 22 4
8 24 12
8 25 63
8 26 61
8 35 48
8 38 1
8 40 88
8 42 81
8 43 30
8 45 25
9 10 30
9 12 29
9 13 90
9 15 73
9 16 39
9 20 81
9 25 2
9 32 98
9 33 46
9 35 34
9 36 36
9 37 33
9 39 42
9 47 1
9 49 93
10 13 86
10 14 45
10 15 63
10 18 37
10 20 85
10 21 99
10 24 46
10 25 80
10 28 23
10 32 18
10 33 29
10 42 18
10 43 48
10 48 77
10 50 65
11 12 71
11 15 94
11 19 14
11 20 80
11 22 7
11 23 6
11 24 98
11 26 65
11 27 71
11 30 19
11 31 96
11 32 72
11 36 76
11 37 91
11 41 40
11 43 83
11 44 13
11 45 49
11 48 3
12 13 29
12 15 55
12 17 43
12 18 13
12 19 32
12 20 41
12 25 23
12 29 79
12 30 21
12 31 54
12 33 70
12 41 75
12 42 46
12 45 77
12 46 72
12 47 13
13 15 39
13 16 74
13 18 84
13 19 15
13 20 92
13 24 92
13 25 88
13 26 24
13 27 29
13 29 54
13 31 89
13 36 87
13 37 16
13 41 31
13 43 16
13 45 15
13 46 53
13 49 40
13 50 32
14 16 50
14 22 80
14 23 87
14 24 3
14 28 54
14 29 13
14 31 46
14 33 36
14 34 11
14 37 48
14 41 49
14 42 81
14 44 88
14 47 54
14 48 79
14 49 14
15 17 53
15 18 100
15 19 19
15 21 88
15 22 93
15 26 28
15 28 100
15 29 95
15 32 63
15 35 9
15 42 44
15 47 3
15 48 100
16 20 84
16 21 87
16 22 87
16 25 35
16 26 95
16 29 33
16 33 99
16 35 98
16 37 63
16 38 56
16 39 76
16 43 19
16 44 71
16 50 76
17 19 35
17 21 21
17 22 21
17 24 70
17 28 7
17 29 56
17 32 73
17 33 3
17 36 13
17 38 73
17 42 48
17 44 20
17 45 72
17 46 39
17 47 41
18 19 24
18 20 31
18 26 74
18 27 10
18 29 99
18 31 89
18 32 83
18 33 3
18 35 95
18 37 83
18 40 67
18 43 23
18 44 39
18 45 11
18 46 50
18 47 33
19 20 58
19 22 45
19 23 66
19 25 60
19 26 67
19 27 24
19 30 2
19 31 79
19 32 93
19 33 49
19 36 25
19 38 34
19 39 17
19 43 37
19 47 91
19 49 17
20 21 44
20 24 86
20 27 35
20 30 78
20 32 46
20 34 1
20 36 84
20 42 15
20 43 88
20 46 18
20 49 98
20 50 37
21 26 89
21 27 19
21 30 38
21 33 79
21 34 83
21 36 66
21 39 73
21 42 44
21 44 13
21 47 51
21 50 21
22 25 67
22 28 17
22 33 85
22 34 13
22 37 56
22 40 59
22 45 69
22 46 20
22 50 95
23 33 99
23 36 17
23 40 2
23 44 5
23 45 74
23 47 41
23 48 88
24 27 34
24 29 52
24 30 28
24 31 86
24 32 31
24 34 44
24 36 68
24 40 10
24 41 56
25 26 62
25 27 35
25 32 10
25 35 47
25 38 7
25 39 1
25 40 31
25 41 29
25 42 86
25 48 49
26 27 31
26 28 89
26 36 2
26 38 96
26 39 10
26 48 10
26 50 48
27 30 31
27 35 60
27 38 77
27 39 93
27 41 50
27 42 1
27 43 57
27 45 13
27 48 52
27 50 55
28 29 65
28 30 14
28 31 66
28 33 54
28 36 93
28 37 3
28 39 59
28 41 48
28 46 65
28 49 21
29 30 65
29 31 49
29 37 42
29 38 9
29 41 70
29 42 97
29 43 60
29 45 84
29 46 47
29 49 43
30 31 94
30 35 92
30 39 43
30 40 25
30 41 34
30 42 91
30 44 24
30 45 20
30 48 57
31 32 48
31 34 73
31 35 16
31 36 51
31 37 30
31 44 100
31 46 36
31 48 31
31 49 7
32 34 88
32 36 59
32 39 71
32 40 87
32 42 11
32 43 54
32 44 41
32 47 93
32 48 22
33 37 14
33 39 70
33 46 83
33 48 46
34 38 79
34 40 14
34 46 16
34 49 33
34 50 97
35 38 42
35 40 79
35 50 83
36 37 70
36 40 68
36 43 6
36 44 59
36 46 76
36 47 95
36 50 46
37 38 38
37 39 37
37 41 24
37 42 83
37 44 60
37 50 27
38 39 36
38 45 36
38 47 41
39 42 65
39 45 75
39 48 68
39 49 47
40 47 22
41 42 62
41 43 93
41 45 77
41 48 40
42 46 73
42 49 100
43 46 38
44 50 56
45 46 99
46 49 44
46 50 10
47 48 6
47 50 89
48 49 43
1 7 66
1 9 40
1 15 62
1 17 97
1 19 27
1 27 38
1 30 89
1 31 91
1 32 59
1 38 74
1 39 51
1 41 8
1 42 17
1 46 27
1 47 96
2 6 90
2 8 13
2 11 86
2 13 69
2 15 88
2 16 87
2 17 80
2 19 23
2 21 97
2 31 86
2 32 54
2 34 39
2 39 12
2 40 7
2 41 17
2 46 55
2 47 46
3 7 56
3 9 25
3 12 3
3 14 8
3 15 12
3 16 51
3 17 20
3 19 88
3 20 67
3 21 5
3 22 1
3 23 53
3 26 78
3 27 87
3 30 89
3 40 76
3 42 41
3 43 87
3 46 64
3 49 70
4 6 83
4 9 38
4 10 9
4 13 91
4 20 95
4 22 98
4 23 63
4 24 11
4 27 90
4 28 76
4 29 33
4 31 85
4 36 95
4 43 25
4 46 76
4 48 30
4 49 60
5 8 40
5 11 100
5 12 93
5 13 93
5 15 57
5 18 75
5 19 91
5 22 61
5 29 98
5 32 10
5 41 71
5 43 7
5 45 29
5 48 71
5 50 39
6 9 1
6 10 94
6 13 29
6 15 69
6 16 79
6 19 9
6 23 69
6 27 59
6 32 33
6 38 56
6 39 52
6 43 51
6 44 35
6 46 88
6 50 51
7 8 31
7 18 3
7 19 44
7 23 33
7 27 19
7 31 9
7 34 60
7 36 43
7 37 70
7 39 51
7 40 47
7 41 28
7 43 57
7 47 13
7 49 90
8 9 77
8 11 31
8 14 4
8 15 71
8 16 24
8 17 6
8 18 77
8 25 48
8 27 55
8 31 69
8 32 52
8 34 52
8 37 3
8 38 64
8 42 23
8 45 19
8 47 15
9 10 75
9 11 82
9 12 17
9 13 74
9 18 54
9 19 82
9 25 7
9 27 1
9 28 89
9 29 93
9 31 93
9 33 54
9 37 83
9 39 74
9 42 80
9 45 23
9 49 38
10 12 30
10 16 61
10 18 95
10 20 98
10 21 31
10 23 54
10 24 13
10 28 55
10 29 62
10 30 9
10 31 71
10 32 8
10 38 5
10 40 96
10 42 48
10 45 64
10 46 53
10 47 78
11 12 82
11 13 22
11 16 11
11 18 70
11 19 81
11 21 90
11 22 23
11 23 2
11 24 57
11 27 60
11 30 34
11 31 64
11 32 1
11 35 47
11 37 59
11 40 74
11 41 60
11 43 21
11 44 69
11 46 7
11 47 43
11 50 94
12 16 21
12 17 32
12 19 26
12 21 2
12 22 66
12 23 66
12 24 66
12 27 51
12 28 28
12 35 93
12 36 57
12 37 31
12 44 35
12 49 93
13 14 28
13 17 41
13 19 10
13 20 5
13 21 74
13 22 9
13 24 5
13 39 71
13 41 54
13 42 43
13 44 59
13 45 17
13 47 19
13 50 65
14 15 26
14 16 22
14 20 71
14 23 64
14 24 56
14 29 90
14 33 16
14 35 10
14 38 1
14 42 91
14 45 81
14 46 3
15 16 63
15 17 44
15 19 41
15 20 55
15 21 84
15 25 100
15 29 69
15 30 9
15 31 93
15 34 72
15 35 77
15 40 42
15 41 87
15 42 1
15 43 9
15 44 7
15 47 28
15 49 45
15 50 47
16 18 23
16 21 17
16 22 33
16 26 33
16 28 28
16 29 88
16 31 67
16 32 78
16 35 14
16 36 78
16 39 81
16 50 5
17 21 50
17 24 60
17 25 47
17 26 39
17 33 36
17 37 83
17 39 79
17 41 82
17 42 94
17 43 46
17 49 72
18 19 89
18 23 14
18 24 59
18 25 78
18 30 53
18 35 95
18 37 43
18 40 72
18 42 84
18 44 2
18 45 61
18 46 85
18 47 66
18 50 79
19 22 89
19 25 30
19 28 23
19 29 80
19 31 61
19 35 11
19 36 57
19 37 38
19 40 36
19 41 80
19 43 4
19 44 3
19 45 94
19 49 94
19 50 34
20 22 22
20 23 33
20 24 59
20 30 74
20 33 64
20 34 68
20 42 16
20 43 100
20 44 98
20 47 57
20 48 29
20 50 19
21 22 55
21 23 51
21 24 4
21 25 41
21 34 82
21 37 70
21 42 64
21 43 3
21 44 68
21 48 61
21 49 29
21 50 37
22 25 5
22 27 8
22 28 20
22 29 2
22 32 79
22 34 97
22 39 23
22 40 47
22 45 74
22 48 95
23 31 19
23 34 83
23 35 67
23 37 36
23 38 83
23 39 10
23 40 47
23 42 61
23 43 96
23 44 38
23 50 45
24 25 69
24 26 38
24 27 60
24 30 90
24 31 49
24 34 73
24 35 27
24 37 33
24 41 64
24 42 40
24 50 99
25 33 72
25 34 60
25 37 3
25 39 44
25 40 40
25 41 51
25 45 38
25 48 13
26 27 69
26 31 15
26 32 55
26 38 24
26 41 63
26 47 87
26 50 52
27 28 32
27 29 98
27 33 44
27 43 35
27 44 94
27 47 10
27 49 25
27 50 60
28 31 99
28 33 28
28 34 24
28 38 60
28 39 44
28 40 35
28 41 80
28 44 99
28 50 83
29 31 53
29 32 30
29 36 60
29 42 61
29 43 23
29 44 67
29 45 20
29 46 57
30 31 5
30 32 78
30 34 56
30 36 40
30 39 44
30 40 73
30 44 27
30 45 34
30 50 50
31 32 11
31 42 47
31 45 82
31 48 9
31 49 72
31 50 13
32 34 61
32 35 35
32 37 26
32 40 13
32 41 80
32 50 50
33 35 49
33 38 86
33 39 58
34 35 23
34 42 47
34 47 39
34 48 57
34 49 66
34 50 93
35 37 1
35 39 59
35 42 97
36 37 49
36 38 59
36 40 74
36 43 82
36 44 84
36 45 14
36 50 83
37 43 76
37 46 65
37 49 25
38 40 89
38 42 66
38 43 66
38 48 17
38 49 41
39 41 13
39 44 67
39 45 83
39 46 61
39 48 36
40 46 97
40 50 69
41 42 73
41 48 65
42 43 40
42 49 99
42 50 26
43 45 59
44 45 78
44 46 88
44 47 15
44 49 5
45 46 59
45 47 78
45 48 52
45 50 17
46 48 58
47 49 75
48 49 8
48 50 9
1 5 59
1 6 2
1 8 36
1 9 62
1 10 22
1 11 52
1 15 46
1 16 34
1 17 81
1 18 25
1 23 49
1 29 23
1 31 84
1 32 56
1 35 43
1 39 73
1 43 39
1 44 34
1 47 72
1 48 16
1 50 22
2 5 63
2 10 60
2 11 1
2 13 82
2 14 86
2 17 68
2 18 21
2 20 59
2 22 47
2 23 38
2 25 59
2 27 16
2 29 73
2 33 14
2 34 47
2 35 36
2 36 45
2 38 51
2 43 84
2 45 96
3 5 66
3 7 13
3 11 40
3 14 81
3 16 78
3 19 40
3 20 99
3 22 58
3 23 74
3 28 23
3 29 22
3 31 95
3 32 31
3 35 7
3 37 18
3 40 92
3 43 16
3 46 36
3 48 37
4 6 52
4 7 62
4 12 35
4 13 21
4 14 42
4 15 30
4 18 54
4 22 30
4 24 92
4 29 11
4 32 1
4 34 21
4 35 1
4 36 32
4 37 88
4 39 72
4 42 17
4 43 42
4 44 88
4 46 33
4 50 75
5 8 52
5 11 88
5 12 26
5 16 25
5 19 71
5 22 28
5 23 45
5 26 89
5 27 54
5 28 78
5 33 69
5 35 93
5 37 30
5 40 76
5 44 13
5 49 74
5 50 53
6 8 31
6 10 84
6 12 49
6 13 93
6 15 66
6 17 86
6 21 46
6 23 43
6 28 19
6 33 68
6 38 60
6 41 19
6 42 97
6 43 19
6 46 91
6 47 87
6 48 30
6 50 35
7 8 42
7 17 28
7 20 32
7 21 98
7 24 71
7 27 57
7 28 89
7 31 89
7 33 51
7 38 72
7 39 12
7 41 96
7 42 7
7 46 48
7 48 47
7 49 14
7 50 81
8 11 99
8 14 21
8 15 18
8 18 33
8 19 35
8 21 99
8 23 24
8 24 24
8 25 47
