50 1103 1
1 3 35
1 11 8
1 14 13
1 15 88
1 18 80
1 19 78
1 20 28
1 21 11
1 31 72
1 32 83
1 33 70
1 34 71
1 38 31
1 39 67
1 43 17
1 44 69
1 47 82
1 49 33
1 50 57
2 3 43
2 4 50
2 7 35
2 13 57
2 15 60
2 16 90
2 18 2
2 24 23
2 29 47
2 30 24
2 32 79
2 35 17
2 36 3
2 38 9
2 40 48
2 41 45
2 43 72
2 45 27
2 49 63
3 7 69
3 9 19
3 10 56
3 11 25
3 12 83
3 16 91
3 17 73
3 19 32
3 21 39
3 26 38
3 27 13
3 33 9
3 35 70
3 42 50
3 43 88
4 8 49
4 14 100
4 17 20
4 22 89
4 23 68
4 24 18
4 29 57
4 30 42
4 33 91
4 36 83
4 39 2
4 40 11
4 41 85
4 42 18
4 45 67
4 46 9
4 47 19
4 49 30
5 6 33
5 7 93
5 8 68
5 15 6
5 21 15
5 22 93
5 24 56
5 25 45
5 29 97
5 31 42
5 37 45
5 45 11
5 46 18
5 48 57
6 10 24
6 15 84
6 16 60
6 18 86
6 19 34
6 20 50
6 25 17
6 27 9
6 28 19
6 29 3
6 30 36
6 31 67
6 32 92
6 33 63
6 37 68
6 38 100
6 42 83
6 49 71
7 13 10
7 15 71
7 16 17
7 17 42
7 18 86
7 23 51
7 26 70
7 27 44
7 29 50
7 38 3
7 39 72
7 42 19
7 47 29
7 48 28
7 49 16
7 50 65
8 11 50
8 14 64
8 18 48
8 19 31
8 20 60
8 24 50
8 25 5
8 28 67
8 30 8
8 31 54
8 32 65
8 33 95
8 39 3
8 40 91
8 43 14
8 49 27
8 50 98
9 10 15
9 11 13
9 12 70
9 13 52
9 14 79
9 15 67
9 16 21
9 18 65
9 20 36
9 26 92
9 32 30
9 33 42
9 34 86
9 36 94
9 39 50
9 40 27
9 44 6
9 47 69
10 11 8
10 13 34
10 14 73
10 15 47
10 16 63
10 19 84
10 20 54
10 23 88
10 24 78
10 28 27
10 30 45
10 35 26
10 43 89
10 44 10
10 45 41
10 50 87
11 15 92
11 16 53
11 18 67
11 19 6
11 20 91
11 21 31
11 22 81
11 23 46
11 24 62
11 25 6
11 27 47
11 31 83
11 34 30
11 35 16
11 36 80
11 38 16
11 42 56
11 44 21
11 48 36
11 49 87
12 13 10
12 16 72
12 18 89
12 20 15
12 24 94
12 26 78
12 29 76
12 30 37
12 33 77
12 35 82
12 39 98
12 44 65
12 46 25
12 50 6
13 14 19
13 19 36
13 20 26
13 21 27
13 22 61
13 23 53
13 24 21
13 27 21
13 28 7
13 29 43
13 31 54
13 34 51
13 40 4
13 42 71
13 44 95
13 47 76
13 48 31
13 50 49
14 15 65
14 16 50
14 18 31
14 23 89
14 24 67
14 26 96
14 29 93
14 32 43
14 33 2
14 34 19
14 35 31
14 38 40
14 40 45
14 42 80
14 45 49
14 46 87
14 49 55
15 16 40
15 19 9
15 20 71
15 22 18
15 23 57
15 27 98
15 28 58
15 32 18
15 35 53
15 36 62
15 38 75
15 39 28
15 43 11
15 47 15
15 49 82
15 50 26
16 17 47
16 19 99
16 21 80
16 23 17
16 25 90
16 26 11
16 28 11
16 30 46
16 33 75
16 37 32
16 42 34
16 47 50
17 18 5
17 21 5
17 23 55
17 35 16
17 38 73
17 45 71
17 46 12
17 48 40
18 22 57
18 24 71
18 28 76
18 29 27
18 30 67
18 37 79
18 40 39
18 41 61
18 43 51
18 49 39
18 50 33
19 20 16
19 21 76
19 23 98
19 24 46
19 28 74
19 29 21
19 31 35
19 37 92
19 38 47
19 40 28
19 41 75
19 44 50
19 47 24
19 48 43
20 22 57
20 25 28
20 30 23
20 32 24
20 33 84
20 35 11
20 38 25
20 39 39
20 40 19
20 42 55
20 44 35
20 45 89
20 46 13
20 47 83
20 49 27
20 50 41
21 24 40
21 28 10
21 29 66
21 30 76
21 32 80
21 37 86
21 38 41
22 26 43
22 27 23
22 30 75
22 31 51
22 34 39
22 35 21
22 36 65
22 37 96
22 40 34
22 41 71
22 43 98
22 46 63
23 24 87
23 25 47
23 28 76
23 30 81
23 32 1
23 36 25
23 40 68
23 43 95
23 44 3
24 33 75
24 35 1
24 36 98
24 37 44
24 38 31
24 39 30
24 43 91
24 44 62
24 45 72
24 47 39
24 48 33
24 49 23
24 50 4
25 28 39
25 29 68
25 30 33
25 34 44
25 36 88
25 37 96
25 38 98
25 39 58
25 41 37
25 42 32
25 44 41
25 45 40
25 47 74
25 48 24
25 49 12
26 27 47
26 29 61
26 31 7
26 44 36
26 45 71
26 49 67
27 28 87
27 30 51
27 32 12
27 33 37
27 34 28
27 35 82
27 36 91
27 43 24
27 44 34
27 45 47
27 47 67
27 49 95
28 32 34
28 33 74
28 37 46
28 40 47
28 41 31
28 42 16
28 45 27
28 46 12
28 47 69
28 48 47
28 49 92
28 50 70
29 35 70
29 39 5
29 40 74
29 41 34
29 42 51
29 43 67
29 45 53
29 48 72
30 34 69
30 36 54
30 43 99
30 45 81
30 47 97
31 36 53
31 37 53
31 40 100
31 43 57
31 47 77
32 33 98
32 34 55
32 35 19
32 37 8
32 39 53
32 42 67
32 43 15
32 44 22
32 46 68
32 49 8
32 50 50
33 34 96
33 36 39
33 37 12
33 38 24
33 40 67
33 41 44
33 46 60
33 47 53
33 50 33
34 41 57
34 42 18
34 48 69
34 50 89
35 37 38
35 39 44
35 40 88
35 41 49
35 42 62
35 43 8
35 46 33
36 38 81
36 44 95
36 46 99
37 39 68
37 43 55
37 44 22
37 47 45
37 48 26
37 49 25
37 50 9
39 41 56
39 42 26
39 44 75
40 41 43
40 42 60
40 45 13
40 49 68
41 43 58
41 44 11
41 45 94
41 46 91
42 43 19
42 44 4
42 47 90
42 48 34
42 49 45
43 46 7
43 48 17
43 49 72
44 46 57
44 49 85
44 50 76
45 48 6
46 50 70
47 48 49
47 49 3
47 50 60
48 50 57
1 5 81
1 8 24
1 13 62
1 16 45
1 20 51
1 22 55
1 28 96
1 30 99
1 35 2
1 40 64
1 45 83
1 50 56
2 8 77
2 9 4
2 10 46
2 17 57
2 18 77
2 20 57
2 21 11
2 25 15
2 27 72
2 35 85
2 37 23
2 39 95
2 41 55
2 42 12
2 43 41
2 44 47
2 45 8
2 46 53
2 50 98
3 5 3
3 7 84
3 9 55
3 12 20
3 14 52
3 15 6
3 19 43
3 22 2
3 24 41
3 26 82
3 27 61
3 34 74
3 43 53
3 45 48
3 49 25
4 6 74
4 8 82
4 11 61
4 15 40
4 21 44
4 28 21
4 29 29
4 31 18
4 43 88
4 46 35
4 50 70
5 7 20
5 10 2
5 12 42
5 13 5
5 14 39
5 16 76
5 17 28
5 19 70
5 22 97
5 26 58
5 27 3
5 29 70
5 30 32
5 31 23
5 32 19
5 33 59
5 36 72
5 38 49
5 39 77
5 40 29
5 42 53
5 44 68
5 45 47
5 47 38
5 48 19
5 49 34
5 50 77
6 7 99
6 10 84
6 11 62
6 12 34
6 13 1
6 14 4
6 16 6
6 18 95
6 20 80
6 27 51
6 28 23
6 30 83
6 31 15
6 33 60
6 38 2
6 39 27
6 42 23
6 43 33
6 44 87
6 46 28
7 10 77
7 14 20
7 15 54
7 19 75
7 20 69
7 22 68
7 23 3
7 24 32
7 26 59
7 27 13
7 28 23
7 32 96
7 34 71
7 39 19
7 45 9
7 46 28
7 48 53
7 49 28
7 50 17
8 12 91
8 13 77
8 15 100
8 16 17
8 17 87
8 19 17
8 22 100
8 25 38
8 26 24
8 30 56
8 32 23
8 34 32
8 36 54
8 38 19
8 39 87
8 40 11
8 43 85
9 11 83
9 12 14
9 14 16
9 18 28
9 19 61
9 20 91
9 21 80
9 25 53
9 27 4
9 29 81
9 30 43
9 32 33
9 34 23
9 36 70
9 37 38
9 38 59
9 40 12
9 43 66
9 47 21
10 12 5
10 13 73
10 14 13
10 15 64
10 20 53
10 21 55
10 24 14
10 27 16
10 29 44
10 32 61
10 36 78
10 38 79
10 39 29
10 40 71
10 41 68
10 44 24
10 47 85
10 50 80
11 14 14
11 20 97
11 22 36
11 24 39
11 26 25
11 30 59
11 31 30
11 32 10
11 33 89
11 35 97
11 36 85
11 38 8
11 45 31
11 49 92
11 50 37
12 14 23
12 15 70
12 18 14
12 20 43
12 31 34
12 32 53
12 33 1
12 39 46
12 40 64
12 42 36
12 44 44
12 45 37
12 49 28
12 50 67
13 19 11
13 21 37
13 23 58
13 27 14
13 28 40
13 29 73
13 35 39
13 37 66
13 38 46
13 44 36
13 49 65
14 15 50
14 16 5
14 19 78
14 21 43
14 25 18
14 27 40
14 30 36
14 32 70
14 35 82
14 36 66
14 39 63
14 43 98
14 44 94
14 46 54
14 50 82
15 16 6
15 17 47
15 18 63
15 28 67
15 29 30
15 31 63
15 38 12
15 39 85
15 41 27
15 46 82
16 17 3
16 21 51
16 23 29
16 27 18
16 28 13
16 29 13
16 31 78
16 33 52
16 34 93
16 35 66
16 38 72
16 39 44
16 40 49
16 43 66
16 45 36
16 48 36
17 21 3
17 34 97
17 35 62
17 40 27
17 45 67
17 46 93
17 48 35
17 50 20
18 22 78
18 23 22
18 25 40
18 28 54
18 31 42
18 32 80
18 36 42
18 37 14
18 39 29
18 42 10
18 45 93
18 46 10
18 47 15
18 49 8
18 50 74
19 20 23
19 21 24
19 22 74
19 28 68
19 29 41
19 34 72
19 35 14
19 38 85
19 40 30
19 41 62
19 42 99
19 44 25
19 45 4
19 46 19
19 47 94
19 50 89
20 27 38
20 28 71
20 29 10
20 30 42
20 31 47
20 32 16
20 34 30
20 36 56
20 38 26
20 39 56
20 40 45
20 43 18
20 50 81
21 26 55
21 30 54
21 34 46
21 38 38
21 39 78
21 42 45
21 45 92
21 50 66
22 24 53
22 26 60
22 28 62
22 33 27
22 38 99
22 39 38
22 40 12
22 41 47
22 43 68
22 44 30
23 26 18
23 28 86
23 30 20
23 31 64
23 32 87
23 33 63
23 34 46
23 36 24
23 37 49
23 39 34
23 40 15
23 42 97
23 45 33
23 48 65
23 49 64
23 50 96
24 27 15
24 28 87
24 30 51
24 35 75
24 36 22
24 37 96
24 38 97
24 40 28
24 43 70
24 45 32
24 47 78
25 27 95
25 34 7
25 35 28
25 36 83
25 38 9
25 41 69
25 49 11
26 28 69
26 29 66
26 31 24
26 34 58
26 35 36
26 39 50
26 40 22
26 41 71
26 42 4
26 44 22
26 45 72
27 28 61
27 29 55
27 30 73
27 33 97
27 35 17
27 41 78
27 42 20
27 43 17
28 29 24
28 30 86
28 33 81
28 37 36
28 41 13
28 42 70
28 44 31
28 45 12
28 46 7
29 32 61
29 34 32
29 37 23
29 38 73
29 41 2
29 42 50
29 43 9
29 48 86
30 31 19
30 34 63
30 35 98
30 38 54
30 43 31
30 45 58
30 48 81
30 50 89
31 35 22
31 36 24
31 39 59
31 43 77
31 47 10
31 48 27
32 34 97
32 35 84
32 40 2
32 42 35
32 48 36
32 50 10
33 34 64
33 35 70
33 36 43
33 37 69
33 42 38
33 45 37
33 46 95
33 47 39
33 48 48
34 37 48
34 41 24
34 42 27
35 41 58
35 43 61
35 44 24
35 45 9
35 47 64
35 49 90
35 50 79
36 37 79
36 41 5
36 45 100
36 49 8
36 50 8
37 38 10
37 39 54
37 40 84
37 41 10
37 42 61
37 44 15
37 45 90
37 46 50
37 47 43
37 49 44
38 39 17
38 40 90
38 42 75
38 43 33
38 44 55
38 45 88
38 49 16
39 40 27
39 41 64
39 45 41
39 46 59
39 50 39
40 41 52
40 42 70
40 43 3
40 46 43
40 47 6
40 48 66
41 49 49
42 43 66
42 44 48
42 45 62
42 49 9
43 44 3
43 45 28
43 47 71
43 48 2
44 46 80
44 50 77
45 47 96
45 48 16
46 47 57
46 48 72
46 49 12
47 48 60
49 50 96
1 4 49
1 8 9
1 9 28
1 10 24
1 11 67
1 13 2
1 14 43
1 19 77
1 20 24
1 21 41
1 22 53
1 25 16
1 26 57
1 28 54
1 31 30
1 34 24
1 36 59
1 37 46
1 39 17
1 41 22
1 42 24
1 43 67
1 46 28
1 47 99
1 48 10
1 49 57
2 3 51
2 4 84
2 13 52
2 14 67
2 17 36
2 19 21
2 23 53
2 26 19
2 32 27
2 38 44
2 39 71
2 40 54
2 43 71
2 47 92
2 50 45
3 4 95
3 10 8
3 12 49
3 14 85
3 16 1
3 17 54
3 18 31
3 20 2
3 21 93
3 24 73
3 25 54
3 31 37
3 32 74
3 34 66
3 41 100
3 43 5
3 44 74
3 49 71
3 50 67
4 6 93
4 7 49
4 8 94
4 9 45
4 10 33
4 11 14
4 14 45
4 23 55
4 24 2
4 26 27
4 27 33
4 30 2
4 31 58
4 32 3
4 34 18
4 37 84
4 39 86
4 41 70
4 44 51
4 45 9
4 46 93
4 49 64
4 50 20
5 7 67
5 8 47
5 10 32
5 11 10
5 13 9
5 14 35
5 18 86
5 19 45
5 29 38
5 30 82
5 32 85
5 37 67
5 39 95
5 40 100
5 46 68
5 48 48
5 49 44
6 7 96
6 8 83
6 9 67
6 14 47
6 15 92
6 18 28
6 29 50
6 32 58
6 33 34
6 36 12
6 37 82
6 39 45
6 41 4
6 42 65
6 44 62
6 50 95
7 8 55
7 9 26
7 13 87
7 16 53
7 19 32
7 20 60
7 23 54
7 25 97
7 29 38
7 30 8
