50 1103 1
1 3 98
1 6 74
1 9 49
1 10 67
1 11 58
1 13 68
1 14 57
1 16 48
1 17 27
1 18 50
1 19 23
1 22 24
1 23 71
1 25 69
1 27 7
1 28 50
1 31 41
1 32 58
1 33 83
1 34 38
1 39 37
1 41 94
1 48 61
2 4 20
2 7 99
2 8 51
2 11 57
2 12 46
2 13 39
2 17 55
2 23 94
2 24 41
2 33 45
2 36 78
2 37 76
2 41 42
2 43 76
2 45 35
2 46 27
2 47 27
2 48 48
2 50 71
3 5 13
3 6 1
3 7 39
3 8 19
3 9 25
3 10 24
3 11 77
3 13 32
3 16 89
3 17 15
3 23 36
3 24 81
3 25 91
3 29 82
3 31 39
3 35 29
3 37 95
3 38 72
3 39 61
3 42 86
3 43 21
3 47 63
3 49 25
4 5 39
4 6 49
4 10 3
4 11 87
4 12 80
4 13 65
4 14 10
4 16 3
4 20 31
4 24 25
4 28 1
4 31 74
4 33 50
4 34 91
4 35 6
4 37 20
4 38 57
4 39 1
4 43 57
4 44 4
4 46 64
4 50 40
5 6 18
5 7 93
5 11 83
5 14 9
5 16 95
5 19 14
5 20 12
5 21 69
5 23 47
5 25 79
5 28 61
5 33 47
5 35 49
5 36 50
5 38 72
5 40 87
5 45 39
5 50 80
6 7 67
6 8 90
6 16 59
6 18 50
6 19 45
6 21 24
6 25 55
6 39 65
6 44 19
6 45 2
6 46 79
7 8 86
7 10 77
7 14 31
7 15 58
7 17 60
7 18 88
7 20 78
7 22 18
7 23 85
7 25 80
7 26 11
7 28 69
7 30 45
7 32 63
7 33 32
7 38 81
7 40 3
7 42 71
7 43 48
7 47 93
7 48 70
7 50 25
8 9 44
8 12 45
8 22 63
8 26 13
8 27 43
8 30 55
8 31 23
8 32 3
8 33 88
8 35 86
8 40 95
8 41 33
8 44 75
9 10 42
9 12 22
9 13 68
9 15 12
9 16 66
9 17 37
9 19 90
9 20 35
9 21 64
9 23 72
9 26 65
9 29 92
9 30 15
9 31 34
9 33 39
9 35 4
9 38 26
9 39 54
9 40 73
9 41 65
9 46 40
9 49 88
10 11 56
10 12 47
10 15 16
10 20 49
10 22 69
10 23 14
10 24 75
10 26 8
10 29 29
10 30 86
10 31 28
10 32 97
10 34 45
10 38 3
10 41 79
10 42 71
10 47 10
11 15 65
11 18 15
11 19 7
11 20 82
11 32 21
11 40 86
11 43 64
11 44 38
11 45 19
11 47 37
11 48 59
11 50 52
12 16 86
12 29 86
12 31 5
12 34 53
12 37 29
12 41 76
12 46 88
12 48 8
13 15 40
13 16 94
13 24 84
13 26 27
13 27 16
13 33 94
13 34 19
13 35 42
13 36 45
13 43 81
13 44 68
13 48 24
13 50 69
14 15 85
14 18 22
14 21 91
14 24 33
14 28 4
14 31 32
14 33 24
14 34 69
14 39 4
14 42 36
14 49 88
14 50 78
15 19 36
15 24 75
15 25 10
15 34 34
15 37 96
15 39 93
15 43 19
15 50 93
16 19 84
16 22 44
16 23 63
16 26 19
16 30 40
16 32 18
16 33 58
16 34 27
16 35 14
16 38 38
16 39 96
16 41 53
16 42 5
16 44 16
17 19 26
17 21 92
17 24 86
17 26 43
17 27 68
17 34 75
17 42 29
17 44 91
17 49 36
17 50 98
18 19 76
18 22 74
18 23 57
18 29 23
18 32 20
18 37 33
18 38 76
18 40 27
18 46 100
18 47 67
18 48 30
19 20 32
19 21 39
19 27 59
19 29 66
19 31 93
19 33 94
19 35 34
19 38 55
19 39 70
19 46 2
20 22 6
20 23 83
20 26 47
20 28 76
20 30 44
20 31 12
20 33 63
20 35 71
20 36 26
20 39 69
20 41 40
20 44 7
20 49 3
21 22 25
21 26 9
21 27 30
21 29 55
21 30 1
21 32 36
21 35 31
21 36 41
21 37 73
21 38 80
21 43 64
21 47 49
22 23 41
22 24 74
22 26 44
22 29 20
22 36 31
22 39 19
22 44 81
22 48 57
22 49 17
23 24 27
23 25 31
23 28 80
23 30 56
23 33 93
23 35 45
23 36 38
23 44 13
23 46 21
23 50 74
24 25 61
24 31 26
24 34 46
24 36 85
24 37 85
24 38 2
24 42 84
24 44 49
24 49 46
25 26 36
25 28 65
25 37 24
25 39 48
25 41 5
25 42 60
25 43 65
25 44 96
25 45 10
25 47 92
25 48 32
25 49 97
25 50 37
26 29 76
26 30 44
26 31 73
26 33 5
26 35 54
26 36 68
26 38 81
26 39 78
26 40 77
26 42 70
26 43 49
26 44 25
26 45 76
26 46 25
26 47 9
26 48 37
27 30 33
27 32 5
27 33 74
27 34 78
27 35 9
27 36 78
27 37 51
27 38 7
27 39 15
27 40 48
27 41 73
27 44 77
27 45 47
27 50 28
28 29 75
28 33 15
28 38 66
28 41 49
28 43 82
28 45 15
28 47 14
28 48 92
28 50 68
29 31 53
29 34 2
29 38 45
29 42 42
29 46 67
29 49 6
30 32 27
30 33 67
30 42 77
30 43 8
30 44 24
30 45 72
30 46 51
31 32 75
31 33 73
31 36 81
31 46 67
31 48 76
31 49 74
31 50 22
32 34 59
32 37 85
32 38 48
32 39 54
32 40 61
32 41 54
32 44 76
32 46 98
32 48 21
32 49 8
33 34 75
33 36 23
33 38 60
33 45 91
33 46 93
33 47 41
34 35 9
34 37 53
34 45 14
34 50 96
35 36 83
35 43 57
35 44 67
35 48 45
36 37 30
36 38 72
36 39 84
36 42 65
36 47 17
36 49 1
37 40 5
37 43 22
37 46 25
37 49 7
37 50 53
38 39 57
38 40 26
38 46 30
38 47 21
38 48 42
38 49 15
39 40 57
39 41 94
39 48 77
39 50 22
40 43 4
40 48 82
41 44 9
41 45 64
41 46 78
42 46 87
42 47 70
42 49 61
42 50 29
43 45 23
43 46 62
43 49 42
43 50 40
44 45 63
44 46 88
44 48 92
44 50 78
45 46 40
45 47 8
46 49 69
47 48 6
47 49 39
47 50 38
49 50 43
1 7 69
1 9 59
1 12 37
1 15 71
1 16 62
1 18 47
1 22 68
1 24 79
1 28 62
1 29 54
1 32 62
1 33 34
1 34 64
1 36 89
1 42 58
1 45 54
1 46 71
1 48 18
1 50 13
2 3 29
2 6 56
2 7 58
2 10 52
2 14 41
2 15 8
2 18 100
2 19 51
2 24 41
2 25 9
2 29 16
2 30 3
2 31 62
2 34 57
2 39 54
2 46 9
2 47 32
2 48 40
3 6 30
3 10 24
3 13 17
3 14 7
3 17 63
3 22 77
3 23 37
3 25 36
3 30 67
3 33 100
3 35 50
3 38 17
3 40 30
3 42 33
3 43 33
3 48 56
3 49 21
4 5 46
4 11 73
4 23 73
4 25 46
4 27 82
4 29 90
4 30 30
4 31 6
4 32 74
4 36 30
4 37 91
4 42 100
4 44 85
4 47 56
4 50 98
5 6 22
5 7 63
5 9 79
5 13 34
5 18 53
5 20 93
5 22 24
5 23 98
5 24 19
5 25 69
5 29 11
5 36 13
5 37 34
5 39 1
5 40 41
5 44 55
5 47 66
6 7 53
6 8 1
6 11 63
6 16 36
6 18 91
6 25 2
6 27 32
6 28 85
6 30 16
6 31 45
6 34 48
6 40 38
6 41 38
6 42 3
6 46 87
7 10 95
7 11 59
7 13 86
7 15 65
7 20 52
7 25 30
7 28 87
7 30 96
7 31 85
7 32 51
7 33 7
7 34 72
7 44 32
7 50 2
8 9 13
8 13 28
8 14 70
8 16 51
8 19 21
8 20 14
8 24 28
8 25 2
8 27 64
8 29 82
8 32 15
8 33 78
8 34 9
8 35 92
8 36 72
8 37 60
8 39 90
8 43 60
8 46 48
9 14 55
9 16 61
9 18 93
9 20 54
9 23 67
9 26 72
9 27 24
9 29 18
9 31 16
9 32 17
9 40 22
9 47 60
9 49 44
10 11 55
10 14 19
10 16 38
10 18 25
10 27 72
10 30 92
10 31 88
10 34 69
10 35 58
10 38 55
10 39 69
10 43 17
11 12 59
11 14 32
11 17 14
11 20 79
11 23 27
11 30 93
11 33 8
11 39 29
11 41 27
11 42 48
11 43 38
11 47 21
12 16 73
12 18 21
12 19 69
12 21 78
12 23 78
12 26 63
12 29 16
12 33 5
12 36 36
12 37 21
12 38 100
12 39 49
12 40 17
12 41 52
12 42 66
12 47 93
12 49 57
13 14 72
13 16 80
13 18 44
13 21 52
13 23 67
13 24 79
13 25 71
13 26 38
13 28 51
13 29 89
13 30 63
13 32 78
13 34 55
13 36 42
13 46 71
13 50 57
14 15 38
14 17 80
14 21 83
14 22 8
14 26 89
14 29 20
14 32 83
14 34 66
14 36 25
14 38 18
14 39 100
14 41 44
14 45 38
14 47 61
15 17 62
15 18 42
15 19 33
15 20 31
15 21 13
15 24 34
15 35 24
15 36 58
15 38 67
15 40 38
15 44 45
15 46 30
15 49 29
15 50 32
16 19 62
16 24 62
16 25 10
16 26 92
16 27 88
16 29 49
16 30 35
16 31 29
16 34 55
16 38 48
16 44 23
16 45 22
16 46 29
17 24 42
17 28 63
17 35 89
17 36 9
17 37 15
17 41 51
17 48 43
18 19 15
18 21 98
18 24 23
18 27 13
18 30 39
18 32 6
18 37 18
18 39 49
18 41 36
18 44 43
18 45 74
18 48 12
19 29 18
19 31 18
19 33 83
19 37 67
19 39 41
19 40 17
19 41 71
19 42 4
19 43 62
19 44 35
19 45 53
19 46 48
20 21 91
20 23 44
20 26 86
20 28 44
20 30 75
20 32 44
20 37 42
20 47 42
20 48 71
21 22 87
21 23 79
21 25 66
21 28 5
21 29 7
21 31 74
21 34 92
21 39 62
21 43 10
21 44 69
21 45 14
21 48 4
21 49 23
22 24 61
22 28 58
22 29 27
22 31 53
22 32 30
22 35 34
22 37 97
22 39 34
22 40 76
22 42 80
22 43 17
22 46 10
22 49 54
23 25 42
23 27 45
23 30 80
23 31 19
23 38 79
23 40 91
23 41 2
23 44 61
23 46 14
23 50 82
24 25 65
24 26 12
24 29 11
24 30 15
24 31 92
24 36 40
24 38 39
24 40 2
24 41 16
24 43 53
24 44 9
24 45 87
24 48 78
24 49 59
25 27 60
25 30 58
25 32 73
25 33 84
25 34 2
25 36 20
25 37 7
25 43 10
25 47 19
26 29 26
26 30 98
26 32 93
26 33 100
26 34 83
26 36 49
26 37 84
26 39 90
26 41 70
26 42 79
26 44 55
26 45 38
26 47 31
26 49 28
27 29 32
27 33 94
27 34 58
27 35 51
27 39 89
27 41 83
27 43 24
27 44 53
27 49 46
28 30 23
28 32 97
28 33 91
28 35 96
28 37 78
28 39 50
28 44 53
28 45 12
28 47 88
28 48 34
28 49 97
28 50 84
29 31 57
29 32 39
29 37 89
29 39 52
29 40 33
29 42 25
29 44 96
29 48 13
29 49 29
30 32 15
30 33 16
30 36 51
30 39 36
30 46 26
30 48 23
31 32 6
31 35 8
31 36 5
31 38 32
31 39 92
31 40 59
31 42 6
31 43 90
31 44 25
31 45 93
31 47 92
31 48 62
32 35 69
32 40 16
32 41 34
32 44 6
32 45 77
32 48 20
33 37 24
33 38 60
33 42 99
33 45 10
33 50 99
34 35 72
34 37 50
34 39 38
34 41 4
34 46 56
34 48 77
35 36 42
35 41 64
35 42 37
35 43 68
35 45 94
35 47 54
36 37 51
36 39 10
36 40 20
36 41 94
36 43 15
36 47 88
36 48 44
36 49 67
37 38 51
37 45 33
37 48 23
37 50 26
38 39 92
38 41 83
38 45 2
38 48 89
38 50 5
39 45 13
39 49 58
40 42 41
40 43 72
40 45 56
40 46 76
40 47 62
40 49 96
40 50 73
41 45 46
41 46 80
41 48 28
42 46 66
42 47 51
43 44 28
43 47 77
44 47 17
44 48 36
44 49 73
45 47 7
45 48 23
46 48 32
48 49 16
49 50 19
1 4 71
1 6 71
1 7 53
1 8 33
1 9 7
1 12 80
1 15 41
1 16 76
1 17 15
1 18 74
1 20 41
1 21 52
1 23 90
1 24 59
1 27 91
1 34 42
1 36 79
1 39 53
1 41 34
1 43 28
1 46 16
1 48 4
1 50 39
2 4 7
2 8 45
2 9 92
2 12 34
2 16 81
2 19 11
2 23 9
2 27 37
2 29 32
2 33 57
2 38 93
2 39 51
2 42 29
2 44 10
2 47 32
2 50 52
3 5 66
3 6 74
3 7 4
3 10 50
3 19 13
3 22 18
3 23 83
3 24 37
3 25 82
3 29 60
3 30 42
3 32 87
3 33 40
3 35 97
3 36 11
3 37 82
3 45 84
3 46 41
4 6 12
4 8 52
4 10 46
4 12 99
4 16 25
4 17 87
4 21 84
4 22 78
4 24 50
4 28 43
4 31 24
4 32 68
4 35 76
4 39 40
4 41 19
4 42 47
4 43 89
4 45 46
4 48 19
4 50 41
5 7 38
5 9 76
5 15 78
5 18 45
5 19 79
5 20 67
5 22 94
5 26 20
5 36 91
5 37 6
5 41 15
5 44 95
5 46 29
5 48 26
6 8 47
6 10 3
6 15 65
6 22 27
6 26 1
6 30 26
6 31 15
6 35 65
6 36 67
6 37 49
6 40 50
6 41 67
6 42 48
6 45 83
6 46 86
6 49 69
7 8 21
7 11 75
7 14 55
7 16 57
7 17 3
7 19 38
7 23 42
7 25 46
7 27 30
7 28 32
7 29 41
7 32 53
7 33 41
7 36 3
7 44 57
7 45 18
7 46 92
7 49 32
7 50 39
8 11 29
8 12 95
8 18 12
8 19 99
8 22 20
8 24 96
8 30 37
8 31 33
8 33 73
8 36 100
8 39 77
8 41 90
8 43 89
8 48 26
8 49 67
8 50 23
9 17 77
9 18 20
9 21 34
9 24 84
9 28 21
9 31 32
9 32 55
9 35 56
9 44 43
