50 1103 1
1 3 76
1 5 66
1 7 63
1 8 25
1 11 91
1 12 97
1 13 63
1 16 38
1 19 75
1 21 10
1 25 51
1 26 46
1 29 20
1 31 25
1 32 51
1 34 65
1 36 40
1 37 26
1 40 16
1 42 47
1 47 55
1 48 90
1 49 69
1 50 85
2 5 5
2 7 7
2 14 55
2 20 15
2 21 77
2 23 84
2 27 18
2 29 1
2 35 52
2 36 99
2 42 99
2 45 1
2 46 9
2 49 79
2 50 68
3 5 92
3 6 81
3 8 23
3 9 95
3 11 86
3 12 78
3 14 8
3 16 30
3 21 93
3 22 99
3 23 6
3 24 41
3 28 26
3 31 38
3 33 71
3 34 87
3 37 25
3 39 65
3 40 97
3 42 96
3 45 74
3 46 63
3 50 84
4 6 89
4 8 22
4 11 16
4 16 2
4 19 79
4 20 42
4 26 13
4 31 5
4 33 13
4 34 93
4 37 7
4 38 51
4 44 14
4 46 24
4 48 42
4 49 53
4 50 55
5 7 2
5 14 39
5 19 35
5 21 74
5 25 71
5 27 60
5 28 81
5 30 71
5 31 66
5 32 69
5 36 74
5 39 81
5 40 77
5 43 62
5 44 17
5 45 45
6 7 62
6 8 24
6 9 50
6 10 9
6 12 43
6 13 21
6 15 47
6 16 72
6 21 97
6 23 84
6 27 9
6 28 32
6 29 22
6 31 89
6 32 73
6 33 15
6 34 43
6 38 27
6 44 44
6 48 12
6 50 82
7 8 61
7 9 42
7 11 68
7 13 30
7 15 48
7 16 31
7 17 69
7 18 19
7 20 79
7 21 81
7 23 17
7 24 20
7 26 85
7 29 55
7 33 74
7 34 33
7 35 58
7 37 18
7 39 10
7 40 77
7 43 100
7 45 75
7 47 3
7 49 39
8 11 57
8 12 51
8 16 41
8 17 89
8 19 46
8 20 97
8 25 95
8 26 66
8 28 89
8 29 12
8 31 5
8 34 69
8 35 24
8 39 60
8 45 37
8 47 62
8 48 46
9 10 25
9 11 21
9 14 85
9 18 82
9 19 74
9 23 68
9 26 72
9 28 34
9 30 37
9 31 80
9 32 78
9 34 67
10 11 67
10 12 41
10 15 21
10 18 42
10 22 63
10 25 95
10 27 89
10 28 39
10 31 49
10 33 28
10 35 48
10 36 81
10 38 89
10 39 17
10 40 14
10 41 56
10 43 14
10 44 82
10 46 47
10 47 81
10 48 15
10 49 23
10 50 64
11 12 57
11 13 28
11 14 55
11 15 42
11 18 83
11 19 25
11 25 48
11 27 62
11 28 7
11 31 65
11 33 62
11 34 70
11 39 12
11 40 6
11 43 61
11 48 97
11 50 44
12 14 14
12 16 35
12 18 87
12 19 37
12 23 73
12 25 71
12 33 82
12 39 32
12 42 51
12 44 16
12 49 33
13 14 37
13 16 44
13 19 18
13 23 92
13 31 67
13 33 64
13 35 24
13 42 89
13 44 58
13 48 29
14 16 56
14 19 96
14 21 40
14 23 82
14 24 17
14 25 24
14 30 67
14 34 51
14 35 51
14 37 46
14 39 89
14 40 35
14 41 47
14 42 10
14 43 11
14 45 69
14 46 75
14 49 49
15 18 8
15 22 6
15 26 47
15 30 35
15 31 16
15 33 11
15 35 78
15 40 37
15 46 99
16 18 31
16 19 91
16 20 53
16 21 2
16 26 58
16 31 58
16 32 56
16 34 95
16 35 33
16 36 62
16 43 71
16 44 86
16 45 70
16 48 76
16 49 84
17 24 9
17 26 9
17 28 81
17 29 77
17 31 56
17 32 96
17 33 63
17 40 93
17 41 47
18 19 49
18 21 14
18 22 7
18 24 35
18 27 37
18 28 26
18 31 54
18 37 55
18 40 16
18 42 47
18 43 85
18 48 49
18 50 41
19 20 4
19 21 53
19 27 26
19 34 79
19 35 90
19 36 92
19 37 15
19 38 36
19 39 65
19 40 1
19 41 88
19 42 16
19 43 20
19 47 80
19 50 45
20 21 93
20 23 41
20 26 93
20 27 28
20 28 56
20 30 78
20 31 76
20 37 54
20 40 39
20 44 64
20 45 85
21 22 74
21 23 20
21 30 58
21 31 37
21 33 8
21 34 3
21 36 72
21 40 35
21 42 13
21 43 4
21 44 89
21 45 95
21 46 87
21 47 18
21 48 69
21 50 1
22 23 62
22 24 51
22 25 14
22 28 94
22 30 27
22 32 54
22 34 50
22 35 70
22 37 66
22 38 4
22 42 43
22 45 56
22 46 2
22 49 33
23 24 53
23 29 46
23 30 27
23 33 25
23 34 17
23 35 51
23 37 24
23 38 79
23 39 85
23 40 4
23 50 34
24 26 74
24 27 59
24 28 4
24 30 3
24 31 2
24 34 28
24 37 68
24 39 99
24 40 35
24 42 72
24 44 7
24 45 63
24 48 68
25 26 43
25 30 78
25 32 95
25 34 84
25 35 57
25 39 1
25 41 2
25 48 43
25 50 93
26 27 74
26 29 86
26 31 7
26 32 41
26 34 52
26 35 56
26 37 3
26 40 95
26 41 82
26 44 65
26 45 67
26 48 84
26 49 52
27 30 13
27 31 53
27 32 92
27 34 91
27 37 82
27 38 5
27 40 88
27 41 78
27 42 28
27 47 11
27 48 100
28 29 58
28 34 55
28 37 97
28 39 57
28 40 86
28 44 27
28 46 19
28 47 70
28 49 10
28 50 60
29 32 75
29 33 24
29 34 15
29 36 63
29 37 19
29 38 39
29 39 85
29 40 13
29 42 38
29 45 96
29 46 26
29 49 91
30 31 67
30 32 4
30 34 92
30 38 23
30 40 96
30 46 94
31 35 61
31 38 4
31 40 88
31 43 71
31 46 88
31 47 75
31 49 37
31 50 72
32 33 31
32 40 45
32 42 65
32 43 34
32 46 4
32 49 15
33 34 63
33 35 91
33 38 60
33 40 21
33 42 51
33 43 91
33 47 26
33 48 33
34 36 58
34 37 15
34 44 33
34 45 83
34 48 50
34 49 89
34 50 28
35 44 97
35 45 2
36 39 61
36 41 78
36 48 26
36 50 78
37 39 8
37 43 48
37 44 93
37 45 69
37 46 57
38 45 36
38 48 8
38 49 21
39 40 20
39 41 9
39 42 1
39 45 86
39 47 23
39 48 63
40 43 91
40 45 75
40 47 59
40 49 83
41 42 74
41 43 5
41 45 54
43 48 5
43 49 8
44 46 26
44 48 34
45 46 15
45 49 28
46 48 26
46 49 7
47 48 34
48 49 46
49 50 71
1 5 70
1 7 81
1 9 32
1 11 57
1 13 58
1 14 2
1 15 72
1 16 10
1 18 3
1 19 20
1 21 17
1 23 22
1 26 91
1 27 67
1 28 95
1 30 8
1 31 33
1 34 56
1 46 88
1 48 35
1 50 4
2 3 9
2 6 2
2 7 56
2 8 34
2 10 92
2 11 16
2 14 11
2 16 48
2 17 16
2 19 98
2 24 86
2 28 22
2 29 61
2 33 89
2 37 27
2 40 27
2 43 47
2 45 64
2 47 59
2 48 75
3 4 82
3 5 59
3 7 72
3 8 49
3 9 70
3 12 57
3 18 56
3 20 52
3 21 38
3 25 62
3 27 84
3 28 20
3 32 18
3 35 14
3 40 99
3 43 73
3 44 82
3 45 50
3 48 91
3 50 91
4 5 34
4 7 57
4 8 70
4 10 76
4 14 87
4 16 48
4 17 93
4 22 72
4 27 16
4 30 28
4 31 22
4 33 100
4 34 75
4 41 59
4 45 50
4 46 56
4 47 41
4 48 48
5 6 52
5 9 20
5 12 95
5 17 9
5 19 59
5 21 79
5 24 92
5 26 10
5 27 11
5 28 97
5 30 19
5 42 45
5 43 73
5 44 58
6 8 27
6 10 90
6 13 55
6 15 90
6 17 38
6 18 66
6 20 87
6 22 36
6 24 5
6 26 42
6 27 53
6 29 53
6 30 11
6 34 6
6 36 67
6 40 3
6 43 74
6 44 13
6 48 9
6 50 34
7 10 71
7 11 22
7 15 9
7 20 37
7 21 38
7 24 40
7 27 99
7 28 66
7 34 84
7 37 59
7 38 95
7 39 75
7 40 73
7 42 90
7 45 27
7 46 7
7 48 65
7 50 63
8 10 51
8 12 21
8 14 99
8 17 1
8 19 36
8 23 84
8 26 49
8 27 88
8 30 14
8 31 31
8 32 84
8 35 76
8 39 30
8 40 49
8 47 65
8 48 37
8 49 55
9 10 58
9 11 41
9 12 59
9 14 62
9 15 97
9 20 81
9 23 77
9 24 83
9 25 46
9 30 28
9 31 93
9 33 2
9 35 39
9 36 55
9 37 38
9 40 19
9 41 6
9 43 83
9 46 63
9 50 87
10 12 86
10 13 36
10 14 86
10 17 89
10 19 36
10 20 92
10 26 98
10 32 35
10 33 76
10 34 98
10 35 45
10 37 25
10 39 95
10 47 56
11 12 3
11 16 55
11 19 53
11 21 31
11 23 90
11 25 89
11 27 34
11 28 12
11 29 13
11 33 32
11 40 87
11 42 65
11 47 94
11 50 51
12 13 36
12 17 86
12 19 11
12 20 44
12 22 100
12 24 29
12 26 63
12 30 56
12 31 89
12 32 38
12 34 75
12 36 100
12 46 26
12 47 94
12 49 60
12 50 2
13 15 4
13 16 8
13 20 24
13 23 75
13 27 93
13 28 48
13 32 69
13 37 17
13 38 91
13 45 40
13 48 11
14 15 25
14 18 62
14 21 38
14 22 72
14 23 53
14 25 40
14 27 17
14 28 99
14 31 44
14 32 8
14 35 65
14 37 46
14 38 17
14 39 4
14 41 3
14 43 25
14 45 92
14 50 4
15 17 93
15 19 26
15 20 27
15 22 84
15 24 38
15 32 16
15 33 36
15 38 65
15 41 91
15 43 29
15 45 15
15 47 72
15 50 6
16 19 26
16 20 63
16 21 20
16 22 19
16 26 42
16 29 88
16 30 32
16 31 77
16 33 44
16 37 16
16 41 61
16 42 89
16 44 1
16 45 96
16 46 54
17 18 52
17 19 21
17 20 20
17 22 29
17 24 39
17 30 80
17 31 6
17 32 47
17 35 45
17 38 24
17 40 82
17 41 19
17 43 35
17 50 58
18 19 40
18 22 99
18 25 74
18 28 70
18 29 33
18 30 84
18 36 23
18 43 79
18 44 37
18 45 7
19 20 59
19 21 3
19 22 33
19 23 97
19 24 1
19 35 84
19 37 23
19 38 6
19 39 49
19 41 68
19 44 22
19 45 88
19 47 78
19 48 97
19 49 80
20 26 98
20 28 36
20 29 19
20 30 44
20 31 10
20 37 22
20 38 55
20 39 59
20 41 38
20 42 99
20 43 8
20 44 80
20 45 84
20 48 88
21 31 31
21 32 62
21 33 32
21 34 61
21 35 61
21 37 83
21 38 52
21 42 12
21 47 57
22 24 7
22 31 91
22 37 90
22 38 72
22 39 31
22 41 17
22 43 57
22 49 26
23 24 59
23 28 82
23 42 38
23 44 51
23 48 84
24 26 27
24 27 78
24 28 94
24 32 27
24 35 48
24 38 32
24 41 73
24 44 46
24 47 74
24 50 49
25 26 34
25 30 27
25 31 49
25 34 43
25 41 72
25 42 48
25 45 16
25 48 40
25 49 8
26 28 33
26 30 47
26 31 66
26 37 99
26 40 97
26 42 85
26 47 16
26 49 29
26 50 88
27 28 47
27 32 60
27 33 78
27 34 4
27 38 30
27 39 13
27 42 70
27 43 4
27 47 14
28 30 75
28 31 83
28 35 18
28 45 60
28 46 86
28 47 60
29 30 80
29 33 68
29 34 63
29 36 76
29 37 91
29 39 77
29 42 74
29 44 70
29 47 49
29 49 23
30 34 85
30 35 5
30 36 5
30 37 12
30 39 83
30 43 87
30 44 44
31 33 33
31 36 71
31 38 59
31 40 27
31 41 80
31 42 42
31 43 60
31 44 19
31 47 24
31 50 7
32 33 11
32 34 27
32 38 93
32 40 8
32 42 18
32 44 95
32 49 17
32 50 37
33 34 63
33 35 19
33 44 28
33 45 21
33 47 42
33 49 83
34 35 91
34 36 5
34 37 30
34 38 16
34 39 12
34 41 74
34 42 93
34 47 64
34 50 7
35 37 68
35 42 11
35 47 89
35 48 63
35 49 77
36 39 27
37 42 48
37 43 29
37 45 7
37 48 26
37 50 15
38 47 96
39 42 100
39 46 39
39 49 3
40 43 14
40 46 87
40 49 34
41 42 77
41 43 33
41 50 48
42 44 17
42 46 77
42 49 71
43 48 63
43 49 44
43 50 19
44 46 1
44 48 33
44 49 13
44 50 38
45 48 97
45 49 23
46 49 47
47 48 56
47 50 21
48 49 19
48 50 82
1 7 26
1 8 69
1 9 83
1 11 75
1 14 28
1 24 54
1 26 29
1 27 74
1 30 16
1 31 1
1 32 19
1 35 52
1 36 22
1 37 1
1 39 25
1 44 45
1 45 97
1 48 74
1 49 82
1 50 72
2 5 43
2 6 61
2 9 6
2 11 81
2 12 61
2 14 78
2 15 14
2 16 54
2 21 84
2 22 46
2 25 26
2 26 85
2 29 42
2 30 43
2 34 24
2 39 72
2 40 31
2 41 61
2 44 25
2 47 25
2 49 58
2 50 7
3 5 5
3 6 77
3 8 24
3 10 34
3 11 72
3 12 12
3 19 46
3 20 36
3 27 21
3 32 19
3 34 74
3 35 26
3 38 26
3 40 95
3 41 93
3 43 49
3 50 64
4 10 39
4 11 86
4 13 22
4 17 37
4 19 13
4 21 92
4 22 25
4 23 13
4 25 62
4 26 65
4 29 8
4 31 46
4 34 12
4 35 67
4 37 91
4 47 34
4 48 87
5 7 49
5 8 42
5 10 28
5 14 59
5 17 5
5 18 93
5 24 49
5 28 80
5 29 3
5 30 48
5 33 24
5 37 11
5 42 86
5 44 100
5 48 56
6 8 47
6 15 17
6 16 91
6 23 23
6 25 9
6 27 11
6 28 3
6 29 1
6 37 43
6 38 5
6 41 83
6 42 22
6 43 68
6 45 51
6 46 3
6 48 58
6 49 75
6 50 60
7 8 52
7 14 64
7 17 37
7 18 23
7 22 86
7 23 90
7 24 92
7 25 8
7 27 37
7 31 100
7 39 87
7 44 69
7 46 76
7 49 75
7 50 25
8 11 20
8 12 83
