50 1103 1
1 3 8
1 5 58
1 6 65
1 8 58
1 10 31
1 11 83
1 15 44
1 19 59
1 22 46
1 23 5
1 25 95
1 27 73
1 28 76
1 30 29
1 38 30
1 41 69
1 43 3
1 45 85
1 46 58
1 47 27
2 3 99
2 4 51
2 7 2
2 9 75
2 10 100
2 12 1
2 13 95
2 15 4
2 17 95
2 18 97
2 22 49
2 34 36
2 35 33
2 36 67
2 37 9
2 41 38
2 43 26
2 48 29
2 49 94
3 4 23
3 5 2
3 6 91
3 7 6
3 8 47
3 9 40
3 10 88
3 18 16
3 25 83
3 28 64
3 29 24
3 31 76
3 33 54
3 34 74
3 35 98
3 36 73
3 37 95
3 38 81
3 41 21
3 42 60
4 5 92
4 8 28
4 11 90
4 12 73
4 14 66
4 16 36
4 20 91
4 21 1
4 22 75
4 24 17
4 25 2
4 30 22
4 31 59
4 32 11
4 33 3
4 34 81
4 35 76
4 39 50
4 45 28
4 46 9
4 47 68
4 50 63
5 7 42
5 13 86
5 16 12
5 17 52
5 19 63
5 20 83
5 21 16
5 22 48
5 23 8
5 24 98
5 28 39
5 30 42
5 32 37
5 33 28
5 38 81
5 42 73
5 43 10
5 45 2
5 49 45
6 7 98
6 15 72
6 19 20
6 21 61
6 22 59
6 24 61
6 26 14
6 30 58
6 32 22
6 33 39
6 37 40
6 38 35
6 43 73
6 45 99
6 46 26
6 47 91
6 48 27
6 49 90
6 50 70
7 8 55
7 10 8
7 13 77
7 16 69
7 18 41
7 19 77
7 20 51
7 24 33
7 28 53
7 30 38
7 34 92
7 36 84
7 41 22
8 9 65
8 17 4
8 18 92
8 20 45
8 25 93
8 26 29
8 28 93
8 30 74
8 32 97
8 34 55
8 38 91
8 42 88
8 49 23
9 11 10
9 14 77
9 16 15
9 18 80
9 19 48
9 21 12
9 25 24
9 26 59
9 27 12
9 28 46
9 32 33
9 34 5
9 37 2
9 42 90
9 43 76
9 44 78
9 49 98
9 50 69
10 12 28
10 13 73
10 15 69
10 17 63
10 18 77
10 24 50
10 26 49
10 29 76
10 31 38
10 33 79
10 37 1
10 38 36
10 40 29
10 41 13
10 50 53
11 13 62
11 17 43
11 21 24
11 25 82
11 30 97
11 32 39
11 34 64
11 40 28
11 42 79
11 44 9
11 46 45
11 47 8
11 48 88
12 13 28
12 14 55
12 15 69
12 19 81
12 20 24
12 25 68
12 28 46
12 29 97
12 30 86
12 32 92
12 35 63
12 36 73
12 37 100
12 40 60
12 41 40
12 42 4
12 43 53
12 45 49
12 50 17
13 14 78
13 15 18
13 17 88
13 18 45
13 20 4
13 23 34
13 24 80
13 25 13
13 28 15
13 31 78
13 33 100
13 34 43
13 35 11
13 38 2
13 39 47
13 40 67
13 41 13
13 42 72
13 43 75
13 44 89
13 45 18
13 48 79
14 15 99
14 16 11
14 17 83
14 18 91
14 22 17
14 24 53
14 29 9
14 30 17
14 32 8
14 34 35
14 35 61
14 44 45
14 45 78
14 47 12
14 49 12
14 50 58
15 17 48
15 21 27
15 22 83
15 23 53
15 24 60
15 25 52
15 28 89
15 31 64
15 36 55
15 37 89
15 39 72
15 40 3
15 41 26
15 49 46
16 22 10
16 33 62
16 34 8
16 35 44
16 36 89
16 37 24
16 40 33
16 41 38
16 42 32
16 45 75
16 46 39
16 48 49
16 49 47
17 20 42
17 22 29
17 23 37
17 28 54
17 34 94
17 35 19
17 37 78
17 38 83
17 39 41
17 40 44
17 41 17
18 19 30
18 26 94
18 31 83
18 32 78
18 37 16
18 38 28
18 39 51
18 45 97
18 47 54
18 50 80
19 24 62
19 25 31
19 26 90
19 32 12
19 34 1
19 36 94
19 37 92
19 39 78
19 41 48
19 42 61
19 45 88
19 50 4
20 24 16
20 25 91
20 26 2
20 28 96
20 29 30
20 30 58
20 32 67
20 35 13
20 36 23
20 38 55
20 39 5
20 44 53
20 45 2
20 46 10
20 47 31
20 48 18
20 49 89
21 22 84
21 25 63
21 28 76
21 31 46
21 34 91
21 42 30
21 44 58
21 45 98
21 47 15
21 48 87
21 49 82
22 24 53
22 30 50
22 35 64
22 36 65
22 37 94
22 42 72
22 46 19
23 24 32
23 25 29
23 26 6
23 27 4
23 30 34
23 33 35
23 36 90
23 39 39
23 42 49
23 43 46
23 44 30
23 46 22
23 49 12
24 26 96
24 28 5
24 39 74
24 42 34
24 45 7
24 46 93
24 50 81
25 27 68
25 28 30
25 32 8
25 46 31
25 49 51
25 50 20
26 28 64
26 33 76
26 35 80
26 40 71
26 41 67
26 42 83
26 43 46
26 44 54
26 45 2
26 46 85
27 30 56
27 35 7
27 37 32
27 39 33
27 40 37
27 42 32
27 43 93
27 44 94
27 45 44
27 48 92
27 49 46
28 30 85
28 33 11
28 34 26
28 35 96
28 36 95
28 41 5
28 42 5
28 43 61
28 44 11
28 47 77
28 49 42
29 30 58
29 31 27
29 32 43
29 34 11
29 36 42
29 37 96
29 39 18
29 41 53
29 44 76
29 45 17
29 46 1
29 47 78
29 50 58
30 31 32
30 32 89
30 35 57
30 40 11
30 41 15
30 45 44
30 46 41
30 47 61
30 48 9
31 32 2
31 34 8
31 35 98
31 37 52
31 49 23
32 37 42
32 38 66
32 44 61
32 45 57
32 47 46
32 48 92
32 50 12
33 35 44
33 41 52
33 49 1
34 41 71
34 45 88
34 47 65
34 48 95
35 36 54
35 40 14
35 42 21
35 43 92
35 45 35
35 47 85
35 48 20
35 50 40
36 37 29
36 41 14
36 43 74
36 44 93
36 45 62
36 46 94
36 49 2
36 50 52
37 39 7
37 40 44
37 44 2
37 46 49
38 41 66
38 46 92
38 49 34
39 40 2
39 41 9
39 45 35
39 47 10
39 49 61
40 41 66
40 43 88
40 44 28
40 45 63
40 47 43
40 49 40
40 50 45
41 42 89
41 43 94
42 44 82
42 46 11
42 47 48
42 49 80
42 50 21
43 46 78
43 49 99
43 50 90
44 47 55
45 46 67
45 47 80
45 50 86
46 48 18
47 50 65
49 50 31
1 2 41
1 3 3
1 5 37
1 6 20
1 9 53
1 10 64
1 14 86
1 17 66
1 18 37
1 19 81
1 20 69
1 21 48
1 27 95
1 32 71
1 36 94
1 37 22
1 38 9
1 39 79
1 40 54
1 42 13
1 45 25
1 46 4
1 47 42
1 48 68
1 50 13
2 4 79
2 5 48
2 6 3
2 7 51
2 11 67
2 14 58
2 16 42
2 17 86
2 28 46
2 29 72
2 31 20
2 34 43
2 37 25
2 38 15
2 42 100
2 46 60
2 47 30
3 5 54
3 6 17
3 7 48
3 9 22
3 11 57
3 13 7
3 15 56
3 17 13
3 18 70
3 25 82
3 27 56
3 38 22
3 40 36
3 42 49
3 43 75
3 44 20
3 47 48
3 49 82
4 5 22
4 10 28
4 12 83
4 14 100
4 16 80
4 20 13
4 22 96
4 24 34
4 26 7
4 28 44
4 31 59
4 32 43
4 33 69
4 36 41
4 37 97
4 42 100
4 44 72
4 45 27
4 46 8
4 49 35
4 50 7
5 12 60
5 16 30
5 20 11
5 23 40
5 26 91
5 27 37
5 30 91
5 31 6
5 33 67
5 41 64
5 42 47
5 44 55
5 45 44
5 46 65
5 48 57
5 49 78
6 10 81
6 13 78
6 14 34
6 15 20
6 16 99
6 19 44
6 23 73
6 24 8
6 27 39
6 28 98
6 30 31
6 32 35
6 34 31
6 37 55
6 38 20
6 46 28
6 50 61
7 8 14
7 11 18
7 14 53
7 15 61
7 18 100
7 19 89
7 20 34
7 22 63
7 26 50
7 31 13
7 32 82
7 33 95
7 34 61
7 37 53
7 41 1
7 47 18
7 48 14
8 12 79
8 16 14
8 19 67
8 21 34
8 22 87
8 23 91
8 24 64
8 26 20
8 27 58
8 28 1
8 30 81
8 34 79
8 35 29
8 39 23
8 40 95
8 41 37
8 46 78
8 49 95
9 12 78
9 13 42
9 15 80
9 17 97
9 20 96
9 25 88
9 26 89
9 27 41
9 43 76
9 45 1
9 47 5
10 15 72
10 21 27
10 24 88
10 31 59
10 33 71
10 37 53
10 38 82
10 43 44
10 46 80
10 47 91
10 49 97
11 15 4
11 16 37
11 17 4
11 19 35
11 20 46
11 21 93
11 22 76
11 27 77
11 29 14
11 30 74
11 35 87
11 40 46
11 41 28
11 42 65
11 44 98
11 47 69
11 48 62
12 16 96
12 19 88
12 20 40
12 21 29
12 22 87
12 23 23
12 24 79
12 25 94
12 26 30
12 27 73
12 28 3
12 29 63
12 35 16
12 44 58
12 45 74
12 46 37
12 49 97
12 50 6
13 14 75
13 17 2
13 18 26
13 20 14
13 24 26
13 25 37
13 26 45
13 29 72
13 30 48
13 34 7
13 38 55
13 41 29
13 42 77
13 46 8
13 50 63
14 15 35
14 24 79
14 34 98
14 39 23
14 42 31
14 49 33
14 50 16
15 22 45
15 23 81
15 25 59
15 26 51
15 28 89
15 32 47
15 34 69
15 36 69
15 38 100
15 43 31
15 46 82
15 47 72
16 17 35
16 18 17
16 19 54
16 20 60
16 23 4
16 24 89
16 26 55
16 28 34
16 31 22
16 35 52
16 40 44
16 46 62
16 49 2
17 19 61
17 21 84
17 22 28
17 26 33
17 29 94
17 30 52
17 31 13
17 33 99
17 36 80
17 38 52
17 43 66
17 47 100
18 20 65
18 23 65
18 26 46
18 27 62
18 33 32
18 34 98
18 40 39
18 41 12
18 44 7
18 45 74
18 47 27
18 50 92
19 23 17
19 26 84
19 33 75
19 35 56
19 38 43
19 39 95
19 40 99
19 42 44
19 45 14
19 50 64
20 25 15
20 27 42
20 31 94
20 32 7
20 33 33
20 36 11
20 38 79
20 41 48
20 44 59
20 45 61
20 48 15
20 49 38
20 50 62
21 22 9
21 25 45
21 26 40
21 28 62
21 32 57
21 33 83
21 37 6
21 43 50
21 44 76
21 46 20
21 47 86
22 26 11
22 31 86
22 33 1
22 35 33
22 42 74
22 47 73
22 49 4
23 26 68
23 27 6
23 29 80
23 34 87
23 35 68
23 37 54
23 38 83
23 39 86
23 40 73
23 44 99
23 45 70
23 46 86
23 48 90
23 49 82
24 25 39
24 27 15
24 28 50
24 29 97
24 32 11
24 34 30
24 36 56
24 39 94
24 47 51
24 49 48
25 32 6
25 33 54
25 36 33
25 38 70
25 42 51
25 43 29
25 45 30
25 50 30
26 27 24
26 28 73
26 33 32
26 34 50
26 35 53
26 37 77
26 38 61
26 47 12
26 50 74
27 29 89
27 34 50
27 35 60
27 39 20
27 42 62
27 44 14
27 48 48
27 49 49
27 50 95
28 29 21
28 31 3
28 34 86
28 35 58
28 36 18
28 37 4
28 38 92
28 39 5
28 40 37
28 41 81
28 43 8
28 49 3
29 31 81
29 34 66
29 37 43
29 40 32
29 42 100
29 46 78
29 47 42
29 48 71
30 32 19
30 33 50
30 35 12
30 37 63
30 38 57
30 39 8
30 42 86
30 44 19
30 45 69
30 46 11
30 47 25
30 48 82
30 50 30
31 32 99
31 34 100
31 35 51
31 39 22
31 40 50
31 41 94
31 42 11
31 44 7
31 45 23
31 46 88
32 34 68
32 41 63
32 45 14
32 50 79
33 36 15
33 39 17
33 40 85
33 41 27
33 46 55
33 48 62
34 42 52
34 43 80
34 46 96
34 47 15
34 50 32
35 41 22
35 42 59
35 44 48
35 45 1
35 48 27
35 49 79
36 37 78
36 38 15
36 43 17
36 44 59
36 45 36
36 46 24
36 49 57
36 50 100
37 39 53
37 42 84
37 44 36
37 45 19
38 40 46
38 43 19
38 44 60
38 47 24
38 48 3
39 42 11
39 43 31
39 47 99
39 48 41
39 49 98
39 50 30
40 42 98
40 44 19
40 46 53
40 47 64
41 42 6
41 43 58
41 45 5
41 49 18
42 43 92
42 45 5
42 46 76
42 49 10
43 45 94
43 47 43
43 50 23
44 45 82
44 48 39
44 49 10
44 50 15
46 49 21
46 50 62
47 48 86
47 49 68
47 50 11
48 49 7
48 50 31
1 2 61
1 4 86
1 5 33
1 8 38
1 10 89
1 11 62
1 12 43
1 13 67
1 14 3
1 16 4
1 17 100
1 23 72
1 24 62
1 30 38
1 31 16
1 33 83
1 34 28
1 35 3
1 37 94
1 38 31
1 39 42
1 40 78
1 42 11
1 44 9
1 47 54
1 50 75
2 3 60
2 5 7
2 6 65
2 7 19
2 8 81
2 12 72
2 13 83
2 14 28
2 15 86
2 17 43
2 18 47
2 19 23
2 20 56
2 22 35
2 25 20
2 28 30
2 29 77
2 31 34
2 33 2
2 40 29
2 42 33
2 46 98
2 47 45
3 5 97
3 8 85
3 9 52
3 12 79
3 17 50
3 18 85
3 21 88
3 29 95
3 33 89
3 35 67
3 36 46
3 39 35
3 42 72
3 45 19
3 49 95
4 6 84
4 8 62
4 10 15
4 19 85
4 22 17
4 23 19
4 24 81
4 25 5
4 27 37
4 28 80
4 30 56
4 31 8
4 32 28
4 33 17
4 34 62
4 40 82
4 44 62
4 46 57
4 48 85
4 50 99
5 6 59
5 8 91
5 11 17
5 13 63
5 15 68
5 18 95
5 20 89
5 23 41
5 25 93
5 32 17
5 41 50
5 43 77
5 44 45
5 47 21
5 48 54
6 7 91
6 8 73
6 11 51
6 12 15
6 15 22
6 16 48
6 17 27
6 18 75
6 21 17
6 27 83
6 28 41
6 29 15
6 30 23
6 31 87
6 32 89
6 34 51
6 42 24
6 43 95
6 45 22
6 47 4
6 48 20
6 49 90
7 9 76
7 11 94
7 13 6
7 14 59
7 15 93
7 20 40
7 24 21
