50 1103 1
1 4 90
1 6 54
1 12 54
1 14 9
1 15 10
1 17 6
1 18 50
1 19 11
1 21 62
1 25 43
1 27 37
1 28 1
1 33 44
1 34 14
1 35 53
1 39 92
1 41 79
1 44 14
1 47 25
1 49 52
2 4 35
2 5 74
2 9 44
2 12 33
2 13 71
2 16 75
2 20 1
2 22 41
2 24 72
2 25 57
2 26 70
2 27 2
2 31 61
2 32 82
2 35 27
2 36 93
2 42 71
2 43 82
2 45 89
2 46 48
2 48 94
2 49 74
3 6 2
3 9 62
3 12 32
3 15 68
3 20 65
3 23 33
3 24 45
3 25 93
3 28 68
3 29 1
3 30 9
3 32 89
3 33 24
3 35 34
3 36 21
3 39 34
3 40 38
3 41 100
3 42 45
3 47 74
4 5 45
4 9 8
4 10 5
4 13 92
4 16 34
4 24 58
4 26 48
4 27 49
4 28 47
4 34 50
4 35 60
4 36 16
4 40 21
4 41 36
4 43 44
4 44 26
4 45 79
4 47 88
5 6 94
5 11 36
5 13 4
5 14 94
5 16 74
5 18 79
5 20 74
5 21 5
5 22 19
5 26 85
5 27 94
5 28 39
5 30 17
5 34 86
5 36 97
5 39 4
5 44 96
5 47 29
5 48 42
6 11 81
6 12 8
6 13 68
6 22 34
6 23 63
6 26 59
6 31 30
6 32 16
6 33 18
6 36 61
6 42 96
6 46 67
6 50 3
7 10 74
7 12 69
7 13 12
7 16 29
7 18 99
7 21 37
7 24 42
7 26 99
7 28 52
7 31 27
7 35 63
7 37 66
7 41 49
7 43 44
7 45 22
7 49 85
8 15 8
8 16 20
8 28 10
8 31 31
8 35 59
8 40 69
8 42 31
8 43 45
8 47 88
8 49 22
9 11 95
9 15 8
9 16 68
9 17 87
9 21 50
9 22 94
9 24 74
9 26 85
9 31 39
9 33 57
9 35 33
9 38 53
9 40 14
9 42 75
10 12 21
10 15 92
10 17 72
10 18 50
10 19 22
10 23 74
10 29 27
10 32 9
10 33 42
10 35 69
10 38 96
10 43 26
10 44 27
10 49 10
11 15 20
11 17 71
11 18 6
11 22 88
11 23 71
11 25 91
11 29 91
11 30 81
11 31 24
11 33 19
11 34 53
11 35 98
11 39 23
11 40 44
11 44 51
11 45 29
11 48 13
11 49 86
12 13 93
12 17 76
12 20 63
12 22 99
12 23 82
12 24 58
12 30 84
12 31 27
12 36 43
12 39 36
12 41 71
12 42 25
12 43 99
12 45 48
12 47 6
12 48 6
13 16 98
13 17 20
13 18 12
13 21 34
13 24 42
13 26 4
13 28 76
13 29 56
13 31 77
13 33 24
13 34 77
13 35 58
13 38 31
13 44 20
13 49 23
13 50 26
14 18 88
14 23 62
14 26 45
14 32 43
14 35 48
14 36 29
14 41 26
14 46 68
14 50 58
15 17 68
15 20 84
15 21 70
15 22 58
15 29 28
15 32 84
15 33 25
15 36 8
15 37 38
15 40 23
15 48 95
16 22 16
16 23 28
16 31 18
16 33 28
16 36 5
16 38 61
16 39 95
16 41 69
16 43 80
16 46 62
16 49 100
16 50 79
17 23 14
17 24 24
17 26 85
17 29 90
17 32 69
17 33 94
17 37 63
17 38 93
17 39 89
17 48 59
17 50 51
18 25 31
18 26 12
18 28 50
18 29 89
18 30 54
18 33 86
18 34 51
18 36 23
18 38 34
18 41 60
18 44 34
18 46 93
18 47 61
18 49 56
18 50 86
19 20 41
19 22 9
19 26 5
19 27 80
19 28 89
19 31 72
19 39 62
19 46 87
19 48 80
19 49 49
20 24 83
20 25 24
20 27 4
20 30 32
20 31 13
20 37 27
20 38 60
20 39 88
20 40 33
20 42 65
20 44 60
20 45 98
20 47 69
20 49 87
21 23 72
21 24 13
21 25 22
21 26 48
21 27 31
21 28 72
21 29 59
21 30 37
21 31 68
21 34 38
21 35 96
21 42 76
21 43 9
21 46 73
21 48 12
21 49 16
22 23 99
22 25 70
22 31 98
22 35 42
22 38 66
22 39 46
22 41 46
22 42 98
22 43 74
22 45 15
22 47 57
22 48 32
22 49 45
22 50 54
23 24 75
23 26 41
23 27 87
23 28 50
23 29 44
23 32 4
23 33 6
23 34 68
23 36 52
23 39 86
23 40 61
23 41 25
23 42 67
23 44 86
23 48 36
24 26 64
24 28 72
24 30 59
24 31 99
24 34 99
24 36 46
24 37 95
24 38 75
24 47 16
24 49 94
25 26 21
25 27 27
25 31 40
25 32 62
25 36 61
25 37 15
25 40 17
25 41 63
25 46 74
26 28 55
26 32 68
26 34 24
26 37 25
26 38 44
26 42 98
26 43 72
26 44 14
26 46 91
27 30 88
27 31 81
27 32 7
27 34 7
27 41 19
27 42 50
27 43 15
27 44 56
27 46 2
28 29 1
28 32 87
28 34 97
28 35 6
28 45 3
28 46 64
29 31 21
29 34 63
29 35 68
29 36 23
29 37 41
29 38 60
29 42 54
29 45 78
30 31 80
30 32 39
30 35 34
30 39 34
30 42 80
30 44 89
30 46 45
31 34 29
31 39 27
31 42 73
31 45 17
31 47 18
31 49 56
32 35 59
32 37 61
32 39 51
32 40 74
32 44 54
32 46 92
32 49 65
33 35 55
33 40 95
33 44 98
33 47 3
33 48 33
33 49 19
34 36 97
34 38 65
34 39 44
34 40 39
34 41 46
34 46 78
34 49 58
35 39 18
35 40 70
35 42 62
35 43 55
35 44 9
35 45 78
35 46 29
36 49 37
37 38 55
37 42 34
37 44 84
37 47 74
37 49 10
38 42 35
38 43 51
38 47 40
38 48 82
38 49 77
39 41 72
39 45 92
39 49 18
39 50 79
40 42 64
40 46 90
40 47 85
40 48 37
41 42 99
41 44 9
41 45 79
42 46 31
42 49 95
43 46 46
43 48 20
43 50 20
44 46 21
44 49 50
45 47 18
45 48 5
46 47 91
47 48 9
47 49 10
48 50 14
1 2 41
1 6 52
1 7 26
1 14 61
1 15 18
1 16 67
1 18 48
1 19 39
1 28 3
1 29 70
1 31 30
1 32 89
1 35 34
1 36 84
1 37 46
1 38 2
1 39 1
1 41 75
1 43 54
1 45 63
1 48 43
2 4 68
2 5 86
2 6 29
2 10 56
2 13 52
2 15 1
2 17 43
2 20 14
2 22 15
2 23 89
2 24 14
2 26 71
2 27 11
2 33 63
2 41 25
2 43 77
2 49 99
3 5 82
3 6 1
3 7 69
3 9 98
3 12 86
3 16 47
3 17 44
3 18 93
3 20 56
3 24 84
3 27 49
3 31 50
3 32 93
3 34 71
3 41 36
3 43 60
3 47 84
3 50 55
4 6 74
4 8 38
4 9 1
4 13 4
4 15 27
4 17 100
4 18 8
4 19 38
4 21 8
4 25 93
4 26 1
4 28 10
4 30 37
4 33 78
4 37 90
4 38 72
4 40 21
4 41 62
4 43 33
4 48 60
5 6 50
5 7 7
5 8 76
5 11 70
5 12 65
5 15 25
5 17 11
5 18 38
5 22 17
5 27 3
5 28 54
5 30 19
5 34 68
5 36 26
5 39 31
5 40 76
5 41 15
5 46 55
5 47 53
5 48 54
6 10 30
6 11 89
6 13 74
6 14 71
6 16 18
6 19 63
6 23 11
6 24 61
6 26 14
6 27 42
6 28 41
6 30 37
6 32 52
6 33 83
6 36 80
6 40 41
6 41 35
6 45 78
7 10 93
7 12 9
7 14 90
7 19 96
7 20 57
7 21 89
7 22 54
7 23 61
7 24 20
7 25 70
7 29 73
7 34 94
7 35 28
7 36 65
7 39 54
7 40 20
7 43 50
7 44 68
7 48 61
7 50 80
8 10 3
8 11 84
8 12 85
8 13 96
8 14 83
8 15 69
8 17 90
8 18 41
8 19 46
8 20 65
8 21 49
8 22 7
8 26 77
8 29 2
8 34 36
8 35 60
8 36 35
8 37 13
8 38 39
8 41 62
8 44 62
8 46 85
8 47 94
8 49 39
8 50 57
9 19 81
9 20 86
9 21 79
9 22 85
9 32 19
9 35 19
9 36 90
9 39 71
9 44 27
9 46 44
9 47 55
9 48 61
9 50 86
10 11 99
10 12 59
10 18 13
10 20 16
10 21 18
10 35 95
10 36 8
10 38 80
10 40 42
10 41 81
10 43 40
10 45 88
10 46 61
10 47 84
10 49 21
11 18 69
11 19 86
11 22 88
11 23 81
11 24 17
11 26 86
11 28 27
11 30 16
11 31 28
11 32 5
11 39 6
11 41 21
11 43 2
11 44 83
11 45 40
11 46 43
11 47 46
12 17 69
12 18 81
12 20 79
12 21 3
12 22 69
12 29 17
12 31 10
12 32 17
12 33 93
12 36 16
12 43 22
12 48 18
12 50 91
13 19 86
13 21 10
13 22 50
13 23 11
13 24 37
13 25 66
13 26 37
13 33 13
13 37 22
13 41 92
13 42 47
13 47 37
14 17 3
14 18 77
14 19 51
14 24 8
14 25 13
14 26 72
14 30 76
14 35 15
14 36 62
14 40 66
14 41 71
14 42 10
14 44 40
14 45 92
14 46 89
14 47 20
14 48 2
15 16 69
15 22 55
15 27 9
15 33 2
15 35 18
15 36 14
15 37 20
15 38 86
15 43 61
15 46 15
15 47 45
16 18 66
16 23 84
16 24 83
16 25 5
16 26 6
16 28 56
16 35 44
16 36 94
16 38 92
16 39 14
16 44 73
16 47 67
17 18 27
17 19 69
17 20 26
17 26 21
17 29 92
17 33 73
17 35 24
17 38 74
17 39 45
17 43 28
17 45 49
17 48 41
17 50 25
18 19 57
18 20 25
18 21 51
18 23 41
18 26 63
18 28 42
18 29 51
18 31 77
18 32 24
18 33 46
18 40 24
18 41 53
18 45 91
18 47 50
19 21 32
19 24 99
19 26 30
19 29 100
19 30 67
19 31 43
19 34 8
19 35 91
19 38 75
19 39 64
19 46 70
19 50 29
20 21 76
20 23 43
20 25 60
20 26 39
20 29 85
20 34 36
20 36 75
20 38 90
20 41 83
20 42 28
20 43 69
20 49 77
20 50 73
21 26 26
21 29 69
21 30 20
21 34 94
21 41 58
21 43 65
21 47 2
21 48 25
21 49 38
22 26 53
22 28 69
22 30 30
22 32 51
22 37 3
22 41 22
22 43 84
22 44 88
22 45 50
22 47 83
22 49 49
22 50 15
23 24 18
23 28 23
23 30 20
23 38 95
23 39 86
23 42 47
23 49 80
24 25 59
24 30 79
24 31 49
24 33 28
24 34 6
24 35 93
24 36 20
24 41 28
24 42 25
24 43 96
24 44 32
24 45 87
24 48 62
24 50 11
25 28 68
25 29 71
25 31 55
25 34 38
25 37 24
25 38 72
25 40 23
25 41 32
25 43 58
25 45 47
25 46 7
25 49 51
25 50 9
26 27 82
26 28 1
26 32 29
26 33 99
26 34 68
26 37 6
26 38 19
26 39 100
26 40 74
26 41 97
26 44 98
27 28 68
27 38 98
27 43 72
27 45 35
27 46 16
27 48 81
28 34 45
28 36 73
28 37 84
28 39 24
28 41 47
28 43 35
28 44 17
28 47 99
29 35 81
29 37 38
29 38 73
29 44 83
29 47 73
29 48 69
29 50 18
30 31 94
30 32 58
30 33 77
30 34 23
30 35 88
30 37 12
30 41 39
30 44 55
30 46 50
30 47 91
30 49 88
30 50 23
31 32 58
31 33 82
31 40 38
31 42 91
31 46 39
32 34 64
32 37 19
32 41 23
32 42 89
32 43 20
32 44 17
32 49 56
32 50 4
33 34 94
33 36 64
33 38 8
33 41 70
33 45 62
34 40 54
34 41 70
34 42 11
34 47 20
34 50 88
35 40 85
35 42 58
35 44 89
36 37 16
36 40 79
36 41 42
36 42 54
36 44 99
36 45 67
36 47 74
36 48 70
36 49 64
37 41 98
37 42 80
37 47 32
37 49 39
38 40 74
38 42 79
38 43 12
38 44 16
38 46 30
38 48 41
38 49 2
38 50 73
39 40 77
39 41 23
39 42 23
39 43 45
39 46 49
39 47 82
39 50 71
40 41 51
40 45 36
40 47 61
40 48 39
41 43 21
42 44 36
42 48 92
42 49 35
42 50 81
43 44 75
43 47 47
44 46 29
46 49 93
47 49 51
47 50 50
1 2 44
1 3 41
1 5 4
1 9 66
1 10 65
1 11 70
1 12 58
1 13 58
1 15 67
1 16 83
1 17 83
1 18 94
1 21 58
1 26 90
1 28 42
1 29 59
1 33 21
1 37 67
1 42 34
1 44 67
1 45 72
1 47 57
2 4 78
2 5 82
2 6 63
2 7 39
2 11 99
2 13 30
2 19 75
2 24 55
2 26 13
2 27 62
2 28 54
2 29 50
2 32 24
2 35 21
2 38 56
2 40 19
2 41 50
2 42 4
2 44 90
2 46 35
2 49 10
2 50 54
3 17 14
3 18 61
3 20 99
3 21 31
3 25 93
3 27 76
3 33 42
3 34 27
3 35 53
3 37 98
3 38 10
3 40 25
3 41 61
3 47 66
3 49 31
3 50 72
4 5 65
4 8 70
4 9 55
4 15 69
4 16 36
4 17 89
4 18 83
4 20 34
4 25 37
4 28 35
4 30 61
4 33 77
4 36 30
4 37 10
4 39 50
4 40 95
4 41 70
4 42 36
4 46 10
4 48 85
4 49 54
4 50 60
5 6 6
5 8 12
5 13 65
5 29 55
5 32 22
5 35 95
5 37 8
5 39 94
5 40 13
5 47 61
5 49 44
5 50 88
6 7 2
6 11 67
6 14 28
6 18 36
6 21 16
6 24 43
6 25 89
6 28 7
6 30 97
6 31 95
6 33 30
6 34 21
6 36 20
6 37 64
6 39 81
6 41 44
6 42 42
6 43 63
6 49 27
6 50 61
7 15 98
7 17 7
7 20 79
7 21 73
7 22 19
7 23 32
7 25 84
7 26 4
7 31 100
7 34 100
7 36 82
7 37 40
7 38 51
7 41 4
7 44 29
7 45 4
7 49 45
8 12 35
8 13 50
8 14 20
8 16 71
8 17 64
8 21 36
8 23 85
8 25 52
8 32 84
8 34 79
8 36 70
8 38 65
8 40 37
8 44 59
