50 1103 1
1 2 17
1 4 52
1 7 97
1 9 88
1 11 74
1 12 21
1 15 23
1 22 86
1 23 32
1 26 1
1 29 85
1 31 37
1 32 64
1 40 97
1 42 74
1 44 40
2 5 84
2 6 47
2 10 22
2 13 27
2 14 76
2 15 17
2 16 90
2 19 17
2 22 53
2 23 68
2 26 50
2 29 30
2 34 59
2 35 97
2 37 28
2 39 58
2 42 7
2 45 47
2 48 57
2 50 30
3 5 3
3 7 81
3 11 36
3 18 18
3 22 73
3 23 9
3 24 79
3 25 22
3 26 23
3 27 71
3 28 35
3 29 17
3 30 37
3 31 93
3 33 57
3 40 45
3 41 26
3 42 46
3 45 34
3 46 63
3 47 85
4 6 57
4 7 28
4 8 30
4 10 90
4 11 28
4 16 73
4 20 91
4 23 58
4 32 20
4 35 36
4 37 87
4 45 35
4 46 99
4 48 12
4 50 24
5 8 56
5 9 71
5 17 62
5 18 34
5 22 76
5 23 64
5 24 69
5 26 32
5 28 86
5 30 80
5 31 24
5 36 78
5 37 70
5 43 81
5 45 39
5 48 15
5 49 80
6 8 13
6 11 32
6 13 40
6 15 96
6 17 97
6 29 3
6 36 31
6 37 90
6 41 61
6 44 90
6 48 1
7 12 1
7 13 34
7 16 5
7 17 59
7 19 88
7 23 94
7 25 14
7 27 23
7 29 69
7 31 38
7 33 54
7 34 84
7 35 61
7 36 45
7 42 37
7 44 3
7 48 83
7 49 62
7 50 98
8 9 7
8 13 62
8 17 42
8 18 82
8 22 39
8 24 14
8 27 3
8 28 38
8 29 7
8 30 98
8 34 91
8 35 13
8 37 70
8 39 13
8 41 32
8 42 89
8 43 71
8 46 6
8 49 56
8 50 73
9 16 100
9 28 42
9 30 62
9 31 55
9 33 54
9 34 55
9 37 80
9 38 11
9 41 36
9 44 99
10 12 4
10 19 68
10 22 40
10 24 16
10 26 12
10 28 43
10 29 83
10 33 80
10 34 28
10 36 19
10 37 82
10 39 9
10 40 62
10 41 3
10 43 49
10 44 1
10 45 48
10 46 75
10 48 97
10 49 42
10 50 11
11 13 55
11 16 70
11 18 56
11 20 78
11 22 35
11 23 63
11 24 12
11 27 44
11 32 13
11 33 88
11 34 72
11 37 34
11 39 5
11 43 84
11 45 55
11 47 15
11 49 54
11 50 31
12 15 26
12 17 34
12 18 22
12 20 50
12 32 32
12 33 28
12 35 43
12 36 87
12 38 68
12 39 5
12 40 50
12 46 22
12 48 94
12 49 19
12 50 76
13 15 85
13 18 43
13 20 24
13 21 80
13 25 70
13 29 93
13 30 76
13 32 40
13 33 31
13 39 45
13 42 48
13 43 85
13 47 1
14 17 61
14 20 16
14 21 59
14 23 49
14 25 79
14 27 37
14 30 1
14 32 17
14 33 58
14 35 29
14 36 88
14 38 99
14 41 63
14 43 42
14 44 89
14 45 5
14 46 89
14 47 88
15 20 91
15 21 86
15 22 5
15 23 64
15 26 8
15 28 9
15 29 97
15 34 72
15 35 87
15 36 29
15 37 93
15 40 6
15 45 56
15 48 41
16 22 22
16 23 9
16 26 92
16 27 93
16 28 51
16 30 42
16 34 11
16 39 68
16 40 24
16 47 68
16 48 54
16 49 37
17 18 92
17 21 29
17 22 4
17 23 56
17 26 30
17 28 28
17 35 22
17 36 80
17 37 95
17 41 78
17 45 51
17 47 93
17 48 22
17 49 67
18 23 30
18 28 18
18 29 48
18 30 83
18 31 40
18 33 60
18 35 82
18 37 34
18 38 60
18 46 38
18 49 25
18 50 13
19 22 47
19 23 64
19 27 13
19 28 20
19 31 78
19 41 48
19 43 17
19 47 26
20 27 27
20 28 13
20 29 39
20 36 61
20 38 15
20 40 34
20 41 86
20 44 45
20 45 91
20 46 5
20 48 26
20 49 24
21 23 16
21 26 80
21 27 85
21 29 85
21 30 79
21 33 70
21 35 100
21 38 38
21 45 3
21 49 89
22 24 59
22 28 23
22 30 78
22 32 92
22 39 33
22 42 34
22 44 63
22 50 73
23 24 61
23 25 100
23 28 35
23 30 14
23 32 86
23 33 74
23 34 60
23 36 31
23 37 96
23 38 17
23 39 68
23 40 86
23 41 15
23 43 49
23 45 88
23 48 16
23 50 21
24 29 86
24 30 74
24 31 39
24 32 52
24 34 45
24 35 52
24 37 81
24 40 72
24 41 41
24 42 78
24 43 78
24 45 10
24 49 75
25 28 34
25 33 4
25 38 29
25 40 29
25 49 26
26 28 95
26 30 12
26 31 35
26 35 61
26 38 97
26 40 63
26 47 100
26 48 14
27 28 12
27 30 50
27 32 25
27 34 60
27 35 67
27 36 31
27 37 76
27 44 91
27 45 88
27 46 29
27 48 63
27 49 44
27 50 92
28 32 97
28 34 24
28 37 49
28 38 63
28 39 75
28 40 40
28 41 30
28 43 32
28 44 27
28 45 48
28 46 71
28 47 69
28 48 73
28 49 96
29 30 88
29 32 77
29 40 69
29 44 4
29 45 14
29 46 39
29 47 46
29 50 43
30 32 100
30 35 95
30 37 80
30 40 81
30 41 74
30 42 70
30 45 79
30 46 88
30 48 78
30 50 47
31 32 72
31 36 33
31 39 16
31 40 52
31 42 82
31 45 2
31 47 20
32 33 62
32 35 13
32 37 37
32 38 66
32 41 26
32 44 17
32 46 14
32 47 59
32 48 62
32 50 75
33 37 57
33 40 31
33 47 92
33 48 62
33 49 60
33 50 60
34 36 1
34 37 76
34 38 91
34 39 48
34 45 29
34 47 25
35 41 13
35 42 4
35 45 11
35 47 97
35 48 67
35 49 37
36 42 66
36 45 98
36 47 55
36 48 8
37 38 63
37 43 47
37 44 80
37 45 52
37 47 45
37 48 83
37 49 83
37 50 38
38 39 70
38 40 57
38 41 81
38 42 20
38 44 76
38 45 95
38 46 18
38 47 21
39 40 26
39 42 77
39 48 63
40 45 20
40 46 12
40 49 81
40 50 26
41 42 97
41 43 71
41 48 93
41 49 24
42 43 56
42 44 53
42 45 64
42 49 70
42 50 59
43 47 7
43 48 37
43 49 99
44 45 73
44 46 95
44 48 98
44 49 31
45 48 60
45 49 19
46 47 28
46 49 8
46 50 61
47 49 68
47 50 1
1 4 82
1 6 12
1 8 98
1 9 73
1 11 63
1 15 31
1 16 7
1 19 18
1 21 18
1 24 33
1 29 23
1 33 55
1 34 88
1 36 63
1 42 89
1 43 6
1 44 46
1 48 80
2 5 13
2 8 50
2 10 83
2 12 25
2 13 54
2 14 83
2 15 86
2 21 56
2 22 54
2 24 44
2 25 46
2 26 80
2 27 17
2 31 43
2 33 62
2 35 15
2 37 97
2 38 43
2 39 23
2 42 36
2 46 43
2 48 77
2 50 46
3 4 32
3 5 27
3 6 73
3 14 74
3 20 96
3 22 75
3 24 2
3 25 23
3 28 97
3 30 90
3 31 65
3 35 96
3 38 5
3 39 35
3 50 26
4 5 21
4 8 19
4 9 15
4 10 65
4 11 74
4 16 84
4 18 66
4 22 14
4 27 74
4 29 89
4 30 43
4 31 27
4 37 73
4 38 93
4 39 15
4 40 25
4 42 18
4 46 69
4 48 24
5 7 37
5 9 13
5 12 51
5 13 100
5 15 13
5 16 36
5 19 86
5 20 19
5 23 79
5 24 75
5 25 36
5 27 83
5 28 80
5 30 41
5 32 48
5 36 27
5 38 99
5 45 52
5 47 18
5 48 92
5 49 7
6 7 39
6 11 63
6 17 3
6 18 30
6 20 45
6 22 3
6 23 79
6 24 77
6 26 87
6 27 71
6 29 23
6 32 47
6 33 7
6 36 56
6 40 67
6 41 42
6 42 53
6 44 66
6 46 8
6 50 33
7 12 64
7 16 39
7 19 21
7 20 55
7 21 36
7 22 75
7 26 49
7 40 95
7 44 74
7 45 22
7 46 51
8 11 24
8 15 74
8 16 20
8 17 37
8 18 92
8 19 54
8 23 92
8 25 29
8 28 31
8 29 20
8 32 96
8 33 51
8 35 69
8 38 57
8 49 1
8 50 19
9 10 51
9 14 75
9 15 92
9 16 27
9 17 77
9 19 77
9 22 83
9 23 72
9 25 45
9 26 58
9 27 54
9 29 76
9 30 81
9 34 52
9 36 60
9 38 67
9 39 60
9 42 23
9 43 8
9 47 48
9 50 66
10 15 60
10 16 76
10 17 44
10 18 88
10 19 52
10 22 98
10 29 72
10 32 71
10 36 97
10 39 1
10 40 61
10 43 43
10 45 19
10 50 48
11 16 5
11 18 98
11 19 75
11 20 11
11 21 79
11 24 25
11 25 25
11 26 19
11 28 95
11 29 42
11 30 87
11 31 100
11 34 38
11 35 2
11 41 96
11 42 61
11 43 57
11 44 14
11 47 93
11 49 44
12 13 34
12 20 63
12 22 89
12 25 93
12 26 97
12 39 25
12 40 10
12 42 81
12 43 39
12 46 57
13 14 44
13 19 56
13 20 26
13 25 27
13 27 98
13 30 93
13 35 54
13 36 47
13 37 6
13 39 23
13 41 85
13 42 27
13 43 71
13 44 49
13 45 12
13 47 29
13 49 69
14 15 54
14 17 53
14 18 40
14 20 76
14 22 47
14 24 71
14 25 82
14 30 78
14 31 78
14 32 85
14 34 76
14 35 85
14 39 22
14 40 46
14 43 42
14 46 12
14 48 44
15 16 77
15 19 13
15 20 58
15 22 47
15 23 13
15 25 65
15 28 82
15 30 80
15 31 30
15 33 27
15 36 95
15 42 39
15 43 18
15 46 78
15 47 19
15 50 16
16 17 94
16 18 90
16 19 92
16 21 67
16 22 29
16 23 100
16 26 61
16 29 93
16 30 68
16 31 24
16 32 67
16 33 89
16 36 82
16 37 66
16 38 71
16 41 34
16 42 62
16 47 40
17 19 46
17 23 46
17 24 80
17 25 12
17 27 43
17 29 73
17 32 73
17 35 9
17 38 35
17 42 28
17 43 59
17 45 22
17 46 45
18 22 32
18 23 57
18 25 16
18 27 69
18 29 9
18 32 36
18 34 56
18 35 55
18 38 36
18 46 15
18 48 83
18 49 19
18 50 21
19 21 49
19 22 48
19 23 1
19 29 70
19 35 85
19 41 83
19 42 12
19 45 71
19 47 77
19 49 13
20 22 82
20 24 40
20 25 84
20 27 60
20 28 21
20 31 64
20 38 8
20 40 81
20 44 25
20 45 59
20 46 18
21 25 87
21 26 39
21 34 89
21 37 10
21 39 31
21 44 16
21 45 99
21 46 30
21 50 15
22 23 70
22 26 58
22 27 91
22 30 31
22 34 89
22 37 67
22 39 53
22 44 31
22 50 80
23 24 32
23 28 90
23 30 18
23 32 35
23 33 42
23 37 20
23 41 92
23 45 22
23 46 82
23 49 25
24 25 44
24 26 37
24 27 17
24 30 98
24 31 15
24 32 96
24 35 40
24 37 50
24 43 89
24 45 28
24 46 34
24 47 95
24 48 43
25 29 47
25 30 73
25 32 73
25 35 22
25 38 16
25 40 10
25 41 38
25 43 51
25 45 4
25 47 59
25 48 42
25 49 4
26 27 47
26 28 61
26 29 25
26 31 61
26 35 53
26 36 99
26 40 27
26 42 55
26 43 65
26 50 79
27 28 63
27 31 49
27 32 51
27 33 45
27 36 30
27 37 84
27 39 34
27 40 42
27 44 36
28 29 42
28 30 14
28 31 37
28 34 44
28 35 69
28 36 77
28 37 80
28 39 8
28 40 42
28 43 47
28 44 21
28 45 12
28 46 39
28 47 93
28 48 97
28 49 38
28 50 31
29 30 12
29 32 75
29 36 16
29 37 53
29 38 82
29 42 64
29 43 71
29 44 11
29 45 78
29 46 87
29 47 50
30 32 48
30 34 69
30 37 2
30 41 58
30 46 45
30 47 31
30 48 94
30 50 16
31 33 34
31 34 12
31 37 68
31 38 46
31 41 80
31 44 40
31 46 12
31 47 42
32 35 74
32 37 72
32 42 75
32 43 89
32 44 10
32 46 77
33 36 47
33 43 70
33 47 17
33 48 54
33 49 33
33 50 55
34 35 92
34 38 85
34 40 32
34 43 76
34 47 80
34 48 10
35 38 68
35 41 32
35 48 17
36 39 46
36 41 88
36 44 41
36 45 66
37 40 88
37 41 85
37 42 89
37 44 45
37 46 7
38 41 54
38 46 92
38 47 26
39 48 63
40 42 76
40 43 62
40 47 42
41 43 80
41 45 80
41 47 96
42 43 40
42 45 41
42 50 12
43 44 24
43 47 6
43 48 80
44 46 84
45 48 86
47 48 92
47 49 70
47 50 5
48 49 73
1 3 46
1 4 72
1 7 44
1 8 22
1 9 50
1 10 2
1 11 13
1 13 25
1 14 77
1 20 70
1 21 9
1 23 18
1 24 69
1 26 98
1 28 64
1 32 81
1 33 75
1 39 54
1 40 36
1 41 5
1 43 35
1 46 7
1 47 92
1 50 74
2 5 25
2 12 97
2 17 89
2 19 82
2 24 11
2 25 60
2 26 96
2 30 80
2 31 80
2 32 67
2 34 24
2 38 45
2 41 47
2 43 20
2 44 90
2 48 53
2 49 93
2 50 18
3 5 55
3 7 55
3 8 51
3 9 61
3 10 12
3 15 74
3 22 45
3 28 35
3 31 84
3 35 78
3 36 25
3 37 69
3 38 7
3 39 52
3 40 34
3 45 77
3 47 77
3 48 21
3 49 47
4 7 59
4 8 26
4 9 82
4 12 42
4 14 9
4 17 4
4 19 22
4 23 84
4 24 69
4 25 56
4 26 83
4 27 76
4 28 60
4 29 89
4 33 40
4 35 45
4 36 77
4 41 83
4 42 1
4 47 17
4 50 8
5 7 21
5 9 6
5 13 28
5 14 91
5 15 6
5 16 98
5 18 93
5 20 83
5 21 21
5 22 97
5 23 6
5 25 81
5 29 47
5 31 5
5 32 47
5 33 83
5 34 23
5 37 92
5 40 77
5 43 95
5 44 34
5 45 85
5 48 74
5 50 85
6 7 9
6 9 51
6 15 54
6 16 34
6 18 34
6 19 2
6 21 30
6 24 61
6 25 9
