50 1103 1
1 2 57
1 3 7
1 4 21
1 7 61
1 8 43
1 11 76
1 20 18
1 21 11
1 25 15
1 27 27
1 29 11
1 30 89
1 38 89
1 39 87
1 40 93
1 41 23
1 45 8
2 7 47
2 8 53
2 9 57
2 11 88
2 12 85
2 15 31
2 16 19
2 17 66
2 19 24
2 20 34
2 22 1
2 23 59
2 25 54
2 26 30
2 30 92
2 31 22
2 34 33
2 35 51
2 39 24
2 41 18
2 42 13
2 45 91
2 46 57
2 48 1
3 4 49
3 5 89
3 8 39
3 10 68
3 13 18
3 16 31
3 18 41
3 25 50
3 26 89
3 27 19
3 28 53
3 30 47
3 33 29
3 35 88
3 37 85
3 38 72
3 40 45
3 43 98
3 45 84
3 48 7
4 6 25
4 10 12
4 11 24
4 12 75
4 17 19
4 18 17
4 19 41
4 20 13
4 21 3
4 25 68
4 27 97
4 29 51
4 30 57
4 32 97
4 34 61
4 35 66
4 37 71
4 40 72
4 41 84
4 46 29
5 8 26
5 9 14
5 11 93
5 13 14
5 16 42
5 17 72
5 20 25
5 21 39
5 22 27
5 24 83
5 29 6
5 30 24
5 32 16
5 46 67
5 49 71
5 50 19
6 7 80
6 10 26
6 12 71
6 16 28
6 18 32
6 19 48
6 22 37
6 24 29
6 25 6
6 26 87
6 27 99
6 29 69
6 31 21
6 32 65
6 35 52
6 38 73
6 40 78
6 41 78
6 44 25
6 48 28
6 50 83
7 8 20
7 9 79
7 11 1
7 12 72
7 16 86
7 17 80
7 20 78
7 21 2
7 22 2
7 28 36
7 34 57
7 41 58
7 44 85
7 45 1
8 9 67
8 11 34
8 14 64
8 18 91
8 24 56
8 25 21
8 26 65
8 28 69
8 29 3
8 33 8
8 35 62
8 38 75
8 40 3
8 43 90
8 45 19
8 46 46
8 49 30
9 11 30
9 13 12
9 16 53
9 18 77
9 21 34
9 26 15
9 31 77
9 34 84
9 39 97
9 44 3
9 48 88
9 49 79
9 50 98
10 12 74
10 13 83
10 14 36
10 17 19
10 20 60
10 21 2
10 29 92
10 30 95
10 36 78
10 37 5
10 39 92
10 42 3
10 43 66
10 44 58
10 47 73
10 48 80
11 13 47
11 17 9
11 18 65
11 22 31
11 25 20
11 26 37
11 28 62
11 36 88
11 37 13
11 41 10
11 43 64
11 46 62
11 47 50
11 49 54
11 50 95
12 14 40
12 19 22
12 20 50
12 26 53
12 33 50
12 36 3
12 39 50
12 44 29
12 45 8
12 47 15
12 48 93
13 14 66
13 15 4
13 16 54
13 19 90
13 21 62
13 22 77
13 27 61
13 29 38
13 30 2
13 31 88
13 34 21
13 35 86
13 40 5
13 42 49
13 43 25
13 45 17
13 48 45
13 50 90
14 16 56
14 20 51
14 22 53
14 23 16
14 25 41
14 32 23
14 33 79
14 34 97
14 38 69
14 39 19
14 44 18
14 49 96
15 16 13
15 17 93
15 23 56
15 24 88
15 25 98
15 26 33
15 30 75
15 33 96
15 34 88
15 35 77
15 37 30
15 38 58
15 40 38
15 42 96
15 44 32
15 46 15
15 49 5
16 17 95
16 18 48
16 21 97
16 23 96
16 24 5
16 31 72
16 32 40
16 33 75
16 35 97
16 38 56
16 41 18
16 42 54
16 46 8
16 47 75
16 48 86
17 18 1
17 20 41
17 21 60
17 24 64
17 25 57
17 27 46
17 28 94
17 31 15
17 32 22
17 33 37
17 34 84
17 42 24
17 44 25
17 48 12
17 49 43
18 19 75
18 22 15
18 23 52
18 24 86
18 26 98
18 29 42
18 32 33
18 38 83
18 39 61
18 43 64
18 44 1
18 45 44
18 49 78
18 50 82
19 22 14
19 26 54
19 27 45
19 28 25
19 33 75
19 46 54
19 49 86
20 21 88
20 23 59
20 25 48
20 28 3
20 30 98
20 31 95
20 34 43
20 47 31
20 49 39
21 22 31
21 23 98
21 25 60
21 26 28
21 27 97
21 29 36
21 32 36
21 39 8
21 40 72
21 41 8
21 44 72
21 45 58
21 49 65
22 23 53
22 27 39
22 28 69
22 29 56
22 31 15
22 38 82
22 40 71
22 42 16
22 44 55
22 48 47
23 27 63
23 28 68
23 29 26
23 31 56
23 35 42
23 38 97
23 40 3
23 41 62
23 42 33
23 48 41
23 49 90
24 27 91
24 28 48
24 30 3
24 31 8
24 33 51
24 35 33
24 36 22
24 38 45
24 39 19
24 45 21
24 48 27
24 49 52
24 50 67
25 31 59
25 33 75
25 36 89
25 38 93
25 39 40
25 46 47
25 48 6
25 49 83
26 27 40
26 31 27
26 32 28
26 33 80
26 38 91
26 40 91
26 45 66
27 28 63
27 29 98
27 30 14
27 31 68
27 32 30
27 35 44
27 36 11
27 38 58
27 40 96
27 41 81
27 46 95
27 47 61
27 49 59
28 30 32
28 32 68
28 34 6
28 38 13
28 48 74
28 49 16
29 30 78
29 32 26
29 34 43
29 35 99
29 38 10
29 42 80
29 43 88
29 46 24
29 48 24
30 32 60
30 34 85
30 37 76
30 39 96
30 42 100
30 49 28
30 50 15
31 33 10
31 34 96
31 35 91
31 36 24
31 38 44
31 40 61
31 45 64
31 50 27
32 36 91
32 39 26
32 40 5
32 41 85
32 42 70
32 43 80
32 44 38
32 45 42
32 46 22
33 35 64
33 36 3
33 38 31
33 40 69
33 41 65
33 44 66
33 45 98
33 47 19
34 35 96
34 39 88
34 44 40
35 39 65
35 40 90
35 42 46
35 44 90
35 47 95
35 49 64
36 37 89
36 39 58
36 40 11
36 41 12
36 42 73
36 43 88
36 44 73
36 47 47
36 48 69
37 40 89
37 41 8
37 47 70
37 48 13
37 49 74
38 44 99
38 46 63
38 47 87
39 42 41
39 45 21
39 49 61
39 50 55
40 42 54
40 43 55
40 44 35
40 47 98
40 49 57
41 45 65
41 46 75
41 47 17
41 48 67
41 50 36
42 44 41
42 47 88
42 48 53
43 44 22
43 45 39
43 50 62
44 47 46
44 48 81
44 49 39
45 46 50
45 48 31
46 47 92
47 49 40
47 50 84
48 50 49
49 50 32
1 6 26
1 12 53
1 14 92
1 17 56
1 20 30
1 22 76
1 23 36
1 24 53
1 29 98
1 33 100
1 34 1
1 36 95
1 40 46
1 42 77
1 44 68
1 45 83
1 46 45
2 5 87
2 10 87
2 15 27
2 16 41
2 20 48
2 30 46
2 34 74
2 35 37
2 39 83
2 42 41
2 43 5
2 45 36
2 47 2
2 49 33
3 7 59
3 11 48
3 13 55
3 14 22
3 15 80
3 19 46
3 21 35
3 22 14
3 25 22
3 27 4
3 28 49
3 31 54
3 32 26
3 33 78
3 34 64
3 35 38
3 36 67
3 37 6
3 42 58
3 44 7
3 46 8
3 48 74
3 49 46
4 10 66
4 15 13
4 17 95
4 18 56
4 23 33
4 25 99
4 28 82
4 29 37
4 30 79
4 34 44
4 36 6
4 39 94
4 40 91
4 41 78
4 44 11
4 46 8
4 48 95
4 49 56
5 7 66
5 12 20
5 16 51
5 17 77
5 19 7
5 21 24
5 23 41
5 24 42
5 25 22
5 27 90
5 31 5
5 33 85
5 34 13
5 35 35
5 38 22
5 39 60
5 40 26
5 44 74
5 47 29
5 48 64
6 7 30
6 9 64
6 12 63
6 13 93
6 14 13
6 15 64
6 17 24
6 19 79
6 24 17
6 25 26
6 26 46
6 28 77
6 42 45
6 44 49
7 8 51
7 9 2
7 10 68
7 13 16
7 20 28
7 21 9
7 22 43
7 23 56
7 25 97
7 28 66
7 30 62
7 31 43
7 35 97
7 36 66
7 37 12
7 41 30
7 42 50
7 43 63
7 47 24
8 9 81
8 12 14
8 16 70
8 18 90
8 20 99
8 21 27
8 23 44
8 24 84
8 26 16
8 27 26
8 30 7
8 33 13
8 35 14
8 36 63
8 37 55
8 44 2
8 46 55
8 47 52
8 48 66
8 50 58
9 10 62
9 12 39
9 13 86
9 14 67
9 15 12
9 18 5
9 19 77
9 20 25
9 24 2
9 25 81
9 30 19
9 31 12
9 35 43
9 38 26
9 40 75
9 46 50
9 47 89
9 50 47
10 11 4
10 15 38
10 20 33
10 26 80
10 30 97
10 34 56
10 38 75
10 44 40
10 50 31
11 12 71
11 18 45
11 19 18
11 24 54
11 25 83
11 35 71
11 36 84
11 38 62
11 39 88
11 45 33
11 49 38
12 14 8
12 15 94
12 18 82
12 29 60
12 32 50
12 33 87
12 37 90
12 38 88
12 46 11
12 48 66
13 16 59
13 17 15
13 20 74
13 21 24
13 22 59
13 23 29
13 26 14
13 31 86
13 36 96
13 37 57
13 42 83
13 43 35
13 44 40
13 46 55
14 15 87
14 16 87
14 17 53
14 19 54
14 21 70
14 23 74
14 25 64
14 31 14
14 32 69
14 33 9
14 36 15
14 38 55
15 16 20
15 17 82
15 18 43
15 19 79
15 23 46
15 25 57
15 34 16
15 35 91
15 39 49
15 40 58
15 43 99
15 45 38
15 46 51
15 47 70
15 49 37
16 17 27
16 18 92
16 24 70
16 26 1
16 27 38
16 31 30
16 34 77
16 40 36
16 41 46
16 43 43
16 44 78
16 47 83
16 48 86
16 49 21
16 50 57
17 20 50
17 24 27
17 25 14
17 26 3
17 35 15
17 38 73
17 39 50
17 41 25
17 44 72
17 45 98
17 46 84
17 47 38
17 48 43
18 21 19
18 23 8
18 30 1
18 31 74
18 33 55
18 35 43
18 36 75
18 41 62
18 44 82
18 45 67
18 46 46
18 48 87
19 20 34
19 21 17
19 23 9
19 24 17
19 25 41
19 31 49
19 32 99
19 33 39
19 34 91
19 35 25
19 38 7
19 45 89
19 46 59
19 47 72
19 48 23
19 50 64
20 32 93
20 34 79
20 40 100
20 44 37
20 46 56
20 47 40
20 48 9
21 22 78
21 23 28
21 24 88
21 29 55
21 33 99
21 37 42
21 39 24
21 43 63
21 50 40
22 23 20
22 24 11
22 28 11
22 38 6
22 39 99
22 41 16
22 42 33
22 43 60
22 46 87
22 47 86
22 48 41
22 49 9
22 50 66
23 25 71
23 29 57
23 33 69
23 36 48
23 37 79
23 38 22
23 39 60
23 40 52
23 42 45
23 46 26
23 47 51
23 50 86
24 26 100
24 29 66
24 31 15
24 32 39
24 33 71
24 34 72
24 36 45
24 37 13
24 39 97
24 40 3
24 41 69
24 44 98
24 45 61
24 46 87
24 47 83
24 48 45
24 49 67
24 50 39
25 29 26
25 32 58
25 35 50
25 36 17
25 43 30
25 44 5
26 29 9
26 30 66
26 32 12
26 36 70
26 42 83
26 44 68
27 29 86
27 30 65
27 31 39
27 33 49
27 39 41
27 41 72
27 42 90
27 45 84
27 48 41
27 49 2
28 30 7
28 32 34
28 33 64
28 35 37
28 40 46
28 42 5
28 44 26
28 45 57
28 46 64
28 47 90
28 48 27
29 34 58
29 36 29
29 40 14
29 42 64
29 43 92
29 44 2
29 45 17
29 47 47
29 48 85
30 31 83
30 32 97
30 35 43
30 36 29
30 37 37
30 38 43
30 41 86
31 32 89
31 34 63
31 36 79
31 38 39
31 40 75
31 46 65
31 47 10
31 50 68
32 34 81
32 36 70
32 38 11
32 41 83
32 42 39
32 43 8
32 47 22
32 48 19
33 36 91
33 39 36
33 40 57
33 43 97
33 44 29
33 45 47
33 46 88
33 47 82
33 48 66
33 49 18
34 37 84
34 38 18
34 39 10
34 49 36
35 36 5
35 38 29
35 39 21
35 41 85
35 42 73
35 45 71
35 48 77
35 49 66
36 40 9
36 42 81
36 43 72
36 44 15
36 46 23
36 48 22
37 38 60
37 40 85
37 45 39
37 48 99
37 50 47
38 39 38
38 48 75
39 40 52
39 41 70
39 42 66
39 44 56
39 50 34
40 41 56
40 43 65
40 46 94
40 49 24
41 43 15
41 50 33
42 43 75
42 47 64
42 48 58
42 49 71
43 45 80
43 48 24
44 45 12
44 46 45
44 48 53
44 50 3
45 46 74
45 47 12
46 49 1
46 50 89
47 50 59
48 49 14
48 50 54
1 4 50
1 8 46
1 9 92
1 12 16
1 13 73
1 17 60
1 21 84
1 22 4
1 25 32
1 26 61
1 29 18
1 30 79
1 31 82
1 32 81
1 33 69
1 34 17
1 35 75
1 39 12
1 43 43
1 47 68
2 3 17
2 4 93
2 5 77
2 7 35
2 10 30
2 13 8
2 18 9
2 20 75
2 23 1
2 31 32
2 32 86
2 37 6
2 38 64
2 39 32
2 43 9
2 44 57
2 46 88
2 47 5
2 48 19
2 49 90
3 7 77
3 8 83
3 11 21
3 12 39
3 13 88
3 14 86
3 15 16
3 21 20
3 23 94
3 28 92
3 30 74
3 31 69
3 32 47
3 33 44
3 38 69
3 39 95
3 40 22
3 41 4
3 42 49
3 43 82
3 44 96
3 46 15
3 47 43
3 49 19
4 6 3
4 7 37
4 8 4
4 10 22
4 11 28
4 12 62
4 14 22
4 15 61
4 19 41
4 21 84
4 32 83
4 35 63
4 42 43
4 44 57
4 45 20
5 9 82
5 10 58
5 13 25
5 14 69
5 17 22
5 19 8
5 20 20
5 29 6
5 36 1
5 39 78
5 40 86
5 44 2
5 49 85
5 50 79
6 7 94
6 8 10
6 11 2
6 12 76
6 15 80
6 16 11
6 17 28
6 21 32
6 22 71
6 23 10
6 27 83
6 32 41
6 38 38
6 39 55
6 40 96
6 43 39
6 46 87
6 47 78
7 17 10
7 19 55
7 29 90
7 30 26
7 34 35
7 36 98
7 42 16
7 43 37
7 44 89
7 48 94
8 10 73
8 11 55
8 12 84
8 13 76
8 17 96
8 20 37
8 22 34
8 24 15
8 30 35
8 31 14
8 32 32
8 35 47
8 38 95
8 39 18
8 42 23
8 43 54
