50 1103 1
1 3 100
1 4 42
1 7 77
1 10 79
1 12 22
1 18 82
1 21 50
1 22 98
1 26 24
1 27 21
1 28 50
1 30 73
1 34 1
1 37 27
1 43 42
1 44 63
2 4 34
2 7 60
2 10 90
2 16 86
2 17 28
2 18 57
2 20 68
2 21 43
2 22 20
2 26 11
2 27 83
2 34 69
2 36 21
2 37 57
2 41 68
2 42 52
2 49 85
2 50 13
3 5 55
3 7 23
3 9 10
3 10 46
3 14 24
3 16 45
3 18 74
3 19 6
3 24 14
3 26 25
3 28 37
3 29 100
3 30 24
3 32 96
3 35 19
3 38 11
3 40 72
3 43 64
3 44 15
3 45 66
3 48 98
3 50 47
4 5 6
4 6 40
4 9 10
4 11 29
4 12 95
4 13 39
4 17 27
4 21 13
4 23 15
4 25 47
4 26 34
4 34 74
4 38 26
4 41 60
4 42 12
4 44 64
4 45 35
4 46 99
4 49 38
4 50 71
5 6 97
5 8 99
5 9 3
5 10 46
5 13 44
5 14 35
5 15 35
5 16 19
5 20 2
5 21 38
5 28 82
5 30 46
5 32 65
5 33 58
5 36 45
5 41 39
5 45 56
6 9 83
6 11 17
6 13 67
6 20 89
6 21 27
6 22 92
6 29 53
6 30 37
6 31 77
6 32 78
6 38 26
6 46 24
6 47 94
7 10 9
7 14 76
7 19 86
7 20 7
7 21 14
7 22 29
7 24 34
7 27 19
7 35 29
7 36 16
7 41 89
7 42 64
7 43 75
7 47 45
8 9 5
8 10 38
8 13 81
8 15 50
8 19 41
8 23 84
8 26 35
8 28 93
8 30 22
8 33 95
8 36 32
8 40 2
8 41 36
8 44 8
8 45 78
8 47 67
8 49 45
8 50 38
9 10 53
9 14 2
9 15 70
9 17 57
9 18 96
9 19 77
9 23 26
9 24 34
9 27 57
9 28 81
9 29 24
9 31 94
9 32 90
9 33 24
9 34 1
9 38 5
9 40 95
9 41 59
9 42 9
9 48 30
10 14 38
10 15 88
10 19 22
10 20 77
10 24 36
10 28 26
10 29 72
10 30 52
10 33 46
10 34 50
10 39 82
10 40 26
10 41 52
10 44 9
10 45 11
10 46 77
10 48 47
10 49 95
11 14 75
11 15 81
11 17 2
11 19 93
11 21 88
11 22 34
11 23 1
11 26 42
11 31 89
11 33 39
11 37 42
11 38 35
11 40 41
11 41 23
11 42 95
11 48 32
11 50 40
12 13 30
12 14 12
12 15 47
12 17 1
12 22 43
12 24 7
12 25 27
12 26 76
12 32 14
12 33 17
12 34 79
12 38 61
12 40 62
12 41 50
12 42 55
12 43 66
12 44 94
12 45 52
12 47 48
13 14 98
13 21 42
13 22 95
13 23 16
13 26 16
13 29 63
13 30 43
13 31 93
13 34 90
13 35 15
13 39 19
13 46 87
13 47 93
13 48 34
13 50 32
14 15 7
14 16 51
14 20 56
14 27 99
14 29 5
14 32 81
14 34 14
14 35 14
14 41 54
14 43 34
14 44 68
14 48 62
14 49 59
15 16 73
15 17 70
15 19 68
15 20 46
15 21 10
15 25 6
15 28 35
15 31 55
15 33 47
15 35 69
15 36 45
15 40 52
15 42 93
15 43 1
15 44 4
15 45 100
15 47 6
15 49 14
16 17 77
16 18 16
16 21 24
16 25 2
16 27 3
16 28 35
16 29 61
16 36 32
16 37 46
16 38 22
16 39 7
16 40 15
16 41 70
16 42 51
16 45 88
16 47 20
16 50 41
17 19 46
17 21 67
17 23 93
17 26 45
17 28 81
17 29 4
17 30 79
17 31 81
17 34 61
17 36 71
17 40 90
17 41 85
17 43 76
17 44 32
17 45 20
17 46 3
17 47 48
17 48 23
17 50 2
18 20 6
18 22 9
18 24 48
18 25 42
18 27 80
18 29 31
18 34 13
18 36 98
18 37 34
18 38 54
18 39 50
18 41 28
18 43 5
18 45 32
18 47 48
18 48 1
19 25 74
19 27 100
19 28 52
19 33 64
19 37 80
19 39 57
19 41 60
19 43 46
19 44 7
19 47 66
19 50 39
20 21 91
20 22 74
20 24 72
20 25 18
20 27 10
20 30 47
20 34 53
20 37 44
20 38 35
20 41 84
20 47 12
20 48 25
20 50 92
21 22 31
21 24 56
21 25 10
21 26 4
21 27 9
21 28 14
21 30 55
21 36 11
21 37 98
21 39 99
21 40 36
21 43 51
21 46 93
21 49 90
22 25 28
22 27 70
22 30 37
22 31 76
22 32 2
22 35 60
22 36 80
22 39 38
22 43 66
22 44 88
22 45 37
22 48 92
22 49 42
23 24 68
23 26 77
23 28 20
23 29 22
23 31 45
23 32 90
23 33 64
23 34 17
23 40 24
23 41 75
23 45 31
23 47 61
23 48 71
23 49 15
24 25 31
24 26 63
24 27 77
24 32 41
24 37 52
24 42 54
24 45 76
24 50 86
25 28 26
25 31 38
25 34 25
25 39 18
25 40 28
25 45 61
25 48 31
25 50 97
26 27 30
26 29 61
26 32 65
26 36 98
26 38 62
26 42 97
26 43 90
26 44 78
26 45 10
27 31 25
27 37 84
27 40 15
27 41 68
27 42 59
27 46 57
27 48 57
28 31 26
28 32 5
28 35 95
28 40 84
28 42 37
28 44 88
28 45 95
28 47 82
28 48 70
28 49 71
29 31 95
29 33 61
29 36 47
29 37 41
29 38 6
29 40 75
29 43 43
29 45 51
29 47 39
30 31 42
30 36 46
30 39 34
30 42 48
30 47 40
30 48 40
30 49 39
31 32 17
31 38 8
31 39 11
31 43 72
31 45 30
31 46 33
31 47 23
31 49 62
31 50 2
32 36 13
32 38 20
32 40 28
32 46 88
32 50 12
33 34 26
33 35 65
33 37 61
33 39 62
33 40 18
33 41 78
33 44 44
33 47 54
33 50 38
34 36 70
34 38 23
34 40 89
34 41 69
34 42 10
34 47 34
34 48 11
34 49 68
35 37 71
35 38 5
35 43 25
35 44 37
35 45 36
35 46 56
35 48 51
36 37 53
36 38 77
36 45 67
37 39 87
37 40 33
37 44 17
37 47 18
38 49 100
39 42 91
39 44 37
39 46 81
39 50 89
40 41 12
40 42 58
40 43 39
40 45 57
40 49 71
41 42 11
41 47 75
41 49 33
42 43 17
42 46 47
42 47 5
42 49 65
43 44 91
43 45 90
43 48 47
43 49 60
44 45 4
44 46 66
44 47 93
44 48 12
44 50 4
47 49 78
48 49 97
1 2 48
1 3 8
1 4 37
1 6 36
1 11 90
1 13 21
1 14 88
1 17 30
1 18 84
1 20 72
1 23 58
1 28 47
1 36 5
1 39 6
1 43 50
1 49 65
2 5 35
2 9 42
2 11 49
2 16 16
2 21 89
2 22 73
2 26 95
2 27 83
2 35 56
2 37 1
2 38 19
2 39 95
2 41 91
2 43 32
2 44 51
2 50 33
3 5 14
3 6 51
3 8 63
3 11 4
3 12 12
3 20 9
3 25 2
3 26 93
3 27 76
3 33 64
3 35 24
3 36 99
3 38 38
3 40 73
3 41 24
3 42 39
3 45 4
4 5 48
4 11 14
4 12 73
4 15 10
4 18 65
4 19 23
4 20 76
4 22 8
4 26 18
4 29 82
4 32 88
4 39 89
4 45 63
4 50 4
5 11 77
5 12 62
5 14 79
5 17 10
5 21 50
5 22 65
5 23 36
5 24 33
5 26 99
5 30 10
5 36 14
5 37 94
5 38 55
5 40 13
5 41 1
5 43 80
5 44 85
5 48 6
6 13 72
6 16 65
6 20 44
6 21 44
6 22 80
6 24 64
6 26 33
6 35 22
6 38 7
6 40 15
6 41 78
6 47 1
6 48 72
6 50 88
7 8 55
7 11 6
7 12 88
7 13 84
7 16 17
7 20 92
7 21 86
7 23 81
7 25 57
7 26 97
7 27 42
7 28 43
7 29 67
7 36 63
7 37 29
7 43 27
7 44 37
7 47 63
7 49 13
8 12 32
8 13 45
8 14 91
8 17 1
8 18 16
8 19 24
8 20 43
8 23 95
8 24 43
8 25 61
8 28 43
8 29 98
8 30 16
8 34 22
8 35 97
8 42 84
8 43 30
8 45 25
8 46 81
8 47 21
8 48 90
8 49 85
9 11 41
9 15 53
9 24 14
9 25 30
9 28 48
9 29 24
9 33 26
9 34 32
9 40 37
9 41 88
9 46 6
9 47 70
9 48 7
10 11 97
10 14 54
10 18 49
10 22 24
10 23 86
10 24 71
10 25 25
10 27 75
10 30 71
10 33 35
10 37 69
10 40 69
10 41 53
10 43 30
10 45 43
10 48 76
10 49 9
10 50 31
11 13 5
11 14 96
11 17 19
11 18 51
11 20 100
11 23 53
11 28 58
11 29 58
11 35 32
11 37 62
11 39 5
11 42 9
11 46 60
11 49 48
11 50 21
12 13 17
12 15 25
12 17 44
12 18 96
12 21 13
12 22 66
12 25 34
12 28 53
12 29 46
12 30 96
12 31 55
12 32 63
12 33 41
12 34 95
12 35 16
12 39 92
12 40 41
12 43 51
12 44 85
12 48 40
12 49 7
13 14 22
13 17 12
13 18 72
13 21 6
13 23 3
13 24 30
13 30 47
13 33 88
13 34 62
13 36 85
13 37 91
13 38 86
13 46 42
13 50 99
14 16 86
14 19 24
14 20 23
14 22 13
14 25 60
14 27 74
14 31 24
14 37 84
14 38 70
14 43 1
14 44 3
14 45 40
14 46 89
14 47 19
14 49 38
14 50 36
15 16 48
15 22 50
15 25 51
15 26 1
15 27 63
15 29 44
15 32 2
15 33 64
15 34 31
15 37 56
15 41 73
15 42 43
15 43 81
15 44 70
15 45 80
15 46 28
15 47 35
15 48 97
15 49 49
15 50 70
16 17 53
16 19 61
16 21 25
16 22 8
16 25 91
16 26 4
16 29 36
16 31 90
16 36 97
16 39 47
16 40 62
16 42 18
16 43 66
16 44 100
16 45 4
16 46 52
17 18 15
17 21 81
17 22 33
17 26 91
17 28 32
17 30 63
17 33 37
17 36 62
17 40 92
17 44 17
17 47 66
18 19 28
18 20 75
18 21 20
18 24 25
18 26 55
18 31 14
18 33 97
18 34 32
18 35 47
18 41 86
18 42 100
19 20 12
19 22 30
19 24 4
19 25 63
19 28 86
19 32 69
19 34 100
19 35 77
19 36 57
19 37 8
19 41 38
19 43 54
19 47 67
19 48 79
19 50 94
20 24 62
20 26 51
20 27 5
20 29 34
20 31 80
20 32 78
20 33 88
20 35 6
20 36 55
20 37 72
20 42 55
20 48 22
21 23 61
21 26 70
21 28 71
21 29 68
21 35 74
21 36 13
21 37 42
21 42 61
21 47 87
22 29 14
22 30 66
22 31 77
22 32 54
22 34 47
22 38 89
22 39 88
22 40 89
22 41 41
22 42 27
22 43 100
22 44 100
22 48 7
22 49 52
23 25 8
23 29 77
23 30 17
23 33 8
23 34 28
23 36 60
23 37 96
23 47 2
23 48 90
24 26 3
24 27 51
24 29 98
24 30 68
24 31 54
24 33 58
24 39 85
24 41 73
24 43 96
24 44 14
24 45 75
24 50 47
25 26 19
25 28 47
25 31 60
25 34 83
25 35 45
25 40 84
25 42 48
25 45 60
25 46 26
25 50 35
26 27 54
26 29 23
26 30 51
26 32 97
26 35 46
26 36 93
26 46 71
26 47 3
27 29 68
27 30 11
27 31 54
27 32 42
27 33 45
27 38 30
27 39 19
27 42 98
27 43 87
27 44 44
27 45 50
27 49 28
28 32 77
28 34 26
28 36 75
28 41 82
28 44 70
28 47 75
28 48 37
29 30 19
29 35 15
29 37 43
29 39 65
29 41 60
29 45 38
29 46 77
29 48 30
29 49 26
29 50 96
30 34 52
30 38 57
30 43 85
30 44 9
30 45 40
30 49 17
31 32 98
31 33 7
31 36 1
31 40 97
31 41 84
31 44 99
31 46 21
31 50 8
32 36 88
32 37 34
32 39 27
32 41 28
32 42 57
32 49 38
32 50 50
33 34 71
33 35 4
33 36 78
33 38 37
33 39 34
33 41 24
33 44 74
33 46 48
33 49 91
34 40 26
34 46 80
34 48 51
34 50 90
35 36 41
35 38 98
35 43 86
35 46 58
35 47 80
36 37 60
36 40 13
36 42 13
36 45 76
36 46 52
36 47 40
36 50 20
37 40 78
37 42 95
37 46 21
37 47 3
37 48 48
37 50 96
38 42 85
38 43 73
38 46 6
38 48 4
39 41 83
39 44 17
39 45 22
39 47 49
39 48 76
39 50 99
40 43 91
40 45 11
40 50 34
41 42 98
41 43 29
41 44 23
41 47 31
41 48 37
41 50 17
42 46 39
42 48 54
42 50 12
43 45 93
44 45 11
44 46 100
44 49 16
45 48 93
45 50 8
46 50 19
49 50 49
1 2 73
1 3 35
1 6 26
1 7 46
1 8 94
1 19 50
1 20 3
1 21 55
1 23 53
1 28 92
1 31 95
1 32 8
1 34 89
1 35 25
1 38 47
1 39 8
1 40 34
1 42 82
1 45 93
2 3 50
2 7 11
2 9 74
2 11 30
2 18 36
2 19 79
2 24 29
2 26 42
2 30 80
2 31 87
2 32 79
2 34 12
2 37 16
2 38 68
2 39 29
2 42 32
2 43 53
2 45 88
2 46 16
2 48 50
2 50 89
3 6 26
3 7 29
3 9 46
3 10 17
3 15 2
3 17 32
3 18 12
3 23 78
3 24 42
3 25 60
3 26 27
3 30 26
3 32 14
3 33 79
3 34 34
3 36 41
3 39 6
3 40 48
3 44 89
3 47 64
4 6 68
4 7 64
4 8 87
4 10 11
4 11 71
4 12 4
4 18 47
4 19 24
4 20 56
4 23 94
4 25 23
4 26 65
4 27 87
4 29 88
4 30 88
4 32 44
4 41 96
4 44 83
4 47 73
5 7 14
5 8 68
5 16 51
5 17 67
5 21 92
5 23 61
5 25 91
5 26 81
5 27 43
5 28 62
5 30 8
5 31 93
5 36 12
5 38 29
5 39 16
5 40 83
5 45 99
6 8 37
6 11 69
6 17 26
6 22 54
6 27 19
6 30 29
6 34 73
6 35 11
6 39 8
6 43 82
