50 1103 1
1 3 96
1 5 70
1 7 39
1 8 57
1 10 71
1 11 92
1 14 94
1 17 69
1 19 28
1 25 4
1 26 11
1 27 54
1 29 48
1 34 5
1 37 45
1 38 6
1 43 71
1 45 25
2 4 25
2 6 93
2 8 78
2 12 12
2 13 58
2 14 45
2 16 13
2 17 81
2 18 20
2 22 40
2 24 91
2 26 13
2 29 75
2 33 62
2 35 54
2 36 83
2 37 26
2 39 100
2 40 67
2 42 96
2 47 11
2 49 49
2 50 80
3 5 49
3 7 85
3 9 45
3 10 33
3 12 5
3 13 40
3 22 99
3 23 55
3 25 86
3 34 72
3 36 52
3 37 70
3 38 11
3 39 99
3 43 89
3 44 83
3 47 15
4 8 99
4 13 32
4 23 66
4 30 79
4 36 2
4 39 70
4 40 25
4 41 18
4 44 27
4 45 37
4 47 96
4 50 89
5 6 86
5 13 72
5 14 32
5 15 100
5 16 32
5 18 49
5 19 57
5 20 90
5 25 89
5 30 53
5 31 42
5 33 94
5 38 2
5 40 61
5 41 36
5 44 5
5 45 81
5 46 74
5 47 79
5 50 13
6 7 67
6 9 24
6 11 90
6 14 70
6 17 24
6 18 87
6 23 76
6 24 18
6 25 32
6 26 79
6 27 6
6 33 74
6 34 71
6 35 77
6 36 15
6 37 45
6 39 67
6 41 10
6 43 28
6 44 59
6 47 40
6 49 19
7 8 20
7 9 34
7 10 28
7 11 34
7 14 69
7 17 14
7 18 40
7 21 61
7 23 47
7 25 56
7 26 17
7 27 46
7 32 20
7 33 49
7 36 40
7 38 34
7 41 35
7 43 84
7 45 89
7 48 14
8 11 41
8 12 75
8 16 39
8 22 84
8 25 45
8 27 85
8 31 34
8 33 75
8 34 59
8 35 86
8 39 90
8 44 63
8 46 27
8 48 22
8 49 61
8 50 97
9 12 56
9 13 30
9 17 13
9 20 89
9 22 76
9 23 22
9 26 79
9 27 18
9 28 11
9 30 91
9 31 4
9 32 84
9 33 33
9 34 53
9 38 47
9 47 77
9 49 31
9 50 96
10 14 8
10 16 55
10 21 18
10 23 89
10 25 67
10 26 24
10 27 84
10 29 48
10 31 71
10 32 13
10 35 33
10 37 87
10 38 79
10 39 48
10 41 33
10 49 91
11 12 55
11 13 88
11 15 81
11 16 9
11 21 37
11 24 98
11 25 53
11 27 26
11 29 47
11 34 32
11 35 46
11 37 43
11 38 90
11 41 95
11 45 21
11 46 9
11 48 19
11 49 14
11 50 87
12 13 53
12 17 9
12 20 34
12 22 47
12 25 73
12 26 21
12 27 32
12 28 74
12 29 19
12 35 60
12 38 40
12 40 70
12 43 73
12 46 76
13 14 47
13 17 90
13 18 76
13 19 35
13 21 45
13 25 73
13 26 72
13 27 56
13 28 71
13 29 19
13 30 82
13 33 79
13 34 97
13 35 60
13 38 69
13 40 76
13 41 86
13 42 7
13 43 77
13 46 81
13 47 12
13 48 29
13 50 27
14 15 100
14 18 6
14 19 42
14 20 93
14 23 32
14 24 75
14 26 44
14 27 24
14 29 90
14 31 54
14 42 28
14 44 16
14 46 38
14 47 56
14 49 9
15 18 38
15 20 5
15 21 32
15 28 37
15 29 53
15 30 32
15 33 32
15 35 73
15 36 44
15 41 48
15 45 52
15 49 66
15 50 69
16 19 33
16 21 71
16 22 92
16 27 72
16 28 57
16 29 42
16 32 77
16 36 53
16 38 91
16 40 40
16 41 88
16 44 14
16 45 14
16 50 83
17 26 11
17 28 52
17 31 22
17 36 58
17 37 32
17 40 61
17 41 24
17 43 92
17 44 29
17 45 49
17 46 16
17 48 29
17 50 83
18 22 28
18 23 69
18 24 29
18 25 46
18 27 62
18 31 27
18 32 50
18 33 26
18 34 59
18 38 40
18 40 93
18 43 59
18 47 33
19 20 97
19 24 98
19 26 95
19 30 48
19 32 78
19 38 79
19 40 84
19 41 18
19 46 69
19 47 88
19 49 24
20 22 46
20 23 20
20 27 73
20 28 75
20 29 37
20 31 42
20 33 84
20 37 27
20 38 8
20 39 97
20 41 74
20 42 1
20 43 21
20 44 23
20 46 5
20 47 18
20 48 13
21 24 15
21 25 61
21 26 11
21 27 24
21 28 79
21 29 63
21 30 9
21 32 22
21 33 22
21 34 15
21 35 18
21 37 95
21 38 44
21 47 75
21 48 48
22 23 14
22 24 36
22 25 52
22 26 26
22 28 31
22 31 78
22 36 32
22 37 16
22 38 44
22 40 13
22 43 7
22 46 58
22 48 72
22 50 23
23 29 64
23 30 26
23 32 36
23 37 43
23 38 43
23 39 47
23 40 51
23 41 42
23 46 54
23 47 59
23 48 41
23 49 93
24 27 24
24 30 11
24 32 53
24 37 63
24 38 89
24 39 52
24 42 56
24 45 56
24 47 40
24 50 3
25 27 11
25 29 39
25 30 26
25 33 92
25 34 1
25 38 79
25 39 72
25 40 16
25 41 46
25 42 40
25 43 33
25 44 60
25 45 32
26 28 72
26 30 82
26 32 72
26 33 69
26 36 22
26 38 28
26 39 79
26 40 51
26 42 80
26 44 33
26 48 59
26 49 81
26 50 64
27 28 7
27 31 71
27 35 79
27 38 33
27 42 46
27 44 57
27 46 35
27 47 57
27 48 72
27 50 70
28 29 68
28 32 59
28 36 64
28 37 97
28 39 71
28 44 1
28 45 100
28 49 47
29 33 48
29 40 28
29 47 15
29 48 35
29 50 1
30 34 62
30 35 51
30 39 82
30 44 13
30 45 32
30 50 70
31 32 83
31 38 84
31 39 35
31 43 2
31 46 3
31 50 31
32 33 58
32 38 38
32 39 80
32 42 5
32 44 25
32 48 17
32 50 93
33 35 55
33 36 48
33 38 79
33 42 60
33 46 51
33 49 1
33 50 84
34 35 79
34 39 5
34 40 5
34 41 4
34 44 18
34 49 75
34 50 10
35 39 51
35 44 13
35 46 90
35 47 9
35 50 73
36 40 72
36 41 25
36 42 19
36 43 70
36 44 62
36 45 33
36 47 23
36 48 18
37 39 5
37 41 15
37 42 38
37 43 79
37 44 43
37 45 19
37 46 64
37 48 50
37 49 59
38 41 50
38 43 68
38 45 53
38 50 96
39 40 32
39 41 55
39 42 44
39 45 70
39 46 56
39 50 7
40 45 37
40 47 38
41 45 67
41 47 20
41 48 11
41 49 68
42 46 45
42 49 84
43 44 62
43 45 10
43 47 37
43 50 35
44 45 7
44 49 38
45 48 46
46 48 27
46 49 18
47 50 16
49 50 85
1 4 31
1 5 59
1 6 78
1 7 86
1 8 65
1 11 12
1 16 11
1 20 65
1 22 74
1 28 28
1 29 26
1 30 81
1 31 65
1 32 65
1 33 59
1 37 36
1 38 51
1 40 91
1 41 69
1 43 81
1 44 4
1 46 12
1 47 35
1 49 6
1 50 82
2 3 19
2 5 94
2 10 27
2 11 78
2 13 73
2 21 97
2 22 61
2 24 57
2 25 71
2 27 70
2 34 11
2 37 41
2 38 18
2 40 10
2 42 73
2 43 14
2 46 16
2 47 37
2 49 85
3 5 54
3 9 86
3 10 14
3 14 99
3 15 46
3 19 44
3 21 77
3 23 40
3 25 73
3 27 76
3 29 29
3 32 65
3 35 8
3 36 97
3 40 97
3 46 100
3 47 18
3 50 61
4 6 37
4 11 88
4 13 66
4 15 61
4 18 87
4 22 4
4 23 98
4 26 98
4 28 9
4 29 85
4 33 57
4 35 70
4 36 7
4 37 39
4 39 62
4 41 46
4 44 23
4 45 61
4 47 42
4 48 19
5 6 92
5 9 2
5 14 70
5 15 7
5 19 53
5 20 68
5 26 55
5 28 50
5 34 31
5 36 17
5 39 4
5 42 61
5 43 8
5 45 64
5 47 19
5 49 73
5 50 23
6 7 25
6 8 72
6 9 25
6 10 24
6 12 38
6 13 9
6 14 96
6 15 18
6 16 99
6 17 60
6 18 58
6 23 59
6 24 58
6 33 11
6 34 72
6 35 17
6 36 5
6 38 50
6 40 36
6 41 9
6 42 35
6 44 98
6 45 60
6 47 70
6 48 25
6 49 41
6 50 32
7 11 74
7 12 86
7 14 53
7 21 82
7 23 17
7 25 31
7 26 10
7 29 78
7 30 9
7 31 71
7 34 96
7 39 46
7 40 88
7 41 80
7 42 90
7 43 63
7 45 63
7 46 54
8 11 97
8 12 7
8 15 69
8 16 37
8 19 23
8 20 20
8 22 12
8 27 96
8 35 32
8 36 33
8 39 98
8 45 2
8 49 11
9 10 3
9 12 65
9 13 22
9 14 83
9 15 87
9 16 62
9 18 55
9 22 71
9 24 54
9 31 27
9 33 12
9 37 63
9 40 15
9 44 41
9 45 27
9 49 9
9 50 37
10 12 90
10 14 100
10 16 47
10 18 46
10 21 13
10 22 73
10 25 87
10 29 8
10 31 61
10 35 82
10 36 69
10 37 77
10 40 27
10 43 38
10 44 19
10 46 52
10 47 59
10 48 16
10 49 88
10 50 4
11 13 95
11 14 45
11 15 41
11 17 17
11 18 72
11 20 62
11 21 28
11 24 57
11 25 73
11 31 76
11 32 34
11 36 6
11 38 15
11 39 30
11 42 36
11 43 67
11 46 19
11 49 57
11 50 69
12 13 8
12 16 27
12 20 14
12 25 86
12 26 47
12 28 29
12 30 37
12 32 15
12 33 58
12 40 7
12 41 59
12 43 68
12 44 29
12 45 10
12 47 82
12 48 50
12 50 99
13 15 40
13 18 68
13 22 19
13 27 99
13 28 70
13 32 10
13 34 68
13 36 10
13 41 83
13 43 62
13 47 28
13 48 69
14 15 74
14 17 76
14 19 6
14 20 88
14 21 46
14 24 8
14 25 50
14 28 32
14 29 21
14 30 64
14 35 68
14 39 32
14 45 80
14 49 79
14 50 18
15 16 61
15 17 59
15 18 49
15 19 13
15 20 85
15 24 46
15 25 34
15 26 1
15 27 60
15 28 51
15 30 19
15 34 13
15 36 94
15 38 98
15 39 79
15 42 58
15 44 13
15 46 31
15 48 77
15 49 93
16 24 80
16 28 56
16 29 98
16 31 9
16 32 15
16 33 31
16 34 89
16 36 92
16 38 12
16 43 48
16 44 28
17 18 80
17 19 29
17 20 36
17 21 41
17 22 59
17 24 52
17 26 80
17 29 56
17 30 33
17 34 83
17 35 63
17 36 75
17 37 23
17 38 8
17 42 61
17 50 4
18 24 71
18 25 4
18 28 54
18 30 49
18 35 94
18 36 51
18 37 9
18 38 72
18 42 67
18 43 41
18 46 59
18 49 77
19 21 61
19 26 40
19 28 61
19 32 21
19 35 73
19 36 72
19 43 31
19 44 19
19 47 17
19 49 75
19 50 36
20 23 46
20 27 69
20 37 5
20 41 75
20 42 95
20 46 80
21 25 21
21 31 35
21 34 9
21 35 74
21 36 82
21 38 17
21 40 15
21 41 28
21 42 16
21 43 65
21 45 16
21 48 54
21 50 48
22 25 41
22 28 63
22 29 25
22 34 12
22 35 98
22 44 43
22 46 28
22 47 40
22 49 52
22 50 58
23 31 9
23 34 100
23 35 74
23 36 22
23 37 51
23 39 33
23 41 64
23 43 5
23 45 4
23 46 47
23 48 75
24 26 82
24 30 68
24 31 28
24 33 58
24 34 54
24 38 6
24 41 50
24 42 41
24 47 18
25 29 78
25 30 85
25 35 74
25 38 55
25 41 95
25 44 24
25 47 41
25 48 78
26 28 88
26 31 42
26 33 37
26 34 19
26 41 4
26 44 55
26 47 89
26 48 68
27 30 40
27 32 59
27 33 57
27 34 52
27 35 43
27 39 53
27 42 11
27 43 17
27 46 12
27 49 75
27 50 92
28 31 13
28 36 52
28 37 2
28 40 92
28 43 65
28 45 40
28 46 83
28 47 68
28 48 96
28 50 42
29 31 61
29 33 81
29 34 97
29 36 11
29 37 5
29 39 30
29 40 65
29 42 19
29 45 71
29 46 72
29 47 8
29 48 74
30 31 72
30 32 68
30 33 27
30 34 91
30 35 72
30 36 40
30 37 100
30 38 23
30 40 80
30 41 24
30 43 35
30 44 12
30 47 82
31 36 92
31 38 17
31 47 3
31 48 99
31 50 76
32 33 65
32 35 83
32 39 98
32 41 35
32 42 5
32 43 63
32 44 45
32 46 74
32 49 71
33 35 10
33 38 40
33 43 20
33 50 99
34 38 87
34 49 83
34 50 33
35 40 25
35 44 60
35 50 50
36 39 31
36 40 79
36 44 11
36 47 100
36 49 29
37 38 72
37 41 3
37 46 37
37 50 85
38 39 73
38 40 66
38 42 13
38 50 79
39 40 82
39 42 61
39 43 8
39 48 64
39 49 55
39 50 78
40 41 73
40 42 53
40 44 11
40 45 67
40 46 55
41 43 68
41 44 23
41 49 37
42 43 66
42 46 94
42 47 51
42 48 44
43 46 65
43 48 51
44 47 79
44 48 45
45 47 25
45 50 66
46 48 36
48 50 78
1 2 59
1 5 22
1 6 100
1 9 19
1 12 93
1 18 4
1 19 41
1 20 99
1 21 20
1 22 42
1 23 60
1 24 12
1 25 51
1 26 20
1 27 2
1 29 93
1 30 98
1 31 54
1 32 63
1 34 5
1 35 95
1 43 57
1 46 72
1 47 58
2 5 91
2 6 60
2 9 26
2 13 51
2 16 49
2 17 79
2 19 15
2 21 41
2 26 86
2 27 92
2 29 91
2 30 20
2 32 14
2 33 84
2 34 39
2 37 35
2 40 52
2 44 72
2 45 17
3 5 34
3 6 17
3 11 35
3 14 41
3 15 4
3 16 89
3 17 10
3 18 27
3 19 27
3 21 15
3 22 57
3 24 14
3 25 63
3 28 100
3 29 74
3 33 16
3 35 35
3 36 45
3 37 49
3 39 17
3 41 90
3 46 97
3 47 20
3 48 84
3 50 49
4 6 90
4 8 88
4 12 33
4 22 9
4 24 3
4 28 57
4 29 99
4 30 57
4 31 30
4 33 93
4 40 48
4 41 36
4 42 67
4 45 66
4 48 37
4 49 77
