50 1103 1
1 2 98
1 6 10
1 8 33
1 9 38
1 13 80
1 17 8
1 19 36
1 20 52
1 21 37
1 23 19
1 27 66
1 28 26
1 34 73
1 38 66
1 40 54
1 42 35
1 45 82
1 47 53
1 48 29
2 4 2
2 11 46
2 12 58
2 13 58
2 16 30
2 22 50
2 24 99
2 26 45
2 27 87
2 32 14
2 35 72
2 37 60
2 42 58
2 45 62
2 46 36
2 48 33
3 5 41
3 14 93
3 16 16
3 17 61
3 19 13
3 21 41
3 22 57
3 25 20
3 29 1
3 31 81
3 33 77
3 35 12
3 36 52
3 37 7
3 38 35
3 41 66
3 49 23
3 50 22
4 6 68
4 10 61
4 11 8
4 15 9
4 18 34
4 23 40
4 26 16
4 28 67
4 29 62
4 30 19
4 37 44
4 38 22
4 43 15
4 46 86
4 48 47
4 50 23
5 8 10
5 10 62
5 13 45
5 14 99
5 15 77
5 16 70
5 19 98
5 20 26
5 21 39
5 25 96
5 28 77
5 29 18
5 30 22
5 31 86
5 34 23
5 37 54
5 39 54
5 41 1
5 42 77
5 46 11
5 47 62
5 49 63
5 50 16
6 10 52
6 14 22
6 15 20
6 17 55
6 19 48
6 22 43
6 23 17
6 25 61
6 26 87
6 27 29
6 36 45
6 37 81
6 40 96
6 43 20
6 44 56
6 45 73
6 49 18
6 50 40
7 8 28
7 9 36
7 16 86
7 20 47
7 22 95
7 25 77
7 26 86
7 29 82
7 32 55
7 35 99
7 37 71
7 38 2
7 39 42
7 44 82
7 47 59
7 49 62
7 50 37
8 12 1
8 14 33
8 16 50
8 18 3
8 19 75
8 23 39
8 29 44
8 30 74
8 34 52
8 40 30
8 42 26
8 44 69
8 46 41
8 49 40
9 12 13
9 13 80
9 14 42
9 15 97
9 18 15
9 19 74
9 20 78
9 21 48
9 31 75
9 32 12
9 34 88
9 35 98
9 37 28
9 41 65
9 43 94
9 47 62
9 48 70
10 11 56
10 13 5
10 15 82
10 16 37
10 17 25
10 21 6
10 24 34
10 28 45
10 30 75
10 34 12
10 36 18
10 38 30
10 40 32
10 44 13
10 46 94
10 49 79
11 13 25
11 19 27
11 23 75
11 24 92
11 31 99
11 33 19
11 36 77
11 37 91
11 38 24
11 39 75
11 40 91
11 42 93
11 44 84
11 46 18
11 48 67
12 14 24
12 15 56
12 20 55
12 23 71
12 24 8
12 25 94
12 26 28
12 29 98
12 34 69
12 42 58
12 43 50
12 48 65
12 49 6
13 14 14
13 19 75
13 21 97
13 22 59
13 23 60
13 25 46
13 26 34
13 27 58
13 30 77
13 31 87
13 40 26
13 42 99
13 45 68
13 47 12
13 50 46
14 15 89
14 16 18
14 18 25
14 22 16
14 24 33
14 26 74
14 27 51
14 28 44
14 29 3
14 32 23
14 36 52
14 39 52
14 40 53
14 47 26
14 48 45
14 49 60
14 50 85
15 23 60
15 25 44
15 28 58
15 29 26
15 35 17
15 36 63
15 37 22
15 41 26
15 42 58
15 45 87
15 46 53
15 47 74
15 48 2
16 22 32
16 23 95
16 24 17
16 26 93
16 29 81
16 31 69
16 35 10
16 39 16
16 41 62
17 19 23
17 21 59
17 23 81
17 24 28
17 30 64
17 32 15
17 34 33
17 36 56
17 37 47
17 38 68
17 40 54
17 43 8
17 44 73
17 49 94
18 20 84
18 23 82
18 27 42
18 29 5
18 31 43
18 32 14
18 33 20
18 35 20
18 43 22
18 49 90
19 20 67
19 24 3
19 29 20
19 30 65
19 38 67
19 40 70
19 44 7
19 47 46
19 48 73
19 49 70
20 24 13
20 26 3
20 28 61
20 29 75
20 30 76
20 31 34
20 32 14
20 35 41
20 37 70
20 39 84
20 41 4
20 48 18
20 49 82
21 25 17
21 26 51
21 27 73
21 29 89
21 32 71
21 33 22
21 36 23
21 39 50
21 45 49
21 48 89
21 49 72
21 50 60
22 23 2
22 28 20
22 29 7
22 31 80
22 32 45
22 33 92
22 47 92
22 48 87
22 49 43
23 25 41
23 31 19
23 32 39
23 33 56
23 37 89
23 44 22
24 26 57
24 29 100
24 31 91
24 32 25
24 33 26
24 35 67
24 38 44
24 41 85
24 43 38
24 45 99
24 50 17
25 28 49
25 32 95
25 37 89
25 43 73
25 47 5
25 49 14
25 50 75
26 28 94
26 29 68
26 30 22
26 34 2
26 35 61
26 40 64
26 42 4
26 46 17
26 49 33
26 50 16
27 30 53
27 36 61
27 37 59
27 38 56
27 39 11
27 44 52
27 47 56
27 48 15
27 49 34
27 50 49
28 31 26
28 37 14
28 38 30
28 40 8
28 41 81
28 46 16
28 50 94
29 31 92
29 33 95
29 36 95
29 38 30
29 40 97
29 42 90
29 44 63
29 46 1
29 47 86
29 48 38
29 50 21
30 31 46
30 33 11
30 39 26
30 45 8
30 46 38
30 47 41
30 48 20
30 50 82
31 32 12
31 36 94
31 40 18
31 41 37
31 46 99
31 48 87
31 49 68
31 50 16
32 33 81
32 35 30
32 41 70
32 42 33
32 43 68
32 45 41
32 47 24
32 49 98
33 35 52
33 36 89
33 37 70
33 41 52
33 45 39
33 46 21
33 49 36
34 36 65
34 37 65
34 42 83
34 44 99
34 47 99
34 48 6
35 36 61
35 41 75
35 44 95
35 45 35
35 49 34
35 50 56
36 38 3
36 39 98
36 41 83
36 45 50
36 46 94
36 48 8
37 42 58
37 47 32
37 48 41
37 49 63
37 50 14
38 40 21
38 44 78
38 45 21
38 50 44
39 41 15
39 42 6
39 48 78
40 44 49
40 46 19
40 47 99
40 48 62
41 43 4
41 44 23
41 47 39
41 49 73
42 45 67
43 44 42
43 45 36
43 47 78
45 50 49
46 47 4
48 50 41
49 50 89
1 4 78
1 6 50
1 7 64
1 8 16
1 13 34
1 15 61
1 23 89
1 24 70
1 25 33
1 26 48
1 28 48
1 30 52
1 31 95
1 34 42
1 35 19
1 36 22
1 38 30
1 45 99
1 50 32
2 3 35
2 7 79
2 11 48
2 13 14
2 16 45
2 21 47
2 22 77
2 26 82
2 27 23
2 36 54
2 42 30
2 45 75
2 46 78
3 6 2
3 9 44
3 11 28
3 13 53
3 16 22
3 17 10
3 19 84
3 21 34
3 22 90
3 25 69
3 27 23
3 31 94
3 32 23
3 33 98
3 34 94
3 38 98
3 44 68
3 46 74
3 48 7
3 50 54
4 6 24
4 7 78
4 11 96
4 15 72
4 21 79
4 23 50
4 28 64
4 31 53
4 32 66
4 33 72
4 34 65
4 36 82
4 37 11
4 38 8
4 40 48
4 43 61
4 47 3
5 8 87
5 11 7
5 12 54
5 14 74
5 15 92
5 21 77
5 23 95
5 30 80
5 31 15
5 33 77
5 35 6
5 36 53
5 37 62
5 40 48
5 43 49
5 44 10
5 47 78
5 50 97
6 7 85
6 8 90
6 14 75
6 15 13
6 16 41
6 17 92
6 22 23
6 27 66
6 29 47
6 31 45
6 37 69
6 39 11
6 42 86
6 43 96
6 47 53
7 10 68
7 16 5
7 19 94
7 22 66
7 24 44
7 29 70
7 31 89
7 32 74
7 34 87
7 35 37
7 39 59
7 44 28
7 46 16
7 47 26
7 48 67
7 50 23
8 9 21
8 11 2
8 16 60
8 17 63
8 19 99
8 25 18
8 29 78
8 31 59
8 36 16
8 38 25
8 39 77
8 42 24
8 46 32
8 48 62
9 16 20
9 18 33
9 20 25
9 25 27
9 26 30
9 27 99
9 28 66
9 32 55
9 49 93
10 12 30
10 15 73
10 22 81
10 23 80
10 26 3
10 29 94
10 30 87
10 33 75
10 35 15
10 40 86
10 42 10
10 44 79
10 49 10
10 50 6
11 12 11
11 14 19
11 17 75
11 19 69
11 21 31
11 22 41
11 27 76
11 28 62
11 29 62
11 33 24
11 37 99
11 38 5
11 44 61
11 45 2
11 46 78
11 48 45
11 49 63
11 50 64
12 14 37
12 15 36
12 18 88
12 22 20
12 24 38
12 29 61
12 30 87
12 31 99
12 32 5
12 33 47
12 34 61
12 35 52
12 37 54
12 42 25
12 45 56
12 48 1
13 16 82
13 18 63
13 25 27
13 29 6
13 30 95
13 32 59
13 35 58
13 40 12
13 41 67
13 44 54
13 48 6
14 15 64
14 17 50
14 18 63
14 20 62
14 23 59
14 26 66
14 27 73
14 28 14
14 29 52
14 34 78
14 38 29
14 41 94
14 48 48
14 49 92
15 21 88
15 22 54
15 28 34
15 29 14
15 32 81
15 34 74
15 35 68
15 37 27
15 40 75
15 43 70
15 44 97
15 45 83
15 46 21
15 47 26
15 49 6
15 50 10
16 17 4
16 18 41
16 20 88
16 22 54
16 23 30
16 24 58
16 25 26
16 27 13
16 28 48
16 31 48
16 32 87
16 34 44
16 36 50
16 38 8
16 42 94
16 43 75
16 44 1
16 46 97
16 50 33
17 18 37
17 19 14
17 21 22
17 26 75
17 28 15
17 30 7
17 33 11
17 37 37
17 38 35
17 46 95
17 49 17
18 19 28
18 20 77
18 27 2
18 28 72
18 30 44
18 32 58
18 35 99
18 38 27
18 40 89
18 43 93
18 46 89
18 47 23
18 48 62
18 49 49
18 50 58
19 24 53
19 26 100
19 27 27
19 28 61
19 29 16
19 30 61
19 31 50
19 32 68
19 33 48
19 40 40
19 48 63
19 49 4
20 24 87
20 27 14
20 33 18
20 35 35
20 37 30
20 39 49
20 40 70
20 42 23
20 45 56
20 47 83
20 48 3
20 50 72
21 27 90
21 30 19
21 31 92
21 33 88
21 37 21
21 38 31
21 41 100
21 46 54
21 47 21
21 49 17
21 50 93
22 23 55
22 33 68
22 34 98
22 36 9
22 37 77
22 40 50
22 41 96
22 42 23
22 43 82
22 47 58
23 24 53
23 27 12
23 34 26
23 35 93
23 38 78
23 41 12
23 44 41
23 46 63
23 48 2
23 50 70
24 29 94
24 33 57
24 34 77
24 35 29
24 36 98
24 38 34
24 41 63
24 44 4
25 27 53
25 28 48
25 37 39
25 40 69
25 41 6
25 44 59
25 45 87
25 46 67
26 27 82
26 30 54
26 33 45
26 40 78
26 41 35
26 42 98
26 44 100
26 45 71
26 47 47
27 28 89
27 29 1
27 35 99
27 37 37
27 38 19
27 40 18
27 41 94
27 43 94
27 46 92
27 49 73
27 50 28
28 30 72
28 33 99
28 35 26
28 36 63
28 38 31
28 40 88
28 42 2
28 43 72
28 44 14
28 45 36
28 46 38
28 48 16
29 30 23
29 33 47
29 37 51
29 45 76
29 49 80
29 50 56
30 34 12
30 35 36
30 36 68
30 39 91
30 40 85
30 41 26
30 42 61
30 45 3
30 49 34
31 37 19
31 38 4
31 39 12
31 44 71
31 47 71
31 48 48
31 49 38
32 34 93
32 36 51
32 37 28
32 38 83
32 39 74
32 44 42
32 46 29
32 49 23
33 36 85
33 38 11
33 40 68
33 42 51
33 43 70
33 44 4
33 45 5
33 47 65
33 48 76
33 49 25
33 50 89
34 37 48
34 40 60
34 42 26
34 44 87
34 47 4
34 48 36
34 49 18
34 50 57
35 36 46
35 37 22
35 39 98
35 40 21
35 41 83
35 42 8
35 43 86
35 49 43
35 50 12
36 37 29
36 38 31
36 40 39
36 42 98
36 43 19
36 45 86
36 48 26
36 49 19
37 38 21
37 39 15
37 40 35
37 42 40
37 43 37
37 50 50
38 40 96
38 44 31
38 45 91
38 47 21
38 48 16
39 42 31
39 43 62
39 44 3
39 45 37
40 42 8
40 43 44
40 44 36
40 46 4
40 49 4
40 50 37
41 42 87
41 44 98
41 46 56
41 47 28
41 49 46
42 43 14
42 45 32
42 46 73
42 49 49
43 49 55
43 50 14
44 45 46
44 50 1
45 47 23
45 50 22
46 47 73
46 50 59
47 48 8
48 49 35
49 50 64
1 2 91
1 5 84
1 6 1
1 8 92
1 9 36
1 12 19
1 13 66
1 15 78
1 17 71
1 18 13
1 22 28
1 23 95
1 28 29
1 30 74
1 34 86
1 39 81
1 41 96
1 45 63
1 46 23
1 47 6
1 48 51
2 3 73
2 6 4
2 7 50
2 13 71
2 14 20
2 16 88
2 22 33
2 23 57
2 28 18
2 33 71
2 35 10
2 37 70
2 39 46
2 40 3
2 42 41
2 43 95
2 44 4
2 46 67
2 50 27
3 7 33
3 11 52
3 12 57
3 13 35
3 14 29
3 15 37
3 17 84
3 18 2
3 25 99
3 26 47
3 28 2
3 32 56
3 34 43
3 36 89
3 37 89
3 42 29
3 45 72
3 46 38
3 47 96
3 49 80
3 50 6
4 6 8
4 8 32
4 10 100
4 11 5
4 13 61
4 16 20
4 17 7
4 22 72
4 23 92
4 25 68
4 27 54
4 30 87
4 31 92
4 33 71
4 35 40
4 37 93
4 43 4
4 45 26
4 46 87
4 47 91
5 9 26
5 11 97
5 18 93
5 19 59
5 26 74
5 29 8
5 30 37
5 31 21
5 33 52
5 39 48
5 40 71
5 42 21
5 43 30
5 45 57
5 50 13
6 7 6
6 9 82
6 13 29
6 14 51
6 15 50
6 18 11
6 19 40
6 20 22
6 21 87
6 22 58
6 23 5
6 26 44
6 27 39
6 29 99
6 30 53
6 34 28
6 35 39
6 40 91
6 45 10
6 47 85
6 48 55
7 10 59
7 14 19
7 15 79
7 16 48
7 21 79
7 23 67
7 25 54
7 26 17
7 30 13
7 31 87
7 32 22
7 33 28
7 36 84
7 37 8
7 39 87
7 42 48
7 43 44
7 47 82
7 48 28
8 12 75
8 13 16
8 14 12
8 17 93
8 18 44
8 23 48
8 26 96
8 29 22
8 31 4
8 32 20
8 33 66
8 36 93
8 37 15
8 39 95
8 41 40
8 45 85
8 46 43
9 12 98
9 13 27
