50 1103 1
1 3 24
1 4 4
1 8 23
1 9 16
1 12 59
1 19 76
1 21 44
1 25 75
1 26 42
1 36 74
1 37 50
1 38 33
1 39 85
1 44 31
1 45 60
2 3 2
2 4 98
2 5 83
2 6 49
2 7 62
2 8 90
2 10 13
2 11 100
2 13 17
2 15 15
2 19 68
2 23 100
2 28 17
2 35 60
2 36 94
2 37 80
2 39 59
2 40 31
2 45 44
2 49 51
2 50 21
3 4 57
3 5 80
3 6 97
3 7 76
3 8 82
3 9 97
3 11 45
3 16 11
3 18 72
3 19 86
3 23 4
3 26 32
3 27 75
3 31 60
3 33 9
3 40 1
3 43 63
3 46 94
3 47 50
4 7 88
4 12 71
4 14 19
4 15 10
4 16 20
4 22 8
4 26 54
4 31 36
4 32 58
4 33 64
4 34 10
4 35 63
4 36 27
4 39 15
4 41 68
4 42 30
5 8 36
5 13 50
5 17 24
5 21 75
5 23 31
5 24 57
5 29 30
5 32 32
5 34 95
5 35 72
5 38 41
5 40 99
5 41 60
5 44 10
5 45 1
5 47 98
5 48 24
6 7 10
6 12 65
6 13 23
6 18 81
6 20 71
6 23 88
6 28 59
6 29 13
6 32 7
6 37 59
6 39 62
6 41 94
6 42 77
7 9 98
7 10 93
7 14 9
7 16 29
7 17 87
7 18 65
7 19 11
7 20 92
7 21 26
7 26 84
7 29 22
7 31 100
7 32 72
7 33 65
7 40 52
7 41 70
7 48 57
8 13 15
8 18 48
8 19 5
8 21 29
8 22 63
8 25 41
8 28 18
8 29 92
8 32 83
8 35 85
8 36 34
8 37 4
8 41 89
8 47 94
8 48 89
9 10 32
9 11 51
9 15 51
9 26 27
9 27 54
9 29 3
9 31 24
9 33 15
9 34 42
9 36 58
9 38 7
9 39 27
9 42 4
9 43 85
9 44 90
9 47 3
9 49 50
9 50 38
10 12 38
10 13 53
10 14 9
10 16 20
10 20 55
10 22 81
10 23 80
10 24 60
10 25 31
10 26 44
10 27 89
10 28 100
10 30 75
10 31 57
10 33 26
10 35 6
10 36 78
10 38 73
10 40 83
10 42 84
10 44 32
10 45 69
10 46 83
10 47 61
10 49 5
11 14 83
11 22 83
11 23 81
11 25 84
11 28 92
11 29 55
11 30 28
11 31 73
11 32 65
11 33 63
11 34 73
11 35 4
11 37 91
11 38 18
11 40 62
11 45 55
11 49 7
11 50 86
12 15 68
12 16 62
12 19 51
12 21 22
12 23 60
12 24 84
12 30 97
12 33 27
12 36 59
12 37 14
12 41 98
12 42 34
12 43 56
12 44 44
12 45 16
12 48 77
12 49 60
12 50 75
13 15 54
13 16 17
13 17 34
13 18 45
13 23 99
13 24 2
13 25 43
13 26 89
13 30 77
13 32 10
13 37 100
13 39 17
13 41 89
13 43 7
13 50 65
14 15 94
14 16 58
14 17 32
14 20 16
14 21 68
14 25 69
14 28 23
14 29 67
14 30 88
14 39 76
14 41 21
14 43 89
14 49 53
15 18 35
15 20 69
15 21 33
15 23 18
15 25 59
15 27 71
15 30 13
15 31 51
15 32 72
15 33 17
15 34 50
15 36 26
15 37 65
15 39 99
15 41 31
15 45 92
15 49 55
16 17 16
16 18 88
16 20 50
16 21 11
16 23 26
16 24 28
16 30 88
16 31 78
16 32 69
16 33 97
16 36 91
16 40 23
16 43 35
16 47 40
16 49 13
16 50 53
17 19 21
17 22 28
17 26 63
17 39 38
17 40 71
17 44 85
17 45 33
17 49 56
17 50 4
18 20 38
18 21 9
18 24 13
18 29 30
18 30 21
18 31 35
18 39 99
18 42 6
18 45 3
18 46 2
18 49 93
19 21 84
19 22 73
19 23 36
19 24 99
19 25 92
19 26 55
19 27 100
19 29 36
19 31 5
19 34 12
19 40 30
19 41 13
19 44 49
19 46 75
19 47 100
19 48 98
20 24 42
20 28 2
20 34 6
20 35 50
20 37 83
20 44 84
20 45 52
20 46 86
20 47 49
20 48 38
21 24 14
21 28 57
21 32 32
21 35 49
21 38 89
21 39 52
21 42 37
21 43 68
21 44 96
21 45 88
21 47 58
21 49 60
21 50 48
22 26 59
22 27 29
22 38 99
22 41 1
22 43 74
22 45 19
22 47 20
22 48 63
22 50 78
23 24 86
23 28 55
23 30 26
23 35 48
23 36 88
23 37 31
23 46 18
24 25 79
24 27 20
24 29 7
24 38 22
24 39 68
24 42 84
24 44 1
24 48 94
24 49 74
25 26 48
25 29 44
25 31 77
25 32 6
25 35 39
25 36 59
25 37 60
25 40 37
25 42 93
25 43 7
25 49 45
25 50 93
26 27 98
26 29 37
26 31 37
26 33 95
26 34 60
26 36 68
26 37 34
26 40 28
26 41 70
26 42 15
26 43 27
26 48 88
26 49 39
27 29 65
27 32 69
27 34 61
27 40 99
27 42 100
27 47 33
27 50 36
28 30 32
28 33 25
28 34 37
28 50 36
29 30 3
29 31 73
29 32 81
29 34 4
29 35 69
29 37 39
29 38 45
29 39 56
29 40 86
29 42 12
29 43 60
29 44 62
29 45 10
29 48 36
29 49 37
30 31 85
30 33 57
30 34 59
30 35 59
30 40 4
30 47 32
30 48 92
30 49 95
31 32 44
31 33 99
31 34 4
31 36 76
31 39 3
31 41 97
31 48 33
32 34 5
32 40 70
32 44 1
32 47 74
32 49 87
32 50 12
33 34 32
33 36 1
33 37 75
33 38 29
33 39 68
33 40 38
33 42 2
33 43 64
33 44 95
33 48 95
33 50 13
34 35 96
34 39 21
34 40 10
34 41 2
34 42 9
34 45 35
34 47 19
35 40 77
35 41 36
35 43 44
35 45 94
35 46 10
35 48 17
36 37 15
36 48 62
36 50 21
37 39 17
37 41 20
37 49 57
38 40 76
38 44 6
38 47 86
38 48 54
39 40 28
39 42 56
39 44 31
39 49 95
40 41 80
40 43 79
40 44 72
40 45 27
40 46 53
40 47 50
40 48 11
41 49 76
41 50 59
42 44 21
42 46 26
42 47 60
42 48 60
42 49 52
42 50 90
43 49 9
43 50 14
44 45 64
44 46 100
44 47 68
44 49 20
46 50 17
47 48 79
47 50 14
49 50 44
1 10 89
1 14 38
1 15 82
1 16 11
1 18 10
1 19 73
1 20 48
1 23 79
1 24 80
1 25 72
1 27 67
1 30 70
1 33 76
1 35 11
1 37 3
1 43 25
1 45 8
1 50 1
2 3 66
2 4 16
2 5 67
2 14 61
2 17 89
2 21 94
2 25 33
2 27 86
2 33 55
2 34 65
2 37 10
2 38 78
2 40 69
2 41 36
2 43 42
2 45 72
2 46 86
2 47 96
2 48 35
2 49 52
3 4 77
3 5 69
3 10 35
3 14 83
3 16 92
3 24 64
3 25 1
3 26 20
3 27 27
3 30 48
3 31 31
3 33 49
3 34 36
3 35 80
3 38 42
3 39 45
3 40 84
3 41 97
3 42 68
3 43 87
3 49 50
3 50 53
4 5 28
4 7 73
4 9 20
4 10 42
4 12 48
4 13 58
4 20 81
4 22 12
4 23 67
4 26 56
4 28 79
4 29 48
4 30 3
4 33 64
4 37 55
4 39 96
4 42 3
4 43 65
4 46 33
5 7 23
5 9 77
5 10 89
5 14 54
5 17 94
5 18 59
5 19 20
5 20 45
5 28 28
5 29 92
5 30 3
5 35 36
5 36 59
5 37 74
5 41 40
5 42 89
5 45 85
5 47 12
6 7 50
6 8 83
6 11 42
6 15 30
6 21 41
6 24 30
6 28 30
6 29 15
6 32 87
6 38 60
6 39 86
6 40 12
6 41 84
6 43 3
6 47 50
6 49 14
7 17 66
7 19 92
7 24 95
7 26 51
7 27 96
7 29 22
7 31 63
7 35 100
7 36 55
7 39 42
7 40 50
7 41 19
7 42 84
8 9 49
8 12 45
8 15 68
8 16 43
8 21 86
8 22 85
8 23 88
8 26 84
8 27 23
8 28 45
8 33 22
8 35 73
8 37 66
8 39 93
8 40 60
8 42 19
8 43 13
8 44 17
8 45 84
8 47 91
8 49 78
8 50 94
9 12 15
9 14 45
9 16 23
9 17 89
9 19 6
9 21 63
9 23 20
9 25 74
9 26 17
9 27 9
9 28 80
9 29 70
9 31 63
9 32 5
9 33 32
9 35 100
9 36 7
9 39 60
9 40 96
9 41 29
9 43 52
9 44 64
9 46 36
9 47 15
10 12 93
10 14 84
10 18 76
10 20 64
10 22 79
10 27 50
10 28 28
10 29 32
10 30 79
10 33 72
10 34 10
10 37 74
10 38 82
10 40 46
10 42 88
10 44 1
10 46 26
10 50 39
11 12 5
11 15 90
11 17 88
11 21 25
11 22 27
11 27 7
11 29 27
11 30 93
11 32 81
11 34 89
11 35 41
11 37 93
11 39 86
11 41 79
11 43 42
11 44 7
11 45 7
11 47 75
11 48 65
11 50 90
12 13 95
12 15 85
12 18 35
12 22 45
12 23 44
12 27 59
12 28 27
12 30 29
12 31 9
12 34 58
12 36 44
12 37 30
12 40 70
12 43 36
12 45 26
12 47 52
12 48 75
12 50 83
13 15 32
13 17 96
13 21 63
13 26 3
13 28 44
13 31 24
13 32 97
13 33 94
13 38 94
13 40 5
13 41 43
13 43 96
14 19 88
14 21 83
14 24 37
14 25 70
14 26 80
14 27 35
14 29 100
14 34 94
14 42 38
14 43 83
14 50 63
15 16 65
15 18 10
15 21 54
15 28 20
15 30 97
15 31 90
15 32 48
15 36 60
15 40 73
15 42 37
15 43 26
15 49 75
16 17 91
16 20 10
16 22 69
16 29 55
16 31 88
16 32 66
16 33 32
16 35 35
16 37 87
16 38 23
16 43 49
16 50 44
17 22 36
17 27 35
17 28 64
17 29 56
17 30 13
17 34 18
17 36 53
17 38 13
17 39 56
17 40 31
18 19 6
18 20 91
18 25 49
18 27 48
18 29 99
18 31 52
18 33 22
18 35 71
18 36 30
18 37 12
18 39 26
18 41 23
18 43 93
18 44 82
18 45 43
18 47 66
18 48 89
18 49 79
19 23 71
19 24 51
19 26 4
19 29 38
19 33 64
19 34 1
19 37 33
19 38 8
19 44 75
19 45 66
19 47 15
20 24 11
20 26 40
20 28 91
20 29 75
20 37 53
20 46 62
21 23 71
21 24 32
21 26 14
21 29 18
21 33 27
21 34 27
21 35 5
21 36 10
21 38 31
21 42 51
21 43 4
21 44 79
21 46 39
21 47 76
21 48 1
21 50 4
22 23 50
22 28 49
22 31 83
22 35 54
22 36 23
22 39 80
22 42 6
22 43 83
22 44 43
22 45 100
22 47 37
22 50 29
23 26 38
23 29 98
23 34 15
23 41 53
23 42 82
23 44 17
23 47 18
23 48 21
24 25 99
24 27 77
24 28 15
24 29 17
24 30 23
24 36 75
24 37 72
24 42 26
24 46 52
24 47 25
24 48 84
25 28 86
25 35 67
25 39 48
25 40 71
25 42 3
25 49 26
26 28 45
26 29 87
26 33 58
26 34 92
26 36 12
26 37 64
26 39 92
26 44 24
26 45 22
26 48 97
26 50 51
27 28 47
27 31 93
27 32 87
27 35 47
27 38 49
27 40 31
27 42 61
27 44 24
27 45 83
27 47 65
27 49 95
28 30 18
28 31 36
28 35 63
28 41 13
28 43 13
28 44 27
28 48 20
28 49 77
29 33 55
29 36 46
29 38 2
29 42 80
29 43 56
29 45 98
29 47 90
29 49 33
29 50 82
30 31 94
30 33 92
30 35 41
30 36 77
30 37 36
30 41 73
30 42 29
30 49 82
31 32 18
31 33 23
31 34 16
31 36 88
31 40 16
31 41 31
31 43 67
31 45 84
31 47 26
31 48 8
31 49 91
31 50 35
32 37 4
32 39 76
32 40 10
32 42 40
32 46 7
32 47 34
33 34 44
33 36 71
33 38 53
33 43 89
33 46 92
33 48 2
33 50 22
34 35 28
34 37 30
34 39 39
34 40 73
34 41 71
34 44 44
34 45 32
35 36 86
35 38 46
35 40 47
35 41 39
35 44 13
35 45 74
35 50 21
36 37 1
36 39 41
36 40 12
36 43 36
36 46 74
36 47 87
37 38 42
37 45 51
37 46 85
37 48 24
38 39 1
38 43 70
38 44 6
38 45 96
38 46 11
39 41 54
39 44 33
39 46 66
39 49 49
40 41 52
40 42 94
40 43 68
41 42 48
41 44 48
41 48 4
42 48 60
42 49 69
43 44 79
43 48 52
43 49 6
44 45 14
44 50 31
45 46 92
45 49 100
46 48 31
46 49 63
47 48 25
47 50 44
1 2 12
1 6 3
1 15 51
1 17 90
1 21 99
1 22 95
1 26 18
1 30 12
1 35 92
1 36 51
1 37 83
1 38 41
1 43 71
1 46 23
1 47 16
1 50 15
2 5 19
2 7 58
2 9 5
2 12 7
2 16 35
2 17 62
2 18 62
2 19 33
2 26 3
2 27 69
2 28 82
2 37 80
2 39 72
2 41 93
2 42 100
2 46 22
2 48 90
2 50 98
3 7 51
3 11 41
3 14 21
3 15 89
3 16 59
3 17 88
3 21 46
3 26 55
3 32 23
3 35 71
3 36 65
3 38 91
3 40 20
3 43 43
3 45 19
3 46 13
3 50 77
4 8 68
4 14 13
4 18 36
4 20 26
4 30 100
4 33 3
4 34 97
4 38 12
4 41 78
4 47 53
4 48 7
4 50 97
5 6 80
5 7 51
5 9 79
5 10 44
5 11 96
5 12 70
5 17 56
5 18 55
5 19 84
5 20 9
5 22 12
5 26 92
5 30 88
5 32 25
5 34 37
5 38 26
5 43 67
5 45 97
5 47 100
5 49 70
6 7 61
6 9 18
6 12 26
6 13 14
6 16 42
6 20 27
6 22 63
6 24 62
6 25 30
6 29 97
6 31 3
6 32 96
6 33 5
6 37 5
6 39 54
6 40 29
6 45 42
6 47 88
6 48 81
6 49 54
7 10 28
7 14 80
7 15 12
7 16 100
7 17 19
7 18 97
7 21 89
7 24 72
7 25 62
7 29 58
7 30 4
