50 1103 1
1 2 46
1 5 99
1 6 22
1 9 83
1 13 94
1 14 61
1 15 33
1 16 78
1 19 50
1 22 75
1 24 87
1 34 2
1 38 26
1 43 71
1 44 54
1 45 63
1 46 93
1 47 77
1 48 77
1 49 90
1 50 23
2 4 30
2 6 58
2 7 36
2 8 76
2 9 61
2 11 61
2 13 9
2 14 77
2 20 46
2 24 59
2 30 83
2 31 94
2 32 77
2 33 17
2 35 26
2 37 67
2 40 8
2 43 41
2 45 51
2 46 73
2 50 83
3 5 82
3 6 87
3 7 46
3 11 24
3 16 48
3 17 12
3 19 95
3 27 49
3 31 62
3 32 24
3 33 50
3 34 48
3 35 34
3 41 10
3 48 74
4 10 36
4 12 15
4 13 36
4 15 72
4 17 76
4 18 51
4 19 64
4 27 62
4 28 27
4 33 8
4 36 37
4 39 67
4 44 11
4 46 25
4 47 11
4 49 68
5 6 27
5 11 21
5 17 88
5 19 47
5 35 44
5 36 23
5 39 54
5 43 31
5 48 73
5 49 95
6 10 64
6 11 96
6 14 70
6 18 3
6 20 16
6 22 10
6 25 68
6 30 83
6 34 21
6 35 85
6 37 75
6 39 33
6 40 93
6 41 41
6 44 15
6 48 24
7 10 54
7 12 82
7 14 15
7 15 8
7 16 94
7 18 32
7 21 35
7 24 97
7 25 33
7 26 18
7 31 55
7 32 1
7 33 21
7 37 54
7 39 4
7 40 11
7 43 46
7 44 47
7 45 89
7 46 48
7 47 42
7 49 41
8 12 87
8 15 79
8 16 10
8 18 77
8 22 80
8 26 18
8 35 63
8 36 98
8 38 51
8 41 5
8 44 55
8 45 98
8 46 15
8 47 94
8 48 94
8 49 38
8 50 58
9 11 22
9 16 58
9 23 66
9 27 84
9 28 34
9 29 26
9 30 4
9 31 79
9 38 50
9 39 63
9 40 52
9 43 4
9 47 92
9 49 76
10 13 8
10 15 47
10 16 92
10 18 73
10 19 15
10 22 62
10 23 77
10 25 59
10 26 94
10 29 59
10 33 17
10 36 79
10 39 49
10 40 35
10 42 94
11 12 19
11 13 84
11 18 68
11 21 1
11 22 45
11 23 68
11 24 99
11 26 57
11 31 42
11 32 44
11 35 18
11 36 55
11 38 31
11 39 62
11 40 76
11 42 35
11 43 77
11 44 25
11 47 45
11 48 78
12 18 15
12 20 46
12 25 66
12 28 79
12 29 37
12 33 83
12 39 96
12 40 30
12 41 55
12 43 50
12 46 94
12 47 97
12 49 10
13 14 78
13 16 79
13 17 63
13 19 26
13 25 62
13 28 54
13 31 14
13 32 37
13 33 11
13 35 54
13 38 12
13 39 19
13 42 3
13 43 21
13 44 93
13 45 12
13 47 57
13 50 29
14 18 48
14 21 83
14 23 21
14 24 95
14 29 81
14 30 57
14 33 70
14 37 82
14 42 9
14 43 32
14 44 65
14 46 37
14 47 89
14 48 85
14 50 34
15 17 50
15 18 53
15 22 87
15 28 55
15 35 16
15 36 38
15 39 6
15 40 38
15 45 28
15 46 29
15 48 41
15 50 15
16 23 86
16 24 36
16 28 12
16 30 95
16 33 67
16 34 28
16 35 77
16 37 53
16 38 7
16 40 35
16 44 60
16 45 77
16 48 94
17 18 1
17 23 95
17 25 68
17 27 30
17 28 11
17 33 45
17 34 33
17 36 51
17 38 28
17 40 17
17 41 14
17 44 98
17 48 46
17 49 14
17 50 66
18 19 12
18 20 59
18 21 26
18 22 67
18 30 37
18 31 35
18 34 85
18 37 50
18 40 95
18 47 35
18 49 39
18 50 1
19 20 36
19 21 56
19 24 60
19 30 67
19 32 45
19 33 45
19 35 52
19 36 97
19 40 97
19 41 76
19 43 89
19 45 41
19 47 68
20 22 74
20 23 42
20 25 60
20 26 94
20 27 6
20 33 57
20 35 9
20 36 81
20 37 28
20 42 10
20 43 1
20 47 18
20 48 94
20 50 93
21 24 87
21 28 11
21 31 17
21 35 82
21 39 85
21 41 74
21 42 56
21 43 43
21 48 73
21 49 79
21 50 63
22 24 74
22 25 35
22 26 18
22 27 99
22 30 60
22 31 6
22 32 46
22 34 80
22 37 59
22 44 93
22 45 35
22 46 16
22 47 75
22 48 35
23 26 69
23 29 32
23 30 38
23 36 20
23 37 49
23 38 4
23 39 86
23 41 81
23 44 48
23 46 56
23 47 88
24 25 83
24 28 45
24 29 28
24 31 82
24 32 4
24 33 51
24 35 32
24 37 29
24 40 26
24 48 62
24 49 44
25 26 70
25 28 15
25 29 98
25 30 31
25 32 96
25 38 59
25 40 4
25 43 41
25 48 30
26 27 70
26 32 7
26 33 88
26 34 44
26 35 29
26 36 62
26 39 14
26 40 91
26 45 51
26 47 83
26 48 66
27 28 95
27 30 4
27 33 37
27 35 38
27 38 78
27 41 68
27 45 42
27 46 98
27 47 58
27 48 56
27 49 61
27 50 3
28 30 16
28 32 80
28 36 13
28 37 92
28 38 82
28 40 49
28 41 94
28 43 18
28 44 77
28 49 32
28 50 93
29 37 32
29 40 25
29 41 56
29 43 62
29 44 1
29 46 41
29 48 75
30 31 9
30 32 23
30 34 48
30 36 48
30 37 68
30 40 1
30 42 78
30 45 30
30 46 46
30 47 86
30 49 48
31 33 67
31 35 5
31 41 59
31 46 72
31 50 15
32 33 94
32 34 58
32 35 26
32 36 79
32 38 50
32 39 60
32 41 13
32 43 14
32 44 6
32 46 52
32 47 74
32 48 86
32 49 6
32 50 51
33 34 12
33 35 58
33 37 98
33 40 74
33 42 30
33 43 83
33 44 25
33 45 18
33 46 53
33 47 82
33 49 18
34 39 74
34 47 55
34 48 15
34 49 56
34 50 92
35 38 85
35 40 91
35 45 67
35 47 78
35 49 44
36 39 44
36 41 31
36 42 23
36 43 80
36 50 94
37 39 67
37 40 47
37 43 81
37 44 50
37 45 99
37 47 38
37 49 70
38 40 17
38 42 61
38 43 50
38 44 36
38 48 40
38 49 67
39 42 5
39 43 41
39 44 47
39 47 29
40 42 55
40 44 5
40 45 67
40 46 87
41 44 85
41 45 92
41 46 65
41 48 19
41 50 33
42 44 16
42 45 56
42 46 98
42 48 100
43 44 34
44 45 44
44 46 72
44 47 13
44 49 38
45 46 75
45 50 70
46 47 80
46 48 12
47 48 32
47 50 93
48 49 6
48 50 68
49 50 89
1 2 48
1 3 96
1 4 12
1 7 96
1 8 24
1 15 67
1 18 39
1 19 60
1 23 40
1 25 17
1 27 16
1 31 74
1 34 13
1 38 100
1 40 60
1 41 89
1 42 9
1 43 57
1 44 34
1 45 40
1 47 89
1 49 69
2 4 36
2 5 9
2 13 80
2 14 20
2 15 95
2 17 96
2 19 30
2 21 19
2 23 36
2 28 38
2 31 62
2 32 97
2 34 23
2 38 42
2 40 27
2 41 70
2 42 38
2 44 42
2 45 55
2 47 63
2 49 93
2 50 70
3 5 82
3 8 55
3 9 62
3 10 90
3 11 10
3 13 22
3 15 16
3 19 73
3 27 94
3 28 65
3 29 35
3 30 42
3 31 82
3 37 84
3 38 99
3 43 67
3 44 29
3 45 71
3 46 51
3 50 67
4 6 80
4 7 14
4 12 86
4 15 19
4 16 39
4 17 1
4 18 5
4 20 50
4 21 40
4 26 2
4 27 66
4 29 61
4 30 63
4 32 11
4 33 93
4 36 56
4 37 37
4 40 38
4 41 36
4 43 25
4 45 49
5 6 27
5 9 85
5 12 70
5 13 30
5 14 39
5 15 85
5 21 12
5 22 78
5 23 61
5 28 27
5 32 44
5 33 49
5 40 88
5 44 39
5 45 84
5 47 15
5 48 59
5 50 90
6 7 28
6 12 90
6 15 66
6 19 77
6 25 14
6 28 80
6 31 83
6 33 98
6 34 76
6 37 24
6 38 81
6 42 67
6 44 31
6 46 98
6 48 21
6 50 15
7 10 80
7 11 30
7 13 36
7 14 22
7 18 46
7 21 23
7 24 63
7 25 63
7 31 93
7 32 47
7 33 53
7 34 42
7 36 81
7 39 18
7 43 47
7 44 65
7 47 92
7 48 38
8 10 26
8 13 67
8 14 20
8 15 22
8 17 88
8 22 48
8 23 51
8 24 55
8 27 44
8 29 41
8 34 3
8 35 41
8 36 40
8 38 18
8 40 9
8 41 27
8 42 13
8 43 60
8 45 52
9 15 94
9 19 86
9 23 52
9 26 63
9 27 20
9 33 66
9 37 52
9 39 30
9 40 40
9 44 13
9 47 23
9 50 3
10 12 25
10 17 42
10 18 85
10 20 34
10 22 52
10 23 23
10 25 5
10 28 54
10 30 67
10 31 55
10 35 27
10 36 5
10 39 88
10 42 17
10 46 68
11 13 17
11 15 90
11 18 91
11 19 29
11 20 65
11 23 17
11 33 58
11 35 50
11 36 39
11 45 40
11 50 29
12 22 80
12 27 69
12 30 33
12 31 12
12 33 53
12 34 23
12 35 12
12 36 66
12 40 73
12 45 17
12 49 51
13 14 33
13 21 52
13 22 100
13 23 56
13 25 15
13 26 41
13 27 7
13 30 99
13 32 25
13 36 26
13 37 83
13 40 94
13 42 100
13 43 46
13 45 17
13 46 34
13 48 89
13 49 40
13 50 67
14 15 98
14 16 35
14 19 94
14 20 2
14 24 87
14 25 98
14 28 83
14 29 98
14 31 84
14 35 82
14 39 68
14 40 10
14 44 6
14 46 1
14 48 10
14 50 82
15 19 68
15 21 89
15 31 64
15 43 12
15 47 50
15 50 96
16 17 8
16 20 38
16 23 61
16 24 9
16 28 36
16 35 79
16 38 75
16 40 49
16 42 82
16 43 4
16 44 2
16 45 51
16 46 39
16 47 75
16 49 96
17 18 73
17 19 8
17 20 43
17 22 83
17 25 100
17 27 23
17 28 45
17 32 19
17 36 49
17 37 58
17 40 84
17 41 87
17 47 16
17 48 22
17 49 64
18 19 47
18 21 1
18 22 41
18 23 13
18 25 23
18 29 35
18 31 89
18 33 99
18 35 31
18 40 18
18 43 59
18 46 92
18 47 77
18 48 5
18 50 20
19 20 55
19 21 95
19 22 79
19 24 21
19 25 8
19 31 47
19 32 8
19 34 77
19 36 100
19 38 81
19 40 91
19 43 28
19 46 7
19 49 89
19 50 6
20 21 54
20 24 47
20 27 38
20 31 73
20 33 46
20 34 65
20 38 69
20 43 34
20 45 44
20 46 54
20 48 62
20 49 47
20 50 62
21 22 95
21 26 15
21 27 47
21 28 14
21 29 95
21 30 38
21 33 75
21 36 18
21 38 23
21 41 39
21 42 52
21 43 52
21 46 56
21 47 75
22 24 34
22 27 92
22 30 42
22 31 75
22 41 72
22 42 44
22 47 48
22 50 29
23 24 21
23 29 84
23 34 52
23 35 53
23 36 83
23 44 21
24 25 80
24 27 80
24 29 52
24 30 8
24 41 47
24 42 61
24 43 95
24 47 30
24 49 30
24 50 52
25 26 16
25 27 25
25 30 2
25 35 40
25 38 77
25 43 42
25 47 27
25 48 29
26 28 35
26 29 75
26 31 13
26 32 25
26 33 78
26 39 60
26 43 57
26 44 79
26 49 27
27 28 51
27 31 11
27 35 66
27 39 96
27 43 71
27 45 56
27 46 32
27 47 48
27 49 77
28 32 7
28 36 95
28 38 62
28 40 2
28 41 85
28 44 71
28 48 30
29 34 15
29 42 37
29 43 18
29 45 93
29 46 76
29 48 2
30 32 28
30 33 87
30 35 2
30 37 83
30 39 58
30 40 26
30 41 52
30 48 16
30 50 92
31 32 28
31 37 86
31 38 52
31 39 82
31 42 22
31 43 31
32 35 24
32 37 1
32 38 34
32 41 60
32 43 67
32 44 24
32 48 44
33 37 10
33 42 82
33 44 7
33 45 5
33 46 42
33 47 2
33 48 11
33 49 64
33 50 13
34 35 21
34 39 30
34 40 76
34 41 76
34 44 23
34 46 25
34 50 64
35 44 70
35 45 32
35 46 28
36 39 42
36 47 68
36 49 4
36 50 38
37 41 15
37 42 32
37 43 29
37 46 97
37 47 55
37 50 51
38 39 13
38 47 83
39 40 21
39 44 12
39 46 24
39 49 59
39 50 72
40 44 19
40 47 58
40 49 93
40 50 23
41 42 56
41 43 80
41 44 80
41 45 96
42 45 19
42 46 14
42 50 67
43 48 54
43 49 87
44 47 26
44 48 13
44 49 49
44 50 92
45 50 1
46 48 93
46 49 36
47 48 1
47 50 29
49 50 37
1 2 84
1 3 76
1 4 48
1 5 90
1 8 65
1 10 85
1 13 47
1 16 36
1 19 99
1 20 34
1 22 84
1 23 45
1 27 92
1 28 13
1 32 81
1 36 3
1 40 86
1 43 7
1 45 59
1 46 4
1 48 21
2 9 57
2 12 14
2 13 59
2 15 10
2 16 59
2 20 25
2 21 38
2 27 46
2 29 77
2 32 56
2 34 85
2 37 89
2 43 99
2 47 22
2 50 21
3 7 47
3 9 19
3 11 1
3 12 58
3 14 86
3 15 98
3 16 84
3 20 30
3 22 90
3 23 69
3 24 74
3 27 43
3 28 75
3 30 69
3 36 68
3 44 99
3 46 73
3 50 13
4 7 32
4 9 22
4 17 9
4 18 37
4 19 13
4 22 78
4 23 75
4 24 29
4 25 26
4 26 83
4 31 87
4 32 78
4 33 31
4 39 59
4 41 1
4 45 42
4 50 6
5 6 26
5 9 94
5 12 56
5 15 84
5 16 93
5 19 98
5 24 44
5 25 79
5 26 81
5 28 34
5 31 88
5 34 54
5 38 21
5 39 8
5 40 63
5 42 81
5 49 93
6 7 41
6 8 93
6 9 16
6 11 93
6 12 56
6 13 57
6 14 4
6 15 17
6 17 51
6 19 54
6 27 5
6 30 9
6 37 62
6 40 3
6 43 48
6 44 68
6 45 26
6 46 27
6 48 21
6 50 43
7 9 79
7 14 64
7 15 17
7 18 1
7 23 97
7 26 7
7 27 97
7 29 78
7 30 3
