150 10058 1
1 2 25
1 4 31
1 5 77
1 10 8
1 11 79
1 14 1
1 15 60
1 16 26
1 17 34
1 20 77
1 21 15
1 22 9
1 26 32
1 29 76
1 30 73
1 33 21
1 37 19
1 39 14
1 44 72
1 48 63
1 56 6
1 60 95
1 63 49
1 65 38
1 69 78
1 73 21
1 77 40
1 81 49
1 85 4
1 86 85
1 95 54
1 99 94
1 100 36
1 101 14
1 102 49
1 105 16
1 106 39
1 108 51
1 109 42
1 111 71
1 115 24
1 116 65
1 117 38
1 118 25
1 125 85
1 126 61
1 127 81
1 128 92
1 130 37
1 133 100
1 136 54
1 138 25
1 140 50
1 142 43
1 144 72
1 149 29
2 3 64
2 4 94
2 9 31
2 10 9
2 13 10
2 15 94
2 17 50
2 19 31
2 24 87
2 27 65
2 28 2
2 29 21
2 31 47
2 33 82
2 35 53
2 37 92
2 40 26
2 41 32
2 42 14
2 43 26
2 46 48
2 47 43
2 48 75
2 50 84
2 53 40
2 56 42
2 58 17
2 59 98
2 60 99
2 61 38
2 66 73
2 68 12
2 69 44
2 72 67
2 73 99
2 75 39
2 76 28
2 77 84
2 81 44
2 82 60
2 83 91
2 85 36
2 88 78
2 89 97
2 99 86
2 103 14
2 104 87
2 105 70
2 106 74
2 107 7
2 108 50
2 112 91
2 115 38
2 117 69
2 118 58
2 120 31
2 123 73
2 125 2
2 126 68
2 127 99
2 128 60
2 130 30
2 131 73
2 133 62
2 136 89
2 137 14
2 141 62
2 142 80
2 147 4
2 148 53
2 150 13
3 4 78
3 6 18
3 10 85
3 11 98
3 12 69
3 13 59
3 15 53
3 16 8
3 17 35
3 20 69
3 29 80
3 30 18
3 32 12
3 39 47
3 40 76
3 42 18
3 43 64
3 50 71
3 53 39
3 57 76
3 59 16
3 62 5
3 64 38
3 66 23
3 72 92
3 73 27
3 76 63
3 86 28
3 87 1
3 88 86
3 92 71
3 96 42
3 107 75
3 108 45
3 110 69
3 114 6
3 118 47
3 124 93
3 126 50
3 127 8
3 129 16
3 131 63
3 134 75
3 135 42
3 136 3
3 137 20
3 139 49
3 141 66
3 142 60
3 143 73
3 144 8
3 145 83
3 148 4
3 149 75
4 5 31
4 9 63
4 13 27
4 14 97
4 15 28
4 16 27
4 20 92
4 21 34
4 22 92
4 23 52
4 27 29
4 28 67
4 32 27
4 34 38
4 35 76
4 37 45
4 38 64
4 39 67
4 40 19
4 41 84
4 42 25
4 43 71
4 45 44
4 46 70
4 53 95
4 59 96
4 60 90
4 63 43
4 68 49
4 69 20
4 73 18
4 74 28
4 78 16
4 79 83
4 81 16
4 85 22
4 86 70
4 87 53
4 88 94
4 90 95
4 91 26
4 93 39
4 95 32
4 96 58
4 97 43
4 106 91
4 109 1
4 112 83
4 114 65
4 118 99
4 119 13
4 120 35
4 121 26
4 123 32
4 129 32
4 130 83
4 132 60
4 133 54
4 139 5
4 140 51
4 142 24
4 143 66
4 148 96
4 149 68
4 150 18
5 7 71
5 9 97
5 12 56
5 18 71
5 19 55
5 23 2
5 25 17
5 28 65
5 29 5
5 30 83
5 33 93
5 35 27
5 41 86
5 43 71
5 46 1
5 49 8
5 50 80
5 55 39
5 58 64
5 60 81
5 64 20
5 66 81
5 69 53
5 71 44
5 73 90
5 77 95
5 79 19
5 84 4
5 86 43
5 87 54
5 89 50
5 90 19
5 93 23
5 96 8
5 98 91
5 100 8
5 102 12
5 103 20
5 105 38
5 107 31
5 108 63
5 113 58
5 114 40
5 118 48
5 120 70
5 121 11
5 122 57
5 123 84
5 124 29
5 125 41
5 127 88
5 132 49
5 134 19
5 138 40
5 139 59
5 143 39
5 144 38
5 149 77
6 10 93
6 11 19
6 15 37
6 16 80
6 20 34
6 22 66
6 25 25
6 32 13
6 33 17
6 40 78
6 46 24
6 47 89
6 48 43
6 52 27
6 53 39
6 55 89
6 56 58
6 61 29
6 65 33
6 68 67
6 69 46
6 70 64
6 75 10
6 77 39
6 80 35
6 82 27
6 83 51
6 87 38
6 88 58
6 90 49
6 91 98
6 92 13
6 93 2
6 97 75
6 99 6
6 100 46
6 106 73
6 107 65
6 117 45
6 119 31
6 122 66
6 125 40
6 126 75
6 130 10
6 133 40
6 134 46
6 137 3
6 142 27
6 145 71
6 146 20
6 147 64
7 8 71
7 9 33
7 15 77
7 16 57
7 17 72
7 18 82
7 29 16
7 30 98
7 34 22
7 41 100
7 44 95
7 47 51
7 54 9
7 55 43
7 56 60
7 59 72
7 60 74
7 61 97
7 63 37
7 66 37
7 67 6
7 68 56
7 70 4
7 71 76
7 72 98
7 75 77
7 78 66
7 85 54
7 86 37
7 88 74
7 89 73
7 96 63
7 97 71
7 98 76
7 99 73
7 102 32
7 104 7
7 107 74
7 111 85
7 113 65
7 114 2
7 116 33
7 117 59
7 118 70
7 123 34
7 128 67
7 135 7
7 138 80
7 141 63
7 142 28
7 143 55
7 144 75
7 146 47
7 148 60
8 10 21
8 12 7
8 18 80
8 23 10
8 26 57
8 34 54
8 35 63
8 38 85
8 40 44
8 41 13
8 42 33
8 45 24
8 47 29
8 48 58
8 50 63
8 55 53
8 57 36
8 59 56
8 63 68
8 69 67
8 70 46
8 71 12
8 78 4
8 80 26
8 81 6
8 86 77
8 87 96
8 88 5
8 89 19
8 90 58
8 92 62
8 93 35
8 95 65
8 98 70
8 102 58
8 104 21
8 106 88
8 108 2
8 112 77
8 114 29
8 115 36
8 120 19
8 121 49
8 122 40
8 124 58
8 132 99
8 135 88
8 136 21
8 139 88
8 145 76
8 146 55
8 147 30
8 148 37
8 149 54
9 10 13
9 11 49
9 17 74
9 20 31
9 21 93
9 24 6
9 25 63
9 27 89
9 28 68
9 29 22
9 33 28
9 34 37
9 40 24
9 41 41
9 44 48
9 45 100
9 46 59
9 48 46
9 53 66
9 56 47
9 57 93
9 58 79
9 71 3
9 73 94
9 75 32
9 76 69
9 79 27
9 84 3
9 89 41
9 92 58
9 96 28
9 97 80
9 100 92
9 102 16
9 106 5
9 109 7
9 111 3
9 113 14
9 116 34
9 117 13
9 123 7
9 133 24
9 136 61
9 138 55
9 139 96
9 142 50
9 143 78
9 145 2
9 146 22
9 150 58
10 15 87
10 16 30
10 19 11
10 20 40
10 21 88
10 22 75
10 27 64
10 28 26
10 33 63
10 35 8
10 36 80
10 37 57
10 38 1
10 40 85
10 41 100
10 43 80
10 44 90
10 46 37
10 49 62
10 50 12
10 51 11
10 56 75
10 58 65
10 59 64
10 62 12
10 69 26
10 70 81
10 72 96
10 77 87
10 78 63
10 82 52
10 83 6
10 86 27
10 91 72
10 94 68
10 95 93
10 98 66
10 99 82
10 102 100
10 107 35
10 109 8
10 113 10
10 114 76
10 122 6
10 125 93
10 128 99
10 129 14
10 130 45
10 131 23
10 139 41
10 142 53
10 143 23
10 144 3
10 145 84
10 146 70
10 149 65
11 14 88
11 15 29
11 17 13
11 18 41
11 19 87
11 23 77
11 24 22
11 26 75
11 27 67
11 28 37
11 30 53
11 38 46
11 40 84
11 42 9
11 44 82
11 45 97
11 59 84
11 62 85
11 64 93
11 65 68
11 66 24
11 68 38
11 71 29
11 72 5
11 76 36
11 77 84
11 78 45
11 79 49
11 81 22
11 82 13
11 84 10
11 86 100
11 87 85
11 92 64
11 95 42
11 100 55
11 104 38
11 107 58
11 112 17
11 113 19
11 115 30
11 117 26
11 118 29
11 120 73
11 125 29
11 126 62
11 127 94
11 134 84
11 136 39
11 137 78
11 141 54
11 143 43
11 145 34
11 146 9
12 13 32
12 14 97
12 25 20
12 26 62
12 29 6
12 31 63
12 35 95
12 37 33
12 38 35
12 40 10
12 43 50
12 45 56
12 48 5
12 49 74
12 53 60
12 60 1
12 61 11
12 62 85
12 63 67
12 66 24
12 67 38
12 72 30
12 73 44
12 74 14
12 75 72
12 77 32
12 85 55
12 86 20
12 91 40
12 92 19
12 93 34
12 96 69
12 98 44
12 103 72
12 105 60
12 106 1
12 107 45
12 108 4
12 111 9
12 114 53
12 120 42
12 122 44
12 125 43
12 128 60
12 130 32
12 132 8
12 133 38
12 134 73
12 135 13
12 136 69
12 138 34
12 139 52
12 148 74
12 149 25
13 14 25
13 16 40
13 17 83
13 18 19
13 19 78
13 21 14
13 22 46
13 23 17
13 31 8
13 32 1
13 36 81
13 38 10
13 41 4
13 42 11
13 47 39
13 52 6
13 53 59
13 61 23
13 62 2
13 63 60
13 66 39
13 68 89
13 69 85
13 70 38
13 73 9
13 74 5
13 76 72
13 78 28
13 83 1
13 84 94
13 85 17
13 86 98
13 87 27
13 89 76
13 90 46
13 91 33
13 93 93
13 101 100
13 103 7
13 106 60
13 107 58
13 111 93
13 112 8
13 115 32
13 119 98
13 120 92
13 122 33
13 124 3
13 126 1
13 128 37
13 130 17
13 131 86
13 133 42
13 134 87
13 135 55
13 137 28
13 138 69
13 143 91
13 144 57
13 145 67
13 149 25
14 17 73
14 19 48
14 20 65
14 27 33
14 29 28
14 30 31
14 32 97
14 34 1
14 35 26
14 38 32
14 39 9
14 40 81
14 41 100
14 43 62
14 45 85
14 46 75
14 47 70
14 48 89
14 50 44
14 52 70
14 54 81
14 55 86
14 59 6
14 61 22
14 64 4
14 66 68
14 67 10
14 69 61
14 72 73
14 73 40
14 74 89
14 78 33
14 80 84
14 83 50
14 84 14
14 85 72
14 93 6
14 94 85
14 100 49
14 102 4
14 103 59
14 105 92
14 108 86
14 112 86
14 116 38
14 117 67
14 119 2
14 120 23
14 126 71
14 127 51
14 128 92
14 132 20
14 134 5
14 141 55
14 150 36
15 18 98
15 19 22
15 20 48
15 23 7
15 27 72
15 28 81
15 29 28
15 32 24
15 33 19
15 37 39
15 41 97
15 42 27
15 43 4
15 47 29
15 52 94
15 53 49
15 56 72
15 58 99
15 60 70
15 63 12
15 67 87
15 68 91
15 69 71
15 72 29
15 73 71
15 74 2
15 78 1
15 82 86
15 85 70
15 86 90
15 87 66
15 88 76
15 89 76
15 90 51
15 96 58
15 100 10
15 101 66
15 104 3
15 105 93
15 106 86
15 107 91
15 109 43
15 113 53
15 117 54
15 118 85
15 120 99
15 125 61
15 127 82
15 128 41
15 129 79
15 132 90
15 135 13
15 141 30
15 144 70
15 145 16
15 148 29
16 17 52
16 20 86
16 21 93
16 22 88
16 23 88
16 27 25
16 28 72
16 30 5
16 32 35
16 34 5
16 35 66
16 36 76
16 37 87
16 38 6
16 44 19
16 45 68
16 47 25
16 48 42
16 49 28
16 52 92
16 54 77
16 55 25
16 57 93
16 62 65
16 66 12
16 67 7
16 69 73
16 71 51
16 72 57
16 77 10
16 79 2
16 81 50
16 82 85
16 85 71
16 86 22
16 87 79
16 94 99
16 97 76
16 98 31
16 99 22
16 105 66
16 109 24
16 110 8
16 113 89
16 115 97
16 116 69
16 117 100
16 123 74
16 125 36
16 129 73
16 135 76
16 139 67
16 146 9
16 148 35
17 18 22
17 19 88
17 22 4
17 26 37
17 28 32
17 29 77
17 30 38
17 31 68
17 35 11
17 41 48
17 42 8
17 44 6
17 47 14
17 50 67
17 51 58
17 57 41
17 58 49
17 60 45
17 64 67
17 67 52
17 69 47
17 70 80
17 73 95
17 74 37
17 82 97
17 89 6
17 92 68
17 94 48
17 98 13
17 99 88
17 101 83
17 105 4
17 107 46
17 113 67
17 120 28
17 121 73
17 122 38
17 124 52
17 125 10
17 126 65
17 129 55
17 133 65
17 135 71
17 137 56
17 142 76
17 144 3
18 23 48
18 25 54
18 26 39
18 29 96
18 32 96
18 40 89
18 41 66
18 43 9
18 46 58
18 55 5
18 57 86
18 61 31
18 62 34
18 63 43
18 64 96
18 68 92
18 70 100
18 71 21
18 74 41
18 75 91
18 82 54
18 83 37
18 85 34
18 88 60
18 89 40
18 93 22
18 96 9
18 97 100
18 101 17
18 102 38
18 103 32
18 106 93
18 113 45
18 114 94
18 115 94
18 116 10
18 120 5
18 122 84
18 126 80
18 128 57
18 130 33
18 133 15
18 134 64
18 135 21
18 136 57
18 137 14
18 139 1
18 140 98
18 142 60
18 143 25
18 145 43
18 148 84
18 149 49
19 20 70
19 21 37
19 25 11
19 31 58
19 40 100
19 44 67
19 48 66
19 51 71
19 52 98
19 53 75
19 54 12
19 56 69
19 57 48
19 62 38
19 63 28
19 68 85
19 69 96
19 72 33
19 75 1
19 80 85
19 82 92
19 86 24
19 87 11
19 92 85
19 93 80
19 94 32
19 96 65
19 99 88
19 101 56
19 106 74
19 108 31
19 110 42
19 111 18
19 112 85
19 113 58
19 116 22
19 118 19
19 123 60
19 126 71
19 127 79
19 129 35
19 131 54
19 136 51
19 137 23
19 138 25
19 139 97
19 140 80
19 141 71
19 142 93
19 148 81
19 150 44
20 24 50
20 28 13
20 29 16
20 31 9
20 40 77
20 41 39
20 44 12
20 45 54
20 46 40
20 47 25
20 48 11
20 49 72
20 50 37
20 52 60
20 53 33
20 54 15
20 55 23
20 57 91
20 58 88
20 59 40
20 63 1
20 67 86
20 69 61
20 70 35
20 76 9
20 81 17
20 82 66
20 83 5
20 86 41
20 88 29
20 90 53
20 93 74
20 94 25
20 95 25
20 100 79
20 101 3
20 102 27
20 105 95
20 108 79
20 113 8
20 117 85
20 118 18
20 120 83
20 121 49
20 122 61
20 124 18
20 125 72
20 129 75
20 130 82
20 131 61
20 133 7
20 135 4
20 136 33
20 137 1
20 138 23
20 139 50
20 141 77
20 142 85
20 147 32
20 148 10
20 149 26
21 22 83
21 24 30
21 25 29
21 30 70
21 33 41
21 40 71
21 41 87
21 44 55
21 45 76
21 47 86
21 51 15
21 52 64
21 53 15
21 54 13
21 55 53
21 57 44
21 58 79
21 59 42
21 60 66
21 61 8
21 63 47
21 64 79
21 66 79
21 67 51
21 68 77
21 72 37
21 73 21
21 76 9
21 77 1
21 79 47
21 81 81
21 82 3
21 84 21
21 85 54
21 88 6
21 95 38
21 96 84
21 98 89
21 100 2
21 101 80
21 109 48
21 112 13
21 113 50
21 119 49
21 124 72
21 131 49
21 136 96
21 138 49
21 139 92
21 142 6
21 146 6
21 148 49
21 149 64
22 23 62
22 24 82
22 26 90
22 35 78
22 38 64
22 39 40
22 41 34
22 45 75
22 51 87
22 53 34
22 54 95
22 58 95
22 59 92
22 60 77
22 65 47
22 66 72
22 73 42
22 74 37
22 78 5
22 79 24
22 80 17
22 83 48
22 84 12
22 85 22
22 88 45
22 99 19
22 100 99
22 101 6
22 103 24
22 104 46
22 106 88
22 112 88
22 113 23
22 114 64
22 117 58
22 118 72
22 119 100
22 121 15
22 125 99
22 134 16
22 136 49
22 138 100
22 139 7
22 140 6
22 141 30
22 142 41
22 144 1
22 147 95
22 149 46
23 24 92
23 26 17
23 27 3
23 28 96
23 29 19
23 32 99
23 34 38
23 35 5
23 36 50
23 37 29
23 39 98
23 41 93
23 46 59
23 50 58
23 53 92
23 55 13
23 57 77
23 60 32
23 62 38
23 71 5
23 72 6
23 73 17
23 76 20
23 77 23
23 79 76
23 81 51
23 82 50
23 87 57
23 89 36
23 90 46
23 91 19
23 93 47
23 96 69
23 100 72
23 104 49
23 110 88
23 112 63
23 114 16
23 116 75
23 121 9
23 123 37
23 124 17
23 125 86
23 126 84
23 130 33
23 131 22
23 132 52
23 135 25
23 137 25
23 139 25
23 140 68
23 141 92
23 143 86
23 144 88
23 146 32
23 148 87
24 25 28
24 26 10
24 31 47
24 34 99
24 35 21
24 36 86
24 44 50
24 47 14
24 49 66
24 51 27
24 52 85
24 55 33
24 57 21
24 61 66
24 62 8
24 68 87
24 69 68
24 70 66
24 72 58
24 75 44
24 78 54
24 79 37
24 80 34
24 82 47
24 88 21
24 91 84
24 92 61
24 101 57
24 102 60
24 105 5
24 106 37
24 109 40
24 112 53
24 116 89
24 127 55
24 129 8
24 130 76
24 131 100
24 134 7
24 135 82
24 138 49
24 140 59
24 144 100
24 147 4
24 149 55
25 28 82
25 31 32
25 32 12
25 33 70
25 36 77
25 38 73
25 40 20
25 51 23
25 55 67
25 56 10
25 59 57
25 61 10
25 63 5
25 64 38
25 66 8
25 67 52
25 73 15
25 74 57
25 75 97
25 76 27
25 78 49
25 79 9
25 82 39
25 84 97
25 85 40
25 95 98
25 97 81
25 98 53
25 100 54
25 104 65
25 105 91
25 107 7
25 109 85
25 112 54
25 113 87
25 115 10
25 116 31
25 118 53
25 121 37
25 123 18
25 124 18
25 125 91
25 130 7
25 131 80
25 134 82
25 135 76
25 139 4
25 142 100
25 143 3
25 149 56
25 150 94
26 29 52
26 33 98
26 36 61
26 43 39
26 45 47
26 47 93
26 49 69
26 51 81
26 54 1
26 56 38
26 59 68
26 61 6
26 63 95
26 67 40
26 69 22
26 70 54
26 71 18
26 72 70
26 79 100
26 84 1
26 86 34
26 89 90
26 91 42
26 94 42
26 96 76
26 97 64
26 98 66
26 103 99
26 104 95
26 105 26
26 109 67
26 115 100
26 120 16
26 126 25
26 128 11
26 131 82
26 137 40
26 145 44
26 146 76
26 148 18
26 150 99
27 28 91
27 29 47
27 31 88
27 37 74
27 40 76
27 45 53
27 48 67
27 51 74
27 58 6
27 59 35
27 60 50
27 61 61
27 64 58
27 66 51
27 70 18
27 71 8
27 72 86
27 73 61
27 74 86
27 78 80
27 80 77
27 81 38
27 82 84
27 85 90
27 90 64
27 91 85
27 92 32
27 93 23
27 95 2
27 97 36
27 103 37
27 104 23
27 105 68
27 107 69
27 110 98
27 112 9
27 113 91
27 114 45
27 119 18
27 122 29
27 123 29
27 126 10
27 127 80
27 128 53
27 129 26
27 134 90
27 136 31
27 137 16
27 139 51
27 141 99
27 149 6
28 32 81
28 33 23
28 34 90
28 35 88
28 36 45
28 38 75
28 40 15
28 41 46
28 42 58
28 44 100
28 46 25
28 47 51
28 49 53
28 50 58
28 52 21
28 57 66
28 58 80
28 63 67
28 68 26
28 69 66
28 72 44
28 74 99
28 75 4
28 76 29
28 78 14
28 79 37
28 80 58
28 81 22
28 82 4
28 89 51
28 90 56
28 91 73
28 93 89
28 96 62
28 97 12
28 98 10
28 99 39
28 100 65
28 103 23
28 106 40
28 108 27
28 110 59
28 111 62
28 116 83
28 119 90
28 122 33
28 126 17
28 129 34
28 138 38
28 139 98
28 140 29
28 141 20
28 142 87
28 146 94
28 147 8
29 30 8
29 35 55
29 38 96
29 39 53
29 40 37
29 43 42
29 46 26
29 51 44
29 52 86
29 54 6
29 58 10
29 60 24
29 62 1
29 65 83
29 66 64
29 76 83
29 79 78
29 80 10
29 81 9
29 82 62
29 84 72
29 87 49
29 88 1
29 89 27
29 92 61
29 94 54
29 95 81
29 96 65
29 100 51
29 101 70
29 106 13
29 107 87
29 111 95
29 112 38
29 113 57
29 114 43
29 115 51
29 119 98
29 121 4
29 122 23
29 123 95
29 125 12
29 127 95
29 129 16
29 133 49
29 136 56
29 143 4
29 145 71
29 146 27
29 147 54
29 148 73
30 36 49
30 38 39
30 43 91
30 44 38
30 45 39
30 48 9
30 53 26
30 54 51
30 56 60
30 58 14
30 60 38
30 66 91
30 67 59
30 70 31
30 73 76
30 74 51
30 80 21
30 82 47
30 83 41
30 85 21
30 86 94
30 90 96
30 91 22
30 92 86
30 96 4
30 97 61
30 99 30
30 100 83
30 105 68
30 110 41
30 113 27
30 123 13
30 124 15
30 126 43
30 132 81
30 133 47
30 138 76
30 145 21
30 146 56
30 150 71
31 32 61
31 37 26
31 40 1
31 41 58
31 42 28
31 43 35
31 44 7
31 46 79
31 51 21
31 53 73
31 55 76
31 57 57
31 58 9
31 61 23
31 62 36
31 63 11
31 65 15
31 66 10
31 68 13
31 70 86
31 74 87
31 75 86
31 77 50
31 81 71
31 82 48
31 86 15
31 92 81
31 93 91
31 95 33
31 98 100
31 104 70
31 105 64
31 108 73
31 109 46
31 111 84
31 115 79
31 117 68
31 119 9
31 122 32
31 125 95
31 126 9
31 128 1
31 132 2
31 134 28
31 139 78
31 142 31
31 143 63
31 146 71
31 148 32
31 149 82
31 150 79
32 33 36
32 37 38
32 38 80
32 39 62
32 42 86
32 48 85
32 49 90
32 50 48
32 55 97
32 58 57
32 59 93
32 61 98
32 62 7
32 67 40
32 68 46
32 70 17
32 71 54
32 73 96
32 74 58
32 75 34
32 76 38
32 77 58
32 83 12
32 87 95
32 90 30
32 93 44
32 94 10
32 95 99
32 98 11
32 99 36
32 101 3
32 102 94
32 106 7
32 107 1
32 108 73
32 109 18
32 110 91
32 111 16
32 113 3
32 115 30
32 117 56
32 123 21
32 125 5
32 129 82
32 131 33
32 135 28
32 136 96
32 137 55
32 139 20
32 140 66
32 141 59
32 142 60
32 148 31
33 34 89
33 35 96
33 39 30
33 41 5
33 44 40
33 51 43
33 52 88
33 54 77
33 57 8
33 59 86
33 60 20
33 65 32
33 66 84
33 67 69
33 68 71
33 70 69
33 74 81
33 75 24
33 76 63
33 78 66
33 80 45
33 82 91
33 85 42
33 87 82
33 88 97
33 89 49
33 93 2
33 96 52
33 98 86
33 99 40
33 101 83
33 104 4
33 106 97
33 111 32
33 113 67
33 114 99
33 116 89
33 117 7
33 118 2
33 119 98
33 120 28
33 121 26
33 126 68
33 130 77
33 134 43
33 135 96
33 136 53
33 138 65
33 145 58
33 147 62
33 149 1
33 150 37
34 35 34
34 36 3
34 37 57
34 38 70
34 39 3
34 40 21
34 45 92
34 46 54
34 48 89
34 56 23
34 57 21
34 62 56
34 66 93
34 68 71
34 69 43
34 71 58
34 73 71
34 75 74
34 79 2
34 80 16
34 81 91
34 85 52
34 87 56
34 90 95
34 91 48
34 93 65
34 94 44
34 97 11
34 100 100
34 103 90
34 105 87
34 110 30
34 117 38
34 119 4
34 121 52
34 122 27
34 123 69
34 125 53
34 126 76
34 130 77
34 137 82
34 138 86
34 139 16
34 140 12
34 150 43
35 38 48
35 41 37
35 42 89
35 46 74
35 47 40
35 48 11
35 53 90
35 54 21
35 56 58
35 62 95
35 63 79
35 65 21
35 66 4
35 67 4
35 68 11
35 74 85
35 75 93
35 77 96
35 79 63
35 81 60
35 82 51
35 88 40
35 94 65
35 95 61
35 97 33
35 98 51
35 101 26
35 102 50
35 103 58
35 104 23
35 105 75
35 108 38
35 111 24
35 113 61
35 116 93
35 117 59
35 120 36
35 122 31
35 124 48
35 126 46
35 131 10
35 136 33
35 137 86
35 138 5
35 139 19
35 141 64
35 147 83
35 148 84
35 150 45
36 37 58
36 40 86
36 41 90
36 44 34
36 45 74
36 49 81
36 52 6
36 54 67
36 57 19
36 60 80
36 64 63
36 65 88
36 67 33
36 68 81
36 70 44
36 73 10
36 74 77
36 76 29
36 77 40
36 78 100
36 79 68
36 80 38
36 81 17
36 83 12
36 84 61
36 87 50
36 90 67
36 92 96
36 94 47
36 98 17
36 106 13
36 107 77
36 109 20
36 114 85
36 116 8
36 118 36
36 119 17
36 122 14
36 124 33
36 126 62
36 127 1
36 130 32
36 132 25
36 133 15
36 134 21
36 135 13
36 136 35
36 141 27
36 144 78
36 145 43
36 148 63
36 149 38
36 150 71
37 38 36
37 39 82
37 45 89
37 46 1
37 49 72
37 54 97
37 55 99
37 57 12
37 58 8
37 60 24
37 62 58
37 63 71
37 65 14
37 68 8
37 69 93
37 70 64
37 77 97
37 79 59
37 80 9
37 82 93
37 83 73
37 85 96
37 86 85
37 89 87
37 91 70
37 93 25
37 94 29
37 97 64
37 99 11
37 100 32
37 102 89
37 107 93
37 109 45
37 111 26
37 118 33
37 119 77
37 121 51
37 122 96
37 123 50
37 125 68
37 126 21
37 127 64
37 128 63
37 133 62
37 138 60
37 139 8
37 145 44
37 146 10
37 148 94
38 40 49
38 44 66
38 45 37
38 46 28
38 50 4
38 53 56
38 54 65
38 55 51
38 62 70
38 68 19
38 74 10
38 75 59
38 79 7
38 80 11
38 82 44
38 83 99
38 84 89
38 87 86
38 89 80
38 93 90
38 95 10
38 107 45
38 108 81
38 109 66
38 111 78
38 118 46
38 119 31
38 120 30
38 122 73
38 124 85
38 125 54
38 128 71
38 130 19
38 131 58
38 139 7
38 143 50
38 145 42
38 146 11
38 148 33
38 150 36
39 40 18
39 42 66
39 44 59
39 45 72
39 49 77
39 50 79
39 53 18
39 57 51
39 59 98
39 60 98
39 65 12
39 67 43
39 68 13
39 72 83
39 75 90
39 76 98
39 78 92
39 79 75
39 93 13
39 94 77
39 95 61
39 100 81
39 103 65
39 104 80
39 107 7
39 109 87
39 111 43
39 113 99
39 116 31
39 118 95
39 119 71
39 122 17
39 125 39
39 129 50
39 130 60
39 133 15
39 135 74
39 139 84
39 142 1
39 143 82
39 148 100
39 149 2
39 150 55
40 41 37
40 42 22
40 44 53
40 47 30
40 48 69
40 49 100
40 50 18
40 51 81
40 53 13
40 57 89
40 60 88
40 63 21
40 64 93
40 65 21
40 67 78
40 68 61
40 69 78
40 70 95
40 71 77
40 72 33
40 73 57
40 79 61
40 82 74
40 83 84
40 85 19
40 88 78
40 97 93
40 99 43
40 100 73
40 101 4
40 104 18
40 106 89
40 107 42
40 108 63
40 109 66
40 113 33
40 116 61
40 119 88
40 120 31
40 121 86
40 124 37
40 125 93
40 128 20
40 129 21
40 130 38
40 137 50
40 139 35
40 140 11
40 142 38
40 143 58
40 145 52
40 148 37
40 150 94
41 43 55
41 44 3
41 45 43
41 50 25
41 51 5
41 53 59
41 56 87
41 57 27
41 59 63
41 60 18
41 61 78
41 62 40
41 64 81
41 69 38
41 72 95
41 73 28
41 77 20
41 78 97
41 79 48
41 80 91
41 81 19
41 84 54
41 85 14
41 86 17
41 87 37
41 90 89
41 91 36
41 92 1
41 108 29
41 111 44
41 113 63
41 114 96
41 118 74
41 129 90
41 133 63
41 135 100
41 139 81
41 142 33
41 144 71
41 145 90
41 149 64
42 45 11
42 49 24
42 53 41
42 55 68
42 59 63
42 60 60
42 64 92
42 67 34
42 68 92
42 73 97
42 79 64
42 80 35
42 82 60
42 83 3
42 84 58
42 86 44
42 87 15
42 89 19
42 92 76
42 95 62
42 101 84
42 102 79
42 109 49
42 114 61
42 116 93
42 120 83
42 122 57
42 123 35
42 127 11
42 129 20
42 131 22
42 132 74
42 133 84
42 134 85
42 135 89
42 143 59
42 144 90
42 145 72
42 149 95
43 44 48
43 45 1
43 47 84
43 49 18
43 52 20
43 54 36
43 55 29
43 60 4
43 61 46
43 62 67
43 64 89
43 68 26
43 69 9
43 71 32
43 72 59
43 75 41
43 78 7
43 82 53
43 84 85
43 86 85
43 89 76
43 90 14
43 93 58
43 96 18
43 98 87
43 101 16
43 105 75
43 107 61
43 109 14
43 110 39
43 111 88
43 112 29
43 114 56
43 115 18
43 120 100
43 121 58
43 126 32
43 129 76
43 130 11
43 133 22
43 135 65
43 137 12
43 139 91
43 141 47
43 143 83
43 144 6
43 146 9
43 147 94
44 46 22
44 47 93
44 48 84
44 49 73
44 52 38
44 54 27
44 55 32
44 56 10
44 58 19
44 60 98
44 63 75
44 67 27
44 70 1
44 72 7
44 75 42
44 78 32
44 81 83
44 82 43
44 83 48
44 88 67
44 92 24
44 97 48
44 98 89
44 102 14
44 104 23
44 107 44
44 109 53
44 110 95
44 111 97
44 112 19
44 113 97
44 118 20
44 121 44
44 125 7
44 126 71
44 128 13
44 129 31
44 130 9
44 133 34
44 135 11
44 136 87
44 138 52
44 139 63
44 140 9
44 143 3
44 144 76
44 145 81
44 147 39
44 148 15
45 49 63
45 51 63
45 53 46
45 59 71
45 61 100
45 62 96
45 67 48
45 68 66
45 69 62
45 72 35
45 77 2
45 81 89
45 82 91
45 84 16
45 87 35
45 90 60
45 92 7
45 94 68
45 103 21
45 105 52
45 106 28
45 108 92
45 112 100
45 116 76
45 119 22
45 120 72
45 121 52
45 124 45
45 127 15
45 130 7
45 132 93
45 138 91
45 143 62
45 146 25
45 147 85
46 47 13
46 49 13
46 51 22
46 52 11
46 56 97
46 59 73
46 60 13
46 63 99
46 65 71
46 66 77
46 72 86
46 75 76
46 78 58
46 79 82
46 86 38
46 88 36
46 89 90
46 91 88
46 92 15
46 95 22
46 96 11
46 97 97
46 99 6
46 101 50
46 105 62
46 106 75
46 107 33
46 109 54
46 111 97
46 112 36
46 114 68
46 115 96
46 116 82
46 120 46
46 122 40
46 125 33
46 126 31
46 129 50
46 130 30
46 132 87
46 139 85
46 140 12
46 141 40
46 142 84
46 143 12
46 146 1
46 148 69
46 150 97
47 51 77
47 52 89
47 53 29
47 54 10
47 55 27
47 61 37
47 64 40
47 65 35
47 66 38
47 68 74
47 69 78
47 70 60
47 72 82
47 73 22
47 74 45
47 78 32
47 79 18
47 81 29
47 82 76
47 85 94
47 86 29
47 90 11
47 92 32
47 95 76
47 98 81
47 102 51
47 103 30
47 104 86
47 105 22
47 107 8
47 109 67
47 110 40
47 114 42
47 115 12
47 122 14
47 124 36
47 132 95
47 134 66
47 137 3
47 141 10
47 142 64
47 144 82
47 148 84
48 50 55
48 51 74
48 54 97
48 55 48
48 56 38
48 60 63
48 62 63
48 65 62
48 66 27
48 73 80
48 75 51
48 77 99
48 80 22
48 83 18
48 85 99
48 87 35
48 89 46
48 90 52
48 93 48
48 95 97
48 98 71
48 99 94
48 100 55
48 106 62
48 107 18
48 121 27
48 122 33
48 126 43
48 129 7
48 132 81
48 133 4
48 138 47
48 140 37
48 144 70
48 146 20
48 150 2
49 50 10
49 52 47
49 53 55
49 54 92
49 55 31
49 56 39
49 57 83
49 59 35
49 62 93
49 63 58
49 64 71
49 66 5
49 73 26
49 74 27
49 75 50
49 77 36
49 80 15
49 83 17
49 87 69
49 89 30
49 91 85
49 92 65
49 93 71
49 95 67
49 98 77
49 100 64
49 101 40
49 104 60
49 106 19
49 109 52
49 111 5
49 112 47
49 114 88
49 115 80
49 121 57
49 122 64
49 123 11
49 127 90
49 128 75
49 135 88
49 136 17
49 140 24
49 142 32
49 145 67
49 146 26
49 148 39
49 149 69
49 150 12
50 52 16
50 56 6
50 59 71
50 62 9
50 64 26
50 65 5
50 67 100
50 68 39
50 71 37
50 72 69
50 74 48
50 75 58
50 76 33
50 78 62
50 83 89
50 86 53
50 87 56
50 89 22
50 90 25
50 94 38
50 96 60
50 97 74
50 98 14
50 99 22
50 100 10
50 101 62
50 108 43
50 109 81
50 112 9
50 113 100
50 116 53
50 119 93
50 124 77
50 125 49
50 128 96
50 131 45
50 132 13
50 133 3
50 136 51
50 137 60
50 139 67
50 140 72
50 143 19
50 145 85
50 149 13
51 56 33
51 61 82
51 62 63
51 63 36
51 65 77
51 71 69
51 72 67
51 74 94
51 77 45
51 78 15
51 80 84
51 83 35
51 84 95
51 86 70
51 88 21
51 89 4
51 94 73
51 98 99
51 105 47
51 106 73
51 108 73
51 110 86
51 111 84
51 114 80
51 119 58
51 121 75
51 123 98
51 124 42
51 126 57
51 127 67
51 130 8
51 133 86
51 135 22
51 139 44
51 140 17
51 143 62
51 144 75
51 145 95
51 149 96
52 55 1
52 57 52
52 58 21
52 60 57
52 61 94
52 63 96
52 65 59
52 66 19
52 69 23
52 71 28
52 72 28
52 74 77
52 75 75
52 78 76
52 79 33
52 82 18
52 87 19
52 88 22
52 93 92
52 99 2
52 102 4
52 105 96
52 106 91
52 108 9
52 110 67
52 116 72
52 120 36
52 122 58
52 124 99
52 128 75
52 129 62
52 130 54
52 131 73
52 133 40
52 134 68
52 135 90
52 138 20
52 144 39
52 145 60
52 148 31
52 149 49
53 55 2
53 61 100
53 65 82
53 70 26
53 72 100
53 73 12
53 75 41
53 77 24
53 78 71
53 81 37
53 83 68
53 84 22
53 95 66
53 97 80
53 103 47
53 113 36
53 114 24
53 115 6
53 116 7
53 118 35
53 121 99
53 122 12
53 126 56
53 129 33
53 131 71
53 134 59
53 135 40
53 137 88
53 140 73
53 141 89
53 144 37
53 145 62
53 148 57
54 56 57
54 58 6
54 61 27
54 64 45
54 66 6
54 67 91
54 71 87
54 73 72
54 75 16
54 77 78
54 79 53
54 81 81
54 83 95
54 84 76
54 85 52
54 86 95
54 90 22
54 92 68
54 94 7
54 102 48
54 103 65
54 104 28
54 109 95
54 112 97
54 119 88
54 126 60
54 127 73
54 129 95
54 131 52
54 133 65
54 135 27
54 136 79
54 139 17
54 141 80
54 142 80
54 147 72
54 148 10
54 150 44
55 56 29
55 57 37
55 58 3
55 59 92
55 62 45
55 65 94
55 69 91
55 70 42
55 71 50
55 72 96
55 74 6
55 78 35
55 80 76
55 81 27
55 82 69
55 88 81
55 96 44
55 101 54
55 103 93
55 104 81
55 105 5
55 107 14
55 109 91
55 110 83
55 114 1
55 116 78
55 118 34
55 120 100
55 121 21
55 122 62
55 129 63
55 130 13
55 133 92
55 134 60
55 138 85
55 139 38
55 140 2
55 141 100
55 144 59
55 146 74
55 149 68
55 150 61
56 57 78
56 59 9
56 63 83
56 66 34
56 72 100
56 76 75
56 87 2
56 89 79
56 90 64
56 92 67
56 93 4
56 95 20
56 97 51
56 100 77
56 102 37
56 103 4
56 104 23
56 110 43
56 112 34
56 113 17
56 114 80
56 115 78
56 116 68
56 117 77
56 118 28
56 119 97
56 120 42
56 123 60
56 124 63
56 126 24
56 127 79
56 128 27
56 131 70
56 132 17
56 133 52
56 135 87
56 136 7
56 137 47
56 140 61
56 142 19
56 143 2
56 144 18
56 148 100
56 150 20
57 65 15
57 67 48
57 68 24
57 69 43
57 71 24
57 72 68
57 76 63
57 79 100
57 85 75
57 87 67
57 90 37
57 91 45
57 102 15
57 103 5
57 105 42
57 106 81
57 107 25
57 120 60
57 122 89
57 124 54
57 127 96
57 128 84
57 131 28
57 133 91
57 137 88
57 141 72
57 142 20
57 143 58
57 148 98
58 59 5
58 62 49
58 65 69
58 68 3
58 69 42
58 71 30
58 76 43
58 77 66
58 84 18
58 85 94
58 91 53
58 94 39
58 99 8
58 104 36
58 105 47
58 106 56
58 109 63
58 113 34
58 115 8
58 123 64
58 125 47
58 127 28
58 132 23
58 139 73
58 141 78
58 145 10
58 146 49
58 149 65
59 62 78
59 69 42
59 70 20
59 75 68
59 78 93
59 80 39
59 85 100
59 90 60
59 94 10
59 95 39
59 96 37
59 103 92
59 105 25
59 106 80
59 107 52
59 117 11
59 124 26
59 127 32
59 130 97
59 132 85
59 133 71
59 134 70
59 135 10
59 136 44
59 137 13
59 138 3
59 139 45
59 146 28
59 147 44
60 61 88
60 63 78
60 66 41
60 67 14
60 75 19
60 78 31
60 90 74
60 92 2
60 93 82
60 94 85
60 95 85
60 99 5
60 101 59
60 106 66
60 111 46
60 112 95
60 114 10
60 117 95
60 119 72
60 120 14
60 123 16
60 124 76
60 125 7
60 128 70
60 129 15
60 130 13
60 131 9
60 133 47
60 135 6
60 140 23
60 141 85
60 143 72
60 145 15
60 150 4
61 64 31
61 72 2
61 76 6
61 79 27
61 80 72
61 85 1
61 86 99
61 87 71
61 90 74
61 91 12
61 96 41
61 97 52
61 101 96
61 104 12
61 105 51
61 109 9
61 115 37
61 116 26
61 117 89
61 120 23
61 122 44
61 134 27
61 137 41
61 138 15
61 141 14
61 146 84
61 147 13
61 148 94
61 150 23
62 64 18
62 66 73
62 67 59
62 68 43
62 69 57
62 72 90
62 75 76
62 79 90
62 80 72
62 85 47
62 91 34
62 95 25
62 101 58
62 103 91
62 105 48
62 109 65
62 110 59
62 112 73
62 116 63
62 118 74
62 122 60
62 123 1
62 139 39
62 143 58
62 145 36
62 148 93
62 149 4
63 65 69
63 67 40
63 69 13
63 71 17
63 72 83
63 74 63
63 76 45
63 77 20
63 78 1
63 80 12
63 81 5
63 83 54
63 84 30
63 87 26
63 93 71
63 96 68
63 101 94
63 103 6
63 106 10
63 108 33
63 110 95
63 115 8
63 119 91
63 127 71
63 130 93
63 131 73
63 135 88
63 137 15
63 138 54
63 139 72
63 140 57
63 146 16
64 67 24
64 70 63
64 71 34
64 74 19
64 82 100
64 85 69
64 86 100
64 87 83
64 89 85
64 91 68
64 92 70
64 96 67
64 99 40
64 100 71
64 101 66
64 102 37
64 104 58
64 105 97
64 106 34
64 108 45
64 109 28
64 112 18
64 118 36
64 119 3
64 121 2
64 123 49
64 125 17
64 128 84
64 129 24
64 131 57
64 133 34
64 135 38
64 136 65
64 139 21
64 147 96
64 149 20
64 150 56
65 66 38
65 67 71
65 71 77
65 72 13
65 75 63
65 79 8
65 81 46
65 86 32
65 88 46
65 89 9
65 90 99
65 91 2
65 92 33
65 93 25
65 95 59
65 97 82
65 99 57
65 100 100
65 105 28
65 109 13
65 113 33
65 115 87
65 117 71
65 120 49
65 122 71
65 128 8
65 131 21
65 135 83
65 137 67
65 140 73
65 143 51
65 144 61
65 149 96
66 70 68
66 72 61
66 73 86
66 75 31
66 76 42
66 78 97
66 79 39
66 80 19
66 82 88
66 84 16
66 88 7
66 89 56
66 93 30
66 94 12
66 95 90
66 97 8
66 98 53
66 100 68
66 108 17
66 109 66
66 112 39
66 118 83
66 119 2
66 123 28
66 124 62
66 131 92
66 132 27
66 133 19
66 134 47
66 136 86
66 138 33
66 139 31
66 142 75
66 143 79
66 144 72
66 145 49
66 149 6
66 150 47
67 68 18
67 69 20
67 70 20
67 71 2
67 72 80
67 75 26
67 76 18
67 77 32
67 78 15
67 81 60
67 83 81
67 86 94
67 89 34
67 90 98
67 92 11
67 93 32
67 95 9
67 96 2
67 97 69
67 101 51
67 102 68
67 104 54
67 105 6
67 110 33
67 111 57
67 112 88
67 113 81
67 114 8
67 122 20
67 130 72
67 133 41
67 137 16
67 139 7
67 141 63
67 143 66
67 144 79
67 147 19
67 148 58
68 70 28
68 73 8
68 77 14
68 83 25
68 85 61
68 87 94
68 89 6
68 93 73
68 95 89
68 96 61
68 97 72
68 99 41
68 101 34
68 103 20
68 108 11
68 110 98
68 111 100
68 112 9
68 113 22
68 118 90
68 121 11
68 122 89
68 125 28
68 133 31
68 136 43
68 137 26
68 143 81
69 72 70
69 76 98
69 78 14
69 81 84
69 84 87
69 86 17
69 90 30
69 92 90
69 95 1
69 96 88
69 97 83
69 98 93
69 100 93
69 101 20
69 103 36
69 105 18
69 107 85
69 108 69
69 111 34
69 112 22
69 115 54
69 120 86
69 123 11
69 124 62
69 126 70
69 128 14
69 132 70
69 136 14
69 137 98
69 139 42
69 140 76
69 143 60
69 144 72
69 147 5
70 71 45
70 72 56
70 74 79
70 75 58
70 77 57
70 79 97
70 81 59
70 87 85
70 90 56
70 91 95
70 94 40
70 100 60
70 106 67
70 108 25
70 110 19
70 111 49
70 113 42
70 115 1
70 116 51
70 119 1
70 123 21
70 124 90
70 125 54
70 126 92
70 127 59
70 128 59
70 132 82
70 133 22
70 137 97
70 139 88
70 141 60
70 145 88
70 146 76
70 147 42
70 149 13
71 72 92
71 73 57
71 74 15
71 77 96
71 78 89
71 81 58
71 82 67
71 83 16
71 85 89
71 87 38
71 88 85
71 89 30
71 91 90
71 92 40
71 93 66
71 94 74
71 95 58
71 97 18
71 99 43
71 100 84
71 104 18
71 105 10
71 106 6
71 108 82
71 109 83
71 112 8
71 115 37
71 116 15
71 118 4
71 119 78
71 121 28
71 122 1
71 124 71
71 127 27
71 128 29
71 132 64
71 134 44
71 135 32
71 136 68
71 137 48
71 141 71
71 143 88
71 147 70
71 148 50
71 149 88
72 77 92
72 78 32
72 79 79
72 80 71
72 84 87
72 85 86
72 86 64
72 89 93
72 90 90
72 92 5
72 93 21
72 95 73
72 96 80
72 101 49
72 104 3
72 107 30
72 111 34
72 113 45
72 115 2
72 123 51
72 124 75
72 125 36
72 127 32
72 130 33
72 135 93
72 136 82
72 140 45
72 142 79
72 144 22
72 149 51
73 74 12
73 75 48
73 77 82
73 78 42
73 80 46
73 81 56
73 82 73
73 90 89
73 95 56
73 97 17
73 107 18
73 108 60
73 111 77
73 113 31
73 114 88
73 115 92
73 116 75
73 118 13
73 123 20
73 132 91
73 137 92
73 142 91
73 143 88
73 144 17
73 147 95
73 148 93
74 77 32
74 78 96
74 84 45
74 85 56
74 86 53
74 87 89
74 91 27
74 92 67
74 101 23
74 106 47
74 108 93
74 109 66
74 111 27
74 112 13
74 119 97
74 125 97
74 127 93
74 128 39
74 129 83
74 132 20
74 133 38
74 135 51
74 136 95
74 137 14
74 140 23
74 142 71
74 143 68
74 148 23
75 80 32
75 84 67
75 85 16
75 89 78
75 90 51
75 92 83
75 95 31
75 97 80
75 99 3
75 100 22
75 101 10
75 105 1
75 106 83
75 111 66
75 112 16
75 114 66
75 116 16
75 119 87
75 120 55
75 121 13
75 124 26
75 132 32
75 133 65
75 134 2
75 139 28
75 142 85
75 145 98
75 148 73
76 77 91
76 85 56
76 86 43
76 87 71
76 89 99
76 91 71
76 95 77
76 96 68
76 102 50
76 103 22
76 106 80
76 108 38
76 109 20
76 112 83
76 115 28
76 116 56
76 121 36
76 127 77
76 132 45
76 133 26
76 135 62
76 138 82
76 146 21
76 148 66
77 79 74
77 82 78
77 84 23
77 86 57
77 89 40
77 90 55
77 92 1
77 96 51
77 101 20
77 104 60
77 105 27
77 106 13
77 107 65
77 109 94
77 112 31
77 115 76
77 117 17
77 118 78
77 121 4
77 122 2
77 123 41
77 124 17
77 129 15
77 134 97
77 139 99
77 141 95
77 143 53
77 146 9
77 148 94
77 150 31
78 81 76
78 84 99
78 85 46
78 86 38
78 88 79
78 91 40
78 92 17
78 93 47
78 96 6
78 97 78
78 99 82
78 101 80
78 102 10
78 103 3
78 105 4
78 108 39
78 109 46
78 113 87
78 126 47
78 127 35
78 128 21
78 129 17
78 130 12
78 132 43
78 133 26
78 136 25
78 143 81
78 145 87
78 146 23
78 150 77
79 81 56
79 82 58
79 84 99
79 86 72
79 94 20
79 95 85
79 96 83
79 98 50
79 100 96
79 102 85
79 104 92
79 105 51
79 107 84
79 108 43
79 110 55
79 112 41
79 120 59
79 121 6
79 124 58
79 125 13
79 127 21
79 132 94
79 133 55
79 139 59
79 140 49
79 142 72
79 146 88
79 148 41
80 83 10
80 84 66
80 89 39
80 91 41
80 93 70
80 94 77
80 97 57
80 102 71
80 103 13
80 104 41
80 106 94
80 109 43
80 110 36
80 111 53
80 112 88
80 114 82
80 120 90
80 122 17
80 129 76
80 132 70
80 133 4
80 134 93
80 136 67
80 145 39
80 146 34
81 85 62
81 86 32
81 87 32
81 91 42
81 92 4
81 93 87
81 96 23
81 98 77
81 99 83
81 101 42
81 106 73
81 107 50
81 113 78
81 117 7
81 119 48
81 121 4
81 125 40
81 126 6
81 128 36
81 129 91
81 130 18
81 131 34
81 132 87
81 134 62
81 136 81
81 138 29
81 139 44
81 140 16
81 141 5
81 145 8
81 146 40
81 147 59
81 149 79
82 85 17
82 87 58
82 89 96
82 92 42
82 94 52
82 98 24
82 99 75
82 101 68
82 106 44
82 109 11
82 111 6
82 113 75
82 114 42
82 115 24
82 116 81
82 117 61
82 120 29
82 122 24
82 123 71
82 128 99
82 131 72
82 132 28
82 133 23
82 134 75
82 135 100
82 139 67
82 145 19
82 146 11
83 84 83
83 90 100
83 92 95
83 94 4
83 95 84
83 99 20
83 102 76
83 103 17
83 105 74
83 106 49
83 109 88
83 111 96
83 113 83
83 115 66
83 118 59
83 123 47
83 126 8
83 127 28
83 128 99
83 129 28
83 131 51
83 134 8
83 135 74
83 137 62
83 138 95
83 140 67
83 141 83
83 146 89
83 147 84
84 86 30
84 88 71
84 92 66
84 93 61
84 94 3
84 96 24
84 97 17
84 99 4
84 100 90
84 103 80
84 105 21
84 107 15
84 110 90
84 113 39
84 115 40
84 116 90
84 119 29
84 121 29
84 122 26
84 124 47
84 126 87
84 129 52
84 130 75
84 131 16
84 133 29
84 134 82
84 138 79
84 139 15
84 142 75
84 144 75
84 148 99
84 150 11
85 86 80
85 88 95
85 89 67
85 93 95
85 101 60
85 110 2
85 111 46
85 115 79
85 116 61
85 117 2
85 118 53
85 119 89
85 120 97
85 124 61
85 128 32
85 129 11
85 135 4
85 136 55
85 139 62
85 146 82
85 147 34
85 148 70
86 88 18
86 89 84
86 90 57
86 91 53
86 96 89
86 101 80
86 107 27
86 109 70
86 112 10
86 113 42
86 115 7
86 119 64
86 121 76
86 125 88
86 128 49
86 131 50
86 132 41
86 134 35
86 135 21
86 137 15
86 140 56
86 149 47
87 91 71
87 95 6
87 99 42
87 100 20
87 101 62
87 105 77
87 109 72
87 110 48
87 112 64
87 113 32
87 115 53
87 117 68
87 118 91
87 121 23
87 126 69
87 128 47
87 138 77
87 139 99
87 142 37
87 143 95
87 147 5
87 150 57
88 90 99
88 93 64
88 94 40
88 97 35
88 98 70
88 100 40
88 101 6
88 102 23
88 103 76
88 104 22
88 105 46
88 106 50
88 108 68
88 110 63
88 113 41
88 117 97
88 125 47
88 126 21
88 127 93
88 129 26
88 130 13
88 131 1
88 132 28
88 133 94
88 135 82
88 140 80
88 142 8
88 145 13
88 148 30
88 149 31
88 150 99
89 90 95
89 95 6
89 96 99
89 98 42
89 100 38
89 110 20
89 113 99
89 115 84
89 116 68
89 119 24
89 122 50
89 123 22
89 124 69
89 125 19
89 126 54
89 128 53
89 130 60
89 134 66
89 135 89
89 136 56
89 138 24
89 141 93
89 143 6
89 144 65
89 145 39
90 91 18
90 92 49
90 94 9
90 99 24
90 100 26
90 101 44
90 107 83
90 110 95
90 112 19
90 114 11
90 117 41
90 122 17
90 123 91
90 125 30
90 126 10
90 128 62
90 130 27
90 131 66
90 136 78
90 137 44
90 140 14
90 148 39
90 150 21
91 93 21
91 96 72
91 97 38
91 98 89
91 104 61
91 106 42
91 109 49
91 113 55
91 114 88
91 115 36
91 116 67
91 117 55
91 120 1
91 121 27
91 125 38
91 126 96
91 130 5
91 131 51
91 133 21
91 137 21
91 139 52
91 146 35
91 150 13
92 93 84
92 94 100
92 98 20
92 100 74
92 101 38
92 103 81
92 105 73
92 106 68
92 109 84
92 112 42
92 113 14
92 114 59
92 120 42
92 123 85
92 125 64
92 128 20
92 129 80
92 130 17
92 133 68
92 135 62
92 137 53
92 138 44
92 140 30
92 142 66
92 146 66
92 148 90
92 150 26
93 95 23
93 98 73
93 105 26
93 106 50
93 107 88
93 108 4
93 109 70
93 110 73
93 112 81
93 114 10
93 118 90
93 119 33
93 120 13
93 121 89
93 122 46
93 127 67
93 128 33
93 129 45
93 136 55
93 142 65
93 144 47
93 148 58
94 95 62
94 98 71
94 100 30
94 101 65
94 102 63
94 103 52
94 105 59
94 107 15
94 108 27
94 110 38
94 111 5
94 115 65
94 117 43
94 118 64
94 120 18
94 124 21
94 128 34
94 131 63
94 132 17
94 133 45
94 136 58
94 142 66
94 143 35
94 144 47
94 145 32
94 147 59
94 148 83
94 149 77
94 150 98
95 97 11
95 99 88
95 106 28
95 108 64
95 109 91
95 112 68
95 117 70
95 123 49
95 125 40
95 127 93
95 129 16
95 130 22
95 132 53
95 133 49
95 140 99
95 142 66
95 143 41
95 144 32
95 149 76
96 97 55
96 103 70
96 104 60
96 108 92
96 109 59
96 115 5
96 116 55
96 117 63
96 118 20
96 122 75
96 125 19
96 128 49
96 133 80
96 135 58
96 136 63
96 141 37
96 144 46
96 145 67
96 146 85
96 148 47
97 99 89
97 103 61
97 104 2
97 105 65
97 107 68
97 108 54
97 109 65
97 110 99
97 111 34
97 113 3
97 115 45
97 120 24
97 123 93
97 124 64
97 127 65
97 128 7
97 130 66
97 131 15
97 134 79
97 135 100
97 136 5
97 137 72
97 138 75
97 139 31
97 144 27
97 145 37
97 146 26
98 102 13
98 103 72
98 104 53
98 106 50
98 107 84
98 109 49
98 113 46
98 118 72
98 119 12
98 121 12
98 122 60
98 123 20
98 126 11
98 131 96
98 132 55
98 133 36
98 134 53
98 136 19
98 138 5
98 139 28
98 141 4
98 145 36
98 146 93
98 148 65
98 149 31
98 150 43
99 103 61
99 105 46
99 106 66
99 107 22
99 109 26
99 111 56
99 112 6
99 115 41
99 117 63
99 119 16
99 120 27
99 123 12
99 124 17
99 127 80
99 129 2
99 130 87
99 134 86
99 136 24
99 138 9
99 141 86
99 143 50
99 145 49
99 146 82
99 149 40
99 150 100
100 101 63
100 102 82
100 103 18
100 104 66
100 105 17
100 107 74
100 108 48
100 113 10
100 115 43
100 116 2
100 118 65
100 119 28
100 121 60
100 127 45
100 131 66
100 133 46
100 136 42
100 139 47
100 143 43
100 145 92
100 146 52
100 147 92
100 148 64
100 149 22
100 150 94
101 108 94
101 113 84
101 118 14
101 119 61
101 120 37
101 122 33
101 126 99
101 130 89
101 132 17
101 136 54
101 137 29
101 138 5
101 139 11
101 141 13
101 146 94
102 103 73
102 104 17
102 107 60
102 109 37
102 114 21
102 115 4
102 116 54
102 118 97
102 119 5
102 120 31
102 127 54
102 134 2
102 142 4
102 143 5
102 145 23
102 146 69
103 104 8
103 105 95
103 110 17
103 111 51
103 114 35
103 115 17
103 118 8
103 120 84
103 122 23
103 124 69
103 126 4
103 127 82
103 132 65
103 138 82
103 139 3
103 142 12
103 143 100
103 145 75
103 147 7
103 148 8
103 149 61
103 150 75
104 109 88
104 110 41
104 113 41
104 114 5
104 115 26
104 116 96
104 118 54
104 120 97
104 121 16
104 122 38
104 123 18
104 126 54
104 128 49
104 129 81
104 131 38
104 133 13
104 134 87
104 136 40
104 142 55
104 145 89
104 148 96
105 106 42
105 107 3
105 108 63
105 111 63
105 118 10
105 119 41
105 120 22
105 126 87
105 127 73
105 129 27
105 131 40
105 134 68
105 137 33
105 138 94
105 139 65
105 142 26
105 145 25
105 147 76
106 111 40
106 114 34
106 118 22
106 122 58
106 124 98
106 132 16
106 133 24
106 135 81
106 136 86
106 138 82
106 141 10
106 145 74
106 146 16
106 147 87
106 148 25
106 149 91
106 150 90
107 109 94
107 111 35
107 112 39
107 113 14
107 115 55
107 118 93
107 119 80
107 120 8
107 124 68
107 125 86
107 126 79
107 129 13
107 137 78
107 142 43
107 147 51
107 149 44
107 150 42
108 122 19
108 123 92
108 124 60
108 125 47
108 127 15
108 128 15
108 133 88
108 138 88
108 141 20
108 142 26
108 147 12
108 148 96
108 150 18
109 111 15
109 112 39
109 114 90
109 117 73
109 118 62
109 119 82
109 124 56
109 125 70
109 128 46
109 129 65
109 133 4
109 134 83
109 138 69
109 139 34
109 140 73
109 141 14
109 143 52
109 145 89
109 148 63
109 149 79
109 150 74
110 115 8
110 116 11
110 119 63
110 123 98
110 125 71
110 126 77
110 129 8
110 134 30
110 135 12
110 137 47
110 138 53
110 143 76
110 146 74
111 112 4
111 113 78
111 115 74
111 116 66
111 119 84
111 121 25
111 123 83
111 124 71
111 129 17
111 135 27
111 137 18
111 138 38
111 139 61
111 145 100
112 114 38
112 115 38
112 117 60
112 118 96
112 122 77
112 123 86
112 125 27
112 126 10
112 127 46
112 128 41
112 131 19
112 134 64
112 135 11
112 136 68
112 138 60
112 144 45
112 146 82
113 114 9
113 116 24
113 120 36
113 121 78
113 125 63
113 126 69
113 130 62
113 131 60
113 134 9
113 138 64
113 139 5
113 144 89
113 146 97
113 147 31
114 115 62
114 116 79
114 117 78
114 119 36
114 121 92
114 122 83
114 126 17
114 127 88
114 128 31
114 133 8
114 136 4
114 142 86
114 147 71
114 148 98
115 120 66
115 122 97
115 124 68
115 125 59
115 126 87
115 128 35
115 129 46
115 131 9
115 136 55
115 139 60
115 144 29
115 145 29
116 117 52
116 121 10
116 123 51
116 124 1
116 125 1
116 126 53
116 129 52
116 130 99
116 134 59
116 135 16
116 136 62
116 137 80
116 140 11
116 141 88
117 118 67
117 120 69
117 121 64
117 122 68
117 123 35
117 126 7
117 127 72
117 129 50
117 130 73
117 132 11
117 135 22
117 139 84
117 140 91
117 144 12
117 146 12
117 147 34
117 148 49
117 150 79
118 119 44
118 124 55
118 125 73
118 126 76
118 127 29
118 128 9
118 129 39
118 135 75
118 140 65
118 141 80
118 142 93
118 143 48
118 144 39
118 147 63
118 148 26
118 149 94
118 150 60
119 122 83
119 123 34
119 125 68
119 126 50
119 127 11
119 130 82
119 132 71
119 134 46
119 136 23
119 137 48
119 141 90
119 142 68
119 143 47
119 147 55
119 148 96
119 149 56
120 122 37
120 123 77
120 125 68
120 126 42
120 127 87
120 128 45
120 131 29
120 132 96
120 133 48
120 135 44
120 136 56
120 138 8
120 139 100
120 142 34
120 148 54
120 149 61
120 150 91
121 122 52
121 123 25
121 124 4
121 129 45
121 135 35
121 136 17
121 137 4
121 139 47
121 140 34
121 141 72
121 143 91
121 144 76
121 146 3
121 147 13
121 149 33
122 127 60
122 130 32
122 136 68
122 138 43
122 141 13
122 142 24
122 143 70
122 146 79
122 147 70
122 149 47
123 125 30
123 126 15
123 127 80
123 129 54
123 130 85
123 131 17
123 137 2
123 138 17
123 142 3
123 143 63
123 145 47
123 148 67
123 149 32
124 125 94
124 128 95
124 129 97
124 131 17
124 132 37
124 147 39
124 148 35
125 128 84
125 129 17
125 130 89
125 132 64
125 135 66
125 138 21
125 142 45
125 143 49
125 144 72
126 132 42
126 134 48
126 135 10
126 137 47
126 138 8
126 141 67
126 144 56
126 145 37
126 148 26
126 150 86
127 129 50
127 130 39
127 134 51
127 139 2
127 143 54
127 144 84
127 145 90
128 129 82
128 130 35
128 131 48
128 134 64
128 139 25
128 143 55
128 144 28
128 145 3
128 147 19
128 148 52
129 134 48
129 135 59
129 138 85
129 140 27
129 142 18
129 143 50
129 144 63
130 132 91
130 133 52
130 137 59
130 138 47
130 139 9
130 141 93
130 143 25
130 146 70
130 148 69
130 149 53
130 150 19
131 132 99
131 135 45
131 138 82
131 139 14
131 140 40
131 141 11
131 144 62
131 145 26
131 149 13
132 133 20
132 134 37
132 142 24
132 143 43
132 146 56
132 147 54
132 149 75
133 135 39
133 136 93
133 137 30
133 143 97
133 147 29
133 149 16
134 136 22
134 138 36
134 139 57
134 141 37
134 144 65
134 150 64
135 138 20
135 139 34
135 144 60
135 150 61
136 139 80
136 141 64
136 142 67
136 144 59
136 148 75
136 149 17
137 138 71
137 139 56
137 145 24
138 139 22
138 144 96
138 146 79
138 147 79
138 148 76
139 142 72
139 145 67
139 147 55
139 148 23
140 149 83
141 142 31
141 143 81
141 146 56
141 147 20
141 148 84
142 143 92
142 145 21
142 146 51
142 147 12
143 146 32
143 147 64
144 150 30
145 148 9
145 149 66
146 148 78
146 149 94
148 150 75
1 5 96
1 6 78
1 7 55
1 10 32
1 11 85
1 12 35
1 24 58
1 28 3
1 30 1
1 31 85
1 37 59
1 41 16
1 46 27
1 49 18
1 52 39
1 53 31
1 54 86
1 57 21
1 59 56
1 60 43
1 61 97
1 63 12
1 71 83
1 73 24
1 80 25
1 81 33
1 82 77
1 85 41
1 88 77
1 91 2
1 94 91
1 97 48
1 103 19
1 105 15
1 109 4
1 110 91
1 112 2
1 113 1
1 114 90
1 121 36
1 128 11
1 129 56
1 130 90
1 132 69
1 139 52
1 140 96
1 141 37
1 142 69
1 143 3
1 145 12
1 147 60
1 149 42
2 3 58
2 4 65
2 9 89
2 10 27
2 13 94
2 14 22
2 18 62
2 19 22
2 21 10
2 22 32
2 24 67
2 25 29
2 27 27
2 29 47
2 30 20
2 34 2
2 36 20
2 37 64
2 38 4
2 39 11
2 40 82
2 45 90
2 49 60
2 50 5
2 51 39
2 52 42
2 55 26
2 61 22
2 63 76
2 64 61
2 66 49
2 69 47
2 77 65
2 79 57
2 80 80
2 81 58
2 82 72
2 85 10
2 86 40
2 87 44
2 89 100
2 90 59
2 96 35
2 97 40
2 99 22
2 101 37
2 102 43
2 107 100
2 108 84
2 109 14
2 111 10
2 113 46
2 114 19
2 118 91
2 124 16
2 129 77
2 131 89
2 136 58
2 137 76
2 140 33
2 144 63
2 145 7
2 146 82
2 148 20
2 149 31
3 4 97
3 6 14
3 8 46
3 9 37
3 11 44
3 13 7
3 14 65
3 16 60
3 19 66
3 22 61
3 23 56
3 24 21
3 25 71
3 28 54
3 34 17
3 37 72
3 38 30
3 39 91
3 41 9
3 43 37
3 48 40
3 52 34
3 53 33
3 54 80
3 58 94
3 59 82
3 60 13
3 61 27
3 65 62
3 70 57
3 71 38
3 76 36
3 79 17
3 81 8
3 82 63
3 85 38
3 87 6
3 90 80
3 91 49
3 99 15
3 101 78
3 102 63
3 104 26
3 105 8
3 109 55
3 110 99
3 118 7
3 120 21
3 121 62
3 122 1
3 123 51
3 124 36
3 127 46
3 128 91
3 132 32
3 133 65
3 135 31
3 137 46
3 139 52
3 141 78
3 142 32
3 144 62
3 149 26
4 8 25
4 9 48
4 11 97
4 12 57
4 18 29
4 19 60
4 20 37
4 22 95
4 23 100
4 25 69
4 28 9
4 34 27
4 38 16
4 39 32
4 40 33
4 41 74
4 44 20
4 46 90
4 52 26
4 56 68
4 57 54
4 61 64
4 63 90
4 64 94
4 65 83
4 68 40
4 70 1
4 72 47
4 73 27
4 78 36
4 80 54
4 81 99
4 82 75
4 91 86
4 92 93
4 93 16
4 94 15
4 99 20
4 100 13
4 102 24
4 104 99
4 105 32
4 107 59
4 108 95
4 113 26
4 114 18
4 116 97
4 119 55
4 121 87
4 122 33
4 125 23
4 127 97
4 129 45
4 130 43
4 131 52
4 132 41
4 133 12
4 134 19
4 136 2
4 140 38
4 143 10
4 145 18
4 149 50
5 6 57
5 7 53
5 11 83
5 12 3
5 13 88
5 15 34
5 19 81
5 21 79
5 24 5
5 25 82
5 35 5
5 37 87
5 39 8
5 40 25
5 41 5
5 45 26
5 46 46
5 48 56
5 51 9
5 52 85
5 54 82
5 58 57
5 60 9
5 62 1
5 63 100
5 67 8
5 70 100
5 71 11
5 72 2
5 73 36
5 75 64
5 77 62
5 81 61
5 86 47
5 88 91
5 91 29
5 97 7
5 102 81
5 105 94
5 108 63
5 109 4
5 111 76
5 122 52
5 123 8
5 124 2
5 130 67
5 131 86
5 133 72
5 135 11
5 136 95
5 141 32
5 143 27
5 145 69
6 11 76
6 14 91
6 15 20
6 17 35
6 20 18
6 21 49
6 22 37
6 23 59
6 25 31
6 33 87
6 38 28
6 40 88
6 42 8
6 46 17
6 48 22
6 49 63
6 52 36
6 53 48
6 54 84
6 55 11
6 58 68
6 62 69
6 64 63
6 66 100
6 67 64
6 70 5
6 72 86
6 77 83
6 81 6
6 83 65
6 85 96
6 86 32
6 87 48
6 91 42
6 92 82
6 95 52
6 96 21
6 104 14
6 107 25
6 109 99
6 114 84
6 116 39
6 119 55
6 122 71
6 123 51
6 124 89
6 127 85
6 128 69
6 130 76
6 131 73
6 132 1
6 138 68
6 139 30
6 140 76
6 141 2
6 142 4
6 143 54
6 145 81
6 148 31
6 150 40
7 10 1
7 12 78
7 13 6
7 15 88
7 21 70
7 23 56
7 35 55
7 37 47
7 40 70
7 42 82
7 44 72
7 49 65
7 52 6
7 54 61
7 55 74
7 56 23
7 57 8
7 59 45
7 60 86
7 62 53
7 63 10
7 64 38
7 67 14
7 72 39
7 73 65
7 74 16
7 75 63
7 76 84
7 78 49
7 79 22
7 86 83
7 88 34
7 91 77
7 92 25
7 94 67
7 96 66
7 102 51
7 106 46
7 111 37
7 113 54
7 115 18
7 119 32
7 124 56
7 125 11
7 130 96
7 134 79
7 136 3
7 137 50
7 140 95
7 141 1
7 143 72
7 144 41
7 146 48
8 12 63
8 14 95
8 16 1
8 21 53
8 23 14
8 24 44
8 27 3
8 29 34
8 30 60
8 33 15
8 35 20
8 37 30
8 38 93
8 40 52
8 41 65
8 43 25
8 44 52
8 46 52
8 47 88
8 50 69
8 59 21
8 63 8
8 68 80
8 71 86
8 73 87
8 77 95
8 79 95
8 81 59
8 82 61
8 83 88
8 88 12
8 92 69
8 94 74
8 95 90
8 97 84
8 98 81
8 104 29
8 110 5
8 113 61
8 116 46
8 118 86
8 119 17
8 120 61
8 121 68
8 127 20
8 132 53
8 133 27
8 135 23
8 137 4
8 140 41
8 146 59
8 147 14
8 148 4
8 149 47
9 11 29
9 12 76
9 13 45
9 17 16
9 21 24
9 24 82
9 25 28
9 27 62
9 28 71
9 32 83
9 35 63
9 37 63
9 41 18
9 43 27
9 44 85
9 46 92
9 47 73
9 49 28
9 51 69
9 55 21
9 56 74
9 59 53
9 61 69
9 64 99
9 74 57
9 75 91
9 76 67
9 78 82
9 83 53
9 84 8
9 85 81
9 86 45
9 87 52
9 88 50
9 93 76
9 99 3
9 103 23
9 105 71
9 108 18
9 109 86
9 112 92
9 113 23
9 114 78
9 115 78
9 117 78
9 119 11
9 124 90
9 125 77
9 126 1
9 127 41
9 129 92
9 131 100
9 132 29
9 133 28
9 134 86
9 138 76
9 144 73
9 145 21
9 148 45
9 149 34
10 13 9
10 16 75
10 18 25
10 20 36
10 21 31
10 22 92
10 32 23
10 34 77
10 36 12
10 37 10
10 39 13
10 41 87
10 42 53
10 46 96
10 47 39
10 48 4
10 49 44
10 51 69
10 53 32
10 54 68
10 55 41
10 57 39
10 58 76
10 61 40
10 62 12
10 63 23
10 64 45
10 68 78
10 74 97
10 75 52
10 78 29
10 80 81
10 84 15
10 85 31
10 86 76
10 88 47
10 90 99
10 91 24
10 92 69
10 93 6
10 95 1
10 96 43
10 99 73
10 100 61
10 101 85
10 105 96
10 106 89
10 113 84
10 114 5
10 115 11
10 118 56
10 119 7
10 120 45
10 122 99
10 123 89
10 127 18
10 132 12
10 133 29
10 134 78
10 136 39
10 140 44
10 147 18
11 12 83
11 13 47
11 17 26
11 21 93
11 26 8
11 29 81
11 30 46
11 32 41
11 33 45
11 37 93
11 38 19
11 48 49
11 50 9
11 51 44
11 52 100
11 58 9
11 59 50
11 65 53
11 71 52
11 73 7
11 74 54
11 77 73
11 78 30
11 79 40
11 81 30
11 83 67
11 87 56
11 90 45
11 93 50
11 96 70
11 102 49
11 105 94
11 106 58
11 108 81
11 109 60
11 117 10
11 118 63
11 120 100
11 122 50
11 123 54
11 124 49
11 125 43
11 126 17
11 131 21
11 132 80
11 134 53
11 137 17
11 141 43
11 142 46
11 145 14
11 147 39
12 14 8
12 16 47
12 18 50
12 23 52
12 24 52
12 27 45
12 29 91
12 30 63
12 33 46
12 34 47
12 35 87
12 36 1
12 39 60
12 40 54
12 42 55
12 44 78
12 46 71
12 48 28
12 49 64
12 52 75
12 54 31
12 56 94
12 58 41
12 59 26
12 60 48
12 62 70
12 64 7
12 67 23
12 69 62
12 70 10
12 80 71
12 82 91
12 85 91
12 90 78
12 93 57
12 97 62
12 102 62
12 105 39
12 114 74
12 117 93
12 118 49
12 122 8
12 126 87
12 135 99
12 137 59
12 138 33
12 141 50
12 144 68
12 147 4
12 149 18
13 17 91
13 18 44
13 23 24
13 26 35
13 30 82
13 31 48
13 32 96
13 35 9
13 39 69
13 40 2
13 41 12
13 42 51
13 47 65
13 51 79
13 55 61
13 56 90
13 59 75
13 61 86
13 62 21
13 64 27
13 65 33
13 67 51
13 69 43
13 71 37
13 78 24
13 80 10
13 81 25
13 83 5
13 84 6
13 86 81
13 89 31
13 91 22
13 92 2
13 95 74
13 97 3
13 98 81
13 99 44
13 103 34
13 105 97
13 108 66
13 110 34
13 112 89
13 113 42
13 114 39
13 116 100
13 120 72
13 122 79
13 124 98
13 127 66
13 128 71
13 134 68
13 135 71
13 139 43
13 145 26
13 146 74
13 150 9
14 15 96
14 17 98
14 21 36
14 22 18
14 23 72
14 27 43
14 29 50
14 31 84
14 32 54
14 33 88
14 34 80
14 38 86
14 39 94
14 41 87
14 43 69
14 45 16
14 49 73
14 53 6
14 57 13
14 61 76
14 62 78
14 63 39
14 67 11
14 68 17
14 71 42
14 72 75
14 73 80
14 75 64
14 78 19
14 80 16
14 81 47
14 86 83
14 89 100
14 95 51
14 97 45
14 102 31
14 103 50
14 104 63
14 108 38
14 111 1
14 112 32
14 113 8
14 119 30
14 122 48
14 125 19
14 126 55
14 128 88
14 129 9
14 131 23
14 134 72
14 139 22
14 143 30
14 146 35
14 148 55
14 149 43
15 18 5
15 19 38
15 20 71
15 27 92
15 31 78
15 32 10
15 34 62
15 35 19
15 36 22
15 39 9
15 42 81
15 47 99
15 48 84
15 52 66
15 54 42
15 56 42
15 59 24
15 61 78
15 65 76
15 68 26
15 72 65
15 79 24
15 82 59
15 84 18
15 88 91
15 89 43
15 90 48
15 91 76
15 93 64
15 99 41
15 100 95
15 101 90
15 102 60
15 106 74
15 111 27
15 112 36
15 115 74
15 118 15
15 119 90
15 124 45
15 130 29
15 136 93
15 138 91
15 144 1
15 148 43
15 149 67
16 17 13
16 23 27
16 25 4
16 33 61
16 35 79
16 38 15
16 42 56
16 47 65
16 48 18
16 49 42
16 50 75
16 51 35
16 57 69
16 58 86
16 60 43
16 62 48
16 64 18
16 65 7
16 74 73
16 75 8
16 78 88
16 79 13
16 80 61
16 82 21
16 83 63
16 84 26
16 90 31
16 95 76
16 98 43
16 100 75
16 101 71
16 103 94
16 108 27
16 110 37
16 111 68
16 123 8
16 125 10
16 127 29
16 128 39
16 129 86
16 130 2
16 133 64
16 134 70
16 135 45
16 137 84
16 138 53
16 142 88
16 143 12
17 19 84
17 20 85
17 21 50
17 23 71
17 26 2
17 28 46
17 29 79
17 31 31
17 34 65
17 36 43
17 43 66
17 44 74
17 47 65
17 53 21
17 57 51
17 59 4
17 63 41
17 64 99
17 65 80
17 66 12
17 67 53
17 68 70
17 72 45
17 74 46
17 76 93
17 78 65
17 84 1
17 88 62
17 89 11
17 90 81
17 91 32
17 93 46
17 94 72
17 95 88
17 96 99
17 97 38
17 98 5
17 102 53
17 104 47
17 107 69
17 109 80
17 110 100
17 111 81
17 117 8
17 118 75
17 119 44
17 120 11
17 125 22
17 127 14
17 129 33
17 132 44
17 135 10
17 136 100
17 140 36
17 142 35
17 144 13
17 147 78
17 148 67
17 150 8
18 19 56
18 23 99
18 24 38
18 27 65
18 31 30
18 34 33
18 38 81
18 39 49
18 41 65
18 42 32
18 44 33
18 45 44
18 46 66
18 47 31
18 49 73
18 52 33
18 55 85
18 62 11
18 68 96
18 69 11
18 74 3
18 76 39
18 78 65
18 79 50
18 80 4
18 83 12
18 87 34
18 88 17
18 90 25
18 91 56
18 92 2
18 96 6
18 97 67
18 100 54
18 101 30
18 103 62
18 104 68
18 105 31
18 106 49
18 110 17
18 111 58
18 114 4
18 115 76
18 116 30
18 118 65
18 121 85
18 124 50
18 125 79
18 126 23
18 127 14
18 131 41
18 133 72
18 134 25
18 136 68
18 137 83
18 138 33
18 142 27
18 143 9
18 144 13
18 145 57
18 146 68
18 147 31
18 149 36
19 21 27
19 22 25
19 26 47
19 27 27
19 28 76
19 31 46
19 33 19
19 35 46
19 37 23
19 38 82
19 39 86
19 40 32
19 42 44
19 46 79
19 50 37
19 54 61
19 55 38
19 56 76
19 57 92
19 62 15
19 63 98
19 66 16
19 68 12
19 69 48
19 74 86
19 75 38
19 76 65
19 80 52
19 82 50
19 84 11
19 87 32
19 91 20
19 95 23
19 97 74
19 104 36
19 105 61
19 107 68
19 108 72
19 110 31
19 114 46
19 115 36
19 119 2
19 125 50
19 126 14
19 127 61
19 128 70
19 129 51
19 132 87
19 138 17
19 139 6
19 143 74
19 147 75
19 148 59
20 22 39
20 25 43
20 26 93
20 27 19
20 32 96
20 33 55
20 36 27
20 37 56
20 39 82
20 40 56
20 41 2
20 45 25
20 46 75
20 49 36
20 54 98
20 55 47
20 56 27
20 60 78
20 61 48
20 65 37
20 69 98
20 77 68
20 78 3
20 79 9
20 80 68
20 84 89
20 85 8
20 87 100
20 91 38
20 93 24
20 96 88
20 99 26
20 101 86
20 102 73
20 103 93
20 105 24
20 107 45
20 108 73
20 117 74
20 118 55
20 120 100
20 121 28
20 125 13
20 127 44
20 133 4
20 134 39
20 136 36
20 137 45
20 140 54
20 142 6
20 144 27
20 146 15
21 22 67
21 23 30
21 25 23
21 26 25
21 29 77
21 31 36
21 35 14
21 37 47
21 39 99
21 43 36
21 45 68
21 46 77
21 47 29
21 48 59
21 49 79
21 55 42
21 57 55
21 59 41
21 62 95
21 63 15
21 65 99
21 66 83
21 69 94
21 71 17
21 73 63
21 76 13
21 80 32
21 81 70
21 85 80
21 86 44
21 89 63
21 94 44
21 98 47
21 103 76
21 105 91
21 107 66
21 109 23
21 110 96
21 113 68
21 115 75
21 116 70
21 117 16
21 118 39
21 119 93
21 121 41
21 127 8
21 129 8
21 130 99
21 134 93
21 135 32
21 136 71
21 137 12
21 140 48
21 142 97
21 144 65
21 147 84
21 150 8
22 24 64
22 29 43
22 30 52
22 34 32
22 38 65
22 41 11
22 44 55
22 50 4
22 54 50
22 59 38
22 60 78
22 67 67
22 70 59
22 72 39
22 76 78
22 78 12
22 79 67
22 83 99
22 86 60
22 88 8
22 89 51
22 91 6
22 92 28
22 93 97
22 94 45
22 95 71
22 97 34
22 98 10
22 102 1
22 103 79
22 104 97
22 106 19
22 107 77
22 108 48
22 111 1
22 115 83
22 116 10
22 118 69
22 119 69
22 124 62
22 125 75
22 127 87
22 130 46
22 131 81
22 132 40
22 133 96
22 134 25
22 137 70
22 139 30
22 140 18
22 144 13
22 146 20
22 147 57
22 150 63
23 24 2
23 26 42
23 28 94
23 36 53
23 38 55
23 40 48
23 41 3
23 42 7
23 45 9
23 46 4
23 49 67
23 51 16
23 58 24
23 60 93
23 61 62
23 62 36
23 63 81
23 70 66
23 73 60
23 80 25
23 81 38
23 83 60
23 84 66
23 89 20
23 92 47
23 98 60
23 99 11
23 100 13
23 101 45
23 102 26
23 105 66
23 106 24
23 107 40
23 108 51
23 111 55
23 112 5
23 114 3
23 115 8
23 116 94
23 120 5
23 121 43
23 123 80
23 124 96
23 127 23
23 128 77
23 129 51
23 138 92
23 140 78
23 143 45
23 144 4
23 145 64
23 146 63
23 147 2
23 149 91
23 150 74
24 26 4
24 28 58
24 29 35
24 33 76
24 34 79
24 36 28
24 37 8
24 38 28
24 40 17
24 45 60
24 46 34
24 57 85
24 59 96
24 61 90
24 64 19
24 65 14
24 67 32
24 68 1
24 69 34
24 71 51
24 79 30
24 83 79
24 84 46
24 89 15
24 92 83
24 93 63
24 95 39
24 100 59
24 101 51
24 104 72
24 107 29
24 108 37
24 113 68
24 114 33
24 115 75
24 118 94
24 120 26
24 121 5
24 122 83
24 123 63
24 130 29
24 131 8
24 133 58
24 136 57
24 137 9
24 138 37
24 141 5
24 142 90
24 146 91
24 148 4
24 149 89
24 150 35
25 26 31
25 36 40
25 42 47
25 43 12
25 45 36
25 46 40
25 48 80
25 50 61
25 54 38
25 57 15
25 63 63
25 64 9
25 68 8
25 69 30
25 74 79
25 75 18
25 76 83
25 79 42
25 80 38
25 81 76
25 84 17
25 87 88
25 88 59
25 91 97
25 92 9
25 94 65
25 95 47
25 97 64
25 101 20
25 107 18
25 112 46
25 113 79
25 115 89
25 117 90
25 120 45
25 124 37
25 125 91
25 126 5
25 128 56
25 130 1
25 132 39
25 137 89
25 138 81
25 145 81
25 146 19
26 28 59
26 33 18
26 38 29
26 48 9
26 49 74
26 54 30
26 56 32
26 58 38
26 64 97
26 67 28
26 68 24
26 73 62
26 76 12
26 79 72
26 82 2
26 84 35
26 85 35
26 88 49
26 92 73
26 93 62
26 94 56
26 96 23
26 97 59
26 98 90
26 99 14
26 100 51
26 107 79
26 108 18
26 111 71
26 122 27
26 125 5
26 126 63
26 127 96
26 129 21
26 130 49
26 132 27
26 136 13
26 137 85
26 139 68
26 140 19
26 144 42
26 145 70
26 147 85
26 148 75
26 149 8
26 150 2
27 31 97
27 32 83
27 34 14
27 37 44
27 38 53
27 39 55
27 40 61
27 41 21
27 42 42
27 43 33
27 47 5
27 48 15
27 50 20
27 54 62
27 60 74
27 63 3
27 65 56
27 69 46
27 71 21
27 72 66
27 74 19
27 80 7
27 85 10
27 86 58
27 87 49
27 88 99
27 89 3
27 91 56
27 92 94
27 93 6
27 94 30
27 96 84
27 97 77
27 101 51
27 102 48
27 105 15
27 107 67
27 108 46
27 111 13
27 115 33
27 117 74
27 122 36
27 123 29
27 124 37
27 128 66
27 136 75
27 137 63
27 141 2
27 142 4
27 146 24
27 147 5
28 29 50
28 30 65
28 31 48
28 33 27
28 34 48
28 35 55
28 36 77
28 37 90
28 41 49
28 44 81
28 46 10
28 47 27
28 51 36
28 53 86
28 54 69
28 56 56
28 57 25
28 60 51
28 61 90
28 63 13
28 65 24
28 68 49
28 70 12
28 74 94
28 75 54
28 82 54
28 86 71
28 88 77
28 90 94
28 91 59
28 92 59
28 94 73
28 95 34
28 97 14
28 98 71
28 100 59
28 101 57
28 103 93
28 104 27
28 106 33
28 107 29
28 109 70
28 110 94
28 114 39
28 118 65
28 123 92
28 125 64
28 127 92
28 129 84
28 135 39
28 139 32
28 140 25
28 144 85
28 146 14
28 147 63
28 148 86
29 38 2
29 40 96
29 50 40
29 54 68
29 60 37
29 62 73
29 66 35
29 72 84
29 73 1
29 76 39
29 77 99
29 82 16
29 84 82
29 96 87
29 101 53
29 105 21
29 107 11
29 109 8
29 110 100
29 125 10
29 126 47
29 130 45
29 132 79
29 133 81
29 136 99
29 139 70
29 142 84
29 143 11
29 149 86
30 31 15
30 34 73
30 36 31
30 37 12
30 38 44
30 42 39
30 45 9
30 46 9
30 47 37
30 49 47
30 62 19
30 64 29
30 65 32
30 66 34
30 68 7
30 69 63
30 73 78
30 76 36
30 79 8
30 80 59
30 82 95
30 84 99
30 85 41
30 87 26
30 88 98
30 90 92
30 93 21
30 95 25
30 99 79
30 102 85
30 106 12
30 110 61
30 111 47
30 112 69
30 114 81
30 115 64
30 116 72
30 117 4
30 118 99
30 120 19
30 121 8
30 122 83
30 123 50
30 127 100
30 130 16
30 132 62
30 136 25
30 137 44
30 138 67
30 143 36
30 144 47
30 145 25
30 149 10
30 150 17
31 34 51
31 36 47
31 45 79
31 51 97
31 52 14
31 55 63
31 56 52
31 59 41
31 60 63
31 61 7
31 62 22
31 64 53
31 65 35
31 66 77
31 78 96
31 79 10
31 80 49
31 82 32
31 85 38
31 86 70
31 87 9
31 90 92
31 101 2
31 104 11
31 105 32
31 108 49
31 112 58
31 113 34
31 116 40
31 119 22
31 123 86
31 124 19
31 125 44
31 126 13
31 128 86
31 129 31
31 130 57
31 132 69
31 135 5
31 137 3
31 139 45
31 140 93
31 143 94
31 144 45
31 146 7
31 147 93
32 33 50
32 38 41
32 39 83
32 40 70
32 43 44
32 45 4
32 49 69
32 52 65
32 53 68
32 56 46
32 57 63
32 61 83
32 64 32
32 66 39
32 69 73
32 70 57
32 71 42
32 72 60
32 73 50
32 74 76
32 75 81
32 76 52
32 78 70
32 82 45
32 85 47
32 88 51
32 91 18
32 93 76
32 100 10
32 101 8
32 105 45
32 108 52
32 111 51
32 114 4
32 115 41
32 116 100
32 117 31
32 118 75
32 119 7
32 120 14
32 121 16
32 124 92
32 127 7
32 128 60
32 134 19
32 136 54
32 138 71
32 144 99
32 145 67
33 34 33
33 35 24
33 36 12
33 38 48
33 39 22
33 41 80
33 42 91
33 44 11
33 45 74
33 46 81
33 47 72
33 49 72
33 54 78
33 56 23
33 57 82
33 58 100
33 60 50
33 61 17
33 63 55
33 66 51
33 67 82
33 72 16
33 76 99
33 81 38
33 87 96
33 89 56
33 90 24
33 91 32
33 93 88
33 94 54
33 97 34
33 98 73
33 99 16
33 103 36
33 107 85
33 111 46
33 114 5
33 116 83
33 117 60
33 120 85
33 121 65
33 122 24
33 123 95
33 127 51
33 130 98
33 134 99
33 136 94
33 142 49
33 143 15
33 144 90
33 146 90
33 148 42
34 39 20
34 40 46
34 44 12
34 46 46
34 47 26
34 50 40
34 54 4
34 55 87
34 62 64
34 65 80
34 72 12
34 74 43
34 75 8
34 76 40
34 81 53
34 82 10
34 86 63
34 88 96
34 90 46
34 93 99
34 94 96
34 96 92
34 98 39
34 100 25
34 105 93
34 108 41
34 110 17
34 112 64
34 114 97
34 116 86
34 117 98
34 118 50
34 121 96
34 123 77
34 127 23
34 129 87
34 132 44
34 133 18
34 134 80
34 135 80
34 137 37
34 138 63
34 139 64
34 140 9
34 141 75
34 146 93
34 149 38
35 36 60
35 37 62
35 40 5
35 41 12
35 43 91
35 44 86
35 46 91
35 47 29
35 49 90
35 51 78
35 52 43
35 53 17
35 54 41
35 55 52
35 56 100
35 57 91
35 60 64
35 62 96
35 65 98
35 70 40
35 71 67
35 74 85
35 76 56
35 81 65
35 82 54
35 83 10
35 86 1
35 89 26
35 94 94
35 96 69
35 97 28
35 98 8
35 100 20
35 102 100
35 105 85
35 107 61
35 110 76
35 112 6
35 116 89
35 119 58
35 123 23
35 124 74
35 125 17
35 130 12
35 132 17
35 136 88
35 137 38
35 138 70
35 139 15
35 140 12
35 142 88
35 143 96
35 148 57
35 150 9
36 37 40
36 39 86
36 49 91
36 50 92
36 52 93
36 55 92
36 58 52
36 60 81
36 61 72
36 62 76
36 63 53
36 67 15
36 70 52
36 72 35
36 78 34
36 79 7
36 85 66
36 86 41
36 91 48
36 94 54
36 98 66
36 99 13
36 101 69
36 102 58
36 108 43
36 109 87
36 110 13
36 117 97
36 118 98
36 120 86
36 121 61
36 123 52
36 125 8
36 126 92
36 127 8
36 129 32
36 130 27
36 135 3
36 137 73
36 139 68
36 145 31
36 147 22
36 148 14
37 38 68
37 39 58
37 40 8
37 41 13
37 42 66
37 43 67
37 47 53
37 49 32
37 50 22
37 53 37
37 55 29
37 59 40
37 61 63
37 64 73
37 66 26
37 70 13
37 72 57
37 77 70
37 80 21
37 85 14
37 88 57
37 89 89
37 90 55
37 91 77
37 93 85
37 97 4
37 103 29
37 111 100
37 115 55
37 117 62
37 123 46
37 127 70
37 128 62
37 130 32
37 139 12
37 140 66
37 141 7
37 143 37
37 144 26
37 149 58
38 44 3
38 46 72
38 47 62
38 49 60
38 50 13
38 51 95
38 54 72
38 59 28
38 60 36
38 61 73
38 66 26
38 68 15
38 69 86
38 72 46
38 77 72
38 78 5
38 82 44
38 83 75
38 86 55
38 88 1
38 89 72
38 94 71
38 95 60
38 96 32
38 101 96
38 103 28
38 105 35
38 106 29
38 109 49
38 110 52
38 111 89
38 113 82
38 115 13
38 116 95
38 117 41
38 119 15
38 121 43
38 122 33
38 123 38
38 126 100
38 127 95
38 132 89
38 134 50
38 140 21
38 141 97
38 145 15
38 147 65
39 40 10
39 45 64
39 48 11
39 49 9
39 55 53
39 57 76
39 61 76
39 65 61
39 66 64
39 68 13
39 71 63
39 77 93
39 78 6
39 79 18
39 81 83
39 82 15
39 88 67
39 89 56
39 91 37
39 96 4
39 98 48
39 100 64
39 102 76
39 103 85
39 105 49
39 107 15
39 108 16
39 110 71
39 112 80
39 115 70
39 118 81
39 120 71
39 121 86
39 125 64
39 128 9
39 133 39
39 139 2
39 141 81
39 147 28
40 44 42
40 47 26
40 52 95
40 53 22
40 54 61
40 55 71
40 61 34
40 66 74
40 75 61
40 77 61
40 78 31
40 81 68
40 82 38
40 84 12
40 85 93
40 88 86
40 90 10
40 92 44
40 95 89
40 98 86
40 100 6
40 101 50
40 110 31
40 111 79
40 113 52
40 118 54
40 120 4
40 121 2
40 124 78
40 132 63
40 135 70
40 138 99
40 140 22
40 141 72
40 143 87
40 144 50
40 147 97
40 150 53
41 42 55
41 45 41
41 46 12
41 47 28
41 49 58
41 50 73
41 51 57
41 52 18
41 53 24
41 56 19
41 57 53
41 61 79
41 62 42
41 63 82
41 65 86
41 68 25
41 71 94
41 74 2
41 77 10
41 78 86
41 80 51
41 81 95
41 83 100
41 88 41
41 90 37
41 91 82
41 92 28
41 100 53
41 101 46
41 104 76
41 106 26
41 107 12
41 113 46
41 115 79
41 124 13
41 126 77
41 127 5
41 129 83
41 130 26
41 131 43
41 132 17
41 134 48
41 135 35
41 136 37
41 137 72
41 139 52
41 145 80
41 146 73
41 147 21
41 150 51
42 44 79
42 47 24
42 48 2
42 50 55
42 52 90
42 59 21
42 62 78
42 64 8
42 65 12
42 68 61
42 69 15
42 70 55
42 71 54
42 74 32
42 77 50
42 81 55
42 82 14
42 88 37
42 90 17
42 95 100
42 97 85
42 99 14
42 100 46
42 101 59
42 108 3
42 110 91
42 114 28
42 116 1
42 118 79
42 121 50
42 124 76
42 125 47
42 129 20
42 134 88
42 139 7
42 142 29
42 143 52
42 150 90
43 44 91
43 56 87
43 64 2
43 66 91
43 70 36
43 72 82
43 75 80
43 77 30
43 78 67
43 80 51
43 81 79
43 83 86
43 85 87
43 90 36
43 91 56
43 92 31
43 94 31
43 96 38
43 99 23
43 100 28
43 103 3
43 104 42
43 109 38
43 113 80
43 115 95
43 116 91
43 117 35
43 118 60
43 120 25
43 121 6
43 122 18
43 128 60
43 131 20
43 132 18
43 134 19
43 140 77
43 141 20
43 142 51
43 143 54
43 149 28
43 150 26
44 47 16
44 48 95
44 49 28
44 51 82
44 53 89
44 54 38
44 55 9
44 59 33
44 60 63
44 61 33
44 62 86
44 63 16
44 64 96
44 65 10
44 67 49
44 68 66
44 69 63
44 70 73
44 71 35
44 72 20
44 73 47
44 77 56
44 79 48
44 80 37
44 83 72
44 85 6
44 87 23
44 90 33
44 91 9
44 94 10
44 96 15
44 97 14
44 98 98
44 99 6
44 102 46
44 103 17
44 104 89
44 106 34
44 108 49
44 109 93
44 112 87
44 114 19
44 115 34
44 116 37
44 118 88
44 119 27
44 120 68
44 121 64
44 126 84
44 129 40
44 131 21
44 133 14
44 134 44
44 136 90
44 140 49
44 143 17
44 144 62
44 145 81
45 46 21
45 51 2
45 53 38
45 57 90
45 60 73
45 62 62
45 66 62
45 68 25
45 71 48
45 72 82
45 73 44
45 74 71
45 79 35
45 80 91
45 81 59
45 82 7
45 83 3
45 84 63
45 85 90
45 91 62
45 92 3
45 93 53
45 95 46
45 96 48
45 98 56
45 102 35
45 106 68
45 113 15
45 116 43
45 117 18
45 119 81
45 122 92
45 124 69
45 127 24
45 128 50
45 129 58
45 132 78
45 134 33
45 136 86
45 137 52
45 139 97
45 140 45
45 141 79
45 142 70
45 143 24
45 147 37
46 53 72
46 54 77
46 56 79
46 57 95
46 60 41
46 61 55
46 63 80
46 66 4
46 67 13
46 70 48
46 71 100
46 72 7
46 74 48
46 77 99
46 78 60
46 80 73
46 81 13
46 85 96
46 86 50
46 89 2
46 92 42
46 93 65
46 94 53
46 95 75
46 97 9
46 98 73
46 99 59
46 106 60
46 107 81
46 110 53
46 111 34
46 116 41
46 117 19
46 120 83
46 122 20
46 123 28
46 126 75
46 130 24
46 131 90
46 132 87
46 135 46
46 139 35
46 140 31
46 141 83
46 144 20
46 145 3
46 149 94
46 150 78
47 53 33
47 54 61
47 55 84
47 58 59
47 60 92
47 63 20
47 65 73
47 67 23
47 69 1
47 70 97
47 76 73
47 77 89
47 82 21
47 83 50
47 86 9
47 87 80
47 88 42
47 89 99
47 94 80
47 99 20
47 102 24
47 107 99
47 108 46
47 111 98
47 112 79
47 115 23
47 117 29
47 118 45
47 120 55
47 121 20
47 122 89
47 123 61
47 125 26
47 126 100
47 127 60
47 128 3
47 129 73
47 138 98
47 139 44
47 141 5
47 144 47
47 145 100
47 146 97
47 147 2
47 148 98
48 53 24
48 58 24
48 59 80
48 60 5
48 63 69
48 64 33
48 65 8
48 67 22
48 69 92
48 73 7
48 75 48
48 76 72
48 77 15
48 78 2
48 79 76
48 80 60
48 81 69
48 82 83
48 86 24
48 89 46
48 92 94
48 93 58
48 99 33
48 100 90
48 101 16
48 108 21
48 110 77
48 112 82
48 114 99
48 116 52
48 118 19
48 121 8
48 122 98
48 123 24
48 124 53
48 125 53
48 127 72
48 129 76
48 130 22
48 133 56
48 137 18
48 142 15
48 148 58
49 51 23
49 53 70
49 56 49
49 59 88
49 63 77
49 71 37
49 72 62
49 73 89
49 74 78
49 75 18
49 78 73
49 79 99
49 80 67
49 81 54
49 82 68
49 83 74
49 86 55
49 89 11
49 90 96
49 95 97
49 97 31
49 98 44
49 100 35
49 101 51
49 105 7
49 106 52
49 107 75
49 108 19
49 111 78
49 115 74
49 116 99
49 119 97
49 120 89
49 124 72
49 125 10
49 126 36
49 127 28
49 128 18
49 130 65
49 131 88
49 137 39
49 139 17
49 141 7
49 142 63
49 143 92
49 145 62
49 148 10
49 150 59
50 55 48
50 56 83
50 59 78
50 62 92
50 63 61
50 65 57
50 66 57
50 67 88
50 69 76
50 70 94
50 71 80
50 72 10
50 75 77
50 76 91
50 79 81
50 80 27
50 82 47
50 84 51
50 89 77
50 90 58
50 94 55
50 97 8
50 99 75
50 100 51
50 103 46
50 106 42
50 107 3
50 110 21
50 111 36
50 116 91
50 117 34
50 120 38
50 121 77
50 125 53
50 126 11
50 133 58
50 135 51
50 136 54
50 138 67
50 140 87
50 143 99
50 144 38
50 147 14
51 53 5
51 57 36
51 58 78
51 59 89
51 65 33
51 67 76
51 68 74
51 70 75
51 74 84
51 80 1
51 86 93
51 89 12
51 93 3
51 94 2
51 96 19
51 99 34
51 104 15
51 108 83
51 109 32
51 112 69
51 114 53
51 116 51
51 119 67
51 120 15
51 121 39
51 122 90
51 123 83
51 126 71
51 127 38
51 128 31
51 134 82
51 135 95
51 136 24
51 137 48
51 139 22
51 147 54
51 150 60
52 57 1
52 59 32
52 64 43
52 65 63
52 70 9
52 71 45
52 72 94
52 73 95
52 77 25
52 78 93
52 79 40
52 85 65
52 91 36
52 93 96
52 96 71
52 97 82
52 98 90
52 99 65
52 105 57
52 106 45
52 116 13
52 117 93
52 120 71
52 121 52
52 122 47
52 124 59
52 127 18
52 128 25
52 130 87
52 131 82
52 138 36
52 140 95
52 141 54
52 142 23
52 143 90
52 145 35
52 146 20
53 57 16
53 59 38
53 63 69
53 65 83
53 72 84
53 73 72
53 74 94
53 76 27
53 81 66
53 84 64
53 88 40
53 89 29
53 92 58
53 93 62
53 97 62
53 100 82
53 101 30
53 106 77
53 108 23
53 109 29
53 110 11
53 111 56
53 113 78
53 130 37
53 131 77
53 134 76
53 137 32
53 145 65
53 146 87
53 147 41
53 148 93
54 56 88
54 61 98
54 63 13
54 64 11
54 67 16
54 69 70
54 71 13
54 72 89
54 75 4
54 76 88
54 77 91
54 79 56
54 81 38
54 83 53
54 87 35
54 89 54
54 90 70
54 92 60
54 94 94
54 95 98
54 98 59
54 104 53
54 105 70
54 109 12
54 111 4
54 112 52
54 113 44
54 119 39
54 123 13
54 124 75
54 127 11
54 128 16
54 131 31
54 133 57
54 135 54
54 136 33
54 137 80
54 143 80
54 144 30
54 145 18
54 148 62
54 150 74
55 58 71
55 62 54
55 67 41
55 68 47
55 70 65
55 71 17
55 72 60
55 73 2
55 76 97
55 80 98
55 81 39
55 83 43
55 85 7
55 88 65
55 89 39
55 95 89
55 97 59
55 99 31
55 101 84
55 104 9
55 105 74
55 107 83
55 108 90
55 109 3
55 110 19
55 112 78
55 113 39
55 114 70
55 117 95
55 119 50
55 120 96
55 123 8
55 124 40
55 126 40
55 127 84
55 128 77
55 129 26
55 132 17
55 133 52
55 134 83
55 137 29
55 140 87
55 141 40
55 147 68
55 149 15
56 57 46
56 59 58
56 60 1
56 67 11
56 68 69
56 73 43
56 79 22
56 80 22
56 85 47
56 86 29
56 87 24
56 89 78
56 90 16
56 91 29
56 92 47
56 94 35
56 96 62
56 98 45
56 100 52
56 102 55
56 103 14
56 105 86
56 107 53
56 116 25
56 122 87
56 123 19
56 124 97
56 127 71
56 132 52
56 135 30
56 136 65
56 137 75
56 140 14
56 146 33
56 150 80
57 58 61
57 62 56
57 63 99
57 65 87
57 71 96
57 72 41
57 73 55
57 75 68
57 77 84
57 79 20
57 81 1
57 86 78
57 88 25
57 90 32
57 91 40
57 94 47
57 100 19
57 101 65
57 105 38
57 107 75
57 112 52
57 113 28
57 114 50
57 115 13
57 117 72
57 119 53
57 122 79
57 123 59
57 124 13
57 126 81
57 127 44
57 129 57
57 130 85
57 132 48
57 133 80
57 135 59
57 138 72
57 142 44
57 143 20
57 144 52
57 147 12
57 148 41
57 149 83
57 150 72
58 62 34
58 64 49
58 65 55
58 68 14
58 71 48
58 72 35
58 73 73
58 76 70
58 80 19
58 81 68
58 82 49
58 84 96
58 85 61
58 87 58
58 92 14
58 93 100
58 96 49
58 97 19
58 102 85
58 104 27
58 105 63
58 109 55
58 112 43
58 115 46
58 117 6
58 120 73
58 123 82
58 127 41
58 128 86
58 130 81
58 132 70
58 141 92
58 142 65
58 144 29
58 146 97
58 149 42
59 68 26
59 76 5
59 77 12
59 78 55
59 79 89
59 81 17
59 82 23
59 83 92
59 85 50
59 86 94
59 90 91
59 93 36
59 97 35
59 98 81
59 104 51
59 105 12
59 106 72
59 111 49
59 113 66
59 119 98
59 120 32
59 121 19
59 125 44
59 127 77
59 130 67
59 132 53
59 133 66
59 136 7
59 137 3
59 142 25
59 143 53
59 144 38
59 147 61
59 148 99
59 149 10
60 65 15
60 66 31
60 67 80
60 68 83
60 71 76
60 73 34
60 76 18
60 77 42
60 79 26
60 82 93
60 86 60
60 88 92
60 90 65
60 92 64
60 95 48
60 97 22
60 103 88
60 104 73
60 107 95
60 110 55
60 112 57
60 114 7
60 120 28
60 121 28
60 122 95
60 124 84
60 125 20
60 129 7
60 130 17
60 132 20
60 133 86
60 134 41
60 135 82
60 138 92
60 141 73
60 144 75
60 147 23
60 150 91
61 63 59
61 66 62
61 68 41
61 69 96
61 72 38
61 74 91
61 75 78
61 76 58
61 77 6
61 81 9
61 82 19
61 85 9
61 89 37
61 92 89
61 93 82
61 94 8
61 95 59
61 96 31
61 97 78
61 98 32
61 99 15
61 103 20
61 104 39
61 109 44
61 111 72
61 117 16
61 118 47
61 121 19
61 122 18
61 124 69
61 125 100
61 126 72
61 128 13
61 134 95
61 138 83
61 139 17
61 142 10
61 144 3
61 145 39
61 146 32
61 149 32
62 63 30
62 64 34
62 65 2
62 68 75
62 71 97
62 72 60
62 74 81
62 75 26
62 78 47
62 80 43
62 81 3
62 84 65
62 89 60
62 93 26
62 94 39
62 95 42
62 96 56
62 97 48
62 99 100
62 100 24
62 105 44
62 106 81
62 108 13
62 109 23
62 111 72
62 112 13
62 123 86
62 124 53
62 127 37
62 128 58
62 129 74
62 131 96
62 135 88
62 140 66
62 141 94
62 142 8
62 143 64
62 144 46
62 148 33
63 69 27
63 72 22
63 74 56
63 77 30
63 78 28
63 80 66
63 84 95
63 85 95
63 87 85
63 88 95
63 89 55
63 91 83
63 92 52
63 93 50
63 94 74
63 96 95
63 101 39
63 104 54
63 105 17
63 106 16
63 109 75
63 113 8
63 115 36
63 116 49
63 118 3
63 120 34
63 122 40
63 127 39
63 129 42
63 130 70
63 131 68
63 132 88
63 134 87
63 135 19
63 137 31
63 138 76
63 143 79
63 144 86
63 146 36
63 147 81
63 150 68
64 68 33
64 70 23
64 73 24
64 74 65
64 76 62
64 79 79
64 80 65
64 82 91
64 84 77
64 85 92
64 87 96
64 89 55
64 93 39
64 95 30
64 96 89
64 100 98
64 101 10
64 104 7
64 110 85
64 111 18
64 113 20
64 116 82
64 117 53
64 119 92
64 121 52
64 123 21
64 126 92
64 128 71
64 133 92
64 134 41
64 135 38
64 136 100
64 139 84
64 142 39
64 143 18
64 145 58
64 148 29
64 150 1
65 67 65
65 68 19
65 71 16
65 73 48
65 74 24
65 85 54
65 87 77
65 88 78
65 90 66
65 92 24
65 93 57
65 96 88
65 97 59
65 98 86
65 99 33
65 100 76
65 101 28
65 102 53
65 107 86
65 109 95
65 112 46
65 116 63
65 117 33
65 121 33
65 123 87
65 127 25
65 128 39
65 129 32
65 130 48
65 131 69
65 134 11
65 137 91
65 142 75
65 146 57
65 147 21
65 148 82
65 149 15
65 150 25
66 67 70
66 69 6
66 75 42
66 77 49
66 79 61
66 81 88
66 82 24
66 83 33
66 87 25
66 88 72
66 94 67
66 95 21
66 96 19
66 101 98
66 103 77
66 104 50
66 106 39
66 108 12
66 112 31
66 114 26
66 116 34
66 119 88
66 120 52
66 122 93
66 125 82
66 128 82
66 130 19
66 131 46
66 134 16
66 135 27
66 144 97
66 145 85
66 148 75
67 68 73
67 70 9
67 72 8
67 75 46
67 79 77
67 80 25
67 82 1
67 83 91
67 84 16
67 97 7
67 98 28
67 100 88
67 104 81
67 107 65
67 108 93
67 110 46
67 112 23
67 113 3
67 116 79
67 117 97
67 119 42
67 124 8
67 126 25
67 128 64
67 133 87
67 136 58
67 138 19
67 139 48
67 144 67
67 149 23
68 69 59
68 70 69
68 71 91
68 72 5
68 73 87
68 75 60
68 82 4
68 84 32
68 89 31
68 92 62
68 100 75
68 106 18
68 111 86
68 112 100
68 113 57
68 114 3
68 115 26
68 117 23
68 118 85
68 119 95
68 120 13
68 128 1
68 130 37
68 131 18
68 134 66
68 137 73
68 140 62
68 142 4
68 143 55
68 144 94
68 145 76
68 149 85
68 150 41
69 70 93
69 72 2
69 73 22
69 83 55
69 87 30
69 88 95
69 91 10
69 93 68
69 99 7
69 102 30
69 103 77
69 104 80
69 106 43
69 109 41
69 112 33
69 118 3
69 119 62
69 120 92
69 122 13
69 124 27
69 125 79
69 128 13
69 129 66
69 130 59
69 132 74
69 136 3
69 139 46
69 140 58
69 141 33
69 146 58
69 147 88
70 71 27
70 75 30
70 77 43
70 78 7
70 80 16
70 81 25
70 83 18
70 88 54
70 91 83
70 93 93
70 94 82
70 95 48
70 97 56
70 98 100
70 100 54
70 101 36
70 102 56
70 104 2
70 105 98
70 111 53
70 112 75
70 113 100
70 115 14
70 117 80
70 120 75
70 122 55
70 124 1
70 127 39
70 128 28
70 130 67
70 131 43
70 132 96
70 134 43
70 137 58
70 138 12
70 139 70
70 140 98
70 145 57
71 76 34
71 78 41
71 79 76
71 80 13
71 83 74
71 84 48
71 85 80
71 86 30
71 91 2
71 97 61
71 100 30
71 103 10
71 108 91
71 109 63
71 113 12
71 114 77
71 118 15
71 120 90
71 128 1
71 129 52
71 131 5
71 134 50
71 142 42
71 143 8
71 144 12
71 146 85
71 147 35
71 148 74
72 73 36
72 74 5
72 78 89
72 79 68
72 80 86
72 81 35
72 82 36
72 84 61
72 87 6
72 88 29
72 89 61
72 96 37
72 97 76
72 98 31
72 99 28
72 100 70
72 103 90
72 104 70
72 106 93
72 109 85
72 111 66
72 116 2
72 120 3
72 121 60
72 123 50
72 127 2
72 128 83
72 134 67
72 136 7
72 141 78
72 142 2
72 143 98
72 145 79
72 146 81
72 148 99
72 150 69
73 75 35
73 79 64
73 80 75
73 83 60
73 89 38
73 95 82
73 96 16
73 100 73
73 105 60
73 111 82
73 112 31
73 117 81
73 121 69
73 123 56
73 125 34
73 128 78
73 129 88
73 131 91
73 133 10
73 136 4
73 138 88
73 147 6
73 148 90
73 149 26
73 150 89
74 81 11
74 86 43
74 91 15
74 92 95
74 93 19
74 94 54
74 95 15
74 99 46
74 100 73
74 102 2
74 103 2
74 104 35
74 105 91
74 106 19
74 107 81
74 109 44
74 114 6
74 117 57
74 118 60
74 119 21
74 122 97
74 123 54
74 126 75
74 129 59
74 131 15
74 132 25
74 136 84
74 139 16
74 142 28
74 143 18
74 145 6
74 146 88
74 147 93
74 148 33
74 149 88
75 78 49
75 80 18
75 81 24
75 82 21
75 83 15
75 86 6
75 90 81
75 91 12
75 98 96
75 105 14
75 113 37
75 119 35
75 128 85
75 130 89
75 135 18
75 136 6
75 138 84
75 140 93
75 143 18
75 145 100
75 146 86
75 148 23
75 149 20
76 77 22
76 78 27
76 79 25
76 80 56
76 81 48
76 82 67
76 84 100
76 85 57
76 86 90
76 87 78
76 88 31
76 89 62
76 90 79
76 94 20
76 97 13
76 104 42
76 105 75
76 107 12
76 109 90
76 111 37
76 113 4
76 116 94
76 119 100
76 121 71
76 122 52
76 123 1
76 126 84
76 128 24
76 130 92
76 132 67
76 133 11
76 136 69
76 137 84
76 138 87
76 140 55
76 142 50
76 144 6
76 148 62
77 82 33
77 83 40
77 84 66
77 85 81
77 87 51
77 93 45
77 95 37
77 96 41
77 97 65
77 99 15
77 101 61
77 103 79
77 104 15
77 108 43
77 109 27
77 111 43
77 113 95
77 115 39
77 116 37
77 119 95
77 120 65
77 121 37
77 122 52
77 123 76
77 124 52
77 132 51
77 134 13
77 136 83
77 141 35
77 142 11
77 143 28
77 145 38
78 79 12
78 88 26
78 89 50
78 90 87
78 91 24
78 92 11
78 97 21
78 101 9
78 104 100
78 107 56
78 108 87
78 109 47
78 111 88
78 112 82
78 114 28
78 118 86
78 120 84
78 124 32
78 127 66
78 128 70
78 129 70
78 131 32
78 132 71
78 136 43
78 138 4
78 140 61
78 141 69
78 146 57
78 148 37
78 149 45
78 150 16
79 81 39
79 90 98
79 94 28
79 95 22
79 105 76
79 109 18
79 110 46
79 111 30
79 114 75
79 115 35
79 117 30
79 126 99
79 127 83
79 128 62
79 131 59
79 133 75
79 134 21
79 138 44
79 147 95
79 148 8
79 149 98
80 83 12
80 91 32
80 92 8
80 94 26
80 95 26
80 96 2
80 97 14
80 98 92
80 99 4
80 102 31
80 103 79
80 104 52
80 105 32
80 107 58
80 109 70
80 112 11
80 115 83
80 123 24
80 124 96
80 125 28
80 129 15
80 131 96
80 136 54
80 138 47
80 139 8
80 141 31
80 142 38
80 150 88
81 82 24
81 84 55
81 85 18
81 86 96
81 87 15
81 89 45
81 90 35
81 91 13
81 93 56
81 94 47
81 95 6
81 97 76
81 103 48
81 116 97
81 117 71
81 119 39
81 120 82
81 122 59
81 123 95
81 126 31
81 129 49
81 130 82
81 131 92
81 133 12
81 134 77
81 135 71
81 136 100
81 137 5
81 140 96
81 141 73
81 143 31
81 146 34
81 148 1
81 150 100
82 83 25
82 85 75
82 86 31
82 87 44
82 88 62
82 89 89
82 90 17
82 91 59
82 98 53
82 99 59
82 100 50
82 101 78
82 104 45
82 108 91
82 113 44
82 115 6
82 116 30
82 117 100
82 120 80
82 121 41
82 123 33
82 125 69
82 127 76
82 130 72
82 135 86
82 137 56
82 139 85
82 141 89
83 84 88
83 85 97
83 86 14
83 88 42
83 89 75
83 99 96
83 100 4
83 105 31
83 109 56
83 110 55
83 116 59
83 117 82
83 119 80
83 121 41
83 123 71
83 125 4
83 128 4
83 134 90
83 135 46
83 136 49
83 141 87
83 142 94
83 145 40
83 146 29
83 147 29
83 150 96
84 85 94
84 86 45
84 90 57
84 95 53
84 97 35
84 98 92
84 100 49
84 105 68
84 108 20
84 109 42
84 110 92
84 112 30
84 114 54
84 115 51
84 117 78
84 118 44
84 119 25
84 123 93
84 125 2
84 126 21
84 128 83
84 129 36
84 132 34
84 133 52
84 139 81
84 145 93
84 146 95
84 147 72
84 150 32
85 87 4
85 88 44
85 89 33
85 91 26
85 94 86
85 97 57
85 98 53
85 100 67
85 102 79
85 103 11
85 105 1
85 111 19
85 114 86
85 118 9
85 120 28
85 121 19
85 126 96
85 127 85
85 131 60
85 132 60
85 135 49
85 136 72
85 137 19
85 139 83
85 144 17
85 148 15
85 149 50
85 150 83
86 87 74
86 88 75
86 96 66
86 97 83
86 100 100
86 103 3
86 105 80
86 107 24
86 108 53
86 112 34
86 114 7
86 115 2
86 121 51
86 123 46
86 126 85
86 127 85
86 130 22
86 132 54
86 134 99
86 135 94
86 136 74
86 138 25
86 139 69
86 140 60
86 142 39
86 143 19
86 145 95
86 146 10
87 89 98
87 90 37
87 91 46
87 92 62
87 95 29
87 100 55
87 101 75
87 105 54
87 106 1
87 107 2
87 109 22
87 110 1
87 111 1
87 112 17
87 119 1
87 120 16
87 122 87
87 123 79
87 125 38
87 126 40
87 130 71
87 135 14
87 140 42
87 141 14
87 145 68
87 149 61
88 89 18
88 90 45
88 92 47
88 95 78
88 97 43
88 99 28
88 100 14
88 101 95
88 103 87
88 104 58
88 106 54
88 111 40
88 117 92
88 120 39
88 125 48
88 126 46
88 127 16
88 128 66
88 131 1
88 133 81
88 134 87
88 135 53
88 138 95
88 140 67
88 145 14
88 146 65
88 149 71
89 91 49
89 92 61
89 94 83
89 96 38
89 97 23
89 99 75
89 105 90
89 108 93
89 109 42
89 115 19
89 117 87
89 122 97
89 123 34
89 127 34
89 128 83
89 135 28
89 136 24
89 139 40
89 143 71
89 144 63
89 145 77
89 147 16
89 148 80
90 92 88
90 93 33
90 95 6
90 98 31
90 99 4
90 100 58
90 102 26
90 106 6
90 108 64
90 109 55
90 112 51
90 113 68
90 114 37
90 118 43
90 120 79
90 123 41
90 126 64
90 127 54
90 128 55
90 130 30
90 134 34
90 136 93
90 146 87
90 149 92
91 95 53
91 98 69
91 99 60
91 101 42
91 105 46
91 106 39
91 109 57
91 111 8
91 113 76
91 114 86
91 121 83
91 123 82
91 124 44
91 128 70
91 129 82
91 130 2
91 132 17
91 133 26
91 134 45
91 135 70
91 137 35
91 138 94
91 139 10
91 142 99
91 145 65
91 146 8
91 148 55
92 93 95
92 99 95
92 100 12
92 101 3
92 102 64
92 104 47
92 105 91
92 107 89
92 109 54
92 111 93
92 113 87
92 115 16
92 121 60
92 122 88
92 124 59
92 125 3
92 127 60
92 129 62
92 130 81
92 131 8
92 132 11
92 133 6
92 135 88
92 139 22
92 143 18
92 145 7
92 146 47
92 147 9
93 95 46
93 96 56
93 98 21
93 101 25
93 103 82
93 104 7
93 106 24
93 107 86
93 108 67
93 110 97
93 111 29
93 113 2
93 118 93
93 119 87
93 124 90
93 131 7
93 133 70
93 135 20
93 137 24
93 140 95
93 142 78
93 143 74
93 149 3
93 150 51
94 95 5
94 99 20
94 100 47
94 102 100
94 106 19
94 108 61
94 110 48
94 112 44
94 115 56
94 116 49
94 117 6
94 118 79
94 119 80
94 120 17
94 121 61
94 122 39
94 124 33
94 126 3
94 127 62
94 128 29
94 129 18
94 132 29
94 134 42
94 136 78
94 137 58
94 139 46
94 140 31
94 141 62
94 142 87
94 146 70
94 150 87
95 96 39
95 97 9
95 99 20
95 101 73
95 102 22
95 103 64
95 104 51
95 106 100
95 108 21
95 109 66
95 111 52
95 113 51
95 114 32
95 116 69
95 119 17
95 120 30
95 121 50
95 132 9
95 134 2
95 136 75
95 141 28
95 145 31
95 146 85
95 147 24
95 150 80
96 98 36
96 99 54
96 106 60
96 107 49
96 109 72
96 110 79
96 111 74
96 114 71
96 115 7
96 117 46
96 118 2
96 119 3
96 121 15
96 123 33
96 124 14
96 127 53
96 128 17
96 130 66
96 131 15
96 135 77
96 138 20
96 140 41
96 141 54
96 142 76
96 143 27
96 147 34
96 148 5
96 150 76
97 101 47
97 102 34
97 105 100
97 107 13
97 108 17
97 112 69
97 113 30
97 121 49
97 122 90
97 124 8
97 126 50
97 129 100
97 139 99
97 140 63
97 146 99
97 148 41
97 150 46
98 103 67
98 104 93
98 106 57
98 108 23
98 111 61
98 112 22
98 113 80
98 114 43
98 115 29
98 116 28
98 117 12
98 118 34
98 121 45
98 122 33
98 126 100
98 133 6
98 134 69
98 135 99
98 136 42
98 141 55
98 148 19
98 150 51
99 100 77
99 105 69
99 107 70
99 108 94
99 111 7
99 114 62
99 116 36
99 117 36
99 118 6
99 120 94
99 121 41
99 126 46
99 128 57
99 134 84
99 135 54
99 149 12
100 114 55
100 120 66
100 122 61
100 123 56
100 128 21
100 131 68
100 134 39
100 141 79
100 142 66
100 143 38
100 144 44
100 146 87
100 149 96
101 109 79
101 110 71
101 111 82
101 114 91
101 115 93
101 119 1
101 120 92
101 123 69
101 125 90
101 127 34
101 128 16
101 129 77
101 130 20
101 132 46
101 134 60
101 135 92
101 136 66
101 137 22
101 138 52
101 141 68
102 105 66
102 112 40
102 121 30
102 123 18
102 124 18
102 125 95
102 130 15
102 131 96
102 135 69
102 138 5
102 139 44
102 141 29
102 145 19
102 146 100
102 147 77
103 104 88
103 113 78
103 116 82
103 118 80
103 119 40
103 121 68
103 123 42
103 124 89
103 127 21
103 129 66
103 131 30
103 133 51
103 134 47
103 135 88
103 138 45
103 141 40
103 142 32
103 146 71
104 112 24
104 113 55
104 114 62
104 116 60
104 118 73
104 120 58
104 122 40
104 123 70
104 127 62
104 130 47
104 131 24
104 133 13
104 135 18
104 138 100
104 141 70
104 144 55
104 145 74
104 147 22
105 106 66
105 113 23
105 114 58
105 115 58
105 116 40
105 117 4
105 123 6
105 130 47
105 133 59
105 134 72
105 135 26
105 140 98
105 141 77
105 145 9
105 148 32
105 149 52
106 108 64
106 112 27
106 113 82
106 117 32
106 119 91
106 120 22
106 121 47
106 125 83
106 128 96
106 129 97
106 131 28
106 133 42
106 134 90
106 140 30
106 142 9
106 144 91
106 147 61
106 148 51
107 112 60
107 115 84
107 116 13
107 123 70
107 127 67
107 128 29
107 129 34
107 131 56
107 135 15
107 136 99
107 137 71
107 139 78
107 140 25
107 142 82
107 144 43
107 147 99
108 111 40
108 117 89
108 118 94
108 123 44
108 125 38
108 129 23
108 135 49
108 136 33
108 137 66
108 139 88
108 140 74
108 142 63
108 143 41
108 145 95
108 146 26
108 147 70
108 150 90
109 111 95
109 112 50
109 113 30
109 114 65
109 117 9
109 121 58
109 125 5
109 126 63
109 129 47
109 133 82
109 135 64
109 137 74
109 138 48
109 142 63
109 143 31
109 149 85
109 150 96
110 111 93
110 118 82
110 119 17
110 120 51
110 123 44
110 129 75
110 131 22
110 135 1
110 136 84
110 137 89
110 142 96
110 147 76
110 150 62
111 113 24
111 114 24
111 118 22
111 120 60
111 121 61
111 131 17
111 140 48
111 141 1
111 145 46
111 146 44
112 117 60
112 122 54
112 131 22
112 132 39
112 133 35
112 135 54
112 138 13
112 140 57
112 142 60
112 143 89
112 144 91
112 145 96
112 146 47
112 148 38
113 115 83
113 117 45
113 118 85
113 119 54
113 120 55
113 121 72
113 123 36
113 124 4
113 125 59
113 128 19
113 131 87
113 133 38
113 134 56
113 138 35
113 143 92
113 144 16
114 115 99
114 116 60
114 117 44
114 118 2
114 121 21
114 122 41
114 124 73
114 126 8
114 127 72
114 129 100
114 130 92
114 131 56
114 135 4
114 136 55
114 142 93
114 145 49
114 146 68
114 150 43
115 116 86
115 117 96
115 125 40
115 127 9
115 128 25
115 129 81
115 130 32
115 132 65
115 135 17
115 138 86
115 142 61
115 143 37
115 149 8
115 150 85
116 117 81
116 119 64
116 121 99
116 122 40
116 125 14
116 126 15
116 129 85
116 130 4
116 132 50
116 135 80
116 140 47
116 144 25
116 147 32
116 149 69
117 118 45
117 123 80
117 127 6
117 129 83
117 131 38
117 136 41
117 137 49
117 141 93
117 142 4
117 144 14
117 145 18
118 122 7
118 125 25
118 131 22
118 132 58
118 135 73
118 138 32
118 139 82
118 140 35
118 141 99
118 146 38
118 147 68
118 148 68
118 150 69
119 120 10
119 121 85
119 122 10
119 124 59
119 128 29
119 129 98
119 131 39
119 132 46
119 137 92
119 138 41
119 142 28
120 121 8
120 122 32
120 128 97
120 129 79
120 133 62
120 135 12
120 136 60
120 137 15
120 143 69
120 147 64
121 124 38
121 127 83
121 132 30
121 135 76
121 136 31
121 139 88
121 143 3
121 145 45
121 146 57
121 147 92
121 148 31
121 149 26
122 123 86
122 124 3
122 127 43
122 130 51
122 131 68
122 132 21
122 134 60
122 138 28
122 145 96
122 150 53
123 124 60
123 125 60
123 129 1
123 131 24
123 135 43
123 137 28
123 140 72
123 141 40
123 142 28
123 143 30
123 146 19
123 147 93
123 148 54
123 149 19
123 150 34
124 126 44
124 127 68
124 128 63
124 130 48
124 132 58
124 133 49
124 134 5
124 137 86
124 138 17
124 139 80
124 140 51
124 141 71
125 128 85
125 132 45
125 133 36
125 134 54
125 135 77
125 140 25
125 143 37
125 145 63
125 148 93
126 127 94
126 128 53
126 130 53
126 134 59
126 138 90
126 139 67
126 140 8
126 143 20
126 146 47
126 149 13
127 129 60
127 131 64
127 132 61
127 134 80
127 142 20
127 144 15
127 146 3
127 147 15
127 148 44
127 150 86
128 130 21
128 133 13
128 141 60
128 142 35
128 144 63
128 149 82
129 133 95
129 135 5
129 136 55
129 141 62
129 144 95
129 145 86
130 139 26
130 141 61
130 144 15
130 147 96
130 148 84
130 149 96
131 132 13
131 133 86
131 134 34
131 135 97
131 137 44
131 140 87
131 141 8
131 145 84
131 146 67
131 147 94
132 133 57
132 134 6
132 135 32
132 136 67
132 137 19
132 144 90
132 146 66
132 148 58
133 135 70
133 138 99
133 140 4
133 147 66
133 149 69
134 135 21
134 137 3
134 138 5
134 140 69
134 141 22
134 142 19
134 143 78
134 145 23
134 146 78
134 147 20
134 149 16
134 150 63
135 136 92
135 138 94
135 140 37
135 141 22
135 144 87
135 145 87
135 146 94
135 149 91
136 139 8
136 141 16
136 143 20
137 138 26
137 145 3
137 148 84
137 149 22
137 150 49
138 139 96
138 140 81
138 143 39
138 145 99
138 147 91
138 148 23
138 149 48
139 142 98
139 145 75
139 146 39
140 141 83
140 142 61
140 145 82
140 146 35
140 147 88
140 148 70
141 148 11
141 150 84
142 143 97
142 144 92
142 149 88
143 147 68
143 149 26
144 146 57
144 148 51
144 149 69
145 146 55
145 147 3
146 147 31
146 148 100
146 149 33
147 149 13
147 150 73
148 149 70
148 150 13
149 150 15
1 4 23
1 5 90
1 9 20
1 10 80
1 11 7
1 14 97
1 15 19
1 18 51
1 21 82
1 26 72
1 27 27
1 34 69
1 38 4
1 39 8
1 42 51
1 45 76
1 49 29
1 51 14
1 52 46
1 53 58
1 56 38
1 63 33
1 65 21
1 67 2
1 70 63
1 87 20
1 88 44
1 90 50
1 91 94
1 92 9
1 94 20
1 101 43
1 102 30
1 104 45
1 107 37
1 111 98
1 114 11
1 116 52
1 121 14
1 123 85
1 127 95
1 130 37
1 132 51
1 134 28
1 137 73
1 139 86
1 141 57
1 142 38
1 143 53
1 148 56
1 149 69
2 5 28
2 10 69
2 11 68
2 12 28
2 13 3
2 14 5
2 15 10
2 16 3
2 18 94
2 19 33
2 22 18
2 23 26
2 25 96
2 28 61
2 30 5
2 31 9
2 32 92
2 33 98
2 34 19
2 39 46
2 43 4
2 45 67
2 51 36
2 53 34
2 54 54
2 55 30
2 58 87
2 59 6
2 60 14
2 62 88
2 66 32
2 68 99
2 72 5
2 73 76
2 76 43
2 79 6
2 82 96
2 83 97
2 84 41
2 87 13
2 89 47
2 91 3
2 92 18
2 94 11
2 97 92
2 99 76
2 101 17
2 104 88
2 111 68
2 114 86
2 115 53
2 119 20
2 120 12
2 121 45
2 124 92
2 126 20
2 127 50
2 134 94
2 137 13
2 138 43
2 140 73
2 141 60
2 143 9
2 145 81
2 146 57
3 6 37
3 8 41
3 9 50
3 14 39
3 15 5
3 20 60
3 22 24
3 24 100
3 26 75
3 28 12
3 29 44
3 31 14
3 36 56
3 37 51
3 39 100
3 40 58
3 41 41
3 43 17
3 44 84
3 46 3
3 47 46
3 48 40
3 50 40
3 52 96
3 53 4
3 54 86
3 58 32
3 59 96
3 63 81
3 67 81
3 75 70
3 76 45
3 78 37
3 80 95
3 82 8
3 84 26
3 85 67
3 90 38
3 91 40
3 96 83
3 100 45
3 101 12
3 103 26
3 106 66
3 108 94
3 110 23
3 111 11
3 115 19
3 119 14
3 124 87
3 125 14
3 131 25
3 134 79
3 135 67
3 136 3
3 137 75
3 139 9
3 141 87
3 144 6
3 145 12
3 146 41
3 148 55
4 6 56
4 10 77
4 11 22
4 12 15
4 15 47
4 16 41
4 17 68
4 20 74
4 23 17
4 24 9
4 27 49
4 28 99
4 35 68
4 37 57
4 39 8
4 42 91
4 43 2
4 45 54
4 47 78
4 49 15
4 53 40
4 55 42
4 56 46
4 61 94
4 64 86
4 65 59
4 66 81
4 68 44
4 72 55
4 73 37
4 76 96
4 77 82
4 78 15
4 81 67
4 82 10
4 83 16
4 84 91
4 85 71
4 86 74
4 89 91
4 91 14
4 95 70
4 96 7
4 97 87
4 101 72
4 102 15
4 106 33
4 107 14
4 109 10
4 112 4
4 114 97
4 115 73
4 116 19
4 119 38
4 122 12
4 126 65
4 127 94
4 129 49
4 130 27
4 136 56
4 138 59
4 139 70
4 142 99
4 143 13
4 145 97
4 150 81
5 7 63
5 11 90
5 16 22
5 17 58
5 20 40
5 21 6
5 23 37
5 24 38
5 26 25
5 29 14
5 30 19
5 31 94
5 32 30
5 34 44
5 36 80
5 43 33
5 44 55
5 45 57
5 46 17
5 49 32
5 51 89
5 55 77
5 57 95
5 60 17
5 64 23
5 65 74
5 66 73
5 68 19
5 72 71
5 73 33
5 82 22
5 83 100
5 88 48
5 90 94
5 94 50
5 97 90
5 100 53
5 102 52
5 104 99
5 105 64
5 107 93
5 111 79
5 113 29
5 119 55
5 120 63
5 121 2
5 123 95
5 124 20
5 127 74
5 132 84
5 133 96
5 136 48
5 137 64
5 139 15
5 141 52
5 145 93
5 146 53
5 147 25
6 9 66
6 13 23
6 14 33
6 15 59
6 18 90
6 20 30
6 24 2
6 27 43
6 29 49
6 32 74
6 34 56
6 35 44
6 36 12
6 37 88
6 38 37
6 39 49
6 44 91
6 47 76
6 49 66
6 54 44
6 56 80
6 57 51
6 61 42
6 68 66
6 70 62
6 72 63
6 74 79
6 76 4
6 79 89
6 80 34
6 83 20
6 84 11
6 88 30
6 91 40
6 92 1
6 94 5
6 99 89
6 102 20
6 103 40
6 106 4
6 107 55
6 114 86
6 116 82
6 117 61
6 121 60
6 125 28
6 129 88
6 131 79
6 132 92
6 133 24
6 134 62
6 136 35
6 137 69
6 139 91
6 142 34
6 144 66
6 145 72
6 149 4
7 8 23
7 10 44
7 17 33
7 21 76
7 24 71
7 25 54
7 27 1
7 29 85
7 30 62
7 33 46
7 35 23
7 37 55
7 40 94
7 41 99
7 42 90
7 48 54
7 49 49
7 50 23
7 52 59
7 58 62
7 61 19
7 63 14
7 65 91
7 68 77
7 69 93
7 73 4
7 79 23
7 80 84
7 81 5
7 90 48
7 95 19
7 96 93
7 99 10
7 105 19
7 108 2
7 109 7
7 110 75
7 112 45
7 113 96
7 114 21
7 116 60
7 120 72
7 122 9
7 123 82
7 126 19
7 130 48
7 132 29
7 133 65
7 136 97
7 138 52
7 147 55
7 150 82
8 11 39
8 13 20
8 14 52
8 15 6
8 23 99
8 25 74
8 27 60
8 28 49
8 29 50
8 30 60
8 34 15
8 35 16
8 36 76
8 37 58
8 38 43
8 41 32
8 46 36
8 48 15
8 49 77
8 52 49
8 53 30
8 55 58
8 56 54
8 60 16
8 64 23
8 65 95
8 66 28
8 69 21
8 71 35
8 73 53
8 77 18
8 82 59
8 83 96
8 85 76
8 89 35
8 90 16
8 91 12
8 93 83
8 95 37
8 96 88
8 99 86
8 100 7
8 103 21
8 104 34
8 106 82
8 107 39
8 108 56
8 109 36
8 115 73
8 117 34
8 118 18
8 122 98
8 124 36
8 127 13
8 129 36
8 130 43
8 131 8
8 132 5
8 134 34
8 139 20
8 141 26
8 146 1
8 147 76
9 16 36
9 18 95
9 19 35
9 20 19
9 21 74
9 23 79
9 24 66
9 27 80
9 28 64
9 29 45
9 32 17
9 35 46
9 39 20
9 44 61
9 47 52
9 53 46
9 54 52
9 56 20
9 58 31
9 59 74
9 63 54
9 64 48
9 65 45
9 68 1
9 69 66
9 70 29
9 74 44
9 78 28
9 80 5
9 81 48
9 84 47
9 94 28
9 95 70
9 103 44
9 106 49
9 113 3
9 115 76
9 117 30
9 118 98
9 119 34
9 120 23
9 121 2
9 122 56
9 123 46
9 132 35
9 133 39
9 134 23
9 135 30
9 144 5
9 147 61
9 149 16
10 18 1
10 19 100
10 21 50
10 22 98
10 23 100
10 25 22
10 29 99
10 33 53
10 35 75
10 36 4
10 38 33
10 49 59
10 52 39
10 56 41
10 61 32
10 62 8
10 63 45
10 67 35
10 68 54
10 71 97
10 72 71
10 74 26
10 76 97
10 82 60
10 84 18
10 86 78
10 87 24
10 89 73
10 92 47
10 93 53
10 94 7
10 95 5
10 96 44
10 99 9
10 100 24
10 101 27
10 102 2
10 103 3
10 104 9
10 105 71
10 107 20
10 108 44
10 110 34
10 111 95
10 113 40
10 115 88
10 119 69
10 123 6
10 127 26
10 128 20
10 129 35
10 130 100
10 135 9
10 145 89
10 146 79
10 148 90
10 150 59
11 14 71
11 21 78
11 23 28
11 24 55
11 26 85
11 31 24
11 34 42
11 36 30
11 39 92
11 41 96
11 48 80
11 51 5
11 56 47
11 57 95
11 63 14
11 65 27
11 66 72
11 67 9
11 69 62
11 76 67
11 77 85
11 83 58
11 85 84
11 91 18
11 93 78
11 94 76
11 97 67
11 98 53
11 101 58
11 103 59
11 106 41
11 107 59
11 109 24
11 110 21
11 111 6
11 115 96
11 116 51
11 117 70
11 118 37
11 119 19
11 123 69
11 127 75
11 130 2
11 131 84
11 133 3
11 135 55
11 138 48
11 141 90
11 142 49
11 143 54
11 144 74
11 145 91
11 146 24
11 147 35
12 16 52
12 17 37
12 25 66
12 26 47
12 27 15
12 28 14
12 29 77
12 37 42
12 38 55
12 39 16
12 43 29
12 48 25
12 50 26
12 53 72
12 55 25
12 56 29
12 65 72
12 67 99
12 69 39
12 70 66
12 72 89
12 73 9
12 74 96
12 75 89
12 79 42
12 80 31
12 81 1
12 85 71
12 87 65
12 89 65
12 92 23
12 93 26
12 94 25
12 95 34
12 97 64
12 98 71
12 99 43
12 102 92
12 105 37
12 111 86
12 113 39
12 114 24
12 117 11
12 118 87
12 119 37
12 120 1
12 122 25
12 124 68
12 127 4
12 128 84
12 130 22
12 132 40
12 133 77
12 134 44
12 136 7
12 137 12
12 138 79
12 141 83
12 143 2
12 146 36
12 147 45
12 148 98
13 16 45
13 17 95
13 18 17
13 19 92
13 20 96
13 21 71
13 24 70
13 25 41
13 36 82
13 38 56
13 39 12
13 44 47
13 46 56
13 47 80
13 50 83
13 51 56
13 53 36
13 54 14
13 56 59
13 60 55
13 61 40
13 65 20
13 67 45
13 71 54
13 75 99
13 78 52
13 82 25
13 83 74
13 86 23
13 87 4
13 88 9
13 92 23
13 93 41
13 94 75
13 95 72
13 96 95
13 97 45
13 98 55
13 100 18
13 103 97
13 104 32
13 107 46
13 109 34
13 111 4
13 112 73
13 115 76
13 118 60
13 119 92
13 121 1
13 124 82
13 125 11
13 126 98
13 130 52
13 131 5
13 132 29
13 133 69
13 135 66
13 136 100
13 139 67
13 140 62
13 141 13
13 143 67
13 144 36
13 147 2
13 148 86
13 149 17
14 16 2
14 17 24
14 18 64
14 19 100
14 23 79
14 26 37
14 28 89
14 29 84
14 30 76
14 32 97
14 35 93
14 37 4
14 38 63
14 44 15
14 45 24
14 49 95
14 53 70
14 57 40
14 62 15
14 66 29
14 68 93
14 70 93
14 71 77
14 72 46
14 73 37
14 74 59
14 79 19
14 83 75
14 84 54
14 91 82
14 92 43
14 93 99
14 97 25
14 98 39
14 100 51
14 104 60
14 106 23
14 107 43
14 111 26
14 112 6
14 114 55
14 115 55
14 118 100
14 119 43
14 124 95
14 126 78
14 131 21
14 136 66
14 137 19
14 139 42
14 141 41
14 142 92
14 144 32
14 145 32
14 147 38
14 150 70
15 17 2
15 18 91
15 19 57
15 22 86
15 26 85
15 27 64
15 29 28
15 35 44
15 38 7
15 42 50
15 43 38
15 50 3
15 53 92
15 54 41
15 55 32
15 56 3
15 60 17
15 65 61
15 71 85
15 73 4
15 74 46
15 75 69
15 77 50
15 78 35
15 79 16
15 80 52
15 83 91
15 86 57
15 88 80
15 91 12
15 92 25
15 93 34
15 94 84
15 96 91
15 98 92
15 102 74
15 104 81
15 107 1
15 111 67
15 119 6
15 121 92
15 128 4
15 129 87
15 130 1
15 133 92
15 134 97
15 137 8
15 143 24
15 149 70
15 150 91
16 18 52
16 19 14
16 27 18
16 29 35
16 30 58
16 31 10
16 33 37
16 36 69
16 37 92
16 39 14
16 41 50
16 42 23
16 49 2
16 51 99
16 53 8
16 57 66
16 58 69
16 59 99
16 63 84
16 64 21
16 66 62
16 69 19
16 70 83
16 75 44
16 78 83
16 79 2
16 81 75
16 83 50
16 86 83
16 90 4
16 91 5
16 92 34
16 96 34
16 99 99
16 100 16
16 102 51
16 109 52
16 112 86
16 114 26
16 116 7
16 117 36
16 118 81
16 123 55
16 124 40
16 129 14
16 130 21
16 134 28
16 135 68
16 138 93
16 141 62
16 145 68
16 147 96
16 150 77
17 18 36
17 19 33
17 26 60
17 27 25
17 29 50
17 35 25
17 36 73
17 38 32
17 39 7
17 44 82
17 45 14
17 46 21
17 47 7
17 48 42
17 50 25
17 53 72
17 54 82
17 61 71
17 63 11
17 64 77
17 65 55
17 66 97
17 67 36
17 70 32
17 72 77
17 73 19
17 77 26
17 81 57
17 82 53
17 83 71
17 85 57
17 87 75
17 89 77
17 90 42
17 91 64
17 92 86
17 100 71
17 101 71
17 105 81
17 108 59
17 110 23
17 117 85
17 118 62
17 120 54
17 122 41
17 125 65
17 126 82
17 128 39
17 132 68
17 133 9
17 134 46
17 136 71
17 138 64
17 139 3
17 142 94
17 147 28
17 149 85
18 19 14
18 21 29
18 24 62
18 27 16
18 28 9
18 32 69
18 39 62
18 40 65
18 41 76
18 43 66
