150 10058 1
1 2 97
1 3 9
1 8 99
1 14 46
1 15 54
1 23 79
1 24 15
1 25 13
1 27 80
1 34 4
1 38 13
1 40 88
1 41 6
1 46 67
1 47 95
1 48 49
1 50 50
1 54 4
1 56 1
1 58 18
1 62 58
1 63 28
1 64 30
1 68 8
1 69 39
1 73 84
1 75 42
1 79 37
1 81 58
1 83 5
1 85 92
1 87 63
1 88 49
1 89 41
1 92 26
1 96 99
1 99 60
1 103 55
1 106 65
1 107 56
1 110 5
1 111 54
1 112 37
1 113 90
1 114 39
1 117 97
1 121 34
1 122 33
1 124 77
1 125 100
1 127 55
1 130 5
1 132 20
1 146 29
1 147 81
1 149 60
2 5 57
2 9 42
2 16 7
2 18 80
2 19 47
2 22 5
2 26 73
2 29 87
2 31 44
2 34 80
2 37 68
2 38 41
2 43 88
2 48 54
2 50 31
2 51 84
2 53 50
2 55 27
2 56 27
2 57 15
2 60 5
2 66 74
2 67 90
2 69 5
2 71 76
2 76 87
2 77 53
2 81 1
2 82 27
2 85 60
2 87 76
2 89 63
2 92 82
2 93 62
2 101 64
2 102 96
2 103 50
2 111 74
2 114 13
2 117 44
2 121 6
2 124 61
2 128 85
2 129 26
2 130 38
2 132 95
2 134 64
2 137 62
2 141 99
2 142 6
2 144 65
3 4 50
3 5 93
3 8 82
3 9 11
3 11 72
3 16 96
3 17 2
3 18 27
3 34 72
3 35 75
3 36 41
3 44 47
3 45 78
3 49 99
3 51 86
3 56 48
3 58 3
3 60 47
3 63 47
3 65 25
3 66 90
3 68 71
3 69 71
3 72 67
3 74 74
3 75 16
3 77 98
3 81 81
3 86 60
3 88 58
3 90 27
3 92 8
3 93 82
3 94 1
3 95 68
3 103 12
3 104 98
3 107 81
3 112 90
3 113 30
3 115 40
3 117 77
3 119 71
3 127 49
3 128 28
3 134 57
3 136 37
3 137 72
3 140 49
3 142 29
3 147 26
3 150 100
4 5 38
4 9 83
4 11 92
4 12 33
4 23 33
4 25 19
4 28 83
4 31 68
4 33 10
4 39 26
4 40 49
4 44 45
4 46 2
4 47 38
4 49 64
4 52 61
4 54 46
4 57 6
4 58 10
4 59 58
4 63 97
4 65 49
4 71 89
4 72 3
4 75 80
4 76 78
4 80 21
4 81 78
4 85 12
4 86 88
4 88 43
4 91 47
4 95 90
4 98 82
4 101 34
4 102 9
4 106 24
4 107 33
4 108 82
4 110 50
4 111 89
4 112 30
4 114 28
4 115 100
4 116 24
4 119 52
4 120 24
4 123 56
4 124 17
4 126 65
4 127 19
4 128 85
4 129 67
4 131 45
4 132 77
4 133 93
4 138 1
4 140 13
4 141 78
4 145 77
4 146 12
4 150 43
5 6 99
5 8 61
5 15 76
5 19 56
5 23 100
5 24 100
5 27 84
5 30 14
5 32 12
5 34 12
5 35 93
5 36 30
5 38 60
5 40 19
5 42 49
5 45 73
5 51 97
5 57 23
5 61 62
5 63 68
5 64 16
5 65 72
5 69 73
5 70 93
5 71 83
5 72 86
5 73 55
5 74 35
5 77 92
5 79 83
5 80 87
5 81 42
5 83 68
5 84 99
5 90 62
5 91 66
5 94 48
5 96 59
5 100 65
5 101 47
5 102 65
5 103 37
5 107 94
5 108 83
5 109 96
5 110 84
5 112 47
5 113 21
5 116 74
5 117 16
5 118 90
5 120 55
5 123 87
5 125 92
5 128 33
5 131 74
5 132 100
5 134 19
5 135 32
5 137 76
5 138 60
5 140 56
5 141 66
5 143 11
5 145 83
5 147 96
5 149 23
6 7 75
6 11 71
6 12 99
6 13 96
6 17 37
6 20 54
6 21 43
6 23 35
6 24 35
6 30 83
6 34 60
6 40 74
6 42 29
6 43 7
6 44 88
6 46 51
6 47 82
6 52 70
6 53 87
6 55 66
6 57 45
6 58 36
6 62 47
6 63 25
6 64 50
6 65 19
6 67 56
6 68 9
6 69 32
6 70 50
6 72 11
6 74 67
6 77 27
6 78 30
6 83 79
6 84 88
6 87 37
6 97 13
6 98 71
6 100 43
6 108 8
6 110 42
6 113 47
6 115 43
6 116 31
6 117 47
6 119 7
6 120 8
6 121 66
6 124 38
6 125 17
6 128 89
6 129 93
6 130 3
6 132 82
6 135 91
6 136 65
6 137 64
6 138 37
6 139 49
6 141 61
6 143 35
6 146 59
6 148 98
6 149 84
7 12 49
7 15 61
7 16 83
7 29 2
7 31 46
7 34 64
7 35 75
7 38 97
7 39 39
7 40 35
7 41 51
7 44 36
7 46 40
7 50 17
7 53 36
7 55 96
7 57 79
7 58 41
7 61 100
7 63 43
7 65 69
7 66 81
7 67 27
7 71 39
7 73 14
7 75 52
7 77 12
7 79 72
7 83 99
7 88 14
7 91 46
7 92 26
7 93 2
7 100 45
7 102 52
7 103 45
7 104 61
7 106 99
7 109 92
7 110 27
7 112 60
7 116 24
7 124 42
7 125 31
7 128 54
7 130 85
7 131 53
7 134 90
7 136 9
7 140 31
7 141 33
7 144 55
7 146 7
7 147 99
7 148 10
7 149 13
7 150 98
8 9 91
8 10 96
8 12 52
8 15 57
8 16 74
8 18 58
8 19 47
8 24 78
8 27 67
8 28 59
8 29 8
8 31 97
8 34 62
8 35 86
8 40 13
8 42 2
8 45 13
8 52 55
8 61 55
8 62 14
8 63 43
8 64 45
8 73 86
8 79 36
8 80 44
8 83 7
8 86 78
8 87 72
8 95 99
8 98 98
8 102 42
8 104 13
8 105 46
8 110 21
8 112 88
8 117 30
8 119 8
8 121 33
8 122 68
8 125 56
8 127 91
8 129 58
8 132 11
8 135 96
8 136 87
8 137 42
8 139 21
8 140 27
8 146 74
8 147 25
8 148 81
8 149 9
8 150 69
9 10 74
9 13 24
9 14 84
9 18 30
9 29 34
9 32 65
9 35 72
9 36 3
9 40 96
9 42 14
9 43 97
9 47 11
9 51 82
9 53 3
9 56 99
9 59 38
9 62 40
9 64 22
9 65 86
9 66 53
9 67 24
9 69 71
9 70 81
9 72 82
9 73 40
9 79 3
9 80 40
9 81 100
9 83 100
9 86 96
9 88 99
9 89 44
9 94 69
9 103 58
9 107 30
9 108 19
9 115 62
9 119 89
9 122 20
9 123 35
9 126 44
9 127 80
9 128 3
9 129 17
9 133 39
9 136 60
9 138 89
9 139 1
9 140 96
9 142 81
9 146 3
10 11 73
10 15 80
10 16 77
10 19 95
10 23 31
10 25 4
10 28 66
10 29 41
10 34 37
10 35 75
10 36 57
10 38 34
10 39 3
10 40 46
10 42 98
10 43 35
10 45 26
10 48 56
10 51 77
10 52 19
10 58 52
10 59 63
10 61 97
10 63 72
10 65 66
10 66 19
10 71 82
10 73 63
10 75 53
10 77 37
10 79 97
10 80 39
10 82 83
10 84 18
10 91 81
10 92 83
10 98 96
10 99 86
10 101 53
10 102 28
10 106 60
10 107 8
10 108 87
10 109 45
10 112 92
10 113 42
10 117 42
10 122 37
10 128 79
10 131 8
10 137 71
10 138 84
10 140 7
10 141 19
10 143 87
10 144 31
10 145 49
10 146 92
10 149 86
11 12 81
11 13 39
11 15 21
11 16 10
11 18 2
11 22 85
11 24 13
11 25 97
11 26 55
11 28 20
11 29 97
11 30 53
11 32 89
11 34 26
11 37 84
11 41 65
11 44 77
11 45 67
11 47 63
11 48 47
11 49 38
11 50 28
11 51 87
11 58 1
11 59 72
11 61 20
11 62 4
11 63 65
11 64 1
11 65 55
11 67 47
11 71 11
11 72 16
11 79 66
11 81 50
11 83 64
11 90 37
11 91 73
11 92 25
11 100 13
11 103 35
11 106 75
11 113 56
11 118 36
11 125 71
11 126 6
11 128 93
11 131 31
11 132 16
11 133 28
11 139 82
11 140 62
11 141 53
11 144 20
12 13 84
12 15 57
12 17 41
12 28 3
12 31 42
12 34 49
12 39 20
12 43 12
12 46 14
12 47 26
12 48 87
12 49 22
12 60 38
12 61 29
12 64 18
12 65 5
12 71 75
12 75 46
12 76 6
12 80 13
12 81 100
12 83 61
12 85 75
12 90 71
12 97 15
12 100 28
12 101 50
12 102 75
12 107 64
12 108 89
12 109 72
12 110 94
12 112 32
12 114 36
12 120 37
12 122 98
12 127 53
12 128 16
12 132 40
12 133 27
12 135 91
12 141 53
12 147 70
12 148 35
12 149 18
13 14 35
13 20 3
13 21 7
13 22 32
13 27 75
13 28 48
13 29 34
13 30 31
13 32 19
13 34 10
13 36 53
13 40 58
13 41 85
13 46 60
13 48 89
13 55 65
13 56 32
13 58 31
13 59 33
13 63 43
13 66 48
13 67 52
13 68 24
13 71 45
13 80 16
13 82 50
13 86 14
13 87 75
13 90 45
13 93 4
13 97 66
13 99 70
13 100 63
13 102 88
13 103 97
13 105 48
13 108 23
13 109 94
13 110 26
13 112 87
13 113 48
13 114 66
13 115 39
13 123 48
13 125 97
13 126 69
13 128 88
13 129 64
13 130 91
13 136 37
13 137 65
13 138 86
13 139 21
13 140 18
13 141 99
13 146 30
13 147 88
13 148 73
13 149 87
13 150 60
14 15 39
14 17 97
14 18 16
14 19 96
14 20 25
14 21 19
14 24 60
14 26 99
14 27 89
14 31 56
14 33 93
14 34 20
14 35 98
14 36 39
14 37 81
14 38 92
14 40 78
14 41 47
14 43 40
14 46 2
14 49 19
14 57 17
14 58 73
14 60 28
14 62 63
14 63 96
14 64 18
14 65 47
14 66 66
14 68 86
14 73 88
14 77 51
14 78 74
14 80 84
14 82 12
14 84 20
14 85 95
14 87 93
14 88 40
14 90 17
14 94 9
14 95 37
14 96 13
14 97 30
14 98 33
14 99 59
14 101 12
14 105 72
14 108 78
14 109 56
14 116 16
14 117 49
14 118 14
14 119 76
14 128 64
14 129 95
14 131 12
14 132 91
14 133 36
14 134 19
14 137 59
14 138 79
14 140 100
14 142 60
14 144 12
14 149 80
14 150 41
15 16 67
15 19 88
15 23 44
15 28 31
15 29 41
15 30 10
15 36 81
15 44 46
15 46 25
15 47 19
15 48 59
15 51 50
15 56 84
15 64 70
15 67 8
15 74 23
15 78 68
15 79 89
15 80 51
15 81 94
15 82 6
15 85 10
15 86 58
15 87 84
15 88 100
15 89 12
15 91 99
15 92 93
15 94 60
15 95 67
15 100 31
15 114 47
15 116 39
15 118 68
15 119 60
15 122 19
15 126 24
15 128 57
15 129 50
15 131 52
15 136 4
15 139 83
15 140 41
15 142 21
15 143 79
15 145 92
15 148 61
15 149 28
16 17 49
16 18 90
16 20 100
16 22 86
16 24 15
16 26 70
16 29 71
16 39 17
16 41 96
16 43 31
16 45 26
16 46 14
16 47 61
16 52 83
16 54 13
16 56 22
16 57 1
16 64 34
16 65 13
16 67 67
16 69 44
16 72 72
16 73 83
16 77 50
16 79 97
16 80 42
16 88 39
16 89 91
16 92 35
16 93 82
16 94 30
16 96 26
16 98 16
16 101 11
16 104 100
16 106 23
16 107 35
16 110 58
16 114 34
16 118 33
16 119 77
16 125 76
16 129 24
16 133 38
16 137 76
16 138 85
16 139 22
16 140 18
16 142 73
16 145 25
16 146 64
16 147 94
16 148 51
16 150 53
17 19 80
17 21 34
17 22 30
17 27 52
17 29 27
17 30 96
17 35 54
17 39 58
17 41 33
17 44 81
17 45 5
17 47 89
17 51 5
17 54 59
17 55 72
17 56 14
17 59 47
17 64 48
17 66 51
17 67 48
17 68 16
17 69 49
17 70 2
17 71 99
17 72 86
17 73 85
17 74 69
17 75 27
17 76 52
17 79 96
17 80 41
17 84 14
17 89 59
17 90 50
17 91 5
17 93 95
17 97 19
17 98 77
17 100 29
17 102 98
17 103 46
17 104 8
17 106 51
17 112 6
17 113 61
17 114 12
17 115 46
17 118 64
17 120 94
17 123 94
17 126 25
17 128 74
17 129 41
17 130 76
17 131 96
17 135 35
17 141 11
17 143 6
17 145 56
17 147 43
17 150 47
18 20 78
18 25 21
18 29 34
18 32 29
18 40 68
18 42 69
18 43 56
18 47 93
18 53 86
18 57 43
18 64 44
18 67 49
18 69 41
18 74 35
18 75 35
18 77 83
18 78 58
18 80 88
18 83 93
18 88 47
18 91 47
18 92 80
18 95 32
18 103 50
18 105 86
18 109 12
18 115 90
18 116 6
18 118 45
18 120 4
18 121 70
18 125 18
18 128 92
18 130 11
18 134 53
18 139 10
18 140 94
18 142 66
18 147 77
18 149 53
19 23 16
19 27 59
19 28 27
19 30 63
19 31 12
19 37 15
19 38 79
19 40 58
19 47 41
19 50 1
19 53 80
19 57 86
19 60 5
19 61 95
19 66 68
19 68 56
19 69 42
19 72 60
19 73 61
19 75 84
19 76 27
19 81 51
19 83 12
19 87 39
19 90 57
19 91 5
19 93 40
19 102 80
19 106 77
19 108 48
19 112 45
19 113 48
19 114 74
19 115 29
19 123 87
19 124 14
19 125 36
19 131 80
19 137 9
19 138 35
19 139 77
19 141 45
19 144 96
19 145 98
20 23 43
20 24 82
20 25 68
20 33 47
20 34 88
20 36 61
20 38 93
20 40 100
20 44 31
20 45 81
20 46 32
20 49 27
20 50 96
20 52 43
20 53 3
20 60 97
20 63 80
20 69 71
20 72 30
20 73 27
20 75 96
20 80 93
20 86 43
20 87 4
20 92 8
20 93 43
20 101 65
20 104 88
20 105 33
20 106 29
20 113 63
20 114 23
20 116 94
20 117 86
20 123 3
20 133 8
20 134 37
20 135 38
20 136 86
20 141 21
20 142 20
20 143 11
21 22 38
21 28 82
21 30 6
21 39 20
21 41 61
21 45 82
21 47 34
21 48 91
21 52 28
21 53 88
21 61 97
21 63 15
21 68 33
21 69 43
21 70 14
21 72 30
21 76 70
21 79 72
21 80 72
21 82 74
21 90 7
21 94 47
21 95 1
21 101 100
21 103 12
21 105 74
21 106 89
21 107 32
21 110 55
21 114 83
21 118 44
21 119 42
21 124 70
21 126 39
21 127 2
21 129 40
21 133 98
21 134 82
21 136 26
21 143 52
21 144 7
21 148 20
21 150 14
22 24 57
22 25 16
22 28 74
22 29 59
22 31 32
22 33 16
22 36 21
22 37 14
22 40 73
22 41 48
22 48 44
22 50 3
22 52 39
22 53 47
22 54 32
22 55 73
22 58 2
22 60 8
22 71 41
22 73 73
22 74 40
22 75 1
22 76 75
22 85 85
22 87 28
22 89 22
22 90 98
22 91 57
22 92 38
22 98 73
22 101 74
22 105 4
22 106 98
22 109 70
22 114 62
22 119 47
22 122 63
22 125 7
22 130 58
22 131 74
22 134 62
22 135 48
22 136 63
22 137 38
22 142 23
22 143 66
22 145 74
22 149 34
22 150 53
23 24 85
23 26 75
23 28 57
23 31 71
23 33 36
23 34 29
23 35 70
23 37 27
23 41 14
23 42 82
23 43 9
23 45 20
23 49 5
23 50 55
23 52 1
23 55 89
23 61 30
23 66 79
23 68 87
23 69 72
23 71 17
23 74 70
23 75 87
23 76 25
23 82 31
23 85 29
23 89 83
23 92 28
23 95 52
23 97 8
23 98 55
23 100 22
23 104 87
23 108 58
23 109 35
23 110 32
23 111 58
23 114 70
23 115 19
23 116 95
23 119 49
23 120 46
23 121 78
23 122 15
23 123 27
23 125 75
23 128 76
23 129 74
23 131 4
23 134 17
23 138 24
23 139 59
23 141 44
23 142 92
23 143 45
23 146 82
23 148 27
23 149 66
23 150 79
24 26 25
24 28 76
24 33 66
24 35 48
24 36 54
24 37 5
24 39 41
24 40 47
24 50 93
24 52 62
24 55 3
24 56 54
24 58 60
24 59 89
24 63 12
24 64 15
24 67 96
24 69 76
24 71 5
24 72 98
24 73 47
24 83 40
24 86 31
24 87 83
24 88 3
24 91 74
24 92 4
24 93 21
24 94 12
24 97 64
24 98 40
24 103 98
24 104 79
24 107 82
24 113 17
24 114 58
24 115 53
24 116 5
24 118 18
24 119 57
24 121 82
24 123 74
24 125 87
24 132 6
24 133 42
24 136 15
24 139 52
24 141 8
24 143 59
24 144 55
25 28 18
25 29 78
25 36 74
25 37 51
25 41 100
25 43 80
25 44 100
25 46 21
25 47 41
25 49 30
25 52 49
25 53 99
25 54 39
25 55 71
25 56 71
25 57 82
25 61 5
25 63 26
25 67 87
25 69 93
25 71 80
25 74 90
25 75 99
25 82 26
25 87 29
25 88 84
25 89 78
25 90 85
25 91 84
25 92 44
25 93 64
25 96 67
25 98 49
25 99 11
25 101 90
25 103 13
25 108 84
25 112 42
25 113 71
25 114 89
25 118 62
25 123 99
25 124 7
25 126 14
25 128 65
25 131 76
25 133 95
25 134 47
25 135 16
25 136 66
25 138 29
25 139 17
25 145 86
25 146 97
25 148 67
26 27 88
26 28 20
26 31 4
26 36 61
26 39 64
26 40 89
26 41 21
26 45 1
26 46 60
26 53 78
26 56 33
26 57 58
26 59 20
26 60 81
26 62 64
26 68 45
26 71 79
26 73 85
26 74 46
26 76 18
26 77 44
26 81 100
26 84 79
26 88 89
26 89 63
26 92 4
26 97 95
26 99 94
26 101 4
26 103 20
26 106 20
26 111 17
26 112 47
26 114 6
26 115 75
26 117 82
26 118 79
26 120 62
26 121 11
26 122 62
26 130 76
26 131 33
26 132 17
26 135 69
26 136 100
26 137 22
26 142 100
26 144 35
26 148 25
26 149 69
26 150 94
27 29 89
27 33 80
27 34 45
27 37 91
27 38 64
27 41 55
27 45 63
27 47 46
27 48 44
27 50 74
27 54 14
27 60 13
27 63 49
27 65 61
27 66 24
27 68 77
27 71 71
27 74 7
27 75 76
27 76 59
27 78 49
27 80 81
27 83 5
27 84 3
27 85 8
27 87 72
27 89 33
27 91 94
27 95 32
27 97 20
27 99 47
27 102 73
27 103 72
27 105 91
27 112 44
27 122 92
27 123 76
27 133 54
27 136 85
27 137 44
27 138 13
28 31 80
28 32 40
28 35 93
28 36 57
28 37 83
28 39 23
28 40 39
28 42 74
28 44 59
28 45 73
28 47 73
28 48 2
28 50 42
28 52 37
28 53 71
28 54 23
28 56 62
28 57 27
28 59 33
28 60 7
28 62 62
28 64 28
28 65 84
28 66 59
28 68 15
28 72 69
28 81 78
28 82 81
28 83 64
28 84 76
28 86 55
28 89 49
28 92 100
28 93 46
28 94 22
28 97 84
28 99 70
28 100 21
28 101 44
28 102 91
28 107 44
28 109 63
28 114 49
28 116 80
28 123 80
28 126 77
28 127 7
28 128 6
28 130 44
28 134 2
28 136 39
28 138 49
28 143 69
28 147 34
28 149 22
29 31 9
29 33 63
29 35 1
29 36 83
29 39 66
29 41 85
29 44 59
29 49 40
29 51 71
29 54 5
29 55 52
29 58 28
29 63 47
29 64 29
29 66 9
29 68 33
29 71 26
29 73 61
29 74 44
29 75 95
29 76 72
29 78 81
29 79 19
29 81 67
29 82 52
29 83 48
29 84 87
29 86 35
29 88 28
29 93 49
29 95 1
29 100 30
29 102 21
29 109 6
29 111 74
29 112 85
29 113 53
29 116 79
29 117 89
29 122 4
29 123 40
29 125 66
29 127 62
29 128 72
29 132 28
29 133 33
29 134 80
29 135 27
29 137 29
29 138 97
29 139 35
29 142 41
29 145 7
30 32 86
30 34 32
30 37 74
30 40 4
30 42 45
30 43 68
30 47 97
30 48 72
30 49 28
30 50 24
30 52 42
30 55 17
30 57 69
30 58 6
30 59 62
30 60 79
30 64 67
30 65 70
30 66 22
30 67 19
30 74 78
30 76 23
30 77 85
30 80 13
30 81 89
30 82 58
30 94 66
30 99 35
30 100 3
30 104 13
30 105 38
30 112 68
30 114 45
30 116 49
30 117 85
30 118 95
30 121 88
30 126 28
30 130 100
30 136 27
30 141 20
30 143 57
30 145 70
30 146 21
30 148 9
30 149 17
31 32 33
31 33 93
31 37 71
31 39 10
31 41 40
31 44 85
31 46 36
31 48 75
31 49 39
31 52 58
31 54 8
31 57 33
31 58 46
31 59 26
31 60 6
31 62 100
31 70 51
31 71 18
31 74 86
31 76 33
31 77 98
31 78 30
31 79 57
31 82 15
31 83 22
31 84 45
31 85 3
31 87 70
31 88 90
31 89 90
31 90 3
31 95 30
31 96 12
31 97 72
31 100 75
31 106 63
31 109 2
31 115 16
31 116 24
31 118 38
31 122 80
31 126 98
31 129 67
31 130 10
31 133 20
31 137 64
31 138 90
31 139 18
31 143 8
31 144 6
32 34 48
32 38 50
32 40 1
32 41 81
32 43 37
32 45 50
32 46 81
32 48 70
32 49 48
32 50 27
32 51 46
32 53 74
32 59 99
32 60 99
32 63 8
32 64 10
32 66 62
32 68 81
32 73 36
32 75 4
32 76 34
32 77 38
32 79 31
32 80 15
32 89 26
32 101 94
32 102 94
32 106 18
32 107 99
32 110 35
32 111 66
32 117 21
32 118 39
32 119 27
32 121 40
32 122 25
32 123 16
32 129 50
32 133 100
32 134 36
32 136 92
32 138 14
32 139 35
32 140 21
32 145 36
32 146 86
32 147 30
32 148 68
32 149 100
33 37 1
33 43 52
33 44 20
33 47 88
33 50 32
33 51 62
33 54 65
33 61 4
33 64 19
33 65 91
33 70 86
33 72 80
33 76 22
33 78 100
33 83 46
33 86 41
33 87 40
33 91 34
33 95 4
33 96 62
33 98 44
33 105 38
33 112 51
33 117 98
33 119 80
33 127 54
33 131 25
33 132 87
33 134 65
33 139 55
33 140 76
33 141 3
33 143 97
33 144 81
33 147 89
34 38 36
34 39 19
34 40 17
34 41 99
34 44 75
34 45 75
34 46 44
34 49 22
34 50 4
34 54 57
34 55 19
34 57 61
34 63 99
34 64 94
34 66 44
34 71 71
34 76 24
34 81 90
34 83 90
34 84 54
34 86 97
34 88 56
34 90 96
34 97 47
34 99 64
34 102 95
34 103 55
34 105 4
34 109 3
34 111 21
34 113 55
34 114 52
34 117 27
34 121 22
34 128 58
34 130 46
34 131 65
34 135 75
34 137 15
34 139 52
34 142 54
34 143 55
34 144 91
34 147 12
35 37 7
35 40 74
35 42 56
35 43 47
35 44 15
35 45 63
35 50 40
35 53 79
35 55 53
35 56 23
35 57 79
35 58 42
35 66 51
35 67 9
35 68 23
35 71 58
35 73 30
35 75 10
35 76 20
35 77 5
35 78 70
35 79 50
35 80 43
35 83 63
35 85 19
35 86 25
35 91 94
35 94 89
35 99 89
35 101 66
35 106 83
35 107 68
35 108 40
35 112 62
35 115 90
35 119 53
35 122 74
35 124 76
35 127 78
35 129 96
35 130 40
35 134 40
35 135 69
35 141 37
35 143 33
35 145 48
35 150 89
36 37 98
36 40 100
36 41 47
36 42 51
36 43 94
36 45 12
36 47 54
36 49 66
36 53 6
36 54 68
36 55 50
36 56 99
36 60 14
36 61 23
36 65 71
36 68 30
36 71 77
36 72 67
36 75 33
36 80 24
36 91 60
36 96 25
36 103 64
36 104 51
36 105 45
36 106 50
36 107 98
36 110 48
36 112 27
36 113 89
36 115 69
36 116 99
36 117 14
36 125 29
36 127 26
36 131 32
36 133 79
36 135 91
36 137 67
36 146 67
36 147 63
36 150 55
37 43 46
37 44 33
37 45 9
37 46 65
37 48 13
37 51 20
37 52 28
37 53 23
37 54 60
37 55 8
37 56 98
37 57 78
37 59 98
37 62 66
37 63 93
37 66 72
37 68 26
37 70 36
37 71 24
37 74 95
37 78 6
37 85 20
37 87 59
37 93 86
37 95 27
37 98 1
37 99 74
37 101 17
37 102 41
37 106 30
37 111 45
37 112 18
37 114 38
37 116 35
37 117 80
37 118 80
37 122 54
37 123 32
37 128 12
37 129 97
37 130 93
37 133 62
37 135 61
37 136 37
37 137 67
37 138 14
37 146 49
37 150 88
38 39 12
38 40 34
38 42 7
38 47 53
38 49 97
38 50 77
38 52 21
38 53 14
38 54 25
38 55 84
38 56 98
38 63 39
38 67 97
38 73 63
38 75 28
38 79 23
38 81 72
38 82 36
38 83 56
38 86 90
38 88 12
38 97 95
38 100 95
38 101 66
38 102 54
38 103 13
38 104 11
38 105 62
38 107 74
38 108 62
38 110 96
38 111 86
38 113 51
38 114 3
38 115 94
38 116 38
38 120 70
38 123 83
38 126 25
38 128 35
38 129 10
38 134 63
38 136 36
38 137 41
38 140 12
38 141 88
38 148 63
39 40 20
39 42 49
39 47 100
39 48 33
39 50 58
39 55 35
39 56 52
39 57 66
39 62 88
39 63 35
39 64 88
39 67 46
39 68 55
39 70 14
39 75 7
39 79 79
39 82 23
39 84 5
39 86 55
39 90 18
39 93 41
39 96 90
39 98 62
39 100 79
39 102 14
39 103 23
39 106 73
39 113 53
39 114 24
39 115 27
39 116 39
39 117 45
39 118 34
39 120 85
39 123 88
39 124 20
39 126 57
39 127 28
39 129 57
39 132 2
39 133 68
39 135 29
39 138 60
39 143 41
39 145 95
39 149 51
39 150 2
40 41 7
40 45 20
40 50 74
40 54 67
40 56 49
40 59 71
40 60 63
40 61 41
40 63 90
40 64 40
40 65 67
40 72 27
40 74 5
40 78 18
40 79 56
40 80 74
40 82 13
40 84 49
40 86 99
40 88 49
40 89 56
40 91 96
40 95 39
40 99 38
40 100 41
40 102 73
40 103 37
40 104 78
40 105 9
40 106 87
40 111 55
40 113 79
40 114 55
40 115 13
40 116 28
40 119 57
40 122 20
40 123 86
40 129 55
40 130 36
40 135 10
40 139 28
40 142 61
40 145 91
40 146 46
40 147 96
41 42 47
41 43 86
41 45 4
41 46 38
41 47 74
41 52 27
41 54 3
41 57 34
41 59 33
41 61 27
41 64 41
41 66 8
41 67 11
41 70 32
41 76 56
41 77 9
41 80 45
41 88 92
41 94 35
41 98 48
41 101 46
41 103 97
41 105 50
41 106 95
41 107 22
41 116 95
41 120 34
41 126 75
41 129 22
41 130 51
41 134 95
41 135 22
41 137 7
41 139 98
41 144 9
41 147 92
41 148 61
42 45 17
42 47 74
42 49 46
42 52 99
42 53 51
42 58 69
42 59 64
42 61 35
42 64 14
42 69 77
42 73 6
42 74 52
42 76 76
42 84 83
42 85 99
42 92 31
42 93 77
42 96 81
42 104 8
42 106 84
42 108 25
42 110 62
42 112 18
42 113 43
42 114 69
42 115 96
42 117 72
42 121 93
42 126 36
42 128 57
42 129 92
42 133 67
42 136 12
42 137 46
42 138 52
42 142 54
42 145 64
42 146 90
42 147 22
42 148 9
42 150 37
43 44 42
43 45 85
43 47 13
43 48 51
43 49 64
43 50 89
43 52 56
43 53 2
43 54 100
43 57 42
43 59 98
43 61 48
43 62 9
43 63 46
43 66 71
43 67 9
43 73 50
43 75 54
43 77 61
43 78 64
43 79 19
43 80 53
43 87 49
43 89 5
43 95 85
43 96 83
43 99 88
43 102 64
43 105 42
43 106 81
43 107 52
43 109 39
43 110 16
43 112 59
43 113 98
43 114 25
43 115 90
43 117 39
43 121 3
43 126 1
43 127 77
43 129 55
43 134 94
43 135 83
43 141 86
43 149 81
43 150 3
44 46 28
44 47 73
44 49 76
44 54 82
44 55 97
44 57 29
44 59 68
44 61 82
44 62 24
44 65 24
44 66 93
44 70 61
44 72 4
44 73 14
44 74 30
44 75 100
44 78 27
44 84 17
44 87 32
44 98 23
44 99 26
44 100 72
44 101 61
44 104 86
44 110 63
44 112 79
44 113 94
44 121 32
44 122 16
44 127 77
44 131 77
44 133 61
44 135 59
44 136 66
44 138 91
44 139 55
44 142 78
44 145 25
44 147 85
44 150 9
45 47 72
45 48 94
45 50 79
45 52 50
45 53 26
45 57 30
45 58 3
45 61 58
45 64 24
45 65 97
45 66 37
45 67 36
45 72 46
45 73 81
45 74 99
45 75 15
45 81 13
45 85 13
45 86 49
45 90 32
45 92 64
45 96 24
45 97 64
45 99 45
45 101 49
45 103 19
45 104 56
45 106 34
45 108 22
45 113 4
45 116 16
45 119 40
45 120 64
45 121 42
45 125 84
45 130 26
45 132 12
45 134 88
45 135 56
45 137 94
45 139 35
45 141 3
45 143 97
45 147 27
45 150 30
46 48 46
46 49 66
46 51 5
46 52 97
46 54 62
46 58 80
46 59 16
46 61 73
46 70 46
46 71 15
46 73 3
46 76 38
46 77 71
46 78 79
46 79 92
46 81 62
46 82 93
46 83 38
46 84 42
46 86 63
46 91 15
46 97 5
46 99 28
46 100 2
46 105 6
46 106 7
46 108 84
46 113 26
46 116 55
46 118 32
46 120 3
46 122 46
46 124 11
46 125 61
46 126 60
46 131 24
46 132 2
46 135 58
46 142 22
46 145 11
46 146 51
46 148 22
47 50 1
47 51 13
47 52 6
47 53 1
47 54 81
47 58 93
47 60 66
47 61 29
47 64 59
47 65 8
47 70 93
47 73 9
47 74 53
47 75 28
47 79 77
47 82 99
47 85 69
47 86 39
47 87 44
47 90 35
47 91 86
47 92 30
47 96 49
47 98 27
47 100 44
47 101 21
47 103 76
47 106 87
47 108 73
47 110 92
47 111 84
47 112 100
47 117 72
47 118 14
47 121 97
47 124 70
47 126 35
47 128 95
47 129 1
47 136 18
47 143 27
47 146 23
47 148 24
48 52 1
48 53 66
48 55 98
48 58 80
48 63 47
48 64 1
48 69 55
48 72 83
48 81 95
48 85 44
48 86 89
48 87 79
48 89 60
48 91 16
48 95 19
48 98 16
48 99 72
48 101 67
48 106 100
48 110 20
48 111 80
48 112 82
48 114 32
48 116 56
48 123 98
48 128 23
48 135 79
48 136 59
48 142 34
48 146 38
48 147 82
48 149 95
49 50 58
49 53 54
49 55 37
49 62 17
49 64 98
49 65 23
49 67 72
49 74 49
49 75 99
49 77 73
49 78 92
49 79 12
49 86 23
49 89 92
49 90 2
49 92 35
49 95 18
49 96 77
49 100 90
49 101 87
49 107 43
49 114 40
49 115 98
49 116 77
49 122 11
49 126 60
49 127 88
49 131 46
49 133 60
49 135 52
49 138 43
49 139 82
49 142 77
49 143 66
49 147 38
49 148 42
49 149 15
50 51 45
50 52 78
50 55 24
50 56 56
50 58 95
50 60 12
50 63 96
50 67 48
50 68 70
50 71 7
50 72 10
50 74 9
50 75 26
50 79 1
50 80 93
50 81 26
50 83 32
50 86 57
50 87 2
50 92 47
50 96 11
50 98 86
50 99 84
50 101 61
50 102 50
50 104 29
50 106 72
50 107 50
50 108 65
50 109 3
50 113 82
50 116 28
50 117 13
50 119 71
50 122 46
50 126 54
50 128 49
50 129 57
50 135 98
50 138 29
50 139 13
50 142 31
50 145 74
50 147 50
50 148 31
51 52 79
51 57 98
51 59 32
51 61 64
51 63 40
51 64 91
51 65 97
51 69 18
51 75 41
51 77 29
51 79 53
51 82 15
51 88 84
51 89 42
51 92 50
51 93 13
51 94 49
51 97 9
51 98 92
51 100 74
51 102 34
51 105 89
51 107 56
51 110 58
51 111 13
51 113 58
51 114 16
51 116 45
51 117 92
51 118 31
51 120 89
51 126 89
51 128 30
51 129 79
51 133 28
51 135 53
51 137 30
51 140 25
51 142 15
51 144 1
51 147 33
51 149 15
52 61 13
52 65 44
52 67 89
52 72 94
52 73 69
52 79 87
52 81 31
52 82 67
52 84 38
52 89 66
52 90 64
52 96 68
52 97 10
52 99 12
52 100 46
52 101 5
52 104 69
52 106 79
52 108 80
52 109 30
52 113 99
52 115 98
52 117 16
52 120 17
52 121 98
52 126 70
52 127 39
52 129 88
52 130 31
52 132 61
52 133 22
52 136 83
52 140 1
52 141 90
52 145 81
52 146 77
52 147 50
52 148 70
53 56 46
53 60 100
53 62 63
53 63 79
53 65 62
53 67 8
53 72 98
53 75 1
53 76 18
53 77 77
53 79 7
53 84 33
53 89 42
53 90 46
53 91 61
53 92 83
53 94 21
53 95 34
53 96 22
53 97 94
53 98 69
53 99 39
53 100 11
53 103 47
53 107 89
53 108 13
53 111 15
53 112 19
53 113 97
53 116 9
53 117 83
53 121 87
53 122 73
53 125 54
53 128 88
53 129 76
53 133 57
53 135 17
53 136 19
53 137 33
53 138 59
53 141 70
53 142 71
53 144 62
53 147 65
53 149 71
53 150 19
54 55 43
54 56 6
54 59 21
54 62 34
54 63 71
54 64 59
54 65 63
54 66 53
54 73 64
54 76 56
54 78 71
54 79 99
54 88 56
54 98 3
54 99 33
54 111 76
54 112 37
54 113 46
54 115 54
54 118 9
54 121 33
54 126 59
54 130 17
54 131 71
54 140 30
54 141 78
54 142 92
54 143 25
54 144 61
54 145 51
54 148 72
55 60 58
55 66 9
55 67 42
55 69 74
55 73 25
55 75 34
55 78 86
55 79 49
55 80 41
55 83 77
55 85 53
55 87 88
55 90 33
55 92 89
55 93 78
55 94 52
55 95 86
55 97 46
55 101 15
55 102 89
55 105 89
55 108 7
55 110 67
55 111 63
55 114 82
55 115 96
55 121 6
55 124 10
55 128 2
55 133 78
55 136 27
55 139 41
55 143 69
55 148 89
55 150 58
56 60 79
56 63 22
56 67 10
56 70 39
56 71 93
56 72 68
56 73 84
56 75 58
56 80 40
56 82 81
56 83 17
56 86 95
56 88 24
56 102 81
56 108 46
56 109 90
56 110 15
56 113 34
56 115 89
56 117 50
56 119 57
56 120 39
56 121 48
56 122 22
56 132 39
56 133 93
56 140 16
56 141 91
56 142 54
56 144 90
56 148 99
56 150 22
57 58 44
57 61 58
57 67 2
57 72 35
57 78 6
57 79 33
57 80 21
57 82 39
57 85 19
57 87 82
57 90 8
57 101 69
57 104 46
57 105 17
57 106 29
57 107 8
57 108 98
57 109 28
57 110 27
57 119 72
57 125 41
57 126 72
57 127 51
57 134 56
57 141 94
57 143 8
57 145 56
57 146 27
57 150 60
58 60 91
58 61 31
58 62 45
58 64 98
58 69 99
58 70 74
58 71 38
58 76 65
58 77 61
58 80 78
58 83 92
58 86 58
58 87 91
58 92 70
58 95 11
58 97 7
58 98 64
58 105 73
58 107 7
58 110 75
58 111 31
58 113 6
58 115 81
58 118 45
58 119 83
58 120 48
58 121 67
58 122 54
58 130 71
58 131 12
58 134 60
58 138 29
58 140 6
58 143 84
58 146 60
58 147 26
59 70 54
59 71 75
59 72 14
59 79 20
59 80 13
59 81 13
59 82 87
59 83 10
59 84 69
59 85 100
59 87 80
59 90 63
59 96 76
59 98 90
59 99 68
59 103 53
59 107 34
59 108 42
59 111 3
59 113 98
59 114 13
59 117 73
59 118 37
59 119 83
59 122 85
59 123 88
59 126 59
59 127 56
59 128 10
59 133 74
59 134 42
59 136 71
59 137 34
59 139 100
59 140 93
59 142 20
59 145 71
59 146 50
59 147 16
59 149 89
60 62 34
60 65 92
60 66 47
60 67 83
60 70 59
60 71 13
60 72 4
60 75 27
60 76 33
60 77 27
60 80 78
60 81 13
60 84 79
60 86 42
60 89 68
60 93 70
60 94 50
60 97 61
60 102 6
60 107 35
60 110 38
60 118 18
60 121 38
60 122 39
60 127 2
60 129 91
60 134 42
60 135 10
60 137 16
60 142 76
60 143 63
60 146 4
60 147 7
60 149 72
61 62 16
61 63 19
61 67 21
61 71 76
61 72 16
61 73 49
61 75 72
61 80 9
61 86 21
61 88 67
61 90 18
61 92 34
61 97 85
61 103 45
61 104 76
61 110 27
61 114 50
61 116 47
61 117 23
61 125 45
61 127 44
61 128 51
61 129 73
61 133 7
61 134 67
61 138 69
61 139 38
61 143 31
61 146 96
61 150 5
62 63 21
62 65 51
62 67 86
62 68 91
62 70 19
62 73 3
62 74 47
62 75 40
62 76 96
62 77 12
62 79 73
62 81 25
62 82 48
62 83 96
62 84 67
62 87 36
62 90 5
62 93 42
62 102 26
62 104 65
62 109 15
62 111 86
62 115 15
62 118 97
62 120 76
62 129 50
62 131 71
62 135 64
62 136 31
62 138 89
62 139 98
62 145 51
62 148 63
62 149 16
63 64 43
63 69 35
63 70 57
63 77 7
63 79 45
63 82 22
63 83 35
63 85 89
63 89 21
63 90 96
63 91 62
63 94 84
63 95 30
63 97 38
63 99 94
63 100 26
63 107 56
63 108 30
63 109 80
63 115 50
63 118 98
63 124 60
63 125 99
63 126 43
63 129 89
63 130 89
63 136 30
63 137 4
63 138 17
63 142 29
63 144 18
63 146 39
63 148 77
63 149 90
64 65 59
64 72 20
64 74 14
64 75 7
64 76 66
64 78 65
64 79 47
64 80 22
64 82 57
64 84 100
64 88 42
64 91 34
64 94 82
64 95 83
64 96 63
64 98 30
64 101 98
64 102 75
64 103 63
64 107 85
64 108 22
64 111 79
64 114 20
64 121 69
64 123 5
64 125 83
64 127 65
64 128 3
64 129 5
64 140 90
64 141 15
64 142 89
64 148 24
64 150 100
65 66 55
65 67 40
65 69 98
65 74 52
65 75 1
65 77 50
65 81 64
65 86 45
65 87 56
65 88 94
65 89 72
65 90 50
65 91 62
65 96 38
65 100 38
65 101 10
65 107 50
65 109 89
65 111 69
65 115 1
65 121 77
65 122 26
65 126 19
65 129 4
65 136 6
65 137 3
65 139 25
65 141 2
65 145 43
66 68 40
66 71 30
66 72 91
66 73 38
66 74 79
66 76 4
66 80 74
66 82 36
66 84 94
66 85 25
66 87 48
66 88 54
66 90 97
66 92 44
66 93 43
66 96 74
66 97 55
66 100 94
66 102 5
66 105 68
66 106 90
66 109 69
66 116 37
66 117 69
66 118 13
66 121 96
66 125 87
66 127 60
66 132 98
66 133 84
66 135 23
66 141 67
66 145 6
66 146 82
66 147 27
67 72 84
67 73 89
67 74 60
67 75 72
67 76 8
67 79 46
67 80 32
67 81 31
67 85 2
67 88 54
67 90 62
67 92 28
67 93 31
67 98 4
67 100 84
67 102 49
67 103 24
67 108 33
67 110 25
67 111 95
67 116 49
67 120 52
67 122 11
67 123 1
67 124 88
67 125 52
67 127 30
67 130 48
67 133 75
67 137 42
67 138 52
67 143 91
67 144 37
68 69 52
68 72 7
68 75 74
68 76 68
68 77 48
68 81 81
68 84 41
68 85 51
68 86 66
68 87 71
68 88 56
68 89 14
68 95 30
68 96 70
68 98 5
68 102 88
68 106 23
68 107 23
68 110 80
68 113 26
68 114 13
68 120 14
68 126 48
68 127 94
68 134 63
68 135 24
68 136 31
68 149 62
68 150 39
69 73 96
69 86 76
69 91 26
69 95 9
69 99 37
69 102 56
69 111 53
69 116 57
69 117 96
69 118 78
69 119 82
69 122 13
69 127 7
69 128 33
69 130 56
69 133 93
69 138 42
69 141 15
69 147 12
70 75 65
70 76 52
70 77 54
70 80 33
70 82 4
70 84 99
70 90 54
70 92 75
70 93 71
70 101 37
70 102 38
70 103 64
70 104 45
70 108 35
70 109 76
70 113 25
70 115 7
70 116 29
70 121 90
70 128 43
70 141 65
70 146 73
71 75 71
71 78 45
71 83 6
71 85 60
71 86 73
71 88 38
71 92 18
71 98 24
71 103 21
71 105 74
71 109 88
71 114 42
71 117 26
71 118 3
71 123 48
71 124 42
71 125 70
71 126 35
71 137 12
71 139 26
71 140 70
71 144 52
71 150 4
72 73 29
72 78 22
72 85 89
72 88 76
72 92 100
72 93 65
72 98 40
72 99 79
72 101 36
72 102 94
72 103 70
72 111 12
72 113 97
72 116 28
72 119 43
72 120 70
72 127 26
72 128 50
72 129 52
72 132 30
72 133 23
72 134 57
72 141 12
72 143 40
72 144 70
72 149 10
73 74 16
73 80 9
73 82 9
73 83 8
73 84 18
73 89 54
73 91 61
73 95 84
73 98 87
73 99 68
73 100 70
73 101 1
73 107 35
73 109 75
73 113 78
73 116 98
73 117 46
73 119 32
73 120 69
73 121 26
73 122 85
73 125 58
73 127 81
73 130 91
73 133 89
73 135 59
73 137 91
73 139 65
73 140 4
73 141 20
73 143 90
73 144 46
73 145 82
73 150 38
74 76 56
74 79 4
74 81 94
74 82 85
74 84 68
74 85 32
74 88 40
74 94 30
74 95 25
74 96 96
74 97 74
74 101 91
74 106 24
74 108 17
74 109 89
74 111 19
74 112 100
74 114 38
74 116 60
74 122 45
74 123 38
74 126 37
74 127 14
74 130 51
74 131 1
74 133 71
74 136 50
74 137 85
74 138 66
74 141 40
74 142 58
74 143 47
74 150 38
75 76 95
75 84 47
75 86 30
75 88 93
75 90 91
75 94 29
75 98 65
75 102 70
75 104 52
75 107 65
75 110 99
75 112 82
75 113 55
75 114 97
75 118 60
75 119 9
75 123 100
75 124 12
75 126 26
75 130 5
75 133 2
75 134 68
75 139 91
75 142 58
75 143 67
75 144 36
75 149 100
75 150 31
76 78 92
76 80 52
76 81 40
76 85 95
76 86 3
76 88 11
76 91 50
76 93 9
76 94 3
76 95 41
76 98 2
76 105 46
76 106 87
76 107 63
76 125 72
76 130 10
76 131 63
76 133 86
76 136 48
76 138 93
76 139 97
76 140 54
76 142 51
76 145 34
76 149 19
77 79 7
77 83 26
77 85 34
77 87 37
77 90 84
77 91 18
77 92 27
77 94 17
77 95 96
77 96 51
77 97 33
77 98 79
77 99 56
77 105 54
77 106 52
77 108 44
77 111 77
77 118 32
77 120 21
77 121 42
77 125 77
77 130 86
77 132 16
77 133 74
77 137 18
77 138 6
77 140 47
77 144 66
77 146 25
78 85 8
78 89 93
78 91 82
78 92 31
78 97 31
78 102 72
78 105 7
78 106 87
78 108 93
78 115 37
78 119 96
78 123 88
78 124 92
78 129 4
78 135 36
78 136 22
78 139 70
78 144 94
78 147 66
78 149 11
78 150 9
79 80 52
79 81 9
79 82 92
79 84 37
79 88 96
79 96 71
79 100 18
79 103 66
79 104 60
79 105 50
79 106 55
79 107 47
79 109 78
79 110 86
79 111 60
79 115 95
79 116 69
79 118 58
79 121 26
79 125 96
79 127 49
79 130 55
79 131 88
79 133 28
79 141 51
79 145 60
79 148 89
80 82 80
80 89 77
80 90 85
80 91 5
80 93 76
80 94 60
80 96 79
80 99 22
80 103 43
80 105 13
80 107 14
80 110 94
80 114 2
80 119 96
80 121 92
80 122 39
80 123 51
80 124 95
80 125 94
80 126 79
80 133 67
80 134 56
80 135 32
80 137 95
80 140 70
80 141 51
80 144 89
80 145 15
80 146 100
80 148 62
80 150 64
81 86 29
81 87 5
81 88 40
81 90 86
81 94 20
81 96 90
81 97 74
81 98 47
81 100 66
81 103 94
81 104 59
81 105 8
81 106 85
81 108 85
81 110 5
81 112 39
81 115 25
81 118 21
81 121 60
81 122 95
81 123 36
81 125 36
81 127 29
81 140 15
81 143 47
81 144 90
81 148 50
81 150 21
82 83 83
82 84 79
82 85 87
82 87 17
82 88 85
82 93 22
82 94 4
82 96 65
82 97 48
82 100 24
82 102 10
82 103 55
82 104 43
82 106 98
82 107 31
82 109 14
82 113 22
82 114 84
82 117 46
82 118 18
82 125 59
82 127 15
82 136 28
82 138 42
82 140 15
82 141 70
82 146 82
82 149 43
83 85 84
83 87 82
83 89 44
83 90 96
83 91 95
83 93 57
83 94 48
83 99 46
83 102 80
83 103 85
83 106 100
83 109 59
83 112 2
83 114 6
83 116 21
83 117 39
83 118 32
83 122 56
83 123 72
83 124 44
83 127 74
83 128 86
83 134 12
83 136 69
83 137 25
83 138 97
83 139 23
83 143 34
83 145 91
83 146 22
83 149 4
83 150 19
84 85 64
84 86 8
84 89 23
84 90 94
84 91 96
84 92 31
84 93 60
84 95 47
84 102 95
84 108 9
84 110 10
84 111 51
84 112 52
84 113 8
84 115 42
84 116 49
84 121 8
84 124 82
84 125 96
84 128 91
84 131 98
84 132 28
84 133 16
84 134 46
84 135 3
84 136 27
84 142 80
85 86 35
85 91 28
85 92 52
85 93 6
85 105 44
85 112 12
85 113 8
85 116 62
85 117 65
85 121 26
85 122 30
85 123 58
85 126 56
85 129 68
85 134 29
85 137 94
85 139 37
85 143 39
85 144 8
85 145 5
85 146 75
85 148 67
85 149 83
86 89 89
86 90 82
86 91 42
86 92 18
86 93 64
86 94 2
86 96 53
86 99 11
86 102 77
86 103 54
86 105 73
86 111 9
86 113 29
86 114 92
86 115 18
86 117 49
86 118 11
86 121 21
86 123 40
86 124 78
86 127 5
86 129 7
86 130 68
86 131 25
86 132 33
86 134 17
86 136 54
86 139 16
86 140 5
86 143 5
86 144 10
86 147 28
86 149 15
87 94 98
87 95 47
87 98 5
87 100 46
87 103 65
87 104 100
87 107 30
87 109 6
87 113 42
87 116 41
87 117 38
87 120 9
87 121 87
87 124 35
87 126 65
87 127 67
87 129 75
87 130 47
87 133 64
87 135 81
87 140 84
87 147 49
87 150 16
88 89 17
88 91 15
88 93 35
88 94 4
88 98 28
88 99 38
88 101 18
88 102 11
88 103 28
88 106 38
88 107 1
88 110 12
88 113 54
88 114 67
88 115 10
88 116 32
88 117 39
88 122 51
88 130 67
88 134 69
88 135 61
88 136 94
88 144 16
88 146 62
88 147 1
88 148 25
89 90 78
89 92 12
89 95 74
89 96 15
89 98 80
89 99 64
89 100 41
89 101 77
89 104 16
89 108 71
89 109 75
89 111 98
89 112 9
89 113 33
89 114 18
89 115 68
89 117 2
89 120 16
89 122 29
89 123 96
89 125 71
89 130 92
89 133 23
89 139 6
89 142 45
89 146 37
89 148 7
89 149 65
89 150 85
90 91 29
90 94 44
90 95 18
90 98 53
90 99 97
90 100 70
90 103 4
90 109 65
90 110 43
90 111 80
90 112 38
90 113 23
90 116 63
90 117 73
90 118 90
90 122 72
90 126 62
90 127 98
90 129 62
90 131 65
90 135 63
90 137 66
90 141 91
90 142 32
90 145 16
90 150 80
91 94 99
91 96 81
91 97 13
91 98 47
91 100 96
91 101 38
91 102 97
91 103 70
91 108 21
91 109 83
91 111 40
91 113 53
91 117 11
91 118 44
91 121 99
91 122 41
91 124 84
91 126 8
91 129 1
91 131 34
91 132 92
91 133 55
91 134 53
91 135 99
91 137 66
91 138 46
91 143 88
91 144 33
91 145 72
91 146 57
91 148 21
91 149 2
91 150 73
92 98 69
92 99 59
92 100 83
92 102 24
92 107 36
92 109 29
92 118 40
92 119 85
92 120 3
92 123 25
92 124 21
92 125 76
92 131 33
92 134 9
92 135 97
92 139 73
92 141 15
92 144 40
92 147 12
92 149 96
92 150 19
93 98 13
93 102 2
93 103 64
93 111 54
93 113 73
93 115 54
93 116 42
93 118 40
93 122 32
93 124 85
93 129 5
93 130 71
93 132 98
93 134 83
93 135 94
93 141 48
93 143 39
93 145 59
93 146 27
93 147 32
93 149 37
93 150 67
94 95 68
94 96 52
94 99 34
94 103 26
94 104 40
94 110 92
94 111 1
94 123 12
94 125 93
94 128 51
94 130 12
94 132 83
94 133 49
94 137 81
94 138 8
94 140 15
94 146 71
94 149 7
95 96 72
95 97 87
95 100 2
95 101 88
95 102 16
95 103 88
95 105 50
95 107 69
95 109 24
95 111 22
95 114 26
95 115 82
95 119 79
95 121 5
95 127 38
95 128 89
95 130 43
95 133 27
95 137 94
95 142 100
95 143 21
95 146 100
95 148 93
95 149 30
96 97 85
96 98 20
96 99 29
96 100 22
96 106 18
96 112 5
96 114 65
96 116 30
96 120 57
96 123 83
96 124 42
96 127 1
96 129 42
96 130 28
96 131 86
96 133 10
96 135 46
96 136 77
96 138 55
96 139 4
96 143 10
96 144 44
96 145 31
96 146 92
96 148 19
96 150 4
97 99 48
97 101 93
97 103 13
97 104 73
97 105 42
97 108 70
97 109 72
97 110 13
97 116 1
97 121 31
97 122 75
97 125 61
97 128 82
97 129 31
97 130 54
97 133 38
97 134 28
97 135 54
97 137 22
97 141 49
97 144 81
97 146 94
98 101 97
98 102 96
98 103 65
98 104 96
98 110 3
98 113 94
98 114 11
98 115 30
98 123 39
98 124 97
98 127 96
98 129 83
98 131 29
98 133 82
98 134 53
98 137 61
98 138 39
98 140 60
98 142 95
98 144 67
98 147 12
98 148 92
98 149 77
98 150 99
99 101 91
99 102 48
99 103 33
99 104 86
99 105 32
99 106 23
99 108 82
99 109 96
99 114 52
99 115 85
99 116 86
99 119 45
99 125 38
99 127 48
99 130 35
99 131 89
99 132 43
99 133 31
99 134 80
99 139 15
99 140 51
99 141 5
99 142 20
99 144 31
99 145 7
99 148 45
99 150 3
100 104 79
100 105 81
100 106 28
100 107 94
100 110 44
100 112 34
100 114 83
100 115 16
100 117 11
100 118 42
100 122 63
100 125 15
100 126 30
100 129 2
100 130 27
100 131 30
100 133 41
100 134 84
100 135 31
100 137 60
100 139 11
100 148 10
100 149 41
101 102 30
101 103 3
101 104 33
101 105 35
101 108 26
101 110 53
101 117 52
101 124 85
101 129 51
101 130 42
101 131 33
101 132 21
101 140 44
101 145 15
101 146 96
101 147 41
101 149 82
102 108 2
102 113 14
102 115 99
102 118 78
102 128 60
102 130 68
102 131 84
102 134 25
102 135 28
102 140 98
102 141 18
102 143 43
102 144 26
102 148 12
103 106 61
103 107 46
103 111 75
103 115 1
103 118 10
103 120 86
103 123 56
103 124 68
103 126 48
103 128 42
103 130 41
103 132 59
103 133 95
103 134 78
103 136 95
103 138 34
103 142 100
103 149 17
103 150 81
104 105 50
104 106 62
104 109 19
104 111 34
104 112 92
104 113 98
104 114 51
104 115 18
104 121 58
104 122 88
104 124 87
104 126 94
104 127 28
104 128 67
104 131 25
104 132 100
104 138 45
104 139 20
104 144 11
104 150 59
105 106 84
105 110 77
105 111 2
105 112 77
105 116 59
105 118 32
105 119 91
105 121 52
105 122 63
105 127 17
105 129 79
105 134 86
105 136 44
105 137 16
105 139 26
105 140 47
105 142 97
105 143 53
105 144 48
105 145 10
105 146 80
105 148 7
106 111 37
106 113 46
106 117 36
106 118 49
106 120 22
106 124 43
106 125 84
106 126 83
106 128 65
106 132 74
106 133 83
106 137 98
106 139 35
106 147 12
106 150 85
107 110 79
107 114 68
107 115 19
107 116 90
107 119 71
107 122 88
107 126 71
107 127 87
107 129 21
107 133 55
107 135 65
107 137 57
107 141 95
107 143 86
107 145 32
107 146 54
107 147 90
107 148 51
107 150 45
108 111 53
108 113 100
108 117 65
108 118 70
108 123 41
108 130 98
108 138 85
108 140 70
108 147 2
108 149 40
109 111 22
109 115 9
109 116 47
109 117 43
109 119 94
109 123 30
109 125 4
109 126 46
109 127 40
109 129 67
109 130 51
109 133 95
109 136 32
109 137 41
109 140 55
109 141 10
109 142 61
109 143 64
109 144 73
109 145 88
109 147 89
109 150 86
110 111 28
110 112 62
110 114 11
110 115 26
110 117 5
110 118 28
110 121 84
110 122 45
110 124 68
110 126 94
110 127 95
110 128 27
110 131 97
110 132 46
110 133 34
110 137 71
110 141 67
110 142 80
110 146 6
110 147 91
110 148 53
110 150 3
111 118 83
111 121 49
111 123 35
111 124 75
111 125 56
111 127 63
111 128 76
111 131 29
111 134 95
111 140 52
111 144 15
111 147 89
111 149 15
112 113 5
112 118 67
112 119 53
112 121 7
112 122 93
112 123 85
112 131 32
112 133 51
112 135 48
112 137 38
112 139 83
112 142 93
112 143 26
112 144 47
112 147 42
112 150 41
113 118 66
113 121 39
113 123 37
113 126 48
113 127 23
113 129 70
113 135 68
113 136 72
113 138 96
113 139 39
113 144 27
113 145 95
113 146 35
113 147 87
113 149 9
114 117 1
114 119 11
114 120 15
114 121 65
114 126 82
114 127 12
114 128 90
114 135 60
114 136 66
114 143 97
114 144 91
114 147 59
114 149 32
115 116 54
115 119 72
115 121 82
115 126 59
115 128 73
115 132 63
115 137 27
115 138 30
115 139 51
115 140 10
115 142 22
115 146 86
115 147 1
115 150 85
116 117 14
116 118 65
116 120 19
116 122 62
116 126 54
116 130 19
116 131 79
116 132 31
116 134 4
116 139 2
116 143 92
116 144 97
116 146 20
116 149 88
117 119 90
117 120 90
117 121 84
117 124 46
117 125 86
117 127 98
117 129 64
117 130 93
117 136 31
117 139 91
117 141 2
117 145 68
117 146 89
117 147 79
117 150 60
118 119 96
118 124 86
118 125 16
118 127 76
118 133 57
118 136 94
118 137 13
118 138 33
118 145 88
118 147 39
118 148 29
118 149 81
118 150 27
119 120 77
119 121 90
119 126 45
119 129 58
119 130 57
119 131 15
119 133 3
119 134 68
119 135 16
119 136 94
119 141 40
119 143 28
119 145 27
119 146 35
119 148 52
119 149 61
119 150 95
120 124 74
120 125 49
120 128 65
120 131 98
120 132 35
120 136 7
120 139 81
120 141 43
120 142 92
120 144 49
120 145 4
120 146 31
120 147 31
120 148 39
120 149 30
121 122 67
121 124 91
121 126 10
121 129 5
121 132 80
121 135 40
121 139 92
121 141 22
121 142 72
121 143 9
121 144 35
121 147 78
121 149 72
122 125 3
122 126 46
122 129 26
122 136 54
122 138 59
122 146 20
122 148 67
123 124 29
123 126 36
123 128 55
123 136 10
123 141 94
123 143 9
123 144 5
123 146 46
123 148 68
123 149 30
123 150 60
124 131 7
124 132 37
124 133 18
124 134 31
124 137 52
124 141 99
124 143 55
124 146 39
124 148 15
124 149 75
125 128 64
125 133 57
125 136 67
125 138 90
125 139 48
125 144 4
125 145 45
125 149 78
125 150 87
126 127 69
126 128 58
126 132 59
126 133 32
126 134 52
126 137 41
126 139 20
126 144 19
126 145 48
126 146 7
126 148 27
127 128 44
127 131 52
127 133 64
127 136 84
127 138 56
127 145 16
127 146 79
127 147 5
127 148 71
127 150 36
128 129 8
128 132 94
128 133 62
128 136 99
128 137 3
128 141 83
128 146 99
128 147 68
128 149 83
128 150 1
129 134 68
129 135 29
129 137 74
129 148 16
130 131 16
130 136 51
130 140 17
130 147 25
130 148 68
131 132 75
131 133 39
131 135 78
131 137 13
131 138 17
131 139 79
131 140 57
131 141 12
131 143 88
131 144 69
131 147 10
131 150 74
132 135 45
132 137 59
132 138 8
132 140 78
132 141 76
132 143 59
133 134 49
133 135 29
133 136 80
133 138 96
133 139 42
133 141 40
133 145 84
133 149 18
134 135 84
134 136 19
134 137 76
134 138 30
134 139 83
134 142 48
134 143 20
134 144 38
134 145 33
134 146 99
135 142 29
135 144 13
135 145 78
135 148 76
135 149 2
136 137 23
136 140 88
136 143 53
136 145 65
136 148 11
137 138 41
137 142 73
137 144 73
137 145 20
137 146 62
137 147 50
137 148 42
137 149 33
138 141 61
138 145 93
138 146 13
138 147 75
139 142 84
139 143 4
139 144 67
139 145 81
139 148 68
139 150 22
140 141 92
140 145 67
140 147 48
140 149 75
140 150 8
141 142 3
141 145 36
141 148 59
142 146 20
142 149 90
143 144 27
143 147 87
143 148 22
143 149 35
144 145 45
144 148 34
145 146 54
145 147 17
145 149 63
145 150 62
146 148 35
147 149 13
147 150 3
149 150 31
1 3 32
1 4 49
1 5 65
1 6 30
1 8 24
1 16 37
1 17 79
1 19 79
1 22 16
1 23 14
1 24 46
1 26 43
1 27 52
1 28 35
1 31 65
1 33 24
1 38 29
1 40 4
1 41 77
1 42 23
1 43 64
1 44 1
1 47 16
1 49 71
1 53 77
1 54 5
1 57 63
1 62 5
1 64 77
1 65 65
1 74 84
1 76 2
1 77 44
1 79 49
1 81 61
1 86 95
1 91 45
1 95 58
1 96 5
1 101 13
1 104 25
1 105 22
1 107 20
1 108 64
1 110 37
1 112 67
1 113 37
1 115 16
1 117 75
1 122 99
1 125 89
1 126 28
1 128 13
1 131 52
1 134 16
1 135 75
1 136 76
1 139 10
1 141 59
1 142 70
1 144 8
1 147 34
2 9 86
2 14 72
2 19 73
2 20 74
2 23 85
2 27 39
2 29 75
2 30 95
2 32 69
2 33 94
2 34 40
2 36 75
2 40 68
2 42 39
2 45 2
2 46 81
2 47 9
2 49 64
2 50 52
2 52 25
2 54 61
2 56 28
2 58 18
2 62 64
2 67 2
2 69 53
2 70 76
2 71 39
2 72 14
2 74 54
2 76 52
2 81 54
2 82 98
2 86 75
2 88 26
2 92 97
2 93 76
2 94 34
2 96 85
2 97 36
2 98 42
2 99 24
2 103 59
2 105 18
2 109 83
2 110 91
2 111 97
2 113 91
2 114 49
2 116 85
2 121 5
2 122 36
2 124 35
2 126 76
2 133 11
2 137 77
2 138 43
2 139 28
2 141 5
2 144 68
2 148 97
2 149 51
2 150 57
3 4 33
3 8 39
3 9 44
3 12 46
3 15 88
3 17 50
3 19 21
3 21 79
3 24 64
3 25 46
3 29 49
3 31 93
3 36 47
3 37 53
3 42 95
3 44 80
3 45 28
3 48 35
3 52 84
3 54 78
3 59 32
3 62 56
3 63 35
3 64 61
3 69 22
3 70 6
3 73 61
3 76 13
3 79 68
3 83 47
3 84 97
3 87 84
3 90 23
3 93 61
3 95 70
3 96 45
3 103 75
3 105 17
3 107 70
3 112 80
3 114 33
3 120 33
3 125 63
3 128 8
3 130 3
3 131 40
3 133 13
3 134 82
3 135 50
3 137 78
3 138 81
3 145 8
3 150 38
4 5 49
4 7 97
4 10 40
4 11 98
4 13 67
4 17 43
4 19 24
4 29 90
4 30 72
4 31 99
4 33 90
4 37 87
4 42 44
4 46 65
4 47 90
4 48 86
4 54 38
4 57 40
4 61 61
4 66 30
4 70 37
4 73 17
4 76 3
4 78 70
4 79 88
4 80 93
4 81 93
4 82 76
4 83 40
4 86 83
4 87 95
4 90 64
4 91 71
4 96 21
4 102 66
4 103 3
4 104 97
4 108 59
4 109 50
4 112 80
4 116 31
4 126 97
4 130 68
4 133 93
4 135 13
4 136 81
4 142 89
4 143 64
4 144 50
4 146 33
4 148 7
4 150 11
5 7 95
5 9 90
5 10 83
5 18 33
5 19 42
5 20 99
5 21 89
5 24 4
5 31 65
5 32 43
5 33 86
5 34 95
5 35 92
5 37 27
5 38 61
5 39 57
5 45 48
5 48 12
5 49 77
5 53 73
5 54 18
5 56 88
5 60 29
5 61 65
5 63 63
5 65 9
5 66 28
5 68 87
5 75 79
5 76 17
5 79 12
5 80 26
5 83 47
5 84 66
5 85 15
5 86 80
5 87 17
5 88 62
5 91 1
5 92 48
5 96 28
5 97 92
5 99 55
5 102 14
5 105 87
5 108 61
5 110 66
5 111 42
5 112 73
5 114 37
5 118 98
5 119 35
5 123 46
5 124 53
5 126 31
5 130 36
5 136 3
5 137 61
5 138 58
5 139 16
5 144 26
5 146 42
5 149 96
6 11 85
6 12 52
6 14 85
6 15 24
6 16 14
6 20 57
6 22 28
6 29 36
6 31 54
6 32 29
6 35 32
6 38 96
6 40 14
6 41 92
6 45 59
6 46 67
6 47 73
6 49 65
6 50 58
6 53 69
6 57 82
6 58 54
6 60 23
6 61 4
6 69 34
6 72 100
6 76 2
6 79 86
6 82 82
6 83 91
6 88 35
6 89 29
6 91 84
6 92 13
6 94 10
6 95 89
6 98 56
6 109 77
6 110 35
6 111 82
6 127 82
6 129 45
6 131 41
6 133 5
6 136 80
6 137 2
6 138 35
6 140 19
6 143 47
6 146 5
6 147 86
6 148 69
6 149 100
6 150 21
7 8 80
7 9 16
7 11 26
7 12 56
7 15 9
7 17 54
7 18 70
7 19 88
7 21 14
7 23 41
7 24 46
7 25 99
7 26 68
7 29 71
7 35 36
7 36 66
7 38 88
7 41 60
7 44 54
7 46 90
7 49 77
7 50 18
7 51 70
7 52 71
7 55 94
7 59 96
7 61 59
7 65 42
7 67 34
7 69 68
7 75 72
7 79 99
7 80 66
7 83 89
7 84 32
7 87 27
7 89 49
7 91 82
7 92 58
7 94 78
7 97 25
7 102 29
7 103 25
7 104 81
7 107 10
7 111 26
7 112 96
7 113 94
7 115 14
7 118 83
7 120 88
7 121 51
7 126 17
7 128 92
7 129 80
7 131 36
7 140 21
7 142 64
7 143 39
7 145 62
7 149 23
7 150 89
8 13 40
8 14 34
8 15 54
8 16 50
8 20 68
8 24 68
8 25 88
8 26 86
8 27 29
8 28 5
8 29 74
8 30 31
8 32 76
8 33 95
8 35 30
8 40 79
8 41 40
8 43 74
8 44 62
8 51 90
8 56 48
8 57 76
8 60 64
8 64 82
8 65 84
8 66 25
8 67 3
8 71 47
8 77 33
8 78 7
8 79 8
8 82 62
8 84 5
8 85 66
8 87 50
8 88 40
8 91 61
8 96 88
8 102 6
8 106 65
8 123 19
8 126 12
8 130 99
8 131 41
8 132 1
8 134 50
8 142 15
8 143 51
8 144 42
8 146 54
8 147 72
8 148 37
8 149 66
8 150 90
9 10 49
9 11 2
9 12 36
9 17 99
9 18 91
9 21 7
9 23 81
9 24 84
9 26 39
9 29 23
9 36 35
9 38 95
9 41 74
9 51 56
9 52 95
9 54 57
9 57 13
9 58 33
9 64 42
9 69 56
9 70 64
9 74 67
9 77 62
9 78 75
9 83 11
9 85 12
9 86 42
9 87 6
9 89 63
9 90 15
9 95 12
9 96 97
9 97 22
9 98 38
9 101 49
9 102 63
9 105 14
9 106 34
9 107 10
9 111 98
9 112 69
9 115 97
9 119 54
9 120 95
9 121 65
9 124 46
9 126 9
9 127 13
9 128 70
9 134 3
9 137 24
9 138 67
9 141 31
9 143 56
9 144 77
9 146 29
9 149 80
9 150 87
10 14 22
10 17 46
10 21 35
10 23 14
10 25 79
10 29 23
10 32 96
10 33 29
10 34 70
10 37 10
10 38 77
10 44 91
10 45 46
10 46 21
10 52 66
10 54 94
10 55 74
10 58 11
10 60 89
10 61 63
10 63 38
10 66 87
10 67 35
10 68 61
10 70 77
10 71 42
10 73 79
10 76 1
10 78 61
10 79 52
10 86 65
10 87 21
10 90 90
10 91 28
10 94 4
10 95 100
10 97 100
10 98 64
10 104 100
10 120 24
10 125 7
10 134 65
10 135 8
10 137 96
10 138 41
10 140 5
10 142 63
10 147 35
10 148 53
11 13 97
11 18 29
11 20 56
11 23 81
11 27 49
11 29 44
11 30 56
11 32 89
11 33 23
11 34 29
11 35 35
11 36 94
11 37 27
11 38 16
11 42 39
11 44 28
11 47 2
11 48 74
11 51 90
11 53 36
11 55 45
11 57 66
11 66 73
11 67 41
11 69 76
11 72 32
11 73 62
11 75 29
11 79 80
11 82 50
11 83 87
11 91 97
11 96 83
11 98 23
11 99 58
11 103 8
11 106 73
11 109 46
11 111 84
11 112 14
11 113 10
11 115 89
11 118 23
11 121 14
11 124 57
11 130 33
11 131 1
11 132 63
11 134 55
11 135 50
11 138 2
11 140 19
11 141 12
11 142 91
11 144 49
11 145 97
11 148 93
12 18 70
12 19 23
12 20 31
12 25 30
12 29 44
12 32 96
12 33 5
12 38 51
12 40 54
12 43 56
12 44 61
12 47 21
12 49 8
12 56 70
12 59 100
12 60 66
12 62 4
12 65 3
12 66 24
12 67 70
12 73 12
12 74 40
12 75 41
12 76 44
12 78 39
12 79 30
12 84 61
12 86 84
12 87 41
12 95 41
12 97 7
12 98 64
12 99 99
12 105 22
12 111 79
12 113 21
12 115 46
12 118 31
12 119 29
12 126 41
12 127 48
12 131 46
12 132 98
12 133 70
12 134 15
12 135 39
12 136 59
12 140 62
12 142 91
12 144 92
12 145 54
12 146 66
12 147 64
13 15 4
13 18 91
13 23 20
13 25 49
13 28 52
13 30 29
13 31 41
13 35 29
13 39 98
13 40 18
13 41 28
13 42 31
13 43 43
13 45 84
13 50 62
13 58 65
13 60 57
13 64 73
13 66 39
13 68 66
13 70 74
13 72 68
13 74 22
13 77 97
13 80 55
13 81 98
13 85 57
13 89 82
13 99 38
13 100 31
13 101 6
13 103 49
13 110 57
13 113 53
13 114 68
13 117 57
13 118 20
13 125 84
13 127 72
13 128 67
13 129 33
13 132 3
13 137 41
13 138 82
13 141 3
13 144 43
13 146 79
14 17 67
14 23 89
14 29 49
14 30 39
14 31 7
14 32 3
14 36 62
14 37 96
14 42 70
14 44 26
14 46 88
14 48 50
14 51 23
14 52 35
14 53 96
14 54 73
14 55 89
14 56 9
14 64 29
14 70 46
14 78 30
14 81 55
14 83 78
14 87 92
14 90 13
14 91 31
14 95 41
14 96 67
14 97 54
14 104 78
14 106 17
14 107 35
14 113 31
14 115 52
14 119 34
14 120 13
14 123 90
14 129 1
14 131 41
14 133 69
14 135 37
14 138 45
14 139 53
14 140 57
14 141 28
14 143 66
14 145 36
14 149 30
15 17 48
15 18 45
15 20 50
15 25 86
15 32 31
15 33 22
15 35 2
15 37 40
15 38 94
15 40 88
15 43 8
15 44 53
15 45 14
15 47 66
15 55 41
15 56 44
15 59 14
15 61 75
15 64 35
15 65 36
15 68 14
15 71 47
15 72 69
15 74 79
15 83 80
15 85 53
15 87 63
15 89 32
15 90 89
15 91 18
15 94 72
15 95 46
15 100 97
15 102 71
15 111 58
15 112 2
15 115 73
15 116 89
15 123 66
15 124 78
15 127 78
15 128 51
15 129 24
15 132 87
15 138 53
15 139 54
15 140 49
15 143 41
15 146 45
15 147 8
15 149 62
16 17 64
16 18 22
16 19 89
16 20 71
16 25 75
16 26 71
16 31 40
16 32 5
16 33 78
16 35 97
16 36 59
16 37 57
16 38 90
16 39 63
16 40 58
16 41 99
16 44 81
16 45 5
16 46 12
16 48 52
16 49 15
16 50 39
16 53 99
16 54 1
16 55 34
16 56 27
16 57 50
16 60 65
16 61 82
16 63 92
16 65 18
16 67 12
16 70 15
16 74 13
16 75 76
16 77 38
16 78 93
16 81 22
16 82 60
16 84 80
16 85 63
16 86 60
16 93 70
16 95 64
16 96 50
16 97 22
16 98 55
16 102 29
16 106 64
16 107 84
16 109 29
16 111 25
16 118 16
16 121 95
16 125 17
16 130 39
16 131 79
16 132 42
16 133 45
16 134 8
16 137 38
16 138 89
16 145 31
16 147 91
16 148 13
16 150 9
17 18 51
17 19 94
17 20 3
17 23 50
17 24 91
17 27 49
17 28 45
17 31 94
17 32 64
17 36 44
17 46 27
17 51 46
17 52 81
17 53 65
17 54 56
17 55 2
17 56 77
17 57 13
17 58 52
17 62 26
17 64 26
17 65 81
17 67 86
17 68 54
17 70 9
17 79 17
17 83 38
17 85 89
17 87 12
17 89 30
17 90 5
17 93 32
17 95 90
17 98 65
17 99 61
17 105 69
17 108 27
17 110 41
17 112 89
17 113 80
17 114 59
17 119 76
17 121 38
17 123 41
17 128 36
17 129 76
17 130 46
17 135 7
17 137 54
17 139 55
17 140 2
17 144 57
17 147 11
18 19 95
18 22 78
18 23 20
18 26 76
18 27 100
18 29 88
18 31 60
18 32 66
18 33 29
18 36 24
18 37 35
18 40 82
18 50 40
18 52 66
18 53 59
18 56 21
18 59 44
18 60 64
18 63 28
18 65 96
18 68 41
18 72 76
18 74 67
18 75 27
18 80 92
18 82 100
18 86 12
18 87 84
18 88 42
18 92 75
18 96 55
18 100 87
18 101 87
18 104 81
18 105 25
18 107 82
18 108 23
18 110 63
18 114 71
18 115 34
18 117 3
18 119 66
18 120 72
18 129 47
18 133 83
18 135 40
18 139 37
18 141 14
18 142 8
18 143 26
18 145 63
18 147 8
18 149 3
19 22 53
19 25 50
19 29 9
19 31 83
19 41 24
19 44 24
19 45 41
19 49 75
19 51 36
19 58 73
19 65 95
19 75 41
19 78 93
19 82 17
19 83 72
19 84 64
19 89 16
19 90 18
19 91 79
19 96 82
19 99 7
19 101 63
19 103 2
19 104 91
19 105 44
19 107 61
19 110 36
19 111 71
19 113 50
19 118 36
19 119 23
19 124 54
19 127 86
19 129 94
19 130 77
19 132 45
19 138 28
19 143 32
19 145 29
19 147 42
20 21 89
20 27 77
20 28 71
20 30 77
20 31 44
20 32 59
20 35 61
20 40 32
20 42 47
20 43 26
20 44 80
20 46 27
20 47 22
20 52 36
20 57 72
20 58 45
20 59 50
20 60 72
20 61 37
20 65 100
20 68 19
20 70 96
20 73 30
20 74 58
20 77 64
20 80 3
20 81 72
20 82 48
20 83 30
20 84 81
20 85 35
20 86 91
20 90 81
20 93 57
20 94 32
20 95 7
20 96 69
20 98 90
20 101 29
20 102 23
20 115 63
20 116 72
20 122 86
20 127 68
20 130 48
20 132 32
20 133 100
20 138 55
20 142 40
20 145 59
20 146 97
20 147 34
20 149 81
21 23 54
21 27 68
21 28 84
21 29 95
21 31 1
21 33 2
21 34 17
21 39 11
21 43 79
21 44 34
21 45 99
21 58 31
21 60 1
21 68 32
21 69 35
21 70 57
21 74 100
21 75 93
21 76 34
21 78 99
21 82 16
21 84 9
21 89 12
21 90 17
21 92 32
21 93 21
21 98 96
21 111 51
21 112 49
21 113 29
21 116 47
21 118 46
21 121 3
21 122 80
21 123 24
21 124 10
21 126 26
21 133 18
21 135 63
21 136 42
21 138 8
21 143 48
21 146 52
21 150 75
22 23 82
22 26 59
22 28 3
22 29 39
22 30 1
22 31 66
22 33 37
22 34 74
22 35 58
22 36 57
22 37 40
22 38 78
22 39 50
22 43 43
22 45 3
22 46 50
22 47 100
22 48 99
22 49 41
22 50 19
22 51 31
22 52 22
22 53 84
22 55 82
22 60 98
22 61 84
22 63 29
22 66 7
22 69 26
22 71 84
22 74 25
22 75 76
22 79 97
22 81 95
22 82 68
22 85 78
22 86 60
22 89 56
22 91 30
22 94 27
22 97 41
22 98 59
22 99 92
22 102 70
22 103 18
22 105 94
22 106 31
22 107 57
22 111 14
22 113 69
22 118 16
22 121 68
22 123 66
22 126 75
22 127 49
22 128 88
22 134 84
22 135 81
22 137 92
22 140 82
22 141 78
22 142 25
22 147 90
22 149 77
23 25 41
23 28 47
23 32 11
23 38 66
23 44 7
23 54 6
23 58 93
23 62 1
23 63 12
23 67 80
23 70 60
23 72 19
23 73 37
23 75 52
23 76 75
23 77 57
23 81 76
23 88 100
23 93 1
23 94 65
23 95 23
23 98 69
23 100 39
23 102 85
23 104 56
23 105 10
23 106 52
23 107 85
23 109 69
23 112 57
23 127 32
23 134 13
23 135 2
23 137 43
23 139 54
23 140 42
23 141 77
23 142 90
23 144 7
24 25 2
24 28 30
24 34 29
24 38 53
24 51 78
24 52 10
24 58 31
24 60 83
24 61 60
24 62 79
24 64 4
24 66 79
24 67 99
24 72 8
24 74 96
24 78 3
24 81 54
24 84 39
24 88 89
24 90 13
24 92 89
24 93 34
24 94 47
24 95 5
24 96 19
24 99 8
24 100 4
24 101 60
24 103 88
24 109 56
24 110 87
24 114 57
24 115 76
24 117 41
24 119 6
24 120 88
24 122 92
24 124 11
24 127 55
24 129 64
24 131 47
24 136 46
24 139 50
24 141 73
24 143 92
24 144 98
24 145 4
24 150 33
25 28 70
25 31 43
25 32 11
25 35 81
25 38 45
25 42 2
25 43 3
25 46 59
25 48 62
25 53 82
25 55 22
25 56 55
25 59 91
25 60 53
25 61 90
25 66 62
25 68 33
25 69 26
25 70 61
25 77 93
25 78 61
25 79 92
25 82 75
25 83 88
25 84 24
25 86 17
25 89 54
25 93 27
25 97 48
25 98 8
25 100 6
25 101 91
25 103 4
25 106 63
25 107 95
25 109 95
25 110 3
25 111 39
25 113 68
25 116 52
25 118 94
25 119 37
25 122 88
25 124 4
25 125 51
25 126 42
25 128 46
25 140 31
25 144 16
25 149 30
25 150 43
26 28 63
26 30 75
26 32 48
26 34 34
26 35 69
26 36 44
26 41 57
26 43 55
26 44 65
26 45 49
26 49 79
26 58 68
26 59 13
26 60 100
26 63 98
26 67 82
26 68 68
26 69 50
26 77 48
26 78 92
26 80 37
26 85 50
26 86 49
26 88 69
26 97 2
26 98 79
26 100 84
26 101 89
26 103 74
26 105 28
26 107 96
26 112 46
26 116 6
26 117 30
26 118 87
26 119 32
26 120 85
26 122 86
26 124 99
26 125 25
26 127 97
26 128 88
26 129 85
26 131 16
26 132 27
26 133 51
26 136 92
26 137 5
26 138 80
26 139 12
26 140 38
26 146 16
26 147 77
27 31 6
27 38 92
27 39 93
27 40 75
27 41 99
27 42 4
27 45 19
27 46 50
27 50 56
27 52 2
27 53 72
27 55 53
27 57 70
27 58 24
27 60 78
27 61 39
27 63 37
27 64 73
27 70 54
27 73 84
27 75 90
27 77 65
27 78 54
27 79 97
27 80 87
27 82 89
27 86 83
27 94 21
27 95 4
27 97 82
27 98 25
27 100 36
27 101 14
27 102 7
27 103 10
27 104 89
27 106 19
27 107 22
27 108 32
27 110 33
27 119 83
27 120 52
27 124 100
27 125 87
27 129 22
27 130 96
27 131 27
27 132 49
27 134 45
27 140 95
27 143 13
27 145 97
27 146 99
27 148 86
27 149 86
28 38 21
28 39 58
28 40 56
28 41 22
28 42 91
28 47 90
28 50 42
28 51 59
28 52 85
28 55 72
28 62 35
28 64 22
28 65 73
28 68 10
28 69 57
28 70 26
28 72 53
28 73 52
28 74 83
28 75 4
28 76 93
28 77 40
28 78 55
28 79 97
28 83 84
28 87 75
28 88 18
28 89 30
28 94 83
28 95 18
28 96 22
28 97 84
28 98 56
28 99 46
28 100 3
28 102 37
28 104 50
28 105 22
28 106 47
28 113 34
28 114 69
28 119 22
28 122 94
28 127 93
28 128 43
28 129 49
28 131 40
28 132 67
28 134 31
28 135 24
28 136 26
28 142 87
28 146 39
29 33 12
29 35 42
29 36 45
29 37 72
29 40 71
29 48 34
29 51 3
29 52 97
29 56 22
29 58 56
29 59 71
29 60 26
29 61 34
29 62 72
29 64 6
29 65 80
29 67 76
29 68 18
29 70 23
29 72 53
29 80 39
29 83 64
29 85 21
29 88 54
29 89 87
29 92 95
29 94 16
29 96 1
29 98 41
29 103 75
29 110 31
29 114 72
29 115 6
29 117 57
29 118 19
29 120 77
29 125 48
29 128 58
29 129 20
29 130 98
29 132 87
29 134 95
29 137 83
29 138 99
29 139 86
29 141 61
29 145 66
29 146 78
29 150 79
30 31 59
30 35 37
30 36 1
30 43 8
30 45 11
30 49 48
30 55 18
30 57 82
30 61 75
30 69 49
30 70 23
30 74 64
30 80 48
30 82 64
30 87 12
30 88 59
30 91 83
30 92 56
30 95 98
30 97 31
30 99 11
30 101 50
30 102 26
30 105 21
30 107 5
30 110 74
30 111 23
30 118 92
30 123 70
30 124 12
30 126 61
30 128 37
30 134 31
30 136 4
30 138 51
30 140 73
30 141 36
30 142 9
30 143 33
30 144 29
30 148 33
31 36 51
31 37 8
31 40 39
31 42 83
31 43 54
31 47 64
31 50 69
31 52 86
31 54 75
31 55 19
31 60 90
31 61 73
31 62 68
31 63 3
31 67 4
31 69 5
31 72 85
31 75 59
31 76 5
31 80 63
31 81 71
31 84 77
31 85 8
31 87 29
31 88 85
31 90 27
31 92 54
31 93 85
31 94 51
31 99 12
31 104 70
31 109 1
31 111 31
31 112 30
31 114 2
31 117 89
31 118 100
31 119 48
31 122 53
31 127 24
31 133 2
31 134 45
31 140 52
32 33 53
32 35 4
32 37 14
32 38 50
32 39 59
32 44 58
32 48 26
32 49 35
32 51 25
32 52 99
32 55 91
32 56 62
32 58 33
32 68 35
32 71 71
32 73 77
32 74 28
32 76 22
32 77 64
32 78 64
32 88 22
32 89 31
32 90 17
32 91 63
32 95 80
32 97 40
32 101 76
32 103 27
32 104 4
32 105 50
32 112 49
32 115 13
32 120 18
32 121 41
32 122 79
32 123 96
32 124 31
32 125 57
32 126 93
32 130 61
32 134 5
32 135 18
32 140 73
32 143 52
32 146 51
32 147 63
32 148 27
33 35 85
33 38 48
33 41 75
33 42 70
33 44 78
33 46 25
33 51 19
33 53 46
33 56 93
33 58 42
33 60 53
33 61 44
33 66 46
33 72 44
33 75 70
33 76 13
33 78 87
33 81 2
33 82 73
33 87 9
33 91 20
33 95 88
33 97 1
33 99 53
33 102 62
33 104 9
33 107 38
33 111 38
33 114 62
33 117 77
33 120 63
33 121 57
33 123 74
33 134 37
33 137 97
33 142 12
33 143 50
33 145 2
33 148 48
33 150 26
34 38 75
34 49 62
34 51 65
34 54 84
34 56 24
34 57 19
34 59 94
34 61 53
34 63 48
34 65 41
34 66 43
34 68 17
34 74 1
34 75 55
34 79 81
34 82 18
34 83 43
34 84 81
34 86 30
34 87 8
34 88 13
34 90 82
34 92 50
34 95 2
34 98 83
34 101 50
34 102 56
34 103 23
34 107 93
34 111 67
34 113 37
34 115 23
34 116 66
34 117 90
34 119 49
34 122 47
34 128 87
34 129 81
34 133 11
34 134 32
34 135 41
34 138 67
34 142 50
34 143 44
34 147 88
34 148 86
34 149 40
35 41 54
35 45 47
35 46 14
35 47 68
35 48 47
35 49 96
35 55 16
35 58 16
35 59 67
35 60 97
35 61 69
35 62 27
35 63 12
35 65 80
35 66 63
35 67 14
35 68 44
35 70 84
35 75 2
35 76 81
35 79 72
35 84 28
35 86 98
35 88 4
35 91 86
35 93 69
35 94 33
35 95 5
35 97 74
35 98 28
35 99 21
35 100 63
35 101 68
35 103 81
35 107 57
35 108 69
35 113 27
35 117 60
35 118 41
35 119 17
35 128 68
35 131 22
35 132 5
35 135 26
35 138 53
35 140 77
35 141 44
35 142 46
35 150 89
36 37 67
36 40 55
36 42 57
36 43 33
36 44 98
36 46 5
36 47 75
36 48 61
36 50 68
36 52 98
36 56 61
36 58 28
36 60 29
36 65 52
36 67 4
36 68 31
36 72 83
36 76 20
36 80 76
36 84 15
36 85 7
36 89 58
36 93 44
36 94 44
36 95 69
36 97 43
36 99 1
36 100 34
36 102 54
36 104 88
36 105 66
36 108 87
36 116 43
36 120 71
36 122 64
36 126 43
36 127 41
36 128 12
36 132 32
36 137 68
36 142 2
36 145 58
36 148 98
36 150 19
37 38 67
37 39 81
37 40 76
37 41 67
37 45 43
37 46 23
37 47 72
37 52 81
37 53 92
37 54 66
37 56 41
37 62 26
37 64 16
37 65 42
37 66 71
37 72 23
37 78 93
37 79 91
37 80 83
37 81 27
37 82 21
37 83 22
37 93 19
37 94 50
37 101 10
37 105 77
37 108 53
37 110 90
37 112 18
37 113 66
37 115 94
37 119 19
37 121 79
37 125 50
37 129 18
37 137 25
37 141 12
37 143 33
37 150 38
38 41 20
38 51 14
38 52 69
38 53 64
38 54 36
38 56 67
38 59 93
38 61 90
38 64 22
38 66 29
38 68 51
38 69 40
38 74 4
38 77 91
38 79 96
38 80 90
38 81 56
38 84 3
38 85 74
38 87 36
38 92 12
38 95 5
38 96 9
38 102 42
38 103 57
38 105 85
38 111 50
38 114 26
38 115 37
38 124 100
38 126 85
38 128 41
38 129 53
38 133 27
38 134 99
38 135 52
38 138 45
38 145 89
38 146 48
38 147 33
38 148 72
38 149 19
39 44 17
39 45 97
39 47 57
39 49 44
39 58 21
39 60 19
39 61 9
39 62 100
39 64 58
39 67 51
39 69 3
39 70 22
39 71 84
39 73 64
39 74 18
39 75 72
39 76 69
39 79 45
39 82 1
39 85 14
39 86 11
39 88 44
39 92 81
39 96 55
39 97 73
39 102 57
39 103 8
39 105 23
39 113 32
39 118 33
39 119 97
39 123 47
39 125 45
39 126 65
39 130 61
39 131 54
39 135 13
39 139 91
39 141 64
39 142 48
39 143 17
39 145 2
39 146 75
39 148 89
39 150 43
40 44 68
40 48 16
40 49 16
40 52 1
40 53 68
40 54 84
40 58 39
40 59 55
40 60 65
40 62 7
40 69 37
40 73 52
40 78 34
40 79 5
40 81 82
40 83 60
40 84 6
40 85 67
40 88 23
40 94 23
40 95 56
40 96 70
40 99 7
40 101 20
40 102 96
40 105 31
40 106 99
40 107 53
40 111 11
40 112 30
40 113 7
40 120 29
40 123 11
40 126 40
40 128 32
40 134 100
40 136 8
40 139 89
41 47 83
41 55 47
41 57 97
41 58 95
41 64 35
41 66 13
41 69 81
41 71 32
41 74 59
41 76 79
41 77 25
41 80 43
41 81 59
41 83 89
41 87 94
41 88 7
41 90 15
41 95 100
41 96 77
41 99 59
41 101 91
41 102 61
41 103 91
41 104 13
41 106 3
41 108 63
41 110 86
41 112 7
41 115 38
41 120 11
41 121 91
41 127 85
41 131 25
41 133 87
41 134 33
41 135 97
41 137 13
41 138 60
41 141 92
41 142 41
41 143 18
41 144 11
41 145 43
42 48 36
42 55 52
42 56 43
42 60 31
42 61 26
42 63 76
42 64 95
42 66 11
42 68 46
42 69 18
42 71 33
42 72 3
42 73 83
42 77 42
42 81 77
42 82 12
42 85 23
42 86 6
42 89 51
42 92 52
42 94 92
42 98 27
42 102 61
42 104 12
42 114 37
42 115 38
42 121 9
42 125 78
42 126 46
42 131 98
42 132 27
42 134 44
42 135 26
42 136 81
42 141 32
42 150 38
43 45 88
43 46 6
43 47 24
43 55 86
43 56 29
43 58 19
43 59 2
43 61 71
43 62 6
43 63 47
43 64 55
43 65 33
43 67 4
43 68 46
43 70 59
43 71 8
43 72 54
43 73 82
43 74 56
43 76 70
43 79 35
43 80 1
43 82 92
43 85 43
43 87 59
43 89 84
43 90 75
43 91 64
43 92 90
43 95 86
43 98 94
43 99 63
43 100 98
43 101 44
43 102 59
43 108 16
43 110 41
43 112 78
43 113 5
43 114 84
43 115 94
43 117 9
43 118 24
43 120 85
43 122 100
43 123 89
43 125 79
43 135 30
43 137 16
43 139 15
43 143 42
43 144 81
43 146 45
43 150 5
44 45 58
44 50 62
44 51 45
44 53 28
44 58 23
44 64 85
44 68 27
44 69 15
44 72 29
44 73 51
44 75 18
44 77 15
44 81 17
44 83 7
44 84 15
44 85 16
44 86 40
44 88 61
44 90 15
44 91 96
44 94 22
44 96 31
44 98 77
44 99 85
44 101 28
44 104 81
44 107 46
44 109 75
44 111 53
44 112 96
44 116 38
44 118 10
44 120 89
44 121 60
44 127 44
44 139 73
44 141 28
44 142 47
44 147 36
44 148 56
44 150 65
45 46 14
45 50 18
45 53 39
45 57 95
45 60 11
45 63 23
45 65 23
45 66 9
45 67 81
45 69 1
45 71 34
45 72 17
45 73 2
45 74 42
45 75 56
45 81 40
45 82 14
45 85 48
45 87 42
45 88 71
45 92 21
45 93 27
45 97 47
45 98 12
45 100 9
45 101 86
45 104 1
45 106 3
45 110 85
45 111 31
45 112 46
45 131 85
45 132 62
45 133 74
45 137 84
45 139 13
45 140 40
45 142 96
45 143 79
45 144 90
45 145 13
45 150 29
46 49 32
46 64 51
46 67 96
46 69 7
46 72 9
46 73 72
46 76 30
46 77 80
46 78 18
46 79 61
46 80 37
46 82 85
46 86 97
46 87 35
46 90 67
46 91 31
46 93 55
46 103 82
46 110 36
46 111 25
46 116 14
46 119 1
46 120 5
46 121 76
46 128 66
46 129 52
46 137 67
46 138 30
46 140 77
46 141 28
46 143 92
46 144 81
46 145 77
46 148 81
47 48 69
47 49 43
47 58 43
47 61 26
47 65 92
47 66 52
47 70 61
47 72 54
47 73 53
47 80 98
47 81 68
47 83 69
47 88 80
47 89 25
47 93 94
47 94 49
47 96 10
47 101 78
47 105 12
47 106 100
47 108 75
47 109 28
47 110 46
47 111 30
47 116 53
47 119 48
47 122 72
47 123 9
47 125 68
47 128 100
47 130 38
47 133 39
47 136 71
47 138 73
47 143 30
47 144 41
47 145 22
48 49 11
48 50 74
48 52 28
48 53 62
48 64 69
48 65 59
48 68 49
48 69 15
48 74 15
48 75 63
48 76 31
48 80 44
48 84 44
48 91 88
48 94 68
48 97 35
48 100 99
48 101 22
48 106 49
48 107 78
48 109 11
48 110 17
48 111 61
48 114 25
48 116 67
48 118 95
48 119 40
48 121 78
48 122 1
48 124 48
48 125 95
48 130 47
48 132 82
48 135 99
48 140 42
48 144 68
48 146 59
49 52 87
49 55 39
49 57 21
49 58 54
49 60 85
49 65 81
49 68 61
49 75 98
49 76 12
49 81 86
49 83 33
49 84 8
49 85 39
49 87 58
49 90 78
49 92 11
49 94 98
49 96 32
49 98 74
49 101 24
49 103 40
49 105 26
49 110 2
49 114 37
49 115 57
49 118 90
49 119 10
49 120 98
49 123 89
49 124 13
49 126 91
49 127 90
49 128 21
49 129 6
49 130 52
49 131 98
49 134 34
49 140 6
49 143 87
49 145 24
49 149 30
49 150 49
50 52 63
50 53 27
50 56 42
50 57 99
50 60 4
50 62 85
50 65 60
50 68 43
50 69 67
50 72 8
50 73 4
50 75 4
50 76 95
50 78 92
50 85 54
50 92 27
50 97 2
50 101 78
50 107 58
50 114 30
50 115 64
50 121 90
50 123 72
50 125 4
50 126 42
50 130 86
50 131 69
50 133 40
50 134 68
50 135 11
50 140 42
50 143 65
50 146 71
50 147 24
51 53 5
51 54 51
51 56 95
51 61 96
51 64 88
51 65 25
51 67 100
51 72 54
51 73 79
51 76 31
51 77 79
51 78 73
51 81 59
51 82 85
51 83 30
51 87 54
51 91 54
51 96 20
51 97 4
51 100 71
51 101 54
51 103 76
51 110 85
51 112 17
51 113 45
51 116 25
51 117 78
51 121 69
51 122 87
51 123 78
51 126 6
51 130 88
51 131 30
51 133 45
51 135 46
51 136 7
51 138 23
51 139 87
51 145 87
51 147 91
51 149 71
51 150 80
52 55 100
52 58 47
52 59 88
52 60 43
52 61 86
52 66 91
52 69 16
52 73 27
52 75 14
52 79 38
52 81 60
52 86 20
52 89 94
52 93 91
52 96 85
52 97 100
52 99 1
52 103 87
52 104 20
52 105 30
52 108 68
52 109 49
52 111 35
52 112 4
52 113 18
52 114 15
52 115 26
52 120 93
52 121 68
52 127 70
52 128 30
52 129 60
52 131 66
52 132 49
52 136 83
52 138 69
52 139 68
52 142 42
52 144 48
52 147 91
52 148 45
52 149 66
53 58 65
53 59 66
53 61 9
53 63 100
53 64 62
53 67 100
53 70 19
53 72 46
53 74 8
53 77 12
53 82 14
53 83 58
53 89 26
53 92 99
53 98 20
53 101 83
53 102 76
53 103 13
53 105 36
53 106 69
53 109 91
53 110 99
53 114 7
53 116 26
53 117 75
53 118 27
53 124 85
53 128 86
53 129 75
53 131 7
53 132 76
53 133 96
53 135 48
53 136 39
53 137 16
53 139 46
53 142 22
53 143 65
53 144 87
53 148 62
53 150 17
54 55 40
54 64 95
54 67 34
54 70 79
54 71 90
54 73 42
54 76 78
54 78 61
54 79 41
54 81 78
54 84 58
54 85 44
54 86 50
54 88 63
54 90 78
54 91 25
54 93 20
54 99 60
54 101 64
54 103 9
54 107 47
54 108 75
54 110 70
54 111 11
54 114 47
54 119 41
54 123 23
54 124 35
54 125 95
54 128 96
54 131 49
54 133 17
54 141 55
54 144 58
54 148 72
54 150 26
55 56 58
55 58 61
55 60 37
55 62 78
55 63 87
55 67 83
55 68 27
55 72 64
55 74 48
55 76 73
55 77 40
55 78 36
55 84 80
55 87 68
55 91 79
55 93 24
55 94 47
55 100 53
55 101 96
55 114 44
55 115 28
55 118 7
55 120 36
55 122 76
55 123 77
55 124 19
55 127 79
55 131 71
55 137 80
55 147 39
56 58 97
56 59 52
56 61 53
56 64 92
56 65 48
56 66 31
56 68 2
56 75 18
56 76 3
56 79 90
56 82 42
56 84 96
56 85 96
56 87 18
56 88 30
56 89 75
56 90 36
56 96 56
56 97 24
56 99 3
56 100 42
56 103 5
56 105 98
56 106 24
56 109 98
56 110 34
56 111 52
56 112 99
56 114 93
56 117 31
56 118 15
56 120 52
56 121 13
56 123 27
56 124 92
56 126 8
56 130 66
56 136 14
56 137 1
56 138 15
56 140 70
56 141 68
56 147 32
56 148 31
57 58 17
57 60 68
57 61 85
57 65 7
57 70 58
57 71 14
57 74 96
57 75 90
57 77 56
57 79 36
57 82 41
57 85 68
57 89 7
57 90 92
57 93 74
57 94 95
57 102 73
57 105 29
57 109 4
57 110 68
57 111 11
57 112 33
57 114 48
57 115 27
57 117 58
57 119 35
57 120 38
57 123 14
57 127 87
57 128 1
57 131 31
57 135 90
57 136 55
57 141 52
57 143 46
57 144 82
57 145 29
57 147 87
57 148 59
58 59 29
58 60 58
58 63 82
58 64 28
58 65 79
58 66 58
58 70 39
58 72 3
58 80 95
58 82 39
58 85 9
58 91 65
58 93 90
58 94 43
58 97 99
58 98 94
58 102 17
58 103 65
58 105 90
58 106 6
58 111 13
58 112 42
58 113 90
58 114 92
58 115 5
58 119 15
58 121 76
58 123 76
58 128 13
58 129 50
58 130 45
58 132 17
58 133 100
58 137 14
58 138 57
58 143 70
58 145 54
58 146 45
58 147 65
58 150 6
59 60 63
59 65 87
59 66 44
59 67 90
59 68 89
59 71 77
59 73 77
59 83 82
59 86 42
59 88 59
59 89 12
59 91 70
59 94 4
59 98 72
59 99 18
59 102 19
59 104 47
59 105 53
59 106 53
59 109 72
59 123 88
59 126 41
59 127 6
59 129 23
59 133 99
59 135 17
59 136 18
59 137 38
59 138 99
59 142 90
59 143 40
59 146 17
59 149 16
59 150 11
60 62 95
60 63 79
60 64 7
60 66 24
60 69 40
60 72 36
60 76 57
60 81 42
60 83 58
60 86 7
60 89 24
60 90 66
60 97 29
60 98 45
60 101 50
60 102 72
60 104 49
60 107 73
60 109 1
60 110 66
60 113 86
60 116 74
60 119 77
60 120 86
60 122 81
60 124 43
60 125 47
60 131 74
60 132 89
60 134 22
60 135 82
60 136 51
60 140 26
60 142 90
60 144 52
60 145 70
60 147 41
60 149 94
60 150 16
61 69 56
61 72 68
61 74 78
61 75 6
61 77 26
61 79 92
61 81 88
61 85 82
61 86 48
61 88 95
61 94 6
61 97 64
61 102 58
61 103 91
61 105 12
61 111 62
61 112 79
61 117 53
61 119 42
61 120 97
61 121 83
61 122 77
61 129 94
61 137 22
61 138 63
61 139 83
61 140 69
61 144 32
61 146 60
61 147 36
61 148 39
61 149 97
61 150 47
62 63 32
62 64 43
62 67 1
62 72 6
62 73 10
62 75 5
62 76 81
62 77 25
62 80 18
62 81 12
62 83 50
62 84 79
62 87 17
62 91 62
62 93 70
62 95 2
62 96 29
62 98 91
62 101 41
62 103 98
62 106 34
62 108 4
62 110 93
62 111 85
62 112 94
62 114 65
62 115 98
62 117 75
62 118 96
62 120 19
62 124 17
62 125 41
62 126 51
62 129 40
62 132 39
62 133 45
62 134 45
62 138 68
62 146 74
62 149 29
62 150 17
63 66 15
63 69 16
63 72 19
63 74 70
63 75 31
63 81 61
63 83 65
63 84 100
63 87 59
63 90 1
63 91 31
63 92 5
63 94 34
63 98 58
63 101 20
63 102 63
63 103 68
63 104 59
63 108 41
63 110 83
63 111 66
63 112 2
63 119 97
63 124 44
63 127 92
63 129 28
63 132 20
63 133 58
63 135 79
63 136 69
63 137 87
63 138 41
63 144 50
63 147 59
63 148 20
64 65 18
64 67 81
64 68 98
64 69 58
64 73 6
64 75 69
64 77 14
64 79 34
64 80 17
64 81 32
64 85 96
64 86 87
64 87 24
64 88 86
64 89 69
64 90 23
64 91 100
64 94 57
64 97 29
64 100 82
64 103 12
64 106 53
64 107 78
64 112 80
64 114 4
64 117 12
64 120 47
64 123 81
64 125 81
64 133 50
64 134 27
64 135 44
64 138 34
64 140 59
64 141 85
64 142 71
64 144 39
64 147 91
64 150 83
65 66 92
65 69 2
65 70 2
65 71 59
65 73 27
65 76 21
65 79 78
65 80 18
65 81 58
65 83 68
65 86 44
65 89 16
65 94 18
65 99 89
65 101 12
65 103 61
65 107 74
65 108 98
65 109 70
65 111 85
65 112 8
65 116 86
65 119 7
65 120 7
65 121 32
65 126 50
65 127 59
65 128 13
65 132 15
65 133 100
65 134 67
65 136 41
65 139 81
65 142 16
65 143 69
65 144 92
65 147 56
65 149 90
65 150 59
66 67 69
66 71 82
66 72 88
66 77 57
66 78 29
66 79 97
66 81 17
66 86 69
66 87 70
66 93 88
66 97 52
66 99 28
66 100 50
66 102 55
66 106 24
66 108 57
66 112 19
66 116 76
66 121 73
66 123 28
66 124 25
66 125 37
66 126 100
66 129 64
66 133 79
66 134 26
66 136 14
66 138 78
66 146 9
66 148 75
66 150 2
67 72 14
67 79 32
67 81 19
67 82 8
67 83 91
67 87 88
67 90 19
67 94 24
67 95 54
67 97 69
67 98 44
67 100 29
67 101 23
67 106 34
67 107 88
67 110 89
67 112 26
67 114 55
67 122 3
67 123 29
67 126 86
67 128 2
67 132 25
67 135 79
67 137 53
67 138 60
67 140 85
67 142 72
67 144 26
67 147 58
67 148 7
68 73 38
68 76 9
68 79 33
68 80 11
68 82 62
68 83 15
68 92 11
68 93 66
68 95 95
68 96 71
68 98 32
68 99 57
68 100 41
68 101 46
68 106 93
68 109 93
68 110 55
68 111 88
68 119 46
68 123 6
68 124 12
68 126 20
68 127 7
68 128 14
68 130 43
68 135 6
68 139 11
68 140 77
68 146 69
68 147 27
68 148 92
68 149 56
68 150 24
69 73 21
69 74 48
69 75 43
69 77 100
69 82 21
69 84 21
69 85 1
69 87 62
69 89 48
69 90 40
69 92 4
69 93 40
69 94 78
69 95 11
69 97 94
69 102 78
69 103 49
69 105 48
69 107 71
69 109 44
69 113 88
69 117 97
69 118 33
69 121 42
69 125 31
69 126 44
69 128 68
69 129 76
69 131 99
69 133 8
69 134 45
69 136 92
69 137 9
69 139 30
69 140 28
69 141 11
69 146 58
69 149 87
70 71 77
70 73 69
70 74 88
70 78 26
70 80 40
70 81 12
70 83 27
70 84 33
70 85 24
70 86 71
70 87 6
70 88 24
70 90 10
70 91 22
70 95 56
70 98 61
70 99 39
70 101 48
70 103 9
70 111 20
70 115 52
70 116 67
70 118 47
70 121 38
70 122 55
70 124 35
70 125 30
70 127 67
70 130 19
70 132 27
70 133 61
70 134 19
70 137 72
70 138 64
70 139 86
70 142 49
70 147 12
70 148 76
70 149 82
71 75 72
71 80 39
71 82 74
71 83 40
71 85 75
71 92 44
71 94 54
71 95 34
71 99 73
71 106 31
71 113 14
71 119 9
71 120 12
71 128 16
71 131 95
71 136 25
71 137 31
71 138 75
71 144 27
71 147 27
71 148 94
71 149 69
71 150 74
72 74 29
72 76 1
72 79 88
72 80 75
72 82 32
72 83 28
72 84 79
72 87 41
72 88 56
72 89 23
72 92 44
72 93 48
72 94 6
72 95 25
72 99 94
72 101 85
72 107 5
72 121 25
72 123 70
72 127 18
72 130 21
72 136 5
72 140 68
72 141 32
72 142 33
72 143 67
72 148 20
72 149 70
73 76 39
73 77 65
73 79 15
73 80 94
73 82 48
73 84 7
73 85 12
73 86 73
73 87 43
73 91 46
73 94 77
73 95 11
73 101 30
73 106 43
73 108 26
73 112 100
73 114 65
73 120 58
73 121 25
73 127 38
73 128 89
73 129 36
73 131 48
73 132 94
73 133 19
73 136 40
73 137 17
73 142 60
73 143 33
73 144 37
73 145 96
73 147 91
74 76 28
74 77 74
74 78 45
74 80 20
74 83 35
74 86 45
74 87 6
74 88 38
74 90 35
74 93 91
74 100 61
74 102 11
74 103 22
74 104 80
74 105 79
74 106 13
74 111 87
74 112 59
74 117 20
74 119 46
74 127 53
74 129 23
74 132 58
74 134 61
74 139 84
74 142 59
74 147 47
75 77 74
75 79 28
75 80 54
75 81 25
75 82 46
75 84 16
75 87 46
75 91 78
75 92 22
75 93 91
75 98 32
75 99 11
75 101 20
75 102 80
75 109 30
75 110 63
75 111 83
75 112 2
75 113 11
75 114 44
75 115 29
75 122 17
75 124 82
75 125 96
75 127 47
75 129 19
75 131 85
75 132 31
75 133 49
75 134 15
75 136 75
75 138 5
75 143 90
75 145 33
76 77 31
76 78 19
76 79 97
76 85 10
76 86 41
76 88 70
76 89 86
76 93 22
76 94 28
76 95 86
76 97 20
76 104 52
76 105 55
76 113 75
76 117 7
76 120 26
76 121 82
76 123 98
76 124 80
76 126 56
76 128 35
76 130 19
76 132 12
76 140 91
76 141 4
76 145 91
76 150 6
77 83 32
77 84 91
77 85 78
77 86 58
77 87 31
77 93 62
77 95 14
77 97 9
77 102 49
77 104 74
77 105 71
77 107 13
77 108 64
77 109 58
77 111 32
77 115 6
77 116 60
77 117 55
77 118 48
77 122 22
77 130 61
77 134 42
77 135 63
77 136 6
77 137 86
77 142 8
77 143 28
77 144 95
77 145 87
77 146 84
77 148 42
77 150 89
78 80 35
78 81 95
78 83 68
78 84 82
78 87 76
78 90 90
78 91 84
78 92 30
78 93 6
78 97 38
78 99 75
78 101 87
78 102 93
78 107 42
78 108 84
78 111 89
78 114 23
78 121 90
78 122 4
78 127 98
78 128 48
78 130 3
78 132 74
78 134 2
78 137 46
78 150 87
79 81 57
79 83 67
79 84 41
79 85 86
79 88 55
79 89 86
79 93 89
79 94 48
79 100 71
79 104 94
79 107 16
79 109 32
79 112 19
79 114 87
79 118 15
79 119 24
79 120 85
79 121 67
79 125 96
79 127 35
79 131 56
79 135 27
79 138 41
79 143 14
79 144 42
79 145 75
79 148 31
79 149 36
79 150 86
80 85 95
80 88 35
80 89 11
80 91 28
80 92 87
80 94 86
80 97 51
80 101 29
80 106 57
80 107 94
80 115 57
80 118 99
80 120 56
80 124 63
80 128 5
80 131 23
80 132 51
80 133 4
80 136 38
80 143 74
80 149 36
81 82 18
81 85 22
81 87 33
81 88 18
81 89 91
81 90 24
81 94 17
81 98 47
81 100 47
81 102 89
81 104 68
81 108 9
81 109 29
81 113 57
81 115 3
81 119 44
81 121 80
81 123 14
81 126 100
81 127 90
81 128 86
81 131 67
81 132 59
81 133 28
81 136 51
81 137 100
81 145 94
81 147 73
81 150 55
82 84 64
82 88 24
82 90 47
82 91 85
82 95 80
82 96 34
82 98 55
82 101 91
82 103 64
82 104 93
82 105 36
82 106 43
82 108 55
82 113 93
82 118 61
82 120 43
82 127 80
82 131 38
82 139 79
82 142 13
82 144 27
82 145 41
82 146 30
82 147 60
82 150 9
83 84 5
83 85 23
83 86 63
83 87 38
83 88 74
83 89 78
83 91 96
83 92 40
83 93 97
83 94 55
83 95 74
83 96 72
83 98 94
83 103 5
83 104 5
83 107 12
83 110 34
83 111 78
83 112 89
83 113 24
83 114 83
83 115 12
83 120 3
83 122 84
83 127 43
83 131 30
83 134 72
83 135 88
83 137 48
83 139 73
83 140 8
83 145 49
83 146 68
83 147 50
83 148 39
83 150 67
84 86 91
84 87 94
84 89 62
84 91 19
84 93 11
84 94 9
84 96 54
84 105 90
84 110 30
84 111 58
84 113 7
84 120 80
84 121 28
84 122 81
84 125 68
84 126 4
84 129 22
84 131 91
84 138 98
84 141 13
84 142 41
84 144 89
84 145 44
84 146 69
84 147 24
85 87 43
85 95 85
85 97 29
85 98 5
85 102 24
85 104 21
85 115 5
85 118 40
85 120 39
85 121 48
85 122 71
85 125 47
85 136 75
85 141 84
85 142 26
85 147 32
85 149 78
85 150 76
86 87 47
86 89 45
86 91 9
86 92 81
86 93 61
86 95 65
86 96 42
86 97 10
86 98 96
86 100 54
86 101 89
86 102 54
86 104 4
86 105 74
86 106 83
86 108 23
86 109 25
86 110 52
86 112 73
86 115 62
86 117 53
86 122 51
86 123 46
86 127 99
86 132 3
86 133 7
86 134 70
86 136 6
86 140 96
86 141 32
86 147 47
87 97 3
87 100 21
87 101 74
87 104 65
87 105 38
87 106 97
87 107 2
87 108 70
87 109 46
87 110 24
87 113 30
87 114 10
87 117 71
87 118 2
87 119 24
87 122 73
87 123 66
87 130 90
87 131 72
87 138 4
87 139 21
87 140 85
87 141 38
87 147 17
87 148 9
88 90 97
88 91 7
88 94 92
88 96 83
88 97 36
88 99 6
88 100 34
88 103 57
88 105 95
88 107 58
88 114 54
88 116 26
88 118 44
88 119 7
88 120 84
88 124 90
88 125 89
88 130 62
88 132 100
88 134 16
88 136 54
88 138 8
88 139 91
88 141 100
88 145 80
88 149 24
89 92 77
89 93 80
89 96 97
89 98 95
89 99 56
89 100 69
89 101 30
89 104 9
89 106 71
89 108 10
89 109 22
89 110 25
89 111 15
89 115 35
89 117 65
89 121 17
89 122 21
89 124 13
89 125 87
89 126 25
89 127 68
89 128 60
89 129 68
89 130 55
89 133 13
89 134 40
89 136 47
89 138 86
89 140 36
89 141 27
89 142 93
89 143 21
89 144 23
89 148 12
89 149 57
90 91 66
90 92 46
90 100 83
90 101 41
90 102 19
90 105 100
90 106 14
90 109 41
90 110 49
90 112 97
90 113 73
90 114 59
90 115 32
90 116 17
90 117 37
90 120 37
90 123 23
90 124 77
90 127 88
90 128 17
90 130 19
90 131 19
90 133 34
90 136 84
90 150 63
91 99 9
91 101 76
91 105 23
91 106 48
91 109 77
91 110 50
91 112 98
91 114 68
91 115 86
91 116 27
91 118 9
91 119 83
91 120 36
91 121 34
91 124 59
91 131 37
91 133 9
91 137 24
91 138 58
91 140 25
91 142 45
91 144 99
92 95 30
92 97 97
92 103 24
92 104 5
92 108 47
92 109 41
92 119 61
92 121 64
92 122 10
92 123 26
92 124 54
92 126 59
92 128 87
92 131 34
92 132 90
92 133 73
92 140 7
92 141 67
92 142 5
92 145 25
92 148 12
92 150 39
93 94 100
93 95 40
93 100 97
93 103 46
93 104 8
93 108 14
93 114 90
93 115 45
93 116 88
93 120 12
93 121 39
93 123 18
93 124 85
93 127 59
93 132 78
93 134 19
93 137 73
93 140 54
93 142 53
93 146 48
94 98 52
94 99 44
94 103 33
94 105 65
94 107 74
94 108 74
94 111 66
94 112 22
94 114 11
94 116 60
94 120 34
94 126 51
94 131 1
94 133 35
94 135 95
94 138 26
94 140 42
94 144 23
94 146 2
94 149 22
95 96 7
95 97 27
95 100 13
95 104 8
95 107 66
95 108 62
95 110 9
95 112 83
95 114 45
95 116 75
95 117 73
95 121 82
95 122 39
95 127 8
95 128 28
95 129 70
95 130 69
95 133 89
95 134 97
95 135 7
95 136 30
95 138 77
95 140 1
95 141 27
95 142 75
95 146 64
96 101 70
96 102 96
96 105 8
96 108 13
96 110 24
96 111 15
96 112 56
96 114 35
96 115 76
96 119 47
96 120 55
96 121 46
96 122 94
96 125 89
96 136 8
96 140 63
96 143 51
96 146 72
96 147 34
96 148 18
96 150 51
97 98 57
97 99 80
97 103 99
97 105 5
97 107 72
97 108 13
97 110 73
97 114 32
97 116 90
97 120 87
97 121 52
97 123 8
97 129 72
97 130 47
97 131 71
97 133 90
97 134 3
97 135 80
97 137 38
97 139 70
97 145 8
97 148 51
97 149 18
98 99 99
98 102 91
98 108 15
98 111 83
98 114 48
98 118 60
98 119 36
98 121 75
98 123 84
98 125 10
98 128 49
98 130 98
98 131 26
98 133 42
98 135 54
98 138 26
98 142 5
98 143 30
98 150 33
99 102 76
99 106 85
99 111 83
99 112 98
99 114 58
99 115 61
99 119 43
99 123 16
99 125 97
99 126 27
99 130 91
99 133 69
99 135 34
99 139 42
99 144 13
99 147 88
99 148 6
99 149 54
100 105 82
100 112 4
100 113 93
100 114 81
100 116 18
100 120 40
100 123 32
100 127 32
100 133 65
100 138 53
100 142 56
100 147 58
100 150 13
101 105 65
101 106 89
101 111 29
101 112 12
101 118 43
101 119 39
101 121 29
101 124 4
101 126 38
101 127 54
101 128 76
101 129 92
101 130 60
101 131 72
101 132 52
101 133 9
101 135 80
101 141 65
101 145 14
101 147 81
101 149 29
102 108 35
102 119 65
102 120 71
102 121 45
102 123 32
102 127 100
102 130 82
102 131 94
102 132 58
102 133 15
102 135 22
102 138 78
102 139 29
102 140 96
102 141 44
102 142 82
102 143 58
102 148 78
103 105 63
103 110 5
103 111 37
103 112 58
103 114 13
103 115 13
103 116 64
103 118 92
103 120 84
103 121 29
103 123 81
103 124 5
103 128 90
103 131 80
103 132 13
103 133 93
103 135 5
103 141 1
103 142 78
103 148 57
103 150 33
104 105 100
104 107 36
104 109 11
104 111 65
104 116 35
104 118 18
104 121 71
104 124 38
104 129 58
104 130 5
104 131 100
104 133 3
104 134 34
104 137 31
104 148 67
104 150 51
105 107 81
105 109 41
105 110 74
105 115 11
105 116 7
105 121 91
105 125 69
105 129 55
105 132 17
105 133 93
105 135 29
105 137 21
105 139 27
105 140 23
105 143 1
105 148 1
106 114 95
106 115 43
106 119 35
106 123 3
106 125 68
106 126 79
106 128 56
106 130 72
106 131 62
106 134 81
106 136 38
106 137 26
106 139 42
106 141 43
106 142 74
106 144 24
106 146 96
106 147 43
106 150 5
107 108 49
107 109 71
107 110 11
107 112 42
107 114 75
107 116 46
107 117 64
107 118 14
107 119 32
107 120 94
107 121 31
107 123 83
107 127 67
107 129 61
107 134 27
107 137 75
107 138 63
107 140 73
107 141 8
107 142 44
107 146 41
107 147 25
108 109 40
108 111 45
108 112 67
108 113 57
108 114 73
108 116 22
108 117 3
108 121 52
108 123 24
108 125 41
108 126 26
108 128 3
108 130 24
108 131 57
108 132 54
108 133 100
108 136 46
108 137 33
108 140 100
108 142 59
108 143 42
108 145 94
108 148 48
109 112 40
109 114 24
109 115 42
109 116 89
109 117 21
109 120 50
109 126 40
109 133 21
109 135 14
109 136 1
109 138 50
109 142 77
109 143 30
109 145 91
109 146 5
109 147 33
109 148 72
110 112 56
110 115 10
110 122 24
110 123 47
110 124 59
110 125 51
110 127 49
110 128 70
110 129 27
110 134 29
110 136 88
110 138 96
110 142 6
110 144 99
110 146 95
110 148 100
110 149 75
111 113 62
111 115 69
111 119 12
111 122 23
111 124 56
111 130 20
111 138 95
111 139 79
111 141 63
111 143 2
111 144 93
111 146 50
111 148 88
112 114 43
112 117 96
112 118 53
112 119 14
112 120 32
112 124 47
112 126 55
112 128 31
112 130 44
112 132 59
112 133 85
112 137 16
112 138 81
112 140 27
112 141 88
112 142 28
112 147 27
112 148 63
112 149 46
112 150 92
113 116 94
113 117 78
113 119 49
113 127 77
113 128 100
113 129 9
113 130 4
113 131 89
113 136 2
113 139 5
113 141 80
113 142 88
113 144 86
113 147 90
113 148 67
113 149 19
113 150 68
114 117 94
114 118 75
114 119 53
114 120 11
114 123 92
114 125 90
114 128 46
114 129 73
114 132 15
114 133 55
114 137 81
114 140 23
114 142 34
114 143 92
114 144 65
114 146 80
114 150 37
115 119 64
115 121 68
115 125 52
115 128 66
115 129 33
115 131 80
115 134 88
115 135 53
115 136 20
115 137 50
115 141 31
115 142 71
115 143 85
115 145 23
115 149 2
116 117 36
116 121 18
116 122 50
116 125 71
116 127 4
116 128 67
116 132 48
116 134 55
116 144 73
116 148 84
116 149 60
117 121 64
117 122 77
117 123 8
117 124 29
117 125 93
117 129 81
117 130 88
117 134 2
117 137 91
117 138 25
117 139 87
117 140 55
117 143 62
117 147 41
118 119 39
118 120 80
118 121 36
118 122 63
118 123 54
118 126 23
118 130 81
118 131 67
118 135 87
118 138 87
118 139 56
118 145 55
118 146 21
118 149 84
119 121 71
119 123 28
119 125 2
119 127 48
119 128 4
119 138 87
119 139 32
119 141 10
119 142 59
119 145 86
119 146 48
119 147 8
119 150 53
120 122 61
120 129 12
120 131 7
120 134 32
120 137 12
120 140 79
120 144 53
121 122 79
121 125 34
121 128 5
121 131 53
121 137 37
121 138 31
121 139 71
121 142 13
121 144 47
121 145 9
121 146 95
121 147 9
121 148 27
122 123 100
122 125 76
122 126 34
122 127 71
122 128 77
122 130 71
122 132 46
122 138 6
122 139 47
122 143 43
122 145 13
122 147 2
122 149 84
122 150 93
123 125 22
123 130 26
123 132 83
123 135 2
123 136 60
123 148 29
123 149 9
124 125 77
124 126 13
124 133 70
124 134 10
124 135 24
124 136 68
124 140 68
124 141 7
124 142 46
124 144 4
124 146 17
124 149 96
125 129 76
125 130 98
125 133 19
125 136 36
125 141 22
125 145 90
125 150 74
126 127 6
126 130 22
126 135 30
126 138 61
126 141 77
126 144 10
126 145 30
126 146 97
126 150 62
127 129 61
127 130 76
127 132 74
127 133 51
127 135 35
127 141 16
127 145 34
127 147 29
128 129 61
128 130 53
128 131 29
128 133 44
128 141 9
128 144 70
128 145 19
129 130 88
129 132 44
129 135 49
129 149 7
130 142 88
130 145 90
130 146 67
130 147 31
131 132 97
131 137 39
131 138 55
131 140 41
131 141 42
131 144 78
131 146 99
131 150 33
132 133 57
132 135 34
132 137 67
132 138 89
132 139 1
132 140 24
132 141 91
132 143 52
132 144 11
132 148 54
133 138 46
133 141 76
133 142 68
133 143 34
133 147 59
134 137 81
134 141 39
134 147 50
134 149 86
134 150 81
135 140 89
135 141 51
135 142 37
135 144 28
135 146 33
135 148 28
135 149 70
136 138 40
136 139 22
136 144 83
136 145 35
136 146 12
136 147 58
137 140 29
137 141 84
137 145 44
137 147 62
137 149 44
137 150 29
138 140 49
138 141 47
138 142 34
138 146 95
138 147 26
138 148 62
138 149 36
138 150 24
139 140 87
139 141 28
139 142 39
139 143 38
139 144 65
139 150 24
140 142 57
140 144 12
140 145 17
140 147 82
140 149 62
140 150 88
141 143 29
141 145 36
141 146 64
141 148 7
141 149 8
142 144 40
142 146 42
142 148 23
142 149 65
144 146 78
144 149 36
146 147 41
146 148 11
146 149 26
146 150 61
147 148 63
147 149 84
147 150 100
148 150 63
1 2 55
1 4 48
1 5 57
1 10 51
1 12 41
1 13 84
1 14 66
1 21 17
1 23 21
1 31 38
1 32 5
1 36 7
1 37 49
1 39 69
1 40 6
1 41 59
1 43 22
1 45 51
1 51 40
1 52 60
1 53 78
1 55 44
1 56 53
1 57 60
1 58 40
1 59 44
1 61 97
1 63 98
1 65 17
1 66 3
1 67 4
1 68 75
1 70 62
1 72 18
1 73 49
1 75 82
1 77 68
1 80 81
1 83 2
1 84 6
1 85 76
1 86 19
1 87 92
1 91 5
1 92 55
1 94 96
1 97 55
1 100 52
1 101 31
1 102 100
1 103 87
1 104 99
1 108 5
1 110 94
1 111 68
1 112 49
1 113 95
1 114 33
1 115 93
1 119 84
1 121 94
1 125 5
1 127 30
1 128 52
1 129 37
1 130 76
1 132 76
1 134 79
1 135 75
1 136 51
1 143 7
1 144 88
1 145 51
1 149 77
2 4 72
2 5 24
2 9 35
2 10 24
2 11 21
2 13 22
2 14 76
2 16 59
2 18 74
2 19 24
2 20 28
2 21 42
2 25 16
2 26 10
2 27 76
2 28 3
2 29 72
2 30 55
2 32 33
2 36 20
2 38 73
2 40 63
2 43 11
2 46 95
2 47 90
2 56 67
2 58 75
2 64 88
2 65 18
2 68 10
2 69 62
2 70 15
2 73 29
2 77 82
2 78 65
2 85 91
2 86 14
2 87 26
2 90 32
2 91 70
2 95 47
2 99 27
2 100 47
2 103 50
2 106 19
2 108 47
2 112 77
2 113 72
2 117 16
2 118 61
2 125 93
2 127 38
2 131 31
2 136 84
2 137 85
2 142 44
2 144 95
2 145 94
2 147 5
3 5 44
3 6 70
3 9 47
3 10 77
3 11 9
3 12 13
3 14 18
3 17 3
3 18 24
3 22 11
3 25 8
3 26 39
3 28 35
3 36 1
3 39 10
3 40 27
3 44 68
3 47 95
3 48 47
3 49 63
3 53 53
3 56 80
3 60 34
3 61 93
3 63 72
3 64 65
3 66 50
3 68 5
3 70 77
3 74 3
3 75 47
3 77 86
3 78 25
3 80 92
3 87 17
3 88 54
3 90 33
3 91 74
3 93 58
3 97 50
3 99 79
3 100 67
3 103 16
3 105 26
3 106 79
3 109 58
3 110 26
3 111 82
3 114 77
3 115 88
3 116 60
3 117 89
3 122 70
3 123 76
3 124 27
3 126 33
3 128 79
3 129 12
3 131 30
3 133 3
3 135 93
3 136 17
3 145 15
3 146 60
3 147 20
4 5 58
4 7 86
4 15 83
4 17 88
4 19 10
4 23 29
4 27 50
4 28 67
4 29 33
4 31 5
4 33 44
4 34 70
4 36 53
4 38 31
4 39 76
4 41 36
4 42 63
4 47 8
4 48 25
4 50 75
4 56 27
4 57 78
4 61 90
4 65 30
4 67 81
4 71 50
4 72 80
4 73 74
4 79 48
4 81 9
4 82 88
4 83 14
4 84 94
4 85 3
4 86 32
4 87 31
4 89 7
4 93 25
4 94 96
4 97 56
4 101 99
4 102 56
4 103 99
4 108 15
4 110 77
4 111 57
4 115 3
4 116 85
4 123 23
4 126 17
4 127 80
4 135 3
4 137 68
4 144 28
4 150 60
5 7 53
5 11 66
5 12 73
5 13 42
5 21 5
5 23 27
5 27 53
5 30 76
5 31 37
5 36 25
5 42 96
5 44 43
5 46 18
5 52 46
5 59 36
5 60 87
5 61 54
5 63 8
5 68 90
5 69 53
5 70 79
5 72 66
5 73 43
5 76 88
5 77 87
5 81 3
5 89 43
5 90 96
5 92 76
5 97 69
5 98 95
5 99 73
5 100 35
5 106 100
5 107 57
5 111 9
5 112 90
5 115 27
5 117 100
5 118 50
5 120 44
5 122 41
5 123 32
5 125 27
5 126 9
5 129 85
5 136 32
5 138 9
5 139 12
5 141 61
5 144 99
5 147 4
6 7 41
6 8 1
6 9 63
6 13 85
6 17 87
6 19 24
6 20 2
6 21 15
6 22 26
6 27 21
6 29 13
6 31 53
6 39 94
6 41 25
6 43 14
6 45 28
6 46 89
6 48 65
6 49 89
6 50 80
6 51 13
6 56 30
6 59 39
6 60 93
6 63 74
6 64 7
6 68 31
6 69 99
6 70 76
6 71 21
6 80 84
6 81 45
6 87 77
6 89 10
6 90 9
6 93 59
6 94 92
6 95 99
6 97 72
6 98 74
6 101 4
6 102 16
6 111 63
6 113 14
6 115 8
6 116 73
6 117 52
6 119 52
6 122 62
6 125 46
6 127 11
6 137 62
6 140 47
6 141 28
6 145 87
6 147 73
7 8 53
7 12 91
7 13 40
7 15 41
7 18 66
7 19 42
7 20 43
7 23 96
7 24 79
7 25 95
7 27 75
7 28 12
7 34 95
7 35 64
7 36 18
7 42 88
7 44 10
7 45 49
7 47 81
7 52 71
7 53 4
7 54 10
7 60 7
7 61 57
7 64 96
7 65 90
7 68 59
7 71 51
7 72 66
7 75 72
7 76 54
7 77 6
7 78 74
7 79 42
7 85 13
7 86 88
7 89 49
7 90 4
7 91 28
7 96 28
7 97 89
7 101 91
7 103 34
7 104 54
7 105 41
7 109 54
7 110 62
7 111 72
7 113 53
7 114 1
7 118 30
7 119 21
7 122 3
7 124 63
7 126 90
7 128 81
7 131 14
7 132 44
7 134 98
7 135 82
7 137 4
7 138 84
7 141 52
7 149 39
8 11 31
8 14 38
8 16 71
8 17 43
8 18 43
8 22 12
8 28 8
8 31 10
8 33 32
8 35 90
8 36 45
8 37 36
8 38 13
8 40 63
8 44 79
8 46 95
8 53 13
8 54 35
8 59 52
8 60 32
8 63 54
8 66 88
8 67 34
8 72 56
8 74 96
8 76 37
8 77 100
8 78 84
8 79 61
8 84 49
8 85 32
8 86 97
8 88 21
8 89 49
8 92 50
8 93 84
8 94 21
8 95 30
8 96 45
8 97 95
8 98 70
8 100 14
8 104 8
8 105 95
8 106 53
8 107 8
8 108 54
8 111 91
8 112 93
8 115 37
8 116 32
8 117 44
8 118 69
8 124 71
8 126 9
8 128 4
8 130 17
8 131 10
8 133 93
8 135 94
8 138 55
8 140 83
8 142 50
8 145 38
8 146 92
8 149 3
8 150 87
9 10 52
9 11 47
9 13 55
9 14 71
9 15 73
9 17 57
9 18 37
9 23 28
9 24 23
9 27 6
9 29 76
9 35 65
9 36 71
9 40 32
9 41 7
9 43 24
9 44 5
9 47 61
9 50 5
9 53 24
9 54 42
9 56 92
9 57 23
9 59 31
9 60 53
9 61 34
9 66 10
9 71 7
9 73 8
9 79 45
9 80 89
9 82 65
9 86 93
9 89 16
9 97 32
9 98 95
9 103 52
9 110 87
9 115 79
9 117 84
9 118 72
9 125 13
9 130 43
9 133 20
9 134 67
9 138 72
9 140 44
9 141 5
9 145 29
9 149 36
9 150 44
10 11 83
10 13 25
10 14 36
10 15 92
10 17 67
10 21 84
10 23 11
10 24 45
10 27 42
10 29 42
10 31 94
10 35 56
10 37 66
10 38 33
10 40 90
10 44 63
10 47 23
10 48 25
10 51 95
10 52 67
10 53 8
10 55 87
10 56 50
10 57 86
10 58 32
10 59 74
10 64 46
10 69 14
10 70 99
10 71 96
10 72 34
10 73 48
10 74 2
10 83 78
10 87 35
10 89 29
10 90 97
10 91 69
10 92 28
10 94 43
10 95 93
10 96 22
10 98 87
10 112 74
10 116 76
10 119 89
10 128 78
10 134 35
10 135 48
10 136 76
10 138 23
10 143 10
11 12 99
11 14 29
11 17 38
11 18 71
11 20 24
11 21 28
11 26 63
11 27 90
11 28 42
11 34 60
11 35 5
11 43 84
11 46 21
11 47 78
11 54 72
11 55 28
11 58 44
11 61 80
11 62 61
11 64 59
11 66 24
11 74 85
11 79 9
11 81 90
11 82 93
11 83 25
11 84 89
11 89 77
11 92 81
11 95 90
11 97 31
11 101 85
11 102 72
11 103 7
11 105 94
11 107 35
11 109 57
11 111 33
11 112 10
11 115 90
11 116 72
11 117 43
11 118 26
11 120 24
11 123 18
11 125 75
11 126 55
11 134 100
11 135 66
11 139 25
11 142 62
11 143 8
11 148 58
11 149 100
11 150 21
12 15 50
12 16 31
12 20 23
12 24 56
12 25 54
12 30 52
12 31 81
12 39 10
12 40 28
12 42 44
12 47 66
12 48 71
12 50 48
12 55 95
12 56 43
12 57 81
12 58 78
12 61 21
12 62 90
12 63 13
12 64 99
12 73 58
12 75 33
12 76 42
12 77 55
12 85 60
12 87 16
12 95 39
12 101 14
12 104 40
12 105 14
12 106 41
12 107 70
12 108 57
12 114 45
12 119 36
12 122 27
12 125 15
12 129 92
12 131 40
12 132 50
12 133 47
12 136 70
12 137 35
12 140 66
12 142 41
13 14 58
13 15 51
13 20 89
13 21 70
13 27 27
13 28 51
13 30 2
13 32 12
13 33 32
13 36 36
13 39 9
13 40 92
13 41 2
13 43 30
13 46 23
13 48 83
13 49 46
13 51 93
13 53 18
13 54 88
13 59 23
13 64 47
13 65 6
13 69 52
13 70 56
13 71 51
13 77 37
13 80 39
13 81 67
13 82 49
13 87 40
13 89 49
13 90 81
13 91 2
13 92 39
13 105 47
13 110 31
13 114 97
13 117 75
13 119 85
13 121 75
13 122 79
13 125 42
13 128 29
13 133 30
13 134 42
13 136 86
13 137 43
13 139 84
13 140 37
13 143 25
13 144 54
14 17 69
14 18 23
14 19 28
14 22 19
14 24 70
14 31 29
14 32 65
14 33 84
14 35 56
14 36 25
14 39 35
14 43 94
14 48 17
14 51 24
14 52 64
14 53 79
14 54 24
14 58 91
14 62 11
14 63 15
14 64 63
14 68 89
14 72 94
14 74 48
14 79 92
14 81 58
14 84 63
14 87 85
14 88 31
14 89 58
14 90 21
14 91 87
14 97 77
14 105 83
14 107 65
14 110 83
14 111 52
14 114 27
14 115 88
14 116 33
14 117 30
14 119 75
14 120 88
14 125 94
14 128 95
14 131 21
14 133 82
14 135 55
14 137 26
14 139 42
14 140 100
14 141 51
14 143 74
14 145 17
14 147 16
15 17 85
15 18 78
15 19 27
15 22 95
15 23 79
15 30 98
15 33 51
15 34 82
15 35 74
15 36 99
15 37 31
15 43 48
15 46 79
15 47 97
15 49 83
15 51 58
15 52 90
15 54 45
15 60 17
15 62 59
15 63 31
15 66 39
15 68 65
15 69 7
15 74 24
15 80 36
15 82 44
15 85 21
15 86 31
15 93 45
15 96 64
15 99 19
15 101 56
15 103 4
15 105 52
15 109 11
15 110 82
15 111 40
15 112 71
15 117 33
15 120 50
15 121 52
15 123 23
15 124 54
15 130 69
15 134 60
15 141 72
15 145 11
15 150 26
16 19 41
16 23 27
16 24 42
16 27 53
16 30 28
16 31 54
16 35 98
16 37 95
16 38 95
16 41 79
16 44 56
16 45 64
16 47 95
16 48 40
16 50 52
16 55 80
16 61 31
16 63 95
16 64 24
16 66 46
16 70 16
16 73 96
16 74 14
16 75 65
16 76 49
16 79 20
16 82 30
16 85 27
16 86 53
16 91 1
16 93 88
16 95 15
16 96 74
16 99 98
16 100 22
16 102 85
16 104 98
16 105 8
16 107 13
16 108 39
16 110 95
16 113 82
16 115 77
16 116 75
16 121 4
16 125 94
16 128 43
16 129 27
16 136 29
16 137 51
16 138 49
16 140 73
16 146 12
16 148 32
16 149 35
16 150 72
17 19 66
17 20 33
17 21 2
17 22 39
17 23 49
17 28 1
17 32 99
17 35 3
17 41 55
17 42 28
17 43 78
17 44 35
17 45 59
17 50 100
17 51 44
17 52 41
17 54 71
17 55 44
17 56 74
17 57 29
17 58 73
17 64 26
17 65 71
17 66 59
17 68 86
17 71 35
17 76 30
17 77 42
17 80 91
17 83 71
17 86 20
17 87 79
17 88 3
17 91 14
17 94 85
17 95 47
17 97 51
17 99 78
17 100 29
17 102 94
17 103 23
17 108 83
17 110 21
17 111 84
17 113 86
17 116 46
17 117 92
17 119 69
17 121 97
17 124 19
17 126 55
17 127 75
17 128 42
17 129 51
17 133 96
17 136 38
17 137 86
17 146 57
17 148 31
17 150 14
18 20 12
18 22 38
18 23 76
18 25 60
18 27 92
18 28 24
18 29 20
18 30 18
18 32 1
18 33 60
18 34 12
18 38 54
18 40 50
18 41 62
18 42 45
18 43 5
18 47 16
18 50 14
18 51 88
18 52 67
18 57 14
18 59 48
18 61 48
18 66 56
18 68 12
18 75 3
18 76 29
18 78 15
18 81 16
18 82 21
18 86 2
18 87 24
18 94 48
18 97 7
18 98 41
18 99 72
18 102 83
18 105 58
18 106 45
18 108 35
18 113 78
18 124 15
18 128 12
18 130 67
18 132 15
18 136 62
18 139 14
18 143 35
18 144 42
18 148 73
18 149 28
19 21 21
19 26 91
19 30 37
19 32 91
19 34 93
19 36 35
19 39 57
19 40 22
19 41 91
19 43 83
19 46 4
19 48 11
19 51 47
19 53 20
19 56 64
19 57 82
19 59 60
19 63 56
19 64 52
19 67 46
19 68 21
19 69 75
19 71 22
19 74 27
19 78 89
19 82 46
19 83 14
19 85 85
19 88 41
19 89 91
19 91 41
19 93 15
19 94 23
19 95 63
19 98 41
19 103 68
19 109 43
19 111 54
19 113 66
19 115 24
19 118 52
19 119 45
19 120 28
19 121 85
19 123 53
19 124 85
19 128 9
19 129 12
19 130 67
19 131 82
19 132 21
19 134 75
19 137 80
19 138 75
19 140 59
19 141 24
19 144 81
19 146 57
19 148 21
19 150 36
20 21 3
20 26 38
20 33 85
20 35 11
20 39 9
20 42 27
20 45 95
20 47 19
20 51 47
20 53 17
20 56 49
20 57 40
20 58 23
20 62 68
20 64 46
20 65 10
20 68 45
20 70 37
20 73 45
20 74 93
20 76 25
20 77 18
20 78 98
20 82 95
20 83 32
20 85 9
20 86 55
20 89 47
20 91 18
20 100 93
20 102 42
20 107 82
20 108 46
20 112 74
20 116 46
20 118 64
20 120 50
20 121 52
20 124 1
20 125 63
20 126 43
20 127 31
20 139 94
20 149 84
21 23 13
21 31 30
21 33 15
21 34 57
21 37 29
21 38 28
21 40 7
21 42 35
21 47 5
21 48 99
21 50 90
21 53 37
21 55 58
21 57 80
21 59 32
21 61 13
21 63 88
21 65 50
21 66 8
21 67 87
21 68 14
21 69 1
21 71 47
21 73 70
21 74 13
21 76 6
21 80 84
21 81 9
21 82 13
21 84 98
21 86 50
21 87 57
21 89 91
21 91 43
21 92 38
21 95 16
21 96 62
21 104 46
21 108 93
21 111 78
21 112 13
21 113 24
21 116 77
21 119 29
21 122 57
21 123 55
21 126 40
21 128 8
21 130 40
21 132 27
21 134 83
21 135 45
21 136 93
21 139 64
21 141 70
21 143 28
21 145 67
21 148 40
21 150 56
22 23 26
22 25 98
22 27 20
22 29 78
22 30 45
22 31 8
22 32 35
22 37 53
22 38 45
22 39 14
22 46 85
22 47 72
22 49 38
22 50 43
22 53 44
22 55 96
22 56 62
22 62 28
22 65 99
22 66 84
22 67 58
22 68 62
22 69 9
22 74 34
22 75 5
22 77 7
22 78 46
22 80 67
22 83 87
22 90 76
22 91 90
22 93 78
22 98 64
22 100 1
22 105 81
22 108 31
