150 10058 1
1 2 62
1 4 49
1 6 18
1 10 66
1 13 6
1 14 54
1 19 84
1 20 24
1 21 20
1 24 3
1 28 92
1 29 77
1 30 77
1 39 35
1 41 66
1 42 31
1 45 55
1 46 45
1 48 84
1 49 65
1 55 98
1 56 34
1 65 95
1 68 70
1 71 48
1 72 20
1 75 12
1 81 18
1 83 26
1 85 37
1 87 51
1 88 66
1 93 65
1 95 99
1 96 59
1 97 3
1 99 35
1 101 2
1 103 75
1 107 44
1 110 29
1 112 48
1 122 98
1 123 16
1 127 22
1 131 50
1 135 82
1 137 17
1 138 23
1 140 52
1 141 16
1 144 15
1 146 69
1 147 55
1 148 32
2 3 16
2 10 97
2 11 7
2 13 10
2 14 89
2 16 28
2 17 100
2 18 22
2 20 96
2 21 27
2 25 9
2 28 40
2 37 29
2 39 97
2 46 50
2 47 66
2 48 100
2 50 98
2 51 45
2 56 70
2 59 22
2 60 64
2 62 35
2 64 77
2 72 2
2 75 11
2 76 51
2 77 55
2 84 51
2 85 1
2 86 37
2 87 91
2 91 27
2 96 68
2 101 18
2 102 97
2 105 86
2 106 29
2 111 14
2 114 67
2 117 69
2 119 38
2 127 98
2 128 37
2 130 31
2 131 12
2 133 13
2 137 3
2 138 42
2 144 27
2 148 77
2 149 87
3 4 56
3 5 82
3 6 85
3 7 22
3 8 65
3 11 99
3 13 85
3 14 86
3 16 3
3 17 59
3 18 40
3 19 24
3 21 67
3 23 94
3 28 43
3 30 15
3 31 63
3 32 38
3 34 81
3 36 93
3 39 68
3 42 66
3 46 6
3 48 58
3 51 44
3 52 20
3 56 46
3 58 2
3 63 27
3 65 97
3 67 50
3 72 56
3 73 17
3 75 7
3 81 89
3 82 91
3 83 24
3 84 39
3 85 80
3 88 44
3 95 47
3 96 93
3 102 43
3 103 80
3 107 82
3 108 12
3 109 23
3 110 60
3 118 57
3 120 56
3 121 36
3 131 90
3 133 43
3 137 81
3 138 48
3 143 5
3 146 11
4 6 64
4 8 29
4 12 69
4 13 63
4 15 10
4 17 54
4 18 45
4 24 50
4 27 46
4 28 77
4 33 39
4 38 64
4 39 76
4 42 73
4 43 19
4 45 63
4 48 24
4 49 54
4 50 67
4 51 50
4 52 35
4 54 62
4 57 39
4 58 54
4 59 2
4 66 52
4 67 87
4 68 46
4 69 27
4 73 97
4 79 65
4 83 77
4 85 39
4 92 65
4 94 16
4 99 4
4 100 76
4 101 17
4 105 60
4 107 86
4 111 62
4 114 33
4 116 9
4 117 75
4 120 64
4 121 79
4 122 96
4 123 33
4 124 70
4 126 44
4 128 34
4 129 53
4 131 94
4 132 25
4 133 97
4 134 34
4 136 100
4 137 11
4 138 89
4 140 69
4 146 22
4 147 36
4 149 65
5 7 53
5 14 80
5 15 84
5 16 52
5 17 48
5 21 65
5 25 46
5 28 74
5 30 77
5 37 86
5 38 75
5 39 69
5 41 88
5 42 59
5 44 94
5 48 16
5 49 19
5 54 66
5 55 50
5 57 89
5 60 12
5 61 83
5 63 29
5 65 46
5 67 90
5 69 12
5 70 22
5 78 31
5 79 76
5 82 10
5 89 95
5 90 26
5 93 7
5 96 7
5 98 85
5 99 22
5 100 2
5 107 46
5 109 81
5 111 55
5 112 78
5 115 19
5 116 31
5 118 2
5 121 80
5 125 65
5 127 18
5 128 86
5 129 27
5 132 79
5 133 18
5 136 54
5 137 50
5 143 56
5 147 77
5 149 22
5 150 97
6 7 81
6 11 76
6 13 78
6 15 73
6 16 38
6 18 62
6 19 64
6 20 13
6 21 19
6 22 88
6 24 48
6 25 8
6 26 20
6 27 66
6 30 47
6 37 13
6 46 12
6 48 13
6 56 34
6 57 74
6 59 76
6 62 95
6 70 42
6 73 78
6 75 23
6 77 69
6 78 73
6 81 43
6 84 85
6 89 35
6 91 87
6 92 95
6 97 50
6 100 63
6 102 51
6 104 27
6 108 49
6 110 71
6 114 90
6 120 7
6 121 37
6 122 93
6 124 4
6 125 73
6 127 63
6 129 87
6 131 15
6 133 72
6 135 92
6 136 43
6 139 58
6 140 50
6 144 72
6 146 6
6 147 14
6 148 18
6 149 42
6 150 31
7 9 90
7 12 81
7 15 99
7 17 94
7 24 9
7 25 22
7 26 71
7 30 58
7 31 38
7 35 68
7 36 57
7 38 75
7 43 30
7 44 1
7 45 16
7 47 39
7 48 91
7 50 61
7 52 96
7 53 63
7 55 16
7 60 20
7 63 68
7 67 14
7 68 9
7 71 67
7 75 20
7 82 59
7 85 37
7 87 37
7 88 68
7 90 67
7 94 68
7 96 49
7 97 56
7 98 17
7 100 53
7 101 50
7 102 48
7 105 45
7 107 96
7 112 13
7 114 69
7 118 82
7 119 10
7 120 75
7 124 65
7 127 22
7 128 10
7 135 86
7 136 67
7 138 94
7 139 24
7 143 22
7 144 7
7 145 51
7 147 88
8 9 98
8 16 47
8 17 47
8 18 52
8 20 42
8 24 23
8 25 36
8 26 80
8 27 94
8 28 90
8 29 59
8 30 38
8 32 49
8 36 83
8 37 39
8 40 91
8 41 25
8 43 79
8 44 37
8 46 12
8 49 96
8 51 66
8 52 41
8 54 32
8 58 57
8 59 87
8 62 91
8 63 45
8 64 24
8 67 23
8 68 70
8 72 29
8 73 98
8 74 33
8 75 44
8 76 11
8 79 32
8 80 78
8 81 13
8 86 79
8 87 47
8 90 61
8 91 57
8 94 10
8 100 36
8 102 17
8 103 96
8 105 65
8 106 22
8 109 73
8 111 25
8 115 97
8 116 21
8 117 42
8 118 11
8 122 55
8 124 96
8 126 19
8 127 100
8 128 18
8 130 2
8 133 53
8 134 76
8 137 73
8 146 61
8 147 23
8 149 42
9 11 99
9 17 48
9 19 37
9 26 84
9 31 6
9 33 3
9 35 40
9 36 86
9 38 58
9 39 50
9 41 15
9 42 32
9 43 41
9 44 35
9 45 83
9 47 96
9 51 76
9 56 70
9 57 55
9 59 61
9 62 22
9 63 52
9 64 52
9 65 32
9 69 21
9 70 2
9 72 37
9 73 76
9 74 95
9 75 63
9 76 62
9 79 17
9 81 20
9 82 59
9 86 36
9 92 62
9 93 99
9 94 6
9 95 72
9 96 40
9 102 42
9 103 87
9 105 37
9 107 37
9 108 28
9 118 77
9 119 30
9 124 22
9 126 9
9 127 79
9 128 42
9 129 43
9 130 82
9 136 76
9 138 17
9 141 57
9 144 72
9 145 24
9 146 56
9 148 18
9 149 60
10 11 95
10 16 74
10 18 96
10 20 62
10 22 44
10 23 50
10 24 38
10 26 30
10 28 5
10 31 85
10 34 53
10 42 12
10 46 20
10 47 32
10 51 100
10 53 53
10 54 29
10 55 12
10 58 52
10 60 69
10 61 89
10 63 82
10 65 37
10 67 97
10 70 11
10 73 43
10 75 61
10 76 85
10 77 8
10 78 59
10 79 41
10 80 65
10 81 17
10 82 18
10 83 57
10 84 71
10 90 95
10 91 62
10 92 3
10 94 4
10 95 84
10 100 92
10 104 18
10 105 8
10 109 7
10 110 65
10 112 53
10 114 91
10 115 24
10 116 96
10 117 9
10 118 53
10 121 91
10 123 70
10 125 66
10 129 7
10 130 40
10 132 69
10 134 78
10 135 47
10 136 82
10 140 3
10 141 22
10 143 10
10 148 73
11 15 84
11 16 53
11 21 46
11 22 82
11 23 48
11 26 16
11 27 32
11 35 78
11 38 24
11 41 66
11 42 17
11 57 12
11 58 58
11 60 17
11 64 46
11 68 23
11 75 52
11 77 60
11 93 9
11 94 44
11 95 51
11 96 7
11 98 80
11 101 25
11 103 24
11 104 24
11 108 52
11 109 69
11 111 52
11 116 38
11 117 31
11 120 34
11 123 16
11 124 47
11 126 19
11 128 50
11 129 47
11 133 81
11 134 95
11 135 43
11 139 86
11 141 12
11 144 21
11 146 80
12 14 56
12 16 22
12 26 21
12 28 95
12 30 21
12 36 24
12 37 80
12 50 94
12 55 44
12 56 31
12 61 39
12 62 79
12 63 31
12 64 57
12 66 16
12 68 35
12 70 65
12 72 26
12 75 22
12 78 35
12 80 90
12 83 59
12 84 19
12 88 87
12 89 37
12 90 75
12 91 24
12 92 78
12 96 74
12 102 24
12 105 59
12 108 80
12 111 6
12 112 53
12 113 41
12 114 53
12 115 40
12 117 100
12 118 31
12 122 2
12 123 31
12 124 2
12 125 41
12 129 38
12 130 12
12 131 32
12 135 33
12 142 47
12 147 52
12 148 94
13 15 10
13 19 3
13 20 78
13 22 43
13 23 33
13 26 34
13 28 3
13 31 5
13 34 87
13 35 14
13 36 98
13 37 16
13 38 20
13 40 67
13 41 99
13 42 79
13 43 69
13 45 99
13 49 18
13 51 10
13 54 19
13 60 49
13 61 79
13 63 82
13 66 4
13 76 55
13 80 73
13 81 52
13 83 6
13 85 90
13 90 95
13 93 40
13 95 97
13 96 70
13 100 20
13 101 66
13 103 11
13 104 48
13 105 37
13 108 35
13 113 64
13 116 20
13 121 5
13 127 86
13 129 38
13 131 87
13 132 42
13 134 2
13 136 2
13 138 62
13 139 91
13 144 77
13 145 87
13 147 13
13 149 71
14 17 50
14 19 11
14 23 68
14 30 79
14 33 29
14 34 88
14 37 12
14 39 14
14 44 32
14 45 29
14 46 53
14 49 25
14 51 78
14 55 94
14 58 59
14 59 95
14 60 22
14 61 9
14 63 38
14 64 43
14 69 36
14 70 21
14 71 44
14 74 77
14 77 22
14 79 56
14 85 33
14 88 53
14 92 24
14 93 81
14 96 94
14 101 42
14 102 64
14 103 77
14 104 78
14 108 72
14 109 89
14 111 51
14 113 82
14 114 79
14 120 90
14 121 43
14 123 20
14 126 15
14 133 9
14 135 15
14 136 76
14 139 32
14 141 94
14 144 38
14 148 38
14 149 30
15 20 29
15 21 53
15 22 59
15 23 90
15 25 67
15 26 37
15 28 52
15 30 55
15 35 40
15 41 73
15 42 97
15 44 27
15 47 55
15 51 14
15 52 100
15 53 36
15 55 82
15 56 83
15 67 45
15 68 88
15 70 35
15 77 91
15 78 63
15 79 76
15 80 42
15 82 80
15 84 66
15 87 29
15 92 53
15 93 24
15 98 93
15 99 16
15 100 81
15 102 52
15 103 81
15 107 76
15 108 67
15 112 80
15 113 97
15 117 48
15 118 53
15 121 44
15 124 50
15 125 81
15 128 20
15 129 11
15 130 37
15 131 15
15 132 41
15 134 94
15 135 11
15 141 84
15 142 83
15 145 69
15 150 50
16 23 48
16 24 1
16 25 40
16 32 3
16 33 48
16 34 14
16 35 55
16 49 51
16 50 71
16 57 19
16 58 20
16 61 96
16 62 77
16 64 35
16 65 38
16 66 38
16 67 65
16 68 79
16 70 3
16 71 68
16 72 80
16 73 22
16 74 95
16 76 27
16 77 82
16 85 72
16 90 59
16 91 54
16 95 88
16 97 60
16 100 57
16 103 49
16 107 33
16 108 26
16 109 62
16 112 41
16 115 57
16 116 42
16 117 6
16 118 95
16 121 19
16 123 84
16 125 41
16 128 82
16 132 57
16 135 60
16 141 13
16 142 5
16 145 43
16 147 8
17 20 72
17 23 38
17 25 46
17 26 80
17 27 32
17 28 75
17 29 36
17 30 9
17 32 39
17 33 1
17 35 9
17 37 65
17 38 20
17 42 19
17 46 8
17 48 40
17 49 37
17 55 80
17 59 76
17 60 29
17 67 44
17 70 92
17 76 45
17 77 82
17 81 66
17 82 59
17 84 45
17 86 8
17 89 82
17 90 59
17 92 38
17 94 49
17 96 10
17 97 58
17 98 69
17 100 63
17 101 19
17 105 82
17 107 46
17 108 76
17 109 39
17 111 91
17 113 23
17 115 55
17 118 68
17 119 32
17 122 18
17 123 33
17 125 28
17 137 4
17 140 78
17 145 71
17 147 48
17 149 86
18 22 60
18 23 31
18 27 77
18 30 11
18 34 51
18 37 66
18 40 74
18 41 66
18 43 63
18 45 76
18 46 64
18 50 45
18 53 42
18 59 44
18 61 55
18 62 63
18 65 84
18 67 80
18 68 51
18 69 37
18 71 31
18 74 37
18 77 56
18 81 68
18 84 56
18 86 74
18 87 11
18 88 77
18 91 19
18 92 5
18 93 58
18 94 29
18 95 5
18 97 35
18 98 12
18 100 34
18 102 56
18 103 19
18 104 32
18 106 29
18 107 14
18 108 34
18 111 12
18 112 46
18 114 2
18 124 71
18 126 59
18 127 75
18 131 18
18 133 62
18 135 29
18 136 49
18 143 45
18 144 95
18 145 100
19 20 42
19 22 44
19 24 7
19 26 100
19 28 26
19 29 49
19 33 67
19 34 18
19 35 22
19 37 41
19 39 40
19 42 21
19 45 46
19 46 19
19 49 14
19 51 53
19 52 18
19 53 81
19 55 93
19 56 22
19 59 64
19 63 5
19 65 20
19 66 99
19 71 19
19 72 89
19 73 11
19 74 90
19 77 70
19 79 37
19 81 24
19 82 76
19 83 10
19 84 51
19 85 3
19 88 14
19 90 13
19 91 90
19 93 86
19 94 30
19 96 56
19 98 99
19 99 56
19 101 65
19 103 29
19 106 65
19 111 94
19 113 77
19 114 37
19 118 90
19 120 29
19 121 70
19 123 21
19 125 1
19 126 61
19 129 36
19 130 61
19 131 92
19 136 80
19 139 3
19 140 34
19 141 75
19 147 37
19 148 45
19 149 36
19 150 3
20 28 10
20 30 88
20 33 26
20 35 43
20 39 94
20 40 88
20 44 68
20 45 10
20 49 14
20 51 57
20 52 74
20 53 3
20 54 89
20 57 94
20 60 96
20 62 30
20 63 3
20 66 75
20 69 93
20 71 94
20 74 58
20 75 49
20 78 15
20 81 93
20 83 53
20 87 96
20 90 61
20 95 53
20 96 51
20 98 50
20 101 32
20 104 64
20 111 22
20 112 96
20 117 96
20 119 35
20 121 83
20 122 97
20 125 45
20 126 81
20 130 89
20 131 97
20 135 88
20 137 3
20 142 93
20 143 82
20 144 78
20 147 92
20 149 54
20 150 94
21 23 94
21 24 81
21 27 43
21 34 20
21 38 25
21 41 92
21 43 52
21 44 83
21 47 6
21 48 70
21 50 2
21 51 19
21 55 14
21 57 59
21 58 8
21 59 81
21 62 93
21 64 81
21 65 73
21 72 39
21 73 15
21 74 35
21 76 71
21 78 25
21 79 81
21 80 12
21 83 66
21 84 36
21 88 13
21 89 41
21 91 14
21 92 27
21 94 53
21 95 23
21 97 45
21 98 47
21 105 47
21 107 66
21 109 1
21 112 41
21 115 85
21 121 74
21 122 71
21 123 7
21 127 75
21 128 77
21 131 87
21 133 82
21 135 83
21 136 72
21 138 84
21 144 95
21 148 34
21 149 26
21 150 14
22 23 45
22 24 82
22 25 59
22 27 40
22 28 85
22 29 48
22 33 99
22 34 55
22 35 72
22 37 89
22 41 73
22 43 5
22 44 11
22 45 23
22 47 8
22 48 71
22 50 25
22 53 48
22 54 16
22 55 73
22 58 14
22 59 86
22 61 65
22 68 37
22 71 5
22 74 6
22 77 93
22 78 30
22 80 12
22 81 67
22 83 83
22 84 40
22 85 1
22 88 26
22 89 2
22 91 44
22 92 89
22 94 2
22 97 26
22 100 84
22 105 28
22 106 23
22 107 37
22 108 42
22 111 37
22 122 75
22 123 26
22 125 39
22 132 59
22 138 70
22 139 8
22 141 66
22 143 62
22 147 31
22 148 77
22 149 91
23 26 99
23 28 3
23 32 51
23 37 39
23 39 13
23 41 27
23 45 25
23 46 93
23 48 85
23 51 79
23 55 31
23 62 76
23 64 13
23 68 10
23 69 30
23 71 62
23 72 60
23 75 49
23 78 49
23 79 53
23 80 56
23 81 49
23 83 87
23 86 33
23 87 14
23 89 99
23 95 7
23 100 87
23 101 80
23 103 77
23 104 32
23 105 69
23 108 27
23 114 91
23 115 59
23 118 66
23 122 83
23 123 65
23 124 39
23 130 55
23 140 2
23 144 57
23 150 66
24 26 33
24 27 3
24 36 87
24 38 76
24 40 46
24 41 82
24 43 64
24 45 22
24 48 18
24 51 98
24 56 40
24 61 57
24 63 16
24 65 73
24 66 29
24 67 30
24 68 63
24 70 35
24 72 67
24 75 88
24 77 57
24 81 91
24 85 57
24 90 88
24 91 95
24 92 51
24 93 83
24 94 96
24 98 1
24 104 54
24 106 97
24 107 53
24 108 55
24 109 1
24 110 79
24 111 91
24 114 67
24 121 20
24 122 1
24 123 29
24 127 3
24 128 93
24 129 98
24 131 69
24 136 91
24 137 24
24 138 7
24 140 57
24 145 16
24 146 51
24 147 48
24 148 58
24 150 27
25 26 80
25 27 40
25 31 21
25 40 1
25 41 39
25 43 4
25 46 73
25 48 75
25 50 90
25 51 11
25 53 100
25 54 2
25 55 84
25 58 83
25 61 7
25 62 18
25 63 62
25 64 62
25 65 32
25 66 58
25 70 23
25 72 61
25 74 46
25 78 29
25 81 35
25 83 82
25 84 76
25 86 11
25 87 27
25 91 31
25 92 19
25 93 69
25 94 12
25 99 24
25 100 29
25 104 57
25 105 1
25 111 42
25 112 57
25 115 61
25 117 85
25 119 72
25 122 17
25 124 89
25 127 21
25 132 41
25 138 61
25 139 6
25 141 95
25 144 65
25 145 18
25 147 3
25 148 96
26 28 36
26 29 49
26 32 34
26 33 31
26 35 13
26 43 9
26 46 33
26 50 72
26 54 79
26 58 45
26 61 95
26 65 20
26 67 95
26 69 89
26 71 88
26 73 59
26 75 69
26 76 86
26 77 9
26 78 60
26 80 5
26 86 98
26 88 40
26 90 88
26 95 87
26 97 46
26 99 34
26 100 12
26 101 9
26 103 87
26 104 69
26 107 99
26 112 58
26 118 42
26 119 22
26 122 60
26 128 74
26 133 45
26 136 38
26 137 73
26 140 61
26 141 31
26 147 39
26 149 25
27 32 65
27 33 23
27 35 68
27 39 73
27 41 56
27 42 44
27 45 66
27 47 29
27 49 57
27 50 79
27 51 30
27 53 86
27 62 26
27 64 96
27 66 22
27 67 47
27 68 64
27 69 86
27 70 29
27 75 7
27 78 67
27 79 60
27 82 99
27 84 36
27 86 39
27 88 54
27 90 42
27 91 19
27 92 91
27 102 17
27 105 30
27 108 71
27 109 46
27 112 66
27 113 80
27 114 94
27 115 60
27 117 92
27 119 60
27 120 51
27 126 34
27 127 30
27 128 90
27 133 36
27 136 18
27 143 35
27 144 78
27 147 50
28 31 65
28 32 15
28 35 37
28 36 40
28 37 94
28 39 72
28 40 83
28 41 45
28 42 13
28 47 1
28 48 35
28 49 71
28 54 80
28 57 60
28 63 82
28 67 44
28 68 25
28 70 67
28 77 56
28 84 93
28 90 53
28 92 39
28 95 57
28 97 72
28 102 77
28 106 14
28 109 62
28 110 38
28 113 79
28 114 69
28 115 66
28 117 35
28 119 7
28 124 84
28 129 72
28 133 14
28 135 49
28 136 43
28 138 39
28 139 80
28 140 96
28 141 92
28 142 60
28 144 2
28 145 62
28 149 1
28 150 34
29 32 92
29 34 21
29 40 43
29 41 15
29 43 83
29 45 55
29 46 4
29 49 80
29 50 66
29 53 25
29 56 67
29 62 91
29 64 67
29 66 15
29 67 66
29 68 64
29 70 84
29 74 52
29 76 49
29 78 21
29 83 15
29 84 95
29 85 79
29 86 81
29 88 77
29 97 39
29 100 70
29 103 91
29 104 82
29 106 72
29 108 23
29 110 49
29 113 47
29 116 80
29 117 91
29 121 90
29 123 79
29 127 46
29 132 83
29 133 65
29 134 79
29 135 11
29 139 81
29 140 95
29 147 5
29 149 47
29 150 65
30 31 57
30 34 55
30 36 36
30 37 92
30 42 35
30 44 20
30 46 64
30 47 89
30 48 85
30 53 16
30 55 53
30 58 4
30 61 27
30 62 12
30 64 78
30 66 58
30 67 25
30 68 78
30 69 80
30 70 53
30 72 49
30 73 75
30 75 25
30 76 68
30 77 33
30 78 16
30 83 80
30 86 77
30 87 33
30 88 38
30 89 16
30 92 67
30 96 14
30 101 73
30 107 22
30 109 80
30 115 10
30 116 56
30 119 2
30 122 66
30 123 40
30 124 9
30 125 34
30 126 46
30 131 39
30 132 77
30 137 10
30 141 4
30 147 50
30 149 60
31 32 27
31 33 59
31 34 95
31 35 90
31 36 2
31 41 80
31 43 88
31 44 35
31 50 33
31 56 61
31 57 16
31 60 28
31 61 58
31 63 83
31 70 36
31 72 73
31 73 75
31 76 98
31 77 97
31 84 86
31 85 19
31 86 83
31 88 30
31 91 14
31 97 24
31 104 40
31 107 94
31 108 60
31 112 47
31 114 60
31 117 71
31 120 71
31 123 89
31 125 44
31 126 36
31 128 88
31 131 10
31 132 92
31 134 41
31 141 35
31 147 82
32 33 87
32 34 53
32 39 38
32 42 93
32 43 4
32 44 87
32 47 45
32 56 6
32 62 96
32 64 26
32 65 20
32 66 51
32 67 6
32 68 8
32 69 13
32 70 39
32 72 15
32 75 86
32 78 27
32 79 75
32 80 93
32 82 74
32 84 51
32 85 60
32 87 31
32 96 51
32 97 36
32 101 7
32 104 54
32 108 8
32 109 11
32 111 39
32 113 23
32 116 2
32 117 66
32 118 22
32 119 23
32 121 65
32 122 28
32 124 50
32 137 88
32 139 16
32 140 18
32 141 85
32 144 78
32 146 20
32 147 95
32 150 34
33 39 74
33 40 11
33 41 38
33 46 87
33 48 72
33 49 22
33 50 92
33 52 32
33 53 75
33 54 80
33 55 14
33 57 95
33 58 33
33 60 89
33 61 15
33 64 69
33 68 65
33 69 48
33 73 18
33 77 36
33 79 54
33 82 97
33 84 43
33 85 63
33 86 60
33 88 38
33 93 25
33 97 80
33 101 24
33 102 22
33 105 92
33 106 1
33 111 12
33 112 79
33 115 73
33 116 45
33 124 72
33 127 87
33 129 67
33 134 95
33 135 86
33 137 4
33 138 9
33 141 98
33 143 13
33 148 56
33 149 94
34 38 1
34 39 76
34 40 8
34 43 6
34 47 58
34 50 2
34 51 13
34 54 15
34 56 45
34 57 52
34 58 21
34 62 88
34 63 93
34 64 4
34 66 8
34 68 70
34 69 98
34 70 95
34 71 31
34 72 73
34 73 61
34 79 71
34 80 19
34 81 18
34 83 45
34 86 86
34 88 18
34 93 72
34 94 47
34 96 19
34 98 76
34 99 81
34 101 58
34 105 44
34 107 79
34 108 15
34 110 85
34 113 73
34 115 57
34 119 90
34 123 8
34 125 34
34 127 9
34 131 7
34 133 86
34 134 88
34 145 4
34 147 16
34 149 4
34 150 83
35 39 5
35 41 61
35 44 16
35 50 29
35 52 99
35 53 60
35 56 67
35 57 12
35 58 56
35 60 68
35 63 1
35 65 89
35 66 69
35 67 62
35 68 42
35 69 96
35 71 34
35 75 36
35 77 45
35 81 8
35 82 80
35 84 10
35 85 3
35 89 68
35 90 24
35 91 5
35 92 42
35 93 31
35 94 64
35 101 69
35 102 18
35 103 82
35 104 48
35 106 58
35 107 34
35 110 19
35 112 8
35 113 41
35 116 40
35 119 70
35 123 90
35 124 54
35 129 33
35 131 20
35 132 17
35 135 42
35 137 23
35 142 88
35 143 19
35 146 28
35 147 46
35 148 1
35 149 18
35 150 64
36 37 20
36 38 26
36 40 24
36 42 92
36 43 19
36 44 78
36 45 99
36 49 84
36 50 5
36 58 11
36 60 32
36 61 37
36 62 30
36 64 49
36 65 69
36 66 82
36 68 98
36 69 68
36 70 67
36 78 28
36 81 12
36 82 72
36 84 17
36 87 7
36 88 28
36 89 21
36 96 78
36 100 53
36 103 75
36 105 36
36 106 11
36 107 99
36 108 87
36 112 90
36 113 59
36 114 88
36 115 21
36 120 49
36 121 53
36 123 64
36 124 44
36 126 77
36 130 66
36 131 87
36 132 94
36 135 17
36 138 75
36 139 64
36 141 74
36 142 36
36 146 83
36 147 45
37 40 86
37 41 89
37 42 31
37 43 17
37 46 71
37 47 50
37 49 98
37 53 72
37 54 57
37 56 57
37 59 28
37 66 79
37 67 10
37 69 1
37 71 85
37 72 42
37 75 21
37 76 65
37 80 58
37 81 56
37 83 17
37 86 94
37 92 40
37 93 73
37 98 26
37 102 43
37 107 14
37 108 42
37 109 3
37 110 25
37 111 13
37 114 18
37 115 74
37 116 47
37 128 43
37 129 87
37 133 19
37 134 56
37 135 18
37 137 61
37 138 45
37 141 93
37 142 11
37 144 34
37 150 29
38 40 52
38 42 96
38 49 36
38 50 66
38 51 68
38 52 19
38 54 80
38 55 95
38 57 31
38 61 8
38 64 92
38 65 18
38 66 4
38 67 83
38 73 93
38 74 98
38 78 8
38 79 90
38 84 82
38 85 19
38 86 36
38 87 88
38 91 37
38 92 22
38 93 47
38 97 41
38 98 2
38 107 57
38 109 15
38 112 38
38 113 29
38 114 8
38 116 4
38 117 8
38 119 16
38 121 53
38 122 12
38 126 91
38 129 54
38 131 94
38 136 79
38 139 82
38 143 17
38 144 67
38 146 27
38 148 24
39 43 32
39 45 98
39 47 26
39 57 68
39 60 66
39 62 14
39 63 100
39 64 11
39 68 4
39 69 61
39 82 33
39 86 20
39 88 11
39 92 41
39 94 51
39 99 1
39 106 27
39 110 77
39 111 66
39 112 87
39 113 100
39 114 15
39 115 49
39 116 36
39 119 27
39 124 62
39 128 15
39 131 97
39 132 81
39 133 36
39 135 14
39 138 93
39 139 22
39 144 14
39 146 32
39 148 32
39 149 31
40 41 91
40 44 66
40 46 20
40 49 59
40 51 84
40 53 50
40 56 24
40 61 76
40 62 79
40 65 33
40 68 9
40 69 86
40 73 53
40 75 2
40 76 80
40 78 50
40 80 4
40 81 54
40 82 42
40 83 37
40 84 3
40 86 84
40 88 49
40 92 52
40 97 4
40 100 15
40 108 92
40 110 13
40 111 32
40 113 25
40 117 76
40 124 44
40 133 82
40 138 47
40 146 97
40 147 92
41 43 72
41 45 37
41 48 73
41 54 50
41 55 85
41 56 99
41 59 35
41 60 85
41 61 70
41 64 82
41 65 34
41 67 53
41 71 46
41 73 19
41 74 27
41 77 80
41 78 7
41 79 11
41 80 16
41 84 79
41 85 30
41 86 22
41 88 74
41 90 66
41 93 24
41 94 85
41 97 92
41 98 64
41 104 67
41 105 60
41 106 43
41 107 93
41 108 47
41 110 63
41 111 25
41 113 14
41 114 47
41 115 59
41 117 66
41 118 53
41 120 27
41 122 80
41 123 97
41 128 85
41 129 43
41 130 81
41 134 46
41 135 80
41 139 12
41 140 74
41 141 53
41 145 89
41 147 39
41 150 75
42 43 97
42 45 67
42 47 59
42 53 55
42 57 76
42 61 55
42 66 63
42 67 42
42 70 91
42 73 8
42 76 24
42 81 34
42 85 8
42 86 59
42 91 8
42 93 50
42 97 34
42 102 70
42 105 71
42 107 39
42 108 71
42 111 98
42 113 70
42 116 80
42 117 2
42 119 56
42 122 26
42 125 97
42 126 49
42 129 36
42 130 90
42 132 42
42 135 91
42 136 89
42 139 56
42 142 69
42 143 45
42 144 70
42 145 6
42 146 44
42 148 80
43 44 95
43 52 26
43 53 60
43 54 90
43 55 66
43 56 32
43 57 27
43 59 67
43 61 28
43 63 39
43 64 32
43 65 10
43 67 84
43 68 78
43 73 15
43 78 89
43 79 38
43 80 52
43 81 72
43 84 82
43 94 65
43 95 21
43 101 49
43 106 18
43 107 1
43 108 65
43 112 20
43 119 40
43 124 46
43 127 43
43 134 1
43 135 15
43 136 76
43 137 48
43 140 74
43 144 86
43 146 4
43 147 50
43 149 22
44 46 2
44 52 70
44 53 32
44 54 4
44 55 98
44 59 69
44 63 57
44 65 11
44 67 2
44 68 28
44 70 7
44 79 58
44 82 79
44 83 35
44 86 26
44 87 33
44 88 78
44 89 57
44 90 30
44 91 99
44 95 74
44 98 92
44 102 60
44 105 83
44 106 35
44 108 24
44 111 76
44 112 55
44 113 24
44 114 88
44 119 11
44 120 97
44 121 37
44 123 18
44 125 69
44 128 30
44 133 70
44 134 100
44 135 99
44 136 15
44 138 89
44 139 80
44 144 97
44 145 69
44 146 45
44 150 57
45 50 96
45 52 33
45 57 60
45 62 26
45 63 62
45 68 52
45 69 51
45 73 54
45 74 57
45 75 30
45 76 4
45 80 1
45 84 9
45 88 7
45 89 78
45 91 34
45 95 8
45 98 39
45 99 78
45 104 21
45 110 23
45 111 47
45 113 1
45 115 18
45 118 35
45 121 55
45 122 94
45 125 34
45 127 68
45 132 91
45 133 36
45 135 58
45 136 94
45 139 42
45 141 52
45 145 7
45 147 81
45 148 5
46 52 67
46 54 33
46 60 82
46 61 57
46 63 58
46 64 32
46 65 37
46 67 69
46 72 91
46 74 71
46 80 3
46 81 35
46 85 11
46 86 22
46 87 11
46 88 4
46 89 98
46 91 4
46 97 19
46 105 89
46 107 74
46 110 13
46 111 70
46 114 33
46 115 3
46 116 64
46 117 92
46 121 59
46 128 82
46 129 60
46 130 29
46 131 74
46 133 14
46 134 81
46 138 7
46 139 16
46 141 11
46 142 64
46 143 29
46 146 55
46 148 80
47 48 14
47 52 87
47 58 5
47 60 27
47 62 9
47 63 29
47 74 43
47 75 53
47 76 78
47 80 83
47 83 38
47 88 93
47 89 53
47 91 89
47 95 72
47 98 18
47 99 79
47 101 44
47 102 51
47 106 5
47 107 98
47 114 59
47 118 78
47 124 51
47 125 4
47 127 45
47 130 7
47 132 82
47 133 91
47 134 55
47 136 93
47 138 39
47 142 31
47 143 69
47 149 60
48 52 15
48 56 85
48 57 7
48 60 23
48 61 26
48 62 98
48 65 32
48 68 31
48 69 74
48 72 96
48 73 99
48 74 76
48 75 34
48 79 96
48 82 73
48 84 88
48 86 10
48 88 23
48 89 6
48 90 8
48 91 80
48 94 36
48 95 6
48 99 85
48 102 33
48 106 11
48 107 52
48 110 83
48 112 15
48 119 51
48 120 24
48 121 72
48 122 34
48 124 95
48 130 95
48 131 76
48 132 87
48 135 12
48 137 59
48 138 4
48 139 36
48 145 39
48 146 26
48 150 89
49 57 26
49 60 61
49 61 23
49 62 48
49 64 83
49 67 60
49 69 69
49 70 40
49 73 5
49 78 50
49 82 38
49 85 48
49 87 90
49 92 18
49 93 20
49 94 89
49 99 85
49 103 9
49 106 96
49 110 17
49 112 87
49 118 92
49 119 26
49 120 35
49 122 9
49 126 76
49 127 83
49 132 33
49 133 73
49 134 53
49 140 29
49 144 27
49 145 11
49 150 42
50 52 49
50 53 83
50 55 15
50 58 36
50 63 50
50 65 34
50 66 33
50 69 46
50 70 90
50 75 58
50 79 43
50 81 58
50 82 65
50 84 61
50 85 83
50 87 67
50 89 85
50 90 53
50 91 74
50 93 83
50 94 99
50 95 71
50 96 28
50 97 72
50 98 50
50 99 19
50 102 64
50 103 67
50 104 56
50 106 47
50 110 79
50 111 87
50 112 18
50 118 18
50 122 47
50 123 100
50 126 22
50 127 89
50 128 69
50 129 36
50 145 24
50 147 20
51 53 19
51 54 95
51 56 38
51 57 37
51 58 10
51 61 89
51 62 66
51 63 70
51 64 74
51 65 95
51 67 41
51 70 8
51 74 81
51 76 79
51 80 16
51 81 40
51 82 51
51 84 99
51 86 69
51 87 34
51 89 32
51 91 10
51 97 86
51 101 3
51 108 69
51 113 5
51 115 3
51 117 7
51 118 91
51 125 56
51 133 1
51 141 50
51 143 38
51 146 48
51 147 88
52 54 74
52 55 63
52 56 60
52 63 30
52 67 94
52 69 40
52 71 16
52 73 88
52 77 70
52 78 46
52 91 11
52 92 12
52 93 40
52 95 7
52 96 7
52 100 85
52 105 4
52 107 61
52 111 51
52 112 74
52 115 55
52 116 24
52 118 51
52 120 81
52 122 82
52 123 51
52 124 1
52 125 99
52 129 23
52 132 84
52 137 96
52 139 13
52 141 45
52 144 31
52 150 15
53 61 33
53 62 68
53 66 74
53 67 22
53 68 84
53 69 4
53 70 31
53 74 9
53 75 22
53 77 74
53 80 91
53 82 18
53 84 21
53 85 16
53 91 41
53 92 75
53 93 79
53 95 6
53 98 33
53 99 75
53 100 24
53 101 64
53 102 6
53 103 5
53 104 27
53 106 25
53 109 21
53 110 38
53 111 94
53 114 95
53 117 12
53 118 5
53 119 1
53 120 57
53 121 93
53 122 61
53 123 73
53 127 78
53 131 61
53 136 82
53 137 84
53 138 67
53 140 59
53 141 65
53 143 63
53 146 18
53 149 57
54 55 77
54 59 33
54 63 42
54 65 64
54 66 4
54 68 8
54 69 9
54 71 28
54 76 55
54 78 68
54 79 40
54 81 50
54 89 9
54 90 29
54 91 32
54 92 57
54 95 62
54 98 31
54 100 20
54 102 99
54 114 27
54 115 39
54 124 57
54 125 21
54 127 70
54 129 39
54 132 58
54 134 31
54 136 59
54 139 100
54 141 5
54 142 48
54 144 6
54 146 8
54 150 97
55 58 39
55 60 11
55 64 38
55 66 5
55 67 56
55 69 6
55 72 34
55 78 99
55 79 24
55 80 14
55 81 49
55 85 86
55 86 6
55 90 68
55 92 34
55 95 67
55 96 67
55 97 15
55 100 7
55 101 97
55 106 85
55 110 62
55 112 89
55 115 74
55 118 16
55 119 53
55 120 35
55 122 32
55 124 85
55 128 17
55 129 54
55 130 76
55 132 44
55 134 78
55 135 41
55 138 10
55 139 49
55 147 64
55 150 24
56 59 14
56 62 36
56 66 81
56 67 22
56 69 1
56 74 87
56 75 9
56 83 18
56 86 88
56 87 17
56 91 90
56 92 96
56 95 4
56 101 6
56 103 48
56 105 70
56 106 28
56 108 16
56 112 60
56 114 84
56 115 10
56 116 16
56 120 20
56 122 1
56 124 80
56 129 51
56 132 26
56 136 98
56 141 100
56 143 91
56 144 79
56 146 2
57 58 24
57 60 65
57 61 47
57 64 72
57 71 67
57 73 85
57 76 81
57 77 23
57 82 31
57 91 57
57 92 73
57 94 52
57 95 35
57 99 41
57 107 38
57 109 30
57 110 14
57 112 5
57 115 64
57 116 95
57 123 17
57 126 15
57 128 72
57 129 47
57 132 97
57 133 67
57 135 40
57 136 28
57 138 68
57 139 87
57 140 73
57 145 75
57 147 1
58 59 1
58 60 5
58 61 5
58 62 94
58 64 13
58 67 72
58 71 24
58 73 62
58 75 39
58 77 52
58 78 87
58 79 30
58 80 95
58 84 46
58 85 49
58 86 85
58 87 32
58 88 100
58 91 98
58 92 81
58 94 58
58 97 97
58 99 45
58 106 79
58 112 25
58 117 95
58 119 35
58 121 54
58 122 84
58 128 24
58 129 71
58 130 13
58 135 41
58 136 68
58 138 64
58 143 97
58 146 13
58 147 90
58 148 42
59 60 50
59 63 44
59 66 71
59 69 19
59 72 16
59 80 64
59 86 29
59 91 83
59 96 59
59 97 53
59 100 60
59 102 15
59 107 67
59 113 49
59 114 50
59 115 5
59 121 45
59 136 59
59 140 60
59 141 78
59 145 58
59 146 4
59 147 69
59 149 78
59 150 81
60 62 22
60 63 15
60 65 82
60 69 99
60 71 82
60 77 53
60 78 37
60 82 88
60 85 46
60 86 53
60 87 80
60 89 51
60 90 52
60 92 84
60 93 74
60 95 31
60 105 41
60 110 15
60 117 25
60 121 48
60 125 65
60 126 26
60 127 68
60 129 35
60 134 95
60 135 6
60 141 98
60 144 25
60 148 96
60 149 60
61 62 37
61 69 87
61 70 97
61 71 52
61 73 84
61 82 20
61 84 30
61 90 34
61 93 22
61 94 57
61 98 10
61 99 23
61 100 53
61 101 81
61 103 98
61 106 95
61 107 72
61 109 82
61 110 3
61 112 84
61 114 39
61 118 26
61 119 2
61 121 27
61 122 70
61 123 85
61 124 29
61 128 46
61 129 26
61 130 26
61 131 68
61 137 91
61 143 90
61 144 60
61 147 19
61 148 66
62 63 7
62 65 91
62 66 50
62 67 42
62 71 65
62 72 95
62 75 100
62 76 2
62 77 48
62 81 54
62 84 37
62 85 84
62 86 10
62 87 32
62 92 65
62 95 72
62 98 35
62 102 23
62 103 47
62 105 95
62 107 56
62 113 66
62 119 6
62 120 2
62 124 49
62 128 65
62 129 51
62 131 83
62 134 76
62 137 10
62 138 19
62 139 73
62 140 7
62 141 98
62 143 5
62 145 81
62 146 60
63 64 57
63 66 59
63 68 11
63 70 50
63 71 82
63 79 48
63 81 95
63 82 59
63 84 23
63 85 12
63 86 53
63 87 81
63 88 3
63 91 12
63 93 28
63 95 96
63 96 20
63 97 36
63 100 88
63 102 79
63 103 45
63 107 28
63 111 37
63 112 26
63 118 22
63 119 2
63 127 84
63 129 69
63 130 95
63 132 58
63 134 69
63 135 62
63 137 17
63 138 46
63 140 50
63 144 19
63 146 77
63 149 25
63 150 90
64 66 19
64 69 76
64 72 5
64 73 77
64 74 86
64 75 31
64 77 100
64 80 67
64 82 2
64 83 34
64 86 18
64 87 26
64 90 100
64 91 89
64 95 53
64 96 50
64 103 42
64 107 63
64 110 80
64 113 90
64 114 22
64 115 46
64 116 22
64 117 17
64 121 18
64 124 89
64 125 13
64 128 14
64 129 47
64 131 6
64 132 1
64 136 88
64 138 6
64 140 77
64 141 10
64 145 60
64 150 43
65 68 27
65 71 81
65 73 21
65 76 10
65 82 25
65 86 4
65 91 56
65 93 22
65 94 26
65 98 52
65 99 97
65 101 20
65 102 77
65 108 36
65 110 37
65 111 92
65 114 92
65 115 14
65 116 8
65 119 39
65 120 24
65 126 87
65 130 49
65 132 6
65 138 49
65 140 97
65 143 46
65 144 53
65 146 80
66 67 46
66 71 32
66 76 27
66 80 40
66 86 97
66 87 58
66 88 89
66 89 31
66 90 14
66 91 9
66 93 91
66 94 94
66 98 92
66 103 22
66 104 13
66 110 54
66 111 100
66 114 71
66 115 57
66 116 1
66 118 60
66 121 12
66 124 34
66 126 28
66 127 69
66 134 17
66 136 36
66 137 54
66 138 79
66 142 94
66 143 81
66 145 10
66 149 19
67 68 47
67 69 27
67 71 11
67 72 45
67 73 76
67 75 70
67 80 77
67 81 23
67 82 21
67 85 33
67 86 51
67 92 85
67 94 97
67 95 41
67 96 77
67 98 39
67 99 74
67 101 7
67 102 5
67 104 24
67 105 54
67 106 82
67 108 87
67 111 70
67 112 55
67 115 29
67 116 2
67 118 97
67 122 28
67 127 65
67 128 80
67 130 98
67 131 81
67 132 50
67 142 56
67 150 27
68 71 13
68 73 98
68 74 76
68 75 37
68 78 79
68 79 2
68 81 43
68 83 93
68 84 78
68 87 23
68 88 9
68 94 34
68 100 39
68 101 19
68 105 4
68 107 97
68 108 99
68 117 40
68 118 71
68 120 15
68 122 94
68 123 75
68 124 79
68 125 28
68 128 70
68 132 100
68 134 17
68 135 100
68 136 46
68 138 51
68 144 23
68 146 25
68 150 16
69 70 73
69 71 27
69 72 44
69 73 38
69 74 86
69 75 64
69 76 16
69 79 68
69 81 48
69 83 44
69 86 10
69 87 33
69 89 55
69 90 24
69 91 62
69 92 17
69 94 18
69 95 37
69 98 82
69 106 21
69 107 36
69 109 99
69 113 88
69 117 4
69 118 35
69 121 7
69 124 64
69 126 6
69 128 67
69 129 33
69 131 76
69 132 41
69 134 42
69 137 46
69 140 50
69 141 2
69 150 27
70 71 62
70 73 80
70 76 93
70 80 3
70 83 76
70 93 49
70 94 64
70 97 46
70 99 54
70 102 17
70 103 32
70 105 69
70 110 70
70 111 22
70 112 49
70 115 67
70 117 11
70 120 66
70 121 100
70 122 26
70 123 79
70 126 1
70 129 24
70 135 26
70 136 63
70 139 83
70 140 50
70 142 68
71 72 85
71 73 16
71 75 99
71 76 55
71 77 98
71 78 35
71 82 21
71 83 19
71 84 18
71 85 13
71 89 67
71 95 74
71 97 24
71 98 3
71 108 54
71 109 93
71 110 87
71 111 63
71 116 36
71 120 37
71 128 9
71 134 41
71 135 74
71 140 33
71 141 59
71 143 68
71 144 39
71 147 83
71 148 62
72 77 56
72 79 44
72 80 65
72 81 74
72 88 86
72 89 62
72 90 85
72 91 87
72 93 98
72 94 46
72 96 88
72 97 92
72 99 19
72 104 72
72 108 91
72 110 54
72 111 4
72 112 81
72 114 76
72 115 53
72 116 10
72 118 82
72 123 59
72 126 24
72 128 53
72 134 5
72 136 19
72 140 67
72 141 70
72 142 24
72 143 81
72 144 80
72 145 95
72 147 11
72 148 43
73 74 62
73 79 37
73 82 20
73 84 4
73 85 47
73 88 81
73 89 80
73 92 65
73 93 67
73 94 66
73 95 15
73 101 55
73 106 31
73 107 48
73 109 43
73 111 26
73 114 27
73 119 14
73 120 82
73 121 8
73 124 76
73 125 24
73 127 36
73 128 74
73 129 68
73 134 98
73 147 84
73 148 100
73 149 2
74 77 52
74 79 68
74 81 94
74 83 60
74 84 91
74 85 51
74 88 5
74 91 83
74 102 3
74 103 14
74 105 83
74 106 51
74 108 52
74 109 11
74 110 5
74 112 70
74 117 56
74 120 97
74 121 56
74 122 22
74 123 98
74 126 73
74 130 47
74 131 1
74 136 18
74 137 11
74 139 77
74 140 57
74 141 38
74 142 10
74 143 12
74 149 27
75 78 40
75 79 41
75 83 44
75 84 63
75 85 98
75 86 43
75 87 49
75 88 24
75 92 64
75 93 87
75 95 47
75 96 49
75 100 72
75 101 3
75 102 23
75 104 6
75 105 73
75 106 80
75 107 2
75 108 6
75 110 84
75 111 19
75 113 89
75 114 87
75 119 98
75 120 47
75 122 78
75 124 97
75 125 26
75 128 30
75 130 50
75 131 71
75 134 29
76 77 33
76 80 8
76 93 68
76 96 47
76 97 78
76 98 97
76 99 7
76 100 55
76 104 32
76 109 67
76 112 91
76 113 88
76 117 27
76 118 76
76 120 65
76 122 65
76 125 26
76 129 31
76 134 17
76 136 48
76 138 7
76 140 43
76 146 100
76 147 52
77 81 68
77 84 44
77 86 77
77 87 28
77 88 78
77 90 71
77 95 60
77 101 93
77 105 93
77 107 76
77 111 68
77 115 98
77 116 63
77 120 74
77 124 86
77 128 1
77 129 65
77 132 94
77 134 76
77 139 92
77 146 50
77 147 76
77 150 22
78 80 76
78 82 79
78 83 51
78 85 64
78 86 62
78 87 72
78 90 63
78 91 46
78 92 27
78 93 55
78 95 28
78 97 96
78 99 3
78 105 33
78 106 8
78 108 44
78 114 34
78 118 79
78 120 97
78 122 86
78 129 55
78 131 52
78 133 100
78 135 2
78 137 19
78 144 62
78 145 42
78 147 16
78 150 59
79 86 6
79 87 55
79 88 91
79 90 94
79 93 43
79 94 4
79 98 55
79 100 64
79 105 94
79 106 56
79 113 59
79 114 2
79 124 60
79 125 20
79 127 34
79 130 23
79 134 61
79 135 95
79 136 35
79 137 55
79 138 16
79 139 92
79 140 69
79 143 88
79 144 53
80 81 98
80 83 86
80 86 96
80 87 94
80 92 85
80 96 97
80 100 7
80 102 43
80 103 26
80 104 34
80 105 82
80 108 69
80 113 4
80 117 94
80 122 6
80 129 82
80 130 38
80 132 84
80 134 49
80 138 43
80 141 48
80 144 12
80 145 34
80 147 10
81 86 26
81 87 35
81 91 20
81 96 99
81 98 60
81 106 34
81 109 74
81 110 99
81 112 29
81 113 49
81 117 62
81 118 69
81 120 54
81 121 78
81 122 62
81 125 58
81 126 31
81 130 3
81 131 4
81 132 69
81 133 15
81 135 38
81 140 38
81 143 88
81 144 81
81 146 61
81 147 82
81 148 22
81 149 37
82 84 75
82 86 89
82 88 15
82 90 69
82 92 41
82 93 12
82 97 71
82 98 89
82 99 57
82 101 35
82 105 5
82 110 25
82 112 83
82 114 27
82 119 37
82 120 52
82 123 76
82 127 72
82 129 14
82 130 28
82 131 25
82 134 39
82 135 27
82 137 36
82 138 80
82 139 54
82 142 3
82 143 4
83 84 57
83 90 62
83 95 81
83 97 58
83 100 10
83 107 13
83 108 30
83 110 33
83 116 78
83 120 69
83 126 7
83 128 16
83 129 75
83 130 92
83 135 5
83 137 21
83 138 92
83 142 89
83 143 85
83 145 97
83 149 65
83 150 24
84 87 95
84 89 33
84 90 82
84 93 82
84 96 33
84 97 75
84 98 84
84 100 57
84 101 85
84 102 84
84 104 31
84 110 48
84 118 28
84 120 20
84 121 75
84 127 92
84 131 76
84 133 22
84 135 74
84 136 83
84 138 97
84 142 47
84 145 99
85 88 4
85 90 80
85 91 22
85 93 87
85 97 42
85 99 52
85 102 98
85 106 52
85 109 39
85 110 42
85 113 36
85 114 38
85 116 8
85 125 99
85 127 13
85 130 56
85 132 68
85 133 19
85 135 85
85 137 81
85 139 65
85 141 58
85 148 67
85 149 3
86 89 82
86 90 42
86 91 32
86 100 78
86 105 84
86 112 16
86 113 80
86 115 43
86 119 92
86 120 24
86 122 7
86 125 73
86 128 41
86 134 94
86 135 22
86 136 46
86 137 3
86 138 88
86 141 73
86 143 3
86 144 24
86 145 46
86 147 68
86 150 87
87 91 58
87 92 29
87 94 24
87 96 44
87 97 62
87 100 70
87 101 16
87 102 33
87 103 42
87 104 39
87 105 18
87 107 21
87 108 20
87 109 26
87 111 35
87 112 18
87 113 76
87 114 29
87 116 100
87 117 45
87 118 85
87 120 49
87 122 34
87 127 97
87 130 29
87 132 73
87 136 4
87 146 10
87 147 81
87 148 20
88 89 41
88 90 13
88 91 36
88 93 16
88 95 25
88 99 39
88 100 39
88 101 73
88 107 52
88 114 67
88 117 58
88 120 20
88 121 85
88 122 54
88 125 82
88 126 24
88 133 60
88 135 17
88 137 87
88 138 8
88 139 92
88 142 33
88 145 17
88 146 74
88 148 25
88 149 80
88 150 26
89 93 82
89 96 70
89 97 34
89 98 19
89 103 45
89 105 39
89 106 92
89 108 59
89 109 77
89 113 16
89 115 92
89 116 57
89 122 92
89 129 33
89 133 76
89 136 30
89 137 81
89 140 59
89 142 95
89 145 38
89 146 24
89 149 24
90 94 2
90 98 42
90 100 97
90 102 62
90 104 37
90 106 63
90 107 54
90 109 36
90 112 52
90 114 19
90 115 21
90 120 13
90 122 27
90 124 91
90 127 67
90 130 75
90 135 82
90 136 7
90 137 25
90 139 61
90 142 70
90 143 45
90 147 6
90 149 68
91 92 67
91 95 69
91 96 49
91 99 67
91 104 21
91 105 90
91 108 9
91 112 47
91 115 73
91 117 13
91 118 61
91 122 39
91 125 33
91 130 89
91 139 9
91 142 23
91 143 26
91 146 61
92 98 84
92 99 52
92 100 45
92 101 82
92 107 84
92 109 9
92 110 87
92 111 87
92 115 92
92 117 7
92 118 75
92 119 15
92 120 45
92 123 84
92 124 45
92 125 75
92 126 90
92 129 47
92 130 60
92 132 42
92 133 83
92 134 23
92 138 20
92 139 98
92 140 28
92 141 69
92 142 66
92 143 16
92 144 60
92 145 1
92 146 74
92 147 37
92 149 29
93 98 30
93 100 55
93 104 78
93 105 100
93 112 91
93 113 12
93 114 72
93 117 49
93 118 81
93 121 70
93 123 56
93 128 41
93 129 22
93 132 81
93 133 69
93 136 79
93 138 61
93 142 49
93 143 46
94 95 72
94 96 20
94 98 58
94 100 85
94 102 46
94 107 81
94 108 96
94 110 4
94 112 19
94 115 67
94 117 14
94 119 85
94 127 53
94 129 85
94 130 20
94 131 3
94 134 69
94 135 45
94 136 75
94 138 40
94 139 28
94 140 90
94 143 52
94 144 92
94 145 27
94 149 93
94 150 70
95 96 10
95 97 91
95 99 45
95 101 20
95 102 46
95 103 93
95 106 77
95 109 30
95 110 93
95 116 15
95 118 65
95 119 42
95 123 27
95 124 96
95 125 75
95 126 4
95 130 81
95 131 58
95 132 52
95 133 71
95 136 95
95 137 82
95 138 68
95 140 63
95 142 44
95 143 96
95 146 36
95 147 77
95 149 43
96 98 57
96 99 57
96 101 4
96 102 72
96 104 87
96 105 42
96 107 80
96 108 97
96 110 63
96 111 75
96 112 7
96 113 89
96 117 56
96 121 53
96 124 15
96 127 47
96 131 58
96 135 33
96 137 60
96 139 19
96 142 24
96 144 97
96 145 96
96 147 35
96 148 94
96 150 57
97 101 20
97 103 96
97 106 10
97 110 19
97 111 10
97 112 100
97 115 62
97 118 81
97 120 51
97 125 38
97 126 19
97 127 45
97 128 22
97 131 34
97 132 12
97 136 1
97 137 100
97 142 18
97 143 45
97 145 69
97 146 73
97 150 66
98 104 63
98 105 38
98 107 73
98 108 47
98 111 23
98 113 25
98 117 57
98 120 30
98 122 66
98 127 34
98 129 25
98 134 99
98 135 50
98 138 57
98 141 99
98 144 35
98 145 19
98 148 97
98 150 66
99 101 93
99 103 91
99 104 15
99 106 42
99 108 73
99 111 18
99 112 28
99 114 79
99 115 63
99 116 100
99 120 63
99 121 60
99 126 37
99 128 4
99 129 62
99 130 2
99 132 99
99 137 95
99 138 86
99 145 23
99 148 55
99 150 98
100 102 77
100 107 29
100 109 50
100 111 84
100 114 13
100 115 42
100 117 58
100 119 6
100 124 66
100 125 89
100 126 13
100 127 2
100 129 22
100 131 31
100 133 34
100 136 32
100 137 99
100 139 41
100 141 30
100 145 18
100 147 13
100 148 44
100 150 3
101 102 48
101 104 64
101 106 83
101 107 6
101 108 25
101 109 59
101 113 10
101 114 34
101 116 34
101 120 93
101 121 99
101 124 32
101 125 2
101 126 24
101 131 36
101 132 23
101 133 72
101 138 49
101 140 88
101 142 13
101 143 11
101 145 82
101 150 60
102 103 28
102 106 74
102 114 35
102 115 1
102 116 22
102 117 82
102 120 87
102 125 18
102 128 20
102 130 66
102 132 86
102 133 86
102 136 52
102 137 52
102 141 69
102 146 8
103 107 67
103 111 53
103 113 68
103 114 83
103 118 73
103 121 29
103 127 55
103 130 74
103 134 35
103 135 5
103 136 76
103 137 36
103 139 6
103 141 19
103 142 69
103 144 83
103 147 52
103 148 32
103 150 100
104 106 91
104 112 75
104 114 71
104 115 21
104 121 68
104 122 100
104 125 91
104 126 82
104 127 75
104 128 25
104 130 88
104 135 92
104 136 74
104 137 93
104 139 76
104 141 60
104 145 98
104 146 83
104 149 18
105 110 50
105 112 59
105 114 89
105 116 77
105 119 82
105 121 89
105 122 52
105 126 81
105 129 19
105 131 49
105 135 14
105 136 60
105 138 17
105 140 40
105 141 97
105 143 25
105 144 78
105 146 48
105 147 38
105 148 29
106 108 75
106 109 90
106 110 18
106 111 19
106 113 4
106 121 87
106 123 8
106 125 65
106 127 48
106 129 40
106 130 50
106 133 54
106 136 70
106 138 70
106 140 74
106 147 24
106 149 42
107 114 100
107 115 32
107 117 23
107 120 27
107 123 27
107 125 10
107 127 30
107 129 67
107 132 54
107 136 16
107 138 48
107 143 29
107 144 48
107 148 79
108 109 21
108 112 76
108 113 43
108 114 70
108 115 89
108 116 85
108 121 2
108 122 18
108 123 28
108 124 58
108 127 88
108 134 79
108 135 99
108 140 52
108 143 61
108 145 23
108 146 69
108 148 25
109 116 30
109 125 88
109 126 61
109 129 97
109 134 9
109 135 97
109 136 2
109 138 12
109 139 31
109 141 95
109 143 59
109 144 67
109 150 44
110 111 55
110 113 86
110 115 14
110 122 46
110 123 52
110 127 70
110 133 73
110 135 46
110 137 29
110 139 12
110 141 29
111 115 19
111 118 62
111 121 50
111 129 46
111 131 60
111 132 61
111 134 26
111 138 2
111 143 81
111 146 96
111 147 4
112 114 39
112 116 45
112 119 67
112 120 82
112 123 60
112 131 7
112 134 39
112 139 86
112 140 28
112 141 82
112 142 82
112 144 79
112 145 65
112 147 55
112 148 20
112 149 19
113 114 88
113 120 88
113 122 9
113 135 2
113 138 85
113 139 54
113 142 12
113 144 9
113 145 86
113 146 73
113 147 70
113 148 10
113 149 2
114 117 77
114 123 86
114 124 8
114 128 92
114 130 20
114 131 23
114 138 63
114 145 68
114 149 48
115 117 53
115 119 3
115 125 53
115 126 61
115 129 72
115 130 3
115 136 80
115 140 60
115 143 53
115 144 37
115 146 81
115 147 37
115 148 33
115 149 65
116 117 35
116 119 43
116 120 90
116 121 87
116 125 45
116 126 91
116 128 35
116 134 86
116 135 22
116 138 20
116 139 14
116 146 17
117 120 84
117 123 55
117 125 49
117 127 64
117 130 10
117 132 31
117 133 59
117 134 8
117 136 18
117 137 25
117 138 18
117 143 47
117 146 60
117 149 69
117 150 72
118 120 20
118 121 75
118 122 10
118 123 47
118 127 37
118 130 67
118 131 73
118 133 62
118 134 62
118 140 90
118 143 55
118 144 76
118 145 54
118 146 83
118 149 34
119 120 79
119 122 81
119 124 13
119 125 83
119 128 17
119 130 35
119 132 18
119 135 6
119 138 47
119 139 39
119 144 4
119 145 6
119 149 66
120 121 19
120 122 88
120 124 21
120 125 55
120 126 99
120 127 65
120 128 97
120 131 58
120 136 13
120 138 70
120 141 68
120 147 7
120 148 69
120 150 27
121 122 12
121 126 90
121 138 41
121 140 39
121 141 99
121 142 6
121 143 43
121 144 97
121 145 50
121 148 46
121 149 50
121 150 67
122 123 18
122 124 92
122 125 63
122 127 10
122 128 38
122 130 83
122 132 91
122 139 48
122 145 83
122 146 85
122 149 84
123 128 59
123 129 90
123 130 39
123 134 35
123 137 40
123 139 12
123 142 97
123 143 58
123 147 67
123 148 35
123 149 82
124 131 60
124 132 93
124 133 81
124 134 68
124 135 33
124 136 92
124 137 83
124 142 99
124 144 54
124 148 70
124 149 5
125 130 100
125 131 28
125 134 86
125 135 6
125 141 66
125 144 99
125 145 9
125 146 99
125 147 75
126 131 76
126 136 35
126 141 17
126 142 2
126 144 62
126 145 83
126 147 63
126 148 100
126 149 46
127 130 11
127 134 52
127 135 55
127 137 81
127 138 67
127 139 56
127 144 42
127 146 38
127 148 22
128 129 100
128 136 42
128 139 50
128 140 36
128 143 1
128 145 55
128 147 66
128 148 69
128 149 71
129 130 38
129 131 54
129 132 42
129 137 10
129 138 45
129 141 75
129 144 32
129 147 61
129 150 60
130 131 23
130 132 51
130 140 87
130 144 100
131 133 89
131 134 65
131 135 40
131 137 31
132 134 30
132 135 77
132 137 63
132 138 27
132 139 64
132 141 61
132 144 65
132 148 87
133 134 25
133 142 13
133 144 6
133 146 12
133 147 89
133 148 57
134 136 56
134 138 1
134 139 69
134 140 62
134 146 46
134 149 32
135 136 85
135 139 36
135 147 50
135 150 93
136 138 28
136 139 22
136 143 59
136 144 50
136 146 16
136 147 74
137 139 50
137 140 37
137 145 74
137 147 62
137 148 92
137 149 86
137 150 56
138 141 75
138 142 29
138 143 39
138 146 97
138 150 93
139 140 46
139 143 14
139 148 65
140 143 26
140 144 21
140 145 31
140 146 22
140 147 69
140 148 30
140 149 5
140 150 72
141 143 71
141 144 3
141 145 78
141 146 6
141 147 53
141 149 100
142 145 60
142 146 35
143 146 13
143 149 46
145 147 52
146 150 17
147 148 56
147 150 99
1 2 85
1 3 79
1 4 17
1 5 58
1 6 84
1 8 7
1 11 77
1 12 77
1 18 13
1 22 85
1 28 91
1 29 99
1 30 44
1 31 64
1 32 68
1 33 40
1 34 67
1 35 82
1 37 60
1 39 8
1 40 73
1 45 33
1 46 40
1 47 10
1 48 75
1 51 89
1 52 54
1 54 95
1 57 7
1 59 89
1 65 91
1 66 16
1 68 57
1 69 39
1 71 14
1 72 20
1 76 26
1 77 100
1 79 1
1 80 18
1 83 95
1 85 32
1 86 72
1 87 49
1 98 7
1 101 86
1 103 71
1 105 5
1 106 49
1 109 88
1 111 88
1 115 85
1 116 70
1 119 85
1 121 78
1 125 52
1 132 26
1 135 18
1 140 4
1 145 5
1 146 83
1 147 53
1 148 61
1 150 24
2 3 23
2 4 14
2 5 85
2 6 54
2 8 3
2 11 45
2 12 38
2 24 53
2 25 83
2 30 46
2 35 29
2 39 94
2 40 88
2 41 53
2 43 85
2 45 37
2 47 45
2 48 42
2 49 39
2 52 54
2 53 43
2 55 33
2 56 68
2 57 48
2 61 44
2 63 8
2 66 77
2 68 5
2 74 34
2 77 86
2 78 67
2 81 96
2 85 57
2 86 20
2 92 53
2 93 97
2 95 3
2 96 63
2 98 83
2 102 98
2 104 21
2 105 26
2 107 79
2 108 31
2 118 52
2 120 79
2 127 31
2 132 31
2 134 45
2 135 95
2 139 16
2 145 60
2 147 1
2 148 20
2 149 21
3 4 6
3 6 12
3 8 59
3 10 27
3 11 65
3 12 94
3 15 65
3 19 60
3 22 42
3 23 61
3 24 89
3 26 68
3 27 12
3 29 18
3 32 91
3 33 45
3 34 6
3 36 78
3 39 83
3 40 72
3 41 99
3 42 60
3 49 51
3 55 34
3 57 21
3 61 33
3 63 71
3 65 98
3 67 28
3 68 81
3 70 83
3 71 24
3 74 94
3 78 7
3 81 60
3 82 64
3 83 77
3 85 29
3 86 48
3 87 36
3 91 56
3 95 5
3 96 97
3 98 25
3 99 74
3 101 63
3 102 70
3 110 30
3 111 56
3 115 25
3 116 51
3 117 61
3 118 30
3 121 98
3 130 28
3 131 97
3 133 38
3 135 37
3 136 66
3 138 24
3 148 17
3 149 96
3 150 61
4 5 62
4 6 46
4 8 53
4 10 94
4 11 46
4 14 59
4 15 12
4 17 83
4 20 84
4 22 44
4 24 65
4 28 71
4 36 46
4 43 77
4 46 48
4 47 27
4 48 6
4 53 97
4 55 59
4 59 37
4 61 59
4 64 24
4 65 40
4 66 87
4 67 4
4 69 29
4 70 74
4 71 24
4 73 87
4 79 10
4 80 30
4 81 32
4 83 19
4 86 78
4 90 28
4 92 87
4 93 23
4 95 92
4 99 97
4 100 87
4 101 56
4 106 28
4 107 54
4 110 57
4 111 83
4 112 97
4 118 32
4 120 22
4 121 85
4 123 52
4 124 41
4 125 90
4 126 1
4 127 35
4 128 84
4 130 28
4 133 12
4 134 66
4 135 77
4 140 25
4 141 61
4 144 83
4 145 97
4 149 93
5 7 34
5 8 53
5 10 62
5 11 6
5 13 61
5 15 16
5 22 97
5 23 89
5 25 2
5 27 97
5 28 86
5 36 52
5 43 12
5 45 77
5 46 30
5 47 58
5 55 75
5 57 3
5 59 3
5 61 34
5 70 47
5 73 71
5 76 30
5 77 54
5 79 88
5 80 78
5 81 97
5 82 58
5 87 58
5 89 81
5 90 67
5 91 45
5 92 62
5 101 71
5 104 44
5 108 25
5 109 66
5 113 98
5 116 13
5 118 92
5 120 3
5 122 38
5 123 20
5 124 31
5 126 17
5 130 23
5 131 98
5 135 46
5 140 1
5 141 98
5 142 41
5 143 34
5 145 56
5 147 51
5 150 64
6 10 83
6 12 5
6 14 11
6 17 40
6 18 100
6 26 35
6 31 32
6 32 73
6 33 63
6 35 92
6 37 34
6 40 56
6 41 82
6 48 77
6 50 93
6 55 96
6 59 96
6 60 62
6 62 1
6 66 7
6 70 84
6 71 85
6 75 21
6 76 95
6 77 41
6 79 19
6 80 70
6 83 32
6 84 45
6 85 48
6 86 95
6 88 23
6 89 36
6 91 27
6 93 14
6 94 16
6 95 87
6 98 74
6 99 21
6 102 5
6 105 28
6 107 9
6 113 25
6 116 29
6 120 1
6 123 6
6 128 51
6 129 10
6 131 21
6 135 10
6 144 45
6 148 63
7 9 86
7 10 1
7 11 91
7 12 87
7 19 40
7 20 84
7 22 7
7 23 20
7 25 84
7 30 79
7 33 83
7 35 41
7 36 65
7 40 98
7 42 43
7 43 91
7 51 96
7 52 33
7 53 99
7 56 12
7 57 92
7 58 35
7 60 1
7 63 12
7 64 47
7 67 81
7 68 49
7 71 36
7 72 29
7 73 69
7 75 70
7 77 56
7 81 20
7 87 48
7 88 41
7 90 100
7 94 71
7 95 13
7 99 17
7 100 75
7 103 27
7 108 18
7 109 33
7 112 76
7 113 66
7 115 33
7 117 76
7 119 53
7 120 74
7 121 53
7 122 98
7 124 94
7 125 62
7 140 91
7 148 23
7 149 88
7 150 70
8 10 11
8 12 5
8 17 72
8 18 73
8 20 85
8 28 24
8 30 70
8 31 96
8 34 2
8 37 21
8 42 60
8 50 21
8 52 99
8 55 26
8 59 34
8 60 39
8 67 6
8 70 62
8 71 38
8 72 74
8 74 9
8 75 20
8 78 19
8 79 93
8 87 92
8 88 36
8 91 9
8 93 23
8 94 21
8 96 35
8 98 46
8 100 78
8 102 73
8 103 77
8 104 43
8 105 54
8 106 34
8 107 11
8 111 18
8 112 32
8 113 71
8 117 84
8 119 38
8 120 89
8 122 46
8 124 48
8 126 38
8 128 68
8 129 6
8 131 22
8 132 50
8 135 1
8 138 98
8 143 47
8 146 34
8 149 32
9 13 97
9 14 20
9 20 3
9 22 21
9 25 92
9 28 6
9 29 88
9 30 28
9 33 85
9 35 12
9 36 86
9 38 78
9 40 61
9 45 20
9 47 31
9 48 21
9 49 41
9 50 61
9 54 46
9 56 69
9 59 48
9 60 95
9 61 22
9 63 81
9 64 93
9 72 69
9 74 45
9 75 23
9 76 1
9 78 79
9 79 46
9 80 36
9 84 65
9 85 3
9 89 46
9 92 68
9 96 79
9 97 40
9 99 11
9 101 29
9 102 47
9 103 91
9 106 83
9 107 93
9 109 98
9 112 1
9 117 96
9 119 44
9 120 46
9 122 90
9 123 31
9 130 29
9 134 50
9 143 35
9 144 92
9 145 100
9 147 60
9 149 52
9 150 27
10 13 73
10 15 83
10 17 89
10 20 30
10 21 83
10 22 45
10 24 40
10 32 27
10 33 6
10 36 4
10 41 98
10 43 23
10 51 75
10 52 82
10 53 74
10 57 69
10 61 35
10 62 28
10 63 59
10 66 20
10 69 51
10 70 23
10 71 13
10 77 89
10 82 86
10 86 4
10 90 33
10 91 97
10 93 86
10 98 65
10 99 75
10 105 17
10 106 85
10 109 44
10 113 46
10 114 32
10 115 38
10 117 27
10 118 70
10 119 82
10 121 62
10 123 20
10 124 10
10 125 68
10 126 94
10 129 39
10 138 57
10 140 57
10 144 92
10 145 57
11 24 5
11 25 17
11 26 67
11 28 36
11 29 52
11 31 84
11 32 26
11 40 41
11 42 50
11 44 99
11 46 3
11 48 55
11 50 81
11 53 62
11 54 99
11 55 11
11 56 60
11 60 68
11 64 43
11 67 27
11 68 2
11 70 70
11 78 19
11 81 26
11 83 78
11 84 4
11 85 51
11 88 67
11 90 100
11 95 96
11 96 58
11 98 61
11 103 23
11 108 78
11 113 71
11 114 99
11 119 64
11 127 69
11 131 26
11 132 85
11 136 60
11 138 1
11 140 47
11 142 23
11 145 59
11 146 14
11 150 72
12 14 6
12 16 22
12 17 10
12 21 64
12 23 68
12 24 42
12 28 38
12 30 10
12 34 9
12 36 8
12 43 67
12 46 48
12 51 76
12 52 36
12 55 9
12 56 68
12 64 72
12 66 96
12 67 72
12 68 41
12 70 79
12 74 46
12 76 50
12 77 69
12 78 63
12 83 31
12 85 11
12 87 18
12 89 3
12 91 82
12 93 91
12 94 17
12 96 51
12 97 73
12 99 89
12 100 98
12 101 32
12 102 23
12 104 69
12 108 73
12 109 85
12 117 37
12 118 63
12 119 67
12 121 11
12 124 9
12 125 70
12 131 92
12 132 99
12 133 17
12 135 33
12 136 53
12 137 15
12 138 48
12 139 85
12 142 72
12 143 97
12 144 41
12 146 25
12 148 28
12 149 55
13 14 56
13 16 56
13 17 34
13 20 17
13 21 50
13 25 52
13 29 5
13 32 87
13 36 44
13 39 28
13 41 82
13 42 10
13 44 68
13 47 54
13 49 1
13 50 69
13 62 26
13 66 15
13 67 29
13 69 50
13 72 85
13 73 14
13 74 27
13 75 86
13 76 25
13 77 54
13 78 35
13 81 89
13 82 64
13 84 26
13 89 93
13 91 88
13 94 20
13 95 69
13 99 73
13 100 15
13 101 27
13 106 34
13 109 74
13 112 98
13 114 57
13 115 10
13 116 84
13 123 63
13 125 64
13 126 2
13 128 61
13 132 21
13 133 30
13 136 62
13 140 9
13 141 9
13 142 65
13 143 49
13 144 77
13 146 79
13 147 57
13 149 97
14 16 39
14 18 57
14 19 23
14 20 85
14 22 88
14 23 25
14 27 3
14 28 90
14 30 13
14 32 17
14 34 54
14 39 88
14 42 44
14 45 76
14 46 6
14 47 63
14 50 36
14 51 93
14 53 7
14 58 8
14 59 75
14 61 98
14 64 24
14 67 7
14 69 9
14 72 80
14 73 38
14 75 22
14 76 87
14 78 66
14 85 15
14 86 70
14 91 83
14 96 68
14 101 83
14 102 72
14 106 32
14 107 74
14 113 36
14 116 33
14 121 7
14 125 100
14 126 44
14 128 69
14 130 77
14 131 32
14 132 91
14 135 12
14 140 32
14 142 5
14 144 58
14 149 85
15 19 58
15 22 10
15 23 66
15 24 21
15 28 65
15 33 5
15 36 12
15 37 66
15 43 12
15 44 70
15 45 78
15 46 26
15 47 96
15 50 26
15 51 26
15 53 21
15 54 87
15 55 57
15 56 30
15 57 68
15 63 86
15 64 73
15 67 66
15 70 4
15 74 5
15 75 34
15 77 98
15 78 100
15 83 40
15 85 56
15 87 95
15 90 5
15 92 45
15 93 13
15 94 13
15 97 78
15 99 68
15 101 53
15 102 34
15 106 66
15 109 56
15 110 95
15 118 44
15 122 87
15 124 95
15 126 66
15 127 1
15 128 86
15 130 10
15 131 82
15 132 33
15 133 100
15 135 19
15 137 55
15 138 78
15 141 16
15 143 97
15 146 35
15 147 18
15 148 28
15 149 39
15 150 45
16 17 86
16 19 64
16 20 66
16 21 32
16 22 74
16 24 90
16 25 76
16 27 87
16 31 53
16 32 80
16 34 49
16 39 51
16 43 27
16 46 91
16 47 68
16 48 51
16 49 80
16 52 88
16 55 55
16 57 88
16 59 13
16 62 97
16 65 38
16 69 89
16 72 28
16 75 95
16 76 47
16 78 14
16 79 41
16 82 97
16 84 88
16 90 23
16 91 52
16 93 83
16 95 83
16 96 23
16 99 64
16 102 16
16 105 93
16 106 32
16 107 76
16 108 52
16 110 21
16 111 7
16 112 74
16 122 60
16 125 66
16 127 71
16 130 74
16 132 85
16 134 63
16 141 33
16 142 53
16 146 34
16 147 93
16 148 68
16 149 56
17 19 92
17 27 43
17 31 82
17 32 90
17 34 71
17 38 32
17 39 61
17 41 23
17 42 65
17 43 59
17 45 61
17 46 61
17 50 81
17 59 52
17 61 59
17 66 55
17 67 23
17 68 74
17 69 90
17 73 81
17 77 67
17 78 38
17 81 32
17 82 91
17 84 1
17 85 65
17 86 45
17 88 27
17 90 9
17 92 69
17 93 93
17 96 61
17 98 58
17 101 96
17 104 73
17 110 39
17 112 59
17 113 38
17 114 84
17 122 42
17 124 99
17 125 89
17 132 54
17 136 27
17 137 50
17 140 19
17 141 42
17 148 43
17 150 3
18 19 82
18 20 4
18 23 34
18 24 84
18 25 31
18 26 23
18 28 58
18 32 64
18 34 55
18 36 98
18 38 41
18 41 83
18 43 83
18 45 79
18 47 90
18 48 30
18 50 94
18 53 99
18 61 24
18 62 86
18 66 69
18 72 20
18 75 73
18 79 43
18 80 77
18 81 51
18 85 97
18 90 2
18 92 44
18 93 77
18 95 80
18 96 88
18 103 16
18 104 3
18 106 30
18 108 51
18 110 98
18 115 95
18 117 77
18 120 46
18 122 62
18 123 10
18 124 65
18 126 8
18 128 18
18 129 30
18 130 35
18 139 15
18 140 9
18 144 59
19 20 10
19 22 38
19 23 33
19 26 39
19 33 93
19 34 30
19 37 28
19 42 70
19 45 42
19 47 98
19 48 25
19 51 66
19 52 69
19 55 67
19 56 43
19 59 18
19 61 100
19 64 30
19 66 52
19 75 38
19 76 73
19 77 48
19 78 23
19 81 21
19 82 79
19 84 80
19 85 59
19 87 61
19 88 57
19 93 35
19 94 84
19 96 34
19 97 46
19 99 86
19 105 67
19 110 80
19 111 81
19 116 63
19 117 96
19 118 44
19 119 37
19 121 42
19 122 30
19 125 82
19 126 66
19 129 79
19 132 67
19 133 48
19 135 37
19 136 32
19 139 63
19 144 63
19 145 61
19 147 71
20 21 100
20 24 66
20 32 43
20 33 39
20 34 15
20 36 9
20 38 34
20 40 77
20 41 80
20 42 98
20 44 38
20 46 9
20 47 83
20 48 18
20 49 56
20 50 54
20 52 81
20 53 82
20 54 95
20 56 77
20 59 41
20 60 61
20 65 54
20 66 86
20 70 78
20 77 57
20 79 45
20 87 16
20 89 70
20 92 56
20 94 79
20 95 90
20 96 60
20 99 26
20 100 41
20 103 74
20 104 4
20 105 1
20 108 30
20 110 16
20 113 18
20 116 95
20 117 96
20 118 42
20 119 56
20 120 87
20 121 14
20 122 87
20 124 17
20 126 64
20 127 48
20 128 73
20 129 46
20 130 17
20 131 5
20 135 46
20 137 67
20 140 69
20 141 9
20 146 36
20 148 55
20 149 67
20 150 100
21 22 98
21 23 18
21 38 24
21 40 54
21 41 48
21 42 17
21 43 31
21 45 37
21 46 86
21 47 63
21 54 10
21 55 96
21 56 13
21 65 56
21 70 71
21 72 97
21 73 83
21 76 29
21 82 92
21 83 89
21 84 21
21 85 28
21 87 48
21 88 51
21 89 93
21 91 93
21 94 11
21 100 15
21 101 38
21 102 2
21 105 99
21 107 33
21 109 29
21 112 36
21 116 56
21 118 93
21 121 25
21 122 32
21 127 59
21 129 7
21 133 36
21 134 26
21 136 83
21 139 43
21 140 76
21 142 73
21 143 64
21 147 55
21 149 24
22 23 99
22 25 61
22 33 27
22 34 31
22 36 98
22 38 82
22 43 68
22 45 26
22 47 85
22 48 58
22 50 99
22 52 33
22 53 63
22 54 17
22 58 7
22 60 84
22 63 52
22 72 97
22 74 39
22 80 95
22 81 16
22 83 94
22 85 35
22 86 39
22 87 83
22 88 48
22 89 47
22 91 85
22 95 83
22 96 95
22 97 4
22 100 18
22 101 37
22 104 51
22 106 72
22 108 41
22 112 20
22 117 65
22 118 93
22 120 2
22 121 36
22 123 47
22 127 95
22 129 96
22 136 40
22 138 41
22 140 96
22 142 16
22 144 46
22 146 14
23 24 13
23 27 7
23 28 85
23 30 93
23 34 40
23 35 22
23 36 88
23 38 12
23 41 87
23 44 99
23 46 1
23 49 53
23 54 8
23 58 61
23 61 15
23 66 49
23 67 24
23 68 7
23 73 70
23 76 49
23 78 52
23 80 45
23 82 62
23 86 89
23 90 38
23 91 17
23 92 91
23 93 12
23 94 79
23 96 24
23 98 85
23 100 20
23 102 82
23 105 67
23 107 42
23 108 18
23 109 33
23 113 7
23 114 20
23 117 24
23 119 11
23 120 42
23 125 67
23 134 15
23 141 15
23 145 65
23 146 22
24 28 19
24 31 17
24 32 10
24 35 74
24 37 89
24 38 57
24 43 8
24 45 63
24 47 57
24 48 63
24 49 45
24 50 33
24 51 53
24 54 46
24 55 53
24 57 92
24 59 50
24 68 46
24 70 19
24 74 95
24 78 66
24 79 17
24 81 30
24 82 27
24 84 36
24 87 72
24 89 37
24 91 100
24 92 61
24 96 43
24 98 76
24 99 15
24 100 16
24 101 48
24 105 52
24 106 26
24 110 34
24 112 50
24 113 57
24 115 63
24 116 5
24 117 15
24 119 8
24 123 61
24 129 88
24 131 72
24 132 30
24 134 50
24 137 82
24 140 14
24 141 28
24 142 22
24 143 100
24 145 78
24 146 93
24 147 25
25 26 75
25 27 36
25 29 25
25 30 3
25 31 40
25 33 11
25 36 99
25 38 4
25 39 17
25 42 100
25 44 5
25 47 25
25 50 56
25 51 50
25 52 63
25 53 99
25 54 32
25 55 29
25 58 93
25 60 6
25 61 40
25 62 73
25 63 64
25 69 92
25 70 13
25 71 27
25 73 41
25 82 34
25 83 20
25 85 51
25 87 100
25 88 38
25 92 59
25 98 68
25 99 79
25 100 100
25 103 54
25 106 83
25 108 10
25 109 83
25 111 73
25 114 79
25 115 13
25 117 39
25 118 22
25 122 27
25 128 16
25 131 42
25 132 35
25 134 47
25 136 97
25 140 76
25 144 8
25 146 33
25 148 65
25 149 4
26 27 29
26 28 10
26 30 28
26 33 18
26 37 29
26 42 61
26 44 85
26 46 98
26 47 62
26 48 35
26 51 46
26 55 90
26 56 24
26 58 56
26 59 59
26 61 33
26 65 98
26 66 73
26 67 6
26 68 83
26 69 68
26 71 76
26 72 84
26 79 83
26 83 8
26 85 44
26 86 26
26 87 30
26 88 17
26 92 87
26 93 54
26 96 38
26 98 26
26 99 52
26 101 90
26 104 1
26 105 54
26 108 54
26 126 81
26 127 64
26 128 43
26 129 64
26 131 39
26 133 99
26 134 57
26 135 57
26 138 68
26 143 38
26 144 63
26 147 100
27 31 88
27 36 33
27 37 6
27 40 88
27 41 49
27 44 74
27 46 31
27 49 90
27 50 63
27 53 25
27 54 19
27 58 27
27 59 62
27 60 82
27 61 70
27 63 13
27 65 54
27 67 47
27 68 26
27 69 35
27 71 57
27 72 37
27 73 45
27 75 92
27 76 93
27 77 26
27 87 74
27 89 24
27 94 36
27 95 83
27 96 64
27 99 57
27 100 67
27 103 62
27 104 60
27 106 19
27 107 10
27 108 71
27 109 72
27 110 54
27 111 65
27 118 79
27 121 16
27 126 65
27 128 80
27 131 41
27 134 77
27 135 55
27 141 66
27 144 72
27 146 75
27 147 93
27 149 52
28 30 70
28 32 8
28 34 100
28 41 44
28 42 76
28 52 95
28 53 90
28 56 11
28 59 86
28 61 63
28 63 99
28 66 14
28 67 8
28 70 40
28 72 49
28 73 12
28 74 19
28 75 55
28 76 56
28 80 30
28 83 58
28 87 89
28 88 96
28 89 8
28 91 65
28 93 46
28 94 1
28 98 4
28 101 29
28 102 57
28 103 32
28 105 48
28 110 73
28 111 53
28 114 48
28 118 40
28 120 66
28 125 46
28 129 100
28 130 12
28 133 74
28 135 27
28 136 43
28 137 64
28 140 70
28 144 28
28 145 50
28 149 49
28 150 47
29 30 50
29 32 18
29 33 26
29 36 8
29 38 98
29 39 73
29 40 50
29 41 18
29 42 42
29 46 68
29 48 44
29 49 78
29 50 89
29 51 43
29 53 5
29 54 5
29 56 20
29 58 67
29 64 86
29 69 71
29 70 5
29 72 9
29 81 31
29 86 8
29 88 15
29 90 88
29 98 60
29 99 15
29 108 92
29 111 42
29 113 82
29 116 63
29 121 58
29 128 30
29 129 66
29 130 64
29 134 60
29 136 53
29 139 19
29 148 38
29 149 40
30 33 28
30 39 25
30 40 63
30 43 52
30 54 6
30 56 83
30 60 26
30 64 55
30 68 100
30 75 94
30 77 62
30 84 31
30 93 28
30 94 89
30 95 18
30 99 7
30 105 66
30 106 66
30 107 50
30 108 28
30 113 18
30 115 8
30 116 67
30 127 65
30 130 97
30 133 31
30 137 6
30 138 48
30 141 70
30 145 32
30 146 54
30 148 2
30 149 28
30 150 8
31 32 18
31 34 76
31 37 19
31 40 41
31 42 8
31 43 67
31 44 10
31 52 34
31 53 56
31 55 36
31 62 9
31 64 46
31 66 8
31 69 17
31 70 100
31 72 73
31 76 98
31 77 19
31 83 43
31 84 93
31 87 52
31 89 41
31 102 36
31 104 56
31 106 15
31 107 36
31 108 67
31 111 86
31 113 73
31 115 42
31 118 35
31 122 36
31 126 100
31 127 72
31 128 63
31 134 43
31 138 21
31 139 35
31 142 83
31 143 49
31 144 50
31 146 100
31 148 50
31 150 52
32 35 7
32 37 97
32 38 65
32 39 50
32 40 96
32 41 45
32 45 71
32 46 20
32 48 42
32 51 32
32 55 49
32 60 27
32 65 88
32 66 13
32 67 94
32 69 10
32 71 70
32 78 54
32 79 68
32 81 59
32 85 94
32 87 3
32 88 35
32 89 48
32 94 13
32 99 46
32 100 32
32 104 48
32 106 12
32 110 9
32 117 10
32 119 57
32 120 82
32 121 1
32 123 10
32 125 91
32 126 74
32 130 31
32 131 99
32 133 48
32 135 45
32 140 67
32 142 71
32 143 54
32 148 19
32 150 33
33 38 36
33 39 58
33 40 98
33 42 9
33 43 34
33 44 6
33 45 15
33 46 91
33 53 5
33 58 50
33 59 37
33 60 50
33 66 67
33 69 1
33 70 94
33 71 57
33 73 84
33 74 52
33 75 9
33 79 36
33 83 65
33 93 38
33 94 63
33 99 26
33 100 72
33 102 50
33 105 41
33 106 46
33 108 95
33 110 25
33 113 46
33 115 4
33 119 10
33 122 42
33 130 77
33 133 61
33 135 24
33 138 47
33 139 36
33 140 44
33 145 87
33 147 40
33 148 92
34 36 5
34 37 44
34 38 90
34 43 90
34 44 94
34 45 62
34 49 17
34 55 12
34 59 68
34 61 97
34 63 60
34 67 24
34 69 54
34 77 31
34 79 58
34 81 19
34 82 64
34 83 73
34 86 52
34 89 20
34 90 99
34 91 63
34 93 81
34 96 58
34 99 20
34 100 100
34 101 67
34 103 32
34 104 31
34 106 76
34 107 57
34 110 70
34 111 43
34 113 90
34 119 23
34 122 16
34 123 57
34 127 57
34 128 96
34 129 10
34 131 66
34 137 3
34 138 36
34 148 43
34 150 100
35 41 2
35 42 43
35 43 68
35 45 70
35 49 79
35 52 86
35 62 53
35 69 81
35 70 21
35 76 77
35 77 41
35 78 85
35 82 33
35 83 29
35 85 78
35 90 23
35 92 69
35 95 87
35 96 98
35 99 42
35 105 49
35 107 67
35 111 4
35 113 76
35 116 38
35 117 17
35 120 21
35 123 20
35 127 77
35 129 85
35 130 23
35 134 72
35 135 14
35 136 34
35 137 42
35 140 75
35 145 55
35 148 6
36 37 80
36 40 91
36 41 82
36 44 6
36 45 26
36 47 99
36 51 5
36 61 58
36 63 30
36 64 66
36 65 14
36 67 96
36 68 51
36 76 10
36 78 49
36 81 17
36 82 24
36 84 35
36 88 45
36 91 76
36 94 98
36 95 8
36 96 31
36 103 17
36 104 35
36 105 91
36 111 88
36 112 20
36 113 39
36 114 83
36 116 90
36 117 26
36 119 34
36 122 53
36 124 70
36 126 82
36 127 30
36 132 8
36 134 13
36 136 53
36 139 7
36 140 2
36 141 26
36 142 86
36 143 32
36 149 65
37 38 77
37 41 82
37 42 55
37 44 32
37 46 25
37 47 31
37 51 75
37 52 75
37 55 13
37 56 20
37 58 64
37 66 71
37 67 7
37 68 3
37 69 33
37 72 39
37 74 51
37 81 22
37 82 65
37 83 88
37 84 77
37 87 16
37 88 24
37 89 29
37 90 29
37 95 38
37 96 95
37 97 21
37 98 90
37 99 19
37 101 3
37 109 15
37 111 2
37 112 67
37 126 100
37 129 73
37 131 48
37 133 32
37 137 26
37 140 64
37 141 89
37 142 20
37 149 82
38 42 23
38 52 61
38 53 11
38 54 3
38 55 100
38 59 92
38 61 61
38 65 70
38 68 53
38 70 83
38 73 41
38 74 96
38 75 8
38 76 96
38 77 14
38 78 52
38 79 50
38 80 70
38 85 42
38 87 18
38 92 50
38 94 17
38 95 52
38 97 29
38 98 41
38 99 87
38 103 35
38 104 43
38 106 7
38 110 88
38 116 53
38 118 89
38 124 47
38 125 55
38 127 45
38 129 40
38 131 74
38 133 2
38 135 35
38 139 40
38 142 13
38 145 76
38 148 72
38 149 78
39 40 85
39 41 26
39 42 94
39 45 28
39 48 64
39 51 71
39 52 64
39 53 40
39 54 91
39 59 15
39 63 34
39 64 34
39 65 25
39 67 77
39 69 12
39 77 8
39 79 71
39 81 6
39 86 42
39 87 86
39 96 58
39 99 29
39 101 3
39 106 80
39 108 64
39 109 18
39 110 67
39 111 67
39 114 71
39 116 46
39 117 52
39 119 22
39 120 10
39 126 38
39 127 32
39 131 53
39 134 80
39 135 43
39 136 92
39 138 55
39 139 53
39 140 76
39 143 10
39 146 38
39 147 17
39 148 37
39 149 87
40 43 25
40 44 71
40 46 62
40 48 26
40 49 92
40 50 20
40 53 61
40 56 100
40 57 86
40 59 93
40 60 12
40 62 59
40 63 43
40 64 79
40 67 63
40 69 40
40 73 18
40 74 23
40 75 3
40 78 71
40 79 40
40 81 8
40 85 7
40 86 37
40 87 19
40 92 51
40 95 25
40 101 3
40 102 77
40 103 91
40 105 43
40 107 47
40 112 81
40 114 44
40 115 58
40 116 50
40 121 83
40 123 86
40 125 11
40 127 84
40 128 79
40 130 43
40 136 32
40 138 87
40 140 24
40 141 37
40 144 66
40 147 57
40 150 78
41 42 69
41 43 64
41 48 98
41 49 90
41 50 47
41 51 71
41 53 44
41 56 68
41 58 62
41 59 2
41 61 10
41 63 78
41 64 41
41 65 75
41 67 55
41 69 73
41 70 72
41 75 77
41 76 69
41 77 1
41 78 86
41 79 85
41 80 84
41 81 83
41 84 1
41 85 82
41 87 13
41 88 25
41 89 55
41 91 80
41 92 75
41 95 10
41 102 98
41 103 34
41 106 48
41 108 17
41 111 54
41 113 74
41 115 89
41 118 45
41 119 23
41 123 58
41 127 1
41 128 99
41 129 82
41 131 87
41 132 79
41 133 76
41 136 17
41 138 95
41 139 57
41 141 65
41 143 7
41 144 42
41 146 44
41 147 93
42 49 70
42 50 87
42 52 64
42 54 12
42 65 57
42 66 16
42 69 85
42 70 13
42 72 60
42 75 15
42 76 17
42 77 81
42 80 60
42 81 66
42 82 22
42 83 94
42 87 83
42 90 72
42 93 50
42 95 57
42 96 91
42 99 43
42 103 3
42 107 84
42 111 43
42 114 68
42 115 82
42 116 23
42 117 65
42 128 12
42 129 92
42 132 2
42 134 33
42 135 72
42 136 96
42 139 64
42 142 62
42 144 29
42 146 92
42 148 29
42 149 69
42 150 55
43 45 76
43 46 22
43 47 61
43 50 31
43 55 96
43 57 49
43 60 21
43 62 98
43 67 24
43 74 60
43 75 9
43 80 78
43 82 54
43 83 19
43 84 100
43 88 25
43 95 52
43 96 64
43 98 21
43 100 89
43 105 19
43 107 7
43 108 20
43 114 58
43 116 88
43 119 15
43 120 44
43 122 48
43 123 50
43 125 25
43 130 28
43 132 67
43 135 13
43 136 90
43 139 80
43 147 91
43 149 80
44 46 35
44 48 92
44 50 50
44 52 89
44 53 96
44 54 2
44 56 89
44 58 100
44 63 8
44 66 96
44 68 70
44 71 71
44 74 58
44 75 17
44 85 13
44 87 82
44 96 39
44 98 34
44 99 74
44 100 68
44 101 24
44 102 82
44 106 26
44 107 93
44 108 75
44 109 17
44 110 38
44 112 61
44 116 87
44 117 12
44 125 16
44 126 70
44 133 89
44 134 51
44 138 48
44 139 67
44 140 74
44 142 97
44 145 64
44 148 56
45 46 62
45 47 4
45 48 96
45 51 46
45 52 70
45 57 69
45 59 95
45 62 75
45 64 22
45 66 30
45 67 44
45 70 49
45 73 73
45 80 90
45 84 21
45 85 42
45 88 85
45 89 26
45 90 42
45 91 75
45 93 1
45 97 58
45 99 10
45 104 58
45 107 48
45 113 5
45 114 61
45 126 73
45 127 75
45 129 25
45 136 68
45 138 9
45 142 32
45 146 55
45 149 27
45 150 1
46 49 71
46 50 66
46 52 6
46 53 30
46 55 97
46 63 62
46 67 82
46 69 23
46 70 20
46 72 100
46 77 77
46 78 84
46 80 84
46 81 32
46 84 75
46 89 62
46 98 58
46 100 46
46 101 66
46 102 3
46 103 11
46 109 68
46 111 46
46 113 52
46 114 47
46 115 29
46 116 42
46 120 33
46 121 30
46 123 32
46 124 81
46 125 96
46 129 49
46 131 78
46 132 5
46 133 84
46 134 20
46 137 22
46 140 68
46 146 99
46 148 89
47 50 31
47 52 66
47 53 87
47 57 3
47 59 93
47 66 100
47 73 41
47 74 52
47 75 20
47 78 54
47 82 31
47 83 43
47 85 90
47 86 90
47 87 24
47 88 97
47 92 16
47 94 22
47 101 88
47 102 92
47 105 47
47 106 44
47 107 56
47 112 85
47 116 26
47 118 71
47 119 7
47 121 65
47 122 38
47 123 62
47 127 47
47 130 36
47 139 53
47 140 18
47 143 18
47 145 45
47 146 48
47 148 23
47 150 36
48 52 1
48 58 91
48 61 55
48 62 6
48 69 72
48 70 98
48 72 3
48 73 65
48 76 12
48 78 54
48 79 59
48 81 82
48 82 15
48 83 59
48 84 78
48 101 88
48 105 5
48 107 25
48 109 28
48 110 93
48 111 89
48 112 21
48 113 97
48 117 7
48 118 60
48 119 62
48 121 31
48 124 56
48 128 3
48 129 82
48 138 60
48 140 7
48 142 26
48 150 27
49 50 4
49 54 33
49 56 82
49 57 22
49 60 21
49 61 31
49 62 83
49 65 56
49 68 35
49 69 54
49 72 39
49 73 96
49 75 57
49 76 83
49 77 71
49 81 97
49 84 18
49 88 80
49 91 25
49 93 11
49 95 43
49 96 68
49 99 93
49 102 21
49 105 70
49 106 95
49 107 89
49 110 61
49 112 7
49 113 44
49 115 18
49 116 35
49 118 30
49 123 92
49 126 60
49 128 23
49 129 15
49 130 37
49 131 2
49 135 77
49 140 24
49 141 88
49 142 99
49 145 35
49 148 89
49 150 3
50 51 4
50 53 66
50 54 90
50 59 35
50 61 36
50 68 89
50 69 2
50 70 8
50 71 90
50 72 94
50 75 90
50 76 99
50 82 69
50 85 3
50 87 76
50 89 20
50 90 82
50 91 99
50 94 24
50 98 61
50 103 93
50 111 20
50 113 8
50 117 55
50 120 67
50 121 78
50 122 92
50 123 32
50 130 7
50 133 13
50 135 39
50 137 62
50 139 32
50 140 69
50 141 22
50 145 12
50 148 85
51 55 44
51 56 83
51 57 60
51 59 37
51 60 12
51 62 33
51 64 14
51 67 47
51 75 50
51 77 88
51 80 75
51 83 87
51 84 45
51 88 84
51 89 84
51 90 73
51 92 65
51 93 92
51 94 8
51 95 77
51 96 24
51 98 31
51 101 71
51 102 40
51 105 14
51 106 44
51 107 52
51 108 61
51 114 57
51 115 45
51 117 56
51 118 46
51 120 75
51 123 44
51 127 66
51 131 62
51 133 82
51 135 91
51 136 57
51 138 14
51 142 72
51 149 53
51 150 25
52 53 48
52 56 11
52 58 17
52 62 26
52 65 86
52 66 18
52 70 41
52 71 20
52 72 17
52 74 3
52 75 35
52 78 45
52 79 26
52 80 98
52 81 39
52 82 18
52 83 91
52 84 40
52 85 32
52 88 74
52 89 33
52 90 20
52 100 59
52 102 61
52 104 86
52 106 9
52 108 49
52 109 1
52 110 35
52 111 9
52 113 61
52 114 20
52 115 38
52 116 46
52 118 9
52 122 54
52 124 1
52 126 2
52 133 90
52 134 58
52 138 34
52 139 85
52 142 22
52 144 66
52 145 55
53 55 70
53 56 66
53 60 66
53 62 12
53 68 91
53 69 89
53 70 79
53 71 6
53 72 69
53 78 63
53 82 80
53 84 18
53 87 94
53 88 27
53 91 99
53 94 50
53 98 88
53 100 38
53 102 2
53 104 3
53 108 30
53 109 52
53 114 18
53 116 15
53 118 28
53 120 32
53 122 98
53 126 42
53 130 70
53 133 41
53 134 35
53 135 27
53 136 14
53 137 74
53 138 27
53 139 12
53 143 11
53 145 89
53 150 73
54 60 15
54 63 40
54 64 66
54 65 68
54 70 5
54 74 1
54 76 27
54 77 13
54 78 64
54 80 44
54 82 94
54 83 36
54 85 67
54 86 66
54 88 23
54 91 81
54 92 49
54 93 72
54 95 84
54 96 57
54 98 63
54 102 28
54 106 40
54 109 52
54 112 32
54 113 86
54 118 79
54 119 70
54 125 90
54 126 53
54 128 1
54 133 38
54 134 67
54 135 71
54 136 81
54 138 93
54 139 54
54 140 83
54 143 14
54 145 30
54 146 19
54 148 4
55 59 23
55 60 83
55 71 6
55 73 77
55 75 12
55 76 74
55 78 7
55 80 89
55 82 91
55 84 92
55 87 63
55 90 10
55 91 22
55 92 11
55 93 25
55 99 88
55 101 17
55 102 19
55 106 33
55 110 46
55 112 1
55 113 60
55 115 87
55 118 61
55 119 25
55 120 78
55 126 39
55 127 12
55 129 51
55 131 5
55 132 65
55 137 90
55 138 76
55 141 100
55 142 71
55 143 59
55 145 84
56 57 89
56 58 59
56 59 15
56 63 63
56 66 54
56 68 65
56 71 20
56 72 56
56 76 21
56 78 58
56 80 11
56 84 17
56 86 94
56 90 49
56 91 34
56 95 1
56 96 16
56 97 61
56 98 50
56 99 42
56 101 64
56 105 22
56 106 48
56 107 4
56 108 13
56 119 18
56 120 51
56 122 8
56 124 68
56 127 59
56 132 40
56 136 38
56 137 66
56 138 17
56 139 83
56 141 55
56 144 71
56 145 2
57 59 54
57 60 70
57 65 99
57 67 70
57 68 31
57 70 56
57 73 18
57 76 71
57 84 36
57 85 16
57 87 47
57 93 4
57 95 64
57 96 62
57 97 11
57 100 35
57 103 58
57 105 72
57 108 76
57 110 27
57 111 37
57 116 44
57 120 17
57 121 25
57 122 71
57 126 82
57 128 14
57 131 73
57 132 63
57 135 2
57 139 53
57 142 16
57 143 75
57 149 50
57 150 14
58 60 57
58 65 17
58 69 84
58 71 1
58 72 18
58 78 46
58 79 1
58 80 11
58 82 55
58 85 18
58 86 9
58 88 71
58 89 57
58 90 1
58 95 64
58 96 60
58 97 21
58 98 47
58 103 35
58 106 68
58 109 24
58 115 93
58 116 41
58 117 13
58 119 7
58 120 44
58 132 5
58 133 71
58 137 83
58 138 99
58 139 58
58 140 52
58 142 2
58 143 76
58 146 58
58 147 79
58 148 70
58 150 21
59 63 72
59 64 30
59 65 100
59 69 9
59 73 30
59 74 57
59 76 46
59 80 100
59 81 92
59 82 12
59 87 40
59 88 86
59 91 39
59 94 75
59 95 78
59 96 36
59 97 59
59 100 28
59 101 6
59 104 72
59 105 81
59 106 5
59 108 76
59 109 3
59 113 95
59 117 67
59 119 99
59 120 22
59 123 81
59 124 31
59 126 26
59 127 96
59 129 5
59 130 76
59 131 57
59 132 90
59 137 89
59 140 75
59 141 79
59 143 3
59 144 54
59 148 86
60 61 69
60 63 90
60 64 84
60 67 8
60 69 24
60 72 60
60 77 18
60 80 99
60 81 36
60 84 98
60 88 9
60 91 25
60 92 66
60 93 99
60 94 98
60 99 88
60 100 28
60 107 1
60 108 19
60 109 46
60 111 5
60 112 22
60 114 68
60 116 76
60 119 15
60 121 18
60 123 64
60 129 38
60 131 99
60 132 42
60 133 24
60 140 69
60 143 25
60 144 68
60 145 1
60 146 29
60 149 54
60 150 74
61 64 37
61 65 62
61 66 79
61 70 2
61 73 49
61 75 63
61 77 10
61 78 65
61 79 2
61 80 48
61 81 89
61 85 73
61 87 72
61 90 25
61 97 17
61 98 78
61 99 100
61 102 86
61 105 26
61 106 36
61 108 57
61 109 87
61 111 26
61 114 59
61 115 92
61 116 52
61 121 17
61 122 73
61 123 29
61 125 89
61 127 10
61 128 10
61 129 32
61 130 67
61 132 32
61 134 78
61 136 37
61 139 24
61 143 22
61 149 91
61 150 17
62 63 71
62 64 3
62 68 44
62 69 97
62 70 34
62 73 48
62 74 85
62 75 37
62 79 24
62 85 18
62 86 33
62 90 28
62 97 96
62 98 2
62 99 73
62 100 60
62 101 15
62 106 99
62 107 49
62 108 97
62 113 63
62 116 94
62 118 35
62 121 5
62 122 88
62 126 68
62 127 56
62 130 81
62 131 70
62 132 63
62 137 95
62 138 24
62 142 73
62 149 37
63 64 92
63 65 68
63 68 73
63 69 89
63 85 34
63 86 15
63 90 88
63 91 16
63 94 88
63 95 66
63 96 18
63 99 79
63 106 37
63 107 34
63 112 70
63 113 75
63 114 83
63 117 87
63 125 76
63 127 39
63 128 36
63 130 79
63 136 29
63 137 71
63 138 76
63 140 85
63 141 27
63 143 7
63 144 33
63 146 3
63 147 100
63 148 21
64 67 1
64 72 58
64 74 43
64 75 90
64 77 77
64 82 93
64 84 43
64 87 47
64 93 6
64 96 93
64 102 86
64 103 4
64 104 93
64 107 1
64 109 44
64 111 27
64 112 13
64 113 76
64 118 47
64 120 4
64 122 2
64 125 85
64 126 68
64 127 23
64 130 15
64 131 16
64 132 6
64 133 57
64 139 3
64 142 76
64 144 89
64 146 2
64 147 37
65 73 56
65 80 89
65 81 76
65 82 1
65 84 9
65 88 67
65 91 26
65 93 98
65 100 39
65 101 86
65 105 87
65 106 94
65 110 60
65 114 34
65 116 63
65 117 33
65 119 65
65 121 57
65 122 92
65 126 99
65 139 48
65 142 40
65 149 18
65 150 1
66 67 16
66 68 16
66 73 29
66 76 26
66 80 2
66 81 55
66 86 46
66 87 48
66 88 10
66 91 87
66 94 62
66 95 99
66 96 50
66 99 30
66 102 24
66 103 48
66 104 34
66 111 36
66 112 82
66 117 48
66 118 15
66 122 53
66 123 28
66 124 85
66 125 35
66 127 5
66 130 53
66 133 68
66 136 2
66 137 86
66 140 77
66 141 7
66 145 13
66 146 71
67 70 77
67 76 96
67 77 84
67 78 20
67 79 23
67 81 94
67 84 79
67 87 28
67 91 9
67 92 95
67 95 72
67 97 3
67 98 51
67 99 21
67 101 8
67 105 19
67 108 52
67 109 49
67 111 55
67 115 7
67 116 43
67 121 72
67 126 61
67 131 54
67 135 32
67 136 63
67 137 85
67 139 80
67 140 93
67 143 72
67 148 66
67 150 45
68 70 100
68 79 33
68 81 3
68 85 9
68 87 68
68 88 76
68 93 11
68 94 60
68 95 93
68 96 13
68 97 15
68 98 4
68 99 40
68 102 97
68 105 53
68 108 61
68 113 42
68 116 26
68 117 43
68 123 9
68 127 93
68 131 96
68 134 22
68 137 4
68 142 21
68 143 89
68 144 19
68 146 79
68 147 25
68 148 14
69 73 11
69 74 87
69 75 55
69 76 70
69 77 12
69 80 92
69 82 9
69 84 89
69 86 61
69 89 55
69 90 73
69 91 20
69 92 91
69 94 91
69 96 44
69 98 56
69 99 83
69 101 25
69 108 10
69 112 42
69 121 13
69 124 99
69 126 34
69 127 94
69 128 68
69 129 24
69 130 14
69 135 12
69 138 20
69 141 97
69 142 57
69 143 34
69 144 62
69 145 61
69 148 76
69 150 72
70 72 63
70 76 25
70 77 25
70 78 6
70 79 73
70 80 22
70 82 76
70 83 58
70 85 59
70 87 60
70 89 74
70 91 81
70 92 49
70 93 77
70 94 87
70 95 77
70 98 19
70 99 21
70 105 75
70 106 78
70 109 20
70 110 88
70 112 13
70 113 11
70 118 93
70 120 51
70 122 3
70 126 29
70 131 41
70 141 88
70 142 91
70 143 21
70 144 7
70 150 43
71 73 54
71 74 27
71 75 9
71 76 84
71 77 48
71 79 49
71 82 78
71 84 63
71 92 83
71 95 72
71 97 12
71 102 62
71 105 65
71 106 35
71 108 8
71 110 99
71 113 56
71 114 56
71 117 18
71 119 65
71 123 81
71 126 35
71 127 44
71 128 75
71 129 18
71 135 83
71 137 95
71 140 51
71 143 79
71 147 82
71 149 25
71 150 40
72 74 53
72 76 70
72 79 77
72 82 57
72 83 24
72 85 40
72 92 88
72 96 82
72 97 34
72 98 25
72 99 95
72 100 44
72 103 71
72 104 87
72 105 60
72 107 61
72 112 73
72 113 99
72 114 32
72 115 50
72 120 24
72 121 22
72 122 50
72 123 75
72 128 6
72 131 4
72 134 25
72 137 3
72 138 3
72 139 32
72 140 64
72 141 25
72 142 95
72 143 91
72 145 9
72 150 64
73 74 37
73 75 29
73 76 78
73 79 11
73 81 63
73 83 20
73 84 64
73 86 21
73 87 89
73 88 48
73 90 96
73 94 43
73 95 39
73 98 91
73 101 24
73 104 55
73 105 38
73 107 89
73 110 71
73 111 87
73 112 87
73 115 12
73 116 99
73 117 23
73 119 52
73 121 67
73 122 93
73 129 44
73 131 90
73 133 9
73 135 73
73 139 53
73 142 33
73 144 94
73 146 94
74 82 48
74 84 59
74 85 66
74 87 88
74 89 11
74 90 50
74 92 48
74 95 2
74 96 75
74 97 95
74 105 51
74 111 31
74 113 31
74 114 98
74 117 74
74 118 97
74 119 28
74 120 74
74 121 69
74 125 46
74 127 11
74 128 84
74 130 19
74 131 100
74 132 87
74 133 43
74 134 8
74 135 58
74 136 23
74 138 67
74 141 55
74 143 43
74 150 41
75 84 61
75 86 58
75 89 91
75 91 31
75 93 62
75 94 86
75 96 27
75 99 85
75 105 35
75 110 11
75 111 92
75 113 97
75 114 61
75 123 32
75 125 68
75 126 50
75 127 8
75 128 76
75 129 90
75 135 56
75 138 3
75 140 67
75 141 4
75 143 26
75 145 10
75 149 93
76 78 27
76 80 41
76 84 85
76 88 8
76 91 52
76 93 18
76 95 30
76 100 93
76 103 37
76 104 8
76 108 99
76 112 56
76 114 1
76 118 35
76 119 74
76 120 82
76 122 58
76 126 12
76 128 90
76 129 79
76 130 88
76 131 80
76 135 85
76 137 14
76 140 36
76 141 96
76 142 18
76 144 97
76 145 78
76 150 26
77 83 75
77 87 32
77 88 47
77 89 27
77 94 89
77 95 97
77 100 53
77 101 97
77 104 87
77 106 83
77 108 79
77 111 4
77 113 74
77 114 92
77 118 25
77 119 47
77 122 9
77 123 52
77 126 62
77 129 38
77 135 18
77 139 6
77 146 86
77 148 20
77 149 97
78 79 19
78 80 74
78 84 28
78 86 70
78 87 93
78 90 84
78 91 38
78 97 91
78 101 26
78 103 66
78 105 81
78 106 25
78 108 77
78 111 67
78 113 1
78 114 37
78 115 59
78 118 46
78 120 48
78 122 44
78 126 44
78 128 77
78 130 9
78 131 47
78 132 39
78 133 2
78 136 95
78 138 48
78 139 76
78 141 85
78 143 42
78 145 4
78 147 80
78 149 56
79 80 75
79 81 14
79 85 6
79 86 68
79 87 48
79 89 54
79 93 96
79 103 45
79 104 11
79 107 32
79 111 55
79 112 29
79 113 86
79 114 5
79 115 3
79 116 24
79 118 96
79 120 97
79 121 59
79 127 15
79 129 87
79 131 74
79 135 48
79 137 76
79 141 73
79 142 67
79 144 93
79 146 32
79 149 61
79 150 30
80 81 90
80 82 84
80 85 73
80 87 29
80 91 26
80 94 16
80 99 19
80 101 3
80 108 80
80 111 39
80 113 73
80 114 12
80 116 73
80 118 32
80 119 34
80 120 14
80 123 52
80 125 80
80 126 80
80 127 5
80 128 98
80 129 18
80 132 91
80 133 22
80 134 15
80 139 45
80 140 8
80 143 55
80 145 84
80 149 32
80 150 87
81 82 20
81 92 94
81 93 18
81 97 46
81 98 4
81 101 46
81 103 99
81 109 42
81 114 76
81 117 84
81 119 34
81 121 2
81 122 54
81 126 87
81 127 40
81 129 72
81 137 17
81 142 27
81 147 22
81 148 50
81 150 76
82 84 12
82 86 59
82 87 100
82 92 89
82 94 34
82 97 51
82 98 72
82 99 25
82 101 79
82 102 14
82 103 72
82 104 10
82 109 53
82 110 76
82 113 99
82 116 54
82 118 82
82 121 29
82 122 24
82 123 27
82 124 36
82 125 98
82 127 53
82 129 3
82 130 98
82 132 43
82 135 23
82 136 55
82 137 80
82 139 46
82 140 99
82 144 26
82 145 14
82 149 87
83 85 66
83 89 59
83 92 36
83 94 51
83 95 82
83 97 24
83 99 86
83 103 64
83 105 22
83 114 24
83 118 21
83 124 83
83 125 98
83 129 65
83 130 56
83 133 54
83 136 16
83 140 23
83 143 54
83 144 94
83 148 41
84 86 44
84 87 12
84 89 95
84 91 6
84 92 17
84 93 92
84 96 38
84 101 35
84 105 32
84 108 40
84 111 79
84 112 32
84 114 28
84 115 75
84 116 61
84 117 95
84 118 6
84 120 58
84 123 85
84 124 54
84 126 3
84 128 61
84 129 56
84 130 42
84 131 45
84 137 74
84 139 17
84 140 43
84 146 96
84 147 77
84 149 12
84 150 24
85 86 82
85 87 51
85 90 5
85 92 5
85 94 18
85 100 60
85 102 91
85 104 1
85 106 13
85 107 35
85 108 28
85 110 76
85 111 30
85 113 94
85 114 16
85 115 6
85 116 93
85 117 40
85 118 19
85 121 38
85 128 39
85 129 48
85 130 57
85 131 39
85 137 33
85 138 12
85 139 2
85 140 36
85 141 54
86 95 85
86 97 49
86 98 45
86 99 25
86 101 94
86 106 72
86 108 53
86 109 33
86 112 85
86 114 67
86 115 44
86 116 88
86 117 36
86 118 61
86 119 73
86 122 72
86 125 29
86 129 97
86 132 34
86 134 99
86 140 2
86 145 73
86 149 10
87 92 9
87 93 68
87 94 53
87 95 57
87 106 95
87 108 90
87 109 62
87 111 53
87 114 18
87 116 1
87 117 52
87 121 67
87 122 51
87 125 26
87 128 57
87 130 66
87 131 38
87 136 79
87 137 43
87 140 26
87 141 36
87 142 47
87 143 96
87 144 43
87 148 1
87 149 75
88 89 22
88 90 33
88 93 9
88 97 6
88 102 51
88 104 33
88 106 17
88 108 90
88 109 46
88 114 100
88 121 67
88 124 79
88 129 72
88 130 44
88 135 82
88 141 4
88 142 53
88 143 38
88 144 46
88 147 66
88 149 27
89 90 98
89 91 68
89 93 56
89 96 98
89 100 93
89 105 17
89 109 72
89 111 77
89 112 67
89 115 34
89 119 79
89 125 95
89 127 8
89 132 71
89 133 81
89 137 36
89 138 65
89 142 54
89 144 26
89 147 75
89 148 71
89 149 88
90 95 19
90 96 46
90 97 78
90 100 40
90 101 56
90 103 79
90 104 96
90 109 75
90 111 79
90 112 5
90 115 29
90 119 3
90 121 76
90 122 68
90 129 80
90 131 75
90 134 27
90 135 64
90 136 28
90 138 56
90 141 75
90 146 99
90 147 89
90 149 29
90 150 41
91 92 81
91 93 74
91 100 60
91 104 75
91 108 45
91 114 6
91 115 80
91 116 5
91 117 27
91 118 21
91 119 45
91 122 34
91 123 20
91 125 75
91 126 11
91 127 71
91 128 21
91 129 69
91 130 16
91 132 82
91 134 24
91 139 8
91 140 80
91 141 15
91 144 2
91 145 51
91 146 16
91 149 69
92 93 25
92 94 25
92 97 39
92 98 81
92 104 37
92 105 72
92 107 10
92 108 57
92 109 47
92 112 74
92 113 25
92 116 38
92 118 50
92 120 14
92 123 11
92 124 88
92 126 44
92 127 2
92 129 58
92 131 82
92 133 49
92 134 45
92 138 41
92 139 34
92 140 29
92 141 49
92 143 61
92 145 35
92 146 85
93 94 16
93 96 73
93 97 87
93 99 35
93 101 41
93 111 1
93 113 12
93 120 26
93 121 76
93 122 35
93 124 92
93 125 31
93 127 15
93 129 55
93 134 15
93 138 79
93 139 76
93 142 99
93 143 22
93 145 58
93 147 36
93 148 95
93 149 28
94 96 57
94 98 65
94 99 22
94 101 21
94 105 33
94 109 69
94 110 22
94 111 74
94 112 97
94 117 54
94 118 73
94 121 94
94 122 19
94 129 86
94 134 5
94 136 85
94 141 91
94 142 81
94 144 38
94 145 27
94 146 37
94 149 32
94 150 18
95 97 83
95 99 94
95 101 45
95 103 45
95 106 73
95 107 26
95 109 31
95 112 2
95 113 4
95 114 72
95 118 68
95 122 21
95 125 70
95 128 26
95 131 68
95 132 75
95 133 12
95 138 32
95 139 63
95 140 42
95 141 78
95 142 17
95 144 96
95 145 33
95 146 18
95 147 26
95 148 18
95 149 34
95 150 23
96 99 56
96 101 28
96 102 78
96 107 22
96 109 7
96 111 82
96 113 99
96 115 27
96 123 15
96 124 89
96 129 32
96 133 96
96 135 26
96 137 75
96 138 12
96 140 17
96 141 33
96 142 77
96 144 76
96 147 30
96 148 92
97 103 26
97 104 79
97 106 83
97 109 90
97 111 87
97 112 90
97 119 3
97 121 100
97 123 3
97 129 96
97 130 76
97 132 89
97 133 88
97 135 37
97 136 19
97 137 36
97 138 54
97 139 42
97 140 46
97 145 22
97 146 61
97 148 52
97 149 83
98 99 23
98 103 35
98 104 57
98 107 95
98 108 18
98 111 6
98 112 32
98 114 23
98 117 69
98 119 22
98 120 65
98 121 7
98 122 1
98 123 82
98 129 94
98 132 20
98 134 52
98 139 58
98 141 99
98 142 16
98 148 51
98 150 58
99 100 57
99 101 6
99 103 99
99 104 27
99 105 96
99 107 52
99 110 23
99 113 83
99 114 39
99 118 26
99 120 55
99 122 48
99 126 47
99 128 64
99 129 48
99 130 24
99 133 21
99 138 9
99 139 25
99 145 35
99 149 5
99 150 60
100 107 46
100 111 75
100 113 93
100 116 55
100 128 48
100 130 45
100 137 24
100 140 54
100 144 39
100 147 43
100 148 60
101 103 52
101 107 88
101 108 92
101 112 8
101 116 54
101 118 38
101 119 9
101 124 42
101 136 81
101 138 92
101 139 100
101 142 90
101 145 35
101 150 98
102 103 1
102 107 58
102 109 89
102 111 23
102 112 93
102 114 45
102 119 1
102 120 47
102 121 76
102 124 51
102 126 96
102 127 35
102 130 84
102 131 99
102 133 5
102 135 54
102 136 81
102 137 13
102 140 61
102 142 62
102 143 74
102 150 56
103 106 13
103 115 30
103 116 80
103 119 58
103 121 49
103 123 27
103 124 53
103 125 64
103 128 55
103 129 63
103 136 31
103 138 17
103 140 80
103 143 2
103 145 43
103 149 24
104 105 31
104 106 53
104 107 43
104 109 89
104 111 70
104 115 96
104 117 64
104 122 38
104 123 37
104 124 72
104 125 42
104 126 57
104 127 16
104 128 14
104 131 74
104 137 29
104 140 45
104 141 60
104 142 80
104 146 17
104 149 42
105 106 25
105 107 68
105 113 16
105 119 36
105 120 53
105 121 95
105 123 43
105 124 24
105 125 9
105 126 66
105 127 77
105 130 18
105 132 5
105 133 66
105 135 29
105 138 47
105 142 43
105 143 74
105 144 76
105 148 6
106 108 100
106 109 50
106 115 99
106 117 80
106 118 99
106 121 26
106 122 74
106 123 34
106 124 34
106 127 91
106 129 13
106 131 5
106 132 10
106 135 15
106 136 27
106 139 43
106 140 55
106 144 60
106 148 43
106 149 18
106 150 38
107 108 46
107 111 83
107 113 41
107 114 62
107 116 63
107 118 28
107 119 27
107 122 54
107 124 45
107 125 9
107 127 63
107 128 3
107 129 87
107 130 98
107 134 10
107 135 59
107 136 71
107 139 28
107 143 65
107 146 96
107 149 67
107 150 91
108 109 88
108 110 29
108 112 3
108 117 45
108 118 49
108 120 36
108 121 53
108 122 34
108 127 28
108 128 91
108 131 14
108 132 49
108 136 4
108 138 39
108 142 55
108 147 20
108 148 66
109 110 60
109 111 63
109 113 17
109 119 52
109 121 45
109 123 64
109 125 83
109 129 6
109 130 85
109 132 42
109 133 73
109 143 86
109 144 65
109 147 71
109 148 66
110 111 75
110 112 99
110 114 76
110 115 90
110 118 44
110 119 100
110 122 74
110 124 5
110 125 85
110 131 48
110 133 20
110 134 23
110 140 69
110 141 91
110 142 88
110 144 56
110 147 59
110 149 74
111 113 53
111 115 96
111 116 99
111 122 42
111 123 27
111 124 3
111 128 24
111 134 12
111 135 50
111 141 58
111 144 46
111 145 79
111 148 37
111 149 74
112 113 64
112 115 2
112 118 87
112 120 44
112 124 39
112 126 34
112 131 43
112 134 26
112 137 91
112 138 64
112 139 59
112 141 84
112 142 38
112 144 40
112 146 18
112 147 27
112 148 93
112 149 14
113 114 30
113 116 59
113 125 34
113 126 98
113 131 70
113 133 29
113 134 27
113 136 14
113 137 76
113 138 23
113 139 2
113 142 35
113 145 76
113 146 52
113 149 77
114 116 68
114 118 71
114 119 24
114 121 20
114 123 26
114 125 62
114 126 43
114 128 98
114 134 50
114 136 75
114 137 13
114 139 19
114 140 63
114 143 80
114 146 11
114 150 14
115 116 62
115 120 14
115 121 53
115 124 5
115 126 57
115 127 36
115 129 85
115 133 53
115 134 70
115 135 77
115 136 95
115 137 78
115 138 35
115 143 30
115 146 87
115 147 9
115 148 18
115 150 27
116 120 43
116 121 68
116 122 73
116 123 20
116 126 45
116 130 47
116 132 89
116 133 70
116 134 6
116 135 4
116 136 55
116 137 7
116 138 83
116 139 85
116 141 64
116 146 27
116 148 93
116 150 38
117 123 79
117 125 13
117 127 93
117 131 31
117 133 62
117 137 95
117 139 97
117 141 78
117 142 15
117 145 29
117 150 93
118 119 100
118 120 23
118 122 28
118 123 62
118 132 61
118 135 31
118 136 8
118 140 72
118 141 100
118 142 87
118 146 40
119 120 23
119 121 9
119 122 48
119 124 99
119 125 35
119 127 31
119 128 86
119 129 35
119 131 43
119 132 4
119 133 90
119 139 80
119 142 38
119 143 35
119 144 80
119 146 99
120 121 91
120 122 99
120 124 71
120 125 22
120 126 82
120 127 8
120 128 43
120 129 64
120 131 100
120 133 79
120 134 83
120 135 91
120 136 97
120 138 34
120 141 70
120 144 66
121 122 30
121 127 27
121 132 47
121 133 81
121 135 2
121 138 12
121 140 81
121 141 50
121 143 49
121 144 96
121 146 1
121 147 17
121 150 21
122 123 72
122 130 58
122 137 63
122 138 93
122 141 12
122 144 54
122 145 77
122 146 39
122 148 5
122 149 88
122 150 88
123 124 77
123 125 22
123 126 56
123 130 80
123 133 4
123 135 1
123 136 99
123 137 91
123 142 70
123 144 73
123 146 39
124 127 25
124 128 11
124 130 51
124 132 100
124 133 20
124 138 41
124 140 25
124 141 18
124 143 58
124 144 50
124 145 67
124 146 38
124 147 29
124 148 94
125 126 91
125 127 97
125 135 18
125 139 88
125 145 71
125 147 4
125 148 37
125 150 16
126 128 57
126 131 11
126 140 40
126 143 39
126 146 7
126 147 53
126 149 59
126 150 55
127 134 85
127 135 40
127 136 60
127 144 33
127 146 3
127 149 79
127 150 41
128 129 90
128 131 20
128 133 10
128 135 50
128 136 87
128 139 84
128 140 52
128 149 23
129 130 21
129 131 40
129 133 95
129 134 6
129 135 13
129 137 31
129 138 25
129 142 44
129 144 81
129 146 96
129 147 4
129 150 8
130 132 78
130 133 51
130 134 37
130 136 9
130 137 83
130 142 27
130 144 88
130 146 72
130 148 98
130 150 12
131 132 9
131 135 17
131 138 70
131 139 18
131 146 62
132 134 90
132 135 31
132 137 2
132 139 24
132 146 28
132 150 69
133 134 90
133 135 1
133 136 8
133 137 77
133 141 88
133 143 39
133 145 19
133 146 65
134 137 90
134 138 32
134 139 13
134 145 17
134 146 25
135 136 74
135 137 56
135 144 5
135 147 53
135 149 82
135 150 28
136 138 17
136 139 57
136 140 47
136 142 38
136 145 11
136 149 86
137 139 78
137 140 15
137 143 10
137 144 7
137 145 22
137 146 45
137 147 50
137 148 69
138 139 64
138 140 64
138 141 23
138 142 20
138 146 88
138 147 76
139 143 62
139 146 84
139 147 65
139 148 76
139 150 80
140 141 31
140 142 62
140 143 16
140 144 77
140 147 63
140 148 59
141 142 74
141 143 65
141 146 66
141 147 18
142 144 93
142 146 99
142 148 95
142 150 65
143 144 86
143 147 24
143 148 88
143 149 21
144 146 19
144 147 22
145 146 6
145 147 37
147 149 33
147 150 56
148 149 50
149 150 53
1 3 95
1 6 16
1 7 36
1 8 13
1 10 31
1 12 68
1 14 52
1 19 29
1 21 57
1 23 67
1 31 68
1 35 38
1 36 1
1 41 24
1 45 33
1 48 16
1 51 73
1 52 45
1 54 70
1 56 77
1 59 13
1 61 62
1 63 91
1 65 90
1 66 6
1 73 60
1 76 87
1 78 37
1 82 65
1 85 25
1 86 63
1 87 2
1 90 50
1 91 30
1 92 38
1 96 24
1 100 50
1 101 25
1 102 39
1 103 58
1 105 4
1 110 86
1 111 90
1 115 55
1 117 47
1 122 28
1 123 49
1 127 22
1 129 60
1 130 27
1 131 25
1 132 96
1 134 84
1 135 90
1 137 49
1 142 11
1 145 72
1 147 13
1 149 58
2 5 76
2 8 48
2 9 59
2 16 88
2 17 55
2 18 59
2 19 4
2 34 20
2 38 97
2 39 20
2 43 64
2 44 6
2 46 91
2 48 99
2 49 66
2 51 33
2 53 96
2 59 92
2 61 46
2 62 85
2 63 28
2 64 5
2 65 93
2 67 11
2 72 2
2 78 26
2 81 13
2 82 20
2 86 9
2 88 72
2 89 46
2 92 33
2 93 45
2 95 76
2 97 86
2 98 49
2 99 7
2 101 38
2 103 25
2 110 98
2 111 17
2 114 88
2 115 97
2 116 48
2 118 90
2 120 63
2 124 89
2 125 18
2 127 58
2 130 16
2 132 47
2 133 69
2 137 77
2 145 49
2 148 77
2 149 77
2 150 56
3 6 20
3 7 58
3 8 1
3 11 30
3 15 54
3 19 80
3 22 14
3 24 50
3 25 67
3 27 22
3 29 7
3 30 20
3 32 12
3 34 76
3 37 32
3 48 20
3 50 97
3 51 95
3 53 91
3 58 66
3 59 7
3 61 21
3 62 76
3 65 51
3 72 92
3 75 57
3 77 88
3 84 1
3 87 65
3 88 95
3 89 14
3 91 65
3 94 67
3 96 53
3 102 50
3 103 72
3 104 5
3 108 81
3 111 82
3 113 66
3 119 65
3 120 99
3 122 90
3 123 37
3 124 36
3 125 83
3 126 43
3 129 20
3 130 91
3 132 51
3 134 51
3 136 4
3 138 56
3 141 22
3 144 24
3 149 21
3 150 89
4 7 53
4 9 66
4 13 61
4 17 24
4 20 34
4 21 35
4 23 68
4 24 37
4 29 14
4 31 49
4 33 79
4 35 43
4 36 14
4 39 15
4 40 58
4 41 40
4 43 18
4 44 67
4 48 71
4 51 28
4 53 21
4 57 33
4 60 21
4 69 64
4 70 20
4 72 27
4 73 95
4 75 65
4 81 22
4 84 72
4 91 16
4 96 83
4 100 13
4 102 86
4 103 30
4 106 29
4 108 28
4 110 98
4 112 33
4 113 95
4 115 42
4 116 90
4 117 52
4 119 36
4 121 8
4 124 25
4 126 50
4 131 32
4 133 50
4 135 75
4 136 75
4 139 20
4 142 19
4 143 48
4 149 47
4 150 21
5 6 7
5 9 11
5 11 77
5 13 92
5 19 46
5 24 88
5 27 98
5 28 91
5 29 80
5 34 10
5 35 83
5 37 18
5 38 13
5 43 54
5 45 72
5 46 33
5 48 64
5 50 89
5 51 7
5 53 33
5 57 97
5 58 98
5 60 31
5 61 20
5 64 65
5 73 75
5 74 37
5 76 44
5 82 8
5 83 99
5 85 4
5 90 4
5 95 6
5 97 24
5 98 34
5 107 1
5 108 87
5 109 19
5 110 18
5 111 69
5 113 15
5 115 82
5 118 5
5 124 49
5 125 80
5 128 33
5 129 35
5 130 58
5 131 90
5 135 88
5 136 9
5 139 63
5 140 11
5 141 54
5 146 3
5 148 78
5 149 42
5 150 38
6 8 86
6 10 48
6 13 84
6 14 22
6 15 82
6 16 44
6 18 22
6 26 13
6 27 57
6 28 52
6 30 13
6 31 52
6 32 66
6 34 2
6 35 35
6 36 20
6 39 55
6 40 30
6 41 90
6 43 90
6 48 43
6 58 68
6 59 42
6 60 94
6 61 33
6 65 54
6 69 61
6 72 8
6 73 66
6 74 55
6 76 24
6 77 31
6 80 25
6 83 43
6 85 81
6 88 75
6 93 35
6 98 5
6 104 99
6 110 75
6 111 43
6 117 90
6 118 61
6 119 55
6 125 11
6 127 50
6 130 45
6 131 97
6 133 49
6 134 35
6 139 70
6 143 89
6 145 4
6 148 58
6 149 13
7 10 86
7 13 23
7 15 93
7 17 45
7 18 19
7 21 80
7 24 78
7 25 58
7 26 100
7 27 45
7 29 68
7 30 12
7 35 4
7 36 12
7 37 73
7 38 14
7 42 99
7 43 98
7 44 2
7 47 89
7 48 90
7 51 95
7 52 41
7 55 22
7 57 1
7 59 37
7 60 65
7 62 23
7 72 10
7 74 74
7 75 33
7 76 46
7 77 67
7 78 35
7 81 99
7 83 66
7 85 37
7 90 24
7 92 46
7 93 25
7 94 28
7 97 50
7 98 94
7 99 23
7 104 81
7 114 36
7 117 15
7 121 29
7 122 53
7 125 94
7 127 83
7 128 91
7 129 23
7 130 15
7 131 79
7 133 3
7 139 16
7 141 65
7 142 96
7 144 6
8 11 22
8 13 12
8 15 51
8 16 64
8 22 25
8 23 29
8 25 82
8 26 67
8 27 92
8 30 26
8 31 52
8 33 71
8 37 64
8 44 23
8 48 55
8 54 41
8 55 70
8 57 34
8 58 69
8 59 9
8 62 13
8 63 77
8 65 46
8 67 59
8 70 91
8 73 89
8 74 1
8 75 42
8 78 31
8 79 31
8 83 44
8 87 76
8 90 45
8 91 49
8 92 67
8 94 95
8 95 100
8 96 99
8 99 71
8 101 28
8 104 10
8 107 68
8 109 60
8 114 87
8 118 30
8 119 80
8 123 65
8 124 68
8 126 51
8 129 4
8 130 72
8 131 44
8 133 9
8 135 41
8 137 3
8 138 9
8 141 10
8 142 32
8 144 9
8 146 32
8 148 47
9 10 37
9 13 4
9 15 61
9 17 62
9 18 81
9 19 54
9 21 42
9 23 90
9 24 2
9 26 90
9 27 59
9 30 20
9 31 62
9 35 49
9 41 21
9 46 64
9 52 34
9 53 62
9 54 4
9 55 61
9 56 88
9 57 66
9 65 88
9 66 41
9 71 59
9 73 8
9 75 90
9 76 50
9 77 38
9 78 58
9 81 48
9 82 89
9 90 88
9 94 11
9 96 23
9 97 60
9 103 21
9 106 32
9 107 79
9 108 69
9 111 77
9 114 53
9 121 14
9 125 27
9 127 60
9 129 100
9 131 75
9 133 39
9 134 89
9 137 29
9 138 33
9 140 78
9 141 27
9 142 83
9 143 7
9 146 65
10 11 86
10 12 87
10 15 23
10 21 45
10 22 84
10 24 35
10 26 40
10 27 92
10 32 75
10 33 47
10 39 61
10 40 43
10 41 96
10 42 70
10 45 47
10 46 1
10 47 61
10 48 4
10 49 45
10 50 47
10 56 63
10 62 12
10 63 55
10 65 46
10 69 47
10 73 3
10 74 79
10 76 62
10 77 44
10 80 9
10 86 56
10 95 30
10 96 68
10 99 81
10 101 25
10 102 7
10 103 82
10 104 56
10 105 17
10 106 60
10 108 71
10 109 84
10 110 23
10 112 71
10 116 94
10 121 54
10 122 86
10 123 73
10 126 91
10 127 85
10 130 84
10 134 76
10 136 61
10 137 92
10 138 19
10 140 68
10 141 37
10 142 33
10 144 73
10 146 30
10 149 14
11 12 97
11 15 1
11 16 30
11 17 47
11 18 11
11 19 17
11 20 19
11 26 32
11 31 29
11 32 38
11 33 88
11 36 66
11 37 23
11 38 53
11 40 85
11 52 95
11 54 49
11 59 31
11 60 96
11 61 51
11 67 12
11 68 59
11 70 38
11 72 54
11 75 15
11 76 11
11 78 76
11 79 84
11 80 84
11 82 95
11 83 58
11 86 7
11 89 56
11 90 80
11 91 12
11 93 10
11 96 67
11 97 6
11 98 13
11 100 32
11 102 87
11 105 40
11 111 65
11 117 4
11 119 12
11 120 53
11 121 14
11 123 51
11 126 77
11 127 75
11 131 69
11 132 34
11 134 8
11 141 73
11 147 69
11 148 86
12 13 45
12 17 84
12 19 76
12 20 74
12 26 75
12 37 61
12 38 61
12 40 97
12 41 67
12 42 39
12 45 50
12 47 58
12 49 97
12 50 67
12 51 99
12 52 64
12 53 45
12 60 15
12 66 81
12 71 19
12 75 7
12 76 45
12 77 62
12 80 47
12 84 88
12 86 33
12 89 52
12 91 55
12 96 59
12 98 40
12 100 77
12 107 90
12 112 20
12 113 60
12 114 70
12 115 93
12 117 83
12 119 89
12 121 6
12 122 70
12 123 57
12 125 85
12 128 39
12 129 53
12 130 20
12 135 68
12 137 45
12 141 40
12 144 26
13 14 57
13 20 26
13 24 90
13 27 27
13 30 80
13 34 76
13 40 3
13 45 91
13 46 9
13 47 40
13 50 88
13 54 73
13 55 6
13 57 55
13 63 74
13 64 55
13 65 81
13 67 100
13 68 97
13 72 61
13 75 41
13 76 55
13 78 19
13 79 2
13 80 18
13 82 38
13 89 11
13 90 14
13 94 100
13 96 13
13 97 90
13 99 60
13 101 68
13 102 71
13 103 43
13 115 60
13 116 47
13 117 79
13 123 12
13 125 23
13 128 54
13 135 29
13 136 26
13 141 6
13 144 95
13 149 67
14 19 66
14 23 66
14 25 88
14 28 27
14 29 24
14 31 6
14 32 50
14 33 23
14 35 59
14 37 11
14 39 89
14 41 51
14 42 26
14 46 69
14 48 7
14 51 79
14 52 68
14 53 45
14 60 16
14 63 35
14 67 26
14 70 76
14 71 86
14 73 42
14 80 61
14 84 71
14 85 2
14 87 46
14 89 43
14 92 83
14 94 24
14 95 15
14 99 98
14 100 30
14 104 27
14 110 13
14 112 27
14 113 100
14 114 15
14 115 58
14 119 19
14 125 14
14 127 35
14 129 89
14 130 100
14 133 39
14 135 47
14 137 82
14 138 60
14 144 59
14 145 30
14 146 78
14 148 54
14 149 37
14 150 99
15 18 81
15 19 100
15 24 3
15 25 43
15 31 13
15 35 96
15 37 89
15 38 53
15 40 89
15 42 89
15 45 49
15 47 67
15 48 15
15 49 99
15 53 99
15 54 89
15 55 95
15 64 70
15 65 84
15 67 64
15 68 24
15 69 77
15 70 52
15 71 46
15 74 48
15 75 66
15 76 17
15 80 12
15 84 2
15 85 81
15 88 20
15 90 51
15 91 29
15 92 39
15 96 54
15 97 30
15 98 28
15 99 30
15 100 28
15 102 43
15 103 21
15 104 76
15 105 55
15 107 16
15 110 61
15 113 100
15 115 69
15 116 11
15 122 72
15 123 68
15 124 15
15 127 14
15 129 50
15 133 4
15 134 90
15 136 97
15 137 48
15 138 14
15 140 56
15 146 29
15 147 64
15 150 48
16 18 2
16 19 62
16 22 19
16 25 61
16 26 29
16 27 71
16 36 19
16 41 84
16 44 96
16 45 32
16 47 39
16 49 1
16 50 80
16 55 76
16 58 70
16 63 24
16 68 39
16 69 97
16 70 57
16 72 53
16 74 18
16 76 28
16 77 33
16 78 90
16 82 45
16 91 18
16 92 70
16 97 27
16 100 67
16 103 39
16 104 51
16 110 72
16 111 56
16 114 31
16 115 82
16 117 47
16 119 40
16 120 36
16 123 62
16 128 12
16 131 26
16 132 86
16 138 19
16 139 46
16 140 54
16 142 48
16 145 88
16 150 43
17 20 16
17 23 6
17 24 77
17 26 94
17 27 78
17 29 60
17 30 20
17 33 59
17 37 50
17 38 71
17 42 21
17 43 59
17 44 20
17 46 59
17 49 49
17 55 66
17 57 79
17 58 29
17 61 27
17 63 1
17 64 51
17 66 53
17 67 61
17 71 37
17 74 26
17 77 72
17 78 4
17 81 63
17 82 62
17 84 88
17 87 13
17 88 21
17 92 94
17 97 43
17 98 39
17 99 98
17 101 65
17 107 21
17 110 8
17 113 89
17 115 63
17 123 26
17 125 4
17 128 58
17 129 90
17 131 51
17 133 100
17 136 64
17 138 57
17 139 42
17 140 54
17 147 70
17 148 10
18 19 38
18 21 35
18 22 96
18 25 66
18 28 99
18 30 41
18 33 81
18 34 46
18 36 86
18 38 77
18 39 57
18 40 49
18 42 92
18 45 78
18 47 57
18 49 77
18 52 39
18 53 28
18 54 34
18 57 75
18 60 11
18 61 41
18 67 22
18 68 81
18 69 32
18 72 70
18 73 74
18 74 55
18 75 94
18 76 84
18 77 84
18 78 26
18 80 64
18 81 66
18 86 72
18 94 31
18 96 8
18 101 74
18 103 3
18 104 57
18 105 40
18 106 54
18 107 72
18 109 57
18 110 65
18 114 59
18 118 96
18 121 14
18 125 96
18 132 43
18 134 59
18 135 87
18 144 19
18 145 78
19 21 23
19 23 70
19 24 88
19 25 75
19 26 40
19 28 18
19 31 69
19 33 32
19 35 62
19 36 34
19 41 13
19 42 54
19 43 5
19 46 52
19 47 99
19 53 86
19 55 75
19 58 5
19 60 29
19 65 94
19 68 88
19 70 97
19 71 75
19 72 24
19 73 75
19 74 54
19 75 9
19 76 95
19 78 4
19 82 90
19 87 50
19 89 30
19 90 47
19 92 36
19 95 37
19 97 36
19 99 46
19 101 48
19 102 47
19 103 15
19 105 96
19 111 28
19 116 29
19 117 29
19 119 80
19 121 67
19 122 63
19 123 75
19 124 46
19 126 13
19 128 29
19 129 81
19 131 7
19 133 74
19 134 86
19 135 13
19 138 60
19 139 91
19 141 6
19 143 44
19 146 73
19 148 19
19 149 66
20 22 11
20 25 46
20 26 67
20 27 8
20 28 34
20 32 27
20 33 27
20 34 88
20 38 15
20 42 12
20 47 24
20 57 71
20 58 9
20 59 28
20 60 71
20 65 50
20 66 49
20 68 84
20 72 96
20 74 71
20 76 23
20 79 34
20 80 81
20 83 46
20 84 45
20 87 70
20 89 76
20 95 2
20 96 78
20 97 77
20 98 20
20 106 69
20 107 84
20 108 58
20 112 77
20 113 5
20 114 36
20 116 67
20 118 3
20 119 17
20 123 86
20 126 2
20 130 94
20 140 60
20 141 86
20 143 69
20 146 44
21 25 30
21 30 7
21 31 50
21 33 22
21 35 16
21 37 86
21 38 34
21 43 21
