150 10058 1
1 2 100
1 4 92
1 8 76
1 10 87
1 17 57
1 19 75
1 20 18
1 21 5
1 28 97
1 32 4
1 34 3
1 36 98
1 37 48
1 39 88
1 41 87
1 43 37
1 51 47
1 52 36
1 55 57
1 57 100
1 58 47
1 59 14
1 60 69
1 62 18
1 66 81
1 73 64
1 75 40
1 77 81
1 78 58
1 84 64
1 91 73
1 92 43
1 98 90
1 100 63
1 102 69
1 105 88
1 107 59
1 113 26
1 114 46
1 116 92
1 118 86
1 119 9
1 122 36
1 124 29
1 126 41
1 130 65
1 134 78
1 136 35
1 141 87
1 146 45
1 148 28
1 149 39
1 150 90
2 3 96
2 4 65
2 5 22
2 6 21
2 14 92
2 15 93
2 17 27
2 19 89
2 20 21
2 21 51
2 25 97
2 30 59
2 31 32
2 34 47
2 35 26
2 41 90
2 42 26
2 43 43
2 45 21
2 51 18
2 53 92
2 57 1
2 59 9
2 61 67
2 62 61
2 66 53
2 78 23
2 79 49
2 81 83
2 83 86
2 86 75
2 87 6
2 93 67
2 95 60
2 97 53
2 98 20
2 99 63
2 101 53
2 103 30
2 104 25
2 108 97
2 111 57
2 114 23
2 119 41
2 122 16
2 123 56
2 130 74
2 134 2
2 135 26
2 139 80
2 140 10
2 141 78
2 143 66
2 144 90
2 146 35
2 147 67
3 4 70
3 6 50
3 8 10
3 12 13
3 13 25
3 17 84
3 18 90
3 21 50
3 22 63
3 25 47
3 26 40
3 27 40
3 36 24
3 37 86
3 42 27
3 44 52
3 47 98
3 51 74
3 52 78
3 53 66
3 54 90
3 55 66
3 56 58
3 57 69
3 58 76
3 59 37
3 61 92
3 66 71
3 72 97
3 73 32
3 74 59
3 76 52
3 77 3
3 84 88
3 87 60
3 88 59
3 94 91
3 96 7
3 101 76
3 107 85
3 108 36
3 112 46
3 113 30
3 114 70
3 116 38
3 117 100
3 120 28
3 121 14
3 122 49
3 125 69
3 126 95
3 130 100
3 135 100
3 140 29
3 141 94
3 143 40
3 148 93
4 6 85
4 7 20
4 9 30
4 12 99
4 13 9
4 20 15
4 24 56
4 25 15
4 27 85
4 28 71
4 39 72
4 43 67
4 46 21
4 47 67
4 48 34
4 55 84
4 60 93
4 61 100
4 63 69
4 70 33
4 72 35
4 74 47
4 81 7
4 82 85
4 84 71
4 88 24
4 89 78
4 90 37
4 91 8
4 92 19
4 94 82
4 97 81
4 98 83
4 100 44
4 104 78
4 106 77
4 111 86
4 112 92
4 116 67
4 119 11
4 120 72
4 123 45
4 128 22
4 134 36
4 135 80
4 136 2
4 138 57
4 139 21
4 143 15
4 144 94
4 147 27
5 11 83
5 15 56
5 16 87
5 17 36
5 22 25
5 29 52
5 31 88
5 35 56
5 36 34
5 38 3
5 41 14
5 42 12
5 43 88
5 44 93
5 46 45
5 48 37
5 53 27
5 55 9
5 56 18
5 59 27
5 63 42
5 69 90
5 73 80
5 76 96
5 78 27
5 82 70
5 86 21
5 87 43
5 91 3
5 92 3
5 93 61
5 100 96
5 105 88
5 106 88
5 108 13
5 111 97
5 114 30
5 115 92
5 117 72
5 119 32
5 121 83
5 126 68
5 127 34
5 130 23
5 133 72
5 134 76
5 135 1
5 136 25
5 137 33
5 139 2
5 141 83
5 146 36
5 148 60
5 149 32
5 150 34
6 8 17
6 10 49
6 15 32
6 17 93
6 18 4
6 19 34
6 20 12
6 29 14
6 37 79
6 41 35
6 44 78
6 45 6
6 46 4
6 49 5
6 50 33
6 53 23
6 54 34
6 56 28
6 59 49
6 63 96
6 64 33
6 67 82
6 69 17
6 71 35
6 73 95
6 74 8
6 79 7
6 84 10
6 87 98
6 91 11
6 93 95
6 97 94
6 99 20
6 101 52
6 103 36
6 107 46
6 110 5
6 113 79
6 115 85
6 117 4
6 118 25
6 120 58
6 121 25
6 123 28
6 125 8
6 126 88
6 130 4
6 132 90
6 133 26
6 134 1
6 135 74
6 138 38
6 139 42
6 144 61
6 145 78
6 146 1
6 148 36
6 149 6
6 150 59
7 8 78
7 9 20
7 10 33
7 11 48
7 12 78
7 13 90
7 16 7
7 19 83
7 20 58
7 25 48
7 27 3
7 28 95
7 29 69
7 31 32
7 32 16
7 33 32
7 34 26
7 37 70
7 38 85
7 39 77
7 42 32
7 46 46
7 47 38
7 49 12
7 51 32
7 52 22
7 53 97
7 54 12
7 59 12
7 62 79
7 64 91
7 66 98
7 69 4
7 70 77
7 75 2
7 77 44
7 84 48
7 86 13
7 87 94
7 89 5
7 90 51
7 91 74
7 92 21
7 93 49
7 94 32
7 96 3
7 97 51
7 102 34
7 104 19
7 108 15
7 109 30
7 112 87
7 115 36
7 116 37
7 119 79
7 120 23
7 126 60
7 129 94
7 130 93
7 135 78
7 138 98
7 141 83
7 142 69
7 146 57
7 148 16
8 10 42
8 11 23
8 16 32
8 17 82
8 25 20
8 30 42
8 33 16
8 36 80
8 44 55
8 47 68
8 49 4
8 50 56
8 53 33
8 54 11
8 56 89
8 64 14
8 67 39
8 68 79
8 70 86
8 71 2
8 72 69
8 73 2
8 75 36
8 76 76
8 82 41
8 84 3
8 85 43
8 88 3
8 90 97
8 94 12
8 95 79
8 96 68
8 97 29
8 99 100
8 101 26
8 105 81
8 106 94
8 112 68
8 114 37
8 115 73
8 120 31
8 122 76
8 124 34
8 126 1
8 128 61
8 129 48
8 134 10
8 136 45
8 139 6
8 144 89
8 147 45
8 148 76
8 149 60
9 11 88
9 13 52
9 14 83
9 16 17
9 21 57
9 25 98
9 27 83
9 30 18
9 32 77
9 35 94
9 36 45
9 39 7
9 41 46
9 52 29
9 55 24
9 56 2
9 58 79
9 60 30
9 66 52
9 68 7
9 73 14
9 75 87
9 77 76
9 79 17
9 83 71
9 84 54
9 86 74
9 87 81
9 91 21
9 92 5
9 93 75
9 94 5
9 96 63
9 97 18
9 100 9
9 101 13
9 102 34
9 106 47
9 109 4
9 110 34
9 112 23
9 117 6
9 118 29
9 122 74
9 123 21
9 130 4
9 131 39
9 134 32
9 140 60
9 141 49
9 142 78
9 144 16
9 148 51
10 11 26
10 12 32
10 13 43
10 16 56
10 17 89
10 18 23
10 19 77
10 20 56
10 21 17
10 25 36
10 27 56
10 30 33
10 33 99
10 36 82
10 37 3
10 39 72
10 40 68
10 41 68
10 42 49
10 43 54
10 44 59
10 45 68
10 51 95
10 59 36
10 64 76
10 65 43
10 68 93
10 73 84
10 74 62
10 75 53
10 77 10
10 80 96
10 84 82
10 87 81
10 93 67
10 95 8
10 96 87
10 98 79
10 104 48
10 105 76
10 106 14
10 108 88
10 109 58
10 115 100
10 117 62
10 119 82
10 126 88
10 128 41
10 132 11
10 134 97
10 136 2
10 138 21
10 142 69
10 143 46
10 144 16
10 148 89
10 150 58
11 12 27
11 16 20
11 19 17
11 20 87
11 21 63
11 22 34
11 23 87
11 33 5
11 34 32
11 35 71
11 37 43
11 38 61
11 39 36
11 40 12
11 43 1
11 44 90
11 45 82
11 46 7
11 49 93
11 51 80
11 53 37
11 54 33
11 62 8
11 64 16
11 67 92
11 68 78
11 73 78
11 74 93
11 78 53
11 79 95
11 80 17
11 82 2
11 83 11
11 84 89
11 85 81
11 89 71
11 90 7
11 91 19
11 96 26
11 98 48
11 100 2
11 101 95
11 104 21
11 111 79
11 112 38
11 115 2
11 118 50
11 119 89
11 120 34
11 121 25
11 122 5
11 124 87
11 125 37
11 130 32
11 137 26
11 141 45
11 145 65
11 148 65
11 149 100
11 150 50
12 13 14
12 15 22
12 19 14
12 22 14
12 23 63
12 30 24
12 32 21
12 33 96
12 34 16
12 36 11
12 37 51
12 38 91
12 39 8
12 40 43
12 41 97
12 42 54
12 44 63
12 49 94
12 50 30
12 51 82
12 57 9
12 62 80
12 65 73
12 67 30
12 69 18
12 70 20
12 71 75
12 73 24
12 74 43
12 75 88
12 76 20
12 77 28
12 79 52
12 81 88
12 84 84
12 86 58
12 93 50
12 99 58
12 101 52
12 105 55
12 115 54
12 116 23
12 119 64
12 120 34
12 121 45
12 122 95
12 126 14
12 127 73
12 128 61
12 134 85
12 135 72
12 137 72
12 138 8
12 139 3
12 140 27
12 143 56
12 145 4
12 146 3
12 147 41
12 149 57
13 15 24
13 16 54
13 17 23
13 18 52
13 22 11
13 24 7
13 28 63
13 29 96
13 30 72
13 31 91
13 37 75
13 39 52
13 40 46
13 42 61
13 44 93
13 45 32
13 50 97
13 52 92
13 57 24
13 58 14
13 62 100
13 63 29
13 64 34
13 65 19
13 67 54
13 74 41
13 77 62
13 78 53
13 79 35
13 81 63
13 88 50
13 89 22
13 90 35
13 91 84
13 92 55
13 94 6
13 96 59
13 100 93
13 101 16
13 107 47
13 110 40
13 111 70
13 112 27
13 113 44
13 114 49
13 117 44
13 118 78
13 125 38
13 129 86
13 130 57
13 131 52
13 133 87
13 134 78
13 140 61
13 150 10
14 15 48
14 19 7
14 21 7
14 23 71
14 24 89
14 28 94
14 29 60
14 32 3
14 33 25
14 36 29
14 37 88
14 38 46
14 39 98
14 40 60
14 41 8
14 42 75
14 43 34
14 46 96
14 48 85
14 51 46
14 54 100
14 60 55
14 62 86
14 63 46
14 68 52
14 69 32
14 73 65
14 77 6
14 78 87
14 81 68
14 82 94
14 85 28
14 87 13
14 90 100
14 94 71
14 96 25
14 97 91
14 98 30
14 99 14
14 101 59
14 103 73
14 106 61
14 108 71
14 110 95
14 112 4
14 117 31
14 120 99
14 122 64
14 123 66
14 127 18
14 129 81
14 130 45
14 133 24
14 134 19
14 135 39
14 136 91
14 137 44
14 139 68
14 142 22
14 146 70
14 147 71
14 150 38
15 16 18
15 19 19
15 32 89
15 35 80
15 38 13
15 42 19
15 47 15
15 53 60
15 57 60
15 59 4
15 61 19
15 64 57
15 68 7
15 70 37
15 74 25
15 75 57
15 77 2
15 78 61
15 83 49
15 84 83
15 89 25
15 90 15
15 94 39
15 101 92
15 102 69
15 104 90
15 107 71
15 108 56
15 110 43
15 111 74
15 113 1
15 121 44
15 123 63
15 125 46
15 128 11
15 130 23
15 133 43
15 134 68
15 136 30
15 139 62
15 140 87
15 145 46
15 146 11
15 147 77
15 148 55
16 20 5
16 22 21
16 25 78
16 27 82
16 28 35
16 29 5
16 30 67
16 31 56
16 32 64
16 33 11
16 34 18
16 38 59
16 42 31
16 43 97
16 46 56
16 48 1
16 53 50
16 54 87
16 56 77
16 59 95
16 60 66
16 61 38
16 62 26
16 66 97
16 69 82
16 70 60
16 72 71
16 76 2
16 79 63
16 80 100
16 81 38
16 83 76
16 84 66
16 86 89
16 89 57
16 95 14
16 97 91
16 98 25
16 100 70
16 102 41
16 103 84
16 104 58
16 106 63
16 108 53
16 111 95
16 112 8
16 115 99
16 116 24
16 117 52
16 119 65
16 120 8
16 121 12
16 122 20
16 124 82
16 128 52
16 130 58
16 131 78
16 133 65
16 134 76
16 137 17
16 138 57
16 141 53
16 148 94
16 149 77
17 19 78
17 23 73
17 24 4
17 25 23
17 26 29
17 27 92
17 34 84
17 37 8
17 39 53
17 42 46
17 43 20
17 48 84
17 49 11
17 55 31
17 56 49
17 57 27
17 66 38
17 68 17
17 69 78
17 71 23
17 72 49
17 73 20
17 77 31
17 78 78
17 80 10
17 81 22
17 82 17
17 86 67
17 87 24
17 91 60
17 92 95
17 93 64
17 95 69
17 96 60
17 102 69
17 103 34
17 108 47
17 109 14
17 111 18
17 112 68
17 113 62
17 114 32
17 115 50
17 120 24
17 123 34
17 124 77
17 125 37
17 126 97
17 127 61
17 130 79
17 133 35
17 135 4
17 136 43
17 138 100
17 139 64
17 141 33
17 143 94
17 144 90
17 147 61
18 19 31
18 22 74
18 25 62
18 26 80
18 30 53
18 32 45
18 33 97
18 34 53
18 36 55
18 37 94
18 38 32
18 40 71
18 41 58
18 43 89
18 47 98
18 48 5
18 50 89
18 51 59
18 53 42
18 64 34
18 66 34
18 68 47
18 71 41
18 76 82
18 79 29
18 80 65
18 81 78
18 83 33
18 89 11
18 91 23
18 93 99
18 94 88
18 97 13
18 101 92
18 105 47
18 109 49
18 116 50
18 120 89
18 122 4
18 124 28
18 125 19
18 132 68
18 133 59
18 135 52
18 137 6
18 142 84
18 144 26
18 145 32
18 146 71
18 147 75
18 149 57
18 150 70
19 20 52
19 21 99
19 22 38
19 23 73
19 27 40
19 29 78
19 31 60
19 33 86
19 34 59
19 35 63
19 38 74
19 39 43
19 40 57
19 42 90
19 45 31
19 47 69
19 54 78
19 55 83
19 57 99
19 61 55
19 62 36
19 65 10
19 66 27
19 69 54
19 70 98
19 72 56
19 73 31
19 74 88
19 76 24
19 77 9
19 78 96
19 79 38
19 88 8
19 90 41
19 91 39
19 95 66
19 97 99
19 102 98
19 103 9
19 104 36
19 106 50
19 108 19
19 109 48
19 115 2
19 117 15
19 121 7
19 122 23
19 125 46
19 126 54
19 130 68
19 133 1
19 134 64
19 135 13
19 136 27
19 137 13
19 139 25
19 141 41
19 145 63
19 148 32
19 149 37
19 150 38
20 24 43
20 28 59
20 30 35
20 39 6
20 43 18
20 44 45
20 45 27
20 47 30
20 50 1
20 52 38
20 55 56
20 56 99
20 60 33
20 62 11
20 65 66
20 67 12
20 70 49
20 73 16
20 74 33
20 75 34
20 77 87
20 79 6
20 80 48
20 82 73
20 87 36
20 89 13
20 90 46
20 99 67
20 102 6
20 110 71
20 111 37
20 112 94
20 116 63
20 117 31
20 122 23
20 123 48
20 125 80
20 131 87
20 133 32
20 135 72
20 137 54
20 141 21
20 142 43
20 144 70
20 147 27
20 148 71
21 24 50
21 26 4
21 27 94
21 29 74
21 30 68
21 31 44
21 32 8
21 33 52
21 34 56
21 35 86
21 36 69
21 38 10
21 40 75
21 41 94
21 47 58
21 50 16
21 51 74
21 53 72
21 58 57
21 59 98
21 61 21
21 64 39
21 65 7
21 68 21
21 71 80
21 80 31
21 83 29
21 89 83
21 90 5
21 92 13
21 94 49
21 96 48
21 98 64
21 100 93
21 101 5
21 104 83
21 105 16
21 108 66
21 110 9
21 112 7
21 118 64
21 120 92
21 121 78
21 124 1
21 127 75
21 128 78
21 131 91
21 135 36
21 136 12
21 139 90
21 141 100
21 142 17
21 144 73
21 148 45
21 149 41
22 24 100
22 27 52
22 29 48
22 30 44
22 32 64
22 34 38
22 35 76
22 36 27
22 38 14
22 39 63
22 40 10
22 43 93
22 48 89
22 49 65
22 50 54
22 51 3
22 52 59
22 58 86
22 59 13
22 63 61
22 68 41
22 72 1
22 73 98
22 74 22
22 75 64
22 76 36
22 80 35
22 85 34
22 86 93
22 92 7
22 94 90
22 95 66
22 96 79
22 97 82
22 98 49
22 99 63
22 103 58
22 105 56
22 109 13
22 110 27
22 113 46
22 115 31
22 118 58
22 119 86
22 121 95
22 126 89
22 128 49
22 132 25
22 134 5
22 136 40
22 137 45
22 139 49
22 140 37
22 141 95
22 142 35
22 143 31
22 147 66
22 148 51
22 150 8
23 24 96
23 26 90
23 27 19
23 28 93
23 29 79
23 30 94
23 32 50
23 34 61
23 44 92
23 47 94
23 48 70
23 49 35
23 50 73
23 51 45
23 52 69
23 53 66
23 56 62
23 58 64
23 60 60
23 62 4
23 63 77
23 65 38
23 68 60
23 69 71
23 70 8
23 73 98
23 76 31
23 80 71
23 83 11
23 88 87
23 90 44
23 102 71
23 104 55
23 105 40
23 107 51
23 108 20
23 109 15
23 110 30
23 112 71
23 115 47
23 116 8
23 118 47
23 121 32
23 125 28
23 128 72
23 129 45
23 131 46
23 133 8
23 136 32
23 138 79
23 139 12
23 140 54
23 142 77
23 143 52
23 144 5
23 146 6
24 25 76
24 31 5
24 33 79
24 35 32
24 36 17
24 37 22
24 41 13
24 43 11
24 48 89
24 50 33
24 51 70
24 54 63
24 55 53
24 56 3
24 57 60
24 63 12
24 67 21
24 68 86
24 70 26
24 71 2
24 72 65
24 76 74
24 85 7
24 90 69
24 91 86
24 92 25
24 93 76
24 97 12
24 104 13
24 105 84
24 106 77
24 108 61
24 117 25
24 120 8
24 123 24
24 126 28
24 132 4
24 134 49
24 135 88
24 136 69
24 142 58
24 143 2
24 145 39
24 147 8
24 148 89
24 150 41
25 30 41
25 34 47
25 35 43
25 36 91
25 40 91
25 41 57
25 42 3
25 43 6
25 44 1
25 48 79
25 50 3
25 52 53
25 53 99
25 58 45
25 61 76
25 62 63
25 63 51
25 66 88
25 71 16
25 76 70
25 80 64
25 82 96
25 83 28
25 84 5
25 93 79
25 96 91
25 99 76
25 100 74
25 103 26
25 104 35
25 106 67
25 107 55
25 111 54
25 113 61
25 114 48
25 115 91
25 118 77
25 123 59
25 124 64
25 128 3
25 130 59
25 134 25
25 137 49
25 138 46
25 146 37
25 147 7
25 148 81
26 31 44
26 37 5
26 39 70
26 41 96
26 44 36
26 47 9
26 48 84
26 51 32
26 52 32
26 53 84
26 57 36
26 59 84
26 61 59
26 65 32
26 76 63
26 78 94
26 80 29
26 87 74
26 88 9
26 89 64
26 90 93
26 104 3
26 106 50
26 107 8
26 109 80
26 111 31
26 112 42
26 119 49
26 120 80
26 121 14
26 124 2
26 127 64
26 129 56
26 132 76
26 133 95
26 140 4
26 142 18
26 145 16
26 146 68
26 148 39
27 29 2
27 31 96
27 37 41
27 39 67
27 42 49
27 47 71
27 48 90
27 54 7
27 56 15
27 59 29
27 61 29
27 63 50
27 64 78
27 65 5
27 66 55
27 75 73
27 77 9
27 78 52
27 79 24
27 80 31
27 83 42
27 85 77
27 88 4
27 89 95
27 90 6
27 94 52
27 95 21
27 103 55
27 105 37
27 109 16
27 112 64
27 114 43
27 121 19
27 124 43
27 125 20
27 126 57
27 129 93
27 130 2
27 132 25
27 134 75
27 135 81
27 136 14
27 137 4
27 138 85
27 140 15
27 143 12
27 144 75
27 145 42
27 146 23
27 147 71
27 148 10
27 149 6
27 150 62
28 31 36
28 35 70
28 40 64
28 47 85
28 50 58
28 51 35
28 52 62
28 53 97
28 55 9
28 56 20
28 62 79
28 63 14
28 65 100
28 66 14
28 68 50
28 69 48
28 70 39
28 71 9
28 73 14
28 75 93
28 79 32
28 90 70
28 91 22
28 93 80
28 100 75
28 103 76
28 105 38
28 107 7
28 109 10
28 111 7
28 113 47
28 115 11
28 117 37
28 120 43
28 122 77
28 123 53
28 124 84
28 127 5
28 137 51
28 138 35
28 139 44
28 140 60
28 141 29
28 142 18
28 143 37
28 146 91
28 148 61
28 150 92
29 34 43
29 39 2
29 46 90
29 49 14
29 52 35
29 57 73
29 59 90
29 60 15
29 61 2
29 62 32
29 66 46
29 67 2
29 69 27
29 70 19
29 76 39
29 77 96
29 78 68
29 79 10
29 80 9
29 81 32
29 83 35
29 85 69
29 87 80
29 93 48
29 94 59
29 105 7
29 106 88
29 109 4
29 111 19
29 113 64
29 116 84
29 117 9
29 125 63
29 127 61
29 138 33
29 139 37
29 140 50
29 142 80
29 147 90
30 40 24
30 41 13
30 42 11
30 43 62
30 45 70
30 47 60
30 50 11
30 54 56
30 56 6
30 58 17
30 61 70
30 62 39
30 68 34
30 71 27
30 72 12
30 73 15
30 74 89
30 75 97
30 76 100
30 82 84
30 83 93
30 90 57
30 95 18
30 96 30
30 99 58
30 100 66
30 103 12
30 104 31
30 107 81
30 109 30
30 110 72
30 112 7
30 113 55
30 115 50
30 118 4
30 120 22
30 121 46
30 123 99
30 128 25
30 132 61
30 133 21
30 135 58
30 139 49
30 142 50
30 146 14
30 147 5
30 148 90
31 33 61
31 35 73
31 38 43
31 41 61
31 43 59
31 44 57
31 46 11
31 50 52
31 53 55
31 57 11
31 61 75
31 62 78
31 66 26
31 70 72
31 73 98
31 74 63
31 75 17
31 86 96
31 88 68
31 90 29
31 95 19
31 101 7
31 102 12
31 103 6
31 106 10
31 108 63
31 109 64
31 110 47
31 111 8
31 112 61
31 113 73
31 115 73
31 116 72
31 119 20
31 120 100
31 121 79
31 123 92
31 125 66
31 130 61
31 131 85
31 133 40
31 134 6
31 136 13
31 140 100
31 142 19
31 143 11
31 146 68
31 147 45
31 150 96
32 35 39
32 37 11
32 45 25
32 47 90
32 49 1
32 55 9
32 57 77
32 58 90
32 60 8
32 63 87
32 67 69
32 77 85
32 78 11
32 82 94
32 83 63
32 85 50
32 86 90
32 87 26
32 89 53
32 91 89
32 94 46
32 95 76
32 96 59
32 98 92
32 100 50
32 107 40
32 111 50
32 112 18
32 117 80
32 121 27
32 122 85
32 125 42
32 134 66
32 135 65
32 139 2
32 148 48
32 150 33
33 36 56
33 37 2
33 38 74
33 39 20
33 46 10
33 56 83
33 57 59
33 59 47
33 60 68
33 61 29
33 62 2
33 65 19
33 73 61
33 74 79
33 75 35
33 77 88
33 78 70
33 79 100
33 82 49
33 83 28
33 84 29
33 86 81
33 92 98
33 93 9
33 94 19
33 95 45
33 98 36
33 100 62
33 103 57
33 105 23
33 110 18
33 111 93
33 113 88
33 115 29
33 117 94
33 118 18
33 119 8
33 124 15
33 125 14
33 128 80
33 129 38
33 132 16
33 134 50
33 136 39
33 139 78
33 141 3
33 143 70
33 145 94
33 146 92
33 147 60
34 40 54
34 42 78
34 48 60
34 52 11
34 56 24
34 61 81
34 62 55
34 63 1
34 65 28
34 66 3
34 67 5
34 68 27
34 69 41
34 70 57
34 71 56
34 72 63
34 73 22
34 75 3
34 76 74
34 77 83
34 79 75
34 80 75
34 84 57
34 89 29
34 95 73
34 96 56
34 97 20
34 104 51
34 106 16
34 108 69
34 111 73
34 113 77
34 116 34
34 120 36
34 121 14
34 122 76
34 124 43
34 129 61
34 135 25
34 136 69
34 138 41
34 145 67
34 150 88
35 37 10
35 44 27
35 53 43
35 54 67
35 55 72
35 57 51
35 61 52
35 63 44
35 64 1
35 66 16
35 67 32
35 68 51
35 72 33
35 73 18
35 74 16
35 76 44
35 80 40
35 90 42
35 93 33
35 99 51
35 100 45
35 101 25
35 104 92
35 108 88
35 109 15
35 110 53
35 112 63
35 114 10
35 118 10
35 125 69
35 136 81
35 138 42
35 141 36
35 143 36
35 145 46
35 147 52
35 148 30
36 37 64
36 38 64
36 41 84
36 42 81
36 44 98
36 47 43
36 48 9
36 50 88
36 53 13
36 55 49
36 57 26
36 58 57
36 62 75
36 63 58
36 65 82
36 67 73
36 69 43
36 72 29
36 73 83
36 76 17
36 80 21
36 82 11
36 85 36
36 86 73
36 87 44
36 88 83
36 90 62
36 93 17
36 94 69
36 95 27
36 98 72
36 100 14
36 101 62
36 102 93
36 104 64
36 106 60
36 109 82
36 113 2
36 114 69
36 116 25
36 119 96
36 122 87
36 123 32
36 125 99
36 126 78
36 132 20
36 133 93
36 136 4
36 138 60
36 142 59
36 146 2
36 147 50
36 148 89
37 39 34
37 42 49
37 43 50
37 47 95
37 50 74
37 53 49
37 58 44
37 61 99
37 62 70
37 67 38
37 70 98
37 78 4
37 80 15
37 82 34
37 83 89
37 85 5
37 87 85
37 88 47
37 92 59
37 93 97
37 95 92
37 96 66
37 97 80
37 98 74
37 99 86
37 100 65
37 103 89
37 104 39
37 107 20
37 108 26
37 109 29
37 113 34
37 114 72
37 116 24
37 120 61
37 131 34
37 132 26
37 134 76
37 140 69
37 143 38
37 144 74
37 149 58
38 45 12
38 47 16
38 48 65
38 62 2
38 64 58
38 65 64
38 66 55
38 68 95
38 71 27
38 74 8
38 75 100
38 76 33
38 78 75
38 79 63
38 83 45
38 84 28
38 88 42
38 90 2
38 100 94
38 105 44
38 106 68
38 109 79
38 111 70
38 112 99
38 116 69
38 125 67
38 127 45
38 128 74
38 129 93
38 130 40
38 133 52
38 134 90
38 136 47
38 148 87
39 42 63
39 44 3
39 45 7
39 46 55
39 51 44
39 55 69
39 68 83
39 69 53
39 71 60
39 74 39
39 75 40
39 77 40
39 82 62
39 87 19
39 88 13
39 91 7
39 92 20
39 93 4
39 95 24
39 96 30
39 101 69
39 105 36
39 108 7
39 111 37
39 112 74
39 113 91
39 116 33
39 118 65
39 123 62
39 125 38
39 127 63
39 130 83
39 138 15
39 140 88
39 144 2
39 145 89
39 147 90
39 148 96
39 150 36
40 44 68
40 46 68
40 48 47
40 49 59
40 51 1
40 58 87
40 61 49
40 65 7
40 67 22
40 68 85
40 69 27
40 75 72
40 77 91
40 79 14
40 82 89
40 85 15
40 92 9
40 93 28
40 94 19
40 95 79
40 96 20
40 99 59
40 105 57
40 106 92
40 108 54
40 110 47
40 115 94
40 122 45
40 123 14
40 124 50
40 126 47
40 127 62
40 129 58
40 131 5
40 133 24
40 134 51
40 136 79
40 137 19
40 140 45
40 144 74
40 145 28
40 148 26
40 150 69
41 42 86
41 43 13
41 44 68
41 45 24
41 46 1
41 48 14
41 51 1
41 54 19
41 55 4
41 58 53
41 65 91
41 69 26
41 70 83
41 74 69
41 75 55
41 77 42
41 78 18
41 82 71
41 83 98
41 84 99
41 89 40
41 95 76
41 98 34
41 102 28
41 105 21
41 106 44
41 107 68
41 109 73
41 111 81
41 119 58
41 122 10
41 123 20
41 132 17
41 133 100
41 135 75
41 137 44
41 138 13
41 139 50
41 141 61
41 143 57
41 147 48
41 149 99
41 150 55
42 43 48
42 44 53
42 45 22
42 46 32
42 47 24
42 48 80
42 50 42
42 51 27
42 54 5
42 59 66
42 60 46
42 63 28
42 64 61
42 74 49
42 76 87
42 77 50
42 81 83
42 82 8
42 83 64
42 84 62
42 86 20
42 88 71
42 89 77
42 90 84
42 91 89
42 92 12
42 93 74
42 94 84
42 95 18
42 96 23
42 97 49
42 101 17
42 102 77
42 104 5
42 105 60
42 106 85
42 107 7
42 111 89
42 112 61
42 114 73
42 115 35
42 118 5
42 119 34
42 120 6
42 122 22
42 125 35
42 126 87
42 128 35
42 136 71
42 137 15
42 138 26
42 139 84
42 143 21
42 147 14
42 149 80
42 150 24
43 49 5
43 63 51
43 67 12
43 68 49
43 70 9
43 72 79
43 74 47
43 81 24
43 83 20
43 84 5
43 85 32
43 86 88
43 87 1
43 88 71
43 91 27
43 94 54
43 95 38
43 97 84
43 99 83
43 104 1
43 106 84
43 107 58
43 109 78
43 110 81
43 114 8
43 115 85
43 116 96
43 117 80
43 118 37
43 119 54
43 123 96
43 128 53
43 130 46
43 133 90
43 134 90
43 136 1
43 142 85
43 143 27
43 144 83
43 146 34
43 150 83
44 45 55
44 50 68
44 55 17
44 58 54
44 59 6
44 60 40
44 61 80
44 64 27
44 65 75
44 71 78
44 72 76
44 75 85
44 76 87
44 77 71
44 82 77
44 83 25
44 84 44
44 86 24
44 87 83
44 89 58
44 90 25
44 91 46
44 92 75
44 96 67
44 98 96
44 99 93
44 100 25
44 102 97
44 103 85
44 104 44
44 106 40
44 112 97
44 116 68
44 117 33
44 119 51
44 120 66
44 122 62
44 125 25
44 128 82
44 129 100
44 130 59
44 132 71
44 136 68
44 137 26
44 138 99
44 140 20
44 141 22
44 143 81
44 145 99
44 146 10
44 150 49
45 46 97
45 54 14
45 55 60
45 59 32
45 67 52
45 69 32
45 71 2
45 75 91
45 76 35
45 79 21
45 82 1
45 83 42
45 86 98
45 91 77
45 95 11
45 100 72
45 101 30
45 102 58
45 106 2
45 111 85
45 113 85
45 120 62
45 126 29
45 131 18
45 132 49
45 134 1
45 135 87
45 137 30
45 138 8
45 139 73
45 142 29
45 143 59
45 146 28
45 147 87
45 148 49
46 48 14
46 53 34
46 54 49
46 57 55
46 61 52
46 63 96
46 65 71
46 68 55
46 73 44
46 75 42
46 76 73
46 77 46
46 79 97
46 82 86
46 84 61
46 85 19
46 89 15
46 90 78
46 93 89
46 94 57
46 96 32
46 99 3
46 100 20
46 104 96
46 106 35
46 111 32
46 115 79
46 118 11
46 120 76
46 121 17
46 122 84
46 123 48
46 128 1
46 130 46
46 135 35
46 138 12
46 140 64
46 143 44
46 144 6
46 145 33
47 48 55
47 49 8
47 50 91
47 52 9
47 54 73
47 57 42
47 59 82
47 62 7
47 63 27
47 65 43
47 67 43
47 68 42
47 71 88
47 73 62
47 74 84
47 75 6
47 78 73
47 81 68
47 83 32
47 84 83
47 85 92
47 86 4
47 87 56
47 89 55
47 91 40
47 95 39
47 97 39
47 101 72
47 102 1
47 108 38
47 112 95
47 116 58
47 120 31
47 125 5
47 128 49
47 130 77
47 131 63
47 132 51
47 133 57
47 134 48
47 135 6
47 138 56
47 141 41
47 143 5
47 145 76
47 147 22
48 54 87
48 62 84
48 63 57
48 66 91
48 72 90
48 73 28
48 75 74
48 76 81
48 77 31
48 78 80
48 80 55
48 82 71
48 83 6
48 84 52
48 85 60
48 89 81
48 91 30
48 94 52
48 95 11
48 97 13
48 100 85
48 101 12
48 108 83
48 114 68
48 115 60
48 121 74
48 123 34
48 124 42
48 126 53
48 127 18
48 128 60
48 131 16
48 133 22
48 134 45
48 140 44
48 141 27
48 145 20
48 146 8
48 150 85
49 51 77
49 56 74
49 57 2
49 59 34
49 61 69
49 62 91
49 63 28
49 65 31
49 66 49
49 67 97
49 70 15
49 71 78
49 74 93
49 76 67
49 77 20
49 79 88
49 80 13
49 83 70
49 84 26
49 85 20
49 87 1
49 93 4
49 95 6
49 102 81
49 106 95
49 108 30
49 109 36
49 117 17
49 119 6
49 122 92
49 125 28
49 126 6
49 127 69
49 129 71
49 131 29
49 132 80
49 133 92
49 135 70
49 137 9
49 138 34
49 141 87
49 143 91
49 145 48
49 146 56
49 150 56
50 54 63
50 56 54
50 57 39
50 64 28
50 65 34
50 66 34
50 69 98
50 70 97
50 71 17
50 72 31
50 75 53
50 77 40
50 87 26
50 89 8
50 92 24
50 94 35
50 96 17
50 98 25
50 99 89
50 103 79
50 104 34
50 105 45
50 106 92
50 107 83
50 109 62
50 111 82
50 112 21
50 114 94
50 117 63
50 120 29
50 123 89
50 127 32
50 128 17
50 129 25
50 130 93
50 132 85
50 133 86
50 135 22
50 136 14
50 140 61
50 142 84
50 144 44
50 147 73
50 149 15
51 53 84
51 56 13
51 60 31
51 61 38
51 62 54
51 69 23
51 70 15
51 72 63
51 73 92
51 76 3
51 77 38
51 78 19
51 82 60
51 83 85
51 84 78
51 87 24
51 90 78
51 91 94
51 92 2
51 93 22
51 95 28
51 98 68
51 103 67
51 108 54
51 109 91
51 113 49
51 114 23
51 115 86
51 117 32
51 119 34
51 121 77
51 125 37
51 129 3
51 130 55
51 140 42
51 142 87
51 143 61
51 146 41
52 53 89
52 54 54
52 55 58
52 56 51
52 59 49
52 61 61
52 65 91
52 66 44
52 67 99
52 68 39
52 75 6
52 78 67
52 83 52
52 84 83
52 92 8
52 93 88
52 99 36
52 103 27
52 105 22
52 107 46
52 108 70
52 111 11
52 114 36
52 115 7
52 117 49
52 119 95
52 124 18
52 127 73
52 130 91
52 131 54
52 135 4
52 137 47
52 140 95
52 143 85
52 144 75
52 147 33
52 149 79
53 54 40
53 55 31
53 59 14
53 62 12
53 66 52
53 69 21
53 70 95
53 71 13
53 72 81
53 74 72
53 83 18
53 85 75
53 89 35
53 91 95
53 94 27
53 96 8
53 98 97
53 101 74
53 105 34
53 107 24
53 111 45
53 114 10
53 115 88
53 116 29
53 119 43
53 120 74
53 125 40
53 126 52
53 128 72
53 137 40
53 140 59
53 145 2
53 146 52
53 148 48
53 150 66
54 55 29
54 58 66
54 61 68
54 62 36
54 63 11
54 64 38
54 65 44
54 66 67
54 67 49
54 68 10
54 70 62
54 74 31
54 75 1
54 76 62
54 78 8
54 81 13
54 87 62
54 90 42
54 91 30
54 93 73
54 98 98
54 99 87
54 100 97
54 102 18
54 104 71
54 108 73
54 111 38
54 113 22
54 116 83
54 117 16
54 119 67
54 121 39
54 122 21
54 127 39
54 128 65
54 132 78
54 133 45
54 135 94
54 140 3
54 145 66
55 60 11
55 62 72
55 65 33
55 66 99
55 70 7
55 72 37
55 73 80
55 75 54
55 76 2
55 77 79
55 78 72
55 89 60
55 92 15
55 96 82
55 97 85
55 98 69
55 103 85
55 104 54
55 106 53
55 108 100
55 110 65
55 111 57
55 115 10
55 116 49
55 117 74
55 118 18
55 123 6
55 124 17
55 125 26
55 127 2
55 129 14
55 133 99
55 134 7
55 135 55
55 137 18
55 141 69
55 142 21
55 143 4
55 144 8
55 145 1
55 147 30
55 150 99
56 58 58
56 60 91
56 62 100
56 63 10
56 65 55
56 68 12
56 69 39
56 70 55
56 78 16
56 79 70
56 82 8
56 83 63
56 86 96
56 87 59
56 95 41
56 96 82
56 97 38
56 98 76
56 100 90
56 102 76
56 105 54
56 107 8
56 109 87
56 111 27
56 112 17
56 114 23
56 115 88
56 118 78
56 120 94
56 122 20
56 123 55
56 125 45
56 128 42
56 129 38
56 134 72
56 137 34
56 139 4
56 140 13
56 142 85
56 146 14
56 148 67
56 149 24
57 59 78
57 64 56
57 70 45
57 71 5
57 72 16
57 73 48
57 76 9
57 81 67
57 85 43
57 90 97
57 91 25
57 95 71
57 102 44
57 103 76
57 104 51
57 107 52
57 111 43
57 116 92
57 117 7
57 125 58
57 127 52
57 131 74
57 135 52
57 136 90
57 139 41
57 147 6
58 60 10
58 62 87
58 63 4
58 65 31
58 68 2
58 71 65
58 72 60
58 76 13
58 79 48
58 86 69
58 91 63
58 93 56
58 95 21
58 104 62
58 106 48
58 109 69
58 110 10
58 111 34
58 112 54
58 113 94
58 115 71
58 116 35
58 117 13
58 118 41
58 119 44
58 121 90
58 123 95
58 126 5
58 129 78
58 131 83
58 137 31
58 144 38
58 145 87
58 147 77
58 148 86
58 149 50
59 65 29
59 67 84
59 68 36
59 73 21
59 74 79
59 79 46
59 80 17
59 81 77
59 82 63
59 83 83
59 85 64
59 86 25
59 88 68
59 92 33
59 93 28
59 95 84
59 108 16
59 115 39
59 116 46
59 117 98
59 118 89
59 120 92
59 124 1
59 128 82
59 129 45
59 130 47
59 133 64
59 136 40
59 138 38
59 141 99
59 142 93
59 143 25
59 144 20
59 145 96
59 146 38
59 147 48
59 148 20
59 150 65
60 61 31
60 62 95
60 64 24
60 68 30
60 75 41
60 78 38
60 79 29
60 81 79
60 82 57
60 88 33
60 93 100
60 95 72
60 97 74
60 99 2
60 100 5
60 102 77
60 105 76
60 108 74
60 111 41
60 113 97
60 117 65
60 119 88
60 120 88
60 121 9
60 128 58
60 129 20
60 130 60
60 131 65
60 133 63
60 134 46
60 136 50
60 138 53
60 140 32
60 141 52
60 143 90
60 144 60
60 146 68
60 147 66
60 149 45
61 62 7
61 65 95
61 67 30
61 69 48
61 71 3
61 74 67
61 75 76
61 82 42
61 86 29
61 90 93
61 92 69
61 93 47
61 94 44
61 96 38
61 97 62
61 104 72
61 110 59
61 112 11
61 113 10
61 114 7
61 118 10
61 120 36
61 122 95
61 125 25
61 127 66
61 130 91
61 131 7
61 132 86
61 133 45
61 136 48
61 137 43
61 139 63
61 142 68
62 66 38
62 67 15
62 72 26
62 74 68
62 77 47
62 80 19
62 81 54
62 84 7
62 91 61
62 102 84
62 103 46
62 104 75
62 105 93
62 106 69
62 107 6
62 108 48
62 110 3
62 113 94
62 115 58
62 116 5
62 119 88
62 125 37
62 129 90
62 130 67
62 131 47
62 143 40
62 144 42
62 148 54
62 149 95
62 150 14
63 69 13
63 71 40
63 74 14
63 78 85
63 80 92
63 82 30
63 83 52
63 84 49
63 87 64
63 93 44
63 97 12
63 99 50
63 104 57
63 107 63
63 109 80
63 114 82
63 116 100
63 120 94
63 122 72
63 124 34
63 127 97
63 130 44
63 132 71
63 141 72
63 142 79
63 144 81
63 146 19
63 147 21
63 149 37
63 150 3
64 66 57
64 68 21
64 69 39
64 71 81
64 73 91
64 81 21
64 83 63
64 84 7
64 86 40
64 87 18
64 89 58
64 94 51
64 100 89
64 101 87
64 103 25
64 105 89
64 106 12
64 108 77
64 110 63
64 113 77
64 114 100
64 117 28
64 120 80
64 121 87
64 125 75
64 129 80
64 131 66
64 138 96
64 146 19
64 147 98
64 150 85
65 67 94
65 68 61
65 70 90
65 73 82
65 74 80
65 77 23
65 78 38
65 81 3
65 82 54
65 83 6
65 84 65
65 85 15
65 86 59
65 88 67
65 90 5
65 91 83
65 92 93
65 97 47
65 98 95
65 100 51
65 102 54
65 110 69
65 111 52
65 114 84
65 115 65
65 116 90
65 125 33
65 126 70
65 128 35
65 130 12
65 131 69
65 135 29
65 144 49
65 145 88
65 146 26
65 147 35
65 149 46
65 150 1
66 67 26
66 68 75
66 74 79
66 77 98
66 78 83
66 79 16
66 83 98
66 86 73
66 87 91
66 94 10
66 95 14
66 103 17
66 104 69
66 108 94
66 109 70
66 110 71
66 112 35
66 115 2
66 116 75
66 119 71
66 120 72
66 123 87
66 125 9
66 126 35
66 127 20
66 128 34
66 129 4
66 131 63
66 133 19
66 139 55
66 140 93
66 145 49
66 149 28
67 69 37
67 70 93
67 71 12
67 75 70
67 78 50
67 81 14
67 83 32
67 86 64
67 87 89
67 88 87
67 90 100
67 94 55
67 95 57
67 96 24
67 98 55
67 99 91
67 100 17
67 103 15
67 104 34
67 106 29
67 109 95
67 110 100
67 112 96
67 113 23
67 114 80
67 115 56
67 118 67
67 122 26
67 123 3
67 124 79
67 125 10
67 126 70
67 136 65
67 137 75
67 141 94
67 143 81
67 145 15
67 146 24
67 147 61
67 148 14
67 149 9
68 70 39
68 71 32
68 74 91
68 75 74
68 76 19
68 77 79
68 78 45
68 85 20
68 88 42
68 89 28
68 91 7
68 92 90
68 94 96
68 95 66
68 96 49
68 98 63
68 101 80
68 102 74
68 103 78
68 106 40
68 109 58
68 117 73
68 119 34
68 123 2
68 124 7
68 129 10
68 130 100
68 131 70
68 132 48
68 134 46
68 136 70
68 138 36
68 141 34
68 142 12
68 144 43
68 145 7
68 147 22
68 148 48
68 150 91
69 71 26
69 72 41
69 74 33
69 80 7
69 82 30
69 83 100
69 86 52
69 88 87
69 89 82
69 91 74
69 92 62
69 94 64
69 97 18
69 98 31
69 101 26
69 102 52
69 103 91
69 104 57
69 114 45
69 115 88
69 120 65
69 124 66
69 125 89
69 127 8
69 128 84
69 133 61
69 134 2
69 135 96
69 142 56
69 143 27
69 145 22
69 146 28
70 71 13
70 72 78
70 75 5
70 79 64
70 80 92
70 85 27
70 86 30
70 87 52
70 91 90
70 92 9
70 98 4
70 99 2
70 101 55
70 107 88
70 108 19
70 110 59
70 111 64
70 113 79
70 117 7
70 118 84
70 120 21
70 123 17
70 127 62
70 128 7
70 132 66
70 134 26
70 135 34
70 136 39
70 137 13
70 138 76
70 149 48
70 150 4
71 75 66
71 76 47
71 77 97
71 79 80
71 80 55
71 82 16
71 84 96
71 86 28
71 89 58
71 93 63
71 96 73
71 101 4
71 103 1
71 105 74
71 106 41
71 108 37
71 111 92
71 112 20
71 113 51
71 115 36
71 116 61
71 118 57
71 119 80
71 122 56
71 123 63
71 126 83
71 130 56
71 134 5
71 135 70
71 138 30
71 139 93
71 144 12
71 147 81
71 150 70
72 74 29
72 76 61
72 77 30
72 78 24
72 82 17
72 83 3
72 84 89
72 86 71
72 91 22
72 93 11
72 97 32
72 98 72
72 99 20
72 106 27
72 107 69
72 113 64
72 115 82
72 119 24
72 120 7
72 121 66
72 122 23
72 123 56
72 124 81
72 125 56
72 131 77
72 132 1
72 133 42
72 134 59
72 135 93
72 136 67
72 138 95
72 139 58
72 143 66
72 146 42
72 147 54
73 74 77
73 77 95
73 78 95
73 81 62
73 82 23
73 86 28
73 87 8
73 88 46
73 90 5
73 92 11
73 95 63
73 99 95
73 102 48
73 106 61
73 107 100
73 108 66
73 110 12
73 111 91
73 113 31
73 114 31
73 115 90
73 119 17
73 121 66
73 127 49
73 129 69
73 131 92
73 132 84
73 133 93
73 134 10
73 137 28
73 139 10
73 141 42
73 143 98
73 146 76
73 147 44
73 148 53
73 149 5
74 76 6
74 77 82
74 78 51
74 79 95
74 80 46
74 88 19
74 90 77
74 91 90
74 93 16
74 96 23
74 97 92
74 102 80
74 103 33
74 104 31
74 106 82
74 107 42
74 108 4
74 109 57
74 110 65
74 111 48
74 115 59
74 116 68
74 119 84
74 122 79
74 124 8
74 125 71
74 128 46
74 130 21
74 131 24
74 133 72
74 134 17
74 135 57
74 137 75
74 138 100
74 142 22
74 143 53
74 145 42
74 146 72
74 148 51
74 149 51
74 150 16
75 78 84
75 79 2
75 81 51
75 91 33
75 93 52
75 95 12
75 98 58
75 103 6
75 104 2
75 105 34
75 109 82
75 110 54
75 114 96
75 128 69
75 129 6
75 131 98
75 133 34
75 138 61
75 142 73
75 144 10
75 147 50
75 149 78
75 150 39
76 82 15
76 83 50
76 88 54
76 90 76
76 92 5
76 101 83
76 102 61
76 106 11
76 107 48
76 111 34
76 116 12
76 117 76
76 119 67
76 120 24
76 121 77
76 122 77
76 123 41
76 125 12
76 127 23
76 128 94
76 132 83
76 137 89
76 138 16
76 140 4
76 142 44
76 143 23
76 145 45
76 146 85
77 81 19
77 82 56
77 88 48
77 90 85
77 91 61
77 93 22
77 95 19
77 100 74
77 101 74
77 103 23
77 107 26
77 109 71
77 111 29
77 113 84
77 115 51
77 116 5
77 117 55
77 128 53
77 130 10
77 131 97
77 132 92
77 133 80
77 134 17
77 135 3
77 137 18
77 139 57
77 144 62
77 145 70
77 149 1
78 79 79
78 80 56
78 81 19
78 84 37
78 87 72
78 93 5
78 95 2
78 104 26
78 105 37
78 110 49
78 111 70
78 112 9
78 117 39
78 119 87
78 121 40
78 122 73
78 123 2
78 124 37
78 125 67
78 126 16
78 127 76
78 128 20
78 129 29
78 132 50
78 135 6
78 136 95
78 138 100
78 141 6
78 143 35
78 146 71
78 147 6
78 148 89
78 149 4
79 80 7
79 82 41
79 83 33
79 87 1
79 91 6
79 92 69
79 96 16
79 98 95
79 101 92
79 103 89
79 104 19
79 105 48
79 106 61
79 108 82
79 111 83
79 115 5
79 116 62
79 117 19
79 118 58
79 123 66
79 124 52
79 125 83
79 130 47
79 134 42
79 137 76
79 140 41
79 144 39
79 150 54
80 83 42
80 84 8
80 85 72
80 86 13
80 87 99
80 90 12
80 91 83
80 93 43
80 97 63
80 99 14
80 101 54
80 104 74
80 106 21
80 107 76
80 110 7
80 115 3
80 116 12
80 117 74
80 122 91
80 123 33
80 129 29
80 133 65
80 134 87
80 137 11
80 144 27
80 146 33
80 147 58
80 148 82
80 149 97
81 85 26
81 86 73
81 88 72
81 89 78
81 90 76
81 91 35
81 93 95
81 97 69
81 98 23
81 99 87
81 101 79
81 105 51
81 106 75
81 108 66
81 110 92
81 122 15
81 125 89
81 127 91
81 128 51
81 132 65
81 135 33
81 136 57
81 137 99
81 139 77
81 142 87
81 143 89
81 144 28
81 150 62
82 84 76
82 86 8
82 87 21
82 89 55
82 91 11
82 93 39
82 94 91
82 95 2
82 96 77
82 98 49
82 105 28
82 106 31
82 107 90
82 109 69
82 110 69
82 112 52
82 113 29
82 118 8
82 123 21
82 125 69
82 128 27
82 129 95
82 131 22
82 135 93
82 136 93
82 137 4
82 138 2
82 139 45
82 143 38
82 146 6
83 86 27
83 90 43
83 91 9
83 95 17
83 98 2
83 99 45
83 101 10
83 105 59
83 107 50
83 108 37
83 112 25
83 114 82
83 117 74
83 120 69
83 122 75
83 123 72
83 126 4
83 129 52
83 130 81
83 133 78
83 134 35
83 135 18
83 136 58
83 139 39
83 141 93
83 143 85
83 144 61
83 147 83
83 148 62
83 149 58
83 150 74
84 85 18
84 97 50
84 101 86
84 102 58
84 104 52
84 106 33
84 107 38
84 113 86
84 116 56
84 117 27
84 118 26
84 124 87
84 131 10
84 132 33
84 133 71
84 135 3
84 140 23
84 141 20
85 89 3
85 90 16
85 91 29
85 93 100
85 101 36
85 102 82
85 108 18
85 110 33
85 114 81
85 115 85
85 116 36
85 118 26
85 120 77
85 122 18
85 123 67
85 125 52
85 127 23
85 132 49
85 134 84
85 135 37
85 136 83
85 137 36
85 145 81
85 149 98
85 150 79
86 87 25
86 89 1
86 92 28
86 93 68
86 95 14
86 100 58
86 105 37
86 106 29
86 107 85
86 109 79
86 113 53
86 114 1
86 115 26
86 117 23
86 119 43
86 122 81
86 125 37
86 128 6
86 129 49
86 130 79
86 135 75
86 138 80
86 142 16
86 143 24
86 144 45
86 147 42
86 148 91
87 89 55
87 93 1
87 94 95
87 99 9
87 100 1
87 104 77
87 106 3
87 108 30
87 111 65
87 112 55
87 115 82
87 119 83
87 126 56
87 128 16
87 135 63
87 136 86
87 138 94
87 139 44
87 141 1
87 148 20
87 150 58
88 89 50
88 90 30
88 91 4
88 95 24
88 96 60
88 101 23
88 102 40
88 108 95
88 109 23
88 110 10
88 113 49
88 115 75
88 120 55
88 123 39
88 126 11
88 129 43
88 131 67
88 133 65
88 137 97
88 138 7
88 144 3
88 146 65
88 147 34
88 148 90
88 149 47
88 150 34
89 90 45
89 94 60
89 98 13
89 103 14
89 105 36
89 108 23
89 109 32
89 110 97
89 111 47
89 112 58
89 113 18
89 118 27
89 121 13
89 123 82
89 125 98
89 136 66
89 139 64
89 143 29
89 145 45
89 146 87
90 91 2
90 92 50
90 95 96
90 101 80
90 103 24
90 106 1
90 109 77
90 110 60
90 111 85
90 114 54
90 116 84
90 119 58
90 121 66
90 130 39
90 136 38
90 140 55
90 142 2
90 144 52
90 145 30
90 148 3
90 149 67
91 94 17
91 97 65
91 100 94
91 102 43
91 103 9
91 104 6
91 111 19
91 118 10
91 121 100
91 122 74
91 125 98
91 126 86
91 129 70
91 132 69
91 133 88
91 140 38
91 141 79
91 142 15
91 143 13
91 144 49
91 145 72
91 146 90
91 148 54
91 149 33
91 150 70
92 98 68
92 101 9
92 104 41
92 105 11
92 106 85
92 107 50
92 110 24
92 111 100
92 113 14
92 114 31
92 119 69
92 122 17
92 123 42
92 126 16
92 129 65
92 130 12
92 131 26
92 133 8
92 134 96
92 136 37
92 141 29
92 142 66
92 145 93
92 147 4
92 149 19
93 94 89
93 95 28
93 97 86
93 100 63
93 101 16
93 106 5
93 109 7
93 110 24
93 111 39
93 113 41
93 117 71
93 122 55
93 124 67
93 128 75
93 130 75
93 131 57
93 132 87
93 134 89
93 137 77
93 140 51
93 142 52
93 143 47
93 147 9
93 148 89
93 150 69
94 95 52
94 96 59
94 97 30
94 99 85
94 101 96
94 105 67
94 106 72
94 107 75
94 110 38
94 111 59
94 112 84
94 115 41
94 116 61
94 120 91
94 122 16
94 124 6
94 127 85
94 132 88
94 133 72
94 135 26
94 136 60
94 137 86
94 141 67
94 143 53
94 144 42
94 145 58
94 148 77
95 104 76
95 105 18
95 107 91
95 108 98
95 110 4
95 111 8
95 117 73
95 118 73
95 129 9
95 132 25
95 134 51
95 136 2
95 139 80
95 141 38
95 146 41
95 149 55
96 97 45
96 98 94
96 99 92
96 101 45
96 105 97
96 106 69
96 107 84
96 108 26
96 109 8
96 113 12
96 114 92
96 115 43
96 117 93
96 124 54
96 126 69
96 128 31
96 130 2
96 143 1
96 145 92
96 148 56
96 150 68
97 99 86
97 104 1
97 108 25
97 110 98
97 111 35
97 119 23
97 122 52
97 123 96
97 126 42
97 130 24
97 135 62
97 139 88
97 141 79
97 142 21
97 143 31
97 146 76
97 148 68
97 149 25
98 99 32
98 101 55
98 103 100
98 106 20
98 108 33
98 111 81
98 119 12
98 121 93
98 124 45
98 127 20
98 129 26
98 131 26
98 134 47
98 135 94
98 136 87
98 137 74
98 140 70
98 141 30
98 142 62
98 143 10
98 144 69
98 147 94
98 149 31
98 150 24
99 106 35
99 109 77
99 112 86
99 115 15
99 121 46
99 124 21
99 126 35
99 128 97
99 129 37
99 130 5
99 132 65
99 141 38
99 143 54
99 145 46
99 146 48
99 150 45
100 102 84
100 108 22
100 109 26
100 110 45
100 111 90
100 114 90
100 115 59
100 116 71
100 117 48
100 118 79
100 125 43
100 126 80
100 127 66
100 130 14
100 131 72
100 142 28
100 144 14
101 104 12
101 105 91
101 106 97
101 108 45
101 109 60
101 110 53
101 112 81
101 113 98
101 114 9
101 119 56
101 129 35
101 130 49
101 131 89
101 132 14
101 133 91
101 135 19
101 136 50
101 138 24
101 140 69
101 142 37
101 143 71
101 150 19
102 103 20
102 113 81
102 116 7
102 118 62
102 122 77
102 129 8
102 136 38
102 138 98
102 141 93
102 142 85
102 144 67
102 145 69
102 146 56
103 104 23
103 116 20
103 119 76
103 121 7
103 126 45
103 127 19
103 135 23
103 136 30
103 138 74
103 139 31
103 141 68
103 142 84
103 143 92
104 107 99
104 109 1
104 111 7
104 112 52
104 113 1
104 115 1
104 116 18
104 118 82
104 119 3
104 120 7
104 122 46
104 124 30
104 138 64
104 142 79
104 144 99
104 145 23
104 147 10
104 148 46
104 149 5
105 106 73
105 107 64
105 108 52
105 111 59
105 112 22
105 114 54
105 117 52
105 121 62
105 128 48
105 131 37
105 132 46
105 134 42
105 136 47
105 138 99
105 140 49
105 142 45
105 143 58
105 144 50
105 146 25
105 148 58
106 112 79
106 118 75
106 119 25
106 122 38
106 125 62
106 126 63
106 129 39
106 130 95
106 131 73
106 132 83
106 134 53
106 135 9
106 141 45
106 142 47
106 143 83
106 145 53
106 146 73
107 108 5
107 109 47
107 116 54
107 117 81
107 120 39
107 125 59
107 126 100
107 127 19
107 128 32
107 129 21
107 130 99
107 134 94
107 135 89
107 136 95
107 138 65
107 141 21
107 143 18
107 147 66
107 148 10
107 150 30
108 111 91
108 112 64
108 118 27
108 120 33
108 122 24
108 133 43
108 136 27
108 137 22
108 140 82
108 141 93
108 149 32
109 115 50
109 116 100
109 118 60
109 119 54
109 125 3
109 130 36
109 136 35
109 139 75
109 141 9
109 143 100
109 148 30
109 149 12
110 111 57
110 113 83
110 115 65
110 117 64
110 118 63
110 120 58
110 126 85
110 129 48
110 130 60
110 132 41
110 133 92
110 139 51
110 140 55
110 141 65
110 142 13
110 144 4
110 145 22
110 147 8
110 149 51
111 112 96
111 113 24
111 115 69
111 118 52
111 121 23
111 123 14
111 125 94
111 126 93
111 130 63
111 131 84
111 133 40
111 135 56
111 137 58
111 139 17
111 140 5
111 148 80
112 117 44
112 122 48
112 126 48
112 128 14
112 130 89
112 136 82
112 141 84
112 142 89
112 145 44
112 147 48
112 148 97
112 149 60
112 150 78
113 115 82
113 116 66
113 117 90
113 120 32
113 125 75
113 129 75
113 132 3
113 135 47
113 138 9
113 139 14
113 146 88
113 150 96
114 115 75
114 117 100
114 120 97
114 122 95
114 123 53
114 127 23
114 128 27
114 131 90
114 140 37
114 142 60
114 143 79
114 144 56
115 118 76
115 125 47
115 127 69
115 128 73
115 135 67
115 140 51
115 141 95
115 142 27
115 145 60
115 146 96
115 148 9
115 149 53
116 129 52
116 133 26
116 135 31
116 137 83
116 139 39
116 140 11
116 142 19
116 143 14
116 144 54
116 145 36
116 147 70
117 118 83
117 119 39
117 121 66
117 122 8
117 132 68
117 133 64
117 137 1
117 138 38
117 139 40
117 142 74
117 145 37
117 146 87
117 147 43
118 122 73
118 123 29
118 126 64
118 128 88
118 132 17
118 133 56
118 134 17
118 137 45
118 138 47
118 139 42
118 141 77
118 142 86
118 143 82
118 147 44
119 120 96
119 121 98
119 122 32
119 123 91
119 127 8
119 129 18
119 131 23
119 134 71
119 136 93
119 137 82
119 138 79
119 143 37
119 144 83
119 145 66
119 146 34
119 148 47
119 150 38
120 123 34
120 124 77
120 128 28
120 129 84
120 130 44
120 132 28
120 141 70
120 142 68
120 145 46
120 147 59
120 148 85
121 129 21
121 131 79
121 135 42
121 136 48
121 139 28
121 144 4
121 145 72
121 147 49
121 148 46
122 124 79
122 127 57
122 131 41
122 135 82
122 143 10
122 144 24
122 146 27
122 147 10
122 149 6
122 150 10
123 127 99
123 134 39
123 138 82
123 139 37
123 141 57
123 143 100
123 144 47
123 145 67
123 149 53
124 126 54
124 129 62
124 130 58
124 131 68
124 133 39
124 135 41
124 137 66
124 141 69
124 146 70
124 148 60
124 149 33
124 150 16
125 126 39
125 127 56
125 130 80
125 131 21
125 137 73
125 139 11
125 140 26
125 142 84
125 148 49
125 150 32
126 128 19
126 133 55
126 137 23
126 141 91
126 142 55
126 144 64
126 149 36
127 128 35
127 130 35
127 132 67
127 135 58
127 137 100
127 138 47
127 140 4
127 141 54
127 145 55
127 148 40
127 149 95
128 130 59
128 131 86
128 136 72
128 145 63
128 146 69
129 130 59
129 131 66
129 132 31
129 135 41
129 137 33
129 141 60
129 143 39
130 131 59
130 133 66
130 134 54
130 135 80
130 140 72
130 141 79
130 142 60
130 150 55
131 132 89
131 136 58
131 141 53
131 145 82
131 146 8
131 149 55
131 150 87
132 136 87
132 137 64
132 141 65
132 147 65
132 148 29
133 136 39
133 139 24
133 140 77
133 146 26
134 136 5
134 139 53
134 146 42
134 148 21
135 137 15
135 138 61
135 141 76
135 143 18
135 144 66
135 150 32
136 139 18
137 139 6
137 146 91
138 145 82
139 141 84
139 144 71
139 150 21
140 145 97
140 147 81
140 148 15
140 150 47
141 145 14
141 149 53
142 143 88
142 144 85
142 145 50
142 146 61
142 149 26
142 150 52
143 145 33
143 150 65
144 145 62
144 149 32
145 146 86
145 147 23
145 148 26
145 149 73
147 149 89
148 150 51
1 5 2
1 7 94
1 9 39
1 11 88
1 13 42
1 14 89
1 21 56
1 23 53
1 24 35
1 28 34
1 30 88
1 31 98
1 35 50
1 37 10
1 41 18
1 42 53
1 47 98
1 48 69
1 56 16
1 58 70
1 59 36
1 61 72
1 62 46
1 65 61
1 66 4
1 69 76
1 70 88
1 74 12
1 75 49
1 76 10
1 81 8
1 83 51
1 90 52
1 91 53
1 94 56
1 95 14
1 100 32
1 102 93
1 132 65
1 138 18
1 139 40
1 141 44
1 142 35
1 144 84
1 145 6
1 147 16
1 148 2
1 149 6
2 5 99
2 10 70
2 12 32
2 19 72
2 22 56
2 23 5
2 28 87
2 29 10
2 30 34
2 33 81
2 34 66
2 36 60
2 40 78
2 43 62
2 47 38
2 48 31
2 54 66
2 56 11
2 57 37
2 61 90
2 63 16
2 65 26
2 66 61
2 69 76
2 70 28
2 73 5
2 74 42
2 76 40
2 77 28
2 79 41
2 80 43
2 84 40
2 86 25
2 89 59
2 94 87
2 95 12
2 100 33
2 101 85
2 102 27
2 107 84
2 110 62
2 111 70
2 113 23
2 114 83
2 115 64
2 116 4
2 117 88
2 119 4
2 121 69
2 124 43
2 127 9
2 128 17
2 132 76
2 135 24
2 137 70
2 139 6
2 140 62
2 142 35
2 144 28
2 148 30
2 149 90
2 150 66
3 6 90
3 7 67
3 8 78
3 12 61
3 13 17
3 15 52
3 16 4
3 20 9
3 25 80
3 26 31
3 27 30
3 29 29
3 30 81
3 33 44
3 36 43
3 37 46
3 39 39
3 43 48
3 44 50
3 50 41
3 55 53
3 57 4
3 58 81
3 61 30
3 67 2
3 71 5
3 72 8
3 75 96
3 77 96
3 78 90
3 80 94
3 82 77
3 83 70
3 85 67
3 87 62
3 93 1
3 94 73
3 95 45
3 98 70
3 99 3
3 100 18
3 102 81
3 104 42
3 106 55
3 108 79
3 110 25
3 112 37
3 113 88
3 114 94
3 117 98
3 120 94
3 121 88
3 128 7
3 130 6
3 134 43
3 135 81
3 137 93
3 143 1
3 145 32
3 148 68
4 6 9
4 9 10
4 11 21
4 13 55
4 15 83
4 16 41
4 18 35
4 19 37
4 23 1
4 25 98
4 26 91
4 30 17
4 31 85
4 34 99
4 38 34
4 39 80
4 43 79
4 45 30
4 46 78
4 47 33
4 48 3
4 51 50
4 52 43
4 56 3
4 58 82
4 59 95
4 60 24
4 63 13
4 67 91
4 71 91
4 76 3
4 78 83
4 81 66
4 84 53
4 86 20
4 88 6
4 89 37
4 92 4
4 95 21
4 98 48
4 101 41
4 102 7
4 106 49
4 109 16
4 110 96
4 111 37
4 115 9
4 117 52
4 119 18
4 127 21
4 128 13
4 131 31
4 132 40
4 135 58
4 137 80
4 139 49
4 144 77
4 145 55
4 150 14
5 10 94
5 12 5
5 14 62
5 17 38
5 20 45
5 21 56
5 22 80
5 25 45
5 27 87
5 28 29
5 29 69
5 32 26
5 35 27
5 38 5
5 42 25
5 45 81
5 46 42
5 48 54
5 52 96
5 55 24
5 66 70
5 67 98
5 71 83
5 72 53
5 74 89
5 75 15
5 77 12
5 78 13
5 81 25
5 87 4
5 90 91
5 96 45
5 97 69
5 103 27
5 104 100
5 105 4
5 108 14
5 109 99
5 110 26
5 112 7
5 114 64
5 115 84
5 116 85
5 118 20
5 119 61
5 120 1
5 122 25
5 123 10
5 125 31
5 134 94
5 136 97
5 138 46
5 139 38
5 145 44
6 9 68
6 13 74
6 14 22
6 15 25
6 16 18
6 19 96
6 25 21
6 27 12
6 28 89
6 32 86
6 35 44
6 39 10
6 47 54
6 48 95
6 49 24
6 51 86
6 52 88
6 54 3
6 55 95
6 56 24
6 58 55
6 63 17
6 64 9
6 67 90
6 68 87
6 69 87
6 74 20
6 78 40
6 79 76
6 80 30
6 83 37
6 91 16
6 93 39
6 97 23
6 105 49
6 107 35
6 110 97
6 112 64
6 113 17
6 115 73
6 117 56
6 121 29
6 123 52
6 124 47
6 129 89
6 130 69
6 131 69
6 132 54
6 136 70
6 138 7
6 140 98
6 141 88
6 142 39
6 143 65
6 145 54
6 147 20
6 150 32
7 10 28
7 15 11
7 19 62
7 22 3
7 23 1
7 30 24
7 31 38
7 33 37
7 34 65
7 36 8
7 38 91
7 42 32
7 46 100
7 51 69
7 52 63
7 54 89
7 55 46
7 56 40
7 57 38
7 68 65
7 70 86
7 71 100
7 74 70
7 77 90
7 80 14
7 81 92
7 85 45
7 86 29
7 88 27
7 89 27
7 90 38
7 94 52
7 95 41
7 98 60
7 101 22
7 103 97
7 105 29
7 106 54
7 107 52
7 110 99
7 114 79
7 115 71
7 118 56
7 120 54
7 121 71
7 122 21
7 123 55
7 125 6
7 127 89
7 136 16
7 139 92
7 141 37
7 144 45
7 145 85
7 148 5
8 14 88
8 16 83
8 24 41
8 25 53
8 30 34
8 32 14
8 33 78
8 35 72
8 38 89
8 40 21
8 42 92
8 44 98
8 45 85
8 46 13
8 49 38
8 51 85
8 52 70
8 56 6
8 57 93
8 58 62
8 62 94
8 64 30
8 66 10
8 67 32
8 72 81
8 78 8
8 85 30
8 89 77
8 93 95
8 96 78
8 97 38
8 100 14
8 101 32
8 103 2
8 108 25
8 111 37
8 114 71
8 118 67
8 119 42
8 120 4
8 121 73
8 124 66
8 130 19
8 132 43
8 133 19
8 136 95
8 145 64
8 146 16
8 148 44
9 10 38
9 11 32
9 14 85
9 15 78
9 16 83
9 17 63
9 21 40
9 24 38
9 25 6
9 31 59
9 34 28
9 36 86
9 37 94
9 38 93
9 42 20
9 45 19
9 47 51
9 48 60
9 51 50
9 52 96
9 53 31
9 55 6
9 57 99
9 59 97
9 68 2
9 69 72
9 72 13
9 74 3
9 80 92
9 81 51
9 82 79
9 88 59
9 89 43
9 90 84
9 91 60
9 95 48
9 97 28
9 98 100
9 102 88
9 103 45
9 106 30
9 107 45
9 110 74
9 112 29
9 117 43
9 119 76
9 120 17
9 124 47
9 125 4
9 132 15
9 135 64
9 136 90
9 138 76
9 141 100
9 142 91
9 143 16
9 146 94
10 17 29
10 24 58
10 26 93
10 27 98
10 28 79
10 29 79
10 30 97
10 31 23
10 32 9
10 36 66
10 38 16
10 42 52
10 44 12
10 49 85
10 50 30
10 51 78
10 52 28
10 53 40
10 57 67
10 58 14
10 59 28
10 62 83
10 64 62
10 66 71
10 67 33
10 69 59
10 70 40
10 71 53
10 72 48
10 74 92
10 75 75
10 76 74
10 79 40
10 80 14
10 84 72
10 87 69
10 89 82
10 93 51
10 101 35
10 102 30
10 105 10
10 106 74
10 107 62
10 108 28
10 112 99
10 115 20
10 117 44
10 119 50
10 126 34
10 129 23
10 130 79
10 136 46
10 141 20
10 146 31
10 149 90
11 13 48
11 19 60
11 20 19
11 24 39
11 26 33
11 29 63
11 33 55
11 36 28
11 40 87
11 42 42
11 45 2
11 46 80
11 54 22
11 57 57
11 59 64
11 61 57
11 63 1
11 64 6
11 65 27
11 66 26
11 69 74
11 75 9
11 79 73
11 83 46
11 87 87
11 91 33
11 93 82
11 94 58
11 97 51
11 98 2
11 99 73
11 100 64
11 104 44
11 105 8
11 106 63
11 109 95
11 114 55
11 115 4
11 118 73
11 119 68
11 120 51
11 122 17
11 125 73
11 127 100
11 129 84
11 131 47
11 132 75
11 146 84
11 149 87
11 150 22
12 18 78
12 21 13
12 23 13
12 26 8
12 27 61
12 28 57
12 30 34
12 32 65
12 35 14
12 36 96
12 41 80
12 46 70
12 57 65
12 63 89
12 64 91
12 68 29
12 69 7
12 70 7
12 75 8
12 81 24
12 83 42
12 84 55
12 85 20
12 86 71
12 89 13
12 90 100
12 92 68
12 94 86
12 96 44
12 97 36
12 102 84
12 106 41
12 108 81
12 109 30
12 112 14
12 113 96
12 115 65
12 116 90
12 117 46
12 120 63
12 121 83
12 122 50
12 123 82
12 124 9
12 129 14
12 133 97
12 134 89
12 139 23
12 140 83
12 141 17
12 142 98
12 144 9
12 146 34
12 148 87
13 15 80
13 16 56
13 22 16
13 27 97
13 29 2
13 30 35
13 31 74
13 32 79
13 34 72
13 35 27
13 37 60
13 38 66
13 39 86
13 41 76
13 45 9
13 49 73
13 56 62
13 57 33
13 64 31
13 67 72
13 72 14
13 76 10
13 77 60
13 78 86
13 79 99
13 80 7
13 82 69
13 83 14
13 85 55
13 89 9
13 90 89
13 92 84
13 93 55
13 94 14
13 97 74
13 98 81
13 100 7
13 102 34
13 105 1
13 107 30
13 112 75
13 119 33
13 121 4
13 124 98
13 129 13
13 131 73
13 134 41
13 139 35
13 140 97
13 142 61
13 148 90
13 149 74
14 15 3
14 20 21
14 22 31
14 24 19
14 27 61
14 31 79
14 36 93
14 37 91
14 38 23
14 39 20
14 42 82
14 44 50
14 55 55
14 58 98
14 59 93
14 60 95
14 61 99
14 62 6
14 65 48
14 67 47
14 68 12
14 69 43
14 70 18
14 73 90
14 75 44
14 76 59
14 78 80
14 80 33
14 87 77
14 94 62
14 95 96
14 97 18
14 98 88
14 101 75
14 102 20
14 103 88
14 106 23
14 107 35
14 110 60
14 111 37
14 113 90
14 114 37
14 118 44
14 119 30
14 121 92
14 127 38
14 128 92
14 135 37
14 136 16
14 140 22
14 146 26
14 150 18
15 18 13
15 20 77
15 21 24
15 24 33
15 25 18
15 26 95
15 28 13
15 30 63
15 31 36
15 35 6
15 37 5
15 39 69
15 40 22
15 42 6
15 45 8
15 46 46
15 59 70
15 61 90
15 64 98
15 65 18
15 68 84
15 70 13
15 78 22
15 80 97
15 82 7
15 85 67
15 87 2
15 88 78
15 89 45
15 93 54
15 95 1
15 96 42
15 105 98
15 106 16
15 107 92
15 109 88
15 115 42
15 116 56
15 117 36
15 119 7
15 124 70
15 125 70
15 129 30
15 130 17
15 135 27
15 140 10
15 142 69
15 143 84
15 144 34
15 145 86
15 146 50
16 20 40
16 25 86
16 27 95
16 30 59
16 32 72
16 33 83
16 36 54
16 37 58
16 38 17
16 39 35
16 41 25
16 42 65
16 44 23
16 49 50
16 54 8
16 55 20
16 56 52
16 58 11
16 64 99
16 72 66
16 74 29
16 75 62
16 77 8
16 84 64
16 85 54
16 87 62
16 93 77
16 94 36
16 95 37
16 97 77
16 102 79
16 104 49
16 105 84
16 108 6
16 109 55
16 115 42
16 117 58
16 119 6
16 120 43
16 125 70
16 134 82
16 141 34
16 142 36
16 143 36
16 145 45
16 146 28
16 148 80
17 19 86
17 21 24
17 22 40
17 24 3
17 26 34
17 28 46
17 30 57
17 34 29
17 37 59
17 43 59
17 45 96
17 48 57
17 50 90
17 51 15
17 56 11
17 59 100
17 61 50
17 63 81
17 66 14
17 68 37
17 71 65
17 74 66
17 78 68
17 80 2
17 88 18
17 90 26
17 93 87
17 94 37
17 99 58
17 100 85
17 104 73
17 105 19
17 108 94
17 109 90
17 111 96
17 112 87
17 113 40
17 114 11
17 115 58
17 117 7
17 120 94
17 124 10
17 126 56
17 127 73
17 129 95
17 130 7
17 131 30
17 132 93
17 136 41
17 137 55
17 138 97
17 140 4
17 142 52
17 143 36
17 145 95
17 146 42
17 148 29
17 150 29
18 20 11
18 26 61
18 28 72
18 30 51
18 32 74
18 36 32
18 37 10
18 38 75
18 39 41
18 42 79
18 43 18
18 44 22
18 49 37
18 51 64
18 54 88
18 56 81
18 60 15
18 62 27
18 64 41
18 67 58
18 68 70
18 76 95
18 79 22
18 80 25
18 86 16
18 87 10
18 88 66
18 89 4
18 92 33
18 93 18
18 99 61
18 103 15
18 108 41
18 111 57
18 113 86
18 115 54
18 117 52
18 119 41
18 122 23
18 124 63
18 127 65
18 131 85
18 134 94
18 135 11
18 137 66
18 138 15
18 139 31
18 140 43
18 142 47
18 143 43
18 146 67
18 148 65
18 149 88
19 20 14
19 21 85
19 23 52
19 24 68
19 28 98
19 29 87
19 33 37
19 36 99
19 40 15
19 41 54
19 42 86
19 43 25
19 45 3
19 46 23
19 51 37
19 54 94
19 58 75
19 59 97
19 62 80
19 65 75
19 67 62
19 68 25
19 71 77
19 72 60
19 76 54
19 80 93
19 81 10
19 82 46
19 84 75
19 86 34
19 87 2
19 88 77
19 90 49
19 92 16
19 93 22
19 94 50
19 95 3
19 98 51
19 101 68
19 107 98
19 114 11
19 116 80
19 119 52
19 122 63
19 123 26
19 125 90
19 126 83
19 128 18
19 132 50
19 135 87
19 141 86
19 145 19
19 146 3
19 148 20
20 21 99
20 25 27
20 27 11
20 29 80
20 31 65
20 33 11
20 34 20
20 38 51
20 40 94
20 41 25
20 43 47
20 44 75
20 46 3
20 50 61
20 57 66
20 58 82
20 60 61
20 65 80
20 66 72
20 67 24
20 68 43
20 69 62
20 72 64
20 74 62
20 75 80
20 76 73
20 77 77
20 79 84
20 80 79
20 82 12
20 92 76
20 93 30
20 94 55
20 95 97
20 96 16
20 99 80
20 101 17
20 102 66
20 108 95
20 111 63
20 115 68
20 116 49
20 117 30
20 120 90
20 123 71
20 125 97
20 130 45
20 131 30
20 132 62
20 135 59
20 137 97
20 139 4
20 141 59
20 143 93
21 23 19
21 25 46
21 27 45
21 29 26
21 31 83
21 34 92
21 36 97
21 37 9
21 38 98
21 39 78
21 42 33
21 44 95
21 46 97
21 48 32
21 53 54
21 55 60
21 57 20
21 62 50
21 65 48
21 68 100
21 73 55
21 74 54
21 75 99
21 77 79
21 79 11
21 80 8
21 83 64
21 84 80
21 85 91
21 90 65
21 93 13
21 95 21
21 99 84
21 100 84
21 102 51
21 105 44
21 107 57
21 109 21
21 118 81
21 122 80
21 124 13
21 136 59
21 139 25
21 140 88
21 146 16
22 27 32
22 28 65
22 29 32
22 31 13
22 32 30
22 33 46
22 36 98
22 37 32
22 40 76
22 41 29
22 44 66
22 50 44
22 52 49
22 55 62
22 56 67
22 57 79
22 58 8
22 60 73
22 61 9
22 66 29
22 70 79
22 75 84
22 80 59
22 84 72
22 88 40
22 89 90
22 91 25
22 92 93
22 94 57
22 98 7
22 101 3
22 104 5
22 106 54
22 107 97
22 110 33
22 111 85
22 117 96
22 118 75
22 120 15
22 121 53
22 123 36
22 124 49
22 125 81
22 128 87
22 130 70
22 131 79
22 132 29
22 134 82
22 135 84
22 139 35
22 140 49
22 142 32
22 147 68
22 148 60
23 24 77
23 27 43
23 33 80
23 35 45
23 36 15
23 40 84
23 43 8
23 45 53
23 46 30
23 49 20
23 51 37
23 52 69
23 54 34
23 59 40
23 61 47
23 62 25
23 74 64
23 76 77
23 80 73
23 81 92
23 85 25
23 86 81
23 87 97
23 90 61
23 94 9
23 95 66
23 96 79
23 97 50
23 98 65
23 100 26
23 101 48
23 109 62
23 111 39
23 113 82
23 115 2
23 118 11
23 119 22
23 120 43
23 122 4
23 126 26
23 131 99
23 133 34
23 135 15
23 136 26
23 139 1
23 141 50
23 143 13
23 144 30
23 145 30
23 148 14
24 27 32
24 28 2
24 29 74
24 30 53
24 33 56
24 34 6
24 36 89
24 42 22
24 46 60
24 50 1
24 56 74
24 58 34
24 59 51
24 61 1
24 62 35
24 64 82
24 70 90
24 80 23
24 84 34
24 85 37
24 86 16
24 87 25
24 88 1
24 91 23
24 92 56
24 94 82
24 95 5
24 99 96
24 104 77
24 106 80
24 110 35
24 111 94
24 114 56
24 117 71
24 118 98
24 121 43
24 124 22
24 129 4
24 130 22
24 132 96
24 137 38
24 138 44
24 141 62
24 143 53
24 144 67
24 146 7
24 148 22
25 26 96
25 30 79
25 44 66
25 45 60
25 46 26
25 47 68
25 49 44
25 50 27
25 51 27
25 60 63
25 62 18
25 67 63
25 70 51
25 73 94
25 74 36
25 75 81
25 81 68
25 83 68
25 84 65
25 86 27
25 89 39
25 90 10
25 91 61
25 96 84
25 105 3
25 107 7
25 110 33
25 111 65
25 112 18
25 114 21
25 115 77
25 124 59
25 126 80
25 127 13
25 131 8
25 140 73
25 142 58
25 143 70
25 144 30
25 145 94
25 146 28
25 149 36
26 28 39
26 29 20
26 30 57
26 31 45
26 35 86
26 39 86
26 41 93
26 42 41
26 43 92
26 46 43
26 51 14
26 52 63
26 55 1
26 56 29
26 60 19
26 62 51
26 65 93
26 69 95
26 70 84
26 72 39
26 75 75
26 84 69
26 90 52
26 92 23
26 94 29
26 95 65
26 98 8
26 100 27
26 102 95
26 104 39
26 106 87
26 108 92
26 109 85
26 118 91
26 120 86
26 121 45
26 122 30
26 123 83
26 126 41
26 127 76
26 130 35
26 133 28
26 134 46
26 135 85
26 136 73
26 137 16
26 141 82
26 142 52
26 143 28
26 145 46
26 146 38
27 28 85
27 31 13
27 35 81
27 36 66
27 37 18
27 38 92
27 40 27
27 42 90
27 46 98
27 49 31
27 50 4
27 51 23
27 53 80
27 54 20
27 55 44
27 57 65
27 58 43
27 59 98
27 61 74
27 62 79
27 65 20
27 68 70
27 72 15
27 78 11
27 81 22
27 82 70
27 83 14
27 84 100
27 87 3
27 88 42
27 92 46
27 93 48
27 95 78
27 97 29
27 102 77
27 103 80
27 105 59
27 107 61
27 108 84
27 110 52
27 114 64
27 116 71
27 117 91
27 119 49
27 122 66
27 130 23
27 139 56
27 140 79
27 142 45
27 144 22
27 147 46
27 149 62
27 150 77
28 32 3
28 33 59
28 36 86
28 38 75
28 39 72
28 48 98
28 50 24
28 51 37
28 52 98
28 55 69
28 60 30
28 62 84
28 63 14
28 66 75
28 70 73
28 72 41
28 73 90
28 74 51
28 77 64
28 79 62
28 80 36
28 86 32
28 87 88
28 88 29
28 90 37
28 91 26
28 92 27
28 93 40
28 95 64
28 98 52
28 102 45
28 103 93
28 111 92
28 113 89
28 117 92
28 118 73
28 120 1
28 122 5
28 127 67
28 128 90
28 129 64
28 133 88
28 139 20
28 141 58
28 147 19
28 148 6
28 149 4
29 33 84
29 35 2
29 36 89
29 37 56
29 38 13
29 50 18
29 53 50
29 54 83
29 55 70
29 56 98
29 68 42
29 69 28
29 70 72
29 71 29
29 72 17
29 73 34
29 74 55
29 76 84
29 78 23
29 79 63
29 80 18
29 88 88
29 94 80
29 100 29
29 103 91
29 104 55
29 105 33
29 115 67
29 117 67
29 118 52
29 121 45
29 122 28
29 123 50
29 125 60
29 126 96
29 140 65
29 146 79
29 147 86
29 150 16
30 33 90
30 43 78
30 44 24
30 45 8
30 46 11
30 52 51
30 53 58
30 60 50
30 61 98
30 67 1
30 68 70
30 69 61
30 71 62
30 73 49
30 76 36
30 79 84
30 81 60
30 82 80
30 86 27
30 87 82
30 90 91
30 94 14
30 100 39
30 101 9
30 102 97
30 103 19
30 105 63
30 111 85
30 112 17
30 114 30
30 115 73
30 120 16
30 124 32
30 126 3
30 127 22
30 128 71
30 129 2
30 130 66
30 131 63
30 134 21
30 135 58
30 136 88
30 138 29
30 142 9
30 143 53
30 145 75
30 150 39
31 32 24
31 36 33
31 37 70
31 39 89
31 42 71
31 44 78
31 47 32
31 48 4
31 49 59
31 50 96
31 53 6
31 54 53
31 55 52
31 59 24
31 60 46
31 69 75
31 72 47
31 73 97
31 80 71
31 81 16
31 82 81
31 89 43
31 90 36
31 92 49
31 93 44
31 94 4
31 96 92
31 98 91
31 102 86
31 104 26
31 105 5
31 108 91
31 110 5
31 115 75
31 118 1
31 119 9
31 121 18
31 123 74
31 128 49
31 129 32
31 130 10
31 132 76
31 136 35
31 139 9
31 142 53
31 144 71
31 146 11
31 147 40
31 150 75
32 40 100
32 41 24
32 44 21
32 45 41
32 47 1
32 48 76
32 49 33
32 50 40
32 51 67
32 53 69
32 57 75
32 59 66
32 61 36
32 62 98
32 64 72
32 68 23
32 69 12
32 72 74
32 77 40
32 79 47
32 82 86
32 86 87
32 88 75
32 94 51
32 95 80
32 99 12
32 100 84
32 101 50
32 108 63
32 110 94
32 113 79
32 115 55
32 120 94
32 121 39
32 125 49
32 129 50
32 130 20
32 131 66
32 133 89
32 135 69
32 136 77
32 137 6
32 139 49
32 140 55
32 141 64
32 143 79
32 146 3
32 147 54
32 148 80
32 149 33
32 150 37
33 34 36
33 35 67
33 38 64
33 39 81
33 42 61
33 51 100
33 54 93
33 55 43
33 58 40
33 64 81
33 66 47
33 67 71
33 68 39
33 69 84
33 71 65
33 73 88
33 74 99
33 75 16
33 76 38
33 77 15
33 86 68
33 88 81
33 91 95
33 94 80
33 102 67
33 105 98
33 110 5
33 112 43
33 113 10
33 115 78
33 120 67
33 123 78
33 124 47
33 125 4
33 126 12
33 127 25
33 129 75
33 131 48
33 133 90
33 134 66
33 135 85
33 136 87
33 137 77
33 139 85
33 140 28
33 141 3
33 143 15
33 146 72
33 148 32
34 37 82
34 38 31
34 39 38
34 42 59
34 49 5
34 51 32
34 54 67
34 55 69
34 57 77
34 58 18
34 63 67
34 65 54
34 67 26
34 68 16
34 69 2
34 71 1
34 72 4
34 75 58
34 76 93
34 77 33
34 79 86
34 80 80
34 82 13
34 83 28
34 88 59
34 89 64
34 90 100
34 93 88
34 94 23
34 98 6
34 99 27
34 101 32
34 102 37
34 107 3
34 108 40
34 113 77
34 114 82
34 115 95
34 116 22
34 117 53
34 119 15
34 122 84
34 124 63
34 125 17
34 126 68
34 127 12
34 128 25
34 130 66
34 134 29
34 136 44
34 139 45
34 140 69
34 143 37
34 145 28
34 147 37
34 149 62
35 36 82
35 38 89
35 47 51
35 48 2
35 50 91
35 54 89
35 55 8
35 56 8
35 57 5
35 59 50
35 60 61
35 61 90
35 66 11
35 68 61
35 69 55
35 70 29
35 72 82
35 75 48
35 80 23
35 82 5
35 84 61
35 86 100
35 88 73
35 93 3
35 95 21
35 101 81
35 102 87
35 103 75
35 104 17
35 110 95
35 112 52
35 113 54
35 117 90
35 118 9
35 119 23
35 124 17
35 125 28
35 126 60
35 131 86
35 133 96
35 136 46
35 138 45
35 140 87
35 145 68
35 146 88
35 148 76
35 150 31
36 43 38
36 49 30
36 51 72
36 60 26
36 66 39
36 67 23
36 71 33
36 74 18
36 75 29
36 77 27
36 79 28
36 82 80
36 87 92
36 88 59
36 89 79
36 90 45
36 91 40
36 92 57
36 95 61
36 96 69
36 98 92
36 101 58
36 102 13
36 103 15
36 105 32
36 109 6
36 110 66
36 111 41
36 113 43
36 118 18
36 120 11
36 121 49
36 123 70
36 124 85
36 128 69
36 130 15
36 131 89
36 135 99
36 137 5
36 138 54
36 139 44
36 141 84
36 142 35
36 148 93
36 149 69
36 150 19
37 42 36
37 44 77
37 46 52
37 50 94
37 54 53
37 55 97
37 58 97
37 62 49
37 65 62
37 67 82
37 69 86
37 71 40
37 76 25
37 81 24
37 83 37
37 90 43
37 91 53
37 93 47
37 96 79
37 97 51
37 98 66
37 99 86
37 102 64
37 104 59
37 107 84
37 114 15
37 119 2
37 123 14
37 131 88
37 132 61
37 133 89
37 135 48
37 136 99
37 138 44
37 139 89
37 142 31
37 147 76
37 148 30
37 149 5
37 150 36
38 40 99
38 42 3
38 44 16
38 45 49
38 49 93
38 55 13
38 56 47
38 60 79
38 61 10
38 62 70
38 64 89
38 71 31
38 72 98
38 73 23
38 75 27
38 77 68
38 78 73
38 79 92
38 84 82
38 85 74
38 86 25
38 91 8
38 92 63
38 98 70
38 110 11
38 111 28
38 113 13
38 114 8
38 115 89
38 116 39
38 119 30
38 120 55
38 126 42
38 128 17
38 129 53
38 134 74
38 137 5
38 143 12
38 148 26
39 50 94
39 51 43
39 52 97
39 55 57
39 64 43
39 65 39
39 66 9
39 67 31
39 70 64
39 73 12
39 78 76
39 80 32
39 81 99
39 84 68
39 86 34
39 88 100
39 91 67
39 92 98
39 96 14
39 98 30
39 99 96
39 100 51
39 101 51
39 102 88
39 104 19
39 105 88
39 107 78
39 108 7
39 109 40
39 111 15
39 114 8
39 117 13
39 120 33
39 121 87
39 122 67
39 124 65
39 125 9
39 127 72
39 130 98
39 132 71
39 135 92
39 137 1
39 138 73
39 139 63
39 144 14
39 145 29
39 146 79
39 147 50
39 149 32
40 41 34
40 46 70
40 47 4
40 50 68
40 52 73
40 53 55
40 57 56
40 62 67
40 66 20
40 68 74
40 70 33
40 72 20
40 75 35
40 76 80
40 81 14
40 82 29
40 83 90
40 84 54
40 94 3
40 98 60
40 105 9
40 108 91
40 111 27
40 112 98
40 113 54
40 116 39
40 120 33
40 122 85
40 126 73
40 131 52
40 132 33
40 134 95
40 135 63
40 137 6
40 140 73
40 144 39
40 145 69
40 150 56
41 44 24
41 45 60
41 46 98
41 47 77
41 49 24
41 53 3
41 55 2
41 57 24
41 58 3
41 63 13
41 66 65
41 69 33
41 70 73
41 72 75
41 73 1
41 74 26
41 78 21
41 79 68
41 80 92
41 86 58
41 91 52
41 92 20
41 96 60
41 98 88
41 100 16
41 104 65
41 105 42
41 108 6
41 109 71
41 111 76
41 115 79
41 116 66
41 118 35
41 119 87
41 120 28
41 122 57
41 123 15
41 124 90
41 126 37
41 129 54
41 135 38
41 140 11
41 143 76
41 144 23
41 145 24
41 148 75
41 149 98
41 150 100
42 46 25
42 49 26
42 52 65
42 55 54
42 58 46
42 59 38
42 60 47
42 61 24
42 62 76
42 63 83
42 67 19
42 71 51
42 72 24
42 74 86
42 75 4
42 77 82
42 78 80
42 82 50
42 83 83
42 85 24
42 86 40
42 87 90
42 89 12
42 90 22
42 92 90
42 95 56
42 97 54
42 99 26
42 100 100
42 102 64
42 103 97
42 104 96
42 106 12
42 109 34
42 112 61
42 113 64
42 117 63
42 119 89
42 120 20
42 129 79
42 133 39
42 135 43
42 136 2
42 148 28
43 46 45
43 49 79
43 50 22
43 51 57
43 52 15
43 53 55
43 55 64
43 63 32
43 64 76
43 65 55
43 67 3
43 70 98
43 72 31
43 74 29
43 76 84
43 81 88
43 83 71
43 86 12
43 88 95
43 92 67
43 93 82
43 98 61
43 99 54
43 106 43
43 107 8
43 109 9
43 114 13
43 115 4
43 116 29
43 118 45
43 119 8
43 120 2
43 125 20
43 126 80
43 134 42
43 137 44
43 143 1
43 145 32
44 47 62
44 48 66
44 53 20
44 55 68
44 57 68
44 58 19
44 59 13
44 61 19
44 62 95
44 64 39
44 66 20
44 72 9
44 73 12
44 74 8
44 75 60
44 77 66
44 80 88
44 94 18
44 97 91
44 99 14
44 103 63
44 111 64
44 112 80
44 114 96
44 115 41
44 119 57
44 120 75
44 121 26
44 123 94
44 124 38
44 127 36
44 128 92
44 131 4
44 132 89
44 133 70
44 137 74
44 140 26
44 141 25
44 145 47
44 148 10
44 149 82
45 46 37
45 52 52
45 53 37
45 55 16
45 61 8
45 63 95
45 65 23
45 67 46
45 68 42
45 69 36
45 71 94
45 75 73
45 76 97
45 79 100
45 82 14
45 83 42
45 84 35
45 87 85
45 88 21
45 89 12
45 90 3
45 91 80
45 95 50
45 96 9
45 98 56
45 99 73
45 102 85
45 103 67
45 104 14
45 105 69
45 107 24
45 110 97
45 111 76
45 114 93
45 116 11
45 117 22
45 119 35
45 127 87
45 135 34
45 136 2
45 138 79
45 144 86
46 48 73
46 51 2
46 55 29
46 56 17
46 57 68
46 58 44
46 62 84
46 72 84
46 73 81
46 79 59
46 81 15
46 82 71
46 84 76
46 87 75
46 88 24
46 91 16
46 93 28
46 96 70
46 97 70
46 98 79
46 100 54
46 107 80
46 108 50
46 111 58
46 113 23
46 119 86
46 120 82
46 122 51
46 126 65
46 131 46
46 140 53
46 141 79
46 142 78
46 143 16
46 144 88
46 145 79
46 150 19
47 50 70
47 54 69
47 58 22
47 59 82
47 62 96
47 66 38
47 68 80
47 69 49
47 71 72
47 74 10
47 75 87
47 76 67
47 77 85
47 79 73
47 80 48
47 82 15
47 83 15
47 84 81
47 85 75
47 88 78
47 90 60
47 91 75
47 92 42
47 93 40
47 94 40
47 102 46
47 104 20
47 109 77
47 111 58
47 114 41
47 115 19
47 116 48
47 119 23
47 125 89
47 126 92
47 127 38
47 131 78
47 135 41
47 140 37
47 144 81
47 145 33
47 149 49
47 150 13
48 49 62
48 51 29
48 52 55
48 57 31
48 58 58
48 61 96
48 63 16
48 67 56
48 70 5
48 74 51
48 79 87
48 82 70
48 84 64
48 86 13
48 87 36
48 88 63
48 90 93
48 91 75
48 92 34
48 97 18
48 100 78
48 101 16
48 105 9
48 106 5
48 110 43
48 115 96
48 118 54
48 120 13
48 125 94
48 127 73
48 128 84
48 129 11
48 133 43
48 134 62
48 135 2
48 136 14
48 137 57
48 140 69
48 143 10
48 145 95
48 148 87
48 149 78
49 50 15
49 53 43
49 55 60
49 57 93
49 58 91
49 59 8
49 63 78
49 65 47
49 69 93
49 71 10
49 72 63
49 73 10
49 75 99
49 78 26
49 80 74
49 82 11
49 89 79
49 90 39
49 92 30
49 93 13
49 95 22
49 96 56
49 98 27
49 102 86
49 104 84
49 105 97
49 107 49
49 108 24
49 109 24
49 112 67
49 116 42
49 118 4
49 121 96
49 123 27
49 125 2
49 126 72
49 127 15
49 128 41
49 129 36
49 130 31
49 131 93
49 132 52
49 136 75
49 141 9
49 144 83
49 146 82
49 147 83
49 149 11
50 51 69
50 52 9
50 54 7
50 55 82
50 56 79
50 69 7
50 82 60
50 83 56
50 84 90
50 86 12
50 89 2
50 91 64
50 92 94
50 93 1
50 96 100
50 97 31
50 98 22
50 100 93
50 101 25
50 102 26
50 103 100
50 105 85
50 108 23
50 110 11
50 111 68
50 116 62
50 118 76
50 123 97
50 124 9
50 126 60
50 130 96
50 136 16
50 138 14
50 139 71
50 142 31
50 145 22
51 52 70
51 53 28
51 54 30
51 61 33
51 62 27
51 69 46
51 71 28
51 72 7
51 86 82
51 88 89
51 92 29
51 93 69
51 96 39
51 100 44
51 101 33
51 103 63
51 105 77
51 110 48
51 112 9
51 114 21
51 115 89
51 116 80
51 118 74
51 119 77
51 121 53
51 123 30
51 128 70
51 129 53
51 130 19
51 134 47
51 137 43
51 142 89
51 145 58
51 146 61
51 150 89
52 53 92
52 55 46
52 56 25
52 57 53
52 63 86
52 64 9
52 66 64
52 68 74
52 70 28
52 71 88
52 74 29
52 76 78
52 78 40
52 79 73
52 83 75
52 84 60
52 87 24
52 89 22
52 92 35
52 93 92
52 96 23
52 105 62
52 106 15
52 109 86
52 112 34
52 116 38
52 117 81
52 119 7
52 120 82
52 124 56
52 125 73
52 126 27
52 128 30
52 133 38
52 136 29
52 137 55
52 138 28
52 140 18
52 148 68
53 54 9
53 55 10
53 58 47
53 59 45
53 60 84
53 61 94
53 66 84
53 68 1
53 71 75
53 75 10
53 79 97
53 80 4
53 82 87
53 85 39
53 86 62
53 87 55
53 88 53
53 90 25
53 93 85
53 95 83
53 96 11
53 97 22
53 98 98
53 102 38
53 105 80
53 106 29
53 113 32
53 114 45
53 117 89
53 124 50
53 125 31
53 128 40
53 129 75
53 133 84
53 134 30
53 144 55
54 58 44
54 59 93
54 61 57
54 71 79
54 73 50
54 76 78
54 77 63
54 82 61
54 83 12
54 84 85
54 87 53
54 90 76
54 91 24
54 93 89
54 96 35
54 97 93
54 99 47
54 102 40
54 105 27
54 106 1
54 107 7
54 108 2
54 109 39
54 110 8
54 111 13
54 122 90
54 124 7
54 125 88
54 126 56
54 130 4
54 131 23
54 133 48
54 134 96
54 135 86
54 136 6
54 137 35
54 139 97
54 140 78
54 142 26
54 143 78
54 145 68
54 146 89
54 147 72
54 150 20
55 57 56
55 58 30
55 59 79
55 62 11
55 64 5
55 65 58
55 68 70
55 69 30
55 72 92
55 74 3
55 75 39
55 76 49
55 78 46
55 81 95
55 84 30
55 86 49
55 88 5
55 89 52
55 92 14
55 94 71
55 95 19
55 97 46
55 98 53
55 102 61
55 103 92
55 104 99
55 105 75
55 106 54
55 110 23
55 111 59
55 112 7
55 113 96
55 116 65
55 122 99
55 125 53
55 126 28
55 128 68
55 129 13
55 132 19
55 134 19
55 137 71
55 141 90
55 142 33
55 145 55
55 146 81
55 148 12
55 149 56
56 62 47
56 66 77
56 69 1
56 70 18
56 71 78
56 74 86
56 75 93
56 76 94
56 79 84
56 80 79
56 84 35
56 86 95
56 89 29
56 90 99
56 91 18
56 92 29
56 97 82
56 99 1
56 100 47
56 102 69
56 105 79
56 106 21
56 108 2
56 109 75
56 114 46
56 115 35
56 117 3
56 122 22
56 123 45
56 124 48
56 125 17
56 127 40
56 128 97
56 131 51
56 132 50
56 134 9
56 136 24
56 139 6
56 141 66
56 143 53
56 145 70
56 147 23
56 148 53
56 150 84
57 60 40
57 68 40
57 69 44
57 72 74
57 73 56
57 74 66
57 76 40
57 79 1
57 80 70
57 81 77
57 82 1
57 85 27
57 89 62
57 90 9
57 91 17
57 94 65
57 95 72
57 96 6
57 100 99
57 105 9
57 107 50
57 109 32
57 112 32
57 113 66
57 114 48
57 116 15
57 119 9
57 120 44
57 123 36
57 124 25
57 131 27
57 132 57
57 133 91
57 134 61
57 138 88
57 143 55
57 144 6
57 145 50
57 147 42
58 60 75
58 61 44
58 62 19
58 63 42
58 64 8
58 67 41
58 69 35
58 72 56
58 74 25
58 75 84
58 80 16
58 83 25
58 86 98
58 89 42
58 91 3
58 92 37
58 94 62
58 95 71
58 99 93
58 102 69
58 103 85
58 104 88
58 105 15
58 106 50
58 108 64
58 110 54
58 114 40
58 115 75
58 117 8
58 120 14
58 126 19
58 127 66
58 128 99
58 129 8
58 131 27
58 132 87
58 133 21
58 134 61
58 137 19
58 139 84
58 140 21
58 142 70
58 143 95
58 146 76
58 149 93
59 61 96
59 64 12
59 67 15
59 69 27
59 70 23
59 73 50
59 74 72
59 75 9
59 80 65
59 83 81
59 85 67
59 86 54
59 89 7
59 90 43
59 92 44
59 100 78
59 101 78
59 103 65
59 105 69
59 110 51
59 111 64
59 112 72
59 114 70
59 116 27
59 119 45
59 120 15
59 121 10
59 123 63
59 126 18
59 127 22
59 129 39
59 130 71
59 132 90
59 135 89
59 137 95
59 141 81
59 142 27
59 148 60
59 150 70
60 61 75
60 63 89
60 64 29
60 67 41
60 68 63
60 69 98
60 72 40
60 73 14
60 74 67
60 77 52
60 84 65
60 86 69
60 87 87
60 95 74
60 97 93
60 98 46
60 102 87
60 104 73
60 107 35
60 109 98
60 111 49
60 112 31
60 116 30
60 117 89
60 118 81
60 119 28
60 129 56
60 130 90
60 133 97
60 136 29
60 142 75
60 143 32
60 148 11
61 62 85
61 65 33
61 69 28
61 76 67
61 83 57
61 87 57
61 92 83
61 100 52
61 103 16
61 113 91
61 118 50
61 119 70
61 120 38
61 122 70
61 132 30
61 137 37
61 146 87
61 149 57
62 65 1
62 67 22
62 68 68
62 69 71
62 70 79
62 71 65
62 74 10
62 76 95
62 77 52
62 78 43
62 80 8
62 82 21
62 84 8
62 85 18
62 87 16
62 89 54
62 98 78
62 99 16
62 102 70
62 104 49
62 108 26
62 109 11
62 110 77
62 111 50
62 113 25
62 114 100
62 118 92
62 126 43
62 127 4
62 129 100
62 130 52
62 132 43
62 133 28
62 134 78
62 141 94
62 144 58
62 146 33
62 147 20
62 148 66
63 64 2
63 66 41
63 68 15
63 69 82
63 70 36
63 74 24
63 75 9
63 76 94
63 77 62
63 78 64
63 80 2
63 84 31
63 87 61
63 88 56
63 89 30
63 90 72
63 91 34
63 92 5
63 95 45
63 96 23
63 97 86
63 103 28
63 107 51
63 108 29
63 109 46
63 110 44
63 112 86
63 114 35
63 120 51
63 122 61
63 123 98
63 125 23
63 128 87
63 131 26
63 133 87
63 137 41
63 146 19
63 148 77
64 65 23
64 66 64
64 67 17
64 69 97
64 72 65
64 75 68
64 76 3
64 77 91
64 78 47
64 79 51
64 86 94
64 88 74
64 89 52
64 94 77
64 95 81
64 96 23
64 97 57
64 99 47
64 102 52
64 104 10
64 107 1
64 108 48
64 109 7
64 110 68
64 111 15
64 116 76
64 120 29
64 123 63
64 128 99
64 129 20
64 132 19
64 133 76
64 139 30
64 140 9
64 141 25
64 143 51
64 146 28
64 148 34
64 149 82
64 150 15
65 67 47
65 68 27
65 71 42
65 72 75
65 74 25
65 76 70
65 77 85
65 81 79
65 82 68
65 85 1
65 87 95
65 88 9
65 89 74
65 91 58
65 94 4
65 99 85
65 101 22
65 102 40
65 103 10
65 105 27
65 111 26
65 112 31
65 114 5
65 117 42
65 119 34
65 120 85
65 122 100
65 123 53
65 124 12
65 128 89
65 129 93
65 130 89
65 131 40
65 133 73
65 136 91
65 137 10
65 141 61
65 142 7
65 145 95
65 146 48
65 149 38
65 150 49
66 68 56
66 69 33
66 71 15
66 72 90
66 73 87
66 76 82
66 77 54
66 79 71
66 80 69
66 81 41
66 86 63
66 87 35
66 90 38
66 96 99
66 97 93
66 98 100
66 99 2
66 101 83
66 102 51
66 104 5
66 109 92
66 110 32
66 111 15
66 114 10
66 116 66
66 119 55
66 121 95
66 124 76
66 126 3
66 127 29
66 129 80
66 130 43
66 136 10
66 137 96
66 139 53
66 140 83
66 141 71
66 147 44
66 148 72
67 69 9
67 71 38
67 73 97
67 78 94
67 79 35
67 81 52
67 83 72
67 86 35
67 90 91
67 91 22
67 93 5
67 95 13
67 98 92
67 100 1
67 106 68
67 108 75
67 109 29
67 112 48
67 113 64
67 114 30
67 117 65
67 124 79
67 125 96
67 127 44
67 128 71
67 131 17
67 132 79
67 133 91
67 135 48
67 138 46
67 140 68
67 143 96
67 144 48
67 146 49
67 149 93
68 72 45
68 73 86
68 74 79
68 76 21
68 78 37
68 79 24
68 85 100
68 87 21
68 88 25
68 89 46
68 90 14
68 94 56
68 96 22
68 99 94
68 100 75
68 107 88
68 109 74
68 111 50
68 112 83
68 113 64
68 115 78
68 116 37
68 117 50
68 121 60
68 122 5
68 123 98
68 124 3
68 127 27
68 128 83
68 132 5
68 134 92
68 135 73
68 136 31
68 137 17
68 138 51
68 139 28
68 140 91
68 143 72
68 144 85
68 147 19
68 149 65
69 71 72
69 73 66
69 74 90
69 76 64
69 80 39
69 81 38
69 87 29
69 88 1
69 90 2
69 91 51
69 96 37
69 106 86
69 112 68
69 113 48
69 115 93
69 117 19
69 119 61
69 122 44
69 123 83
69 124 8
69 126 46
69 132 38
69 133 37
69 134 45
69 137 46
69 140 100
69 143 36
69 144 59
69 145 30
69 150 30
70 71 19
70 73 59
70 82 85
70 83 33
70 84 78
70 87 91
70 91 15
70 95 6
70 102 25
70 103 60
70 106 54
70 109 44
70 111 41
70 112 81
70 119 49
70 120 60
70 123 18
70 126 47
70 128 3
70 131 32
70 136 46
70 140 44
70 142 16
70 143 89
70 148 71
70 150 60
71 74 49
71 76 99
71 78 87
71 80 1
71 81 99
71 82 22
71 85 93
71 86 73
71 88 6
71 89 48
71 93 85
71 94 47
71 96 40
71 97 49
71 99 80
71 102 2
71 103 11
71 105 54
71 106 5
71 108 48
71 111 90
71 113 45
71 118 25
71 130 18
71 133 70
71 134 54
71 136 78
71 140 55
71 142 23
71 146 3
71 148 40
72 75 29
72 77 32
72 79 49
72 80 58
72 83 91
72 84 77
72 87 24
72 91 38
72 92 14
72 94 12
72 95 19
72 100 97
72 102 70
72 103 28
72 105 76
72 109 82
72 113 38
72 114 9
72 117 34
72 119 36
72 123 73
72 126 15
72 128 32
72 130 90
72 131 47
72 136 48
72 138 8
72 141 90
72 144 13
72 145 92
72 146 72
73 77 77
73 78 79
73 81 91
73 84 60
73 85 77
73 87 91
73 88 80
73 89 19
73 90 68
73 94 21
73 96 13
73 102 69
73 103 27
73 109 81
73 110 41
73 111 77
73 112 94
73 113 64
73 114 85
73 117 92
73 118 47
73 121 88
73 123 86
73 130 44
73 136 79
73 139 77
73 140 97
73 141 29
73 144 1
73 147 89
73 150 72
74 76 82
74 77 21
74 85 6
74 86 63
74 88 90
74 92 12
74 94 19
74 96 68
74 98 94
74 102 91
74 103 98
74 104 28
74 105 100
74 106 1
74 110 32
74 113 56
74 114 38
74 119 42
74 120 50
74 126 85
74 129 21
74 133 13
74 135 49
74 136 45
74 138 4
74 140 92
74 141 36
74 142 20
74 144 45
74 145 43
74 148 20
75 76 65
75 78 24
75 83 13
75 87 35
75 90 37
75 91 50
75 95 9
75 96 75
75 98 6
75 101 78
75 105 61
75 107 67
75 109 77
75 113 57
75 120 3
75 123 65
75 124 82
75 125 83
75 126 11
75 127 61
75 129 86
75 131 26
75 133 35
75 137 58
75 138 27
75 139 28
76 78 63
76 81 85
76 82 52
76 86 25
76 87 79
76 90 28
76 91 63
76 94 42
76 95 100
76 96 20
76 97 16
76 98 18
76 100 51
76 104 86
76 105 27
76 106 82
76 107 36
76 108 21
76 110 45
76 112 95
76 121 25
76 122 22
76 126 32
76 128 17
76 129 31
76 135 56
76 136 67
76 137 60
76 138 98
76 140 83
76 142 58
76 144 64
76 145 54
76 147 39
76 148 12
76 150 23
77 78 16
77 81 70
77 82 82
77 84 9
77 87 57
77 88 88
77 91 58
77 93 87
77 96 8
77 98 31
77 99 47
77 102 78
77 104 38
77 108 44
77 109 4
77 112 40
77 114 67
77 120 43
77 124 1
77 127 50
77 133 72
77 135 91
77 137 14
77 138 56
77 140 25
77 142 50
77 144 7
77 145 40
77 146 57
78 80 65
78 82 49
78 83 75
78 84 16
78 86 70
78 87 76
78 88 9
78 90 61
78 91 76
78 93 58
78 94 65
78 99 19
78 103 67
78 104 99
78 109 53
78 111 64
78 116 85
78 123 82
78 126 73
78 130 37
78 131 29
78 134 71
78 137 21
78 138 28
78 141 77
78 146 61
78 148 40
78 149 9
79 80 75
79 81 68
79 82 25
79 85 29
79 86 10
79 89 4
79 91 28
79 94 28
79 96 39
79 97 90
79 99 55
79 100 97
79 103 32
79 104 86
79 106 56
79 109 42
79 110 68
79 111 37
79 114 80
79 115 77
79 117 100
79 119 52
79 120 12
79 121 82
79 123 8
79 124 39
79 125 43
79 128 23
79 129 55
79 131 21
79 136 63
79 139 16
79 141 19
79 145 49
79 147 16
79 150 47
80 81 25
80 83 94
80 84 59
80 86 8
80 87 1
80 89 93
80 90 31
80 104 19
80 110 84
80 111 38
80 113 70
80 114 86
80 118 83
80 121 42
80 122 19
80 125 73
80 127 80
80 131 97
80 132 32
80 134 50
80 138 16
80 139 17
80 140 55
80 144 3
80 147 12
81 82 73
81 83 39
81 84 71
81 86 42
81 88 52
81 89 82
81 90 2
81 93 25
81 94 71
81 97 50
81 98 25
81 100 32
81 102 34
81 107 56
81 109 92
81 111 80
81 113 79
81 115 5
81 117 86
81 121 48
81 122 55
81 124 42
81 125 33
81 126 25
81 127 13
81 128 14
81 132 36
81 134 99
81 135 16
81 139 80
81 141 58
81 142 89
81 143 95
81 144 54
81 145 24
81 147 67
81 149 30
82 83 21
82 85 25
82 86 44
82 87 10
82 89 88
82 91 66
82 94 30
82 101 50
82 102 47
82 105 57
82 107 58
82 108 61
82 110 6
82 111 36
82 112 45
82 113 31
82 115 15
82 118 96
82 119 82
82 120 74
82 123 93
82 126 4
82 129 11
82 135 13
82 137 67
82 139 7
82 141 16
82 142 60
82 144 81
82 146 29
82 147 37
82 148 93
82 149 74
83 87 65
83 89 17
83 91 79
83 93 94
83 94 31
83 95 20
83 98 56
83 100 87
83 102 14
83 103 27
83 109 20
83 110 79
83 112 74
83 118 46
83 128 94
83 130 28
83 133 93
83 134 97
83 135 55
83 139 87
83 140 45
83 142 61
83 148 20
84 85 37
84 87 20
84 90 23
84 92 51
84 93 38
84 95 23
84 97 70
84 100 43
84 101 13
84 103 44
84 104 3
84 116 6
84 122 100
84 123 15
84 124 92
84 126 96
84 127 84
84 130 33
84 131 100
84 132 26
84 133 86
84 134 88
84 135 2
84 138 13
84 139 75
84 141 69
84 147 17
84 149 91
85 86 76
85 87 67
85 88 63
85 91 56
85 92 67
85 104 15
85 110 87
85 112 96
85 114 25
85 121 4
85 123 48
85 127 71
85 130 57
85 134 99
85 135 54
85 137 95
85 138 15
85 142 59
85 144 25
85 147 28
85 148 67
85 149 26
85 150 26
86 87 72
86 90 20
86 92 3
86 93 11
86 94 80
86 98 68
86 99 14
86 100 50
86 102 20
86 104 31
86 106 98
86 108 76
86 109 92
86 113 59
86 114 85
86 115 71
86 117 13
86 119 10
86 120 44
86 121 87
86 126 71
86 128 75
86 130 1
86 136 10
86 138 58
86 143 10
86 144 93
86 145 89
86 147 85
86 149 35
86 150 85
87 93 51
87 94 81
87 96 84
87 97 41
87 98 17
87 99 87
87 100 42
87 102 30
87 107 18
87 109 18
87 111 29
87 115 60
87 117 3
87 118 98
87 119 7
87 120 86
87 121 44
87 124 60
87 126 21
87 127 59
87 128 90
87 133 18
87 134 14
87 137 77
87 138 16
87 139 86
87 141 78
87 143 68
87 144 79
87 149 58
88 90 4
88 93 85
88 94 75
88 96 61
88 98 13
88 100 91
88 104 1
88 106 49
88 107 41
88 109 26
88 111 87
88 112 39
88 120 19
88 122 91
88 127 9
88 128 37
88 131 66
88 133 31
88 134 91
88 137 97
88 138 21
88 139 81
88 142 43
88 143 89
88 147 100
88 150 73
89 92 6
89 96 53
89 98 35
89 99 84
89 102 87
89 103 4
89 107 21
89 109 53
89 110 84
89 111 22
89 112 11
89 113 96
89 119 53
89 120 35
89 122 83
89 123 73
89 127 22
89 128 26
89 130 90
89 131 80
89 133 50
89 134 68
89 135 47
89 137 71
89 139 79
89 143 92
89 149 89
90 93 84
90 95 71
90 96 68
90 97 53
90 101 44
90 102 81
90 106 41
90 108 24
90 109 79
90 110 22
90 111 17
90 112 88
90 113 7
90 115 9
90 117 40
90 120 97
90 122 42
90 125 90
90 127 22
90 128 9
90 131 11
90 133 49
90 134 53
90 137 22
90 138 92
90 139 89
90 141 12
90 142 43
90 144 56
90 150 25
91 94 47
91 95 54
91 96 9
91 97 81
91 100 73
91 103 95
91 104 95
91 107 3
91 112 88
91 117 26
91 118 98
91 120 88
91 121 73
91 122 42
91 124 21
91 125 72
91 126 69
91 129 60
91 131 69
91 132 66
91 138 33
91 141 20
91 142 63
91 145 3
91 147 16
91 148 42
92 95 11
92 97 32
92 100 36
92 102 3
92 104 100
92 107 56
92 110 89
92 116 98
92 117 88
92 120 92
92 122 98
92 128 40
92 132 50
92 133 55
92 139 71
92 140 85
92 144 87
92 145 7
92 147 77
92 150 1
93 94 98
93 96 55
93 104 47
93 105 73
93 106 86
93 107 50
93 111 1
93 114 85
93 118 60
93 121 86
93 122 32
93 123 37
93 124 98
93 126 76
93 127 34
93 128 64
93 130 18
93 133 65
93 137 72
93 138 54
93 139 8
93 140 15
93 143 93
93 145 5
93 148 99
94 96 99
94 99 9
94 109 32
94 112 21
94 116 3
94 124 54
94 126 83
94 127 29
94 129 61
94 131 63
94 132 30
94 135 82
94 137 73
94 138 97
94 144 51
94 146 89
94 147 49
94 150 68
95 105 46
95 109 26
95 115 81
95 117 55
95 118 53
95 119 33
95 121 16
95 124 97
95 127 100
95 129 23
95 130 19
95 132 24
95 133 51
95 134 76
95 135 4
95 136 56
95 140 50
96 98 42
96 103 75
96 105 27
96 106 5
96 109 69
96 110 70
96 111 83
96 112 90
96 114 90
96 129 84
96 130 79
96 135 62
96 136 51
96 138 2
96 145 34
96 149 12
97 100 18
97 101 68
97 103 3
97 107 27
97 110 80
97 111 51
97 113 90
97 114 11
97 121 15
97 122 15
97 123 41
97 126 50
97 129 95
97 132 28
97 133 62
97 135 51
97 136 41
97 137 62
97 138 59
97 141 76
97 142 42
98 100 9
98 103 23
98 104 94
98 106 19
98 108 98
98 109 69
98 112 82
98 114 44
98 115 68
98 117 39
98 119 90
98 121 56
98 124 60
98 132 4
98 133 41
98 139 82
98 144 30
98 145 55
98 146 68
98 147 1
99 100 37
99 101 39
99 102 92
99 103 45
99 107 60
99 108 67
99 109 91
99 115 78
99 119 93
99 122 11
99 123 91
99 125 69
99 127 49
99 128 77
99 129 25
99 130 32
99 131 14
99 132 78
99 134 88
99 138 52
99 143 57
99 144 10
99 147 70
99 148 72
99 150 71
100 102 23
100 106 18
100 113 87
100 114 1
100 118 17
100 120 86
100 125 91
100 126 93
100 127 15
100 128 46
100 131 73
100 135 39
100 138 44
100 141 51
100 145 4
100 146 92
100 147 96
100 148 9
100 149 79
100 150 95
101 103 21
101 106 30
101 110 24
101 113 54
101 117 24
101 118 3
101 119 35
101 121 5
101 124 69
101 125 62
101 127 52
101 128 36
101 130 73
101 132 81
101 133 57
101 136 32
101 138 20
101 139 78
101 141 79
101 142 85
101 148 43
101 150 86
102 107 38
102 108 56
102 109 15
102 117 55
102 123 70
102 125 43
102 126 70
102 130 13
102 131 42
102 132 53
102 135 44
102 137 11
102 138 77
102 139 87
102 144 28
102 145 47
102 146 69
102 148 100
103 104 81
103 107 8
103 110 72
103 111 1
103 112 57
103 115 44
103 116 20
103 117 57
103 119 78
103 120 100
103 122 60
103 123 44
103 124 75
103 129 79
103 133 61
103 139 91
103 141 2
103 144 16
103 145 55
103 146 5
103 148 6
104 105 23
104 106 74
104 107 90
104 109 64
104 111 55
104 112 16
104 113 85
104 116 39
104 117 70
104 118 68
104 119 57
104 121 41
104 122 60
104 123 80
104 124 96
104 129 7
104 131 17
104 140 75
104 141 100
104 144 34
104 145 13
104 148 8
104 150 12
105 107 91
105 108 89
105 110 7
105 111 61
105 115 48
105 119 38
105 120 20
105 122 1
105 123 15
105 128 20
105 130 32
105 133 32
105 140 89
105 141 31
105 142 29
105 143 55
105 147 73
106 111 38
106 113 79
106 117 36
106 118 99
106 121 53
106 122 96
106 124 7
106 126 58
106 133 15
106 134 68
106 136 26
106 139 9
106 140 36
106 142 77
106 145 75
106 146 67
106 147 96
106 148 87
106 149 98
106 150 61
107 110 13
107 113 20
107 114 72
107 117 15
107 118 17
107 119 34
107 126 45
107 128 63
107 136 36
107 137 92
107 138 40
107 140 91
107 142 43
107 143 51
107 145 95
107 148 40
107 150 34
108 111 54
108 114 25
108 117 58
108 120 64
108 125 11
108 126 18
108 129 68
108 130 41
108 131 77
108 132 34
108 134 29
108 136 99
108 138 89
108 140 59
108 142 98
108 144 40
108 145 33
108 146 12
109 115 11
109 118 62
109 120 80
109 121 21
109 124 74
109 126 44
109 127 98
109 130 51
109 131 4
109 135 16
109 136 38
109 137 73
109 139 8
109 141 85
109 144 85
109 147 74
109 150 22
110 111 3
110 113 88
110 114 84
110 115 46
110 118 7
110 119 36
110 120 14
110 122 29
110 126 82
110 127 55
110 131 77
110 133 12
110 137 67
110 139 35
110 141 5
110 142 58
110 145 50
110 150 4
111 112 10
111 118 100
111 119 59
111 120 48
111 121 47
111 122 86
111 124 46
111 127 95
111 128 98
111 129 68
111 132 70
111 133 100
111 134 96
111 135 70
111 139 76
111 140 72
111 141 34
111 142 91
111 144 27
111 146 80
111 147 71
111 148 73
112 114 83
112 116 39
112 117 18
112 118 14
112 121 77
112 125 29
112 126 99
112 127 73
112 133 26
112 134 81
112 139 21
112 141 79
112 143 89
112 144 95
112 149 38
113 114 54
113 122 48
113 123 52
113 124 55
113 125 54
113 126 35
113 129 62
113 131 29
113 135 45
113 136 62
113 138 42
113 140 70
113 141 53
113 142 9
113 146 52
113 147 31
113 148 80
113 150 31
114 115 77
114 116 46
114 119 98
114 120 59
114 123 73
114 125 73
114 127 46
114 130 71
114 133 76
114 134 97
114 136 13
114 139 13
114 142 83
114 144 7
114 149 98
114 150 77
115 120 43
115 121 43
115 124 16
115 129 6
115 130 38
115 132 28
115 134 45
115 136 15
115 137 17
115 138 12
115 142 29
115 143 45
115 144 59
115 148 45
115 149 30
116 117 13
116 118 55
116 119 86
116 126 85
116 128 17
116 129 54
116 130 11
116 131 50
116 134 89
116 135 76
116 140 46
116 143 8
116 144 66
116 149 74
117 121 1
117 123 42
117 133 59
117 134 67
117 136 3
117 137 5
117 138 51
117 140 60
117 144 73
117 145 70
117 147 67
118 119 80
118 120 6
118 121 47
118 122 53
118 123 40
118 124 99
118 130 47
118 132 28
118 134 52
118 137 22
118 138 31
118 142 70
118 144 50
118 145 100
118 147 6
118 149 8
119 120 62
119 121 22
119 122 15
119 126 30
119 127 25
119 128 98
119 130 32
119 132 97
119 133 80
119 136 13
119 137 64
119 139 25
119 142 57
119 145 52
119 146 98
119 148 10
119 149 97
120 123 66
120 124 83
120 126 22
120 134 80
120 137 44
120 139 56
120 140 30
120 141 37
120 142 87
120 143 29
120 144 52
121 128 55
121 129 66
121 132 4
121 133 32
121 137 62
121 142 81
121 148 75
122 126 65
122 127 92
122 129 3
122 131 6
122 132 67
122 136 93
122 137 40
122 139 98
122 141 11
122 142 3
122 144 43
122 148 53
122 149 26
122 150 93
123 125 7
123 129 74
123 130 73
123 131 21
123 133 50
123 137 38
123 139 27
123 141 61
123 143 9
123 146 33
123 150 12
124 126 34
124 127 37
124 134 69
124 136 40
124 137 61
124 141 1
124 143 1
124 145 22
124 147 65
124 149 45
125 126 74
125 127 82
125 128 50
125 129 55
125 135 41
125 136 12
125 137 3
125 139 68
125 140 28
125 142 72
125 143 10
125 144 93
125 146 13
125 147 15
125 149 30
125 150 19
126 134 12
126 135 44
126 139 1
126 140 87
126 143 50
126 144 100
126 148 65
126 149 14
127 129 64
127 136 87
127 138 83
127 148 83
127 149 26
128 131 29
128 132 99
128 138 24
128 139 41
128 140 23
128 141 53
128 148 11
128 149 33
128 150 93
129 131 76
129 136 84
129 138 32
129 141 95
129 142 13
129 146 99
129 147 81
129 149 90
129 150 55
130 145 4
130 147 23
130 148 70
130 149 51
130 150 88
131 133 68
131 136 39
131 139 98
131 142 95
131 143 42
131 145 81
131 148 45
132 133 81
132 135 54
132 136 20
132 139 49
132 145 10
132 147 47
132 148 38
132 149 81
132 150 85
133 135 78
133 136 14
133 137 95
133 138 83
133 141 47
133 145 69
133 148 70
134 136 54
134 144 86
134 146 96
134 147 94
134 149 48
135 138 100
135 141 11
135 146 22
135 147 17
135 148 70
135 149 69
136 139 26
136 142 92
136 143 66
136 144 100
136 146 3
136 148 59
136 149 47
137 138 84
137 140 97
137 141 93
137 142 42
137 144 38
137 145 57
137 147 55
138 143 98
138 144 83
138 146 70
138 149 79
138 150 18
139 140 16
139 141 42
139 142 82
139 144 32
139 149 26
140 141 95
140 142 37
140 144 82
140 148 12
140 150 64
141 142 33
141 144 36
141 149 79
141 150 23
142 144 19
142 148 64
142 149 47
143 144 5
143 147 4
144 147 1
145 146 35
145 150 23
146 149 77
146 150 76
147 150 91
1 3 33
1 7 42
1 9 24
1 11 16
1 12 62
1 14 67
1 15 21
1 16 52
1 18 15
1 20 2
1 26 73
1 27 37
1 30 54
1 34 15
1 35 34
1 40 95
1 46 66
1 48 18
1 52 15
1 55 20
1 56 33
1 57 56
1 59 58
1 61 49
1 74 20
1 75 87
1 77 7
1 78 53
1 80 26
1 85 34
1 86 4
1 87 8
1 91 6
1 92 36
1 93 92
1 95 14
1 102 20
1 106 64
1 107 57
1 108 87
1 114 17
1 115 23
1 117 57
1 119 72
1 120 58
1 123 67
1 124 86
1 127 55
1 128 88
1 130 65
1 135 32
1 138 76
1 139 81
1 147 25
2 5 28
2 8 18
2 9 80
2 11 91
2 16 81
2 19 16
2 20 88
2 21 40
2 22 48
2 23 56
2 26 55
2 29 68
2 31 74
2 35 80
2 36 83
2 37 50
2 38 28
2 39 55
2 41 52
2 46 73
2 49 56
2 50 67
2 52 54
2 59 35
2 61 81
2 63 61
2 67 60
2 68 40
2 69 2
2 70 68
2 73 49
2 74 41
2 75 29
2 80 39
2 82 83
2 84 81
2 85 55
2 87 82
2 88 43
2 89 70
2 90 6
2 95 26
2 97 39
2 103 40
2 104 91
2 106 36
2 111 48
2 112 70
2 114 44
2 115 73
2 116 42
2 121 12
2 124 76
2 127 48
2 133 39
2 136 76
2 137 61
2 140 81
2 141 66
2 144 79
2 146 67
2 147 37
2 148 8
3 6 7
3 7 80
3 8 33
3 9 43
3 10 17
3 11 71
3 15 45
3 16 27
3 17 92
3 18 1
3 20 2
3 21 84
3 22 73
3 23 43
3 26 71
3 30 72
3 34 63
3 37 94
3 40 30
3 43 65
3 44 21
3 47 29
3 51 90
3 52 97
3 53 6
3 54 64
3 55 32
3 57 93
3 61 52
3 63 54
3 69 100
3 73 74
3 74 65
3 80 19
3 81 94
3 84 65
3 96 77
3 98 32
3 99 19
3 101 8
3 103 42
3 108 39
3 115 78
3 118 76
3 120 39
3 122 54
3 125 22
3 127 32
3 128 59
3 129 38
3 130 87
3 132 51
3 133 49
3 135 98
4 8 9
4 12 87
4 16 100
4 17 93
4 22 94
4 23 74
4 26 12
4 27 51
4 28 92
4 29 66
4 30 68
4 31 76
4 34 93
4 40 46
4 41 17
4 45 60
4 47 81
4 50 100
4 52 61
4 56 32
4 57 17
4 67 17
4 69 73
4 70 12
4 75 26
4 77 40
4 79 14
4 81 69
4 82 54
4 84 23
4 85 56
4 87 41
4 91 79
4 94 47
4 97 96
4 98 88
4 99 19
4 101 63
4 104 49
4 109 33
4 111 39
4 114 47
4 116 41
4 119 39
4 120 29
4 121 3
4 122 77
4 124 25
4 125 66
4 127 44
4 128 31
4 132 34
4 135 73
4 136 65
4 137 100
4 138 53
4 139 87
4 143 24
4 145 79
4 147 29
4 149 27
5 9 1
5 13 42
5 14 78
5 17 89
5 18 35
5 23 36
5 24 92
5 27 51
5 28 60
5 29 38
5 30 65
5 40 76
5 41 93
5 49 98
5 51 13
5 52 18
5 62 86
5 64 58
5 66 92
5 67 11
5 68 5
5 69 94
5 70 59
5 72 90
5 73 56
5 75 8
5 76 5
5 77 51
5 80 73
5 83 66
5 87 46
5 89 32
5 94 36
5 95 41
5 97 6
5 99 77
5 103 5
5 104 92
5 105 81
5 107 7
5 111 88
5 112 71
5 113 85
5 117 42
5 120 97
5 127 48
5 128 56
5 129 17
5 130 64
5 131 86
5 139 22
5 140 42
5 141 49
5 142 76
5 145 51
5 148 90
6 11 50
6 12 66
6 16 21
6 19 98
6 21 31
6 22 98
6 23 45
6 25 80
6 26 38
6 29 34
6 33 58
6 34 50
6 38 16
6 42 95
6 44 80
6 45 31
6 49 84
6 50 31
6 51 28
6 53 39
6 54 82
6 56 18
6 57 92
6 58 75
6 59 90
6 61 2
6 62 44
6 66 79
6 72 68
6 73 62
6 74 41
6 75 36
6 78 79
6 87 20
6 90 16
6 93 84
6 94 29
6 101 42
6 102 16
6 103 78
6 104 60
6 106 78
6 108 48
6 110 83
6 114 58
6 118 49
6 119 57
6 122 42
6 123 41
6 127 75
6 130 18
6 133 5
6 135 3
6 136 83
6 139 67
6 140 99
6 144 44
6 146 31
6 147 66
6 150 87
7 17 11
7 19 54
7 23 48
7 31 1
7 32 21
7 33 4
7 36 46
7 37 27
7 38 31
7 39 46
7 41 70
7 45 56
7 48 86
7 49 41
7 50 81
7 52 83
7 57 82
7 61 96
7 66 46
7 67 75
7 69 89
7 70 56
7 71 14
7 73 68
7 76 70
7 83 53
7 85 89
7 87 73
7 88 12
7 91 67
7 100 88
7 101 70
7 107 59
7 108 26
7 110 17
7 111 84
7 114 64
7 122 25
7 123 68
7 124 33
7 127 6
7 128 12
7 134 50
7 136 31
7 139 96
7 141 51
7 145 63
7 146 4
8 10 16
8 12 42
8 19 52
8 22 41
8 26 98
8 28 41
8 31 25
8 33 33
8 34 100
8 40 88
8 41 79
8 44 49
8 45 59
8 47 48
8 48 84
8 49 5
8 50 94
8 51 54
8 52 16
8 53 12
8 55 9
8 56 51
8 59 92
8 61 46
8 62 95
8 65 28
8 66 70
8 67 34
8 69 44
8 73 32
8 76 81
8 77 58
8 79 51
8 80 44
8 81 98
8 83 91
8 88 45
8 90 63
8 91 21
8 92 78
8 94 45
8 95 24
8 97 63
8 98 38
8 101 28
8 105 13
8 108 93
8 113 64
8 114 10
8 115 89
8 121 8
8 124 86
8 126 40
8 127 48
8 128 85
8 131 59
8 132 61
8 139 10
8 140 52
8 141 55
8 142 16
8 146 16
8 147 42
8 148 10
9 10 75
9 12 23
9 13 2
9 16 52
9 20 16
9 23 47
9 25 17
9 26 36
9 27 23
9 29 56
9 30 12
9 33 68
9 34 35
9 35 42
9 37 13
9 38 70
9 39 54
9 40 51
9 49 89
9 50 75
9 52 97
9 53 40
9 54 69
9 56 1
9 57 57
9 59 31
9 61 42
9 62 93
9 63 75
9 68 90
9 69 82
9 71 72
9 76 84
9 81 43
9 86 37
9 87 96
9 91 66
9 92 9
9 93 78
9 96 65
9 99 48
9 101 71
9 103 78
9 105 91
9 107 26
9 111 46
9 113 22
9 115 76
9 118 12
9 120 39
9 121 56
9 122 45
9 130 4
9 131 1
9 137 16
9 138 25
9 143 66
9 144 67
9 149 88
9 150 84
10 14 65
10 18 9
10 19 90
10 21 44
10 22 51
10 23 5
10 26 31
10 28 65
10 30 34
10 32 90
10 34 70
10 38 2
10 40 61
10 41 78
10 43 10
10 44 77
10 46 90
10 49 53
10 53 17
10 57 22
10 59 15
10 60 89
10 62 65
10 64 95
10 69 62
10 70 46
10 71 2
10 72 70
10 73 48
10 74 50
10 78 45
10 79 53
10 82 17
10 84 64
10 85 4
10 89 93
10 93 60
10 99 2
10 101 4
10 102 16
10 107 84
10 108 8
10 109 79
10 111 60
10 116 92
10 117 56
10 120 44
10 121 100
10 123 82
10 125 40
10 126 37
10 127 68
10 131 24
10 132 4
10 135 16
10 136 92
10 137 46
10 139 73
10 143 30
10 145 25
10 146 37
10 148 53
11 13 95
11 15 42
11 16 59
11 17 40
11 20 98
11 22 71
11 24 28
11 26 77
11 29 43
11 35 58
11 38 9
11 40 38
11 41 48
11 45 21
11 47 43
11 51 49
11 52 37
11 57 1
11 61 21
11 62 13
11 65 19
11 66 59
11 67 73
11 68 41
11 71 88
11 73 58
11 74 9
11 79 76
11 82 60
11 84 4
11 85 6
11 92 87
11 94 72
11 96 78
11 98 50
11 99 79
11 100 30
11 102 70
11 108 60
11 109 62
11 111 49
11 112 83
11 114 77
11 116 74
11 119 30
11 123 50
11 124 45
11 125 30
11 128 50
11 129 55
11 130 48
11 131 92
11 134 48
11 135 41
11 137 66
11 139 74
11 142 65
11 143 92
11 146 65
11 150 51
12 13 23
12 14 66
12 16 6
12 26 73
12 27 97
12 29 48
12 30 25
12 34 4
12 35 62
12 38 73
12 40 15
12 42 55
12 44 13
12 45 18
12 46 18
12 49 71
12 52 100
12 53 73
12 54 82
12 55 75
12 56 37
12 58 32
12 61 45
12 65 83
12 66 60
12 67 16
12 69 37
12 70 15
12 72 68
12 74 60
12 76 52
12 77 96
12 80 67
12 83 1
12 87 2
12 92 95
12 93 38
12 95 85
12 98 85
12 103 65
12 112 66
12 116 29
12 118 24
12 119 90
12 124 68
12 126 62
12 128 27
12 129 85
12 131 46
12 136 87
12 137 32
12 139 32
12 142 66
12 147 48
12 149 84
13 15 56
13 18 49
13 19 76
13 20 74
13 24 40
13 28 25
13 30 12
13 31 51
13 33 18
13 35 42
13 38 70
13 39 32
13 44 92
13 45 86
13 47 23
13 48 96
13 55 33
13 56 95
13 62 19
13 64 63
13 69 74
13 72 79
13 73 62
13 75 12
13 78 82
13 79 55
13 82 62
13 83 7
13 87 54
13 88 16
13 95 74
13 100 32
13 101 20
13 105 77
13 108 48
13 109 79
13 111 18
13 116 45
13 123 40
13 125 13
13 127 64
13 130 7
13 132 69
13 134 73
13 137 32
13 138 28
13 142 33
13 145 63
13 147 88
13 149 97
14 16 76
14 18 70
14 19 65
14 21 48
14 22 34
14 29 47
14 31 8
14 34 7
14 37 30
14 41 63
14 43 53
14 47 52
14 48 48
14 50 90
14 52 96
14 55 84
14 56 63
14 59 45
14 60 14
14 61 41
14 63 55
14 65 81
14 67 72
14 72 25
14 73 54
14 77 78
14 78 16
14 81 93
14 85 33
14 87 33
14 93 66
14 94 40
14 96 89
14 103 7
14 107 64
14 110 70
14 112 33
14 115 72
14 121 99
14 123 28
14 129 32
14 130 88
14 133 66
14 137 39
14 138 90
14 144 98
14 145 9
14 149 92
15 19 41
15 25 30
15 27 22
15 31 35
15 33 36
15 36 33
15 41 41
15 42 63
15 47 42
15 48 100
15 49 74
15 52 67
15 54 32
15 55 62
15 59 16
15 60 21
15 61 14
15 64 15
15 67 95
15 68 28
15 72 100
15 73 52
15 76 94
15 77 49
15 79 71
15 80 95
15 84 80
15 94 61
15 97 14
15 98 95
15 99 32
15 100 65
15 101 14
15 102 4
15 103 39
15 105 75
15 106 67
15 108 47
15 109 38
15 113 59
15 117 94
15 120 69
15 121 30
15 123 54
15 125 91
15 127 53
15 128 90
15 129 51
15 130 92
15 136 7
15 138 62
15 140 99
15 141 29
15 144 63
15 145 44
15 146 76
15 148 62
15 149 34
16 17 92
16 21 11
16 24 22
16 25 2
16 27 4
16 30 54
16 31 2
16 32 19
16 33 97
16 36 79
16 37 50
16 38 13
16 39 26
16 42 58
16 43 95
16 47 26
16 48 100
16 51 66
16 53 31
16 58 85
16 60 5
16 61 9
16 66 9
16 68 53
16 71 95
16 77 17
16 81 5
16 86 76
16 88 37
16 89 57
16 92 41
16 94 66
16 95 31
16 98 19
16 102 13
16 104 54
16 110 62
16 112 18
16 113 37
16 114 40
16 115 47
16 116 90
16 118 30
16 120 45
16 121 72
16 122 7
16 123 31
16 124 69
16 125 98
16 127 100
16 128 35
16 132 11
16 137 43
16 140 15
16 141 67
16 142 40
16 145 21
16 146 31
16 149 49
16 150 48
17 19 89
17 20 34
17 22 99
17 24 44
17 25 25
17 26 48
17 33 97
17 34 44
17 37 3
17 40 95
17 43 89
17 45 21
17 46 3
17 49 41
17 50 85
17 53 30
17 56 43
17 58 79
17 59 18
17 60 77
17 62 53
17 63 98
17 68 91
17 69 95
17 71 21
17 72 6
17 73 17
17 75 61
17 78 78
17 84 75
17 85 98
17 86 1
17 88 73
17 89 77
17 90 22
17 92 90
17 95 80
17 96 2
17 99 88
17 104 5
17 111 36
17 113 27
17 116 16
17 118 20
17 119 24
17 121 81
17 123 80
17 124 58
17 126 35
17 130 77
17 133 35
17 135 71
17 138 68
17 141 35
17 142 13
17 144 55
17 148 74
17 149 26
18 19 36
18 21 28
18 29 86
18 32 10
18 34 68
18 36 27
18 42 16
18 44 1
18 48 6
18 49 94
18 53 20
18 54 77
18 57 52
18 60 88
18 61 37
18 63 43
18 66 96
18 67 20
18 68 11
18 69 20
18 70 2
18 72 27
18 73 9
18 74 41
18 75 28
18 76 43
18 80 92
18 81 19
18 83 79
18 85 41
18 86 21
18 91 58
18 92 41
18 101 77
18 106 89
18 109 61
18 113 17
18 114 69
18 118 36
18 121 14
18 126 85
18 127 63
18 130 22
18 131 75
18 134 93
18 136 81
18 141 70
18 142 10
18 144 56
18 145 86
18 146 29
18 149 37
19 23 2
19 25 30
19 27 46
19 28 4
19 30 12
19 31 39
19 33 80
19 36 97
19 37 66
19 39 17
19 42 45
19 44 22
19 45 24
19 50 97
19 52 23
19 57 12
19 59 71
19 62 18
19 64 78
19 65 42
19 66 29
19 75 16
19 80 89
19 83 25
19 86 85
19 88 28
19 90 5
19 91 93
19 92 46
19 93 32
19 96 92
19 97 84
19 106 53
19 108 22
19 110 49
19 114 29
19 119 53
19 122 18
19 124 63
19 128 66
19 136 77
19 139 85
19 142 63
19 147 37
19 150 29
20 27 39
20 28 85
20 30 64
20 34 94
20 35 70
20 39 81
20 42 7
20 43 17
20 45 32
20 47 85
20 50 3
20 51 62
20 55 70
20 58 96
20 59 45
20 64 64
20 66 27
20 68 82
20 69 98
20 74 91
20 77 21
20 82 70
20 84 58
20 85 19
20 86 49
20 90 16
20 92 36
20 96 13
20 98 100
20 102 42
20 105 36
20 108 41
20 109 82
20 113 69
20 117 43
20 122 45
20 130 22
20 132 52
20 133 63
20 135 67
20 137 21
20 138 73
20 140 42
20 144 69
20 146 90
20 148 16
20 150 73
21 22 93
21 23 50
21 25 90
21 34 70
21 35 49
21 38 73
21 40 100
21 41 62
21 42 40
21 43 27
21 45 97
21 46 42
21 49 100
21 51 61
21 52 5
21 53 68
21 55 96
21 58 66
21 63 7
21 66 40
21 70 53
21 71 27
21 72 88
21 73 35
21 74 37
21 78 71
21 80 64
