150 10058 1
1 2 89
1 3 16
1 4 59
1 5 38
1 7 46
1 8 79
1 9 27
1 11 80
1 14 95
1 23 70
1 25 3
1 29 30
1 30 58
1 33 6
1 34 88
1 35 36
1 38 11
1 42 16
1 45 2
1 46 13
1 47 15
1 49 29
1 50 42
1 51 29
1 52 67
1 56 99
1 57 30
1 58 2
1 60 27
1 61 32
1 63 43
1 65 54
1 66 39
1 69 91
1 71 21
1 82 37
1 83 87
1 86 11
1 88 63
1 91 43
1 101 29
1 102 96
1 109 6
1 112 95
1 113 26
1 114 39
1 115 94
1 119 51
1 121 2
1 125 46
1 126 85
1 127 38
1 128 64
1 129 42
1 134 91
1 139 28
1 141 98
1 145 67
1 148 18
1 149 20
2 8 1
2 14 87
2 16 94
2 18 73
2 22 34
2 23 18
2 26 9
2 27 84
2 28 40
2 36 54
2 37 34
2 40 18
2 42 1
2 45 26
2 48 1
2 51 58
2 52 18
2 55 49
2 57 66
2 58 18
2 62 44
2 68 47
2 71 9
2 72 92
2 76 91
2 79 59
2 82 25
2 84 59
2 85 48
2 86 33
2 90 41
2 98 39
2 99 99
2 101 5
2 102 20
2 104 19
2 107 49
2 110 78
2 113 81
2 114 15
2 116 43
2 117 85
2 118 95
2 124 34
2 125 35
2 126 33
2 130 12
2 132 32
2 135 16
2 136 84
2 137 70
2 139 3
2 141 34
2 142 38
2 148 22
2 149 44
3 6 76
3 10 39
3 15 39
3 17 74
3 18 30
3 20 90
3 23 44
3 25 44
3 26 18
3 28 59
3 34 75
3 38 92
3 42 13
3 43 55
3 45 38
3 46 100
3 47 56
3 51 40
3 53 42
3 54 57
3 56 94
3 59 89
3 63 83
3 64 36
3 67 1
3 69 31
3 71 85
3 74 27
3 76 91
3 79 21
3 82 4
3 84 35
3 86 34
3 87 4
3 88 30
3 91 14
3 92 48
3 96 64
3 98 78
3 100 7
3 104 74
3 107 21
3 110 33
3 111 74
3 116 57
3 117 49
3 121 98
3 126 55
3 130 29
3 131 22
3 132 72
3 135 70
3 140 78
3 146 64
3 147 1
3 148 65
3 149 32
4 7 25
4 9 40
4 14 51
4 16 35
4 19 82
4 27 67
4 30 34
4 32 31
4 36 69
4 39 33
4 41 92
4 42 75
4 43 19
4 47 27
4 48 28
4 49 87
4 50 27
4 53 77
4 55 65
4 56 58
4 62 95
4 63 71
4 69 13
4 73 75
4 80 95
4 83 28
4 87 20
4 89 14
4 90 49
4 96 16
4 100 33
4 101 55
4 102 64
4 103 61
4 104 33
4 105 29
4 106 21
4 109 14
4 111 98
4 112 17
4 114 4
4 115 48
4 120 51
4 123 39
4 137 26
4 141 93
4 145 46
4 147 49
4 149 7
5 11 8
5 12 56
5 15 1
5 16 17
5 20 44
5 22 93
5 24 41
5 27 85
5 28 81
5 30 90
5 31 93
5 33 5
5 39 81
5 41 1
5 43 53
5 44 11
5 47 99
5 48 48
5 52 63
5 53 100
5 55 57
5 56 50
5 59 91
5 64 39
5 65 78
5 68 16
5 71 26
5 74 61
5 76 89
5 82 32
5 90 17
5 92 11
5 97 12
5 104 94
5 108 23
5 109 61
5 112 61
5 114 73
5 118 35
5 120 52
5 127 80
5 130 46
5 137 80
5 141 68
5 145 56
5 148 57
5 150 100
6 7 86
6 8 72
6 9 42
6 11 81
6 12 96
6 15 10
6 16 8
6 17 2
6 18 47
6 23 35
6 25 11
6 27 34
6 31 21
6 36 45
6 37 29
6 42 70
6 43 48
6 44 46
6 49 8
6 58 89
6 63 37
6 67 86
6 72 15
6 76 77
6 78 65
6 80 52
6 87 11
6 88 45
6 91 88
6 94 81
6 103 79
6 111 33
6 112 44
6 113 63
6 116 73
6 118 84
6 124 37
6 126 88
6 129 26
6 130 6
6 132 33
6 133 86
6 135 82
6 136 54
6 139 33
6 143 45
6 149 1
6 150 74
7 8 19
7 13 22
7 15 13
7 16 63
7 20 92
7 21 9
7 22 48
7 27 80
7 31 25
7 32 38
7 33 9
7 35 25
7 37 63
7 40 17
7 41 92
7 44 41
7 46 89
7 48 77
7 49 2
7 50 22
7 53 64
7 55 54
7 59 93
7 60 32
7 62 61
7 65 9
7 67 66
7 73 82
7 78 58
7 79 74
7 81 93
7 85 64
7 86 64
7 87 57
7 89 22
7 95 41
7 96 76
7 99 40
7 100 72
7 103 48
7 104 91
7 105 92
7 109 55
7 111 31
7 112 96
7 113 66
7 115 23
7 116 52
7 123 46
7 126 96
7 129 100
7 136 68
7 141 77
7 142 61
7 144 44
7 146 59
7 147 41
7 150 56
8 12 63
8 13 55
8 14 84
8 15 35
8 19 84
8 24 25
8 25 59
8 27 31
8 29 3
8 30 8
8 31 82
8 37 41
8 38 31
8 40 70
8 41 88
8 43 40
8 45 81
8 46 19
8 48 23
8 49 21
8 56 36
8 58 17
8 63 30
8 64 71
8 68 45
8 70 77
8 77 57
8 79 79
8 81 86
8 83 84
8 86 44
8 88 23
8 90 68
8 91 99
8 97 60
8 98 56
8 99 31
8 100 57
8 104 15
8 106 41
8 109 63
8 111 73
8 116 18
8 119 93
8 121 22
8 124 88
8 125 71
8 128 92
8 134 80
8 135 15
8 140 79
8 142 87
8 149 65
9 13 83
9 16 97
9 18 7
9 21 86
9 24 64
9 25 17
9 30 9
9 31 7
9 32 8
9 42 77
9 45 32
9 54 52
9 55 53
9 56 10
9 59 10
9 65 65
9 68 65
9 69 93
9 70 50
9 71 30
9 73 18
9 75 12
9 77 25
9 78 49
9 79 62
9 80 16
9 81 19
9 82 43
9 83 61
9 85 5
9 86 80
9 87 36
9 88 12
9 90 25
9 93 24
9 101 88
9 103 17
9 104 59
9 105 65
9 106 2
9 110 33
9 111 53
9 113 84
9 121 16
9 124 82
9 125 40
9 126 57
9 131 9
9 135 87
9 137 66
9 139 80
9 140 5
9 141 78
9 144 47
9 148 1
10 11 18
10 12 38
10 14 88
10 15 46
10 17 38
10 21 5
10 23 88
10 25 42
10 27 88
10 32 92
10 33 49
10 39 25
10 40 51
10 41 64
10 43 35
10 44 41
10 45 99
10 47 64
10 52 56
10 53 71
10 56 60
10 58 51
10 60 41
10 62 33
10 63 82
10 72 29
10 73 70
10 75 98
10 77 21
10 80 64
10 82 53
10 84 100
10 88 52
10 89 94
10 92 64
10 94 9
10 96 43
10 97 10
10 98 58
10 99 6
10 102 55
10 107 25
10 108 22
10 110 25
10 111 65
10 114 53
10 117 72
10 119 67
10 120 47
10 125 33
10 131 84
10 133 40
10 135 15
10 137 22
10 139 38
10 149 80
11 26 1
11 30 10
11 32 37
11 33 90
11 41 61
11 43 87
11 44 87
11 45 80
11 46 53
11 47 27
11 56 83
11 59 2
11 62 42
11 63 33
11 69 96
11 72 78
11 73 12
11 74 8
11 76 30
11 82 92
11 85 46
11 86 8
11 91 57
11 97 99
11 101 63
11 102 70
11 104 78
11 105 93
11 108 2
11 109 7
11 111 84
11 113 74
11 114 3
11 115 90
11 118 78
11 120 32
11 122 13
11 124 93
11 125 31
11 129 72
11 132 55
11 133 69
11 134 3
11 135 19
11 144 66
11 145 10
11 147 73
12 13 2
12 14 38
12 15 42
12 18 7
12 19 60
12 22 92
12 25 81
12 30 29
12 33 90
12 37 7
12 38 21
12 39 64
12 41 10
12 49 35
12 50 91
12 51 31
12 52 66
12 54 80
12 56 26
12 60 17
12 68 72
12 72 63
12 81 19
12 82 24
12 84 21
12 87 9
12 90 8
12 92 52
12 93 80
12 94 55
12 95 76
12 98 59
12 102 77
12 103 73
12 106 35
12 111 47
12 112 43
12 115 81
12 121 90
12 122 9
12 125 9
12 126 27
12 127 29
12 128 66
12 131 76
12 132 31
12 134 92
12 136 13
12 139 42
12 141 27
12 143 25
12 146 30
12 147 92
12 149 9
12 150 72
13 14 89
13 22 16
13 25 82
13 28 85
13 30 24
13 31 34
13 32 89
13 34 27
13 38 42
13 40 12
13 43 55
13 45 81
13 47 74
13 48 13
13 50 86
13 52 97
13 56 55
13 59 69
13 60 97
13 65 85
13 68 56
13 69 43
13 71 41
13 72 96
13 74 27
13 75 93
13 77 88
13 78 28
13 81 44
13 85 39
13 87 46
13 88 4
13 93 25
13 94 8
13 96 87
13 97 3
13 102 94
13 103 8
13 108 46
13 109 35
13 110 52
13 112 27
13 116 40
13 118 8
13 119 14
13 120 14
13 121 24
13 126 56
13 130 52
13 137 24
13 138 15
13 140 9
13 143 62
13 144 10
13 145 51
13 147 33
13 150 49
14 15 96
14 21 47
14 26 89
14 29 28
14 31 27
14 32 14
14 34 40
14 36 12
14 39 71
14 40 14
14 49 32
14 51 59
14 53 72
14 54 84
14 55 37
14 56 10
14 57 92
14 58 37
14 60 91
14 66 82
14 67 73
14 70 5
14 72 28
14 73 3
14 75 59
14 78 16
14 82 50
14 83 45
14 85 45
14 89 97
14 91 86
14 93 94
14 97 21
14 98 92
14 99 90
14 100 85
14 101 61
14 105 45
14 111 25
14 112 37
14 118 92
14 119 91
14 123 79
14 130 83
14 136 77
14 139 53
14 140 91
14 141 55
14 145 55
14 147 10
14 148 25
15 17 99
15 18 69
15 20 19
15 22 79
15 25 77
15 26 74
15 27 59
15 30 14
15 31 29
15 33 52
15 35 81
15 39 21
15 41 76
15 43 35
15 44 78
15 45 6
15 49 96
15 55 95
15 57 19
15 58 34
15 59 70
15 61 6
15 65 36
15 66 29
15 69 76
15 72 24
15 73 48
15 76 90
15 78 19
15 81 12
15 89 15
15 90 95
15 92 89
15 93 18
15 94 77
15 95 84
15 96 53
15 97 52
15 99 67
15 100 15
15 101 35
15 103 20
15 105 18
15 106 19
15 108 19
15 110 61
15 114 42
15 115 35
15 117 75
15 119 10
15 120 68
15 121 37
15 123 59
15 126 84
15 127 26
15 129 58
15 130 4
15 134 72
15 135 29
15 140 56
15 141 36
15 143 4
15 145 5
15 147 36
15 149 22
15 150 24
16 17 31
16 18 49
16 19 79
16 23 88
16 24 12
16 25 96
16 28 76
16 29 67
16 30 8
16 32 7
16 33 67
16 35 33
16 39 32
16 42 32
16 43 69
16 44 55
16 48 3
16 50 4
16 51 27
16 53 39
16 56 42
16 57 90
16 61 50
16 63 96
16 70 80
16 71 86
16 76 25
16 78 40
16 82 33
16 86 45
16 90 26
16 92 23
16 93 76
16 100 78
16 101 44
16 103 51
16 104 69
16 108 2
16 109 33
16 111 90
16 113 87
16 119 15
16 121 56
16 125 28
16 126 38
16 128 20
16 129 32
16 130 14
16 131 8
16 133 24
16 135 2
16 138 89
16 140 4
16 141 64
16 143 36
16 146 2
17 19 45
17 21 44
17 27 48
17 30 30
17 32 18
17 33 94
17 34 83
17 36 68
17 38 99
17 41 53
17 45 3
17 49 56
17 51 8
17 54 77
17 59 44
17 60 36
17 63 7
17 65 49
17 66 98
17 69 44
17 75 35
17 79 72
17 82 87
17 83 26
17 86 7
17 87 86
17 88 76
17 90 47
17 91 84
17 94 50
17 97 40
17 99 75
17 102 12
17 105 16
17 106 12
17 108 15
17 110 94
17 111 39
17 112 63
17 119 3
17 120 98
17 124 64
17 126 73
17 127 28
17 128 61
17 129 88
17 132 88
17 142 73
17 144 52
17 145 28
17 146 38
17 147 5
17 148 94
17 149 50
17 150 34
18 19 44
18 22 40
18 23 79
18 25 67
18 34 65
18 35 52
18 36 37
18 47 35
18 48 61
18 49 36
18 50 17
18 53 80
18 58 42
18 61 35
18 64 64
18 65 24
18 67 99
18 70 84
18 71 75
18 75 49
18 78 5
18 80 7
18 81 7
18 83 20
18 84 98
18 87 8
18 88 3
18 90 77
18 92 7
18 94 30
18 95 61
18 96 33
18 98 50
18 101 55
18 104 31
18 105 23
18 110 99
18 111 95
18 112 23
18 115 84
18 117 94
18 121 100
18 123 18
18 126 70
18 128 11
18 130 56
18 133 67
18 135 31
18 137 87
18 139 56
18 140 33
18 145 12
18 146 6
18 147 50
18 149 100
18 150 33
19 22 58
19 23 9
19 24 29
19 26 52
19 28 57
19 29 52
19 30 60
19 35 8
19 37 99
19 38 93
19 40 47
19 42 88
19 48 83
19 49 69
19 50 61
19 51 42
19 53 92
19 54 28
19 55 30
19 59 3
19 64 15
19 66 14
19 67 56
19 70 54
19 72 89
19 73 62
19 80 34
19 83 89
19 84 43
19 90 62
19 92 24
19 96 29
19 100 38
19 101 1
19 102 91
19 104 74
19 111 28
19 113 11
19 114 16
19 118 21
19 120 71
19 122 92
19 126 23
19 127 71
19 129 80
19 134 52
19 137 18
19 140 42
19 141 70
19 147 100
19 148 32
19 150 22
20 21 75
20 23 96
20 25 42
20 34 66
20 38 34
20 40 48
20 42 59
20 43 92
20 45 74
20 46 87
20 48 45
20 50 26
20 51 35
20 54 20
20 59 85
20 65 7
20 66 98
20 68 15
20 71 60
20 76 53
20 77 18
20 79 92
20 81 20
20 82 35
20 87 76
20 88 35
20 92 11
20 95 91
20 99 54
20 101 34
20 104 59
20 106 15
20 109 83
20 111 17
20 113 95
20 118 14
20 121 31
20 122 88
20 124 79
20 127 93
20 128 61
20 130 58
20 133 61
20 134 32
20 140 89
20 141 75
20 142 64
20 144 18
20 148 27
20 150 76
21 23 14
21 24 63
21 25 68
21 32 11
21 33 51
21 35 93
21 37 14
21 38 48
21 42 94
21 43 95
21 54 57
21 56 100
21 57 62
21 58 60
21 59 39
21 61 1
21 62 97
21 65 40
21 67 42
21 69 12
21 70 97
21 72 6
21 85 12
21 87 38
21 90 64
21 92 28
21 93 42
21 94 1
21 95 33
21 96 72
21 97 47
21 99 39
21 102 63
21 103 18
21 110 44
21 111 17
21 117 61
21 118 90
21 119 14
21 120 96
21 121 8
21 123 14
21 127 28
21 129 15
21 131 18
21 133 40
21 134 28
21 140 60
21 143 87
21 146 14
21 148 69
21 150 62
22 28 29
22 29 65
22 33 64
22 40 76
22 42 35
22 43 66
22 49 83
22 52 83
22 54 15
22 58 13
22 59 45
22 60 63
22 63 64
22 65 1
22 68 17
22 74 84
22 76 42
22 77 39
22 79 33
22 81 63
22 86 17
22 96 97
22 98 91
22 99 30
22 100 46
22 101 4
22 104 40
22 106 36
22 111 50
22 116 16
22 117 32
22 118 54
22 123 75
22 124 47
22 125 25
22 126 51
22 129 53
22 133 22
22 137 31
22 141 93
22 143 99
22 145 66
22 146 65
22 147 35
22 148 98
22 149 4
23 25 67
23 27 45
23 29 58
23 30 84
23 39 30
23 41 91
23 42 48
23 44 88
23 45 27
23 46 88
23 47 62
23 48 100
23 49 61
23 50 89
23 51 54
23 52 69
23 54 59
23 66 88
23 68 44
23 70 8
23 72 77
23 78 19
23 83 88
23 84 67
23 85 3
23 90 97
23 97 31
23 100 29
23 101 25
23 103 1
23 104 77
23 106 30
23 107 18
23 109 70
23 110 27
23 111 26
23 115 77
23 117 98
23 121 47
23 123 56
23 124 18
23 128 48
23 129 48
23 130 28
23 132 71
23 133 4
23 135 40
23 139 27
23 142 1
23 144 56
23 145 53
23 146 64
23 147 74
24 27 85
24 30 2
24 31 87
24 32 100
24 35 28
24 37 100
24 42 11
24 48 10
24 50 63
24 59 6
24 61 91
24 66 26
24 67 11
24 72 29
24 74 53
24 75 57
24 77 9
24 78 43
24 84 63
24 86 74
24 87 44
24 90 71
24 92 73
24 97 51
24 98 64
24 99 76
24 100 24
24 105 12
24 107 13
24 109 15
24 110 77
24 116 87
24 117 78
24 118 16
24 119 20
24 121 25
24 124 48
24 125 13
24 127 46
24 131 80
24 132 5
24 136 25
24 138 70
24 142 54
24 143 17
24 145 97
24 146 46
24 148 87
25 26 100
25 28 17
25 31 12
25 32 68
25 34 53
25 40 52
25 41 85
25 42 24
25 46 74
25 47 44
25 49 66
25 50 11
25 51 13
25 53 24
25 54 74
25 55 77
25 57 16
25 58 72
25 59 74
25 60 53
25 61 65
25 62 81
25 63 54
25 69 22
25 70 88
25 72 43
25 73 34
25 76 64
25 77 18
25 78 23
25 83 75
25 86 59
25 87 51
25 88 66
25 89 86
25 90 20
25 91 1
25 98 84
25 104 73
25 105 41
25 109 82
25 113 62
25 117 50
25 122 45
25 127 45
25 128 61
25 129 60
25 130 36
25 133 61
25 136 11
25 137 35
25 143 9
25 146 14
26 27 3
26 28 19
26 30 83
26 31 3
26 34 28
26 37 24
26 42 32
26 44 98
26 45 7
26 46 77
26 48 16
26 55 83
26 56 69
26 59 37
26 61 33
26 64 87
26 69 89
26 70 31
26 71 96
26 74 18
26 75 55
26 80 55
26 82 12
26 86 83
26 88 42
26 92 62
26 101 55
26 105 64
26 107 23
26 108 8
26 110 71
26 111 82
26 112 41
26 114 63
26 117 79
26 118 18
26 119 22
26 126 8
26 131 33
26 133 66
26 138 84
26 139 51
26 140 82
26 141 10
26 145 90
26 147 60
27 28 42
27 30 57
27 31 87
27 34 47
27 37 59
27 38 95
27 42 37
27 43 5
27 44 88
27 47 74
27 52 18
27 53 88
27 54 15
27 56 66
27 59 92
27 61 4
27 65 54
27 66 20
27 72 84
27 75 22
27 82 12
27 84 51
27 87 93
27 89 33
27 91 64
27 92 36
27 96 81
27 98 52
27 100 12
27 101 75
27 104 10
27 106 53
27 110 85
27 111 25
27 112 81
27 113 32
27 115 31
27 117 96
27 118 76
27 124 9
27 136 71
27 141 12
27 143 63
27 149 45
28 31 69
28 33 72
28 40 66
28 42 59
28 45 73
28 46 48
28 49 10
28 53 49
28 56 12
28 61 24
28 67 94
28 68 53
28 69 39
28 70 39
28 71 100
28 76 1
28 82 73
28 83 25
28 85 41
28 90 68
28 95 25
28 97 38
28 98 98
28 100 43
28 102 33
28 103 55
28 105 37
28 109 5
28 112 52
28 115 56
28 117 8
28 119 62
28 120 49
28 122 28
28 123 27
28 124 97
28 128 51
28 133 78
28 136 74
28 137 18
28 142 15
28 148 96
29 33 35
29 34 17
29 36 9
29 37 63
29 38 44
29 40 69
29 41 15
29 45 28
29 47 95
29 48 78
29 50 97
29 51 19
29 54 88
29 57 50
29 60 85
29 72 86
29 73 72
29 78 71
29 79 27
29 80 65
29 82 43
29 84 89
29 87 9
29 88 70
29 90 99
29 92 52
29 93 37
29 96 96
29 97 1
29 98 9
29 99 61
29 102 48
29 104 97
29 105 37
29 106 90
29 108 3
29 109 32
29 110 72
29 113 18
29 114 64
29 127 22
29 128 86
29 129 75
29 138 95
29 140 41
29 141 10
29 142 23
29 143 97
29 145 16
29 150 78
30 31 75
30 36 95
30 37 76
30 38 65
30 40 38
30 41 35
30 42 71
30 44 35
30 46 56
30 51 42
30 52 59
30 54 98
30 55 39
30 57 19
30 59 8
30 62 65
30 71 27
30 75 97
30 76 64
30 78 56
30 80 43
30 83 97
30 88 98
30 89 62
30 91 98
30 93 58
30 94 24
30 95 61
30 97 38
30 99 48
30 100 24
30 101 32
30 104 39
30 105 36
30 107 51
30 109 4
30 113 84
30 117 40
30 122 14
30 123 90
30 124 34
30 125 83
30 126 68
30 128 92
30 129 96
30 130 10
30 131 61
30 135 28
30 140 34
30 142 62
30 143 85
30 147 12
30 149 30
30 150 85
31 33 8
31 34 42
31 36 57
31 38 23
31 39 14
31 40 14
31 43 84
31 47 82
31 48 38
31 49 89
31 53 63
31 54 14
31 55 94
31 56 59
31 57 58
31 61 47
31 62 23
31 63 18
31 65 90
31 67 83
31 75 66
31 78 26
31 84 19
31 85 76
31 91 45
31 94 73
31 97 49
31 99 46
31 106 91
31 109 44
31 111 79
31 112 35
31 115 86
31 117 23
31 120 95
31 122 37
31 124 71
31 125 18
31 127 87
31 128 38
31 131 31
31 132 28
31 133 14
31 137 17
31 138 98
31 140 32
31 142 7
31 144 37
31 145 87
31 147 54
31 150 67
32 33 40
32 37 37
32 41 47
32 42 70
32 43 60
32 44 10
32 50 98
32 51 22
32 57 86
32 62 24
32 63 21
32 65 11
32 68 55
32 71 70
32 73 85
32 74 32
32 76 36
32 77 44
32 84 97
32 85 73
32 86 77
32 87 7
32 89 74
32 92 10
32 93 14
32 95 31
32 96 85
32 97 16
32 98 99
32 102 2
32 105 11
32 107 4
32 108 16
32 116 81
32 117 64
32 120 77
32 122 57
32 123 12
32 124 45
32 125 4
32 127 51
32 128 14
32 129 51
32 131 6
32 134 7
32 136 78
32 138 52
32 141 75
32 143 7
32 144 62
32 145 34
33 35 24
33 38 90
33 39 12
33 43 16
33 46 68
33 48 51
33 51 5
33 54 12
33 56 28
33 57 93
33 72 34
33 73 38
33 74 30
33 75 79
33 78 36
33 79 28
33 81 86
33 92 12
33 93 5
33 94 14
33 101 98
33 104 42
33 105 26
33 106 11
33 107 11
33 109 34
33 113 87
33 118 20
33 119 18
33 122 96
33 125 27
33 137 67
33 141 45
33 143 42
33 150 65
34 36 49
34 40 67
34 41 78
34 43 37
34 45 61
34 46 68
34 47 40
34 51 99
34 52 74
34 54 62
34 57 35
34 59 4
34 61 62
34 62 17
34 64 86
34 68 87
34 69 40
34 71 23
34 80 81
34 84 99
34 86 92
34 87 97
34 92 26
34 93 12
34 100 80
34 106 56
34 107 66
34 108 68
34 109 62
34 110 70
34 111 9
34 114 61
34 115 20
34 117 75
34 118 72
34 119 62
34 120 88
34 125 95
34 128 68
34 131 52
34 136 3
34 140 24
34 141 74
34 143 19
34 144 31
34 145 16
35 37 36
35 39 50
35 44 27
35 48 59
35 49 94
35 50 66
35 52 59
35 53 71
35 54 34
35 57 39
35 58 96
35 59 25
35 60 57
35 70 94
35 71 45
35 73 17
35 74 62
35 80 60
35 87 18
35 91 48
35 93 25
35 94 45
35 101 29
35 105 29
35 108 100
35 111 98
35 112 95
35 113 65
35 114 17
35 116 6
35 120 63
35 122 91
35 124 94
35 129 1
35 133 22
35 134 32
35 135 70
35 136 58
35 138 33
35 141 97
35 142 80
35 147 72
36 39 5
36 40 11
36 41 39
36 42 6
36 46 48
36 47 23
36 48 85
36 49 45
36 50 25
36 51 63
36 52 3
36 53 7
36 55 40
36 59 48
36 61 89
36 62 33
36 64 99
36 71 96
36 72 89
36 73 35
36 76 83
36 78 14
36 81 100
36 84 12
36 89 37
36 91 41
36 92 33
36 93 15
36 98 33
36 103 92
36 104 32
36 106 90
36 107 73
36 109 81
36 110 71
36 111 26
36 112 9
36 117 16
36 119 40
36 120 91
36 122 23
36 123 83
36 133 55
36 135 24
36 136 23
36 138 45
36 141 21
36 147 97
37 57 54
37 58 19
37 61 38
37 62 53
37 63 73
37 64 96
37 65 44
37 66 82
37 69 8
37 70 26
37 71 61
37 72 77
37 73 48
37 74 2
37 79 67
37 80 44
37 81 18
37 84 8
37 88 64
37 90 100
37 91 9
37 95 62
37 97 55
37 98 82
37 99 43
37 100 69
37 101 6
37 104 20
37 113 78
37 116 65
37 118 89
37 120 27
37 122 24
37 124 23
37 125 69
37 129 59
37 130 68
37 134 46
37 135 11
37 136 6
37 139 81
37 143 84
37 144 44
37 145 73
37 146 64
37 147 24
38 42 51
38 43 97
38 46 65
38 47 16
38 50 45
38 51 84
38 57 14
38 58 100
38 65 86
38 66 44
38 67 36
38 73 42
38 76 72
38 77 92
38 79 88
38 86 70
38 88 61
38 89 60
38 90 77
38 93 27
38 94 83
38 96 70
38 97 47
38 100 11
38 101 12
38 103 34
38 108 21
38 110 77
38 114 19
38 117 30
38 123 64
38 124 86
38 125 81
38 134 50
38 135 33
38 136 61
38 138 19
38 139 22
38 143 66
38 145 80
38 146 10
38 148 53
39 40 41
39 41 36
39 42 66
39 43 70
39 47 46
39 48 55
39 52 85
39 57 88
39 63 76
39 68 78
39 71 64
39 75 20
39 76 2
39 79 46
39 80 92
39 81 93
39 82 29
39 83 10
39 85 58
39 89 78
39 90 6
39 91 5
39 96 66
39 100 79
39 101 32
39 102 20
39 103 33
39 107 87
39 109 64
39 115 9
39 116 96
39 119 73
39 125 90
39 127 25
39 128 19
39 129 88
39 130 23
39 133 99
39 136 9
39 144 53
39 148 75
39 150 36
40 42 40
40 43 77
40 45 32
40 47 93
40 49 55
40 51 47
40 52 7
40 53 73
40 59 94
40 60 26
40 62 40
40 65 74
40 66 85
40 70 88
40 71 86
40 72 2
40 73 62
40 75 81
40 76 57
40 77 73
40 79 2
40 80 17
40 84 87
40 86 17
40 88 95
40 89 33
40 91 55
40 92 74
40 97 40
40 98 60
40 101 73
40 106 59
40 107 29
40 108 60
40 111 61
40 112 73
40 113 6
40 114 63
40 116 24
40 117 53
40 120 7
40 122 32
40 127 94
40 128 47
40 131 25
40 139 9
40 140 35
40 143 69
40 144 16
40 147 99
40 148 61
41 51 18
41 52 4
41 53 84
41 54 7
41 57 98
41 68 5
41 69 96
41 70 45
41 72 79
41 78 97
41 79 79
41 80 24
41 88 84
41 93 2
41 97 56
41 98 66
41 99 93
41 102 86
41 103 57
41 105 14
41 110 9
41 113 63
41 114 78
41 117 18
41 119 59
41 120 58
41 122 88
41 123 15
41 136 73
41 137 73
41 140 40
41 142 8
41 145 82
41 148 35
42 43 69
42 48 39
42 53 85
42 64 67
42 67 74
42 78 44
42 79 53
42 80 76
42 84 91
42 87 37
42 92 59
42 97 95
42 104 66
42 105 37
42 117 76
42 120 90
42 121 30
42 125 36
42 127 75
42 128 19
42 129 6
42 131 58
42 133 86
42 139 84
42 143 3
42 147 99
42 150 35
43 46 64
43 48 17
43 51 97
43 53 99
43 55 65
43 57 55
43 59 74
43 61 51
43 62 54
43 64 7
43 66 76
43 68 1
43 71 81
43 72 72
43 74 37
43 76 96
43 79 12
43 80 86
43 81 41
43 82 11
43 83 84
43 84 31
43 89 83
43 92 92
43 93 85
43 97 95
43 103 8
43 104 78
43 105 86
43 110 31
43 113 8
43 114 41
43 117 45
43 119 21
43 120 66
43 125 54
43 126 56
43 127 18
43 128 16
43 129 28
43 130 74
43 131 69
43 133 93
43 136 83
43 139 23
43 140 12
43 141 4
43 142 93
43 144 6
43 146 75
43 147 70
44 46 58
44 49 49
44 52 95
44 53 65
44 56 24
44 59 38
44 67 11
44 68 99
44 69 78
44 71 53
44 74 62
44 75 4
44 77 64
44 78 19
44 80 7
44 81 79
44 82 87
44 84 13
44 87 7
44 96 86
44 98 20
44 99 44
44 102 13
44 103 96
44 105 95
44 106 55
44 108 56
44 111 35
44 113 41
44 115 23
44 116 9
44 120 81
44 124 76
44 125 11
44 127 59
44 129 7
44 130 38
44 134 86
44 135 42
44 142 4
44 143 94
44 145 35
44 149 88
45 46 67
45 48 90
45 49 75
45 51 43
45 52 84
45 54 24
45 57 80
45 58 32
45 60 50
45 62 68
45 63 49
45 64 41
45 68 15
45 71 63
45 77 19
45 78 95
45 79 12
45 82 44
45 83 100
45 85 35
45 86 51
45 87 5
45 88 85
45 94 95
45 95 82
45 97 32
45 99 70
45 102 60
45 104 30
45 106 89
45 107 79
45 113 89
45 119 100
45 120 1
45 121 82
45 122 62
45 126 99
45 127 82
45 130 29
45 132 73
45 145 36
45 146 60
45 148 3
46 48 55
46 49 50
46 50 62
46 53 22
46 54 99
46 56 19
46 57 65
46 60 56
46 64 58
46 66 80
46 67 99
46 74 58
46 76 28
46 80 97
46 84 91
46 86 80
46 90 11
46 92 97
46 100 14
46 101 23
46 102 94
46 105 34
46 107 6
46 108 48
46 112 94
46 114 8
46 115 76
46 118 38
46 125 22
46 127 53
46 130 14
46 131 67
46 135 15
46 136 10
46 138 67
46 140 92
46 141 92
46 146 15
46 147 57
46 148 46
46 149 1
46 150 88
47 50 20
47 52 40
47 53 23
47 54 50
47 56 77
47 57 33
47 60 33
47 65 25
47 66 93
47 67 14
47 70 51
47 71 86
47 74 2
47 76 85
47 78 10
47 82 46
47 91 30
47 93 88
47 94 45
47 96 98
47 97 46
47 102 24
47 105 48
47 106 23
47 108 21
47 111 7
47 112 33
47 114 38
47 115 7
47 116 61
47 118 44
47 119 59
47 120 92
47 123 85
47 124 76
47 125 12
47 127 17
47 132 74
47 133 43
47 140 22
47 142 9
47 144 71
47 146 91
48 50 88
48 52 90
48 54 13
48 58 52
48 59 88
48 60 88
48 61 44
48 69 45
48 71 51
48 72 76
48 76 18
48 77 38
48 78 64
48 83 20
48 84 79
48 85 20
48 88 27
48 89 22
48 90 80
48 92 25
48 93 48
48 96 45
48 100 47
48 101 54
48 104 17
48 107 21
48 111 64
48 114 36
48 116 66
48 117 38
48 118 65
48 122 35
48 123 31
48 124 82
48 125 8
48 128 31
48 132 45
48 135 65
48 136 64
48 139 22
48 140 68
48 141 39
48 142 22
48 143 25
48 146 55
48 148 43
48 149 38
48 150 85
49 50 26
49 54 80
49 55 71
49 56 71
49 59 65
49 62 2
49 63 54
49 71 25
49 73 4
49 76 93
49 79 25
49 81 71
49 82 97
49 84 60
49 86 34
49 87 27
49 92 80
49 93 20
49 94 75
49 95 100
49 98 62
49 99 94
49 100 95
49 101 18
49 104 85
49 105 76
49 106 94
49 109 92
49 111 47
49 112 30
49 114 3
49 119 63
49 120 2
49 124 92
49 127 52
49 128 97
49 129 64
49 131 5
49 132 85
49 133 27
49 134 85
49 136 82
49 139 6
49 141 71
49 145 96
49 148 69
50 52 79
50 55 1
50 56 90
50 57 15
50 62 40
50 68 2
50 69 44
50 70 15
50 71 30
50 72 57
50 78 4
50 79 71
50 82 18
50 85 92
50 86 20
50 89 58
50 91 87
50 97 45
50 98 66
50 100 78
50 102 28
50 105 92
50 106 73
50 107 100
50 108 68
50 110 24
50 112 52
50 118 72
50 122 90
50 125 52
50 126 92
50 130 84
50 131 39
50 132 15
50 134 29
50 135 71
50 138 99
50 140 83
50 143 31
50 144 79
50 147 83
50 148 64
51 55 73
51 58 68
51 59 95
51 62 81
51 64 41
51 66 65
51 76 84
51 77 53
51 78 41
51 81 23
51 85 48
51 86 10
51 89 49
51 91 1
51 92 59
51 94 61
51 95 28
51 96 81
51 98 65
51 100 74
51 103 52
51 104 28
51 108 27
51 111 74
51 112 2
51 113 20
51 118 35
51 129 9
51 133 30
51 139 77
51 140 37
51 145 86
51 146 95
51 148 14
51 149 18
51 150 97
52 55 89
52 57 64
52 60 25
52 61 29
52 63 48
52 65 27
52 70 10
52 74 95
52 75 57
52 76 8
52 78 28
52 79 28
52 81 56
52 89 48
52 90 86
52 92 40
52 94 99
52 95 70
52 99 80
52 104 16
52 106 93
52 108 1
52 111 96
52 113 18
52 114 40
52 116 52
52 117 32
52 118 10
52 120 36
52 124 77
52 127 48
52 128 87
52 129 75
52 130 47
52 131 86
52 134 39
52 137 44
52 139 46
52 140 81
52 141 71
52 143 64
52 145 56
52 147 57
52 149 8
52 150 33
53 55 38
53 60 42
53 64 22
53 67 97
53 72 50
53 83 95
53 86 47
53 88 21
53 89 51
53 90 22
53 93 78
53 96 31
53 99 45
53 100 65
53 101 84
53 103 55
53 104 57
53 109 27
53 115 61
53 125 22
53 127 30
53 128 48
53 135 45
53 137 97
53 138 21
53 139 90
53 144 1
53 146 66
54 59 56
54 60 2
54 62 84
54 66 5
54 71 17
54 74 95
54 75 55
54 76 57
54 81 30
54 82 14
54 84 79
54 87 66
54 88 50
54 93 36
54 95 47
54 96 51
54 107 60
54 114 67
54 117 78
54 118 14
54 121 63
54 122 43
54 125 22
54 126 30
54 129 54
54 131 11
54 132 11
54 133 46
54 134 7
54 138 15
54 139 93
54 140 98
54 141 36
54 143 59
54 144 91
54 145 45
54 147 61
54 148 38
55 56 69
55 57 74
55 58 53
55 59 84
55 63 22
55 64 26
55 66 79
55 68 46
55 76 30
55 79 77
55 83 100
55 85 60
55 86 1
55 87 76
55 89 97
55 92 66
55 95 30
55 103 99
55 105 56
55 106 70
55 108 81
55 109 92
55 115 100
55 118 40
55 123 69
55 124 14
55 125 20
55 126 4
55 129 57
55 131 21
55 132 92
55 139 78
55 140 98
55 142 22
55 143 30
55 144 16
55 148 62
55 149 93
56 66 83
56 68 39
56 69 40
56 71 10
56 74 97
56 75 100
56 77 68
56 82 14
56 83 58
56 85 49
56 89 29
56 93 11
56 95 4
56 96 52
56 100 95
56 101 30
56 102 100
56 107 18
56 109 46
56 115 100
56 119 93
56 124 5
56 126 38
56 127 89
56 128 73
56 129 54
56 130 36
56 131 89
56 134 39
56 137 82
56 139 72
56 140 76
56 142 11
56 144 5
56 147 30
57 58 76
57 61 58
57 66 98
57 71 40
57 78 51
57 81 86
57 82 47
57 83 2
57 85 28
57 90 23
57 91 30
57 93 43
57 94 60
57 95 49
57 96 14
57 97 17
57 100 86
57 103 28
57 104 25
57 106 58
57 108 31
57 109 49
57 114 40
57 115 76
57 117 75
57 121 40
57 122 7
57 126 44
57 127 29
57 129 96
57 130 18
57 132 87
57 136 71
57 138 74
57 140 1
57 141 65
57 144 1
57 145 71
57 148 17
57 149 25
57 150 96
58 60 66
58 62 71
58 67 8
58 68 99
58 69 79
58 70 61
58 71 16
58 72 29
58 75 4
58 76 46
58 77 75
58 78 78
58 79 77
58 80 100
58 81 50
58 82 38
58 84 76
58 89 91
58 91 98
58 92 46
58 94 21
58 95 33
58 98 39
58 99 82
58 100 57
58 101 86
58 102 44
58 109 32
58 110 38
58 114 1
58 115 66
58 116 70
58 117 100
58 120 72
58 123 48
58 125 74
58 127 18
58 136 87
58 138 85
58 139 74
58 141 35
58 142 91
58 145 5
58 146 64
59 62 44
59 68 95
59 69 86
59 72 5
59 74 64
59 76 26
59 81 29
59 83 99
59 84 46
59 86 29
59 87 89
59 89 15
59 90 27
59 91 56
59 94 8
59 96 14
59 97 76
59 102 56
59 104 74
59 105 21
59 108 62
59 109 94
59 112 91
59 113 64
59 120 37
59 122 49
59 124 38
59 126 2
59 131 46
59 132 84
59 133 45
59 134 81
59 135 81
59 141 27
59 142 94
59 143 20
59 144 9
59 148 37
59 149 99
59 150 90
60 61 62
60 62 52
60 63 39
60 64 33
60 70 40
60 72 20
60 73 76
60 74 76
60 76 52
60 80 2
60 81 88
60 83 25
60 84 12
60 93 76
60 94 75
60 95 89
60 97 25
60 98 14
60 99 55
60 105 52
60 106 61
60 108 36
60 112 76
60 115 23
60 118 8
60 122 43
60 124 78
60 125 67
60 126 21
60 128 56
60 129 63
60 134 5
60 137 56
60 143 21
60 146 20
60 149 61
61 63 19
61 67 99
61 70 50
61 72 54
61 73 27
61 76 39
61 80 50
61 86 41
61 89 53
61 93 52
61 94 23
61 100 74
61 101 31
61 103 33
61 106 98
61 107 88
61 109 99
61 114 95
61 117 19
61 119 65
61 121 37
61 123 70
61 125 53
61 129 65
61 130 23
61 133 16
61 135 87
61 136 57
61 139 73
61 142 74
61 144 19
61 145 1
61 148 100
62 66 94
62 67 50
62 70 54
62 75 9
62 76 90
62 78 16
62 81 35
62 82 87
62 85 56
62 86 30
62 87 53
62 90 64
62 93 43
62 94 98
62 97 77
62 99 39
62 103 42
62 106 21
62 112 18
62 114 15
62 115 74
62 116 76
62 121 87
62 123 4
62 124 28
62 126 22
62 128 81
62 132 40
62 137 36
62 142 69
62 143 33
62 144 25
62 145 99
62 148 100
62 149 100
62 150 51
63 65 85
63 67 13
63 71 87
63 76 15
63 78 46
63 79 70
63 81 52
63 82 57
63 83 77
63 86 64
63 89 7
63 90 24
63 91 77
63 94 29
63 95 15
63 98 39
63 101 38
63 103 78
63 104 55
63 107 44
63 111 30
63 113 24
63 114 53
63 117 41
63 119 57
63 127 51
63 129 2
63 131 62
63 134 84
63 135 60
63 136 16
63 145 17
63 146 27
63 149 80
63 150 13
64 66 62
64 69 10
64 72 25
64 81 88
64 84 53
64 87 24
64 89 44
64 93 91
64 94 15
64 96 68
64 97 58
64 98 50
64 99 10
64 101 73
64 102 74
64 103 82
64 104 73
64 105 40
64 109 99
64 110 58
64 111 1
64 113 59
64 114 72
64 118 62
64 123 4
64 124 60
64 125 52
64 126 20
64 128 11
64 132 95
64 133 78
64 134 36
64 135 94
64 136 37
64 142 25
64 143 60
64 145 24
64 149 68
65 70 38
65 73 28
65 75 91
65 76 51
65 80 13
65 82 5
65 83 22
65 84 67
65 90 96
65 93 89
65 96 18
65 97 79
65 101 22
65 105 66
65 106 75
65 109 77
65 113 73
65 114 53
65 115 38
65 118 54
65 122 85
65 125 44
65 127 51
65 128 9
65 132 20
65 134 27
65 135 44
65 137 10
65 138 23
65 139 18
65 142 27
65 146 50
65 148 1
65 149 79
66 67 9
66 70 76
66 71 37
66 72 44
66 73 1
66 79 8
66 80 89
66 81 12
66 86 72
66 88 40
66 90 86
66 92 7
66 97 87
66 100 80
66 103 41
66 109 92
66 112 92
66 113 94
66 114 6
66 120 33
66 122 23
66 124 72
66 125 17
66 126 27
66 127 65
66 128 9
66 129 71
66 132 73
66 134 98
66 136 58
66 137 20
66 138 58
66 145 25
66 146 83
66 147 6
66 148 11
67 68 15
67 71 20
67 73 79
67 75 12
67 80 32
67 82 60
67 84 47
67 86 33
67 89 3
67 93 14
67 95 96
67 100 8
67 102 88
67 105 20
67 106 81
67 110 35
67 111 8
67 112 4
67 113 10
67 115 84
67 116 59
67 120 99
67 121 69
67 123 12
67 127 47
67 128 28
67 135 59
67 139 70
67 142 9
67 147 47
68 69 10
68 75 61
68 77 13
68 78 22
68 79 95
68 82 50
68 83 38
68 90 98
68 91 87
68 93 34
68 96 82
68 98 51
68 99 15
68 104 25
68 110 43
68 113 32
68 115 96
68 119 24
68 120 48
68 121 45
68 124 18
68 127 68
68 129 75
68 134 50
68 135 46
68 139 74
68 140 99
68 141 30
68 142 19
68 143 22
68 144 91
68 145 18
68 146 11
68 147 65
68 148 47
69 71 64
69 74 63
69 75 2
69 79 75
69 83 98
69 84 21
69 92 52
69 94 91
69 97 29
69 98 92
69 105 2
69 108 38
69 111 46
69 112 81
69 113 26
69 114 3
69 120 18
69 121 12
69 129 95
69 134 73
69 135 73
69 136 6
69 142 74
69 144 18
69 145 41
69 146 68
69 149 93
69 150 59
70 75 2
70 77 83
70 81 97
70 83 65
70 88 49
70 89 65
70 90 23
70 92 23
70 93 98
70 98 74
70 100 12
70 106 69
70 107 27
70 108 33
70 110 47
70 111 60
70 114 94
70 115 52
70 117 96
70 120 12
70 125 47
70 127 13
70 128 85
70 129 33
70 132 25
70 133 9
70 144 28
70 148 95
70 150 60
71 72 71
71 73 53
71 74 32
71 78 86
71 79 95
71 80 10
71 82 59
71 84 44
71 86 77
71 88 66
71 94 19
71 96 99
71 98 18
71 101 13
71 102 13
71 103 21
71 104 80
71 105 100
71 107 26
71 109 75
71 110 16
71 112 88
71 113 41
71 114 37
71 123 94
71 124 10
71 127 62
71 128 7
71 131 74
71 133 2
71 134 18
71 138 34
71 139 72
71 140 84
71 141 87
71 145 70
71 147 14
71 148 18
72 73 67
72 77 79
72 80 95
72 89 28
72 90 2
72 97 54
72 98 28
72 103 9
72 117 6
72 118 40
72 120 18
72 123 76
72 124 48
72 126 40
72 128 41
72 130 40
72 132 94
72 137 76
72 140 68
72 144 38
72 146 17
72 150 26
73 76 29
73 79 34
73 81 42
73 82 16
73 84 30
73 87 36
73 88 52
73 89 59
73 92 100
73 93 13
73 96 1
73 97 47
73 98 24
73 100 51
73 101 64
73 103 45
73 105 86
73 107 72
73 108 46
73 109 33
73 110 4
73 112 47
73 113 76
73 116 59
73 119 56
73 120 61
73 121 78
73 124 48
73 125 61
73 126 5
73 127 67
73 128 3
73 130 76
73 136 87
73 138 90
73 141 98
73 144 16
73 149 47
74 75 38
74 76 60
74 77 45
74 81 11
74 83 64
74 84 99
74 86 88
74 87 1
74 88 73
74 91 61
74 92 50
74 97 79
74 99 91
74 101 23
74 102 25
74 106 30
74 107 18
74 109 80
74 112 100
74 115 92
74 118 7
74 119 13
74 120 97
74 122 39
74 124 75
74 127 18
74 129 93
74 132 91
74 133 5
74 135 24
74 140 92
74 141 11
74 142 68
74 143 11
74 144 90
74 145 31
74 148 74
74 149 88
74 150 55
75 78 62
75 81 83
75 83 1
75 84 40
75 85 100
75 86 78
75 88 60
75 90 16
75 91 47
75 92 100
75 97 20
75 103 4
75 104 83
75 105 95
75 106 45
75 108 65
75 115 9
75 117 96
75 118 66
75 119 68
75 120 87
75 122 56
75 125 39
75 127 81
75 129 97
75 137 16
75 139 98
75 142 30
75 143 58
75 144 23
75 145 44
75 147 55
75 150 5
76 82 43
76 83 58
76 84 86
76 86 86
76 87 63
76 90 30
76 92 97
76 94 8
76 99 99
76 100 19
76 101 65
76 102 9
76 104 21
76 106 57
76 107 3
76 109 96
76 110 70
76 111 72
76 112 88
76 113 1
76 114 87
76 118 44
76 119 59
76 122 6
76 123 49
76 124 61
76 132 75
76 133 95
76 134 17
76 138 4
76 139 47
76 142 38
76 146 54
76 150 37
77 79 43
77 80 49
77 82 73
77 84 31
77 85 5
77 88 17
77 89 10
77 90 37
77 91 100
77 92 17
77 93 82
77 96 50
77 97 78
77 99 36
77 107 36
77 109 95
77 112 97
77 113 27
77 123 41
77 124 65
77 129 85
77 130 83
77 131 4
77 132 5
77 134 56
77 135 70
77 141 61
77 142 75
77 146 44
77 147 72
77 148 65
77 149 24
78 80 32
78 81 32
78 82 9
78 86 11
78 90 74
78 91 36
78 93 60
78 95 38
78 96 46
78 98 47
78 100 16
78 103 3
78 107 58
78 109 39
78 114 69
78 115 76
78 118 54
78 123 79
78 124 89
78 128 3
78 131 17
78 137 69
78 138 91
78 142 54
78 146 57
78 148 43
78 149 7
79 80 67
79 81 49
79 82 100
79 83 85
79 85 8
79 92 56
79 93 45
79 94 29
79 95 33
79 96 3
79 98 9
79 99 86
79 100 76
79 103 99
79 104 12
79 105 93
79 106 58
79 108 37
79 109 8
79 119 52
79 120 76
79 125 98
79 132 17
79 133 46
79 137 25
79 141 63
79 149 42
80 83 69
80 84 44
80 91 50
80 94 26
80 95 14
80 98 69
80 99 9
80 100 45
80 101 11
80 102 87
80 103 55
80 109 75
80 112 68
80 118 83
80 119 7
80 120 56
80 121 68
80 123 13
80 124 62
80 127 54
80 130 36
80 133 50
80 136 35
80 139 45
80 141 70
80 144 83
80 145 93
80 148 14
80 149 4
80 150 17
81 87 72
81 89 43
81 92 29
81 93 18
81 94 43
81 97 28
81 99 94
81 100 29
81 101 65
81 103 73
81 105 91
81 107 51
81 109 42
81 110 4
81 113 73
81 114 67
81 115 39
81 116 58
81 117 91
81 118 26
81 119 74
81 120 93
81 121 54
81 125 89
81 126 76
81 128 28
81 130 49
81 132 95
81 133 34
81 137 72
81 138 75
81 140 79
81 141 43
81 142 1
81 147 6
81 149 99
82 88 85
82 90 65
82 93 78
82 94 91
82 100 59
82 102 40
82 103 85
82 106 56
82 107 100
82 108 68
82 109 65
82 110 76
82 112 70
82 116 16
82 117 69
82 119 89
82 120 57
82 121 51
82 127 86
82 132 13
82 137 47
82 139 97
82 142 20
82 144 79
82 150 79
83 84 71
83 85 9
83 90 94
83 93 19
83 96 51
83 97 35
83 99 74
83 102 10
83 103 29
83 105 39
83 106 14
83 107 3
83 109 66
83 112 63
83 115 29
83 116 94
83 119 29
83 123 90
83 124 14
83 126 65
83 128 89
83 130 5
83 134 91
83 136 21
83 137 49
83 139 23
83 140 98
83 142 3
83 144 55
83 146 81
83 147 38
84 89 73
84 95 85
84 97 32
84 98 50
84 103 9
84 105 30
84 106 43
84 107 27
84 110 50
84 111 24
84 112 1
84 116 60
84 119 93
84 120 49
84 122 78
84 134 10
84 137 37
84 138 59
84 142 93
84 146 17
84 148 57
84 149 85
85 88 79
85 90 72
85 92 92
85 96 92
85 98 92
85 99 76
85 100 67
85 101 45
85 102 25
85 105 96
85 107 22
85 108 56
85 111 23
85 115 45
85 118 3
85 121 78
85 131 100
85 132 54
85 139 80
85 141 16
85 143 66
85 145 38
85 148 44
85 150 96
86 87 41
86 88 95
86 89 1
86 92 18
86 94 79
86 96 91
86 98 51
86 99 13
86 103 92
86 104 18
86 105 24
86 106 63
86 109 35
86 113 38
86 115 39
86 122 62
86 125 18
86 126 48
86 127 68
86 128 40
86 129 95
86 134 9
86 135 5
86 137 56
86 138 6
86 148 63
87 90 26
87 91 48
87 93 35
87 95 96
87 96 79
87 97 98
87 98 62
87 102 46
87 104 54
87 105 92
87 107 71
87 114 57
87 115 13
87 116 81
87 121 31
87 122 53
87 124 93
87 125 97
87 126 67
87 127 95
87 129 76
87 130 98
87 131 15
87 133 31
87 134 16
87 140 16
87 142 74
87 144 13
87 145 53
87 147 70
87 149 68
88 89 52
88 95 5
88 96 8
88 101 56
88 104 28
88 108 78
88 110 68
88 112 6
88 113 57
88 116 47
88 117 15
88 119 36
88 121 81
88 122 68
88 124 81
88 128 78
88 129 11
88 132 14
88 134 93
88 140 83
88 141 36
88 142 77
88 143 97
88 148 20
88 149 96
89 90 11
89 91 72
89 93 97
89 94 13
89 96 29
89 98 18
89 100 87
89 102 7
89 104 38
89 105 90
89 106 30
89 109 71
89 111 27
89 112 67
89 115 34
89 117 67
89 121 43
89 123 8
89 126 88
89 129 79
89 130 51
89 131 94
89 132 82
89 133 2
89 135 89
89 138 62
89 142 55
89 147 31
89 149 18
90 92 1
90 99 64
90 102 1
90 104 66
90 106 25
90 107 61
90 108 51
90 109 49
90 110 98
90 112 11
90 114 48
90 116 36
90 117 41
90 118 78
90 119 57
90 125 32
90 128 71
90 130 61
90 132 21
90 136 87
90 138 55
90 142 16
90 143 44
90 144 82
90 147 64
90 148 1
91 92 26
91 93 85
91 101 73
91 103 92
91 105 28
91 108 2
91 111 36
91 113 15
91 120 5
91 121 76
91 124 94
91 126 6
91 127 44
91 129 4
91 131 75
91 132 11
91 141 55
91 142 46
91 143 12
92 94 77
92 96 36
92 97 6
92 98 20
92 100 56
92 105 35
92 107 37
92 108 23
92 109 68
92 112 48
92 113 48
92 114 42
92 119 29
92 121 10
92 123 79
92 126 62
92 127 54
92 128 79
92 130 46
92 137 14
92 138 77
92 139 82
92 140 54
92 143 56
92 145 44
92 148 1
92 149 27
92 150 2
93 94 49
93 96 18
93 104 81
93 106 50
93 108 4
93 109 62
93 114 79
93 116 20
93 119 72
93 120 92
93 121 85
93 122 82
93 124 88
93 125 33
93 127 8
93 128 65
93 133 75
93 134 12
93 137 11
93 138 62
93 143 57
93 145 86
93 146 91
93 147 69
93 149 56
94 95 16
94 100 40
94 103 35
94 105 15
94 106 88
94 108 82
94 109 98
94 110 55
94 116 35
94 117 76
94 119 85
94 121 44
94 124 97
94 125 92
94 127 81
94 130 29
94 133 30
94 137 19
94 139 64
94 140 6
94 145 76
95 96 99
95 97 44
95 106 17
95 113 16
95 116 62
95 117 47
95 120 88
95 123 81
95 129 73
95 131 45
95 132 17
95 133 9
95 135 15
95 145 54
95 146 89
95 149 8
96 98 13
96 99 26
96 100 43
96 102 68
96 103 22
96 106 40
96 111 95
96 118 5
96 119 24
96 125 89
96 128 8
96 131 31
96 132 23
96 133 91
96 134 13
96 135 44
96 136 5
96 138 43
96 139 79
96 142 6
96 144 69
97 103 63
97 107 71
97 109 42
97 110 13
97 112 7
97 114 82
97 116 99
97 117 66
97 119 46
97 120 70
97 121 14
97 122 10
97 123 92
97 127 12
97 130 51
97 132 3
97 135 86
97 140 71
97 141 91
97 143 22
97 145 64
97 148 14
97 150 14
98 103 29
98 105 24
98 106 100
98 115 44
98 116 97
98 118 9
98 119 83
98 125 43
98 127 87
98 129 83
98 131 88
98 133 43
98 134 72
98 138 54
98 139 85
98 141 12
98 142 82
98 143 53
98 145 42
98 146 91
98 148 39
99 103 66
99 105 89
99 108 7
99 109 83
99 112 75
99 113 50
99 116 31
99 117 70
99 119 11
99 120 61
99 121 99
99 122 50
99 127 45
99 128 97
99 129 32
99 130 81
99 133 99
99 134 48
99 135 12
99 139 44
99 141 13
99 145 3
99 146 1
99 148 12
99 150 90
100 102 75
100 106 80
100 107 24
100 108 79
100 109 34
100 113 32
100 115 49
100 119 60
100 125 87
100 126 35
100 127 13
100 131 55
100 132 67
100 134 44
100 137 28
100 138 98
100 140 63
100 143 38
100 144 26
100 145 41
100 148 15
100 150 90
101 102 85
101 116 34
101 118 99
101 121 62
101 123 71
101 126 32
101 127 41
101 130 46
101 131 88
101 133 34
101 134 68
101 135 17
101 138 95
101 139 33
101 142 56
101 146 78
101 148 12
101 149 44
102 104 98
102 108 27
102 109 34
102 110 20
102 113 39
102 115 14
102 118 91
102 119 6
102 121 44
102 126 12
102 130 5
102 133 70
102 134 15
102 136 88
102 142 67
102 146 15
102 147 68
103 111 100
103 118 1
103 120 33
103 122 7
103 124 38
103 127 50
103 128 68
103 131 14
103 132 58
103 133 39
103 135 99
103 136 19
103 138 19
103 139 55
103 142 71
103 146 9
103 148 46
103 149 11
103 150 10
104 105 64
104 107 35
104 109 16
104 111 11
104 114 60
104 116 43
104 122 84
104 127 86
104 128 56
104 129 74
104 130 88
104 140 16
104 142 44
104 146 61
104 147 93
104 148 12
104 150 56
105 106 24
105 107 92
105 108 4
105 109 55
105 111 44
105 114 28
105 119 58
105 122 49
105 124 18
105 128 25
105 129 24
105 130 59
105 131 39
105 132 38
105 133 53
105 138 32
105 139 80
105 140 100
105 141 91
105 142 45
105 143 25
105 150 34
106 108 19
106 109 83
106 111 33
106 112 39
106 113 28
106 117 71
106 119 66
106 121 97
106 122 31
106 124 77
106 127 94
106 130 43
106 131 76
106 134 26
106 135 26
106 136 73
106 138 71
106 146 15
106 150 83
107 108 69
107 110 87
107 111 50
107 112 65
107 114 88
107 118 34
107 124 28
107 125 34
107 126 22
107 127 80
107 137 66
107 138 73
107 139 18
107 143 26
107 144 69
107 145 98
107 147 16
107 148 8
108 109 22
108 112 20
108 117 34
108 118 46
108 120 76
108 121 62
108 122 100
108 123 84
108 124 10
108 130 94
108 133 41
108 134 93
108 135 97
108 137 41
108 141 43
108 142 75
108 143 59
108 146 1
109 112 53
109 113 15
109 116 32
109 117 56
109 121 98
109 124 3
109 126 41
109 130 100
109 133 68
109 134 89
109 140 64
109 142 100
109 146 59
109 147 59
109 149 56
110 112 9
110 113 33
110 114 51
110 115 95
110 117 76
110 119 72
110 121 82
110 123 32
110 135 54
110 138 86
110 140 53
110 145 90
110 146 37
110 147 16
110 149 18
111 114 94
111 116 34
111 117 65
111 119 49
111 120 18
111 124 92
111 125 55
111 126 3
111 129 70
111 130 87
111 137 79
111 139 16
111 140 92
111 141 100
111 145 46
111 146 90
112 113 93
112 115 32
112 116 85
112 117 70
112 118 61
112 121 62
112 126 10
112 129 26
112 131 54
112 135 60
112 136 3
112 138 89
112 142 18
112 143 24
112 147 76
113 114 96
113 115 67
113 116 86
113 117 95
113 119 97
113 122 41
113 124 4
113 125 13
113 126 38
113 128 19
113 132 55
113 133 48
113 137 83
113 143 72
113 144 81
113 147 47
113 148 7
113 149 28
114 115 94
114 118 12
114 122 51
114 124 4
114 125 6
114 126 41
114 137 77
114 141 15
114 142 32
114 148 99
115 117 72
115 119 24
115 123 27
115 126 92
115 127 22
115 130 80
115 134 42
115 135 58
115 137 36
115 143 1
115 145 23
115 147 100
115 148 7
115 150 85
116 117 65
116 119 23
116 124 80
116 127 38
116 131 44
116 132 28
116 134 72
116 138 42
116 139 3
116 140 35
116 142 100
116 144 56
116 150 92
117 120 45
117 121 8
117 124 3
117 126 29
117 127 25
117 128 100
117 129 42
117 131 33
117 135 43
117 138 91
117 142 6
117 143 7
117 149 91
118 121 23
118 125 43
118 127 93
118 130 63
118 133 9
118 135 94
118 141 61
118 142 62
118 145 17
118 146 67
118 147 41
118 148 44
118 149 77
118 150 22
119 120 83
119 122 41
119 123 24
119 124 7
119 125 9
119 127 36
119 129 11
119 130 26
119 133 72
119 134 70
119 142 25
119 145 82
119 148 46
120 124 73
120 129 20
120 130 43
120 135 31
120 137 98
120 139 31
120 145 15
120 147 67
121 127 75
121 131 61
121 132 14
121 135 80
121 136 68
121 137 67
121 138 12
121 141 60
121 143 76
121 145 10
121 147 97
121 148 27
121 150 99
122 123 91
122 124 1
122 129 43
122 136 82
122 137 17
122 138 62
122 144 47
122 146 99
122 148 40
122 150 40
123 124 81
123 125 77
123 128 16
123 130 4
123 132 4
123 133 64
123 134 92
123 138 66
123 142 84
123 144 45
123 145 43
123 148 56
123 149 77
123 150 11
124 126 82
124 130 87
124 135 6
124 138 7
124 142 69
124 145 36
124 147 65
124 148 75
124 149 42
124 150 54
125 130 33
125 131 66
125 134 18
125 135 69
125 136 40
125 137 62
125 138 59
125 146 87
125 148 81
125 150 24
126 132 84
126 134 79
126 138 25
126 145 25
126 146 85
126 147 3
126 148 78
126 149 92
127 130 36
127 131 67
127 132 64
127 135 100
127 136 40
127 138 11
127 141 95
127 142 21
127 145 33
127 148 10
127 149 60
128 136 30
128 137 81
128 142 40
128 144 57
128 147 48
128 149 84
129 130 51
129 131 3
129 135 88
129 138 96
129 140 93
129 141 88
129 143 37
129 145 94
129 146 45
129 148 31
130 132 72
130 134 47
130 135 11
130 140 55
130 141 11
130 143 57
130 146 71
130 149 68
131 132 47
131 134 73
131 135 51
131 138 25
131 146 28
131 148 64
131 149 92
131 150 25
132 134 54
132 136 54
132 137 46
132 138 14
132 145 64
132 146 8
132 148 55
132 149 10
133 134 82
133 135 33
133 136 3
133 140 33
133 142 9
133 143 90
133 145 30
133 148 71
133 150 95
134 136 93
134 141 56
134 142 39
134 143 5
135 136 11
135 139 77
135 140 17
135 145 98
135 146 7
135 148 72
135 149 93
136 137 73
136 138 73
136 139 1
136 140 2
136 145 74
136 146 36
136 148 48
137 144 60
137 146 73
137 150 48
138 140 7
138 142 96
138 143 55
138 144 19
138 145 19
138 146 91
138 149 44
138 150 49
139 140 83
139 141 93
139 143 77
139 149 97
140 141 76
140 144 97
140 146 2
140 147 63
140 149 54
141 145 1
141 149 42
142 143 33
142 145 83
143 144 62
143 147 89
144 148 72
145 146 41
145 147 76
146 148 76
148 149 79
148 150 56
149 150 72
1 6 28
1 10 75
1 13 34
1 16 84
1 21 81
1 22 60
1 31 34
1 32 85
1 34 61
1 36 16
1 39 57
1 41 53
1 44 98
1 46 92
1 48 67
1 49 24
1 52 83
1 55 20
1 56 24
1 60 19
1 61 59
1 62 12
1 64 90
1 65 31
1 66 27
1 68 57
1 69 80
1 73 83
1 74 93
1 76 45
1 77 23
1 83 74
1 87 78
1 88 52
1 89 2
1 92 80
1 99 87
1 100 30
1 101 63
1 102 67
1 104 51
1 108 21
1 109 23
1 110 12
1 111 32
1 114 2
1 115 34
1 119 67
1 121 36
1 122 38
1 124 96
1 126 74
1 128 4
1 129 85
1 130 32
1 131 5
1 135 8
1 138 100
1 139 15
1 142 11
1 146 88
1 150 60
2 4 81
2 5 36
2 7 55
2 8 77
2 10 8
2 13 17
2 16 15
2 17 27
2 22 27
2 25 61
2 26 88
2 32 53
2 35 5
2 36 66
2 38 46
2 39 4
2 46 26
2 49 85
2 52 95
2 53 93
2 58 88
2 59 10
2 61 69
2 63 33
2 66 91
2 68 74
2 71 54
2 72 1
2 74 42
2 77 63
2 79 62
2 84 37
2 86 15
2 88 72
2 92 81
2 93 82
2 97 9
2 100 69
2 102 57
2 104 59
2 115 60
2 120 79
2 121 73
2 124 29
2 126 87
2 133 39
2 137 93
2 141 87
2 143 30
2 149 27
3 5 81
3 8 54
3 10 45
3 12 9
3 16 30
3 20 60
3 25 53
3 26 62
3 27 4
3 32 9
3 33 58
3 34 83
3 38 47
3 43 47
3 47 73
3 49 86
3 51 63
3 52 71
3 53 2
3 59 3
3 61 43
3 62 66
3 64 31
3 65 99
3 72 15
3 73 1
3 74 72
3 75 28
3 79 35
3 85 80
3 86 54
3 87 92
3 89 96
3 90 2
3 91 30
3 93 57
3 94 80
3 99 18
3 102 51
3 104 58
3 105 18
3 106 32
3 107 5
3 108 98
3 109 89
3 112 84
3 114 80
3 116 25
3 118 33
3 119 97
3 121 7
3 126 7
3 128 30
3 131 33
3 134 97
3 136 94
3 138 22
3 139 27
3 144 37
3 145 79
3 148 60
3 149 3
3 150 49
4 7 33
4 9 48
4 11 99
4 12 29
4 14 53
4 15 85
4 16 14
4 22 36
4 25 16
4 26 6
4 28 10
4 30 82
4 33 78
4 34 87
4 36 20
4 40 67
4 45 50
4 46 3
4 47 7
4 49 46
4 52 2
4 53 30
4 54 68
4 61 69
4 62 77
4 64 41
4 66 4
4 70 11
4 78 34
4 84 74
4 85 100
4 87 71
4 88 20
4 92 1
4 94 67
4 98 59
4 99 33
4 100 1
4 104 37
4 109 76
4 114 72
4 115 92
4 116 2
4 120 60
4 123 4
4 126 83
4 130 94
4 133 52
4 134 81
4 140 78
4 141 97
4 142 42
4 143 35
4 147 17
4 148 43
4 150 58
5 7 74
5 8 53
5 9 78
5 10 8
5 12 10
5 13 21
5 14 35
5 15 94
5 19 9
5 28 54
5 31 64
5 34 35
5 35 88
5 37 52
5 38 45
5 40 82
5 41 87
5 52 31
5 54 30
5 56 59
5 59 90
5 60 73
5 65 43
5 66 20
5 69 49
5 70 47
5 73 85
5 79 7
5 83 60
5 84 70
5 86 51
5 87 99
5 93 68
5 94 49
5 96 12
5 97 68
5 99 94
5 103 92
5 107 16
5 110 50
5 113 68
5 115 92
5 116 65
5 118 74
5 121 92
5 126 63
5 129 60
5 130 67
5 131 24
5 134 78
5 135 51
5 136 86
5 141 33
5 146 58
5 148 59
5 150 45
6 9 68
6 13 26
6 16 61
6 24 93
6 26 17
6 27 10
6 34 26
6 36 17
6 37 35
6 39 56
6 40 37
6 44 81
6 45 79
6 51 20
6 53 71
6 56 23
6 57 25
6 59 78
6 63 31
6 71 30
6 73 39
6 74 21
6 76 1
6 77 70
6 79 54
6 82 53
6 85 88
6 87 39
6 89 94
6 91 83
6 92 82
6 93 30
6 94 64
6 98 74
6 99 56
6 101 28
6 103 3
6 107 54
6 108 37
6 111 5
6 112 66
6 114 73
6 117 22
6 120 96
6 123 75
6 127 3
6 130 38
6 132 78
6 134 72
6 135 57
6 138 71
6 139 32
6 144 90
6 149 37
7 9 30
7 11 55
7 15 6
7 16 95
7 17 42
7 18 72
7 24 97
7 27 84
7 28 1
7 29 47
7 30 87
7 33 21
7 36 65
7 42 86
7 47 92
7 48 32
7 51 4
7 53 88
7 54 46
7 56 63
7 57 2
7 58 7
7 60 6
7 62 10
7 63 37
7 69 42
7 71 57
7 73 25
7 76 91
7 78 29
7 84 78
7 86 78
7 87 52
7 88 44
7 89 95
7 90 55
7 97 22
7 102 85
7 104 14
7 109 88
7 111 100
7 120 68
7 123 45
7 126 35
7 129 86
7 131 62
7 134 43
7 136 92
7 138 18
7 139 2
7 143 22
7 144 54
7 147 64
7 148 51
8 10 82
8 14 90
8 17 12
8 19 74
8 20 52
8 21 93
8 23 12
8 25 15
8 30 86
8 32 85
8 33 98
8 34 92
8 35 42
8 36 36
8 43 14
8 45 56
8 47 42
8 50 36
8 52 90
8 53 39
8 54 100
8 59 27
8 60 22
8 61 5
8 64 39
8 65 71
8 69 53
8 70 59
8 71 97
8 74 83
8 75 25
8 76 73
8 77 29
8 78 22
8 80 75
8 83 48
8 85 45
8 87 44
8 88 16
8 91 14
8 92 8
8 93 19
8 94 54
8 95 66
8 100 12
8 104 25
8 105 73
8 106 94
8 107 13
8 112 59
8 115 96
8 118 17
8 119 98
8 120 46
8 124 79
8 127 22
8 133 60
8 135 100
8 136 49
8 142 96
8 143 54
8 144 81
8 146 59
8 147 75
8 149 85
9 10 57
9 12 83
9 16 25
9 18 56
9 23 61
9 24 53
9 28 8
9 30 25
9 33 69
9 37 15
9 41 98
9 42 80
9 43 83
9 50 61
9 51 99
9 52 37
9 57 8
9 58 14
9 62 78
9 68 88
9 69 97
9 72 66
9 73 93
9 75 42
9 76 99
9 78 73
9 80 93
9 84 17
9 85 73
9 90 59
9 94 99
9 97 88
9 99 91
9 100 15
9 102 43
9 104 75
9 106 75
9 107 65
9 108 20
9 112 75
9 116 25
9 117 38
9 119 32
9 125 24
9 129 42
9 133 13
9 135 25
9 137 61
9 139 25
9 141 29
9 142 2
9 143 90
9 145 1
9 146 12
9 147 84
9 149 91
10 15 34
10 17 84
10 18 58
10 23 57
10 27 19
10 29 23
10 30 34
10 33 51
10 34 5
10 36 26
10 40 21
10 43 13
10 48 38
10 49 17
10 51 62
10 52 8
10 55 89
10 58 59
10 60 73
10 61 49
10 68 65
10 71 41
10 79 2
10 80 29
10 81 37
10 83 77
10 85 35
10 89 32
10 92 33
10 110 32
10 117 61
10 121 38
10 122 96
10 128 31
10 131 2
10 134 4
10 135 50
10 137 89
10 139 58
10 142 40
10 143 37
10 147 81
11 12 98
11 15 69
11 19 4
11 21 56
11 22 33
11 24 42
11 25 10
11 27 19
11 28 26
11 29 36
11 42 1
11 43 9
11 45 77
11 47 39
11 50 74
11 51 63
11 54 78
11 55 100
11 56 81
11 57 26
11 59 38
11 61 54
11 63 62
11 65 92
11 67 75
11 69 85
11 84 64
11 86 88
11 90 1
11 91 67
11 92 83
11 94 36
11 97 38
11 98 36
11 100 83
11 103 4
11 104 99
11 105 27
11 107 100
11 108 33
11 109 86
11 110 91
11 111 1
11 115 57
11 116 98
11 117 47
11 119 38
11 120 94
11 122 74
11 124 69
11 125 62
11 130 26
11 133 88
11 138 32
11 139 46
11 144 18
11 145 89
11 148 89
12 13 49
12 14 59
12 15 43
12 18 14
12 23 35
12 33 70
12 35 35
12 38 86
12 42 62
12 44 24
12 47 99
12 51 58
12 52 93
12 55 20
12 57 51
12 58 11
12 61 79
12 62 69
12 63 85
12 68 5
12 72 77
12 73 8
12 75 46
12 77 11
12 78 86
12 80 70
12 81 46
12 83 25
12 85 78
12 86 96
12 88 33
12 93 87
12 95 65
12 101 89
12 103 35
12 110 16
12 113 67
12 114 67
12 115 46
12 120 72
12 125 79
12 132 97
12 137 46
12 139 63
12 144 5
12 149 94
13 14 42
13 16 1
13 17 18
13 22 52
13 24 89
13 26 41
13 30 53
13 33 88
13 36 28
13 39 90
13 41 7
13 46 43
13 48 99
13 51 95
13 54 33
13 56 43
13 61 75
13 64 41
13 67 72
13 70 36
13 71 89
13 72 100
13 75 50
13 76 10
13 78 56
13 81 95
13 82 7
13 83 8
13 84 12
13 90 78
13 91 20
13 92 3
13 94 3
13 99 79
13 101 54
13 106 53
13 107 35
13 108 21
13 109 51
13 110 66
13 111 65
13 112 90
13 113 56
13 116 91
13 118 93
13 122 85
13 123 35
13 124 3
13 126 15
13 129 15
13 130 53
13 131 70
13 132 42
13 134 97
13 137 8
13 140 34
13 147 74
13 150 92
14 16 90
14 18 94
14 21 14
14 23 42
14 25 50
14 27 46
14 28 100
14 29 22
14 36 15
14 37 14
14 38 100
14 40 66
14 42 92
14 43 99
14 45 93
14 46 12
14 49 2
14 50 3
14 51 62
14 52 30
14 55 91
14 56 78
14 59 29
14 60 56
14 62 13
14 74 47
14 75 97
14 78 10
14 80 40
14 81 6
14 82 99
14 87 40
14 89 29
14 91 25
14 93 27
14 94 10
14 95 64
14 96 86
14 97 27
14 98 1
14 100 92
14 103 40
14 109 85
14 110 29
14 112 83
14 113 79
14 117 95
14 122 31
14 123 65
14 125 70
14 127 12
14 128 8
14 129 3
14 130 73
14 132 61
14 134 7
14 135 61
14 136 75
14 137 40
14 138 70
14 139 77
14 142 22
14 143 5
14 145 84
14 146 94
14 147 93
14 148 20
14 150 38
15 16 62
15 20 73
15 23 47
15 26 90
15 27 97
15 29 21
15 31 8
15 34 22
15 39 17
15 43 89
15 56 4
15 60 83
15 62 35
15 66 8
15 67 57
15 68 40
15 69 11
15 72 74
15 73 52
15 76 40
15 81 10
15 82 43
15 85 65
15 87 46
15 90 72
15 91 83
15 92 81
15 96 82
15 103 7
15 106 91
15 108 80
15 110 79
15 116 53
15 119 38
15 123 39
15 125 29
15 126 46
15 130 13
15 135 38
15 139 81
15 144 83
15 145 33
15 148 85
15 149 80
15 150 57
16 18 69
16 19 67
16 22 78
16 27 8
16 28 38
16 29 74
16 34 43
16 37 80
16 39 40
16 40 70
16 42 46
16 43 38
16 45 63
16 49 14
16 50 73
16 56 87
16 61 39
16 62 36
16 63 43
16 64 49
16 66 50
16 70 43
16 71 2
16 73 88
16 76 9
16 77 69
16 78 67
16 82 8
16 87 31
16 89 45
16 90 63
16 91 33
16 92 20
16 94 91
16 96 60
16 99 32
16 101 11
16 102 54
16 103 17
16 105 99
16 106 89
16 109 28
16 112 30
16 118 56
16 120 66
16 121 13
16 123 19
16 126 85
16 128 98
16 133 3
16 135 64
16 137 61
16 139 24
16 142 84
16 144 14
16 145 91
16 148 81
16 150 67
17 18 84
17 19 59
17 21 96
17 23 85
17 26 31
17 29 92
17 33 26
17 37 37
17 40 47
17 43 6
17 46 29
17 49 65
17 50 35
17 52 71
17 65 3
17 66 87
17 68 73
17 70 69
17 72 60
17 73 62
17 76 81
17 77 27
17 78 67
17 80 68
17 82 52
17 87 75
17 101 37
17 105 93
17 107 26
17 108 47
17 109 84
17 111 84
17 122 97
17 127 31
17 129 80
17 130 9
17 131 52
17 132 28
17 139 66
17 141 33
17 145 32
17 147 62
17 150 90
18 20 67
18 27 89
18 28 9
18 29 62
18 30 16
18 31 24
18 33 44
18 35 49
18 40 70
18 43 44
18 44 11
18 46 83
18 49 12
18 51 51
18 52 46
18 53 86
18 57 29
18 58 8
18 59 87
18 60 47
18 61 49
18 67 88
18 69 37
18 72 92
18 73 47
18 74 1
18 75 3
18 77 99
18 78 29
18 82 68
18 84 2
18 86 78
18 87 47
18 88 38
18 90 63
18 91 26
18 92 79
18 98 18
18 106 96
18 113 52
18 115 48
18 116 77
18 122 79
18 123 38
18 125 4
18 126 77
18 129 61
18 130 11
18 131 75
18 132 79
18 138 59
18 145 14
18 150 50
19 20 92
19 30 48
19 32 13
19 34 92
19 40 11
19 46 47
19 47 14
19 52 93
19 59 50
19 60 21
19 62 23
19 63 81
19 66 21
19 70 78
19 72 85
19 74 46
19 77 65
19 79 49
19 83 18
19 92 79
19 97 6
19 98 14
19 99 25
19 100 41
19 101 75
19 102 63
19 104 67
19 113 7
19 115 2
19 117 9
19 118 88
19 121 41
19 124 90
19 125 18
19 128 40
19 134 36
19 135 15
19 139 18
19 143 30
19 148 83
20 25 98
20 28 28
20 31 55
20 38 99
20 40 6
20 42 1
20 47 97
20 50 35
20 51 9
20 54 98
20 57 9
20 60 64
20 61 75
20 63 39
20 72 75
20 79 2
20 80 17
20 83 84
20 89 59
20 90 84
20 91 53
20 92 45
20 96 86
20 99 40
20 101 7
20 104 89
20 105 97
20 106 97
20 108 56
20 113 38
20 114 26
20 121 14
20 123 79
20 124 17
20 125 41
20 131 72
20 141 57
20 142 19
20 143 18
20 147 43
20 150 85
21 25 5
21 29 46
21 32 24
21 33 8
21 35 68
21 36 29
21 37 13
21 40 56
21 56 61
21 58 73
21 60 36
21 65 95
21 66 5
21 67 51
21 69 3
21 70 45
21 71 32
21 72 45
21 77 86
21 79 42
21 81 58
21 82 27
21 87 20
21 91 4
21 92 13
21 93 34
21 95 17
21 97 66
21 104 28
21 106 95
21 114 20
21 115 86
21 118 28
21 119 78
21 126 6
21 127 11
21 130 88
21 132 32
21 135 33
21 136 71
21 138 6
21 140 17
21 146 4
22 24 59
22 29 19
22 31 66
22 52 38
22 55 14
22 57 32
22 58 72
22 61 23
22 63 67
22 69 34
22 70 100
22 77 35
22 85 95
22 86 10
22 88 66
22 91 34
22 94 87
22 95 70
22 98 74
22 100 82
22 103 63
22 112 38
22 113 23
22 114 94
22 115 29
22 116 35
22 118 93
22 119 87
22 123 99
22 124 56
22 125 31
22 130 89
22 132 79
22 134 73
22 135 35
22 137 69
22 141 56
22 145 36
22 146 9
23 24 16
23 27 35
23 28 59
23 29 47
23 35 56
23 38 99
23 39 58
23 40 9
23 42 39
23 43 39
23 44 35
23 51 17
23 54 68
23 55 13
23 56 57
23 64 74
23 65 18
23 66 19
23 67 51
23 68 59
23 69 41
23 74 83
23 81 5
23 82 17
23 84 8
23 85 33
23 86 45
23 88 2
23 89 78
23 92 52
23 94 41
23 96 15
23 97 38
23 98 52
23 99 33
23 104 79
23 105 40
23 112 9
23 114 53
23 115 89
23 120 14
23 121 29
23 122 27
23 126 50
23 128 2
23 130 42
23 139 65
23 141 20
23 142 92
23 143 32
23 144 36
23 146 81
23 147 93
24 28 75
24 29 71
24 31 29
24 35 54
24 36 54
24 37 61
24 38 13
24 41 46
24 43 61
24 45 43
24 46 50
24 49 54
24 51 47
24 56 10
24 57 14
24 59 30
24 60 34
24 64 38
24 65 38
24 67 55
24 72 100
24 75 58
24 76 9
24 77 7
24 78 79
24 82 30
24 83 46
24 84 87
24 85 88
24 87 30
24 88 23
24 89 65
24 93 12
24 94 41
24 97 79
24 99 87
24 100 8
24 101 85
24 102 6
24 104 77
24 105 6
24 114 43
24 115 19
24 118 46
24 119 65
24 132 5
24 136 63
24 141 57
24 142 12
24 146 8
24 147 61
24 149 38
24 150 72
25 32 69
25 37 45
25 39 45
25 43 95
25 45 27
25 46 75
25 47 26
25 49 62
25 50 17
25 51 34
25 52 3
25 55 29
25 57 65
25 59 45
25 61 7
25 65 90
25 66 21
25 68 93
25 70 54
25 74 42
25 77 100
25 79 42
25 80 73
25 84 87
25 87 21
25 88 7
25 92 81
25 95 44
25 102 55
25 103 75
25 105 72
25 107 66
25 109 80
25 114 25
25 116 97
25 123 92
25 124 59
25 125 31
25 129 67
25 130 27
25 132 40
25 133 22
25 135 1
25 136 3
25 137 91
25 146 97
25 147 26
25 148 79
25 149 82
26 27 19
26 28 40
26 29 33
26 30 39
26 31 35
26 35 13
26 38 20
26 40 46
26 45 14
26 46 12
26 47 37
26 48 64
26 50 83
26 51 78
26 57 19
26 58 28
26 59 72
26 61 55
26 65 72
26 66 61
26 67 45
26 69 52
26 71 36
26 73 96
26 75 36
26 79 68
26 80 86
26 81 66
26 84 63
26 85 2
26 86 94
26 87 61
26 88 74
26 90 55
26 91 90
26 92 63
26 93 81
26 99 58
26 100 53
26 102 16
26 103 49
26 105 41
26 106 7
26 107 91
26 109 11
26 114 95
26 115 51
26 116 72
26 121 9
26 122 1
26 128 48
26 130 72
26 131 99
26 132 83
26 134 64
26 141 58
26 142 27
26 143 31
26 145 85
26 146 63
26 149 98
26 150 52
27 30 7
27 32 26
27 42 73
27 43 95
27 45 92
27 46 97
27 49 80
27 51 17
27 53 25
27 56 29
27 59 86
27 63 88
27 64 98
27 65 95
27 66 52
27 68 15
27 71 22
27 73 77
27 74 48
27 77 12
27 82 82
27 83 29
27 84 79
27 85 49
27 87 24
27 88 69
27 92 62
27 94 66
27 96 67
27 97 36
27 98 70
27 102 27
27 103 8
27 104 54
27 106 55
27 107 78
27 108 66
27 109 48
27 111 84
27 114 25
27 115 76
27 116 42
27 120 70
27 122 43
27 126 81
27 128 27
27 140 1
27 142 58
27 143 81
27 146 97
27 147 53
28 31 36
28 33 35
28 35 56
28 36 90
28 37 68
28 41 54
28 42 36
28 44 94
28 46 95
28 48 45
28 50 54
28 52 61
28 54 51
28 57 8
28 59 59
28 61 68
28 66 15
28 67 42
28 70 19
28 72 37
28 77 45
28 78 80
28 79 19
28 84 90
28 87 34
28 90 11
28 94 71
28 98 19
28 99 48
28 100 78
28 101 65
28 103 60
28 105 73
28 109 22
28 110 17
28 111 23
28 113 64
28 119 38
28 120 60
28 122 37
28 125 46
28 126 52
28 127 8
28 128 38
28 134 96
28 136 20
28 139 66
28 143 63
28 146 19
28 148 18
28 149 14
28 150 62
29 31 87
29 32 42
29 41 32
29 42 30
29 44 41
29 45 5
29 47 31
29 50 49
29 51 100
29 52 64
29 57 54
29 60 37
29 61 44
29 63 38
29 64 87
29 65 78
29 72 16
29 74 7
29 77 23
29 80 56
29 82 8
29 83 71
29 87 93
29 88 18
29 91 91
29 95 97
29 98 88
29 99 15
29 100 92
29 101 76
29 104 46
29 109 28
29 110 40
29 112 17
29 114 58
29 119 67
29 122 54
29 124 9
29 125 78
29 129 80
29 130 63
29 132 89
29 133 4
29 135 68
29 136 49
29 137 11
29 138 54
29 139 46
29 144 20
29 148 56
30 31 7
30 34 75
30 35 15
30 37 47
30 40 38
30 42 98
30 43 99
30 46 84
30 47 75
30 49 33
30 52 24
30 58 71
30 59 84
30 60 41
30 61 95
30 62 85
30 63 64
30 65 25
30 66 6
30 68 32
30 70 100
30 71 39
30 72 58
30 73 4
30 79 51
30 80 57
30 84 80
30 85 100
30 86 41
30 89 96
30 93 99
30 94 54
30 96 13
30 101 3
30 102 60
30 106 57
30 107 84
30 111 92
30 116 35
30 119 57
30 122 55
30 124 25
30 126 28
30 130 35
30 135 19
30 140 33
30 144 77
30 148 44
30 150 27
31 32 28
31 37 82
31 39 90
31 40 21
31 41 90
31 46 9
31 47 5
31 49 7
31 52 80
31 55 5
31 57 5
31 58 35
31 59 94
31 63 100
31 65 33
31 66 20
31 67 2
31 68 1
31 71 16
31 72 90
31 73 100
31 77 2
31 79 100
31 82 91
31 87 24
31 89 67
31 94 64
31 96 48
31 98 85
31 100 65
31 101 48
31 106 2
31 108 78
31 110 21
31 112 100
31 113 63
31 115 89
31 121 48
31 122 3
31 123 100
31 125 52
31 126 55
31 128 71
31 130 5
31 133 34
31 135 73
31 137 70
31 138 39
31 139 59
31 141 31
31 142 17
31 144 45
31 145 75
31 146 84
31 147 1
31 150 14
32 34 55
32 37 74
32 38 12
32 40 100
32 41 35
32 43 66
32 46 94
32 49 96
32 51 9
32 54 47
32 58 21
32 59 30
32 61 36
32 62 93
32 63 36
32 66 81
32 70 57
32 71 33
32 77 84
32 80 70
32 81 64
32 86 25
32 91 31
32 92 38
32 95 85
32 96 35
32 99 95
32 100 58
32 101 26
32 103 29
32 108 34
32 109 77
32 110 36
32 111 28
32 115 66
32 117 100
32 118 52
32 124 9
32 127 77
32 132 34
32 138 13
32 140 89
32 144 92
32 147 78
33 34 75
33 36 1
33 38 58
33 41 61
33 43 80
33 48 46
33 49 22
33 52 13
33 56 6
33 58 50
33 60 88
33 61 73
33 63 79
33 66 70
33 67 40
33 69 60
33 70 59
33 71 41
33 74 33
33 76 12
33 82 52
33 86 88
33 87 66
33 88 55
33 89 37
33 98 29
33 101 82
33 104 38
33 106 6
33 108 69
33 111 36
33 113 88
33 119 16
33 122 9
33 124 29
33 126 52
33 131 96
33 133 98
33 134 75
33 139 63
33 142 68
33 144 77
34 36 43
34 37 98
34 39 29
34 44 54
34 48 83
34 51 22
34 52 100
34 56 52
34 59 86
34 63 99
34 64 3
34 66 36
34 71 21
34 72 33
34 74 34
34 75 40
34 77 11
34 78 43
34 79 98
34 85 85
34 90 38
34 91 100
34 92 50
34 95 23
34 98 83
34 99 40
34 102 60
34 106 36
34 109 59
34 111 62
34 113 26
34 115 46
34 116 74
34 117 80
34 122 76
34 127 43
34 128 9
34 129 57
34 132 78
34 136 72
34 137 67
34 138 94
34 140 3
34 143 36
34 144 99
34 149 69
35 38 92
35 41 5
35 44 56
35 45 95
35 46 45
35 47 93
35 53 5
35 54 18
35 56 98
35 62 65
35 69 71
35 70 5
35 74 40
35 76 19
35 77 50
35 78 18
35 80 86
35 81 32
35 83 89
35 84 85
35 85 72
35 86 19
35 88 24
35 89 14
35 90 44
35 92 64
35 95 27
35 97 37
35 98 64
35 101 72
35 104 32
35 107 7
35 108 4
35 112 50
35 117 35
35 120 66
35 121 70
35 122 24
35 124 67
35 127 48
35 133 95
35 134 86
35 135 81
35 137 11
35 138 19
35 139 19
35 141 81
35 145 27
35 149 83
36 37 67
36 38 47
36 40 79
36 41 63
36 42 97
36 43 45
36 45 9
36 47 72
36 48 98
36 50 6
36 52 79
36 53 21
36 59 41
36 60 41
36 61 7
36 63 9
36 67 30
36 68 15
36 72 31
36 75 12
36 78 33
36 80 83
36 82 82
36 88 59
36 93 14
36 96 59
36 99 30
36 101 93
36 103 2
36 108 2
36 110 91
36 111 27
36 112 33
36 113 30
36 117 27
36 118 89
36 126 45
36 128 62
36 130 77
36 134 17
36 135 18
36 137 92
36 139 37
36 140 65
36 141 78
36 142 56
36 143 72
36 144 91
36 145 55
36 146 2
36 147 18
36 149 99
37 38 55
37 39 99
37 41 100
37 44 17
37 46 32
37 48 20
37 49 96
37 54 87
37 55 52
37 59 88
37 62 41
37 63 14
37 64 94
37 65 14
37 66 31
37 67 19
37 70 82
37 71 10
37 74 86
37 76 61
37 77 85
37 78 9
37 80 49
37 81 10
37 82 41
37 84 33
37 86 27
37 87 30
37 91 97
37 93 11
37 97 24
37 98 28
37 100 86
37 103 28
37 104 71
37 105 97
37 106 40
37 109 13
37 112 98
37 113 38
37 118 71
37 122 35
37 126 29
37 131 48
37 135 14
37 138 75
37 139 26
37 142 41
37 147 49
37 150 3
38 41 2
38 42 36
38 44 45
38 46 62
38 47 60
38 52 57
38 53 45
38 55 22
38 66 78
38 67 5
38 70 50
38 74 49
38 81 53
38 84 65
38 92 89
38 93 27
38 96 66
38 97 97
38 99 76
38 102 38
38 104 25
38 112 81
38 115 29
38 126 55
38 129 87
38 130 65
38 132 14
38 133 1
38 136 63
38 141 22
38 142 61
38 143 48
38 148 1
39 42 93
39 43 83
39 48 24
39 51 36
39 55 14
39 57 50
39 58 7
39 61 83
39 67 6
39 72 99
39 79 38
39 80 91
39 88 14
39 89 50
39 90 47
39 92 31
39 93 7
39 94 6
39 96 84
39 97 9
39 102 13
39 104 83
39 106 71
39 116 93
39 122 40
39 123 91
39 124 80
39 126 1
39 130 64
39 134 40
39 137 78
39 140 58
39 142 81
39 144 9
39 145 20
39 146 58
39 147 83
40 43 54
40 45 37
40 47 39
40 48 51
40 51 32
40 52 94
40 54 36
40 55 34
40 57 11
40 58 78
40 59 39
40 60 92
40 62 24
40 63 78
40 67 12
40 71 15
40 73 63
40 75 93
40 77 93
40 80 73
40 81 99
40 82 15
40 83 64
40 84 10
40 86 18
40 87 86
40 88 41
40 89 67
40 91 55
40 93 18
40 96 55
40 100 96
40 103 38
40 110 40
40 113 59
40 117 85
40 119 37
40 120 15
40 122 27
40 126 65
40 127 82
40 133 51
40 134 12
40 141 25
40 142 56
40 143 15
40 144 9
40 145 80
40 147 85
40 149 80
41 42 15
41 45 92
41 50 70
41 51 48
41 52 52
41 54 30
41 58 28
41 59 22
41 60 7
41 63 53
41 66 61
41 71 29
41 74 2
41 80 67
41 89 49
41 92 50
41 99 76
41 102 60
41 104 86
41 107 58
41 108 40
41 110 99
41 116 79
41 123 71
41 130 14
41 135 88
41 138 25
41 140 17
41 143 84
41 146 96
41 148 78
41 150 37
42 43 35
42 47 65
42 51 21
42 52 33
42 53 35
42 54 7
42 58 25
42 62 3
42 63 32
42 65 5
42 68 85
42 69 94
42 70 91
42 73 86
42 75 96
42 76 62
42 77 96
42 79 6
42 82 43
42 85 50
42 86 46
42 89 7
42 90 62
42 94 91
42 96 28
42 98 42
42 100 22
42 102 82
42 105 34
42 109 53
42 111 77
42 113 35
42 117 5
42 125 82
42 127 15
42 128 16
42 137 11
42 141 82
42 143 10
42 144 54
42 145 25
42 146 13
42 148 89
42 150 39
43 44 31
43 54 77
43 55 75
43 57 47
43 58 7
43 59 9
43 60 80
43 64 28
43 65 54
43 67 8
43 68 31
43 73 24
43 76 71
43 81 20
43 83 91
43 85 20
43 91 54
43 92 29
43 93 54
43 97 27
43 98 86
43 100 26
43 101 29
43 102 99
43 106 47
43 108 54
43 109 79
43 111 61
43 112 25
43 113 46
43 115 75
43 116 39
43 118 18
43 124 13
43 130 80
43 132 4
43 133 59
43 135 32
43 139 80
43 142 52
43 144 95
43 148 69
43 149 44
43 150 51
44 49 16
44 51 76
44 52 2
44 53 7
44 54 23
44 56 51
44 58 7
44 59 22
44 65 54
44 69 24
44 74 15
44 77 32
44 81 8
44 85 43
44 86 49
44 87 86
44 88 73
44 89 79
44 91 1
44 96 69
44 97 50
44 99 78
44 100 84
44 101 50
44 103 32
44 104 5
44 105 7
44 106 51
44 108 63
44 109 38
44 111 83
44 113 56
44 115 46
44 122 6
44 123 78
44 124 64
44 126 63
44 142 49
44 143 82
44 148 58
45 48 62
45 49 8
45 51 41
45 52 94
45 53 58
45 56 40
45 57 93
45 58 15
45 59 45
45 63 86
45 66 77
45 68 11
45 69 71
45 74 91
45 77 4
45 78 66
45 81 16
45 82 1
45 84 79
45 94 31
45 97 55
45 99 43
45 101 37
45 102 93
45 104 96
45 107 86
45 112 96
45 113 70
45 114 81
45 118 7
45 120 5
45 121 70
45 122 54
45 123 79
45 127 21
45 128 64
45 129 3
45 132 30
45 133 8
45 137 18
45 138 2
45 139 21
45 140 35
45 141 78
45 142 32
45 146 14
45 148 85
46 48 86
46 50 74
46 55 40
46 58 34
46 63 62
46 64 85
46 67 93
46 71 9
46 74 29
46 76 94
46 78 78
46 83 73
46 85 62
46 90 23
46 91 65
46 94 65
46 98 86
46 99 84
46 100 55
46 111 99
46 113 5
46 114 93
46 115 25
46 116 84
46 117 54
46 118 8
46 121 22
46 123 39
46 125 79
46 132 12
46 137 48
46 142 95
46 146 21
46 148 83
46 150 100
47 49 87
47 51 27
47 52 81
47 54 44
47 57 95
47 58 58
47 60 20
47 63 75
47 64 98
47 67 93
47 70 39
47 71 65
47 73 68
47 89 79
47 91 12
47 97 17
47 98 78
47 99 4
47 103 70
47 104 67
47 108 86
47 110 16
47 111 78
47 112 84
47 121 79
47 122 61
47 124 54
47 126 66
47 128 88
47 130 20
47 131 92
47 132 6
47 141 16
47 142 2
47 144 32
47 147 58
47 150 30
48 50 26
48 54 20
48 55 72
48 57 50
48 58 1
48 59 64
48 62 74
48 64 1
48 70 7
48 76 88
48 77 33
48 79 96
48 82 86
48 84 86
48 87 45
48 90 33
48 92 54
48 98 87
48 104 61
48 105 73
48 106 59
48 108 82
48 109 86
48 110 89
48 112 48
48 113 71
48 114 54
48 116 79
48 118 24
48 119 90
48 120 38
48 121 42
48 124 41
48 125 76
48 126 100
48 129 99
48 134 9
48 140 67
48 142 31
48 144 68
48 145 35
48 147 74
48 149 8
49 51 43
49 53 46
49 55 21
49 56 61
49 57 7
49 63 39
49 64 15
49 66 67
49 67 32
49 71 34
49 73 75
49 74 5
49 78 86
49 79 49
49 80 61
49 83 89
49 84 87
49 89 5
49 90 51
49 91 33
49 93 66
49 97 75
49 100 96
49 103 84
49 104 15
49 105 70
49 107 35
49 109 26
49 110 20
49 117 89
49 119 96
49 129 42
49 133 90
49 135 55
49 136 42
49 139 25
49 144 7
49 147 76
49 148 50
49 150 55
50 56 49
50 57 8
50 59 43
50 62 91
50 67 43
50 68 47
50 76 17
50 79 64
50 80 45
50 86 86
50 88 32
50 89 23
50 90 88
50 92 8
50 93 99
50 95 67
50 99 95
50 102 86
50 103 93
50 104 50
50 105 5
50 106 23
50 107 80
50 110 40
50 111 23
50 113 37
50 115 95
50 117 4
50 118 81
50 130 40
50 131 46
50 137 3
50 139 60
50 145 67
50 146 13
50 147 15
50 148 15
51 52 61
51 53 94
51 54 100
51 56 74
51 59 37
51 60 50
51 61 43
51 63 90
51 66 89
51 71 9
51 74 84
51 76 13
51 77 43
51 79 58
51 80 78
51 82 87
51 87 14
51 95 30
51 100 42
51 103 82
51 105 49
51 108 90
51 113 35
51 116 39
51 118 12
51 122 47
51 125 64
51 126 89
51 127 93
51 129 36
51 130 12
51 131 21
51 134 58
51 139 59
51 142 66
51 143 61
51 144 90
51 145 34
51 148 43
51 149 55
52 53 92
52 57 61
52 58 83
52 65 30
52 66 74
52 68 6
52 70 8
52 76 2
52 78 4
52 80 68
52 84 30
52 86 27
52 87 12
52 89 60
52 91 9
52 94 88
52 95 65
52 96 33
52 102 38
52 103 52
52 107 57
52 110 52
52 111 24
52 114 27
52 117 61
52 120 9
52 122 6
52 124 64
52 128 57
52 129 44
52 133 52
52 134 25
52 140 39
52 142 63
52 145 12
52 148 99
52 150 60
53 54 18
53 55 89
53 58 65
53 63 37
53 68 93
53 70 71
53 72 17
53 73 40
53 75 78
53 78 54
53 80 48
53 81 75
53 84 19
53 88 57
53 90 95
53 92 92
53 96 85
53 100 41
53 102 34
53 105 35
53 106 97
53 107 30
53 109 93
53 110 35
53 114 48
53 116 27
53 117 81
53 121 81
53 122 74
53 126 15
53 129 26
53 140 41
53 141 72
53 150 28
54 55 54
54 57 59
54 58 20
54 60 3
54 62 99
54 63 93
54 69 37
54 75 92
54 80 39
54 81 46
54 82 65
54 85 19
54 86 70
54 88 96
54 90 70
54 96 86
54 101 87
54 104 74
54 110 46
54 112 92
54 115 94
54 116 100
54 120 68
54 123 65
54 125 34
54 131 93
54 135 96
54 137 72
54 141 1
54 142 17
54 149 86
54 150 68
55 59 85
55 60 37
55 62 6
55 63 11
55 64 3
55 66 28
55 67 37
55 69 19
55 71 12
55 72 76
55 74 3
55 76 3
55 78 3
55 79 91
55 80 64
55 82 83
55 84 63
55 85 29
55 89 60
55 91 52
55 94 6
55 96 17
55 97 81
55 99 48
55 101 70
55 102 49
55 104 42
55 105 46
55 107 38
55 108 72
55 110 46
55 114 43
55 116 79
55 121 34
55 122 33
55 123 41
55 124 66
55 125 57
55 126 80
55 128 89
55 129 39
55 133 32
55 134 51
55 136 67
55 137 16
55 138 45
55 141 48
55 145 82
55 146 99
55 147 61
56 57 50
56 61 13
56 62 78
56 63 66
56 64 31
56 67 26
56 68 27
56 69 40
56 70 48
56 72 92
56 75 13
56 77 45
56 82 51
56 83 18
56 84 61
56 86 86
56 88 25
56 91 20
56 98 69
56 105 53
56 106 51
56 110 99
56 117 48
56 121 54
56 122 80
56 126 10
56 128 52
56 131 40
56 132 52
56 133 66
56 134 43
56 135 63
56 140 85
56 142 48
57 61 20
57 62 71
57 63 27
57 65 74
57 66 35
57 67 27
57 68 60
57 69 91
57 75 43
57 77 72
57 79 57
57 81 83
57 83 51
57 86 81
57 87 90
57 88 96
57 89 17
57 94 71
57 96 92
57 98 100
57 99 36
57 102 28
57 103 64
57 104 81
57 105 38
57 106 92
57 108 41
57 109 93
57 110 26
57 113 51
57 114 8
57 115 91
57 116 47
57 118 57
57 120 89
57 121 84
57 122 50
57 124 14
57 130 9
57 134 87
57 136 87
57 139 79
57 141 73
57 147 93
57 148 81
57 149 88
58 62 61
58 67 46
58 68 73
58 71 3
58 73 100
58 75 68
58 78 64
58 88 31
58 90 52
58 92 63
58 93 52
58 94 18
58 98 83
58 99 69
58 100 49
58 103 9
58 106 45
58 107 90
58 108 94
58 110 8
58 112 16
58 115 60
58 120 70
58 122 59
58 123 43
58 124 98
58 127 76
58 128 16
58 133 69
58 135 92
58 137 24
58 143 34
58 144 27
58 145 53
59 60 15
59 65 34
59 66 7
59 67 31
59 71 90
59 75 74
59 76 28
59 77 5
59 79 93
59 82 41
59 83 52
59 84 28
59 85 42
59 90 99
59 91 76
59 95 43
59 96 99
59 100 34
59 101 56
59 102 54
59 104 44
59 107 86
59 108 5
59 110 3
59 112 97
59 115 14
59 121 12
59 122 28
59 128 11
59 136 43
59 138 38
59 139 68
59 141 43
59 142 78
59 144 7
59 145 37
59 146 92
59 149 28
60 61 80
60 63 69
60 65 87
60 67 95
60 69 63
60 71 18
60 73 68
60 74 90
60 75 35
60 78 83
60 82 79
60 83 85
60 86 81
60 87 52
60 89 59
60 92 58
60 94 34
60 95 100
60 96 77
60 98 97
60 103 94
60 105 9
60 110 13
60 115 31
60 116 12
60 122 74
60 127 64
60 128 85
60 129 24
60 130 35
60 132 1
60 133 38
60 134 8
60 137 21
60 141 26
60 143 91
60 145 70
60 146 78
60 147 51
61 62 20
61 64 28
61 65 52
61 66 95
61 67 28
61 70 78
61 72 25
61 73 56
61 75 100
61 78 71
61 79 9
61 85 57
61 88 95
61 89 87
61 93 24
61 96 69
61 101 72
61 103 37
61 104 34
61 105 8
61 106 83
61 109 41
61 111 42
61 114 84
61 115 44
61 116 67
61 117 1
61 126 80
61 127 13
61 131 38
61 132 78
61 135 50
61 136 73
61 137 99
61 143 60
61 145 39
61 146 36
61 147 27
61 149 29
61 150 30
62 64 27
62 65 70
62 66 51
62 69 81
62 71 61
62 72 44
62 74 100
62 93 96
62 95 94
62 96 29
62 97 54
62 98 94
62 103 57
62 104 64
62 108 53
62 111 22
62 120 53
62 124 67
62 127 35
62 128 6
62 136 13
62 138 95
62 140 32
62 143 41
62 145 75
62 146 47
62 147 37
62 148 21
62 149 44
63 64 49
63 69 90
63 71 28
63 72 31
63 77 73
63 82 93
63 84 23
63 87 28
63 88 25
63 94 50
63 95 87
63 97 85
63 98 1
63 99 30
63 101 33
63 102 47
63 103 6
63 104 62
63 106 60
63 109 18
63 117 7
63 121 54
63 122 18
63 123 89
63 124 61
63 129 76
63 130 18
63 131 99
63 133 77
63 137 2
63 143 80
63 145 34
64 67 68
64 68 33
64 77 62
64 81 2
64 82 41
64 84 59
64 92 68
64 93 57
64 99 58
64 100 35
64 101 40
64 102 15
64 104 37
64 107 24
64 108 41
64 109 46
64 116 63
64 119 93
64 123 22
64 125 85
64 133 30
64 137 21
64 144 73
64 145 79
64 146 97
64 148 11
64 149 22
65 66 63
65 67 96
65 75 28
65 79 86
65 82 61
65 83 53
65 85 15
65 86 28
65 87 38
65 91 36
65 92 74
65 93 64
65 94 61
65 97 13
65 100 39
65 103 4
65 111 93
65 116 23
65 117 91
65 120 63
65 121 54
65 122 54
65 123 68
65 125 66
65 131 16
65 132 89
65 134 26
65 135 28
65 136 49
65 139 86
65 142 48
65 144 67
65 145 41
65 148 54
65 149 37
65 150 42
66 70 38
66 72 1
66 78 27
66 80 44
66 82 18
66 88 2
66 90 70
66 93 19
66 95 59
66 97 42
66 98 54
66 100 74
66 101 35
66 102 6
66 103 87
66 104 64
66 107 94
66 108 36
66 109 92
66 110 93
66 113 90
66 116 68
66 117 64
66 118 38
66 122 1
66 123 90
66 127 63
66 130 61
66 137 24
66 140 93
66 141 63
66 142 65
66 150 5
67 70 69
67 71 12
67 72 86
67 74 55
67 75 43
67 77 71
67 79 55
67 82 43
67 84 29
67 85 51
67 86 48
67 87 83
67 88 79
67 90 13
67 91 24
67 93 92
67 94 45
67 95 81
67 96 53
67 97 93
67 99 27
67 101 14
67 103 30
67 107 46
67 108 20
67 109 48
67 110 63
67 112 17
67 116 19
67 118 67
67 119 72
67 121 21
67 122 30
67 124 36
67 125 15
67 126 38
67 128 87
67 129 64
67 135 22
67 137 82
67 138 60
67 140 68
67 142 84
67 146 77
67 147 15
67 149 33
68 70 14
68 74 92
68 77 66
68 83 76
68 87 67
68 93 89
68 103 31
68 104 28
68 105 34
68 107 73
68 108 27
68 110 89
68 112 46
68 119 81
68 123 16
68 125 6
68 132 4
68 133 37
68 134 10
68 139 22
68 144 96
68 146 13
68 147 64
68 149 93
69 70 20
69 71 62
69 73 57
69 74 17
69 77 38
69 78 10
69 79 17
69 80 60
69 81 53
69 83 57
69 84 38
69 85 86
69 87 28
69 88 43
69 90 44
69 98 64
69 99 52
69 101 18
69 104 10
69 106 72
69 109 100
69 111 52
69 117 46
69 118 17
69 119 7
69 120 41
69 125 4
69 126 11
69 128 68
69 129 45
69 131 25
69 143 81
69 144 82
69 149 32
69 150 83
70 71 61
70 74 95
70 76 40
70 78 10
70 85 53
70 86 48
70 87 83
70 89 67
70 91 46
70 98 41
70 105 86
70 108 88
70 110 53
70 115 69
70 116 89
70 119 63
70 125 33
70 126 96
70 129 19
70 131 2
70 132 28
70 135 22
70 137 82
70 139 83
70 144 60
70 145 57
70 146 97
70 149 60
71 72 22
71 73 41
71 76 18
71 79 52
71 81 6
71 82 14
71 85 4
71 87 39
71 88 6
71 96 65
71 97 87
71 101 100
71 104 97
71 106 10
71 110 78
71 111 48
71 117 71
71 120 66
71 122 37
71 123 34
71 129 43
71 132 35
71 137 52
71 138 91
71 141 18
71 143 26
71 145 90
71 146 63
72 75 14
72 77 90
72 81 75
72 89 11
72 93 94
72 95 38
72 96 47
72 97 43
72 100 85
72 106 55
72 111 67
72 118 24
72 121 3
72 122 89
72 125 7
72 130 81
72 131 85
72 132 58
72 133 56
72 136 73
72 137 96
72 138 68
72 139 79
72 141 93
72 144 5
72 146 2
72 150 12
73 75 45
73 80 34
73 81 61
73 83 2
73 84 72
73 88 25
73 91 17
73 93 35
73 95 67
73 96 12
73 98 89
73 101 76
73 102 74
73 105 75
73 107 5
73 109 7
73 111 70
73 112 81
73 113 8
73 114 59
73 115 75
73 116 84
73 117 100
73 120 85
73 122 97
73 124 45
73 129 2
73 130 9
73 134 24
73 135 86
73 136 68
73 141 31
73 142 69
73 144 54
73 145 17
73 146 74
74 77 1
74 79 12
74 84 65
74 86 20
74 87 18
74 88 29
74 92 79
74 99 12
74 102 49
74 104 77
74 106 8
74 108 60
74 110 99
74 112 16
74 114 88
74 116 41
74 118 1
74 119 56
74 122 49
74 126 95
74 129 42
74 132 39
74 134 89
74 135 49
74 136 11
74 138 66
74 139 73
74 142 35
74 143 3
74 147 30
74 148 79
74 149 46
74 150 56
75 78 27
75 79 60
75 83 18
75 84 66
75 88 51
75 89 90
75 92 5
75 94 78
75 96 51
75 98 38
75 100 81
75 101 16
75 104 40
75 107 69
75 112 94
75 116 37
75 118 23
75 119 23
75 123 79
75 124 19
75 129 89
75 130 11
75 131 66
75 132 62
75 133 75
75 138 51
75 141 5
75 142 35
75 145 96
76 77 83
76 79 91
76 87 18
76 89 79
76 91 79
76 93 60
76 96 61
76 98 1
76 100 44
76 102 86
76 108 25
76 109 55
76 114 90
76 116 11
76 117 4
76 118 71
76 119 73
76 123 90
76 125 46
76 129 3
76 132 1
76 133 18
76 136 45
76 141 22
76 142 90
76 146 95
77 79 31
77 84 2
77 85 75
77 86 74
77 87 32
77 90 13
77 94 87
77 96 94
77 97 67
77 100 18
77 109 87
77 110 47
77 111 86
77 113 73
77 119 86
77 121 86
77 123 73
77 129 45
77 130 1
77 131 45
77 132 72
77 134 100
77 137 67
77 138 38
77 139 31
77 140 55
77 141 33
77 143 85
77 147 51
77 148 42
78 79 22
78 80 23
78 83 21
78 84 39
78 86 34
78 89 86
78 90 100
78 91 71
78 93 54
78 96 16
78 97 22
78 98 96
78 99 71
78 103 13
78 105 47
78 106 88
78 107 100
78 109 6
78 112 86
78 114 21
78 116 81
78 119 63
78 121 18
78 123 31
78 124 34
78 125 59
78 136 21
78 137 58
78 139 78
78 140 88
78 142 90
78 144 11
78 145 65
78 147 52
79 82 71
79 83 10
79 85 38
79 87 36
79 88 75
79 91 83
79 92 89
79 93 99
79 96 1
79 101 52
79 103 20
79 105 43
79 106 60
79 107 86
79 109 11
79 115 25
79 116 88
79 117 40
79 118 91
79 119 16
79 120 24
79 122 98
79 128 81
79 130 36
79 132 91
79 135 15
79 143 46
79 144 58
79 149 18
80 82 3
80 83 49
80 85 65
80 89 76
80 90 87
80 91 56
80 92 92
80 93 76
80 97 13
80 98 96
80 100 13
80 104 98
80 106 81
80 109 72
80 110 38
80 112 1
80 116 52
80 118 1
80 120 99
80 124 42
80 125 53
80 127 70
80 128 90
80 129 76
80 136 20
80 137 12
80 144 62
80 149 36
80 150 99
81 85 70
81 87 99
81 89 41
81 90 12
81 91 18
81 94 38
81 100 1
81 104 98
81 108 40
81 109 23
81 110 67
81 112 92
81 113 71
81 116 100
81 117 76
81 118 17
81 120 7
81 121 22
81 123 48
81 126 9
81 127 35
81 128 85
81 129 45
81 131 90
81 133 34
81 134 77
81 142 58
81 143 42
81 149 37
81 150 7
82 84 65
82 91 73
82 92 4
82 94 38
82 96 4
82 97 18
82 98 31
82 101 51
82 105 94
82 106 32
82 108 42
82 109 33
82 114 64
82 115 80
82 117 88
82 122 86
82 123 24
82 125 96
82 127 35
82 129 31
82 130 71
82 131 98
82 134 46
82 136 8
82 137 90
82 138 69
82 141 45
82 142 90
82 145 24
82 146 29
82 149 19
83 86 67
83 87 49
83 94 6
83 95 30
83 99 71
83 100 34
83 102 68
83 103 32
83 106 96
83 107 4
83 108 28
83 109 72
83 112 64
83 113 46
83 114 63
83 115 12
83 120 68
83 122 78
83 125 70
83 136 32
83 141 37
83 144 28
83 146 96
83 147 90
83 148 53
84 85 60
84 86 88
84 89 45
84 91 92
84 92 47
84 94 60
84 96 98
84 100 41
84 102 46
84 106 81
84 108 15
84 114 74
84 117 43
84 125 94
84 127 96
84 128 87
84 134 89
84 135 54
84 141 70
85 92 85
85 96 18
85 97 13
85 98 74
85 104 11
85 105 32
85 110 89
85 111 57
85 115 62
85 117 22
85 118 97
85 123 68
85 131 28
85 132 77
85 133 68
85 135 14
85 136 38
85 137 96
85 138 82
85 147 43
85 148 24
85 150 97
86 89 73
86 92 54
86 100 31
86 105 14
86 107 52
86 112 79
86 114 94
86 115 94
86 117 59
86 118 7
86 119 57
86 124 14
86 126 93
86 130 19
86 136 38
86 142 55
86 148 94
86 149 50
87 91 96
87 96 86
87 99 90
87 100 57
87 103 79
87 105 59
87 109 43
87 110 91
87 112 14
87 116 52
87 120 6
87 127 10
87 130 78
87 132 51
87 135 18
87 136 80
87 137 49
87 143 50
87 148 88
87 150 17
88 90 30
88 91 19
88 93 87
88 97 88
88 98 63
88 99 65
88 103 78
88 104 93
88 108 9
88 109 71
88 110 71
88 111 17
88 114 41
88 116 38
88 117 73
88 118 12
88 123 38
88 128 27
88 131 17
88 135 7
88 136 45
88 139 90
88 140 63
88 144 60
88 146 23
88 148 48
88 150 22
89 92 18
89 95 17
89 97 28
89 99 11
89 100 94
89 109 24
89 110 63
89 111 98
89 112 59
89 115 17
89 116 72
89 118 72
89 120 76
89 130 69
89 131 24
89 132 4
89 135 73
89 136 42
89 142 77
89 147 84
90 92 12
90 99 68
90 102 15
90 103 76
90 104 21
90 109 17
90 111 95
90 113 42
90 117 88
90 118 65
90 119 38
90 121 89
90 123 18
90 127 6
90 128 38
90 129 94
90 130 33
90 132 61
90 133 77
90 134 80
90 136 65
90 137 37
90 138 10
90 140 98
90 141 19
90 144 46
90 148 34
90 149 88
91 94 39
91 98 14
91 101 49
91 102 32
91 103 66
91 106 4
91 107 45
91 108 73
91 112 50
91 114 45
91 116 81
91 117 27
91 118 25
91 124 39
91 125 52
91 128 45
91 130 58
91 132 25
91 133 4
91 136 1
91 139 16
91 140 39
91 141 57
91 142 60
91 143 87
91 144 89
91 147 20
91 148 45
91 150 68
92 94 79
92 96 99
92 100 84
92 103 62
92 105 81
92 109 60
92 111 87
92 112 92
92 115 66
92 116 82
92 117 61
92 118 57
92 121 98
92 122 100
92 123 42
92 126 29
92 131 40
92 137 46
92 142 74
92 143 15
92 144 10
92 147 5
92 148 24
92 149 50
93 96 54
93 97 62
93 100 19
93 102 42
93 103 13
93 104 2
93 106 69
93 111 2
93 114 18
93 117 25
93 125 89
93 128 86
93 131 26
93 134 76
93 135 91
93 139 33
93 143 1
93 145 19
93 149 77
94 95 36
94 97 60
94 98 57
94 101 21
94 102 29
94 103 57
94 106 7
94 110 96
94 111 50
94 112 24
94 120 22
94 123 56
94 128 63
94 129 2
94 132 40
94 135 8
94 137 40
94 140 18
94 141 1
94 142 73
94 144 16
94 145 18
94 149 24
95 96 89
95 98 54
95 101 93
95 102 61
95 107 49
95 108 3
95 110 61
95 113 12
95 116 54
95 120 14
95 123 75
95 125 7
95 128 98
95 130 34
95 133 44
95 134 89
95 135 83
95 136 80
95 138 13
95 139 37
95 143 12
95 144 87
96 99 70
96 101 31
96 102 20
96 103 38
96 104 70
96 105 92
96 109 27
96 110 84
96 114 28
96 115 99
96 119 94
96 122 32
96 125 96
96 131 20
96 133 91
96 134 87
96 140 1
96 141 62
96 143 22
96 144 70
96 146 49
96 148 30
96 149 62
96 150 37
97 100 84
97 101 48
97 102 47
97 105 40
97 109 39
97 112 34
97 116 84
97 121 50
97 122 35
97 123 55
97 124 38
97 125 60
97 126 8
97 127 25
97 136 23
97 137 87
97 143 12
97 144 40
97 145 41
97 146 82
98 100 63
98 102 10
98 103 70
98 105 27
98 106 71
98 107 100
98 110 37
98 111 88
98 112 33
98 116 19
98 117 66
98 118 69
98 121 57
98 124 83
98 127 51
98 128 19
98 133 46
98 134 70
98 139 63
98 140 6
98 144 95
98 145 36
98 149 46
99 107 39
99 110 36
99 111 10
99 113 59
99 119 96
99 121 81
99 124 64
99 125 13
99 128 17
99 137 44
99 138 100
99 139 85
99 144 30
99 145 100
99 147 62
99 148 94
99 150 93
100 103 4
100 104 18
100 105 52
100 106 22
100 107 67
100 111 93
100 115 54
100 127 17
100 131 7
100 133 63
100 138 18
100 139 99
100 141 18
100 143 61
100 147 93
100 148 96
100 150 52
101 103 14
101 105 75
101 118 14
101 120 18
101 122 4
101 123 83
101 127 19
101 129 29
101 131 25
101 137 35
101 142 40
101 144 11
101 146 56
101 147 93
101 149 18
102 103 100
102 104 16
102 107 84
102 110 36
102 113 13
102 124 69
102 127 32
102 129 42
102 132 80
102 133 6
102 134 35
102 137 3
102 139 89
102 141 70
102 144 9
102 145 70
102 147 52
102 148 21
102 149 100
103 104 9
103 107 54
103 109 3
103 110 36
103 113 48
103 114 3
103 119 59
103 120 89
103 122 31
103 125 51
103 126 34
103 129 78
103 131 47
103 135 11
103 136 22
103 139 86
103 140 43
103 142 29
103 144 25
103 146 11
103 148 22
103 149 97
103 150 50
104 105 94
104 113 53
104 114 53
104 115 21
104 119 2
104 121 100
104 128 23
104 129 5
104 132 45
104 133 60
104 135 83
104 138 35
104 140 84
104 149 84
105 114 63
105 116 78
105 118 42
105 119 36
105 121 63
105 122 25
105 123 50
105 125 85
105 127 33
105 130 43
105 131 80
105 135 43
105 137 94
105 139 13
105 140 78
105 143 73
105 146 26
105 147 59
105 148 13
106 107 96
106 108 87
106 109 42
106 112 50
106 116 6
106 119 76
106 120 44
106 123 4
106 125 2
106 128 27
106 130 73
106 135 31
106 138 51
106 140 94
106 141 83
106 142 83
106 144 17
106 146 12
106 147 60
106 149 54
107 108 47
107 112 2
107 113 23
107 114 38
107 117 56
107 120 15
107 121 57
107 131 87
107 133 40
107 134 45
107 137 52
107 138 48
107 140 22
107 142 47
107 143 91
107 146 79
107 147 91
107 148 46
108 109 60
108 110 18
108 114 52
108 115 8
108 118 33
108 119 60
108 124 51
108 126 27
108 133 71
108 134 38
108 138 26
108 141 45
108 143 51
108 146 89
108 147 86
108 149 49
108 150 5
109 111 97
109 112 89
109 114 77
109 116 99
109 122 12
109 123 19
109 128 75
109 129 51
109 131 70
109 133 21
109 135 67
109 136 90
109 141 19
109 142 18
109 143 98
109 144 83
109 146 4
110 112 36
110 119 91
110 122 76
110 123 23
110 124 83
110 125 31
110 127 8
110 129 27
110 131 47
110 133 85
110 137 30
110 142 71
110 143 87
110 145 67
110 147 15
110 149 16
111 112 57
111 113 74
111 118 84
111 119 79
111 122 73
111 123 44
111 124 56
111 127 34
111 129 3
111 131 24
111 132 23
111 134 13
111 137 46
111 140 42
111 142 9
111 145 8
111 147 63
111 149 71
112 114 91
112 121 42
112 122 71
112 124 35
112 125 87
112 126 17
112 127 24
112 130 15
112 131 8
112 137 65
112 141 39
112 142 98
112 143 6
112 146 31
112 150 1
113 114 59
113 115 7
113 117 22
113 119 84
113 120 65
113 124 45
113 125 10
113 127 77
113 132 60
113 133 37
113 137 75
113 138 43
113 141 2
113 143 26
113 144 32
113 145 86
113 150 28
114 121 94
114 126 86
114 131 36
114 134 81
114 137 16
114 138 5
114 142 37
114 143 73
114 144 18
114 145 62
114 146 21
114 148 32
114 150 88
115 117 3
115 119 45
115 123 79
115 128 91
115 132 62
115 133 90
115 135 50
115 136 69
115 140 12
115 146 37
115 147 88
115 148 88
115 150 12
116 120 94
116 121 69
116 122 79
116 123 22
116 124 24
116 125 13
116 128 40
116 129 3
116 130 17
116 132 37
116 139 88
116 140 59
116 142 76
116 144 37
116 145 77
116 148 34
116 150 30
117 118 45
117 122 18
117 123 87
117 125 62
117 130 55
117 132 39
117 137 41
117 139 57
117 142 51
117 143 47
117 147 65
117 149 21
118 119 19
118 120 93
118 121 82
118 129 32
118 130 90
118 133 52
118 134 26
118 136 44
118 137 91
118 138 87
118 140 67
118 141 9
118 144 17
118 145 29
118 148 39
118 150 62
119 122 29
119 127 92
119 128 51
119 129 92
119 131 61
119 133 41
119 134 35
119 135 50
119 137 21
119 138 44
119 140 38
119 145 53
119 146 76
119 147 28
119 148 59
120 121 90
120 122 84
120 124 74
120 128 12
120 130 15
120 131 74
120 137 42
120 139 83
120 141 62
120 142 69
120 143 78
120 145 18
120 149 73
121 122 58
121 123 88
121 124 33
121 127 76
121 128 79
121 133 51
121 136 100
121 140 15
121 143 41
121 144 79
121 150 94
122 125 33
122 127 58
122 131 19
122 139 94
122 143 70
123 124 45
123 125 52
123 129 74
123 133 97
123 137 93
123 139 6
123 144 87
123 145 50
123 147 79
123 149 64
124 128 96
124 129 48
124 131 42
124 134 24
124 135 64
124 138 12
124 139 5
124 142 92
124 143 72
124 145 45
124 147 39
124 148 72
124 149 33
124 150 15
125 126 69
125 130 37
125 131 27
125 132 66
125 137 8
125 142 4
125 144 63
125 148 50
125 149 34
125 150 74
126 127 37
126 130 44
126 132 97
126 133 82
126 136 79
126 138 96
126 141 75
126 145 30
126 147 32
126 148 87
126 149 82
127 129 70
127 131 51
127 132 58
127 135 49
127 141 72
127 146 8
127 147 63
127 150 3
128 131 51
128 137 66
128 139 53
128 142 63
128 147 79
128 149 31
128 150 98
129 130 36
129 132 20
129 133 11
129 134 94
129 136 87
129 141 33
129 143 78
129 147 53
129 148 31
129 149 34
130 133 75
130 135 98
130 137 9
130 138 22
130 139 93
130 142 100
130 144 86
131 134 51
131 135 42
131 136 8
131 139 59
131 143 19
131 149 74
131 150 100
132 133 62
132 136 33
132 139 2
132 140 31
132 145 60
132 146 22
132 149 58
133 135 57
133 137 32
133 141 17
133 145 86
133 146 8
133 147 73
133 149 27
134 137 64
134 138 13
134 142 66
134 144 98
134 145 13
134 146 57
134 147 41
134 148 26
135 136 29
135 137 66
135 139 87
135 143 26
135 148 43
136 137 14
136 140 2
136 142 94
136 144 17
136 145 10
136 150 21
137 139 34
137 143 31
137 148 10
138 139 33
138 140 74
138 146 10
139 141 90
139 143 60
139 145 83
139 148 62
140 146 73
140 148 71
141 143 36
141 144 82
141 147 32
141 150 95
142 144 18
142 147 87
143 147 85
144 146 92
144 148 46
144 149 100
145 146 23
145 147 13
145 148 77
146 147 37
146 149 56
147 148 57
1 2 79
1 3 67
1 14 21
1 18 27
1 21 55
1 25 77
1 26 58
1 30 62
1 33 38
1 36 89
1 37 90
1 43 96
1 44 6
1 46 60
1 48 82
1 49 88
1 53 95
1 61 74
1 68 50
1 71 22
1 77 3
1 80 91
1 82 59
1 85 16
1 86 60
1 88 38
1 92 68
1 97 78
1 98 36
1 101 22
1 103 81
1 106 3
1 113 51
1 116 7
1 118 56
1 121 97
1 122 65
1 129 9
1 130 8
1 139 32
1 144 39
1 145 11
1 148 24
2 3 57
2 4 38
2 7 76
2 9 37
2 11 95
2 13 14
2 15 15
2 16 26
2 19 71
2 26 29
2 29 51
2 30 93
2 31 47
2 34 72
2 35 65
2 36 32
2 37 83
2 39 47
2 40 47
2 44 82
2 47 23
2 48 32
2 50 97
2 51 52
2 52 73
2 54 25
2 57 65
2 60 29
2 62 67
2 68 91
2 71 86
2 76 87
2 77 97
2 79 73
2 81 12
2 86 42
2 87 6
2 88 28
2 100 97
2 102 53
2 107 49
2 111 8
2 119 34
2 121 51
2 123 15
2 126 58
2 129 72
2 130 57
2 134 65
2 135 20
2 136 97
2 143 42
2 144 57
2 145 96
2 148 26
3 12 49
3 13 26
3 14 96
3 15 40
3 16 85
3 17 3
3 18 21
3 19 7
3 20 76
3 23 2
3 25 44
3 33 35
3 40 66
3 41 100
3 42 19
3 46 28
3 49 96
3 53 2
3 54 31
3 55 78
3 57 24
3 59 34
3 63 24
3 65 53
3 66 16
3 67 29
3 68 33
3 72 73
3 77 86
3 78 36
3 79 17
3 81 24
3 82 11
3 87 26
3 90 65
3 91 2
3 92 100
3 93 47
3 95 8
3 96 39
3 98 18
3 99 43
3 100 9
3 102 2
3 104 28
3 105 73
3 107 68
3 108 76
3 112 96
3 114 83
3 115 47
3 121 89
3 123 13
3 125 84
3 126 87
3 127 67
3 128 97
3 129 50
3 131 44
3 136 96
3 144 78
3 145 39
3 149 44
4 13 49
4 16 35
4 17 50
4 18 57
4 20 33
4 23 22
4 24 9
4 27 31
4 28 16
4 29 20
4 31 19
4 33 27
4 34 40
4 37 32
4 38 56
4 39 36
4 41 94
4 43 20
4 44 18
4 48 55
4 49 4
4 52 27
4 58 61
4 59 71
4 61 18
4 62 70
4 63 56
4 64 24
4 65 55
4 66 11
4 67 47
4 68 26
4 78 15
4 79 22
4 80 32
4 81 26
4 82 10
4 84 18
4 88 14
4 93 11
4 95 82
4 96 65
4 97 99
4 98 91
4 100 25
4 101 38
4 104 46
4 109 8
4 111 5
4 112 20
4 118 75
4 119 26
4 125 13
4 137 52
4 138 52
4 142 59
4 146 1
5 10 98
5 12 59
5 13 78
5 17 96
5 21 49
5 22 80
5 23 40
5 26 48
5 28 58
5 29 99
5 30 22
5 31 28
5 32 45
5 36 67
5 41 35
5 46 61
5 47 21
5 49 53
5 52 91
5 64 14
5 66 81
5 67 14
5 68 14
5 70 28
5 73 10
5 78 48
5 80 77
5 83 100
5 84 13
5 85 57
5 87 59
5 92 100
5 93 32
5 94 87
5 95 67
5 97 27
5 98 30
5 104 61
5 108 83
5 109 75
5 115 50
5 117 63
5 119 67
5 120 36
5 121 8
5 122 97
5 124 51
5 125 41
5 132 96
5 135 59
5 138 11
5 139 20
5 142 65
5 143 15
5 148 21
6 8 75
6 9 80
6 12 54
6 18 55
6 19 43
6 23 75
6 25 79
6 28 52
6 30 62
6 34 91
6 35 98
6 37 20
6 38 75
6 42 41
6 43 43
6 44 17
6 46 85
6 53 99
6 56 71
6 57 18
6 62 48
6 73 69
6 74 71
6 77 76
6 78 54
6 79 39
6 85 76
6 86 17
6 87 54
6 88 32
6 92 96
6 93 25
6 94 1
6 96 90
6 98 98
6 101 81
6 102 52
6 103 60
6 105 16
6 108 56
6 110 48
6 111 98
6 113 26
6 114 70
6 117 70
6 121 54
6 122 12
6 124 47
6 125 39
6 127 93
6 129 43
6 130 67
6 133 83
6 136 56
6 137 40
6 139 86
6 142 35
6 144 5
6 145 49
6 148 39
7 8 76
7 11 18
7 13 11
7 17 71
7 19 8
7 21 69
7 26 80
7 29 89
7 34 67
7 35 79
7 36 16
7 39 69
7 41 43
7 42 2
7 44 14
7 46 89
7 49 44
7 51 23
7 53 97
7 58 78
7 59 52
7 60 3
7 65 13
7 67 21
7 70 64
7 72 62
7 73 37
7 75 21
7 77 64
7 82 39
7 83 69
7 85 26
7 88 56
7 91 91
7 92 60
7 94 66
7 98 96
7 102 96
7 104 51
7 106 37
7 110 70
7 118 69
7 122 51
7 127 26
7 128 91
7 130 53
7 133 57
7 137 43
7 138 22
7 139 52
7 140 58
7 142 97
7 143 13
7 149 43
8 9 40
8 10 84
8 12 46
8 19 29
8 23 6
8 24 28
8 29 8
8 32 34
8 34 67
8 41 70
8 42 37
8 46 36
8 48 63
8 49 38
8 55 87
8 56 45
8 57 36
8 60 59
8 64 85
8 65 14
8 68 78
8 69 44
8 74 37
8 75 28
8 76 38
8 79 59
8 81 34
8 88 64
8 92 94
8 94 15
8 96 66
8 98 95
8 101 30
8 102 33
8 103 70
8 105 60
8 108 29
8 109 100
8 111 74
8 119 96
8 121 71
8 122 83
8 123 6
8 125 86
8 127 22
8 132 12
8 140 90
8 142 10
8 148 52
9 10 80
9 16 60
9 17 98
9 18 51
9 26 13
9 30 17
9 34 84
9 35 76
9 36 96
9 47 36
9 48 36
9 56 63
9 57 10
9 66 70
9 69 45
9 70 47
9 71 18
9 76 72
9 77 24
9 79 16
9 84 25
9 86 100
9 87 3
9 88 47
9 89 89
9 103 23
9 108 58
9 109 31
9 112 46
9 120 31
9 121 14
9 122 31
9 123 25
9 129 26
9 132 78
9 133 43
9 134 2
9 135 97
9 137 31
9 138 34
9 140 5
9 142 31
9 148 59
9 149 60
10 13 19
10 22 20
10 24 8
10 25 57
10 26 11
10 27 46
10 29 18
10 36 10
10 37 7
10 44 78
10 45 67
10 46 37
10 49 63
10 52 36
10 55 75
10 56 50
10 57 99
10 58 62
10 59 11
10 60 63
10 61 79
10 62 82
10 63 84
10 64 67
10 66 52
10 68 76
10 70 36
10 73 56
10 76 20
10 82 96
10 87 86
10 92 80
10 93 14
10 94 32
10 95 60
10 98 39
10 101 43
10 103 78
10 104 34
10 107 1
10 109 86
10 110 16
10 111 23
10 114 54
10 115 37
10 117 62
10 119 58
10 120 84
10 121 57
10 126 13
10 128 3
10 129 70
10 130 51
10 138 86
10 141 71
10 145 65
10 146 3
10 147 96
10 148 37
10 149 2
11 12 49
11 13 83
11 14 90
11 15 85
11 17 93
11 19 66
11 21 20
11 25 69
11 31 69
11 33 34
11 36 35
11 40 34
11 42 12
11 45 72
11 49 74
11 51 66
11 57 73
11 60 84
11 63 47
11 64 96
11 73 59
11 77 75
11 78 30
11 80 38
11 83 36
11 84 77
11 88 56
11 91 90
11 93 57
11 96 21
11 97 52
11 100 4
11 103 78
11 104 68
11 112 46
11 114 60
11 115 81
11 123 15
11 128 85
11 131 20
11 132 57
11 136 24
11 137 67
11 139 83
11 140 1
11 143 55
11 146 93
12 14 8
12 15 59
12 16 91
12 17 80
12 18 46
12 19 84
12 22 79
12 27 34
12 29 24
12 32 99
12 36 45
12 37 63
12 41 46
12 42 49
12 44 75
12 48 4
12 50 27
12 51 96
12 52 89
12 53 38
12 56 52
12 57 12
12 63 7
12 66 96
12 67 11
12 68 66
12 70 84
12 80 97
12 81 58
12 82 97
12 85 68
12 91 53
12 104 5
12 107 16
12 108 27
12 110 100
12 112 41
12 117 71
12 118 84
12 121 84
12 122 76
12 125 77
12 127 35
12 130 6
12 134 36
12 136 17
12 138 90
12 139 25
12 142 15
12 143 26
12 145 46
12 148 27
13 14 15
13 16 39
13 17 93
13 21 32
13 22 82
13 24 96
13 25 79
13 27 66
13 29 80
13 34 100
13 35 9
13 36 53
13 37 86
13 38 94
13 40 84
13 45 12
13 46 51
13 48 2
13 50 82
13 52 61
13 54 26
13 55 33
13 58 8
13 59 9
13 60 67
13 65 53
13 70 75
13 71 32
13 73 66
13 74 49
13 75 62
13 78 55
13 80 36
13 82 70
13 92 46
13 95 33
13 100 69
13 101 74
13 102 83
13 105 24
13 106 59
13 107 56
13 108 87
13 114 58
13 116 34
13 119 86
13 121 41
13 124 83
13 125 51
13 126 22
13 129 95
13 131 93
13 133 1
13 134 39
13 137 15
13 139 59
13 143 98
13 145 68
14 17 14
14 20 50
14 21 65
14 26 13
14 29 24
14 31 53
14 36 10
14 38 4
14 39 35
14 41 98
14 43 44
14 44 43
14 45 65
14 50 98
14 51 28
14 55 11
14 59 96
14 64 19
14 66 8
14 67 86
14 69 23
14 71 3
14 72 61
14 74 97
14 75 31
14 76 7
14 78 8
14 83 14
14 88 16
14 89 99
14 91 76
14 95 11
14 96 94
14 97 12
14 101 25
14 104 66
14 107 56
14 110 83
14 112 75
14 113 3
14 117 81
14 119 99
14 120 42
14 124 19
14 130 89
14 136 48
14 138 95
14 140 98
14 141 9
14 143 71
14 150 80
15 16 35
15 17 3
15 19 2
15 28 72
15 30 6
15 31 17
15 32 39
15 34 92
15 35 10
15 36 66
15 37 25
15 42 52
15 43 11
15 44 41
15 45 71
15 49 53
15 51 87
15 58 91
15 60 63
15 62 37
15 63 73
15 65 65
15 71 22
15 72 31
15 74 35
15 75 40
15 76 80
15 80 71
15 81 95
15 82 26
15 84 64
15 85 82
15 86 66
15 88 13
15 89 10
15 91 35
15 92 60
15 95 95
15 97 9
15 101 57
15 102 95
15 103 39
15 106 100
15 113 44
15 115 2
15 116 21
15 117 39
15 118 79
15 119 87
15 122 57
15 127 70
15 132 22
15 133 48
15 136 22
15 137 48
15 141 99
15 145 44
15 146 23
15 147 74
15 148 52
16 17 5
16 20 6
16 21 45
16 25 2
16 28 82
16 31 74
16 33 31
16 38 73
16 39 18
16 40 82
16 41 77
16 43 45
16 44 77
16 45 19
16 47 44
16 50 36
16 51 6
16 55 60
16 56 62
16 58 14
16 59 31
16 60 40
16 63 16
16 64 96
16 72 7
16 73 45
16 74 11
16 76 90
16 77 54
16 79 84
16 83 79
16 85 97
16 86 51
16 89 33
16 90 96
16 91 46
16 96 52
16 99 34
16 100 5
16 104 30
16 105 58
16 107 13
16 108 52
16 111 31
16 112 75
16 113 99
16 114 70
16 115 13
16 116 45
16 117 65
16 119 100
16 124 97
16 125 43
16 127 45
16 128 20
16 130 55
16 133 84
16 135 40
16 137 83
16 138 82
16 141 84
16 146 64
16 147 93
16 148 34
16 150 13
17 18 37
17 19 2
17 24 81
17 26 62
17 27 85
17 34 27
17 35 40
17 36 100
17 39 20
17 40 46
17 42 92
17 43 73
17 45 42
17 47 95
17 48 39
17 49 18
17 50 49
17 51 26
17 55 72
17 65 65
17 67 86
17 68 76
17 71 43
17 72 60
17 75 83
17 78 10
17 79 85
17 80 21
17 83 51
17 99 86
17 102 83
17 103 97
17 104 87
17 105 75
17 106 21
17 109 72
17 111 18
17 112 54
17 115 77
17 116 94
17 119 95
17 120 71
17 127 49
17 128 99
17 132 31
17 133 29
17 134 28
17 135 82
17 136 24
17 139 94
17 140 3
17 141 25
17 143 32
17 148 47
17 149 55
18 22 4
18 23 41
18 24 80
18 28 88
18 29 25
18 30 62
18 33 100
18 34 22
18 35 60
18 37 59
18 40 12
18 41 70
18 42 47
18 43 97
18 44 28
18 46 10
18 47 73
18 55 58
18 56 55
18 60 99
18 61 89
18 63 11
18 72 25
18 76 26
18 78 97
18 80 51
18 84 31
18 86 57
18 89 70
18 90 21
18 92 35
18 95 7
18 97 63
18 98 72
18 102 36
18 103 16
18 107 56
18 114 85
18 115 87
18 117 43
18 118 25
18 120 53
18 123 61
18 125 78
18 127 34
18 130 59
18 132 26
18 137 59
18 140 74
18 146 20
19 20 48
19 22 69
19 25 72
19 26 12
19 28 18
19 32 75
19 33 93
19 34 15
19 36 88
19 37 67
19 38 17
19 40 86
19 43 71
19 48 90
19 50 87
19 51 2
19 54 44
19 56 47
19 57 93
19 58 99
19 64 53
19 68 68
19 71 95
19 72 64
19 73 64
19 77 68
19 82 74
19 83 27
19 87 3
19 89 50
19 90 28
19 92 46
19 93 49
19 100 70
19 106 92
19 111 31
19 113 3
19 116 76
19 118 75
19 119 89
19 128 14
19 131 95
19 132 97
19 133 11
19 134 54
19 135 68
19 140 33
19 141 73
19 142 28
19 144 93
19 145 36
19 147 21
19 150 72
20 22 45
20 25 55
20 26 15
20 28 60
20 31 23
20 34 78
20 35 54
20 37 38
20 46 12
20 49 80
20 50 9
20 54 56
20 61 6
20 63 94
20 64 36
20 66 75
20 68 11
20 75 70
20 76 73
20 77 2
20 78 31
20 79 83
20 80 31
20 81 83
20 82 21
20 83 38
20 88 97
20 90 27
20 91 43
20 92 38
20 97 6
20 98 2
20 99 17
20 102 85
20 105 43
20 106 72
20 107 78
20 110 57
20 111 98
20 112 24
20 116 34
20 117 11
20 118 7
20 119 5
20 121 54
20 122 13
20 123 76
20 127 82
20 128 33
20 130 25
20 141 87
20 143 33
20 145 93
20 148 75
21 22 33
21 23 75
21 26 83
21 29 60
21 35 19
21 37 99
21 39 71
21 41 14
21 43 98
21 46 24
21 47 17
21 49 67
21 52 3
21 53 90
21 55 6
21 57 66
21 58 69
21 59 93
21 60 78
21 61 35
21 62 43
21 64 99
21 65 45
21 66 8
21 70 31
21 77 33
21 81 57
21 83 68
21 85 12
21 86 18
21 91 76
21 93 11
21 94 46
21 95 74
21 98 92
21 100 74
21 101 60
21 105 47
21 106 48
21 110 38
21 111 16
21 114 11
21 116 6
21 117 59
21 118 61
21 119 54
21 125 31
21 126 31
21 128 88
21 130 80
21 131 14
21 136 67
21 138 95
21 142 15
21 148 53
21 149 67
21 150 62
22 24 70
22 25 39
22 28 85
22 32 44
22 34 39
22 42 23
22 43 34
22 46 35
22 54 20
22 56 52
22 57 35
22 58 95
22 66 17
22 69 39
22 70 45
22 77 45
22 80 4
22 82 52
22 85 35
22 86 20
22 89 59
22 91 72
22 95 44
22 97 11
22 98 95
22 100 46
22 101 13
22 102 16
22 104 42
22 105 71
22 110 76
22 113 23
22 116 82
22 119 76
22 121 43
22 123 15
22 125 70
22 126 24
22 127 23
22 133 77
22 136 14
22 137 16
22 140 81
22 144 94
22 146 72
22 148 40
22 149 100
23 24 9
23 25 46
23 28 28
23 29 52
23 30 65
23 35 58
23 36 63
23 45 57
23 46 30
23 48 21
23 49 27
23 51 46
23 61 3
23 63 3
23 64 50
23 71 18
23 74 34
