150 10058 1
1 3 96
1 8 61
1 17 86
1 19 62
1 20 4
1 30 92
1 33 48
1 34 95
1 36 6
1 37 52
1 40 81
1 41 28
1 44 73
1 47 47
1 48 31
1 49 80
1 52 94
1 57 73
1 58 84
1 60 20
1 62 27
1 63 94
1 65 79
1 67 4
1 72 4
1 73 20
1 74 65
1 80 25
1 86 89
1 87 30
1 88 73
1 90 95
1 98 34
1 99 8
1 103 37
1 106 80
1 107 91
1 108 80
1 110 65
1 111 93
1 112 15
1 116 54
1 123 96
1 124 29
1 126 75
1 130 60
1 132 35
1 135 92
1 136 31
1 141 64
1 145 70
1 146 59
1 149 28
2 4 4
2 8 84
2 11 19
2 13 12
2 14 55
2 15 88
2 17 96
2 21 53
2 22 62
2 24 29
2 25 37
2 31 7
2 36 84
2 37 41
2 38 21
2 39 69
2 41 22
2 49 65
2 52 75
2 54 9
2 55 58
2 58 90
2 61 5
2 63 46
2 67 45
2 75 78
2 79 26
2 80 41
2 81 22
2 85 62
2 87 67
2 88 48
2 90 35
2 91 9
2 93 99
2 96 73
2 97 67
2 100 49
2 102 97
2 106 61
2 108 15
2 116 92
2 117 77
2 118 51
2 124 43
2 125 74
2 126 33
2 127 26
2 128 50
2 137 59
2 141 87
2 142 63
2 143 20
2 145 59
2 148 96
2 149 8
3 5 1
3 7 90
3 8 98
3 9 15
3 10 71
3 14 27
3 18 66
3 20 98
3 22 46
3 30 85
3 32 6
3 33 70
3 37 3
3 41 76
3 43 72
3 44 1
3 47 72
3 50 90
3 51 87
3 52 94
3 53 84
3 56 44
3 61 4
3 62 59
3 63 79
3 69 92
3 70 77
3 71 35
3 74 28
3 75 2
3 77 49
3 79 72
3 81 96
3 83 72
3 90 34
3 96 17
3 97 16
3 98 96
3 99 75
3 100 33
3 103 90
3 108 62
3 109 78
3 110 26
3 111 65
3 113 55
3 120 35
3 121 84
3 122 50
3 124 33
3 127 59
3 132 66
3 138 15
3 140 19
3 143 68
3 144 55
3 146 22
3 148 34
4 5 35
4 8 28
4 10 9
4 17 25
4 20 52
4 23 73
4 25 13
4 29 91
4 31 37
4 37 54
4 39 41
4 41 61
4 43 12
4 44 99
4 47 42
4 52 21
4 54 25
4 56 65
4 60 12
4 61 16
4 63 35
4 66 5
4 67 25
4 73 88
4 75 80
4 77 37
4 78 92
4 81 59
4 82 49
4 84 78
4 86 99
4 88 91
4 89 22
4 92 43
4 95 16
4 97 49
4 99 55
4 100 61
4 108 24
4 111 49
4 112 67
4 114 76
4 116 10
4 119 23
4 124 42
4 127 60
4 130 21
4 132 78
4 140 36
4 143 97
4 144 82
4 147 40
4 149 21
4 150 51
5 8 69
5 17 44
5 20 30
5 21 94
5 23 36
5 36 10
5 40 16
5 42 52
5 44 12
5 47 83
5 48 48
5 49 58
5 50 68
5 51 68
5 53 53
5 54 10
5 55 75
5 59 16
5 67 39
5 69 95
5 73 5
5 74 51
5 77 70
5 79 42
5 80 98
5 83 34
5 84 73
5 85 12
5 88 42
5 94 37
5 95 12
5 98 21
5 99 56
5 102 28
5 106 65
5 109 75
5 110 77
5 114 97
5 118 67
5 122 88
5 123 86
5 128 87
5 130 36
5 133 48
5 135 29
5 137 26
5 140 21
5 141 58
5 146 16
5 147 96
5 150 69
6 8 80
6 13 59
6 16 45
6 18 38
6 20 17
6 21 77
6 22 66
6 24 4
6 27 95
6 29 48
6 31 40
6 32 84
6 33 41
6 34 76
6 35 68
6 36 47
6 37 55
6 40 95
6 42 12
6 44 48
6 46 35
6 48 93
6 53 22
6 54 62
6 55 95
6 56 50
6 57 33
6 63 88
6 64 46
6 69 35
6 70 60
6 71 98
6 72 31
6 73 45
6 78 24
6 83 58
6 90 5
6 91 93
6 95 70
6 101 90
6 102 65
6 105 28
6 109 30
6 110 82
6 111 65
6 112 91
6 113 40
6 114 72
6 118 96
6 121 97
6 122 8
6 123 84
6 126 52
6 127 53
6 128 32
6 130 14
6 134 28
6 136 60
6 138 95
6 145 30
6 148 46
6 150 92
7 9 60
7 14 74
7 21 37
7 22 85
7 27 75
7 28 69
7 29 84
7 34 14
7 36 59
7 37 73
7 44 32
7 46 21
7 47 73
7 58 55
7 62 36
7 63 4
7 78 93
7 80 19
7 82 28
7 85 82
7 90 26
7 92 96
7 93 78
7 98 4
7 99 12
7 101 45
7 104 53
7 105 88
7 106 56
7 108 88
7 111 48
7 112 23
7 114 6
7 123 71
7 126 91
7 134 78
7 135 13
7 137 94
7 140 52
7 141 92
7 145 46
7 147 18
7 148 74
7 149 21
7 150 4
8 9 75
8 10 15
8 14 93
8 15 100
8 18 12
8 20 73
8 21 44
8 24 78
8 25 81
8 31 43
8 32 18
8 33 2
8 34 57
8 39 36
8 50 92
8 52 54
8 55 10
8 56 47
8 57 57
8 59 38
8 60 1
8 63 77
8 67 33
8 73 19
8 78 22
8 79 39
8 80 37
8 82 52
8 86 59
8 88 42
8 89 64
8 93 64
8 94 72
8 96 34
8 97 93
8 99 93
8 100 46
8 101 76
8 103 51
8 112 94
8 113 43
8 114 57
8 116 39
8 118 50
8 121 66
8 122 8
8 127 49
8 129 48
8 131 78
8 138 16
8 141 6
8 142 36
8 143 16
8 144 44
8 146 61
8 148 95
8 149 86
9 10 99
9 11 41
9 12 87
9 13 18
9 17 36
9 19 94
9 22 94
9 23 82
9 24 71
9 26 55
9 29 34
9 35 10
9 37 61
9 39 62
9 42 15
9 43 19
9 49 4
9 50 71
9 51 98
9 55 29
9 57 84
9 59 59
9 61 9
9 62 15
9 64 78
9 69 44
9 70 63
9 71 1
9 73 39
9 75 3
9 79 11
9 80 50
9 90 83
9 94 7
9 96 15
9 100 24
9 103 9
9 104 46
9 106 4
9 107 72
9 109 69
9 113 99
9 114 90
9 115 33
9 118 74
9 119 80
9 120 58
9 124 91
9 125 7
9 126 13
9 128 52
9 129 12
9 134 82
9 136 51
9 137 5
9 139 61
9 141 20
9 149 49
10 11 78
10 12 9
10 14 18
10 15 94
10 16 63
10 17 20
10 21 48
10 25 3
10 28 83
10 30 6
10 33 94
10 35 23
10 38 7
10 40 75
10 44 34
10 47 82
10 49 15
10 51 75
10 55 28
10 56 22
10 59 46
10 60 26
10 61 88
10 62 63
10 65 10
10 66 17
10 67 13
10 70 62
10 71 23
10 74 4
10 76 17
10 77 74
10 78 91
10 80 42
10 82 29
10 84 86
10 86 78
10 88 38
10 91 13
10 93 22
10 94 7
10 95 98
10 97 12
10 98 46
10 101 9
10 102 95
10 104 70
10 105 64
10 112 24
10 117 96
10 119 52
10 121 41
10 123 43
10 126 65
10 127 17
10 128 80
10 132 33
10 133 59
10 135 87
10 136 88
10 137 36
10 138 30
10 142 77
10 147 48
11 13 18
11 20 24
11 21 97
11 23 44
11 27 22
11 30 55
11 32 98
11 38 40
11 39 19
11 41 55
11 44 19
11 47 17
11 56 35
11 57 30
11 59 76
11 62 30
11 64 44
11 66 32
11 70 29
11 74 1
11 75 64
11 78 23
11 80 2
11 85 14
11 87 64
11 95 38
11 98 46
11 105 72
11 106 68
11 109 50
11 114 70
11 115 34
11 118 78
11 119 41
11 125 67
11 127 91
11 128 38
11 132 88
11 134 18
11 138 82
11 139 46
11 140 91
11 141 2
11 143 90
11 145 12
11 146 49
11 148 11
12 13 52
12 17 16
12 18 100
12 20 99
12 22 31
12 24 31
12 25 37
12 26 69
12 27 79
12 28 45
12 30 37
12 31 89
12 33 21
12 35 38
12 36 30
12 38 37
12 42 26
12 43 57
12 44 92
12 46 63
12 49 97
12 51 58
12 53 53
12 56 83
12 58 80
12 60 14
12 61 76
12 62 24
12 65 62
12 66 100
12 70 59
12 73 67
12 74 58
12 77 88
12 78 50
12 79 24
12 83 100
12 96 64
12 103 3
12 104 41
12 107 91
12 109 8
12 110 85
12 111 32
12 112 65
12 115 29
12 117 78
12 118 35
12 120 31
12 125 27
12 126 89
12 129 5
12 131 31
12 132 22
12 134 39
12 138 72
12 139 8
12 141 60
12 142 9
12 146 3
12 149 36
12 150 27
13 17 65
13 18 86
13 24 24
13 26 70
13 28 25
13 29 81
13 31 12
13 33 30
13 35 69
13 39 86
13 41 11
13 44 3
13 45 23
13 49 14
13 50 62
13 51 100
13 53 21
13 55 44
13 56 71
13 64 25
13 72 49
13 79 14
13 80 15
13 82 61
13 86 48
13 92 18
13 94 64
13 99 49
13 100 1
13 103 45
13 104 74
13 106 71
13 114 15
13 122 59
13 124 60
13 125 69
13 128 49
13 130 67
13 132 17
13 136 36
13 137 43
13 138 69
13 141 97
13 142 65
13 146 65
13 150 30
14 16 9
14 22 65
14 23 90
14 27 21
14 32 59
14 33 78
14 39 52
14 40 81
14 41 6
14 42 14
14 43 71
14 44 84
14 47 19
14 58 46
14 60 43
14 61 84
14 65 19
14 66 18
14 67 5
14 68 34
14 69 85
14 70 90
14 73 27
14 74 45
14 76 48
14 77 95
14 82 55
14 87 80
14 88 94
14 93 94
14 94 69
14 101 39
14 104 29
14 105 20
14 106 77
14 108 88
14 112 26
14 116 72
14 117 24
14 120 47
14 121 64
14 124 39
14 128 87
14 130 13
14 131 71
14 134 9
14 135 27
14 136 96
14 140 66
14 144 51
14 145 49
14 148 90
14 150 37
15 16 54
15 17 41
15 18 30
15 22 53
15 26 90
15 28 63
15 31 68
15 35 23
15 38 71
15 39 82
15 40 95
15 41 3
15 45 95
15 46 12
15 49 79
15 50 17
15 56 25
15 57 21
15 60 73
15 62 50
15 63 73
15 64 3
15 66 9
15 72 57
15 74 25
15 76 13
15 84 83
15 86 72
15 88 58
15 89 7
15 90 59
15 91 96
15 92 19
15 96 55
15 97 42
15 98 76
15 102 69
15 104 32
15 105 35
15 108 85
15 116 87
15 118 51
15 119 64
15 120 91
15 121 69
15 123 32
15 124 16
15 125 71
15 126 46
15 127 42
15 131 67
15 133 27
15 136 19
15 138 46
15 139 18
15 140 17
15 141 53
15 144 21
15 145 9
15 146 62
15 148 1
15 150 95
16 20 46
16 22 72
16 25 6
16 31 48
16 33 17
16 34 57
16 36 64
16 39 9
16 44 97
16 45 5
16 47 66
16 48 91
16 49 97
16 50 17
16 51 53
16 52 98
16 58 17
16 59 4
16 61 75
16 64 18
16 66 54
16 67 58
16 72 93
16 73 51
16 74 50
16 78 4
16 79 68
16 81 2
16 84 90
16 86 39
16 87 10
16 89 36
16 91 34
16 92 100
16 93 40
16 94 42
16 97 17
16 98 35
16 106 36
16 110 51
16 111 61
16 112 52
16 114 89
16 115 22
16 116 54
16 118 94
16 119 21
16 120 13
16 123 45
16 128 70
16 132 95
16 134 87
16 136 58
16 140 68
16 143 24
16 145 14
16 150 17
17 22 47
17 24 87
17 26 42
17 30 95
17 32 60
17 34 26
17 35 73
17 43 87
17 45 65
17 46 41
17 48 25
17 51 20
17 52 45
17 57 39
17 60 23
17 62 52
17 64 89
17 65 31
17 66 25
17 67 93
17 72 71
17 73 92
17 74 89
17 76 55
17 81 51
17 82 81
17 83 94
17 85 71
17 92 14
17 93 48
17 96 43
17 97 62
17 100 50
17 101 12
17 103 75
17 104 21
17 106 73
17 108 7
17 109 3
17 116 36
17 117 80
17 122 13
17 123 23
17 126 67
17 130 79
17 134 99
17 135 68
17 137 53
17 145 83
17 147 73
17 148 42
17 150 95
18 19 68
18 22 65
18 25 13
18 26 80
18 27 95
18 28 47
18 31 81
18 35 73
18 37 45
18 39 21
18 40 13
18 48 77
18 56 89
18 57 1
18 62 95
18 65 18
18 66 52
18 72 52
18 73 76
18 74 32
18 75 56
18 81 67
18 88 59
18 89 49
18 90 48
18 94 70
18 96 64
18 100 47
18 102 75
18 104 41
18 108 7
18 111 49
18 113 64
18 116 56
18 117 16
18 120 50
18 132 64
18 133 99
18 137 29
18 140 41
18 141 6
18 142 68
18 143 65
18 145 11
19 22 60
19 24 87
19 26 29
19 28 7
19 34 65
19 35 36
19 36 75
19 38 30
19 40 2
19 41 27
19 42 76
19 43 63
19 44 52
19 46 23
19 48 93
19 51 30
19 52 37
19 56 23
19 57 68
19 60 81
19 63 59
19 66 73
19 68 90
19 72 14
19 77 80
19 78 97
19 79 69
19 80 43
19 81 9
19 82 38
19 83 91
19 84 4
19 86 1
19 87 35
19 90 23
19 92 10
19 93 69
19 95 82
19 96 90
19 97 44
19 98 10
19 103 40
19 105 21
19 110 9
19 112 60
19 115 37
19 116 21
19 117 22
19 121 89
19 122 12
19 123 72
19 128 84
19 129 80
19 132 65
19 135 85
19 137 52
19 138 4
19 139 79
19 140 69
19 141 95
19 142 16
19 144 44
19 146 68
19 147 61
19 149 12
20 22 1
20 24 63
20 28 95
20 31 35
20 32 64
20 35 78
20 38 20
20 40 16
20 41 41
20 42 52
20 48 63
20 50 87
20 52 94
20 54 58
20 56 2
20 58 73
20 62 9
20 65 7
20 68 92
20 74 35
20 75 89
20 77 80
20 78 53
20 85 1
20 86 9
20 87 61
20 88 30
20 91 91
20 94 12
20 98 6
20 99 94
20 100 94
20 102 13
20 103 83
20 107 28
20 108 90
20 110 97
20 114 36
20 117 6
20 118 88
20 120 6
20 121 60
20 122 24
20 124 32
20 127 18
20 128 27
20 130 70
20 131 20
20 134 15
20 135 22
20 138 88
20 140 26
20 142 56
20 143 42
20 144 36
20 145 54
20 147 49
20 148 96
20 150 62
21 22 30
21 23 22
21 24 36
21 27 95
21 33 56
21 34 50
21 36 75
21 37 91
21 38 63
21 41 17
21 44 81
21 46 76
21 48 21
21 49 76
21 50 74
21 51 3
21 54 19
21 57 2
21 60 22
21 61 83
21 63 8
21 66 40
21 70 55
21 73 66
21 75 51
21 78 35
21 79 83
21 80 2
21 84 23
21 85 61
21 86 78
21 87 41
21 90 52
21 92 28
21 95 41
21 97 12
21 99 99
21 101 31
21 104 60
21 105 72
21 109 45
21 114 8
21 115 41
21 117 81
21 128 65
21 136 21
21 137 49
21 139 58
21 140 70
21 143 97
21 145 41
21 146 70
22 29 43
22 33 58
22 38 90
22 40 17
22 41 87
22 43 59
22 48 79
22 51 26
22 52 53
22 56 54
22 60 67
22 61 45
22 62 66
22 64 1
22 66 32
22 67 71
22 68 36
22 71 54
22 72 63
22 75 64
22 78 81
22 79 60
22 81 36
22 83 47
22 84 40
22 88 70
22 90 47
22 92 58
22 93 36
22 94 65
22 97 47
22 101 70
22 102 31
22 104 79
22 106 26
22 113 45
22 114 67
22 117 68
22 118 8
22 119 4
22 122 87
22 123 90
22 125 35
22 126 41
22 127 44
22 128 53
22 129 81
22 131 65
22 132 21
22 133 33
22 136 62
22 138 94
22 142 31
22 143 16
22 144 91
22 148 88
22 150 67
23 24 53
23 27 44
23 29 3
23 31 27
23 33 20
23 37 92
23 41 81
23 42 11
23 43 90
23 44 100
23 50 93
23 53 94
23 54 58
23 56 54
23 58 88
23 61 64
23 64 32
23 65 1
23 66 79
23 67 52
23 77 90
23 79 22
23 80 29
23 83 32
23 84 37
23 88 89
23 95 77
23 99 89
23 100 16
23 102 55
23 103 54
23 104 43
23 107 81
23 110 58
23 113 74
23 114 85
23 118 99
23 125 44
23 127 9
23 130 84
23 131 34
23 133 42
23 134 57
23 137 5
23 139 75
23 140 77
23 141 7
23 142 59
23 144 72
24 28 57
24 30 89
24 37 41
24 43 6
24 44 51
24 46 73
24 47 53
24 51 50
24 54 54
24 55 72
24 59 50
24 60 1
24 64 39
24 65 59
24 66 36
24 68 75
24 69 26
24 71 3
24 72 59
24 76 97
24 80 13
24 82 49
24 85 92
24 88 27
24 91 6
24 92 12
24 95 93
24 96 88
24 99 14
24 100 5
24 101 9
24 102 20
24 103 6
24 104 13
24 106 80
24 107 63
24 110 74
24 114 12
24 116 70
24 120 37
24 124 26
24 126 71
24 127 8
24 129 58
24 131 37
24 132 21
24 136 46
24 143 89
24 144 48
24 147 38
24 148 42
24 150 77
25 27 60
25 29 74
25 32 99
25 38 60
25 39 45
25 41 80
25 43 25
25 45 92
25 46 21
25 47 15
25 56 1
25 58 25
25 61 22
25 63 69
25 64 44
25 65 70
25 66 63
25 67 15
25 68 78
25 73 59
25 79 49
25 83 77
25 85 25
25 86 34
25 93 20
25 95 47
25 98 74
25 100 53
25 102 39
25 104 1
25 107 37
25 114 91
25 118 1
25 119 13
25 120 74
25 121 75
25 126 35
25 133 23
25 143 3
25 148 59
25 149 26
25 150 45
26 27 15
26 29 18
26 36 26
26 37 99
26 41 94
26 42 5
26 47 5
26 48 13
26 49 66
26 52 85
26 53 35
26 54 84
26 55 54
26 56 1
26 61 100
26 62 100
26 64 50
26 67 13
26 68 12
26 70 80
26 74 83
26 77 54
26 78 91
26 79 24
26 80 2
26 83 60
26 84 87
26 90 30
26 91 75
26 94 33
26 96 21
26 97 94
26 105 24
26 109 71
26 117 13
26 118 40
26 119 88
26 124 22
26 125 52
26 126 71
26 127 14
26 128 23
26 129 68
26 131 96
26 132 89
26 135 27
26 136 31
26 139 45
26 143 88
27 33 94
27 34 17
27 36 35
27 38 45
27 43 28
27 50 12
27 51 14
27 55 49
27 56 95
27 58 81
27 62 41
27 64 10
27 65 13
27 67 76
27 68 37
27 72 34
27 76 66
27 80 35
27 81 33
27 82 66
27 83 10
27 85 50
27 90 12
27 94 52
27 97 63
27 98 88
27 99 38
27 100 69
27 104 59
27 105 89
27 108 78
27 110 70
27 112 42
27 114 14
27 117 86
27 124 95
27 126 32
27 128 17
27 132 65
27 138 26
27 142 46
27 146 39
27 147 57
28 31 58
28 33 4
28 34 100
28 39 64
28 41 86
28 42 31
28 45 72
28 47 43
28 49 20
28 51 39
28 60 73
28 64 27
28 67 89
28 68 6
28 69 35
28 74 1
28 75 16
28 78 71
28 82 48
28 85 33
28 88 97
28 96 90
28 97 100
28 101 27
28 103 28
28 106 12
28 107 18
28 109 18
28 111 27
28 116 83
28 124 13
28 126 28
28 127 88
28 128 79
28 132 96
28 135 87
28 137 52
28 139 39
28 141 11
28 142 92
28 147 21
29 30 88
29 33 96
29 39 67
29 41 37
29 43 86
29 46 47
29 50 67
29 51 65
29 56 29
29 59 23
29 60 61
29 61 1
29 65 16
29 68 84
29 69 36
29 70 19
29 72 45
29 74 50
29 77 75
29 78 2
29 79 5
29 82 22
29 86 4
29 88 33
29 89 74
29 90 59
29 91 73
29 94 46
29 95 11
29 96 87
29 99 37
29 100 100
29 102 53
29 103 47
29 105 60
29 112 25
29 113 37
29 115 23
29 118 17
29 119 59
29 123 18
29 124 82
29 125 19
29 129 30
29 135 85
29 138 74
29 139 12
29 143 66
29 144 65
29 145 86
29 146 49
29 147 91
29 149 19
30 32 87
30 33 7
30 35 68
30 42 63
30 43 99
30 45 60
30 50 70
30 51 61
30 52 9
30 56 9
30 58 40
30 60 40
30 62 26
30 63 49
30 66 67
30 70 14
30 71 37
30 74 56
30 77 83
30 79 100
30 80 73
30 81 82
30 82 58
30 84 52
30 86 9
30 87 52
30 89 69
30 92 53
30 94 100
30 96 14
30 97 92
30 100 8
30 101 96
30 102 9
30 103 65
30 104 53
30 105 86
30 107 92
30 108 12
30 111 38
30 112 86
30 115 21
30 117 44
30 118 39
30 120 47
30 121 3
30 123 13
30 124 31
30 130 38
30 137 69
30 145 74
30 148 46
31 34 36
31 38 9
31 39 98
31 41 26
31 45 12
31 46 37
31 49 85
31 51 61
31 52 46
31 55 11
31 56 49
31 58 65
31 62 8
31 69 15
31 70 26
31 71 1
31 81 4
31 83 45
31 86 15
31 89 50
31 93 51
31 94 47
31 96 21
31 102 67
31 103 52
31 105 15
31 106 8
31 107 21
31 109 53
31 111 96
31 113 38
31 114 99
31 119 34
31 126 20
31 127 62
31 128 21
31 130 35
31 131 12
31 134 47
31 140 15
31 141 52
31 142 4
31 144 92
31 145 42
31 149 88
32 33 23
32 39 27
32 40 90
32 42 54
32 52 20
32 58 4
32 59 3
32 62 26
32 69 93
32 70 13
32 74 59
32 75 54
32 79 27
32 84 70
32 85 47
32 87 66
32 88 5
32 89 70
32 91 14
32 92 15
32 94 91
32 96 75
32 97 49
32 99 13
32 102 56
32 105 2
32 108 74
32 111 39
32 112 26
32 113 2
32 115 25
32 117 36
32 118 72
32 119 73
32 120 41
32 123 85
32 126 53
32 129 50
32 131 37
32 133 51
32 135 80
32 140 83
32 147 59
33 35 59
33 36 65
33 37 76
33 41 71
33 42 62
33 45 38
33 49 70
33 50 19
33 56 75
33 57 71
33 60 65
33 62 1
33 63 21
33 66 75
33 71 71
33 75 79
33 76 34
33 78 4
33 81 97
33 84 85
33 89 34
33 91 55
33 95 55
33 97 66
33 98 7
33 99 32
33 104 28
33 106 80
33 108 99
33 109 80
33 110 65
33 113 7
33 116 26
33 118 45
33 120 67
33 121 21
33 125 41
33 129 42
33 131 27
33 132 97
33 133 91
33 136 41
33 141 16
33 142 93
33 145 92
33 146 34
33 148 49
33 149 63
34 35 5
34 37 65
34 38 75
34 41 62
34 43 71
34 44 36
34 45 80
34 51 71
34 52 47
34 55 23
34 58 29
34 59 52
34 60 51
34 63 56
34 67 4
34 69 69
34 70 42
34 71 12
34 73 96
34 75 13
34 80 10
34 81 56
34 83 90
34 88 6
34 89 65
34 90 22
34 91 24
34 92 36
34 94 28
34 95 42
34 96 37
34 97 78
34 100 37
34 105 50
34 107 100
34 120 19
34 121 26
34 122 67
34 124 9
34 128 7
34 132 95
34 133 41
34 134 62
34 140 12
34 145 73
34 147 51
35 39 26
35 44 54
35 47 79
35 48 53
35 58 73
35 59 36
35 60 73
35 61 99
35 65 86
35 66 29
35 69 44
35 72 45
35 73 80
35 76 72
35 77 6
35 81 46
35 83 47
35 84 34
35 86 98
35 91 53
35 93 84
35 97 55
35 98 27
35 99 41
35 100 96
35 102 17
35 105 14
35 106 71
35 111 49
35 113 80
35 114 5
35 115 96
35 117 52
35 118 69
35 120 40
35 121 7
35 126 76
35 131 52
35 132 6
35 133 76
35 138 65
35 140 78
35 141 19
35 142 92
35 143 31
35 144 41
35 147 77
36 38 63
36 40 3
36 44 93
36 47 59
36 50 67
36 51 52
36 52 3
36 53 83
36 54 8
36 57 73
36 59 58
36 61 41
36 62 31
36 65 100
36 72 28
36 73 86
36 79 3
36 82 3
36 83 5
36 87 12
36 88 78
36 91 70
36 92 70
36 93 55
36 94 39
36 96 45
36 99 48
36 100 45
36 103 48
36 105 41
36 107 76
36 108 94
36 109 83
36 111 29
36 114 80
36 117 55
36 118 84
36 120 7
36 123 65
36 125 99
36 126 33
36 130 45
36 131 55
36 132 15
36 133 10
36 134 14
36 135 75
36 137 94
36 140 62
36 144 38
36 147 60
36 148 24
37 42 16
37 43 46
37 45 47
37 51 19
37 52 37
37 56 6
37 57 54
37 58 13
37 61 4
37 62 33
37 63 72
37 65 71
37 69 70
37 76 12
37 77 45
37 82 7
37 83 14
37 87 44
37 89 72
37 90 49
37 91 14
37 92 14
37 93 98
37 97 24
37 98 45
37 99 61
37 100 42
37 101 74
37 102 46
37 103 52
37 107 26
37 109 47
37 111 75
37 114 88
37 115 40
37 123 45
37 125 87
37 126 32
37 127 65
37 134 68
37 137 39
37 139 71
37 140 48
37 148 88
37 149 46
38 39 26
38 41 78
38 42 1
38 43 74
38 61 26
38 65 2
38 67 95
38 71 91
38 74 82
38 80 11
38 81 34
38 83 59
38 84 53
38 86 36
38 87 53
38 88 50
38 89 63
38 91 2
38 93 17
38 95 6
38 96 27
38 99 88
38 100 10
38 102 90
38 104 50
38 105 86
38 107 82
38 108 88
38 112 36
38 117 7
38 119 96
38 120 13
38 121 86
38 122 76
38 123 17
38 126 31
38 130 13
38 131 55
38 132 63
38 134 75
38 141 3
38 142 2
38 143 62
38 148 56
39 41 96
39 43 76
39 44 60
39 45 6
39 49 93
39 52 60
39 53 88
39 54 100
39 55 53
39 56 50
39 61 39
39 62 19
39 63 45
39 65 16
39 70 27
39 71 94
39 73 50
39 74 1
39 75 17
39 77 38
39 90 94
39 92 82
39 93 73
39 95 18
39 99 19
39 105 44
39 107 62
39 110 4
39 112 5
39 113 36
39 119 65
39 120 90
39 122 36
39 129 20
39 132 99
39 133 16
39 135 87
39 139 75
39 140 69
39 141 58
39 143 76
39 146 18
39 148 25
39 150 69
40 41 52
40 42 28
40 44 95
40 46 27
40 50 52
40 54 43
40 55 43
40 57 49
40 58 36
40 62 68
40 63 45
40 68 93
40 69 17
40 71 8
40 73 5
40 76 93
40 80 90
40 81 3
40 82 77
40 83 91
40 86 46
40 88 63
40 90 64
40 91 41
40 95 63
40 96 76
40 98 99
40 101 30
40 102 92
40 104 69
40 106 1
40 111 19
40 112 9
40 114 29
40 116 28
40 117 54
40 121 3
40 126 59
40 129 33
40 131 85
40 141 34
40 142 7
40 144 48
40 145 26
40 149 85
40 150 94
41 45 19
41 48 94
41 49 43
41 50 23
41 53 59
41 55 81
41 58 66
41 60 72
41 61 97
41 62 71
41 63 42
41 75 42
41 80 17
41 82 28
41 83 86
41 87 33
41 91 69
41 92 3
41 94 35
41 100 29
41 104 97
41 109 26
41 110 56
41 111 2
41 114 22
41 115 19
41 116 77
41 117 83
41 118 60
41 122 49
41 124 89
41 125 31
41 126 86
41 134 26
41 136 91
41 140 92
41 141 36
41 142 32
41 144 66
41 147 53
41 149 89
42 44 35
42 47 41
42 51 48
42 54 76
42 55 87
42 56 13
42 65 7
42 69 50
42 72 93
42 75 37
42 77 99
42 78 91
42 80 83
42 82 75
42 83 85
42 89 51
42 90 81
42 94 22
42 95 39
42 97 57
42 100 98
42 102 76
42 103 42
42 107 100
42 108 52
42 110 48
42 113 41
42 116 69
42 117 69
42 118 3
42 119 29
42 120 28
42 126 13
42 129 37
42 133 45
42 136 83
42 139 75
42 140 37
42 142 71
42 145 58
42 146 86
42 147 32
43 44 72
43 48 24
43 51 57
43 53 18
43 55 90
43 56 8
43 58 67
43 59 5
43 60 1
43 65 68
43 66 7
43 69 23
43 76 97
43 77 49
43 79 14
43 81 40
43 83 54
43 94 46
43 95 57
43 96 74
43 97 20
43 101 81
43 102 18
43 103 37
43 104 16
43 107 37
43 108 72
43 115 91
43 119 6
43 124 13
43 128 65
43 130 29
43 131 90
43 132 29
43 137 17
43 139 80
43 140 42
43 143 71
43 146 66
43 148 72
43 149 93
43 150 33
44 47 67
44 50 71
44 52 25
44 53 71
44 57 40
44 61 49
44 64 97
44 69 28
44 71 55
44 75 82
44 77 84
44 79 49
44 80 93
44 84 89
44 92 73
44 96 32
44 97 27
44 102 47
44 103 63
44 105 18
44 107 67
44 108 25
44 111 56
44 121 47
44 131 24
44 133 12
44 137 52
44 138 67
44 142 14
44 149 72
44 150 72
45 46 11
45 47 36
45 50 54
45 53 39
45 54 9
45 58 50
45 59 67
45 63 26
45 66 26
45 67 39
45 81 70
45 86 1
45 91 86
45 92 54
45 94 2
45 96 59
45 98 47
45 99 92
45 100 33
45 102 25
45 107 94
45 112 44
45 114 40
45 115 52
45 118 33
45 119 56
45 120 42
45 126 73
45 135 64
45 136 89
45 138 20
45 140 82
45 141 9
45 143 89
45 146 63
45 147 77
45 148 8
45 149 97
46 52 47
46 54 73
46 57 52
46 59 9
46 62 24
46 65 88
46 67 66
46 69 82
46 70 17
46 72 99
46 74 30
46 75 66
46 76 72
46 80 68
46 81 85
46 82 27
46 88 87
46 91 33
46 92 7
46 95 38
46 96 73
46 97 42
46 98 41
46 99 75
46 100 35
46 102 47
46 103 29
46 105 25
46 106 75
46 107 82
46 111 54
46 113 45
46 121 52
46 124 62
46 128 92
46 129 66
46 132 78
46 133 97
46 137 81
46 138 51
46 139 36
46 146 59
46 150 21
47 48 54
47 50 30
47 53 6
47 54 65
47 55 25
47 59 47
47 64 8
47 65 88
47 66 79
47 70 1
47 73 83
47 74 36
47 75 70
47 78 8
47 83 67
47 85 68
47 92 1
47 95 24
47 97 56
47 99 6
47 102 32
47 104 68
47 108 25
47 111 78
47 112 1
47 113 47
47 115 38
47 117 68
47 118 39
47 121 8
47 123 5
47 124 5
47 126 79
47 127 60
47 129 45
47 137 85
47 138 80
47 140 60
47 147 70
47 149 4
48 49 67
48 51 39
48 58 16
48 60 15
48 64 100
48 67 90
48 68 98
48 72 24
48 79 49
48 82 23
48 86 57
48 88 92
48 89 31
48 90 34
48 91 77
48 94 31
48 98 49
48 102 60
48 105 67
48 108 38
48 111 8
48 113 19
48 116 75
48 118 77
48 120 32
48 123 72
48 124 82
48 127 86
48 132 71
48 135 9
48 136 94
48 141 5
48 144 39
48 146 76
48 149 33
49 54 98
49 57 80
49 58 88
49 60 81
49 61 43
49 70 37
49 72 63
49 77 56
49 80 55
49 86 16
49 95 65
49 97 5
49 98 56
49 102 46
49 103 98
49 104 7
49 105 73
49 106 85
49 110 30
49 112 69
49 113 25
49 114 6
49 116 70
49 118 65
49 125 11
49 127 24
49 128 2
49 129 9
49 133 81
49 135 67
49 140 29
49 146 78
49 147 47
49 148 53
50 51 56
50 54 71
50 56 10
50 63 54
50 64 23
50 65 40
50 66 32
50 68 68
50 73 44
50 75 100
50 76 51
50 80 23
50 88 55
50 91 69
50 101 23
50 102 35
50 106 14
50 107 69
50 111 63
50 112 34
50 114 65
50 119 12
50 121 71
50 124 77
50 126 87
50 128 26
50 129 18
50 130 94
50 133 20
50 137 46
50 139 12
50 140 62
50 143 73
50 144 67
50 145 53
50 147 65
50 150 9
51 52 43
51 53 35
51 55 29
51 56 73
51 57 68
51 58 63
51 60 16
51 62 22
51 63 57
51 71 23
51 84 53
51 86 88
51 89 56
51 90 93
51 91 31
51 92 41
51 95 14
51 99 88
51 101 45
51 102 9
51 103 96
51 105 83
51 106 16
51 112 23
51 115 19
51 117 29
51 121 3
51 130 12
51 134 78
51 135 77
51 137 50
51 144 12
51 145 16
51 146 41
51 147 25
52 55 74
52 57 52
52 59 2
52 61 74
52 62 14
52 63 58
52 76 58
52 79 79
52 81 71
52 82 68
52 84 65
52 87 83
52 88 55
52 98 75
52 100 93
52 101 12
52 109 88
52 122 92
52 123 64
52 131 62
52 135 78
52 137 47
52 139 33
52 148 87
52 149 14
53 55 82
53 56 49
53 59 40
53 62 13
53 63 62
53 65 15
53 67 73
53 69 43
53 70 16
53 71 33
53 76 39
53 77 78
53 79 21
53 83 10
53 85 5
53 87 18
53 90 56
53 93 87
53 94 98
53 97 71
53 98 57
53 101 73
53 102 48
53 104 26
53 106 18
53 107 67
53 110 31
53 111 61
53 113 84
53 114 85
53 115 85
53 117 85
53 119 96
53 122 5
53 124 60
53 125 32
53 126 7
53 128 55
53 129 15
53 133 88
53 134 21
53 136 71
53 137 44
53 138 9
53 140 74
53 145 36
53 147 74
54 57 67
54 59 40
54 60 79
54 61 73
54 62 51
54 64 89
54 65 78
54 66 99
54 68 38
54 69 13
54 73 65
54 75 37
54 78 16
54 79 5
54 80 54
54 81 60
54 82 63
54 86 30
54 87 46
54 88 94
54 91 49
54 93 52
54 96 78
54 98 99
54 102 98
54 105 14
54 106 22
54 107 21
54 108 67
54 110 79
54 111 60
54 112 57
54 113 64
54 114 13
54 115 71
54 117 91
54 119 6
54 123 10
54 129 96
54 130 44
54 136 27
54 137 24
54 139 82
54 141 85
54 145 61
54 146 20
54 147 81
54 148 80
54 150 32
55 56 70
55 59 57
55 60 33
55 61 41
55 66 76
55 69 17
55 70 55
55 71 25
55 75 8
55 76 96
55 83 3
55 85 84
55 88 69
55 89 24
55 91 83
55 93 76
55 95 58
55 96 94
55 97 79
55 104 51
55 105 51
55 106 71
55 111 28
55 114 83
55 119 11
55 121 100
55 125 95
55 130 61
55 131 96
55 139 79
55 141 15
55 144 14
55 147 68
55 149 33
56 64 27
56 65 23
56 66 70
56 69 65
56 72 77
56 75 79
56 77 2
56 78 63
56 79 24
56 80 12
56 81 19
56 82 46
56 83 82
56 85 33
56 87 75
56 88 44
56 90 12
56 100 73
56 104 6
56 105 20
56 108 84
56 109 43
56 117 86
56 120 87
56 121 25
56 122 53
56 125 27
56 128 39
56 134 23
56 135 27
56 136 82
56 141 47
56 142 80
56 143 28
57 59 6
57 65 29
57 66 83
57 67 98
57 69 93
57 70 66
57 71 32
57 72 40
57 74 2
57 75 41
57 76 42
57 79 53
57 80 27
57 82 52
57 83 87
57 84 92
57 86 98
57 90 63
57 91 40
57 93 31
57 94 66
57 96 6
57 99 69
57 103 19
57 104 95
57 107 8
57 108 22
57 109 30
57 110 12
57 112 52
57 115 20
57 116 30
57 117 26
57 124 2
57 125 10
57 127 87
57 132 76
57 138 59
57 139 55
57 140 100
57 142 55
57 143 13
57 146 7
57 150 65
58 62 14
58 63 41
58 65 46
58 71 67
58 75 53
58 81 72
58 84 13
58 85 77
58 86 95
58 87 16
58 93 28
58 94 18
58 96 32
58 100 88
58 102 22
58 104 31
58 114 52
58 115 34
58 117 39
58 118 58
58 121 14
58 122 39
58 124 9
58 125 14
58 128 40
58 129 31
58 130 67
58 135 1
58 137 91
58 139 81
58 141 75
58 143 48
58 145 53
58 146 88
59 60 90
59 61 76
59 70 26
59 71 22
59 72 44
59 73 87
59 75 19
59 77 1
59 78 10
59 84 6
59 86 64
59 88 92
59 91 65
59 93 3
59 94 69
59 95 78
59 97 11
59 99 28
59 103 99
59 104 7
59 105 89
59 106 69
59 111 96
59 112 37
59 113 61
59 114 18
59 116 56
59 117 62
59 118 76
59 119 57
59 124 36
59 125 14
59 128 36
59 130 79
59 134 16
59 136 43
59 140 98
59 141 96
59 144 76
59 145 85
59 146 28
59 149 46
59 150 84
60 62 65
60 63 61
60 64 2
60 66 3
60 68 45
60 69 46
60 71 31
60 75 21
60 76 49
60 77 64
60 79 5
60 81 26
60 88 25
60 90 68
60 91 81
60 95 26
60 96 6
60 98 11
60 103 4
60 104 64
60 105 38
60 107 66
60 109 55
60 110 92
60 113 62
60 116 50
60 119 54
60 121 85
60 126 2
60 127 76
60 133 50
60 135 97
60 138 76
60 139 17
60 142 68
60 147 73
60 148 100
61 66 12
61 69 37
61 70 90
61 73 81
61 76 53
61 78 62
61 80 25
61 83 10
61 88 70
61 89 92
61 90 98
61 91 38
61 92 62
61 93 71
61 94 10
61 103 3
61 105 95
61 107 30
61 108 18
61 110 58
61 113 21
61 114 32
61 115 92
61 116 41
61 118 12
61 119 46
61 121 37
61 123 10
61 126 29
61 128 85
61 131 6
61 132 48
61 133 53
61 134 71
61 136 8
61 137 78
61 140 52
61 144 92
61 145 9
61 146 69
61 148 28
61 150 72
62 64 87
62 66 84
62 67 71
62 76 35
62 78 22
62 84 23
62 86 50
62 87 60
62 88 19
62 90 94
62 92 50
62 96 9
62 99 77
62 105 71
62 106 70
62 108 60
62 109 66
62 110 74
62 111 79
62 120 56
62 121 33
62 122 98
62 124 26
62 127 44
62 128 69
62 129 29
62 131 33
62 132 66
62 134 78
62 136 3
62 145 68
62 146 88
62 149 85
63 66 46
63 67 2
63 70 11
63 71 52
63 76 17
63 77 11
63 84 16
63 85 61
63 92 35
63 102 12
63 104 28
63 106 49
63 109 70
63 113 18
63 115 40
63 117 44
63 118 22
63 119 22
63 122 93
63 123 54
63 125 15
63 130 75
63 131 75
63 134 1
63 135 26
63 139 70
63 142 69
63 147 75
63 148 81
64 65 55
64 66 29
64 67 18
64 71 94
64 72 96
64 74 37
64 75 36
64 79 3
64 80 35
64 82 95
64 84 5
64 87 87
64 91 51
64 94 74
64 95 15
64 97 100
64 99 25
64 102 38
64 106 68
64 107 4
64 111 47
64 114 86
64 117 21
64 119 61
64 121 19
64 125 59
64 127 85
64 129 36
64 130 9
64 131 97
64 132 20
64 135 61
64 139 78
64 140 44
64 141 28
64 142 61
64 143 26
64 147 68
64 150 44
65 66 58
65 68 82
65 69 92
65 70 55
65 77 91
65 78 86
65 79 91
65 80 20
65 84 59
65 85 1
65 86 4
65 88 65
65 91 61
65 95 4
65 99 54
65 100 39
65 103 86
65 105 9
65 110 4
65 111 28
65 112 77
65 115 48
65 118 25
65 119 14
65 120 85
65 121 70
65 122 27
65 123 65
65 129 81
65 134 12
65 139 51
65 141 49
65 142 32
65 145 16
65 147 89
65 149 22
66 69 8
66 73 17
66 75 54
66 80 21
66 86 72
66 90 12
66 91 98
66 92 47
66 94 76
66 95 36
66 97 98
66 101 43
66 103 88
66 107 42
66 108 63
66 109 78
66 112 26
66 115 86
66 120 17
66 123 4
66 127 32
66 128 96
66 129 39
66 130 59
66 133 75
66 137 47
66 139 31
66 142 31
66 145 98
66 146 18
66 148 68
66 150 65
67 68 40
67 71 43
67 76 22
67 77 39
67 81 10
67 83 40
67 85 57
67 89 53
67 91 72
67 92 34
67 96 56
67 98 95
67 100 18
67 104 61
67 106 55
67 109 49
67 110 52
67 113 12
67 116 86
67 118 62
67 119 72
67 120 89
67 121 16
67 124 78
67 126 52
67 131 59
67 132 84
67 133 32
67 134 11
67 137 27
67 138 44
67 139 53
67 141 78
67 143 9
67 145 86
67 148 78
68 70 89
68 71 4
68 72 12
68 73 7
68 76 32
68 77 24
68 80 84
68 82 1
68 85 92
68 91 93
68 92 60
68 94 32
68 96 34
68 97 88
68 100 89
68 101 94
68 103 34
68 105 22
68 106 65
68 107 45
68 108 64
68 110 88
68 111 7
68 112 45
68 113 75
68 117 81
68 118 23
68 119 84
68 120 64
68 122 61
68 125 16
68 126 82
68 132 88
68 136 19
68 140 68
68 143 20
68 144 91
68 148 75
69 73 74
69 75 68
69 76 50
69 79 4
69 81 47
69 84 38
69 86 62
69 87 63
69 89 69
69 92 32
69 95 11
69 96 50
69 97 56
69 98 11
69 99 13
69 105 18
69 106 39
69 107 97
69 110 2
69 112 95
69 114 74
69 115 35
69 116 99
69 117 56
69 118 64
69 119 50
69 121 13
69 126 74
69 130 55
69 133 28
69 134 85
69 135 79
69 139 20
69 141 44
69 143 8
69 145 92
69 147 21
70 73 85
70 75 52
70 77 35
70 78 14
70 82 58
70 83 58
70 84 94
70 85 13
70 88 32
70 91 41
70 92 90
70 94 22
70 96 44
70 99 1
70 101 4
70 102 85
70 106 74
70 112 66
70 113 86
70 114 15
70 115 47
70 116 99
70 117 70
70 125 42
70 126 77
70 127 22
70 131 97
70 132 73
70 135 4
70 136 19
70 143 51
70 145 30
71 73 68
71 74 39
71 75 38
71 77 72
71 79 90
71 80 4
71 81 6
71 82 47
71 83 55
71 85 3
71 89 82
71 91 84
71 92 89
71 96 3
71 99 42
71 101 68
71 103 10
71 104 11
71 107 48
71 110 7
71 114 93
71 122 70
71 124 98
71 126 46
71 134 9
71 135 51
71 138 88
71 140 27
71 142 48
71 143 18
71 144 64
71 150 98
72 78 72
72 79 40
72 81 52
72 84 12
72 86 7
72 88 52
72 90 50
72 94 68
72 98 89
72 99 26
72 101 8
72 106 45
72 108 78
72 109 33
72 117 56
72 119 24
72 122 91
72 127 23
72 133 70
72 135 12
72 137 79
72 140 23
72 142 59
72 144 47
72 148 62
72 150 3
73 74 3
73 77 71
73 80 61
73 81 73
73 82 20
73 83 91
73 87 52
73 89 15
73 90 13
73 95 18
73 96 95
73 98 100
73 100 24
73 105 21
73 106 48
73 109 94
73 120 2
73 123 50
73 124 62
73 125 59
73 130 39
73 136 43
73 144 71
73 146 50
73 148 54
73 150 71
74 76 77
74 77 38
74 78 42
74 80 89
74 84 5
74 88 3
74 89 63
74 91 9
74 92 64
74 93 32
74 97 28
74 98 13
74 102 80
74 104 76
74 109 99
74 112 22
74 113 61
74 116 77
74 117 45
74 119 40
74 120 1
74 123 20
74 124 73
74 127 46
74 128 92
74 131 50
74 134 92
74 135 45
74 140 59
74 141 60
74 142 60
74 144 51
74 145 20
74 146 85
74 147 96
74 148 23
74 150 47
75 76 76
75 81 2
75 82 27
75 84 2
75 87 5
75 90 92
75 92 41
75 95 13
75 100 2
75 101 63
75 103 40
75 105 2
75 110 33
75 112 49
75 113 49
75 116 6
75 117 3
75 121 61
75 122 83
75 124 15
75 128 2
75 129 89
75 130 30
75 132 42
75 141 3
75 143 25
75 145 39
75 149 13
75 150 61
76 78 51
76 80 30
76 82 56
76 84 59
76 88 18
76 89 14
76 90 67
76 92 91
76 99 18
76 100 8
76 101 84
76 102 96
76 105 86
76 106 26
76 108 2
76 110 19
76 111 99
76 113 87
76 114 27
76 115 68
76 116 12
76 120 17
76 121 19
76 124 47
76 127 62
76 134 94
76 135 28
76 136 34
76 139 20
76 141 42
76 143 28
76 144 28
76 145 95
76 148 91
76 149 81
77 78 32
77 80 82
77 81 62
77 84 93
77 87 65
77 96 1
77 98 13
77 102 21
77 105 64
77 107 33
77 111 57
77 113 31
77 116 88
77 117 64
77 119 13
77 122 78
77 124 32
77 126 3
77 127 36
77 128 66
77 129 26
77 131 1
77 133 78
77 135 65
77 136 17
77 138 34
77 139 36
77 145 71
77 149 85
78 79 7
78 80 2
78 81 45
78 83 75
78 86 6
78 89 15
78 91 11
78 92 55
78 94 24
78 97 93
78 98 60
78 101 31
78 102 35
78 104 96
78 105 44
78 106 78
78 108 20
78 109 34
78 110 66
78 111 65
78 112 2
78 113 35
78 114 73
78 121 51
78 122 50
78 124 100
78 129 72
78 133 48
78 134 65
78 135 75
78 136 63
78 137 17
78 138 79
78 140 49
78 142 98
78 144 49
79 83 82
79 88 17
79 89 31
79 90 93
79 95 65
79 101 95
79 103 60
79 104 21
79 108 15
79 109 80
79 110 3
79 112 51
79 117 82
79 121 24
79 122 57
79 124 95
79 126 61
79 127 29
79 129 55
79 131 84
79 135 79
79 143 28
79 145 41
79 146 90
80 81 13
80 82 80
80 84 78
80 90 55
80 97 39
80 98 51
80 99 100
80 100 81
80 102 18
80 107 5
80 109 71
80 111 3
80 113 35
80 119 44
80 122 74
80 125 75
80 129 1
80 131 51
80 133 85
80 134 83
80 138 23
80 139 93
80 140 83
80 141 61
80 142 33
80 143 58
80 146 4
80 150 66
81 85 24
81 86 78
81 90 76
81 91 40
81 92 94
81 95 35
81 97 47
81 98 15
81 100 25
81 101 99
81 102 33
81 103 52
81 105 6
81 109 25
81 111 14
81 114 58
81 115 81
81 117 80
81 120 11
81 121 38
81 122 4
81 124 70
81 126 70
81 128 78
81 130 87
81 132 88
81 134 80
81 139 74
81 142 20
81 143 68
81 146 1
81 147 86
81 148 3
81 149 58
82 88 62
82 90 49
82 91 58
82 93 87
82 97 61
82 100 4
82 108 83
82 109 29
82 114 37
82 116 28
82 117 34
82 118 7
82 125 78
82 128 95
82 130 18
82 132 38
82 133 87
82 134 55
82 139 73
82 142 89
82 143 24
82 145 72
82 149 72
83 84 37
83 87 2
83 88 57
83 89 35
83 94 67
83 95 60
83 98 51
83 101 66
83 105 19
83 107 23
83 111 33
83 113 3
83 115 42
83 118 53
83 128 27
83 133 67
83 137 79
83 140 28
83 143 15
83 145 2
83 146 99
83 147 100
83 149 5
84 85 84
84 86 92
84 87 29
84 88 73
84 90 11
84 92 46
84 95 4
84 96 54
84 97 15
84 99 78
84 100 23
84 101 91
84 104 26
84 107 43
84 108 7
84 109 92
84 110 99
84 111 27
84 116 90
84 120 84
84 121 9
84 126 77
84 130 5
84 131 66
84 136 49
84 137 99
84 138 15
84 142 33
84 143 38
84 144 46
84 150 19
85 86 64
85 91 98
85 94 34
85 97 51
85 102 44
85 106 23
85 111 34
85 112 75
85 113 36
85 116 37
85 121 89
85 123 15
85 124 10
85 125 19
85 126 81
85 127 91
85 130 57
85 132 34
85 134 83
85 135 48
85 139 84
85 141 22
85 148 66
85 149 58
85 150 84
86 87 75
86 95 48
86 96 28
86 98 81
86 99 22
86 100 4
86 103 95
86 104 69
86 108 48
86 109 15
86 110 26
86 111 44
86 112 36
86 113 91
86 116 57
86 119 33
86 121 40
86 124 52
86 132 51
86 135 10
86 137 61
86 138 71
86 140 31
86 145 52
86 148 67
87 91 49
87 92 80
87 96 40
87 101 20
87 102 64
87 106 40
87 108 39
87 109 12
87 110 79
87 111 74
87 112 92
87 113 25
87 116 92
87 126 73
87 129 4
87 130 39
87 136 41
87 146 93
87 147 72
87 149 15
88 91 87
88 92 28
88 93 72
88 94 60
88 95 57
88 96 12
88 105 62
88 106 60
88 110 63
88 112 47
88 116 28
88 125 90
88 126 84
88 128 47
88 129 72
88 132 52
88 134 4
88 147 75
88 148 77
88 150 42
89 97 67
89 98 63
89 103 79
89 104 85
89 108 81
89 117 100
89 119 97
89 120 60
89 123 10
89 124 63
89 128 64
89 133 94
89 139 3
89 146 35
89 147 95
89 148 42
90 91 70
90 96 21
90 98 87
90 99 81
90 100 100
90 102 30
90 106 26
90 107 81
90 109 21
90 116 29
90 120 54
90 122 36
90 125 53
90 129 68
90 130 31
90 139 94
90 142 79
90 143 52
90 146 44
90 148 75
91 93 52
91 94 25
91 98 95
91 105 96
91 107 9
91 108 66
91 112 90
91 114 17
91 116 7
91 117 94
91 120 63
91 128 34
91 130 65
91 132 38
91 133 8
91 139 35
91 140 59
91 144 22
91 145 87
91 147 98
91 148 79
91 149 55
92 96 44
92 97 57
92 100 38
92 104 100
92 106 79
92 109 80
92 111 58
92 115 42
92 118 22
92 120 17
92 122 99
92 125 69
92 126 84
92 134 60
92 137 23
92 139 75
92 141 50
92 145 26
92 146 85
92 149 82
92 150 26
93 96 6
93 97 33
93 99 84
93 102 94
93 107 38
93 108 96
93 109 26
93 111 35
93 115 82
93 118 35
93 119 16
93 128 62
93 130 66
93 131 81
93 132 38
93 134 28
93 135 48
93 136 62
93 137 26
93 138 92
93 141 59
93 144 85
93 147 6
93 148 72
93 149 22
94 95 84
94 96 22
94 101 35
94 103 100
94 104 68
94 105 100
94 110 89
94 117 15
94 118 68
94 120 14
94 122 55
94 124 55
94 126 47
94 128 16
94 130 6
94 131 42
94 134 16
94 135 27
94 137 11
94 139 59
94 142 43
94 144 1
94 148 46
95 97 46
95 98 87
95 100 98
95 101 68
95 104 4
95 108 17
95 110 89
95 114 36
95 115 55
95 119 53
95 121 23
95 123 66
95 124 76
95 126 63
95 130 59
95 136 83
95 143 22
95 145 2
95 146 54
95 147 44
95 150 73
96 101 75
96 102 88
96 103 50
96 110 61
96 111 11
96 114 91
96 116 18
96 118 22
96 120 52
96 122 9
96 123 18
96 124 94
96 126 100
96 130 88
96 131 83
96 134 74
96 135 88
96 141 9
96 143 43
96 144 30
96 146 62
96 148 22
97 98 60
97 99 42
97 106 93
97 108 93
97 110 28
97 111 51
97 112 56
97 116 81
97 117 43
97 118 96
97 121 36
97 123 15
97 129 33
97 131 35
97 132 74
97 135 69
97 141 86
97 144 25
97 147 38
97 149 91
98 99 74
98 101 7
98 103 88
98 104 67
98 105 55
98 112 61
98 113 54
98 115 96
98 116 37
98 117 58
98 120 53
98 122 17
98 125 68
98 126 17
98 130 34
98 138 79
98 139 50
98 141 44
98 143 15
98 144 57
98 146 18
98 150 64
99 101 99
99 102 11
99 103 70
99 115 11
99 123 76
99 124 75
99 126 38
99 128 20
99 129 53
99 132 25
99 134 78
99 135 94
99 144 95
99 146 73
99 150 4
100 101 86
100 104 39
100 109 77
100 110 13
100 111 11
100 112 92
100 115 36
100 116 41
100 127 45
100 128 51
100 129 42
100 130 98
100 131 76
100 134 11
100 137 5
100 139 100
100 142 44
100 145 56
100 147 6
100 148 21
100 149 46
101 105 56
101 112 58
101 114 72
101 115 82
101 116 45
101 117 8
101 119 83
101 125 45
101 127 26
101 129 72
101 136 38
101 137 77
101 139 7
101 143 76
101 144 16
101 145 97
101 148 90
101 150 62
102 103 75
102 106 6
102 111 95
102 114 1
102 115 91
102 116 1
102 118 82
102 123 100
102 124 78
102 130 70
102 136 91
102 139 33
102 141 60
102 142 12
102 143 88
102 145 37
102 146 3
103 107 64
103 108 8
103 112 52
103 113 83
103 117 4
103 118 37
103 119 27
103 120 44
103 122 33
103 124 93
103 125 42
103 127 15
103 131 97
103 132 56
103 133 63
103 137 19
103 139 91
103 142 41
103 148 40
103 149 41
104 105 42
104 107 28
104 109 35
104 110 5
104 111 53
104 112 26
104 113 28
104 115 9
104 118 95
104 121 71
104 125 20
104 126 91
104 129 69
104 130 68
104 131 46
104 136 54
104 143 60
104 145 88
104 147 86
104 148 41
104 149 33
105 107 2
105 111 57
105 112 15
105 115 51
105 117 44
105 119 62
105 124 80
105 126 38
105 128 67
105 130 29
105 135 44
105 136 73
105 137 42
105 139 17
105 140 30
105 145 39
105 148 19
105 149 24
106 110 63
106 112 56
106 116 28
106 117 64
106 119 70
106 122 50
106 124 45
106 125 63
106 126 81
106 128 64
106 130 39
106 131 16
106 133 45
106 134 85
106 135 43
106 136 44
106 137 18
106 142 84
106 144 13
106 150 58
107 108 90
107 109 39
107 112 38
107 114 40
107 117 62
107 120 89
107 123 26
107 124 89
107 128 56
107 129 65
107 133 6
107 135 38
107 136 56
107 138 5
107 139 63
107 140 15
107 141 38
107 143 91
107 146 92
108 109 26
108 110 97
108 114 37
108 117 2
108 119 6
108 123 71
108 127 25
108 129 73
108 133 79
108 134 13
108 136 87
108 140 25
108 143 76
108 145 6
108 146 82
108 148 33
108 149 83
109 110 76
109 111 61
109 115 74
109 117 60
109 123 18
109 130 37
109 131 80
109 132 85
109 133 28
109 134 36
109 136 23
109 141 7
109 143 59
109 147 77
110 112 23
110 126 81
110 133 32
110 134 65
110 138 100
110 139 49
110 140 50
110 142 81
110 145 69
110 146 36
110 148 63
110 150 71
111 112 28
111 113 63
111 115 84
111 116 49
111 117 15
111 120 46
111 125 15
111 126 72
111 127 32
111 130 6
111 134 15
111 135 80
111 141 80
111 148 34
112 114 43
112 115 55
112 116 100
112 117 88
112 121 38
112 122 86
112 126 46
112 131 46
112 137 67
112 140 15
112 142 59
112 144 99
112 146 84
113 114 80
113 122 6
113 123 12
113 124 15
113 125 72
113 126 46
113 129 26
113 130 41
113 131 84
113 132 3
113 135 73
113 137 10
113 144 100
113 145 14
113 147 52
114 119 95
114 121 1
114 123 68
114 125 94
114 132 80
114 135 59
114 138 76
114 139 33
114 140 7
114 141 6
114 144 23
115 118 72
115 119 49
115 120 49
115 121 100
115 123 63
115 126 78
115 127 98
115 130 33
115 134 17
115 140 92
115 148 72
115 150 34
116 125 37
116 126 29
116 128 98
116 129 6
116 132 44
116 134 95
116 135 41
116 140 34
116 142 59
116 143 59
116 144 6
116 150 36
117 118 42
117 119 37
117 120 82
117 121 30
117 124 95
117 126 86
117 132 63
117 133 40
117 135 7
117 137 82
117 140 63
117 146 17
117 150 71
118 120 22
118 127 34
118 129 91
118 130 76
118 131 81
118 132 94
118 133 5
118 138 75
118 144 28
118 145 46
118 146 68
118 147 89
118 148 50
118 149 75
118 150 15
119 121 19
119 125 62
119 129 8
119 131 6
119 132 17
119 140 34
119 141 95
119 142 24
119 144 41
119 145 99
119 146 86
119 147 8
119 149 97
120 122 94
120 128 85
120 129 82
120 130 19
120 133 32
120 135 91
120 137 50
120 139 53
120 141 74
120 146 44
120 148 38
121 126 41
121 132 84
121 133 93
121 134 26
121 136 70
121 137 61
121 138 71
121 141 16
121 144 8
121 145 78
121 147 54
121 150 34
122 123 96
122 125 42
122 128 52
122 129 97
122 135 45
122 138 73
122 141 76
122 142 22
122 143 92
122 144 97
122 150 7
123 124 47
123 130 91
123 134 27
123 135 21
123 138 93
123 139 22
123 142 99
123 144 37
123 145 36
123 147 83
123 148 28
124 126 44
124 129 63
124 130 91
124 131 66
124 132 2
124 133 5
124 134 29
124 137 82
124 140 41
124 142 92
124 143 19
124 146 60
125 127 60
125 132 36
125 134 17
125 139 57
125 142 7
125 147 69
125 148 8
125 149 15
125 150 13
126 127 59
126 128 94
126 129 57
126 132 46
126 134 66
126 138 34
126 139 90
126 140 71
126 144 53
127 128 46
127 137 93
127 141 43
127 142 70
127 145 89
127 147 39
127 149 47
128 129 45
128 130 18
128 131 21
128 132 31
128 138 77
128 143 8
128 144 89
128 149 74
128 150 44
129 130 99
129 131 74
129 132 100
129 135 76
129 136 28
129 139 45
129 146 81
129 147 1
130 133 20
130 135 35
130 136 52
130 137 36
130 138 11
130 140 68
130 142 33
130 146 5
130 147 52
131 132 4
131 139 80
131 144 49
131 147 62
132 135 96
132 139 42
132 140 61
132 141 91
132 144 58
132 147 19
133 139 75
133 141 74
133 143 68
134 136 58
134 139 80
134 141 69
134 143 90
134 145 8
134 149 27
134 150 45
135 142 7
135 143 60
135 144 77
135 146 3
135 148 3
135 149 36
135 150 46
136 140 9
136 141 81
136 142 23
136 144 99
136 146 44
136 147 27
136 149 64
137 138 21
137 141 23
137 143 21
137 147 15
137 148 62
137 149 31
138 140 50
138 143 48
138 145 22
138 149 44
139 146 19
139 147 7
139 149 97
140 142 74
140 145 96
140 149 60
141 142 6
141 144 11
141 150 31
142 144 45
142 150 6
143 144 40
143 145 6
143 146 46
143 148 41
143 149 72
143 150 18
144 145 29
144 146 81
144 148 18
144 150 45
145 147 23
145 149 4
145 150 9
146 147 52
146 148 8
146 149 45
147 149 100
148 149 99
1 2 84
1 5 15
1 7 31
1 8 9
1 10 66
1 12 88
1 13 95
1 18 1
1 23 31
1 24 79
1 26 33
1 28 85
1 33 2
1 36 64
1 37 43
1 39 7
1 43 25
1 44 16
1 51 90
1 52 32
1 56 75
1 57 23
1 58 68
1 59 66
1 62 28
1 64 23
1 66 91
1 70 93
1 71 4
1 72 35
1 73 36
1 76 58
1 80 55
1 83 34
1 84 82
1 85 26
1 90 91
1 98 13
1 99 8
1 101 19
1 102 15
1 104 64
1 106 40
1 107 88
1 109 34
1 111 89
1 112 8
1 115 48
1 118 92
1 119 99
1 120 14
1 125 72
1 127 95
1 129 7
1 130 35
1 132 51
1 133 45
1 134 48
1 137 90
1 138 32
1 141 99
1 147 15
1 150 36
2 3 32
2 5 85
2 6 8
2 7 30
2 8 74
2 9 29
2 11 21
2 13 71
2 16 67
2 17 73
2 22 93
2 24 92
2 25 73
2 28 4
2 32 68
2 33 74
2 34 67
2 37 50
2 38 63
2 40 25
2 41 13
2 43 96
2 47 69
2 48 93
2 51 92
2 52 50
2 55 78
2 57 32
2 59 66
2 61 53
2 67 2
2 68 29
2 69 64
2 73 96
2 76 63
2 78 22
2 79 50
2 85 22
2 86 34
2 88 57
2 89 59
2 94 40
2 95 42
2 96 23
2 99 44
2 108 34
2 112 22
2 117 81
2 122 25
2 124 19
2 126 65
2 127 94
2 128 5
2 129 36
2 130 39
2 131 5
2 135 11
2 137 30
2 138 46
2 140 94
2 143 61
2 144 47
2 146 78
2 148 20
3 6 83
3 9 83
3 10 4
3 13 7
3 17 58
3 18 75
3 19 16
3 20 41
3 21 32
3 24 50
3 31 4
3 36 85
3 37 3
3 41 74
3 43 7
3 46 94
3 49 57
3 50 89
3 51 9
3 54 5
3 55 25
3 56 17
3 57 74
3 61 57
3 63 29
3 64 93
3 65 89
3 66 37
3 67 46
3 69 17
3 71 73
3 77 21
3 82 40
3 83 20
3 85 61
3 87 62
3 88 69
3 92 87
3 93 5
3 94 84
3 96 28
3 97 56
3 100 29
3 101 6
3 103 86
3 105 71
3 107 80
3 108 60
3 112 78
3 113 83
3 117 62
3 120 47
3 122 76
3 124 94
3 127 3
3 128 21
3 129 68
3 131 3
3 132 27
3 136 66
3 138 39
3 139 60
3 141 16
3 143 97
3 148 13
4 5 42
4 7 28
4 10 15
4 13 1
4 15 62
4 18 40
4 19 71
4 20 80
4 23 11
4 25 94
4 26 6
4 32 72
4 34 49
4 36 16
4 43 38
4 44 26
4 45 26
4 46 98
4 48 57
4 49 73
4 50 88
4 51 53
4 53 92
4 56 2
4 57 53
4 59 50
4 60 30
4 62 65
4 65 79
4 67 8
4 69 52
4 71 95
4 72 1
4 73 85
4 76 58
4 77 91
4 81 39
4 84 24
4 88 53
4 89 84
4 90 99
4 92 90
4 95 97
4 96 75
4 97 53
4 98 11
4 105 78
4 109 23
4 110 49
4 113 70
4 115 80
4 122 99
4 123 31
4 125 18
4 127 41
4 128 61
4 130 12
4 131 27
4 133 11
4 136 4
4 137 89
4 140 20
4 143 14
4 146 32
4 148 90
5 6 1
5 10 47
5 11 39
5 14 70
5 16 7
5 17 2
5 20 12
5 23 50
5 28 19
5 30 58
5 32 5
5 38 29
5 40 36
5 41 19
5 43 24
5 46 54
5 48 83
5 49 51
5 50 58
5 52 99
5 53 91
5 55 47
5 58 60
5 61 92
5 64 97
5 65 60
5 71 31
5 72 79
5 75 81
5 76 35
5 79 66
5 83 19
5 85 89
5 86 47
5 87 6
5 90 75
5 92 73
5 98 79
5 99 13
5 100 92
5 101 27
5 105 21
5 108 97
5 110 31
5 113 2
5 114 13
5 115 20
5 116 3
5 122 11
5 123 61
5 125 76
5 126 21
5 130 65
5 134 93
5 136 41
5 141 64
5 145 9
6 7 23
6 10 41
6 12 44
6 13 11
6 17 55
6 20 96
6 23 9
6 27 4
6 33 23
6 39 6
6 40 86
6 47 34
6 49 83
6 50 52
6 51 36
6 52 52
6 53 46
6 54 77
6 57 21
6 61 84
6 64 1
6 65 9
6 66 1
6 67 21
6 68 83
6 69 55
6 73 38
6 75 88
6 76 51
6 78 66
6 80 55
6 81 77
6 82 76
6 83 69
6 84 71
6 86 16
6 87 7
6 88 87
6 91 53
6 93 49
6 94 36
6 97 21
6 98 12
6 100 67
6 104 33
6 105 35
6 106 74
6 113 68
6 121 56
6 125 49
6 131 49
6 134 78
6 141 71
6 145 92
6 149 60
6 150 84
7 8 34
7 10 62
7 13 27
7 14 27
7 16 41
7 23 20
7 25 25
7 30 40
7 35 32
7 38 64
7 39 57
7 40 32
7 46 65
7 48 41
7 49 32
7 51 31
7 59 91
7 60 32
7 63 58
7 64 52
7 65 51
7 67 60
7 71 39
7 72 9
7 77 43
7 79 36
7 80 54
7 82 75
7 83 47
7 84 88
7 86 39
7 87 36
7 91 26
7 92 7
7 95 14
7 99 6
7 104 57
7 106 22
7 107 82
7 108 7
7 114 95
7 115 44
7 118 14
7 119 64
7 125 86
7 126 97
7 134 13
7 137 33
7 139 95
7 141 37
7 142 49
7 144 49
7 145 54
7 150 91
8 13 100
8 16 55
8 20 63
8 21 53
8 23 53
8 25 34
8 27 10
8 33 74
8 35 64
8 37 36
8 41 33
8 45 4
8 58 73
8 61 1
8 67 63
8 70 6
8 71 1
8 82 30
8 83 72
8 88 45
8 93 81
8 98 43
8 99 68
8 100 76
8 108 50
8 110 17
8 111 68
8 112 50
8 113 86
8 115 73
8 118 73
8 120 2
8 121 80
8 126 79
8 128 50
8 129 32
8 130 10
8 132 14
8 133 33
8 134 63
8 135 42
8 136 93
8 138 92
8 140 6
8 142 14
8 144 94
8 145 31
8 148 57
9 11 69
9 13 42
9 14 3
9 15 70
9 17 73
9 18 64
9 19 79
9 21 82
9 23 32
9 28 66
9 29 10
9 36 68
9 37 58
9 43 94
9 49 95
9 50 95
9 59 28
9 60 18
9 61 39
9 63 14
9 64 10
9 66 38
9 68 2
9 70 4
9 71 76
9 74 8
9 78 36
9 79 97
9 88 64
9 89 34
9 91 35
9 97 95
9 99 33
9 100 48
9 101 99
9 108 29
9 109 20
9 110 35
9 111 49
9 115 69
9 120 95
9 123 82
9 124 5
9 129 67
9 134 2
9 138 76
9 139 52
9 142 64
9 143 88
9 149 9
10 18 42
10 19 71
10 25 53
10 29 6
10 30 10
10 31 4
10 36 99
10 40 82
10 43 2
10 46 15
10 48 38
10 50 40
10 51 89
10 52 25
10 53 91
10 54 4
10 56 55
10 57 20
10 59 53
10 61 34
10 62 25
10 63 4
10 64 33
10 73 42
10 74 38
10 78 92
10 80 24
10 81 88
10 85 84
10 91 92
10 95 72
10 96 19
10 97 5
10 99 14
10 100 90
10 101 89
10 103 29
10 105 12
10 111 88
10 112 58
10 113 97
10 118 41
10 120 24
10 121 76
10 122 22
10 125 62
10 128 2
10 132 36
10 133 93
10 139 70
10 143 28
11 18 85
11 19 9
11 23 85
11 25 97
11 27 64
11 28 27
11 32 1
11 36 67
11 39 5
11 42 10
11 43 9
11 47 58
11 51 47
11 57 3
11 58 80
11 59 66
11 60 49
11 62 46
11 65 59
11 66 34
11 72 38
11 73 32
11 74 31
11 75 32
11 76 27
11 79 6
11 80 28
11 81 31
11 82 68
11 85 76
11 86 20
11 90 65
11 93 20
11 94 73
11 97 47
11 98 27
11 100 65
11 104 78
11 109 59
11 116 66
11 118 54
11 119 75
11 121 24
11 126 66
11 128 45
11 130 34
11 134 84
11 137 3
11 148 72
11 149 6
11 150 43
12 13 16
12 26 4
12 27 31
12 35 22
12 37 87
12 39 89
12 45 71
12 46 82
12 48 2
12 51 49
12 55 24
12 57 86
12 58 7
12 62 23
12 63 78
12 64 41
12 65 9
12 66 91
12 67 52
12 72 79
12 73 39
12 74 67
12 75 57
12 78 95
12 79 23
12 87 78
12 89 6
12 90 22
12 92 68
12 96 36
12 98 14
12 101 77
12 103 44
12 104 70
12 105 92
12 108 75
12 111 37
12 112 11
12 113 55
12 114 66
12 118 30
12 119 85
12 121 33
12 122 58
12 123 81
12 126 96
12 128 80
12 131 3
12 137 94
12 138 59
12 141 17
12 147 36
12 148 67
12 150 90
13 17 35
13 19 88
13 20 50
13 22 34
13 23 79
13 24 19
13 25 77
13 26 77
13 29 55
13 32 76
13 35 69
13 36 69
13 39 42
13 41 68
13 43 21
13 44 81
13 45 31
13 48 75
13 55 87
13 57 37
13 58 32
13 60 68
13 62 93
13 66 55
13 73 14
13 79 7
13 82 27
13 88 14
13 90 90
13 93 79
13 96 14
13 100 1
13 102 55
13 105 95
13 106 42
13 109 66
13 110 66
13 113 46
13 114 7
13 115 74
13 119 35
13 120 47
13 122 74
13 124 78
13 126 72
13 128 7
13 130 92
13 131 96
13 134 35
13 135 65
13 137 75
13 142 77
13 144 61
13 145 96
13 146 19
13 150 3
14 15 4
14 16 56
14 19 89
14 20 45
14 25 99
14 26 84
14 29 57
14 33 2
14 34 42
14 42 62
14 43 68
14 45 1
14 46 58
14 49 22
14 55 96
14 57 70
14 58 87
14 62 61
14 63 75
14 64 71
14 66 98
14 68 82
14 69 35
14 71 90
14 72 31
14 77 88
14 79 88
14 82 79
14 83 78
14 91 43
14 94 88
14 95 9
14 97 40
14 101 43
14 102 62
14 105 67
14 107 68
14 108 58
14 111 62
14 113 7
14 114 55
14 115 82
14 117 5
14 123 59
14 125 43
14 127 87
14 128 25
14 129 32
14 134 30
14 138 31
14 141 76
14 143 95
14 145 6
14 146 34
14 149 38
15 18 2
15 22 75
15 23 35
15 25 94
15 28 30
15 29 3
15 30 33
15 34 34
15 35 94
15 36 93
15 44 22
15 46 12
15 47 82
15 48 15
15 50 73
15 52 88
15 55 43
15 56 45
15 64 94
15 68 100
15 70 27
15 74 20
15 75 22
15 78 46
15 80 67
15 81 20
15 82 83
15 84 100
15 85 4
15 86 97
15 89 68
15 97 78
15 98 16
15 103 28
15 104 6
15 108 9
15 109 21
15 111 84
15 114 34
15 115 77
15 116 46
15 121 99
15 123 91
15 127 68
15 129 51
15 131 62
15 135 10
15 138 12
15 141 32
15 142 69
15 143 69
15 148 14
15 150 95
16 18 75
16 27 51
16 28 14
16 30 11
16 35 29
16 36 9
16 40 99
16 41 17
16 44 59
16 46 38
16 48 44
16 49 87
16 52 20
16 54 35
16 56 76
16 62 72
16 63 73
16 66 55
16 69 83
16 71 12
16 74 25
16 75 17
16 77 67
16 81 68
16 85 51
16 86 21
16 87 71
16 88 60
16 91 86
16 94 84
16 97 84
16 101 31
16 102 82
16 105 68
16 106 70
16 107 2
16 113 84
16 114 47
16 116 80
16 118 29
16 120 84
16 121 55
16 127 92
16 128 26
16 129 73
16 132 76
16 134 6
16 136 39
16 139 51
16 140 91
16 141 75
16 143 52
16 144 19
16 145 38
16 146 97
16 147 91
16 148 44
16 150 21
17 23 18
17 25 23
17 27 17
17 28 97
17 33 29
17 35 51
17 36 99
17 39 35
17 41 2
17 46 8
17 47 44
17 48 26
17 52 22
17 53 42
17 56 94
17 57 75
17 58 19
17 70 30
17 71 4
17 75 56
17 77 35
17 79 12
17 80 26
17 84 68
17 86 88
17 88 83
17 89 23
17 91 33
17 92 44
17 93 11
17 94 2
17 95 89
17 98 25
17 101 38
17 102 7
17 104 23
17 108 39
17 111 42
17 112 8
17 113 99
17 116 52
17 117 20
17 118 4
17 120 19
17 122 50
17 123 46
17 127 86
17 138 46
17 144 70
17 147 66
17 148 69
17 150 38
18 19 16
18 22 22
18 26 79
18 28 15
18 35 48
18 39 43
18 42 60
18 43 21
18 45 5
18 46 92
18 48 16
18 52 96
18 53 69
18 58 47
18 60 38
18 62 77
18 63 68
18 66 12
18 68 34
18 69 77
18 73 97
18 74 94
18 77 66
18 79 23
18 80 88
18 82 37
18 86 83
18 87 37
18 90 79
18 91 29
18 94 38
18 95 96
18 96 58
18 98 94
18 99 66
18 101 10
18 106 58
18 107 38
18 108 60
18 114 64
18 115 46
18 116 8
18 118 3
18 119 46
18 128 87
18 129 85
18 131 64
18 133 38
18 136 17
18 141 23
18 143 4
18 148 80
18 149 4
18 150 50
19 21 11
19 23 34
19 28 68
19 29 48
19 30 40
19 32 1
19 33 84
19 34 13
19 35 24
19 36 18
19 39 24
19 44 96
19 46 59
19 48 86
19 49 50
19 50 99
19 51 7
19 52 54
19 53 48
19 55 57
19 59 99
19 62 17
19 64 28
19 65 70
19 68 35
19 70 34
19 71 76
19 73 55
19 81 79
19 83 71
19 87 54
19 89 99
19 90 44
19 97 35
19 100 12
19 105 58
19 107 72
19 109 45
19 110 86
19 112 51
19 115 24
19 117 11
19 120 41
19 125 89
19 126 81
19 129 88
19 138 36
19 142 18
19 150 2
20 26 85
20 27 90
20 29 35
20 30 40
20 32 12
20 39 93
20 40 83
20 44 97
20 50 82
20 51 83
20 54 94
20 56 64
20 57 6
20 59 73
20 61 43
20 65 24
20 67 38
20 68 6
20 78 68
20 79 20
20 80 18
20 81 5
20 85 15
20 87 85
20 90 41
20 91 32
20 92 42
20 93 23
20 97 68
20 98 60
20 99 50
20 102 96
20 103 18
20 106 42
20 107 41
20 109 32
20 110 97
20 114 23
20 117 84
20 119 54
20 120 3
20 121 90
20 122 1
20 123 90
20 124 52
20 125 75
20 126 45
20 128 73
20 129 87
20 130 14
20 132 77
20 134 68
20 137 71
20 141 10
20 143 74
20 147 85
20 148 33
20 149 58
21 23 8
21 28 4
21 31 95
21 32 54
21 33 36
21 35 65
21 38 39
21 39 31
21 41 65
21 43 40
21 46 75
21 49 69
21 51 79
21 53 45
21 54 39
21 59 29
21 60 22
21 61 29
21 67 12
21 71 94
21 73 92
21 79 60
21 80 11
21 82 94
21 86 21
21 88 78
21 90 29
21 91 1
21 93 30
21 94 82
21 96 99
21 100 29
21 101 65
21 102 82
21 106 17
21 107 94
21 108 66
21 109 68
21 111 28
21 112 55
21 113 30
21 115 61
21 116 97
21 122 77
21 124 49
21 127 5
21 128 22
21 129 11
21 133 70
21 137 61
21 141 94
21 142 22
21 148 40
21 149 55
21 150 66
22 23 24
22 24 85
22 25 36
22 26 82
22 27 89
22 28 95
22 29 82
22 30 38
22 32 47
22 33 11
22 34 41
22 42 1
22 44 51
22 46 23
22 49 76
22 53 99
22 56 53
22 57 68
22 59 70
22 60 22
22 61 55
22 72 82
22 78 78
22 80 1
22 83 78
22 86 46
22 88 54
22 90 36
22 93 22
22 94 9
22 98 22
22 99 83
22 100 62
22 102 29
22 108 6
22 114 20
22 117 15
22 119 62
22 122 91
22 123 85
22 134 95
22 135 95
22 138 77
22 140 69
22 142 67
22 143 55
22 146 100
23 25 96
23 27 23
23 33 95
23 39 38
23 43 35
23 46 98
23 52 47
23 53 50
23 56 59
23 58 65
23 59 61
23 62 4
23 63 2
23 66 97
23 67 26
23 69 34
23 72 22
23 73 33
23 75 81
23 76 45
23 77 86
23 81 17
23 84 18
23 86 51
23 88 98
23 93 16
23 94 17
23 95 44
23 96 16
23 98 54
23 100 34
23 102 39
23 103 86
23 106 7
23 107 74
23 109 10
23 110 76
23 114 77
23 118 4
23 119 61
23 122 56
23 123 67
23 127 74
23 128 44
23 130 39
23 132 56
23 133 84
23 135 23
23 136 50
23 138 92
23 140 42
23 141 55
23 145 21
23 146 73
23 148 6
24 25 6
24 28 24
24 29 65
24 30 89
24 32 29
24 33 59
24 37 68
24 38 70
24 40 26
24 43 41
24 44 89
24 47 25
24 48 87
24 49 93
24 51 69
24 53 76
24 54 21
24 56 79
24 60 72
24 63 99
24 64 58
24 65 49
24 67 80
24 68 3
24 70 22
24 71 27
24 72 70
24 73 33
24 77 87
24 89 28
24 90 51
24 91 47
24 94 12
24 96 94
24 100 33
24 101 60
24 102 11
24 103 65
24 104 22
24 106 50
24 108 54
24 110 57
24 111 81
24 113 30
24 118 85
24 119 81
24 121 12
24 122 57
24 130 14
24 136 74
24 137 64
24 139 49
24 140 84
24 141 58
24 142 80
24 143 11
24 145 91
24 149 65
25 33 97
25 37 5
25 38 4
25 41 68
25 43 17
25 47 12
25 48 69
25 53 11
25 57 68
25 59 16
25 62 7
25 63 11
25 66 72
25 68 26
25 70 23
25 71 40
25 72 61
25 74 63
25 76 47
25 77 37
25 78 33
25 79 24
25 82 80
25 83 28
25 89 75
25 92 62
25 95 91
25 97 97
25 101 2
25 102 75
25 103 2
25 104 46
25 107 50
25 110 1
25 114 28
25 119 46
25 121 99
25 123 69
25 129 7
25 131 33
25 132 66
25 133 46
25 134 100
25 141 15
25 142 91
25 143 96
25 144 58
25 146 73
25 148 29
26 27 76
26 28 5
26 33 39
26 36 50
26 37 37
26 40 40
26 41 22
26 42 41
26 43 62
26 48 39
26 49 39
26 50 37
26 59 35
26 65 70
26 70 96
26 71 56
26 82 85
26 84 10
26 91 12
26 95 16
26 96 72
26 97 79
26 100 32
26 101 7
26 102 90
26 105 40
26 107 32
26 110 57
26 112 69
26 113 76
26 117 83
26 123 80
26 124 52
26 126 99
26 130 22
26 132 66
26 136 90
26 137 48
26 138 78
26 139 98
26 140 34
26 141 78
26 144 93
26 146 7
27 33 32
27 34 4
27 35 4
27 37 91
27 38 11
27 42 74
27 45 99
27 51 35
27 52 68
27 56 41
27 58 23
27 61 14
27 65 36
27 66 35
27 68 35
27 69 88
27 70 81
27 72 39
27 73 7
27 74 34
27 76 93
27 77 53
27 78 12
27 79 90
27 80 83
27 84 75
27 86 1
27 88 8
27 89 68
27 91 52
27 97 75
27 98 13
27 106 63
27 107 32
27 109 50
27 111 28
27 115 68
27 117 31
27 119 17
27 120 33
27 123 59
27 124 93
27 132 53
27 134 95
27 135 75
27 137 14
27 141 39
27 144 79
27 145 40
27 149 27
27 150 64
28 30 8
28 31 12
28 36 59
28 38 50
28 41 38
28 42 53
28 47 18
28 48 51
28 53 92
28 56 53
28 59 36
28 60 43
28 61 76
28 62 14
28 69 49
28 70 47
28 72 26
28 73 45
28 77 17
28 78 99
28 82 54
28 85 83
28 90 20
28 93 94
28 97 63
28 98 14
28 101 98
28 103 33
28 104 34
28 106 57
28 108 46
28 111 29
28 113 73
28 116 96
28 122 24
28 128 100
28 129 2
28 134 14
28 138 99
28 140 16
28 141 24
28 147 16
29 31 59
29 36 38
29 42 13
29 44 5
29 45 88
29 50 13
29 52 66
29 54 96
29 55 91
29 57 72
29 58 12
29 65 46
29 66 99
29 68 14
29 75 35
29 76 17
29 79 42
29 80 19
29 84 65
29 89 79
29 93 17
29 95 14
29 100 66
29 101 91
29 102 40
29 104 4
29 106 65
29 116 52
29 118 47
29 122 62
29 123 15
29 129 67
29 131 76
29 132 36
29 135 54
29 138 54
29 141 5
29 145 71
29 147 65
29 149 21
30 31 30
30 39 16
30 41 22
30 45 36
30 46 9
30 49 77
30 53 44
30 57 11
30 59 21
30 60 24
30 61 30
30 72 53
30 75 68
30 76 33
30 80 88
30 86 89
30 88 53
30 91 10
30 92 5
30 94 73
30 96 9
30 98 34
30 99 78
30 102 71
30 104 25
30 106 96
30 107 95
30 109 18
30 112 41
30 113 27
30 117 71
30 121 88
30 122 41
30 123 48
30 124 6
30 130 27
30 131 88
30 132 88
30 133 93
30 134 42
30 143 89
30 144 98
30 148 60
30 150 43
31 32 41
31 35 90
31 42 38
31 43 85
31 44 70
31 46 12
31 50 69
31 52 86
31 55 95
31 58 78
31 61 48
31 63 47
31 69 9
31 70 71
31 72 86
31 75 63
31 76 90
31 77 75
31 78 44
31 79 72
31 80 47
31 82 67
31 83 45
31 84 97
31 87 57
31 89 66
31 91 69
31 96 54
31 97 63
31 101 64
31 105 28
31 107 29
31 108 8
31 109 74
31 110 36
31 114 55
31 116 78
31 123 46
31 124 57
31 126 99
31 132 9
31 135 68
31 140 9
31 142 57
31 146 65
31 150 84
32 33 95
32 35 37
32 42 93
32 43 75
32 44 24
32 47 74
32 53 73
32 54 93
32 55 30
32 57 35
32 60 90
32 68 98
32 69 70
32 72 86
32 74 36
32 75 53
32 78 13
32 79 25
32 80 42
32 81 38
32 83 92
32 85 7
32 86 89
32 92 38
32 94 91
32 96 58
32 108 74
32 109 57
32 116 51
32 118 34
32 119 1
32 123 94
32 125 40
32 126 64
32 129 23
32 135 49
32 139 20
32 146 63
32 149 4
33 34 32
33 35 98
33 36 57
33 37 78
33 44 31
33 46 78
33 47 57
33 48 63
33 52 83
33 53 3
33 56 96
33 57 85
33 59 64
33 60 47
33 61 71
33 63 52
33 66 30
33 69 74
33 70 16
33 71 6
33 75 10
33 79 30
33 81 85
33 82 59
33 83 36
33 85 96
33 86 12
33 88 9
33 89 14
33 91 91
33 92 9
33 94 9
33 99 16
33 100 69
33 101 96
33 104 64
33 105 61
33 108 71
33 112 28
33 115 6
33 120 76
33 121 59
33 123 80
33 126 27
33 128 4
33 130 88
33 133 16
33 137 21
33 138 95
33 139 96
33 141 42
33 143 68
33 145 73
33 146 12
33 150 36
34 38 42
34 42 38
34 44 54
34 46 45
34 48 36
34 49 58
34 52 50
34 53 8
34 55 69
34 57 66
34 59 77
34 60 29
34 61 72
34 64 90
34 66 46
34 67 80
34 68 42
34 76 45
34 79 95
34 80 2
34 82 23
34 83 65
34 88 22
34 91 69
34 93 48
34 96 33
34 97 13
34 103 59
34 107 78
34 109 93
34 112 40
34 113 64
34 117 68
34 119 1
34 124 56
34 132 75
34 135 11
34 136 2
34 137 59
34 140 100
34 141 92
34 143 10
34 145 15
34 148 32
35 39 51
35 40 14
35 41 7
35 42 41
35 44 90
35 49 12
35 50 89
35 51 65
35 59 44
35 60 27
35 69 94
35 70 82
35 73 61
35 75 57
35 77 32
35 79 9
35 83 19
35 87 94
35 88 86
35 90 70
35 96 33
35 102 20
35 103 22
35 104 70
35 105 96
35 106 19
35 108 26
35 109 67
35 112 40
35 116 31
35 117 8
35 118 47
35 119 29
35 124 5
35 132 46
35 134 84
35 138 66
35 139 16
35 144 37
35 146 63
35 148 89
36 39 63
36 40 47
36 42 81
36 44 69
36 46 52
36 47 79
36 48 9
36 55 25
36 56 72
36 57 80
36 58 5
36 59 93
36 60 11
36 62 67
36 65 84
36 66 72
36 68 68
36 70 36
36 71 18
36 73 62
36 74 4
36 75 98
36 76 32
36 78 34
36 82 88
36 84 11
36 85 72
36 92 96
36 98 95
36 99 18
36 100 26
36 101 94
36 103 56
36 107 85
36 109 18
36 111 55
36 112 35
36 118 58
36 119 39
36 120 86
36 121 92
36 126 62
36 129 53
36 131 16
36 134 77
36 135 65
36 136 16
36 139 67
36 140 75
36 143 37
36 144 80
36 145 12
36 147 68
36 149 66
36 150 58
37 41 15
37 42 68
37 44 18
37 46 13
37 54 92
37 55 14
37 58 43
37 59 55
37 65 58
37 66 20
37 68 27
37 70 97
37 72 88
37 77 53
37 78 99
37 83 83
37 86 22
37 91 49
37 94 79
37 96 20
37 99 76
37 100 16
37 101 70
37 103 18
37 104 80
37 108 59
37 112 67
37 113 5
37 114 57
37 116 64
37 117 68
37 118 11
37 119 7
37 120 91
37 121 4
37 130 99
37 133 12
37 134 35
37 136 30
37 141 48
37 146 24
37 147 19
37 148 51
38 40 19
38 41 84
38 43 86
38 45 38
38 49 44
38 50 17
38 51 55
38 53 3
38 54 72
38 56 94
38 57 87
38 61 9
38 62 78
38 63 52
38 64 100
38 65 78
38 67 21
38 71 99
38 72 48
38 73 87
38 79 26
38 81 76
38 82 64
38 83 10
38 87 13
38 88 85
38 89 43
38 90 15
38 93 93
38 94 83
38 98 11
38 101 78
38 102 2
38 104 49
38 106 29
38 116 7
38 121 87
38 122 54
38 125 81
38 131 24
38 136 92
38 137 58
38 143 63
38 145 88
38 146 50
38 148 65
39 40 29
39 45 45
39 47 78
39 50 47
39 51 78
39 54 40
39 58 95
39 59 96
39 62 32
39 64 98
39 70 70
39 72 93
39 75 12
39 80 91
39 85 51
39 87 13
39 88 86
39 89 30
39 90 56
39 93 17
39 94 71
39 100 38
39 101 85
39 104 40
39 105 37
39 106 83
39 108 49
39 109 48
39 110 40
39 112 73
39 118 23
39 120 6
39 122 90
39 125 30
39 130 65
39 133 20
39 136 6
39 137 20
39 138 78
39 139 23
39 140 1
39 141 78
39 142 24
39 144 17
39 146 87
39 150 12
40 41 2
40 46 32
40 48 30
40 50 1
40 52 80
40 53 58
40 56 47
40 57 51
40 58 29
40 59 91
40 61 48
40 64 88
40 65 13
40 69 78
40 74 72
40 78 17
40 83 57
40 85 68
40 86 76
40 87 38
40 89 15
40 91 25
40 94 89
40 95 5
40 98 87
40 99 64
40 101 35
40 103 24
40 105 48
40 108 65
40 111 37
40 120 11
40 121 86
40 122 95
40 123 90
40 126 26
40 128 3
40 133 65
40 136 12
40 137 50
40 139 91
40 144 86
40 145 30
40 147 32
40 150 54
41 43 58
41 49 1
41 50 81
41 51 41
41 52 40
41 54 83
41 56 92
41 59 80
41 63 82
41 64 19
41 66 69
41 67 21
41 69 100
41 71 33
41 72 28
41 74 89
41 76 1
41 79 30
41 80 98
41 81 95
41 84 3
41 91 73
41 93 89
41 95 48
41 97 36
41 104 78
41 108 12
41 109 71
41 114 73
41 117 12
41 119 68
41 120 57
41 123 10
41 126 83
41 128 99
41 134 94
41 135 20
41 139 72
41 144 60
41 149 21
42 44 82
42 47 52
42 48 28
42 49 37
42 50 82
42 54 84
42 56 11
42 57 74
42 59 1
42 62 65
42 63 92
42 65 42
42 66 93
42 67 59
42 69 76
42 70 92
42 73 66
42 74 64
42 75 92
42 76 25
42 79 25
42 91 34
42 92 89
42 95 72
42 96 42
42 97 18
42 101 36
42 106 80
42 107 4
42 113 93
42 114 96
42 115 55
42 117 48
42 119 14
42 123 43
42 124 90
42 129 33
42 132 27
42 133 29
42 134 46
42 136 86
42 138 86
42 139 15
42 141 45
42 142 54
42 144 16
42 147 83
42 148 46
43 45 17
43 46 23
43 50 55
43 51 41
43 52 43
43 57 18
43 60 57
43 61 75
43 62 19
43 63 10
43 64 11
43 65 50
43 68 24
43 69 77
43 71 10
43 73 8
43 75 8
43 86 35
43 87 84
43 88 99
43 90 2
43 92 31
43 93 47
43 95 44
43 96 39
43 99 49
43 101 15
43 102 98
43 108 25
43 109 87
43 112 6
43 116 84
43 121 26
43 122 29
43 124 14
43 126 63
43 132 80
43 134 6
43 135 52
43 136 96
43 138 59
43 139 94
43 141 48
43 142 35
43 143 21
43 144 88
43 145 30
43 147 55
43 148 38
43 149 48
44 45 72
44 50 77
44 57 23
44 58 24
44 61 57
44 62 90
44 65 56
44 67 31
44 69 47
44 72 44
44 74 89
44 76 11
44 77 36
44 78 3
44 79 11
44 81 45
44 82 76
44 88 7
44 95 81
44 102 73
44 104 91
44 108 65
44 111 32
44 113 27
44 114 78
44 115 23
44 117 52
44 118 28
44 120 40
44 121 35
44 122 94
44 127 95
44 129 20
44 131 98
44 135 14
44 137 11
44 138 57
44 139 35
44 140 24
44 144 57
44 145 61
44 147 58
44 149 30
44 150 32
45 46 94
45 47 4
45 48 74
45 52 12
45 55 53
45 56 33
45 59 10
45 61 41
45 64 96
45 65 50
45 66 78
45 67 59
45 71 68
45 73 98
45 74 51
45 75 7
45 77 9
45 81 23
45 84 13
45 91 5
45 94 63
45 98 66
45 100 19
45 105 82
45 107 86
45 115 68
45 117 42
45 118 94
45 122 57
45 123 55
45 131 40
45 132 41
45 133 98
45 134 68
45 135 57
45 137 28
45 140 33
45 143 42
45 147 70
45 148 59
46 47 29
46 49 41
46 50 48
46 52 63
46 54 49
46 55 22
46 59 28
46 60 85
46 63 47
46 64 51
46 66 58
46 67 88
46 69 35
46 70 57
46 75 2
46 76 28
46 81 46
46 83 99
46 84 27
46 87 67
46 89 23
46 97 25
46 98 31
46 102 11
46 106 54
46 108 78
46 110 70
46 112 100
46 114 65
46 115 98
46 116 83
46 117 41
46 119 31
46 123 5
46 127 44
46 129 50
46 130 85
46 138 4
46 143 95
46 145 59
46 149 56
46 150 80
47 55 64
47 57 70
47 58 28
47 61 59
47 62 44
47 71 13
47 76 87
47 79 9
47 80 87
47 82 43
47 84 68
47 87 71
47 92 34
47 97 13
47 99 1
47 101 23
47 104 26
47 108 79
47 109 80
47 111 65
47 113 94
47 114 88
47 116 78
47 117 90
47 118 94
47 121 71
47 123 65
47 124 74
47 125 82
47 128 57
47 131 47
47 134 83
47 141 68
47 146 6
47 147 31
48 49 74
48 53 94
48 54 70
48 59 84
48 61 24
48 62 69
48 63 22
48 64 18
48 65 87
48 68 20
48 72 91
48 75 45
48 76 79
48 78 80
48 79 21
48 82 79
48 85 52
48 87 90
48 89 81
48 91 78
48 92 28
48 93 60
48 98 53
48 99 12
48 100 62
48 105 94
48 106 50
48 112 11
48 113 76
48 116 79
48 118 9
48 120 22
48 124 69
48 129 34
48 136 31
48 138 95
48 141 79
48 142 44
48 143 43
48 146 80
48 149 33
49 53 99
49 54 30
49 58 25
49 63 92
49 66 29
49 67 65
49 68 62
49 72 23
49 73 8
49 76 30
49 81 80
49 82 60
49 84 4
49 85 64
49 87 21
49 88 86
49 90 5
49 92 53
49 93 67
49 95 61
49 96 22
49 97 59
49 98 96
49 99 19
49 101 4
49 102 88
49 106 35
49 111 57
49 113 52
49 115 72
49 116 95
49 117 1
49 118 7
49 119 81
49 122 29
49 123 20
49 125 78
49 126 70
49 127 37
49 130 23
49 131 57
49 132 76
49 133 64
49 136 64
49 137 93
49 140 47
49 141 9
49 147 56
50 51 86
50 52 75
50 53 9
50 55 43
50 58 1
50 59 99
50 63 30
50 67 59
50 69 84
50 70 61
50 73 93
50 74 31
50 75 44
50 76 14
50 78 78
50 79 73
50 80 27
50 81 64
50 85 90
50 86 75
50 88 53
50 89 42
50 91 14
50 92 68
50 93 10
50 94 60
50 97 62
50 105 6
50 107 47
50 109 96
50 110 99
50 111 77
50 113 99
50 114 93
50 115 56
50 118 82
50 119 100
50 124 12
50 127 43
50 128 59
50 129 77
50 133 13
50 134 41
50 138 38
50 144 96
50 145 60
50 147 64
50 149 30
50 150 82
51 53 89
51 56 35
51 60 85
51 61 4
51 64 37
51 66 34
51 73 9
51 74 44
51 75 13
51 76 98
51 77 68
51 80 96
51 82 76
51 84 1
51 86 8
51 87 27
51 88 56
51 91 94
51 92 81
51 93 1
51 96 40
51 97 97
51 98 49
51 100 25
51 101 26
51 102 30
51 109 28
51 110 56
51 113 85
51 115 98
51 118 72
51 119 62
51 120 80
51 124 68
51 126 16
51 128 67
51 132 35
51 134 36
51 137 94
51 140 32
51 144 28
51 145 10
51 146 56
51 148 35
52 54 47
52 56 55
52 57 31
52 62 53
52 66 62
52 68 15
52 70 29
52 72 45
52 74 17
52 77 6
52 78 81
52 79 38
52 80 57
52 91 95
52 92 13
52 93 28
52 94 47
52 95 25
52 100 23
52 102 6
52 103 32
52 104 46
52 106 6
52 109 6
52 110 40
52 112 61
52 116 27
52 121 4
52 122 97
52 126 20
52 127 25
52 133 21
52 141 68
52 145 95
52 146 21
52 148 35
52 150 49
53 62 25
53 64 8
53 65 19
53 67 78
53 69 19
53 70 84
53 73 96
53 75 4
53 78 45
53 79 84
53 81 63
53 83 66
53 85 61
53 88 45
53 91 76
53 92 90
53 94 33
53 95 25
53 98 20
53 99 63
53 102 33
53 103 89
53 104 56
53 107 22
53 112 85
53 118 77
53 124 81
53 130 64
53 132 8
53 133 76
53 136 27
53 138 24
53 139 52
53 140 78
53 142 35
53 143 45
54 56 57
54 60 14
54 66 97
54 69 79
54 72 100
54 74 46
54 76 98
54 78 9
54 80 90
54 81 91
54 93 26
54 97 24
54 102 45
54 107 77
54 108 86
54 110 99
54 113 2
54 114 92
54 115 3
54 117 40
54 118 62
54 123 47
54 124 52
54 125 95
54 127 81
54 128 26
54 134 60
54 138 10
54 141 63
54 143 60
54 144 16
54 146 9
54 148 44
54 149 63
55 56 83
55 64 68
55 66 56
55 68 100
55 71 44
55 74 9
55 76 66
55 77 31
55 78 59
55 81 65
55 83 68
55 84 37
55 86 25
55 92 89
55 93 96
55 95 57
55 100 60
55 103 85
55 104 91
55 105 30
55 107 44
55 108 16
55 110 64
55 111 76
55 113 80
55 114 83
55 115 58
55 116 90
55 117 65
55 118 31
55 119 58
55 120 77
55 122 1
55 123 58
55 129 84
55 135 61
55 137 72
55 144 67
55 145 81
56 57 62
56 59 32
56 60 21
56 62 57
56 66 42
56 68 28
56 69 83
56 72 58
56 73 42
56 76 53
56 77 18
56 80 78
56 81 62
56 86 21
56 93 3
56 98 68
56 103 35
56 105 51
56 108 45
56 109 23
56 110 36
56 111 51
56 115 35
56 116 57
56 120 54
56 123 74
56 124 59
56 125 55
56 129 89
56 135 88
56 136 50
56 138 28
56 139 12
56 141 95
56 145 83
56 149 35
56 150 3
57 60 77
57 62 31
57 64 26
57 67 12
57 72 39
57 73 73
57 75 29
57 77 66
57 93 62
57 95 22
57 98 34
57 100 57
57 104 9
57 106 67
57 107 97
57 112 45
57 113 55
57 116 17
57 117 14
57 122 47
57 126 57
57 128 89
57 131 37
57 133 70
57 135 94
57 137 53
57 143 97
57 148 61
57 149 70
58 59 79
58 63 46
58 66 57
58 70 45
58 72 11
58 76 32
58 78 27
58 79 72
58 82 97
58 87 93
58 88 72
58 89 85
58 90 86
58 96 65
58 97 1
58 103 94
58 105 74
58 107 72
58 111 23
58 112 71
58 113 55
58 117 17
58 120 98
58 121 87
58 123 93
58 124 7
58 125 45
58 126 12
58 128 98
58 129 81
58 130 20
58 131 96
58 133 36
58 137 58
58 141 83
58 144 74
58 146 64
58 148 27
58 150 25
59 61 52
59 66 66
59 67 82
59 70 68
59 71 36
59 72 61
59 73 5
59 78 64
59 80 16
59 83 80
59 90 11
59 93 90
59 95 87
59 97 83
59 98 100
59 99 27
59 101 48
59 102 14
59 105 53
59 107 15
59 108 66
59 112 51
59 119 40
59 121 49
59 122 27
59 123 10
59 126 10
59 128 95
59 130 39
59 131 41
59 132 35
59 133 44
59 134 16
59 137 89
59 138 41
59 140 65
59 142 51
59 147 45
59 148 65
60 62 24
60 64 88
60 65 57
60 73 75
60 80 36
60 81 31
60 83 79
60 84 100
60 85 49
60 87 18
60 91 2
60 92 51
60 94 77
60 96 94
60 98 43
60 100 73
60 102 6
60 106 72
60 108 88
60 110 82
60 112 87
60 114 65
60 115 52
60 116 73
60 118 78
60 120 39
60 122 92
60 123 55
60 125 51
60 127 96
60 130 24
60 131 15
60 134 75
60 137 81
60 139 37
60 144 95
60 147 62
60 149 68
60 150 33
61 64 66
61 65 47
61 69 22
61 76 56
61 79 63
61 80 1
61 84 32
61 87 78
61 90 19
61 91 24
61 92 71
61 93 55
61 95 6
61 96 50
61 99 51
61 100 26
61 102 28
61 103 73
61 104 89
61 105 2
61 108 42
61 112 73
61 117 8
61 118 35
61 119 22
61 123 99
61 127 16
61 134 93
61 138 65
61 139 57
61 144 31
61 145 54
62 63 25
62 72 7
62 73 62
62 76 76
62 77 35
62 78 90
62 79 70
62 80 100
62 83 48
62 84 47
62 86 36
62 88 42
62 89 92
62 93 43
62 94 23
62 98 9
62 99 6
62 102 32
62 107 59
62 110 66
62 116 34
62 118 90
62 119 96
62 120 37
62 122 71
62 124 99
62 126 50
62 131 29
62 134 28
62 135 94
62 138 64
62 140 1
62 141 8
62 142 84
62 147 52
62 149 28
63 64 3
63 72 10
63 73 10
63 77 67
63 83 100
63 84 46
63 88 99
63 89 43
63 90 1
63 91 59
63 92 77
63 95 91
63 97 74
63 99 16
63 100 36
63 102 54
63 103 36
63 109 86
63 110 50
63 111 100
63 113 30
63 115 33
63 117 10
63 119 28
63 122 56
63 123 89
63 126 21
63 127 11
63 130 44
63 133 26
63 135 97
63 139 76
63 140 78
63 141 59
63 142 98
63 143 99
63 148 12
64 65 51
64 66 12
64 67 66
64 69 87
64 71 41
64 74 3
64 75 61
64 79 89
64 80 30
64 82 97
64 85 19
64 87 87
64 88 50
64 91 50
64 96 42
64 99 96
64 101 5
64 102 59
64 107 80
64 112 20
64 113 2
64 115 94
64 116 51
64 120 69
64 121 96
64 125 19
64 126 92
64 127 51
64 130 47
64 131 85
64 136 42
64 138 88
64 142 85
64 143 73
64 144 12
64 145 1
64 149 45
64 150 88
65 69 48
65 72 32
65 77 42
65 79 81
65 84 29
65 87 99
65 88 56
65 89 84
65 93 86
65 97 51
65 98 37
65 108 31
65 112 51
65 113 68
65 114 12
65 115 99
65 116 21
65 118 10
65 121 55
65 122 24
65 125 25
65 126 11
65 127 77
65 128 49
65 133 44
65 134 96
65 135 31
65 136 48
65 138 83
65 142 97
65 144 70
65 146 54
65 149 58
66 67 14
66 70 62
66 72 16
66 74 49
66 76 80
66 85 2
66 88 17
66 91 35
66 92 44
66 96 39
66 99 49
66 101 19
66 102 98
66 107 44
66 109 51
66 110 10
66 111 23
66 112 83
66 115 95
66 116 64
66 119 6
66 120 15
66 126 8
66 128 32
66 129 24
66 130 11
66 132 39
66 133 5
66 134 72
66 138 78
66 145 19
66 147 99
66 149 23
67 70 7
67 74 17
67 75 43
67 78 4
67 79 71
67 80 54
67 82 9
67 83 50
67 88 60
67 89 93
67 91 86
67 93 41
67 96 10
67 99 59
67 100 16
67 101 25
67 108 21
67 111 78
67 116 22
67 118 49
67 122 44
67 123 51
67 129 44
67 138 79
67 139 5
67 140 100
67 141 11
67 144 70
67 146 56
67 148 37
67 149 38
68 69 1
68 70 96
68 75 63
68 76 64
68 82 49
68 88 63
68 90 85
68 94 71
68 96 46
68 98 86
68 99 26
68 101 69
68 103 25
68 105 40
68 106 88
68 107 72
68 111 99
68 112 10
68 118 83
68 119 5
68 120 4
68 121 33
68 122 26
68 123 89
68 124 67
68 125 88
68 126 93
68 127 2
68 129 70
68 130 60
68 131 51
68 132 12
68 133 55
68 134 7
68 137 37
68 138 4
68 142 23
68 145 72
68 149 62
69 70 66
69 73 59
69 75 77
69 78 30
69 80 65
69 81 7
69 83 36
69 86 93
69 87 37
69 89 97
69 92 33
69 94 88
69 96 55
69 98 99
69 100 15
69 101 27
69 102 63
69 107 67
69 108 66
69 110 41
69 115 17
69 116 17
69 129 49
69 130 76
69 133 10
69 134 17
69 135 34
69 136 91
69 137 41
69 138 11
69 139 33
69 142 97
69 146 4
69 147 16
69 148 13
69 149 8
69 150 38
70 71 50
70 73 28
70 75 60
70 76 43
70 82 34
70 87 71
70 89 28
70 92 31
70 93 69
70 94 63
70 97 78
70 99 60
70 102 60
70 105 56
70 109 20
70 110 28
70 116 1
70 118 29
70 119 100
70 121 95
70 123 28
70 124 66
70 127 17
70 129 68
70 130 83
70 131 46
70 132 73
70 135 68
70 136 41
70 137 83
70 141 59
70 142 85
70 144 49
70 147 84
70 149 70
71 73 52
71 75 24
71 76 62
71 80 34
71 81 84
71 85 7
71 87 42
71 92 60
71 93 3
71 94 14
71 95 35
71 96 15
71 97 63
71 98 22
71 100 39
71 104 34
71 117 63
71 120 64
71 123 5
71 124 21
71 126 40
71 127 61
71 128 32
71 129 42
71 130 26
71 131 73
71 132 26
71 135 70
71 138 4
71 139 52
71 141 14
71 142 38
71 144 48
71 145 100
71 146 85
71 150 25
72 76 49
72 78 53
72 83 21
72 84 16
72 85 92
72 88 49
72 90 31
72 91 70
72 92 89
72 93 24
72 95 94
72 107 82
72 108 88
72 109 31
72 111 4
72 118 80
72 128 53
72 130 71
72 136 11
72 137 44
72 139 84
72 148 86
72 150 80
73 74 38
73 75 48
73 79 9
73 83 29
73 85 3
73 86 66
73 87 37
73 88 86
73 92 96
73 93 69
73 94 71
73 96 26
73 98 41
73 100 5
73 118 91
73 122 30
73 123 64
73 124 92
73 126 79
73 128 46
73 130 93
73 135 74
73 138 53
73 141 87
73 144 27
73 147 44
73 149 24
73 150 10
74 75 51
74 76 100
74 77 84
74 81 22
74 82 34
74 83 81
74 86 19
74 91 3
74 92 70
74 99 51
74 103 83
74 104 71
74 110 23
74 111 65
74 112 55
74 114 9
74 115 69
74 116 69
74 117 51
74 122 64
74 123 48
74 124 24
74 125 21
74 128 2
74 133 52
74 136 73
74 141 29
74 143 95
74 146 43
74 147 39
75 79 26
75 80 31
75 83 54
75 87 25
75 93 56
75 95 29
75 96 71
75 100 96
75 101 34
75 104 20
75 105 13
75 108 65
75 110 77
75 111 49
75 112 84
75 113 67
75 114 13
75 115 28
75 116 44
75 118 17
75 121 6
75 125 23
75 126 48
75 128 2
75 129 90
75 130 42
75 132 6
75 133 96
75 134 80
75 137 3
75 140 86
75 142 66
75 150 63
76 81 5
76 85 69
76 87 51
76 90 74
76 92 37
76 94 11
76 96 65
76 98 94
76 99 34
76 106 49
76 107 94
76 110 7
76 111 75
76 112 79
76 116 59
76 117 62
76 121 58
76 125 57
76 128 90
76 132 69
76 137 46
76 139 36
76 143 46
76 145 4
76 150 14
77 79 59
77 84 33
77 85 27
77 94 64
77 96 52
77 99 98
77 101 31
77 106 43
77 111 100
77 112 77
77 113 48
77 118 35
77 120 65
77 124 26
77 129 27
77 130 17
77 133 8
77 140 11
77 141 2
77 142 94
78 80 53
78 82 9
78 84 90
78 85 97
78 93 74
78 96 89
78 98 67
78 101 33
78 103 19
78 105 27
78 106 94
78 110 7
78 113 85
78 115 20
78 117 42
78 121 51
78 126 35
78 129 81
78 130 55
78 134 80
78 135 17
78 136 51
78 137 72
78 139 56
78 145 13
78 146 11
78 150 43
79 80 77
79 92 69
79 94 44
79 95 32
79 97 1
79 99 82
79 100 86
79 101 73
79 104 64
79 107 48
79 109 49
79 110 55
79 113 49
79 115 72
79 120 50
79 123 15
79 125 84
79 129 65
79 130 51
79 133 34
79 135 72
79 137 71
79 139 52
79 141 79
79 142 39
79 145 16
79 146 9
79 150 40
80 81 61
80 84 27
80 85 4
80 86 66
80 90 35
80 91 37
80 96 75
80 98 71
80 99 20
80 100 47
80 102 91
80 103 53
80 104 55
80 106 86
80 109 68
80 110 80
80 111 27
80 112 81
80 113 15
80 114 12
80 117 85
80 118 90
80 122 75
80 124 63
80 131 34
80 143 19
81 82 37
81 83 57
81 85 77
81 86 93
81 88 99
81 93 45
81 96 71
81 99 63
81 101 91
81 102 36
81 103 68
81 105 46
81 109 54
81 114 95
81 121 51
81 122 90
81 123 27
81 125 91
81 128 11
81 132 89
81 133 78
81 134 45
81 139 17
81 141 58
81 146 25
81 147 79
81 148 37
82 86 88
82 91 21
82 93 51
82 96 32
82 97 78
82 100 54
82 101 17
82 102 49
82 107 53
82 109 8
82 110 17
82 112 76
82 116 56
82 117 86
82 118 56
82 121 41
82 125 35
82 126 54
82 129 60
82 130 15
82 131 72
82 136 93
82 141 72
82 143 90
82 145 86
82 147 70
83 85 4
83 86 20
83 93 92
83 94 97
83 95 90
83 99 75
83 103 76
83 104 10
83 106 26
83 108 7
83 110 61
83 112 62
83 114 25
83 117 82
83 120 44
83 122 61
83 123 7
83 125 47
83 127 20
83 131 25
83 133 87
83 134 86
83 136 21
83 137 20
83 142 41
83 145 98
83 147 90
84 86 24
84 90 93
84 92 26
84 94 48
84 95 72
84 96 41
84 97 43
84 99 50
84 100 70
84 102 59
84 106 40
84 111 8
84 112 28
84 116 76
84 119 70
84 121 74
84 123 8
84 129 5
84 132 65
84 133 45
84 137 61
84 138 73
84 140 99
84 141 65
84 143 27
84 146 41
85 86 77
85 87 15
85 88 66
85 89 54
85 93 10
85 94 15
85 97 59
85 101 82
85 104 22
85 106 31
85 107 81
85 108 56
85 109 40
85 110 41
85 113 60
85 114 59
85 118 58
85 119 33
85 120 90
85 122 14
85 123 83
85 124 4
85 132 54
85 134 58
85 135 8
85 143 89
85 144 28
85 149 66
86 89 91
86 94 17
86 95 24
86 97 19
86 98 89
86 99 68
86 101 67
86 105 88
86 106 84
86 107 13
86 110 69
86 115 26
86 116 47
86 117 65
86 118 50
86 119 50
86 128 78
86 132 64
86 133 68
86 134 82
86 135 59
86 136 44
86 139 67
86 140 38
86 145 54
87 88 90
87 89 10
87 90 29
87 94 25
87 95 95
87 96 27
87 99 12
87 105 61
87 109 33
87 110 1
87 114 94
87 120 36
87 121 91
87 123 60
87 124 56
87 125 88
87 127 45
87 128 72
87 131 72
87 132 76
87 133 62
87 136 22
87 140 93
87 141 28
88 89 26
88 93 70
88 94 11
88 95 58
88 96 24
88 97 13
88 100 77
88 102 84
88 104 91
88 105 29
88 106 88
88 109 86
88 112 23
88 114 62
88 119 43
88 122 21
88 124 21
88 126 98
88 128 61
88 137 96
88 138 94
88 141 60
88 146 29
88 150 86
89 91 94
89 95 70
89 99 77
89 100 24
89 106 37
89 107 98
89 109 90
89 113 49
89 116 92
89 118 5
89 120 96
89 122 33
89 126 17
89 127 48
89 130 40
89 136 54
89 138 89
89 139 47
89 146 84
90 93 84
90 94 80
90 95 87
90 97 38
90 98 36
90 101 20
90 113 99
90 115 96
90 117 82
90 123 10
90 124 30
90 125 39
90 126 61
90 131 90
90 133 28
90 134 97
90 136 50
90 139 43
90 141 1
90 145 74
90 146 73
90 149 1
91 98 8
91 102 36
91 104 32
91 108 22
91 111 56
91 113 23
91 114 19
91 117 21
91 119 75
91 122 14
91 123 56
91 124 35
91 127 52
91 128 99
91 129 60
91 130 78
91 133 9
91 136 45
91 140 69
91 144 7
92 96 52
92 97 17
92 99 51
92 102 46
92 104 78
92 106 96
92 107 52
92 108 35
92 110 21
92 111 47
92 113 67
92 118 87
92 120 95
92 124 56
92 127 22
92 128 72
92 129 57
92 131 16
92 132 8
92 133 71
92 139 95
92 143 36
92 145 71
92 146 72
92 147 17
93 95 61
93 97 35
93 99 79
93 104 46
93 107 31
93 110 33
93 114 70
93 122 11
93 124 96
93 125 96
93 129 45
93 131 45
93 132 22
93 133 5
93 137 42
93 138 62
93 139 24
93 141 68
93 147 2
93 149 88
94 95 43
94 97 81
94 98 7
94 99 52
94 100 82
94 103 45
94 107 2
94 109 68
94 110 26
94 112 28
94 113 92
94 114 18
94 116 34
94 117 57
94 118 99
94 119 38
94 123 68
94 128 95
94 129 61
94 137 37
94 139 41
94 140 32
94 142 60
94 143 3
94 150 8
95 99 22
95 107 1
95 108 9
95 110 88
95 112 4
95 113 25
95 116 78
95 117 95
95 122 48
95 123 14
95 125 94
95 132 35
95 137 58
95 138 42
95 140 45
95 145 79
95 146 31
95 147 84
95 148 41
95 150 88
96 106 100
96 110 27
96 112 47
96 113 62
96 114 15
96 116 38
96 117 45
96 120 85
96 123 45
96 125 98
96 126 29
96 135 18
96 136 60
96 139 96
96 142 94
96 144 89
96 145 60
96 147 14
97 98 66
97 100 27
97 102 31
97 103 61
97 104 23
97 105 96
97 106 74
97 107 48
97 108 36
97 109 89
97 111 16
97 112 77
97 113 28
97 115 71
97 118 82
97 122 64
97 124 44
97 129 38
97 138 61
97 139 29
97 140 52
97 145 81
97 149 2
97 150 97
98 99 68
98 101 23
98 102 28
98 103 44
98 105 62
98 107 5
98 115 41
98 116 34
98 125 25
98 127 8
98 131 44
98 133 96
98 134 38
98 136 94
98 137 23
98 138 78
98 141 6
98 142 92
98 146 72
98 147 55
98 149 40
98 150 66
99 101 88
99 103 15
99 104 97
99 106 58
99 110 43
99 115 97
99 121 68
99 123 82
99 124 26
99 125 19
99 126 82
99 128 72
99 134 72
99 137 13
99 138 14
99 141 28
99 142 74
99 146 15
99 147 64
100 102 55
100 103 32
100 104 74
100 109 19
100 110 17
100 112 20
100 114 80
100 115 18
100 117 68
100 120 28
100 124 58
100 125 99
100 126 57
100 128 77
100 129 77
100 134 1
100 135 60
100 137 48
100 140 69
100 141 76
100 143 34
100 146 8
101 102 81
101 104 24
101 105 6
101 109 98
101 110 61
101 112 16
101 113 71
101 115 84
101 123 28
101 132 94
101 137 97
101 141 66
101 142 23
101 143 100
101 144 57
101 145 73
101 149 18
102 103 68
102 106 46
102 108 47
102 109 36
102 114 30
102 123 67
102 134 97
102 136 49
102 139 98
102 140 64
102 141 82
102 148 35
102 150 87
103 106 37
103 107 53
103 109 59
103 113 4
103 116 86
103 117 63
103 118 73
103 119 38
103 121 26
103 122 6
103 125 85
103 127 6
103 129 38
103 137 71
103 141 39
103 142 43
103 145 55
103 146 74
104 106 41
104 107 98
104 111 66
104 112 71
104 114 61
104 115 65
104 118 90
104 119 74
104 125 80
104 126 5
104 129 38
104 130 4
104 134 6
104 137 56
104 142 80
104 143 74
104 144 87
104 146 47
104 150 83
105 106 79
105 107 51
105 108 43
105 109 8
105 113 63
105 114 82
105 121 16
105 123 26
105 132 33
105 135 63
105 137 33
105 138 18
105 142 40
105 143 5
105 146 24
105 147 23
105 148 58
105 149 35
106 107 19
106 108 13
106 111 27
106 115 87
106 116 14
106 118 30
106 119 29
106 124 38
106 126 26
106 127 57
106 132 43
106 137 100
106 138 97
106 139 11
106 140 60
106 142 11
106 150 98
107 108 19
107 111 9
107 112 99
107 115 67
107 117 47
107 120 34
107 124 83
107 127 64
107 128 14
107 129 25
107 130 57
107 131 5
107 134 1
107 137 51
107 138 79
107 141 10
107 142 2
107 143 28
108 109 97
108 110 66
108 111 12
108 112 67
108 113 19
108 118 33
108 120 9
108 123 17
108 127 2
108 131 9
108 132 13
108 134 52
108 139 30
108 144 5
108 145 32
108 146 48
108 147 35
108 149 67
109 112 27
109 114 93
109 116 57
109 117 44
109 118 32
109 119 96
109 121 88
109 124 83
109 125 63
109 126 89
109 128 31
109 132 70
109 135 69
109 136 85
109 137 99
109 140 9
109 141 69
109 142 28
109 148 94
110 115 68
110 119 41
110 121 80
110 123 13
110 126 17
110 127 47
110 129 10
110 133 74
110 135 83
110 137 82
110 139 22
110 140 67
110 142 13
110 150 31
111 116 42
111 122 60
111 126 55
111 130 79
111 131 75
111 134 68
111 139 30
111 142 67
111 143 63
111 145 88
111 148 96
112 114 85
112 116 9
112 117 32
112 118 98
112 119 21
112 122 18
112 124 43
112 125 85
112 129 47
112 130 21
112 133 89
112 134 47
112 135 77
112 137 21
112 139 10
112 140 26
112 145 66
113 115 26
113 118 66
113 121 42
113 123 14
113 124 7
113 129 30
113 131 47
113 135 76
113 136 28
113 138 4
113 139 8
113 144 58
113 145 27
113 147 55
113 150 51
114 115 98
114 116 40
114 117 98
114 118 9
114 119 48
114 121 42
114 122 57
114 125 27
114 126 46
114 127 55
114 128 48
114 135 19
114 138 75
114 139 63
114 141 52
114 142 44
114 145 66
114 146 74
114 147 66
114 149 58
115 118 54
115 119 51
115 120 42
115 122 61
115 127 16
115 128 62
115 132 11
115 133 90
115 135 33
115 141 13
115 148 94
116 118 88
116 122 65
116 125 5
116 127 25
116 129 5
116 130 79
116 132 49
116 133 100
116 135 100
116 143 23
116 150 55
117 118 83
117 126 42
117 127 1
117 129 4
117 131 48
117 132 47
117 136 96
117 139 73
117 140 60
117 141 92
117 143 42
117 147 84
117 150 46
118 119 3
118 122 98
118 126 11
118 130 1
118 131 3
118 132 12
118 134 31
118 138 89
118 139 63
118 140 51
118 142 3
118 145 99
118 148 60
119 120 10
119 124 35
119 128 41
119 129 39
119 130 3
119 131 82
119 132 39
119 136 17
119 137 7
119 140 29
119 141 46
119 148 17
120 127 67
120 128 97
120 130 96
120 131 75
120 132 61
120 133 85
120 134 44
120 137 90
120 140 27
120 141 6
120 142 5
120 144 9
120 148 74
121 123 98
121 124 68
121 125 14
121 126 70
121 127 60
121 128 92
121 131 5
121 132 17
121 134 64
121 139 54
121 141 34
121 142 21
121 147 42
121 150 57
122 124 70
122 127 100
122 130 99
122 131 55
122 132 7
122 134 52
122 135 71
122 136 86
122 138 55
122 139 44
122 142 33
122 143 61
122 145 50
122 146 87
122 147 22
122 150 76
123 126 4
123 128 88
123 130 53
123 132 16
123 136 19
123 137 63
123 138 6
123 145 45
123 146 45
124 125 34
124 127 79
124 130 84
124 133 79
124 138 73
124 139 81
124 140 40
124 144 44
124 148 48
125 128 17
125 130 48
125 131 48
125 132 40
125 133 37
125 139 52
125 141 18
125 144 11
125 145 32
125 149 77
126 129 21
126 130 32
126 133 59
126 135 27
126 137 23
126 141 17
126 142 65
126 143 77
126 145 22
126 147 74
127 128 94
127 129 22
127 131 24
127 132 75
127 133 14
127 136 20
127 137 13
127 139 83
127 142 46
127 147 48
127 148 91
128 130 46
128 133 73
128 137 96
128 139 54
128 140 84
128 141 28
128 142 92
128 144 42
128 147 28
128 149 35
129 138 27
129 140 90
129 143 20
129 144 13
129 149 23
129 150 60
130 132 94
130 137 63
130 138 86
130 140 46
130 141 70
130 147 82
131 132 49
131 135 66
131 139 88
131 140 8
131 143 92
131 144 51
131 145 76
131 147 82
131 149 95
132 136 96
132 140 14
132 142 42
132 143 8
132 148 39
133 134 71
133 135 27
133 139 39
133 142 85
133 143 88
133 144 93
133 145 34
133 146 55
133 149 72
133 150 24
134 136 12
134 139 30
134 147 100
134 148 65
134 149 2
135 136 93
135 143 22
135 144 86
136 138 25
136 141 96
136 142 50
136 143 31
136 144 38
136 149 22
136 150 24
137 142 40
137 143 67
137 148 57
137 149 43
137 150 72
138 139 53
138 143 69
138 144 59
138 147 45
138 149 86
139 141 25
139 145 27
139 147 61
139 149 62
139 150 28
140 141 43
140 143 93
140 144 11
140 145 72
141 143 53
141 146 2
141 147 97
141 148 47
141 149 60
142 144 84
142 145 99
142 150 46
143 145 60
143 146 29
143 148 37
143 150 27
144 145 85
144 147 12
145 146 18
145 147 6
145 150 88
146 147 93
146 148 35
146 149 1
147 148 11
147 149 24
148 149 7
148 150 42
1 2 85
1 5 97
1 8 84
1 10 26
1 18 62
1 20 13
1 26 77
1 27 100
1 31 77
1 32 2
1 33 53
1 38 88
1 41 22
1 45 31
1 48 48
1 49 2
1 51 90
1 54 79
1 56 57
1 59 68
1 60 6
1 62 28
1 66 23
1 67 64
1 68 82
1 70 17
1 72 67
1 76 4
1 81 88
1 90 62
1 94 64
1 96 47
1 98 68
1 99 70
1 101 28
1 104 86
1 107 67
1 108 64
1 111 28
1 113 35
1 114 92
1 118 1
1 120 7
1 121 37
1 125 46
1 126 61
1 128 35
1 130 98
1 132 62
1 133 81
1 134 36
1 142 8
1 143 11
1 144 8
1 146 90
1 148 15
1 149 96
1 150 11
2 3 64
2 6 53
2 7 9
2 8 11
2 10 91
2 19 67
2 20 6
2 21 58
2 26 25
2 31 67
2 32 84
2 38 1
2 41 88
2 49 36
2 52 59
2 54 1
2 58 24
2 60 43
2 61 24
2 62 26
2 70 75
2 72 58
2 73 56
2 78 76
2 79 11
2 83 60
2 84 84
2 87 73
2 90 32
2 92 19
2 93 95
2 94 27
2 95 25
2 98 57
2 100 64
2 101 81
2 102 82
2 104 33
2 106 83
2 112 68
2 116 25
2 117 86
2 118 19
2 119 26
2 123 15
2 126 92
2 130 28
2 135 26
2 140 84
2 142 6
2 144 83
2 148 9
2 149 32
2 150 88
3 6 28
3 10 4
3 11 13
3 12 51
3 13 52
3 14 95
3 18 2
3 21 95
3 25 72
3 28 25
3 31 26
3 33 26
3 37 61
3 40 96
3 43 40
3 44 27
3 46 10
3 48 33
3 50 98
3 62 32
3 63 66
3 64 87
3 66 96
3 67 66
3 73 81
3 75 77
3 77 18
3 78 46
3 79 22
3 80 6
3 83 24
3 89 53
3 93 52
3 98 87
3 102 36
3 104 54
3 105 91
3 106 12
3 114 95
3 116 9
3 122 76
3 124 44
3 125 8
3 139 18
3 141 9
3 146 94
3 149 32
3 150 11
4 7 95
4 10 37
4 14 79
4 17 72
4 20 2
4 21 83
4 22 13
4 23 93
4 25 11
4 26 42
4 27 21
4 28 40
4 32 41
4 33 50
4 36 39
4 39 24
4 41 66
4 43 30
4 44 8
4 46 61
4 47 6
4 50 99
4 52 9
4 53 1
4 55 42
4 56 95
4 58 30
4 60 11
4 61 16
4 62 76
4 64 47
4 71 93
4 72 54
4 74 96
4 76 4
4 78 34
4 83 59
4 85 54
4 88 8
4 93 3
4 94 86
4 95 55
4 96 65
4 97 38
4 98 30
4 100 94
4 103 74
4 104 25
4 105 18
4 106 39
4 108 27
4 109 20
4 110 84
4 111 12
4 113 92
4 114 69
4 118 38
4 119 69
4 121 46
4 124 72
4 128 72
4 132 80
4 133 61
4 135 34
4 136 32
4 140 51
4 141 90
4 144 50
4 145 17
4 147 69
4 149 73
5 8 86
5 10 12
5 11 3
5 12 43
5 15 10
5 16 31
5 17 5
5 18 77
5 23 26
5 25 43
5 27 98
5 29 18
5 30 58
5 31 68
5 33 95
5 34 51
5 38 3
5 40 41
5 41 51
5 53 82
5 54 47
5 56 62
5 58 52
5 65 21
5 66 87
5 71 23
5 72 40
5 76 81
5 77 8
5 79 79
5 80 45
5 81 46
5 84 95
5 87 79
5 90 95
5 91 84
5 93 58
5 98 91
5 106 14
5 109 86
5 111 65
5 113 83
5 114 42
5 115 56
5 117 38
5 123 35
5 124 15
5 125 59
5 128 90
5 133 26
5 137 4
5 138 84
5 139 36
5 140 4
5 144 95
5 146 82
5 149 44
6 8 51
6 10 12
6 11 1
6 16 27
6 20 17
6 22 59
6 26 9
6 29 63
6 39 34
6 40 16
6 41 45
6 42 37
6 46 73
6 51 44
6 54 47
6 55 66
6 57 25
6 59 43
6 62 3
6 63 77
6 64 40
6 66 89
6 68 9
6 69 74
6 73 96
6 77 59
6 81 60
6 82 14
6 84 92
6 86 92
6 89 43
6 90 74
6 91 54
6 92 60
6 93 21
6 94 100
6 95 96
6 96 60
6 103 8
6 105 28
6 110 18
6 116 73
6 117 90
6 119 45
6 121 48
6 126 57
6 130 17
6 133 58
6 134 93
6 137 65
6 139 4
6 142 48
6 145 45
6 146 95
6 148 70
6 149 49
7 10 24
7 12 34
7 22 66
7 25 100
7 28 6
7 29 97
7 32 83
7 33 34
7 34 65
7 35 69
7 36 9
7 42 26
7 43 80
7 44 42
7 47 75
7 49 84
7 50 70
7 51 94
7 55 63
7 58 17
7 60 26
7 61 53
7 65 58
7 66 54
7 68 26
7 71 5
7 72 58
7 75 60
7 76 67
7 77 69
7 81 54
7 82 3
7 84 25
7 86 51
7 87 14
7 89 61
7 90 46
7 91 73
7 93 40
7 94 95
7 95 98
7 98 3
7 100 56
7 101 41
7 102 21
7 104 35
7 105 68
7 106 66
7 107 40
7 111 25
7 114 29
7 117 1
7 118 76
7 122 6
7 125 80
7 126 79
7 127 72
7 128 34
7 129 85
7 138 23
7 141 87
7 145 58
7 148 92
7 149 25
8 9 16
8 10 58
8 11 71
8 12 100
8 13 9
8 14 88
8 17 13
8 18 35
8 20 67
8 22 52
8 25 16
8 29 7
8 39 91
8 42 87
8 45 85
8 46 45
8 47 88
8 49 51
8 54 99
8 59 20
8 60 72
8 61 33
8 63 41
8 66 91
8 68 36
8 71 9
8 75 59
8 77 11
8 78 52
8 81 9
8 82 29
8 85 71
8 86 31
8 87 55
8 91 22
8 93 91
8 97 78
8 98 21
8 102 15
8 103 88
8 104 80
8 106 6
8 111 85
8 112 57
8 115 40
8 118 74
8 120 70
8 121 82
8 123 75
8 126 63
8 132 53
8 133 7
8 134 41
8 135 20
8 136 88
8 137 7
8 138 97
8 141 21
8 144 44
8 149 46
9 12 84
9 13 44
9 17 18
9 18 11
9 23 49
9 24 91
9 25 32
9 26 68
9 27 26
9 30 51
9 34 63
9 37 66
9 38 21
9 41 41
9 45 54
9 48 73
9 52 72
9 56 9
9 57 2
9 58 34
9 59 47
9 62 73
9 63 97
9 64 85
9 66 57
9 67 95
9 70 11
9 73 39
9 75 6
9 77 100
9 79 84
9 80 80
9 82 60
9 84 52
9 91 100
9 93 99
9 94 46
9 105 98
9 106 90
9 108 64
9 114 7
9 115 78
9 116 16
9 118 81
9 119 16
9 121 37
9 122 40
9 124 84
9 129 26
9 135 1
9 138 26
9 139 57
9 140 80
9 146 85
9 147 49
9 149 52
9 150 53
10 11 45
10 14 89
10 15 76
10 18 81
10 20 76
10 21 62
10 22 63
10 23 12
10 24 73
10 26 11
10 28 2
10 30 67
10 33 44
10 34 79
10 36 71
10 37 85
10 39 13
10 41 77
10 44 68
10 45 91
10 47 33
10 48 99
10 49 91
10 50 17
10 52 77
10 55 99
10 56 42
10 62 73
10 63 58
10 66 67
10 67 50
10 68 25
10 69 87
10 70 55
10 73 39
10 76 73
10 77 74
10 81 44
10 84 25
10 88 62
10 91 94
10 93 67
10 95 28
10 98 90
10 99 65
10 107 88
10 110 72
10 112 93
10 113 33
10 116 34
10 119 35
10 120 26
10 121 20
10 123 39
10 124 18
10 125 83
10 129 97
10 130 47
10 134 17
10 135 86
10 136 4
10 138 9
10 145 47
10 147 13
10 149 65
11 16 74
11 17 55
11 20 64
11 21 69
11 25 97
11 26 83
11 27 73
11 29 60
11 30 73
11 41 70
11 43 29
11 47 11
11 49 93
11 50 41
11 51 99
11 52 87
11 53 7
11 60 68
11 61 97
11 62 86
11 63 56
11 64 59
11 66 2
11 68 30
11 71 46
11 72 21
11 73 53
11 74 5
11 75 25
11 76 27
11 78 24
11 80 47
11 82 18
11 83 37
11 88 26
11 89 29
11 90 40
11 91 23
11 93 61
11 102 22
11 107 56
11 108 83
11 112 66
11 116 36
11 117 38
11 118 41
11 119 72
11 121 13
11 127 94
11 128 38
11 129 19
11 130 52
11 133 38
11 135 62
11 136 78
11 140 97
11 142 67
11 145 50
11 146 67
11 147 51
11 149 80
12 13 4
12 14 39
12 17 64
12 18 97
12 20 84
12 22 17
12 24 67
12 26 65
12 27 75
12 36 86
12 37 75
12 38 39
12 45 29
12 49 62
12 50 55
12 55 58
12 59 22
12 61 46
12 62 44
12 63 63
12 70 41
12 71 34
12 72 66
12 74 91
12 76 63
12 78 87
12 80 25
12 82 20
12 86 30
12 88 97
12 91 75
12 92 72
12 93 51
12 95 65
12 96 20
12 98 43
12 99 64
12 103 40
12 104 67
12 110 9
12 115 37
12 117 33
12 120 63
12 123 36
12 127 85
12 128 68
12 129 95
12 133 71
12 137 77
12 141 88
12 143 96
12 144 19
12 145 46
13 15 33
13 18 71
13 20 51
13 22 69
13 23 28
13 25 24
13 34 88
13 35 9
13 36 57
13 40 15
13 43 81
13 45 19
13 47 5
13 48 70
13 49 84
13 55 28
13 64 60
13 67 89
13 68 60
13 70 14
13 71 42
13 73 10
13 75 33
13 80 42
13 81 72
13 83 81
13 85 50
13 89 40
13 92 89
13 95 26
13 97 50
13 100 39
13 107 100
13 108 45
13 110 81
13 112 69
13 113 73
13 115 39
13 116 17
13 117 46
13 121 6
13 126 4
13 129 3
13 133 12
13 134 23
13 140 83
13 142 93
13 143 22
13 144 7
13 146 32
13 150 24
14 17 12
14 18 52
14 19 99
14 20 44
14 23 96
14 25 58
14 26 47
14 29 69
14 35 81
14 36 72
14 38 67
14 39 99
14 41 15
14 42 44
14 44 86
14 45 31
14 48 71
14 49 57
14 51 41
14 56 61
14 57 51
14 59 85
14 60 14
14 61 14
14 63 9
14 65 51
14 67 36
14 68 14
14 70 17
14 71 30
14 73 75
14 74 68
14 75 77
14 77 42
14 78 20
14 82 15
14 89 5
14 90 87
14 94 52
14 97 66
14 104 89
14 105 52
14 107 38
14 110 2
14 112 10
14 115 96
14 121 26
14 122 90
14 124 12
14 125 9
14 127 89
14 128 88
14 130 24
14 132 26
14 134 63
14 138 87
14 142 29
14 145 2
14 148 53
14 149 26
15 17 24
15 19 56
15 23 72
15 25 76
15 26 66
15 27 12
15 29 84
15 30 97
15 32 27
15 36 98
15 37 6
15 38 23
15 39 41
15 40 27
15 41 4
15 42 93
15 44 64
15 45 54
15 46 20
15 48 68
15 50 50
15 52 94
15 53 21
15 55 50
15 56 40
15 60 90
15 63 58
15 64 2
15 65 6
15 67 12
15 70 5
15 72 46
15 74 100
15 75 26
15 76 97
15 78 89
15 79 32
15 81 19
15 87 65
15 89 89
15 90 38
15 92 57
15 96 24
15 99 8
15 100 23
15 102 1
15 106 79
15 108 38
15 110 14
15 111 58
15 116 25
15 117 23
15 118 3
15 119 68
15 122 20
15 123 44
15 127 75
15 131 5
15 132 62
15 133 68
15 139 95
15 143 63
15 147 94
16 17 24
16 18 86
16 19 67
16 20 42
16 21 46
16 23 48
16 24 4
16 25 91
16 27 6
16 30 1
16 36 45
16 38 32
16 39 63
16 41 54
16 44 75
16 47 81
16 54 61
16 58 97
16 60 25
16 61 45
16 62 55
16 65 48
16 66 99
16 67 25
16 71 2
16 72 99
16 74 70
16 76 4
16 80 53
16 83 39
16 85 45
16 86 83
16 92 55
16 93 33
16 94 87
16 96 80
16 103 16
16 105 76
16 109 66
16 110 83
16 114 31
16 115 23
16 116 21
16 117 58
16 121 68
16 124 74
16 125 100
16 126 60
16 129 79
16 130 73
16 134 91
16 137 46
16 139 30
16 143 13
16 144 66
16 145 87
16 149 34
17 18 27
17 28 34
17 29 72
17 30 100
17 31 90
17 34 28
17 39 5
17 40 58
17 48 72
17 51 18
17 54 87
17 58 100
17 59 47
17 60 59
17 63 7
17 64 50
17 71 61
17 72 33
17 76 79
17 77 42
17 79 21
17 80 22
17 81 76
17 84 5
17 88 46
17 89 81
17 93 25
17 98 15
17 100 21
17 103 64
17 104 62
17 107 48
17 111 82
17 121 21
17 124 9
17 126 79
17 128 52
17 129 25
17 131 13
17 132 32
17 135 22
17 136 78
17 137 42
17 138 8
17 140 43
17 142 100
17 143 31
17 146 80
17 148 53
18 19 70
18 20 77
18 23 49
18 24 97
18 28 57
18 30 94
18 31 45
18 34 53
18 40 49
18 41 53
18 47 54
18 48 34
18 49 72
18 52 54
18 53 12
18 54 77
18 55 74
18 57 83
18 63 24
18 64 32
18 67 21
18 70 84
18 71 23
18 73 72
18 78 23
18 83 6
18 84 38
18 87 49
18 91 92
18 94 3
18 95 69
18 96 86
18 100 60
18 101 8
18 103 23
18 104 66
18 112 95
18 113 24
18 114 13
18 115 76
18 117 95
18 118 66
18 119 8
18 120 2
18 121 32
18 123 27
18 126 11
18 129 57
18 130 70
18 131 74
18 135 25
18 136 23
18 137 12
18 139 82
18 141 43
18 142 17
18 150 99
19 25 69
19 26 17
19 27 73
19 29 74
19 32 67
19 36 96
19 37 25
19 41 83
19 42 60
19 43 84
19 45 94
19 46 21
19 49 16
19 52 44
19 56 66
19 59 77
19 60 73
19 62 23
19 68 79
19 69 68
19 71 56
19 74 57
19 76 37
19 78 2
19 80 99
19 83 79
19 85 32
19 86 46
19 89 96
19 90 87
19 93 5
19 94 96
19 95 81
19 97 15
19 100 20
19 101 31
19 102 12
19 109 77
19 116 67
19 121 93
19 125 85
19 126 97
19 127 66
19 128 6
19 129 51
19 132 67
19 138 43
19 139 35
19 140 12
19 141 80
19 143 76
19 147 59
19 148 90
20 21 16
20 22 54
20 23 61
20 27 96
20 28 15
20 30 20
20 32 40
20 34 20
20 35 88
20 36 61
20 38 44
20 43 78
20 45 87
20 49 19
20 51 74
20 55 41
20 56 40
20 58 6
20 59 84
20 61 19
20 62 21
20 67 17
20 70 3
20 72 26
20 74 91
20 75 60
20 77 40
20 78 5
20 83 18
20 84 77
20 85 61
20 87 10
20 95 91
20 96 56
20 97 82
20 98 99
20 99 97
20 100 19
20 102 97
20 104 89
20 106 52
20 107 20
20 108 55
20 109 72
20 111 55
20 114 70
20 115 18
20 116 19
20 125 19
20 126 43
20 129 28
20 130 29
20 131 82
20 133 6
20 134 70
20 136 25
20 138 10
20 139 24
20 141 37
20 142 2
20 144 43
20 146 41
20 148 77
20 149 54
20 150 77
21 22 3
21 24 21
21 26 17
21 29 29
21 30 23
21 34 9
21 35 39
21 36 64
21 38 34
21 39 35
21 40 10
21 41 86
21 42 79
21 46 84
21 51 42
21 55 18
21 56 62
21 57 12
21 58 49
21 62 83
21 63 63
21 69 16
21 73 62
21 74 7
21 75 61
21 77 47
21 81 38
21 82 67
21 84 75
21 89 15
21 91 22
21 95 83
21 96 20
21 97 21
21 98 98
21 101 91
21 107 30
21 110 93
21 114 46
21 116 85
21 118 95
21 119 44
21 120 67
21 121 31
21 122 31
21 123 52
21 125 99
21 127 52
21 132 14
21 133 13
21 136 31
