150 10058 1
1 4 78
1 8 59
1 9 62
1 11 7
1 13 7
1 16 7
1 18 100
1 20 91
1 22 48
1 26 38
1 28 59
1 33 51
1 35 25
1 37 96
1 38 93
1 40 12
1 41 2
1 42 61
1 44 58
1 45 3
1 46 60
1 48 40
1 49 62
1 50 31
1 51 25
1 53 69
1 54 72
1 57 47
1 58 13
1 62 29
1 66 48
1 69 3
1 73 3
1 76 36
1 81 6
1 82 6
1 85 52
1 87 30
1 88 88
1 91 88
1 92 87
1 95 36
1 96 45
1 97 69
1 98 93
1 100 18
1 102 10
1 107 54
1 110 52
1 112 98
1 113 26
1 114 68
1 115 76
1 116 28
1 118 88
1 120 45
1 122 79
1 123 59
1 124 1
1 125 60
1 132 53
1 137 6
1 141 27
1 147 100
1 149 49
1 150 5
2 3 57
2 4 25
2 6 53
2 8 7
2 9 12
2 13 58
2 14 72
2 18 82
2 19 57
2 20 27
2 21 97
2 27 3
2 30 100
2 35 1
2 38 61
2 39 99
2 40 53
2 42 7
2 50 42
2 51 96
2 52 69
2 58 86
2 62 91
2 63 97
2 64 4
2 65 57
2 67 96
2 68 20
2 71 16
2 75 67
2 80 73
2 81 46
2 85 22
2 86 36
2 88 37
2 89 54
2 91 50
2 96 23
2 97 14
2 99 57
2 100 94
2 102 48
2 103 52
2 104 11
2 106 58
2 108 97
2 114 44
2 120 4
2 121 82
2 123 69
2 125 92
2 126 19
2 127 8
2 131 61
2 132 24
2 133 90
2 135 80
2 136 34
2 139 99
2 142 100
2 144 45
2 145 92
2 146 74
2 150 72
3 4 64
3 6 67
3 14 22
3 15 18
3 16 55
3 17 32
3 22 85
3 25 48
3 27 34
3 32 41
3 35 34
3 38 11
3 46 16
3 48 57
3 51 40
3 53 20
3 56 30
3 61 1
3 62 44
3 64 84
3 65 83
3 66 60
3 67 45
3 68 41
3 70 11
3 71 11
3 74 10
3 75 54
3 77 21
3 79 73
3 84 92
3 89 7
3 90 1
3 92 62
3 93 95
3 98 27
3 102 90
3 106 32
3 112 31
3 117 77
3 118 33
3 126 78
3 127 64
3 129 76
3 137 84
3 138 11
3 139 54
3 140 81
3 141 69
3 143 26
3 145 97
3 148 15
3 149 14
4 5 70
4 7 91
4 8 82
4 11 16
4 14 82
4 17 83
4 19 26
4 28 37
4 31 36
4 32 4
4 36 65
4 38 56
4 45 97
4 46 44
4 52 66
4 56 39
4 57 14
4 58 35
4 59 26
4 61 47
4 63 7
4 68 51
4 69 52
4 70 68
4 73 2
4 79 80
4 81 41
4 82 9
4 85 95
4 87 99
4 92 35
4 95 97
4 98 93
4 101 42
4 102 33
4 105 74
4 106 83
4 108 60
4 111 99
4 112 94
4 115 1
4 116 33
4 117 27
4 121 16
4 122 36
4 124 30
4 125 65
4 128 28
4 134 37
4 135 31
4 136 76
4 137 53
4 140 66
4 143 62
4 147 99
4 148 39
5 6 84
5 8 76
5 9 10
5 17 21
5 19 7
5 22 77
5 25 15
5 27 62
5 28 21
5 29 30
5 33 18
5 37 13
5 41 96
5 43 13
5 44 65
5 47 13
5 48 16
5 49 47
5 51 94
5 56 15
5 59 54
5 60 23
5 62 36
5 68 27
5 72 61
5 82 15
5 83 13
5 89 47
5 90 46
5 92 54
5 94 54
5 96 96
5 98 36
5 101 78
5 107 24
5 108 75
5 110 83
5 115 8
5 116 63
5 120 91
5 122 45
5 124 32
5 125 52
5 134 3
5 137 31
5 139 72
5 141 23
5 146 74
5 147 51
5 149 55
5 150 96
6 7 12
6 8 89
6 20 92
6 21 20
6 29 94
6 34 31
6 41 55
6 43 44
6 54 21
6 55 53
6 58 94
6 60 45
6 64 14
6 65 19
6 75 40
6 76 100
6 77 38
6 80 13
6 81 98
6 83 51
6 86 35
6 87 24
6 88 88
6 89 27
6 90 16
6 91 19
6 92 92
6 98 99
6 99 91
6 100 98
6 101 21
6 102 46
6 105 87
6 106 1
6 109 48
6 111 34
6 117 40
6 118 80
6 119 67
6 122 7
6 123 82
6 125 50
6 126 53
6 128 8
6 133 95
6 135 91
6 136 10
6 137 31
6 145 56
6 146 25
6 147 70
6 149 92
6 150 34
7 9 9
7 11 12
7 15 75
7 24 8
7 33 4
7 37 23
7 38 17
7 39 57
7 42 39
7 44 3
7 46 56
7 48 65
7 52 100
7 60 46
7 61 92
7 62 100
7 65 97
7 70 6
7 73 34
7 74 5
7 75 70
7 79 32
7 80 1
7 81 44
7 84 41
7 86 80
7 95 86
7 96 93
7 101 3
7 102 17
7 103 41
7 104 60
7 106 24
7 108 53
7 110 45
7 112 39
7 115 41
7 117 15
7 120 29
7 121 3
7 125 93
7 130 96
7 132 99
7 138 31
7 141 10
7 142 87
7 143 80
7 147 73
8 12 8
8 15 22
8 18 51
8 21 33
8 24 24
8 26 59
8 27 82
8 28 14
8 31 58
8 32 56
8 33 46
8 34 28
8 37 49
8 45 62
8 46 87
8 47 62
8 48 95
8 49 3
8 50 60
8 51 86
8 53 45
8 54 24
8 58 18
8 59 32
8 60 70
8 61 87
8 63 71
8 64 20
8 66 10
8 68 1
8 71 42
8 72 75
8 73 7
8 74 72
8 76 66
8 82 11
8 83 9
8 84 75
8 86 53
8 88 76
8 89 31
8 91 5
8 93 48
8 99 67
8 103 72
8 107 92
8 109 80
8 110 23
8 115 90
8 118 67
8 120 81
8 121 38
8 122 64
8 125 80
8 126 31
8 127 86
8 128 46
8 129 43
8 130 27
8 133 44
8 136 80
8 137 7
8 140 72
8 145 96
8 146 47
8 150 3
9 12 3
9 15 56
9 19 88
9 21 42
9 22 59
9 24 60
9 27 59
9 28 30
9 32 92
9 34 86
9 35 10
9 37 54
9 38 65
9 41 69
9 43 95
9 45 26
9 49 99
9 50 90
9 53 48
9 55 48
9 60 12
9 62 83
9 63 77
9 74 59
9 77 42
9 78 12
9 79 97
9 82 95
9 85 86
9 86 30
9 87 58
9 88 41
9 94 90
9 96 27
9 97 47
9 100 85
9 101 32
9 102 37
9 103 90
9 106 10
9 107 66
9 108 68
9 109 90
9 111 92
9 114 2
9 115 32
9 119 84
9 120 97
9 122 52
9 124 87
9 127 27
9 128 100
9 130 49
9 132 16
9 136 7
9 139 76
9 141 76
9 144 45
9 147 21
9 149 90
9 150 71
10 11 49
10 12 55
10 14 40
10 16 11
10 24 45
10 26 52
10 32 64
10 34 92
10 36 92
10 39 63
10 41 97
10 43 55
10 48 28
10 49 20
10 52 40
10 55 4
10 56 44
10 58 31
10 60 89
10 63 56
10 65 74
10 66 60
10 70 84
10 72 44
10 73 10
10 75 38
10 82 3
10 87 86
10 102 94
10 107 50
10 108 6
10 110 77
10 112 59
10 113 27
10 114 30
10 115 24
10 117 13
10 118 2
10 120 74
10 121 37
10 125 37
10 133 35
10 134 48
10 137 8
10 138 58
10 142 51
10 144 40
10 145 12
10 147 1
10 149 71
11 12 44
11 14 55
11 15 49
11 17 16
11 19 86
11 20 60
11 26 26
11 28 6
11 29 80
11 33 12
11 34 3
11 36 99
11 38 27
11 39 15
11 43 98
11 47 100
11 48 20
11 49 94
11 55 53
11 60 45
11 61 28
11 66 3
11 67 88
11 70 26
11 72 90
11 80 2
11 81 90
11 84 76
11 85 24
11 88 18
11 91 30
11 92 39
11 98 99
11 102 77
11 104 47
11 107 35
11 115 31
11 116 4
11 117 27
11 120 39
11 126 42
11 127 16
11 133 72
11 134 31
11 136 40
11 138 66
11 140 26
11 143 71
11 145 32
11 146 39
11 147 100
11 149 34
11 150 61
12 14 92
12 17 33
12 18 73
12 19 78
12 21 16
12 24 11
12 32 38
12 33 21
12 41 62
12 42 54
12 43 30
12 44 24
12 47 98
12 48 88
12 52 95
12 53 24
12 55 91
12 56 67
12 62 53
12 65 23
12 66 98
12 71 52
12 73 74
12 75 91
12 76 43
12 77 80
12 82 35
12 84 70
12 86 65
12 90 46
12 92 67
12 93 27
12 96 94
12 100 42
12 104 83
12 105 13
12 109 62
12 115 88
12 116 18
12 119 2
12 121 100
12 124 29
12 129 1
12 130 10
12 134 20
12 135 99
12 136 19
12 139 72
12 141 86
12 142 8
12 143 40
12 145 34
12 147 71
12 148 12
13 15 68
13 16 90
13 17 67
13 20 79
13 21 89
13 28 22
13 30 37
13 34 62
13 37 10
13 38 15
13 41 72
13 43 45
13 46 47
13 48 35
13 51 9
13 52 77
13 55 50
13 58 25
13 62 49
13 64 99
13 69 36
13 72 13
13 74 90
13 78 44
13 80 75
13 81 87
13 87 56
13 88 92
13 89 5
13 91 7
13 94 96
13 96 40
13 99 97
13 101 59
13 102 41
13 103 63
13 104 28
13 111 75
13 114 41
13 118 54
13 119 85
13 120 15
13 122 19
13 123 52
13 124 77
13 125 60
13 128 39
13 129 74
13 130 22
13 132 81
13 133 41
13 134 47
13 138 76
13 141 57
13 142 76
13 143 62
13 147 5
14 15 93
14 16 71
14 17 23
14 23 96
14 24 25
14 29 63
14 33 83
14 34 61
14 36 32
14 38 5
14 39 36
14 40 62
14 41 90
14 43 58
14 44 63
14 47 91
14 48 59
14 49 58
14 51 82
14 52 84
14 55 54
14 56 63
14 57 98
14 59 52
14 60 58
14 62 22
14 63 47
14 69 45
14 71 69
14 73 37
14 81 32
14 83 98
14 91 37
14 99 10
14 103 16
14 105 45
14 108 55
14 110 37
14 111 91
14 113 34
14 114 72
14 116 18
14 117 38
14 119 65
14 129 63
14 131 22
14 135 18
14 137 10
14 139 46
14 140 65
14 144 24
14 145 61
14 147 15
15 16 12
15 20 11
15 25 11
15 29 55
15 33 83
15 34 81
15 38 51
15 41 11
15 49 15
15 51 71
15 53 23
15 58 73
15 60 47
15 61 15
15 63 35
15 72 51
15 74 12
15 75 21
15 78 71
15 79 27
15 82 55
15 84 6
15 87 69
15 89 5
15 91 7
15 96 86
15 97 21
15 102 31
15 108 47
15 111 56
15 117 50
15 119 85
15 122 62
15 125 89
15 126 14
15 128 42
15 130 69
15 133 78
15 138 34
15 141 83
15 142 83
15 143 5
15 145 68
15 147 41
15 148 44
15 149 29
15 150 19
16 19 97
16 20 3
16 21 11
16 23 70
16 25 67
16 28 31
16 29 42
16 36 26
16 37 73
16 39 58
16 41 4
16 42 35
16 43 64
16 48 69
16 54 51
16 56 13
16 58 45
16 59 5
16 62 84
16 63 87
16 67 69
16 72 11
16 75 37
16 78 1
16 80 67
16 89 15
16 92 39
16 93 28
16 96 3
16 99 55
16 103 21
16 106 40
16 107 5
16 108 68
16 109 18
16 112 88
16 116 7
16 127 24
16 129 62
16 134 68
16 137 59
16 139 53
16 147 34
16 149 88
16 150 51
17 18 66
17 20 68
17 23 76
17 24 25
17 26 39
17 27 91
17 33 11
17 35 42
17 37 68
17 41 68
17 49 48
17 50 58
17 52 54
17 59 2
17 61 52
17 66 82
17 67 60
17 68 95
17 73 83
17 78 12
17 83 5
17 90 89
17 93 60
17 96 33
17 98 2
17 99 54
17 103 28
17 110 16
17 112 48
17 113 74
17 115 7
17 119 77
17 122 98
17 124 100
17 126 87
17 127 68
17 132 16
17 135 57
17 136 20
17 137 69
17 140 18
17 141 96
17 142 16
17 144 36
17 145 61
17 146 8
17 149 27
18 19 54
18 20 36
18 23 19
18 25 23
18 26 90
18 30 68
18 31 6
18 35 88
18 36 1
18 40 38
18 41 64
18 47 47
18 50 46
18 52 21
18 54 90
18 55 73
18 56 33
18 58 27
18 59 81
18 60 79
18 65 93
18 67 83
18 70 78
18 72 25
18 73 3
18 79 23
18 80 14
18 86 64
18 88 57
18 91 90
18 92 24
18 93 75
18 96 5
18 99 51
18 109 51
18 113 77
18 117 19
18 118 31
18 119 96
18 121 14
18 124 44
18 125 32
18 126 62
18 127 62
18 129 26
18 132 49
18 135 51
18 138 73
18 139 54
18 141 85
18 142 98
18 143 98
19 20 40
19 30 7
19 37 37
19 38 33
19 42 69
19 47 70
19 52 66
19 58 6
19 60 69
19 64 68
19 67 98
19 68 49
19 69 20
19 70 38
19 73 75
19 75 56
19 78 16
19 79 63
19 81 73
19 83 61
19 85 9
19 86 40
19 88 65
19 89 57
19 97 48
19 100 4
19 101 91
19 102 57
19 104 85
19 108 69
19 109 55
19 112 20
19 114 100
19 115 57
19 117 81
19 120 82
19 121 8
19 124 3
19 125 29
19 126 71
19 127 56
19 128 20
19 129 6
19 132 2
19 133 44
19 135 65
19 136 18
19 137 98
19 140 77
19 144 27
19 148 23
19 149 96
20 22 70
20 23 27
20 24 19
20 28 89
20 29 45
20 30 12
20 33 60
20 39 12
20 41 88
20 43 1
20 45 43
20 52 90
20 58 15
20 62 42
20 63 41
20 65 93
20 66 68
20 71 33
20 73 17
20 79 40
20 80 58
20 84 26
20 85 85
20 93 94
20 94 42
20 98 76
20 100 17
20 106 45
20 107 53
20 109 86
20 110 49
20 114 27
20 115 31
20 116 27
20 121 7
20 122 11
20 123 31
20 124 92
20 126 1
20 127 71
20 129 99
20 131 16
20 132 68
20 133 47
20 134 42
20 137 15
20 138 76
20 140 36
20 141 62
20 142 80
20 144 77
20 150 92
21 22 49
21 23 2
21 27 23
21 31 42
21 32 2
21 33 18
21 38 39
21 41 97
21 44 69
21 45 44
21 46 25
21 51 50
21 52 100
21 54 68
21 56 5
21 59 42
21 61 62
21 62 13
21 63 63
21 64 3
21 69 37
21 74 99
21 75 69
21 81 91
21 83 99
21 86 65
21 87 77
21 88 48
21 90 34
21 91 47
21 94 77
21 97 34
21 100 33
21 102 50
21 107 85
21 109 53
21 115 74
21 118 83
21 120 23
21 121 56
21 122 81
21 125 92
21 130 87
21 134 31
21 136 49
21 139 48
21 140 11
21 142 66
21 146 95
21 147 58
22 23 72
22 28 18
22 35 71
22 40 89
22 43 82
22 45 60
22 46 79
22 49 90
22 50 21
22 51 18
22 53 85
22 55 19
22 59 19
22 61 16
22 63 54
22 65 86
22 68 76
22 70 65
22 72 26
22 73 89
22 75 90
22 77 60
22 78 49
22 79 45
22 82 76
22 83 54
22 84 69
22 87 33
22 89 12
22 90 43
22 97 73
22 100 78
22 101 21
22 103 20
22 104 100
22 107 37
22 108 26
22 110 2
22 111 48
22 116 47
22 125 77
22 128 21
22 129 61
22 131 76
22 134 92
22 136 85
22 137 3
22 140 77
22 143 74
22 145 76
22 146 40
22 148 38
23 25 72
23 28 3
23 30 10
23 32 60
23 34 3
23 37 97
23 42 36
23 48 94
23 49 38
23 52 9
23 60 64
23 61 53
23 64 84
23 66 24
23 67 39
23 68 54
23 71 19
23 72 11
23 76 76
23 77 39
23 78 34
23 79 63
23 82 35
23 84 12
23 88 17
23 90 38
23 91 88
23 94 14
23 95 95
23 96 70
23 97 54
23 102 29
23 104 90
23 111 92
23 118 83
23 121 85
23 122 67
23 124 69
23 125 77
23 128 67
23 130 19
23 131 71
23 132 63
23 136 69
23 137 19
23 139 77
23 143 26
23 145 78
23 147 55
23 150 31
24 29 87
24 33 11
24 34 7
24 36 32
24 44 56
24 45 13
24 48 48
24 51 29
24 55 82
24 56 100
24 57 18
24 58 75
24 60 55
24 61 70
24 64 27
24 70 24
24 72 40
24 75 38
24 77 66
24 79 68
24 85 86
24 91 89
24 92 61
24 93 33
24 94 26
24 96 33
24 103 21
24 106 71
24 107 71
24 108 56
24 110 67
24 112 15
24 114 50
24 119 25
24 122 65
24 123 11
24 124 49
24 125 57
24 126 75
24 132 48
24 134 74
24 137 84
24 139 87
24 140 92
24 143 1
24 145 24
24 146 47
24 147 42
24 150 56
25 26 49
25 28 94
25 29 87
25 32 54
25 33 65
25 40 33
25 42 16
25 46 49
25 48 11
25 51 58
25 53 50
25 55 18
25 57 30
25 58 71
25 60 65
25 62 27
25 66 98
25 67 92
25 69 55
25 70 20
25 72 81
25 74 20
25 75 59
25 76 20
25 81 57
25 82 84
25 85 66
25 86 40
25 87 99
25 89 47
25 93 41
25 98 7
25 99 40
25 100 37
25 101 32
25 106 24
25 108 2
25 113 52
25 117 97
25 118 12
25 119 63
25 125 23
25 127 25
25 129 61
25 131 26
25 135 66
25 138 18
25 140 80
25 142 8
25 145 88
25 149 53
25 150 5
26 30 42
26 31 10
26 34 25
26 36 53
26 37 9
26 40 80
26 42 4
26 43 45
26 45 59
26 54 58
26 60 21
26 61 48
26 65 51
26 68 82
26 69 20
26 70 30
26 73 8
26 76 67
26 79 56
26 80 11
26 81 79
26 84 13
26 85 33
26 86 54
26 87 4
26 88 49
26 92 80
26 93 96
26 95 21
26 96 6
26 97 51
26 98 91
26 102 51
26 103 77
26 112 72
26 115 69
26 116 36
26 118 61
26 119 26
26 120 9
26 123 63
26 125 47
26 126 48
26 130 59
26 131 11
26 134 25
26 136 2
26 138 18
26 141 81
26 142 48
26 143 89
26 144 72
26 145 41
26 146 37
26 147 12
26 148 82
26 149 72
27 33 11
27 35 12
27 39 15
27 44 74
27 47 17
27 52 5
27 54 77
27 56 99
27 58 58
27 61 23
27 62 7
27 63 58
27 65 30
27 67 21
27 69 15
27 70 94
27 76 80
27 80 50
27 81 39
27 82 4
27 84 100
27 89 70
27 94 20
27 95 88
27 98 43
27 100 72
27 101 62
27 104 24
27 107 1
27 109 88
27 111 49
27 112 32
27 113 28
27 117 97
27 119 74
27 120 13
27 121 11
27 122 36
27 126 58
27 129 67
27 136 14
27 137 47
27 141 17
27 147 15
27 148 98
27 150 63
28 41 68
28 47 18
28 49 73
28 52 77
28 53 61
28 54 3
28 60 33
28 65 58
28 66 57
28 67 33
28 70 30
28 71 51
28 76 24
28 78 61
28 83 19
28 87 58
28 93 84
28 94 83
28 97 9
28 98 17
28 100 42
28 101 56
28 105 76
28 107 55
28 109 19
28 111 68
28 112 100
28 115 29
28 119 21
28 120 47
28 121 13
28 122 9
28 124 65
28 126 58
28 131 60
28 135 93
28 141 20
28 143 21
28 149 12
29 30 18
29 32 39
29 36 62
29 44 8
29 45 13
29 53 40
29 55 35
29 58 56
29 64 71
29 65 96
29 66 45
29 69 92
29 71 41
29 79 90
29 86 72
29 89 28
29 90 19
29 92 34
29 93 88
29 96 26
29 98 50
29 100 99
29 102 89
29 103 84
29 109 7
29 112 67
29 114 32
29 117 38
29 120 44
29 123 62
29 124 90
29 127 17
29 128 88
29 131 73
29 133 87
29 137 13
29 139 37
29 140 44
29 143 55
29 144 14
29 145 86
29 146 85
29 148 38
29 149 1
29 150 33
30 34 6
30 39 40
30 43 95
30 44 50
30 46 100
30 54 66
30 55 45
30 58 94
30 62 99
30 67 45
30 70 91
30 72 49
30 76 13
30 79 73
30 80 40
30 83 82
30 85 66
30 92 49
30 96 35
30 100 73
30 103 67
30 104 38
30 109 75
30 114 54
30 115 41
30 116 15
30 119 30
30 121 67
30 123 99
30 124 95
30 129 43
30 131 70
30 136 54
30 137 50
30 140 10
30 145 79
30 146 34
30 147 57
30 150 79
31 32 47
31 34 25
31 36 42
31 37 71
31 40 28
31 46 37
31 48 28
31 51 54
31 58 75
31 60 26
31 61 36
31 63 90
31 64 85
31 65 61
31 69 27
31 71 47
31 73 2
31 75 34
31 83 87
31 90 35
31 93 62
31 96 56
31 105 100
31 107 60
31 110 77
31 111 66
31 112 25
31 114 96
31 117 58
31 118 28
31 121 78
31 122 58
31 128 35
31 130 69
31 134 44
31 136 66
31 143 26
31 144 88
31 146 74
32 34 51
32 37 85
32 40 23
32 41 28
32 42 57
32 44 49
32 51 72
32 52 12
32 54 42
32 55 80
32 56 28
32 57 56
32 59 85
32 63 70
32 64 61
32 65 18
32 68 83
32 70 14
32 72 97
32 73 28
32 76 31
32 79 2
32 81 93
32 85 86
32 90 86
32 93 64
32 94 29
32 97 2
32 98 49
32 102 60
32 103 98
32 105 55
32 106 76
32 107 8
32 108 94
32 110 45
32 111 68
32 112 52
32 113 61
32 114 53
32 119 76
32 121 73
32 122 100
32 123 12
32 129 61
32 130 69
32 138 9
32 141 99
32 142 85
32 144 99
32 145 25
32 146 80
33 34 43
33 36 76
33 37 6
33 40 32
33 41 12
33 43 22
33 49 85
33 50 55
33 52 65
33 53 95
33 54 57
33 55 59
33 59 45
33 61 48
33 68 44
33 70 2
33 74 86
33 75 79
33 76 32
33 77 30
33 79 57
33 83 32
33 91 77
33 94 1
33 100 34
33 101 93
33 103 24
33 106 82
33 108 43
33 110 41
33 111 65
33 113 59
33 119 97
33 126 97
33 128 79
33 129 9
33 131 14
33 134 55
33 143 96
33 145 43
33 146 40
33 149 23
34 36 51
34 39 4
34 41 84
34 43 32
34 44 24
34 46 69
34 47 74
34 48 76
34 49 88
34 50 43
34 52 42
34 55 99
34 56 17
34 58 26
34 59 50
34 60 2
34 64 48
34 65 54
34 69 88
34 70 75
34 72 22
34 74 76
34 75 31
34 77 69
34 79 50
34 81 86
34 82 31
34 89 46
34 91 21
34 92 81
34 93 4
34 97 1
34 98 78
34 103 46
34 106 65
34 107 95
34 108 36
34 109 68
34 111 66
34 113 89
34 114 95
34 118 38
34 119 44
34 120 22
34 126 58
34 127 79
34 128 90
34 129 91
34 135 59
34 137 80
34 139 3
34 140 88
34 141 64
34 142 90
34 144 87
34 147 14
34 148 53
34 149 62
35 39 57
35 42 57
35 46 94
35 47 53
35 48 48
35 50 10
35 53 73
35 54 17
35 60 60
35 62 19
35 69 87
35 72 70
35 74 74
35 75 43
35 77 74
35 81 78
35 82 7
35 84 46
35 88 52
35 89 71
35 90 46
35 92 40
35 94 100
35 95 76
35 100 43
35 101 26
35 108 76
35 111 71
35 119 63
35 121 88
35 123 33
35 124 74
35 125 44
35 128 60
35 130 59
35 131 53
35 132 42
35 133 81
35 135 6
35 141 67
35 143 28
35 144 84
35 145 45
35 146 22
35 148 5
36 40 29
36 41 10
36 42 79
36 43 52
36 52 83
36 53 1
36 56 91
36 58 64
36 60 96
36 61 6
36 67 72
36 69 94
36 70 23
36 74 2
36 75 33
36 77 84
36 83 15
36 84 13
36 85 69
36 86 67
36 88 79
36 89 96
36 91 18
36 92 56
36 98 43
36 99 52
36 100 36
36 101 36
36 102 54
36 105 27
36 112 8
36 113 93
36 116 41
36 117 82
36 120 77
36 124 90
36 125 40
36 132 69
36 136 21
36 137 83
36 139 69
36 140 23
36 142 74
36 145 57
36 146 39
36 148 18
37 38 39
37 39 51
37 41 6
37 44 1
37 47 7
37 48 93
37 49 13
37 52 71
37 53 54
37 54 61
37 56 16
37 57 65
37 60 15
37 61 26
37 62 62
37 64 9
37 69 87
37 72 95
37 76 32
37 79 54
37 80 80
37 81 80
37 82 27
37 85 59
37 87 24
37 91 80
37 92 99
37 99 1
37 108 22
37 111 48
37 114 53
37 116 5
37 117 17
37 118 29
37 119 23
37 120 17
37 122 73
37 124 1
37 134 46
37 139 18
37 144 58
37 150 21
38 42 97
38 45 78
38 47 54
38 50 15
38 51 66
38 52 36
38 58 44
38 62 13
38 64 24
38 66 43
38 67 53
38 68 23
38 69 80
38 71 54
38 72 36
38 73 18
38 77 87
38 80 30
38 81 17
38 82 57
38 84 29
38 85 19
38 86 35
38 92 97
38 93 45
38 94 95
38 95 65
38 97 27
38 101 78
38 107 2
38 110 35
38 112 76
38 114 89
38 115 54
38 116 48
38 117 22
38 119 24
38 120 11
38 121 94
38 122 65
38 127 73
38 129 14
38 130 96
38 133 65
38 134 44
38 135 50
38 138 57
38 145 65
38 149 68
38 150 12
39 43 69
39 44 61
39 45 35
39 55 37
39 57 70
39 58 26
39 60 45
39 63 92
39 72 53
39 76 34
39 77 44
39 81 24
39 83 85
39 84 89
39 88 39
39 98 65
39 99 95
39 103 61
39 105 40
39 108 39
39 110 6
39 111 2
39 117 54
39 118 31
39 123 63
39 124 91
39 128 45
39 131 81
39 133 12
39 134 92
39 135 45
39 136 23
39 137 85
39 138 15
39 139 15
39 140 68
39 142 7
39 143 4
39 150 4
40 41 78
40 42 27
40 45 48
40 46 2
40 48 74
40 51 74
40 55 23
40 59 42
40 64 64
40 65 89
40 66 41
40 71 26
40 72 65
40 77 23
40 79 59
40 81 61
40 84 31
40 86 57
40 89 23
40 94 18
40 96 18
40 98 33
40 101 7
40 102 9
40 105 68
40 107 22
40 118 38
40 119 36
40 120 69
40 121 18
40 126 14
40 129 68
40 143 42
40 145 26
40 148 79
40 150 17
41 42 18
41 44 46
41 47 18
41 49 50
41 52 7
41 55 100
41 59 81
41 60 35
41 61 60
41 63 43
41 64 39
41 67 31
41 72 68
41 77 5
41 80 11
41 84 14
41 93 19
41 95 100
41 96 15
41 107 45
41 108 1
41 112 78
41 113 46
41 114 68
41 116 81
41 121 12
41 122 83
41 127 48
41 129 77
41 135 74
41 137 44
41 138 93
41 146 18
41 147 68
41 149 84
42 43 13
42 46 99
42 54 9
42 59 18
42 60 55
42 64 38
42 66 55
42 67 26
42 71 71
42 76 32
42 79 5
42 85 58
42 86 76
42 87 96
42 89 52
42 93 75
42 101 11
42 103 48
42 105 12
42 106 15
42 107 98
42 109 8
42 114 20
42 116 4
42 123 35
42 124 74
42 125 85
42 128 51
42 130 57
42 131 52
42 134 26
42 138 43
42 139 3
42 143 88
42 145 73
42 146 63
42 147 45
43 44 78
43 50 47
43 52 18
43 54 66
43 55 41
43 56 32
43 58 43
43 61 40
43 62 39
43 65 7
43 67 96
43 69 75
43 72 78
43 74 49
43 75 86
43 78 90
43 79 26
43 82 9
43 83 96
43 86 91
43 87 100
43 88 78
43 92 68
43 94 13
43 96 69
43 100 19
43 101 68
43 104 28
43 105 12
43 106 99
43 107 28
43 108 94
43 109 68
43 110 19
43 111 18
43 114 38
43 117 54
43 118 19
43 119 99
43 125 52
43 126 55
43 133 25
43 135 42
43 136 27
43 137 81
43 142 15
43 146 99
43 147 21
43 150 3
44 45 24
44 46 21
44 47 41
44 51 26
44 52 22
44 53 56
44 54 23
44 56 46
44 57 27
44 58 74
44 59 12
44 62 79
44 63 56
44 64 61
44 65 6
44 66 52
44 69 92
44 72 76
44 73 100
44 75 66
44 77 6
44 84 86
44 85 46
44 86 79
44 87 81
44 89 48
44 90 24
44 94 61
44 96 11
44 97 35
44 98 87
44 100 95
44 103 12
44 108 75
44 109 70
44 111 17
44 117 100
44 119 25
44 120 58
44 121 74
44 124 93
44 125 95
44 126 26
44 127 78
44 129 75
44 131 4
44 132 25
44 133 5
44 135 76
44 138 83
44 140 27
44 143 35
44 144 44
44 150 36
45 46 98
45 48 55
45 61 11
45 64 5
45 66 22
45 68 96
45 71 30
45 72 81
45 74 77
45 76 95
45 79 87
45 81 91
45 82 62
45 88 92
45 89 18
45 91 90
45 97 97
45 101 33
45 104 84
45 105 88
45 110 63
45 111 33
45 114 3
45 115 27
45 117 13
45 120 16
45 121 15
45 123 77
45 125 90
45 129 66
45 131 88
45 132 39
45 134 49
45 136 70
45 137 82
45 143 18
45 145 86
45 149 96
46 47 65
46 51 4
46 53 27
46 55 84
46 56 91
46 58 83
46 59 12
46 60 6
46 61 29
46 62 83
46 64 18
46 66 99
46 70 70
46 75 36
46 77 54
46 78 48
46 81 59
46 82 13
46 83 98
46 86 20
46 88 5
46 91 49
46 94 19
46 96 26
46 106 66
46 108 62
46 109 60
46 110 36
46 115 34
46 116 64
46 118 25
46 127 55
46 129 5
46 130 50
46 132 80
46 135 96
46 136 12
46 137 76
46 139 84
46 141 99
46 146 11
46 148 8
46 149 97
46 150 63
47 52 8
47 56 8
47 57 63
47 58 82
47 60 2
47 67 9
47 68 6
47 71 23
47 75 77
47 76 42
47 77 77
47 78 99
47 79 71
47 82 24
47 86 97
47 90 47
47 91 12
47 92 50
47 93 97
47 100 85
47 101 16
47 104 39
47 108 39
47 110 14
47 112 16
47 113 53
47 114 32
47 115 5
47 117 75
47 120 1
47 122 94
47 124 65
47 126 72
47 127 29
47 128 41
47 129 55
47 131 23
47 132 8
47 139 56
47 140 99
47 142 37
47 146 79
47 150 10
48 50 4
48 55 62
48 60 97
48 64 95
48 66 96
48 67 70
48 70 1
48 72 74
48 73 87
48 75 13
48 78 11
48 80 77
48 81 86
48 88 67
48 92 62
48 94 13
48 95 60
48 96 46
48 99 62
48 101 69
48 102 18
48 103 37
48 107 28
48 109 81
48 110 2
48 111 6
48 113 61
48 115 49
48 116 16
48 121 64
48 124 96
48 126 17
48 129 3
48 132 66
48 134 33
48 136 73
48 139 72
48 141 86
48 144 68
48 145 38
48 150 30
49 51 1
49 54 27
49 55 76
49 56 97
49 57 43
49 59 53
49 68 3
49 74 65
49 76 75
49 77 80
49 82 86
49 84 75
49 87 11
49 95 27
49 101 46
49 103 71
49 104 61
49 106 89
49 108 95
49 113 25
49 115 9
49 119 25
49 123 17
49 129 43
49 131 64
49 133 14
49 134 82
49 137 98
49 138 56
49 140 96
49 141 14
49 142 72
49 150 44
50 51 13
50 54 44
50 58 34
50 60 10
50 63 61
50 64 61
50 66 8
50 67 35
50 68 43
50 71 19
50 73 50
50 74 60
50 76 75
50 77 50
50 78 76
50 80 41
50 81 71
50 84 10
50 86 37
50 87 19
50 88 8
50 89 5
50 90 44
50 91 48
50 93 96
50 94 77
50 95 12
50 102 34
50 105 26
50 107 64
50 108 22
50 110 27
50 114 37
50 116 25
50 119 89
50 120 30
50 122 1
50 126 12
50 128 23
50 133 65
50 135 88
50 140 17
50 141 38
50 142 56
50 143 17
51 54 72
51 59 65
51 61 66
51 62 76
51 63 28
51 66 39
51 67 59
51 68 74
51 73 8
51 74 84
51 75 34
51 77 46
51 80 13
51 81 78
51 83 25
51 87 41
51 88 18
51 93 85
51 96 7
51 97 15
51 99 8
51 105 78
51 107 3
51 112 21
51 117 57
51 121 38
51 122 70
51 124 57
51 127 91
51 128 70
51 132 95
51 141 6
51 143 3
51 146 93
51 148 43
51 149 10
52 54 61
52 55 82
52 58 69
52 59 72
52 62 52
52 63 55
52 66 69
52 67 39
52 69 90
52 70 99
52 71 24
52 73 97
52 74 62
52 75 67
52 77 14
52 79 60
52 86 3
52 93 53
52 97 32
52 98 75
52 99 53
52 102 21
52 104 5
52 105 2
52 109 96
52 111 99
52 114 66
52 116 61
52 120 70
52 129 74
52 130 75
52 132 2
52 135 53
52 138 63
52 141 4
52 145 41
52 146 90
52 147 60
52 149 72
52 150 81
53 56 17
53 57 100
53 58 90
53 60 18
53 65 17
53 68 99
53 70 98
53 72 50
53 76 29
53 77 64
53 89 68
53 94 36
53 95 82
53 96 16
53 101 15
53 102 21
53 105 69
53 106 19
53 109 12
53 110 74
53 112 33
53 115 43
53 116 8
53 118 20
53 119 57
53 121 78
53 122 87
53 123 89
53 125 38
53 126 88
53 129 6
53 130 91
53 134 30
53 136 28
53 137 20
53 138 44
53 139 43
53 140 58
53 141 64
53 144 1
53 146 47
54 57 5
54 58 69
54 59 68
54 60 60
54 65 54
54 66 43
54 67 74
54 68 76
54 69 52
54 72 78
54 77 30
54 78 77
54 81 32
54 82 93
54 83 63
54 85 6
54 87 52
54 91 35
54 92 33
54 94 39
54 106 45
54 108 41
54 109 94
54 110 53
54 114 52
54 116 35
54 118 17
54 121 36
54 122 52
54 123 5
54 130 99
54 133 50
54 138 83
54 141 1
54 142 78
54 146 20
54 147 91
54 149 54
55 56 12
55 57 35
55 58 87
55 59 17
55 60 73
55 61 79
55 62 2
55 63 33
55 64 8
55 67 88
55 68 9
55 69 18
55 71 24
55 73 4
55 78 67
55 83 8
55 85 4
55 86 54
55 87 29
55 92 69
55 97 54
55 99 61
55 100 25
55 102 40
55 103 46
55 104 70
55 105 18
55 109 54
55 110 60
55 112 69
55 113 70
55 114 59
55 115 68
55 116 26
55 118 72
55 120 79
55 121 49
55 122 2
55 123 77
55 124 29
55 126 89
55 127 71
55 132 8
55 133 40
55 136 80
55 139 77
55 141 25
55 143 27
55 146 17
55 147 22
55 150 74
56 58 61
56 60 75
56 61 14
56 64 23
56 68 7
56 69 70
56 76 2
56 79 22
56 80 11
56 81 72
56 82 16
56 83 98
56 90 29
56 91 51
56 92 76
56 93 2
56 94 69
56 97 59
56 100 28
56 102 52
56 103 46
56 106 1
56 112 76
56 117 59
56 121 28
56 126 24
56 128 21
56 131 80
56 135 35
56 136 6
56 137 2
56 139 60
56 140 21
56 141 99
56 142 33
56 143 81
56 145 1
56 146 52
56 147 99
56 149 78
56 150 13
57 59 73
57 62 84
57 65 71
57 66 95
57 68 38
57 76 79
57 80 86
57 82 69
57 84 55
57 85 36
57 90 87
57 91 85
57 97 8
57 98 29
57 101 13
57 102 96
57 103 37
57 104 33
57 105 26
57 106 15
57 108 97
57 109 62
57 118 9
57 119 69
57 120 64
57 121 31
57 122 93
57 126 34
57 129 75
57 130 82
57 134 48
57 135 20
57 136 15
57 140 90
57 141 28
57 142 12
57 146 93
57 148 43
57 150 37
58 62 19
58 66 13
58 67 48
58 70 90
58 75 49
58 77 34
58 79 56
58 80 31
58 81 43
58 83 87
58 84 63
58 88 36
58 89 100
58 91 31
58 97 44
58 98 69
58 101 56
58 103 18
58 104 55
58 107 65
58 109 20
58 110 73
58 111 27
58 119 70
58 121 3
58 122 46
58 123 95
58 125 26
58 126 44
58 128 94
58 132 90
58 134 96
58 137 91
58 138 52
58 140 56
58 142 10
58 148 29
58 149 30
58 150 51
59 61 80
59 63 63
59 64 16
59 66 55
59 67 100
59 69 71
59 70 17
59 75 31
59 78 90
59 79 70
59 81 89
59 83 21
59 85 69
59 87 27
59 90 28
59 97 60
59 98 68
59 101 79
59 104 82
59 105 84
59 108 55
59 112 3
59 115 72
59 117 2
59 118 89
59 123 92
59 125 65
59 126 84
59 128 2
59 129 13
59 135 82
59 136 8
59 139 84
59 144 62
59 149 52
60 64 43
60 65 36
60 68 28
60 70 63
60 72 85
60 80 80
60 81 72
60 82 41
60 86 2
60 87 49
60 88 91
60 91 44
60 101 78
60 104 24
60 106 33
60 110 77
60 114 32
60 115 96
60 117 35
60 119 23
60 120 89
60 122 35
60 123 32
60 124 25
60 125 26
60 132 76
60 133 100
60 136 88
60 138 61
60 139 65
60 140 45
60 141 18
60 143 84
60 147 45
60 150 21
61 66 30
61 67 68
61 72 17
61 73 27
61 74 42
61 75 70
61 77 52
61 78 91
61 81 35
61 84 45
61 85 16
61 87 52
61 88 17
61 95 24
61 96 3
61 98 71
61 100 90
61 103 74
61 107 4
61 110 90
61 113 17
61 117 85
61 118 57
61 121 59
61 128 8
61 131 1
61 135 12
61 137 20
61 138 10
61 140 40
61 142 56
61 143 55
61 147 76
62 64 42
62 65 12
62 66 42
62 67 11
62 68 45
62 69 49
62 73 45
62 77 68
62 79 72
62 80 57
62 81 26
62 82 68
62 83 62
62 88 76
62 89 55
62 90 47
62 91 67
62 94 1
62 95 16
62 98 94
62 107 58
62 108 84
62 109 72
62 112 9
62 113 24
62 116 84
62 117 75
62 118 32
62 119 97
62 128 76
62 129 8
62 133 85
62 145 38
62 149 38
63 64 46
63 66 44
63 68 40
63 71 73
63 72 48
63 73 88
63 74 52
63 75 96
63 78 33
63 81 7
63 82 61
63 83 56
63 86 59
63 88 88
63 89 23
63 90 48
63 92 81
63 93 66
63 95 1
63 96 13
63 100 90
63 103 2
63 105 12
63 106 74
63 108 70
63 110 29
63 111 72
63 112 29
63 113 24
63 114 26
63 117 86
63 118 78
63 119 59
63 120 21
63 123 46
63 124 19
63 125 73
63 131 45
63 132 2
63 134 80
63 136 82
63 140 14
63 141 57
63 142 11
63 150 10
64 67 81
64 72 32
64 73 21
64 75 25
64 76 61
64 79 12
64 80 29
64 85 93
64 91 92
64 94 78
64 96 99
64 98 80
64 100 88
64 102 23
64 104 23
64 106 11
64 111 5
64 113 93
64 116 63
64 117 7
64 121 85
64 123 7
64 126 40
64 127 13
64 128 53
64 131 50
64 134 84
64 135 22
64 136 20
64 139 38
64 142 69
64 143 70
64 147 30
64 150 44
65 68 40
65 69 62
65 70 40
65 75 1
65 77 12
65 78 89
65 79 9
65 83 20
65 84 81
65 85 52
65 86 43
65 89 22
65 93 25
65 95 2
65 96 63
65 98 70
65 99 92
65 103 99
65 104 22
65 110 51
65 111 57
65 112 81
65 114 64
65 116 28
65 118 3
65 119 24
65 122 39
65 124 63
65 125 62
65 128 41
65 131 22
65 133 65
65 135 1
65 137 36
65 138 50
65 139 21
65 142 14
65 143 90
65 144 66
65 145 100
65 146 31
66 68 79
66 71 88
66 73 7
66 76 23
66 77 58
66 78 39
66 79 22
66 82 3
66 83 50
66 85 63
66 87 46
66 88 71
66 91 32
66 92 34
66 94 40
66 95 55
66 97 94
66 98 89
66 100 71
66 101 70
66 102 26
66 103 32
66 108 75
66 110 72
66 111 66
66 117 15
66 119 52
66 121 41
66 123 78
66 124 91
66 126 18
66 127 21
66 128 92
66 136 68
66 138 22
66 141 43
66 142 5
66 143 35
66 145 73
67 68 53
67 70 79
67 76 85
67 77 40
67 78 68
67 81 3
67 84 32
67 93 92
67 96 87
67 99 29
67 102 43
67 103 19
67 108 90
67 110 58
67 113 16
67 115 33
67 116 34
67 117 19
67 123 17
67 125 5
67 129 44
67 130 23
67 134 77
67 135 71
67 137 96
67 143 67
67 146 37
67 147 42
67 149 42
67 150 76
68 70 47
68 72 69
68 73 56
68 78 81
68 80 29
68 82 9
68 84 65
68 90 5
68 94 93
68 97 44
68 98 20
68 101 11
68 103 18
68 105 38
68 107 9
68 113 62
68 118 41
68 120 51
68 125 25
68 126 75
68 127 87
68 135 36
68 137 86
68 140 32
68 141 65
68 143 15
68 145 23
68 146 94
68 147 52
68 148 4
69 71 96
69 73 14
69 76 100
69 77 12
69 79 52
69 83 8
69 84 10
69 86 77
69 87 51
69 88 79
69 90 17
69 96 64
69 99 49
69 103 46
69 104 91
69 105 16
69 107 76
69 108 80
69 109 3
69 110 66
69 113 100
69 114 29
69 115 31
69 116 70
69 117 70
69 124 28
69 129 98
69 132 19
69 134 60
69 136 21
69 138 15
69 139 63
69 142 48
69 144 94
69 145 17
69 146 43
69 148 67
70 71 37
70 72 68
70 73 24
70 76 79
70 82 54
70 83 91
70 84 81
70 88 93
70 89 32
70 91 43
70 93 98
70 104 52
70 108 28
70 109 64
70 111 51
70 114 98
70 117 59
70 122 15
70 124 10
70 125 3
70 126 85
70 127 62
70 128 73
70 132 11
70 134 9
70 135 82
70 138 72
70 140 31
70 142 94
70 146 42
70 149 8
70 150 23
71 72 50
71 73 86
71 74 73
71 75 97
71 81 12
71 83 7
71 90 81
71 91 54
71 93 94
71 94 32
71 95 41
71 99 68
71 100 66
71 101 60
71 109 12
71 111 65
71 112 14
71 115 21
71 120 20
71 121 62
71 127 98
71 129 9
71 139 56
71 140 98
71 141 3
71 143 2
71 145 66
71 146 88
71 150 50
72 73 94
72 76 56
72 77 11
72 78 46
72 79 69
72 84 49
72 91 46
72 93 26
72 95 56
72 96 15
72 98 84
72 100 35
72 109 45
72 110 83
72 111 89
72 113 13
72 120 57
72 124 51
72 125 31
72 127 59
72 128 95
72 129 100
72 131 99
72 133 79
72 135 60
72 138 21
72 142 80
72 146 77
73 77 53
73 79 96
73 81 66
73 82 20
73 84 14
73 87 60
73 90 95
73 91 80
73 95 61
73 97 37
73 101 66
73 106 14
73 107 56
73 111 84
73 112 86
73 114 10
73 118 55
73 120 71
73 132 78
73 133 43
73 134 55
73 135 21
73 136 23
73 139 97
73 143 56
73 145 57
73 146 15
73 148 46
73 149 86
73 150 78
74 76 30
74 78 29
74 80 96
74 81 69
74 83 90
74 85 93
74 90 61
74 92 24
74 95 67
74 99 37
74 101 35
74 103 92
74 105 76
74 107 17
74 108 80
74 110 71
74 113 96
74 116 17
74 117 64
74 118 22
74 121 5
74 122 68
74 123 51
74 127 79
74 133 68
74 134 76
74 139 5
74 140 78
74 142 44
74 145 24
74 148 38
74 150 98
75 78 10
75 81 84
75 84 46
75 85 84
75 87 26
75 88 27
75 96 25
75 98 69
75 103 31
75 108 2
75 111 15
75 115 3
75 116 43
75 120 81
75 121 70
75 129 91
75 131 67
75 132 15
75 133 38
75 134 42
75 136 97
75 139 3
75 142 66
75 143 90
75 145 13
75 149 73
75 150 2
76 77 1
76 80 92
76 81 13
76 82 43
76 86 37
76 90 50
76 93 84
76 94 52
76 96 36
76 101 40
76 102 8
76 103 67
76 104 50
76 105 95
76 111 97
76 112 9
76 113 14
76 116 49
76 119 96
76 120 42
76 121 9
76 123 53
76 126 51
76 131 15
76 133 15
76 136 31
76 137 76
76 138 48
76 141 90
76 142 14
76 147 62
77 78 13
77 84 26
77 87 21
77 88 7
77 96 68
77 97 66
77 98 20
77 102 83
77 104 41
77 105 19
77 107 32
77 113 19
77 117 69
77 121 1
77 122 100
77 126 15
77 127 75
77 131 31
77 132 16
77 133 25
77 136 46
77 139 85
77 141 93
77 143 60
77 146 27
77 147 65
77 148 59
77 149 50
78 81 88
78 82 84
78 84 95
78 85 72
78 87 21
78 88 56
78 90 27
78 92 39
78 94 70
78 100 68
78 101 97
78 102 46
78 106 28
78 107 99
78 108 31
78 111 8
78 112 81
78 113 45
78 114 76
78 115 66
78 116 10
78 122 21
78 124 2
78 129 81
78 135 77
78 136 18
78 138 64
78 141 13
78 142 76
78 145 80
78 146 64
78 147 54
78 148 67
79 81 71
79 87 23
79 88 40
79 92 76
79 95 18
79 103 90
79 109 16
79 115 54
79 118 77
79 123 10
79 125 5
79 127 41
79 128 97
79 131 46
79 136 53
79 141 98
79 144 4
79 147 11
79 148 27
79 150 79
80 83 47
80 85 48
80 91 45
80 94 57
80 98 84
80 99 8
80 100 18
80 102 93
80 103 72
80 104 12
80 106 85
80 107 68
80 108 93
80 109 83
80 110 19
80 114 24
80 119 8
80 120 38
80 126 61
80 127 61
80 128 85
80 132 64
80 135 30
80 137 89
80 138 28
80 139 6
80 140 26
80 141 83
80 147 81
80 149 1
81 88 31
81 93 68
81 98 47
81 99 94
81 103 69
81 104 65
81 106 33
81 107 48
81 109 93
81 110 31
81 111 25
81 112 23
81 115 36
81 119 89
81 121 43
81 124 14
81 125 18
81 128 89
81 130 20
81 135 97
81 136 43
81 137 85
81 139 57
81 143 98
81 145 12
81 149 79
82 86 16
82 88 51
82 91 51
82 100 56
82 102 51
82 104 7
82 107 94
82 108 50
82 111 64
82 115 28
82 116 36
82 118 27
82 122 66
82 123 73
82 127 21
82 132 59
82 134 21
82 135 78
82 136 80
82 138 47
82 140 34
82 144 78
82 145 87
82 148 31
82 149 58
83 84 90
83 85 4
83 88 95
83 91 83
83 93 5
83 98 5
83 103 39
83 114 67
83 115 97
83 121 8
83 126 88
83 127 24
83 128 94
83 131 51
83 134 11
83 135 4
83 136 52
83 138 27
83 139 87
83 140 10
83 142 72
83 143 88
83 146 82
84 85 50
84 88 10
84 90 17
84 93 87
84 94 39
84 95 15
84 97 75
84 100 40
84 101 12
84 102 36
84 105 3
84 106 92
84 111 77
84 112 47
84 118 46
84 122 43
84 123 26
84 127 26
84 128 15
84 131 2
84 132 4
84 135 30
84 136 14
84 139 96
84 146 15
85 89 94
85 92 47
85 93 65
85 94 72
85 96 66
85 98 88
85 99 1
85 100 25
85 104 87
85 106 79
85 107 28
85 108 64
85 112 90
85 113 95
85 115 81
85 118 16
85 119 2
85 121 72
85 122 8
85 123 18
85 125 63
85 128 38
85 132 82
85 136 72
85 138 35
85 141 62
85 143 91
85 145 96
85 147 94
86 88 8
86 92 61
86 93 43
86 94 99
86 96 18
86 97 82
86 101 15
86 103 66
86 104 34
86 113 69
86 118 36
86 125 42
86 128 2
86 132 26
86 135 2
86 138 94
86 143 79
86 148 24
86 150 53
87 89 18
87 91 91
87 99 27
87 100 67
87 102 69
87 104 50
87 107 6
87 108 75
87 114 91
87 120 14
87 125 62
87 126 68
87 130 31
87 131 5
87 133 63
87 134 50
87 135 78
87 136 83
87 138 32
87 139 70
87 141 66
87 143 6
87 145 79
87 147 88
87 150 98
88 92 64
88 96 95
88 97 97
88 99 85
88 102 79
88 110 30
88 120 32
88 121 79
88 125 75
88 127 65
88 129 8
88 131 41
88 135 9
88 137 3
88 145 22
88 147 20
88 148 53
89 90 72
89 92 74
89 93 33
89 94 18
89 95 25
89 100 37
89 101 86
89 103 100
89 110 12
89 113 32
89 115 98
89 116 40
89 117 62
89 118 43
89 119 91
89 121 36
89 123 90
89 126 46
89 127 88
89 131 97
89 132 65
89 135 38
89 138 35
89 139 100
89 140 20
89 148 98
89 149 62
90 92 96
90 94 10
90 99 1
90 101 51
90 102 39
90 103 28
90 105 86
90 106 80
90 110 53
90 111 19
90 116 38
90 117 92
90 118 52
90 119 53
90 120 53
90 121 65
90 122 1
90 126 86
90 128 52
90 129 72
90 130 98
90 134 82
90 135 35
90 136 96
90 139 97
90 147 13
90 149 97
91 92 86
91 93 47
91 99 64
91 104 42
91 106 29
91 108 74
91 112 52
91 114 20
91 116 5
91 117 73
91 119 67
91 128 55
91 130 21
91 131 64
91 132 1
91 133 89
91 137 17
91 138 67
91 142 56
91 147 54
91 148 92
91 149 97
92 94 88
92 97 54
92 98 28
92 100 56
92 102 47
92 103 55
92 108 72
92 109 25
92 110 72
92 112 2
92 113 16
92 114 72
92 116 80
92 118 89
92 119 3
92 120 7
92 121 29
92 123 35
92 124 25
92 125 60
92 129 7
92 133 27
92 135 100
92 136 3
92 138 68
92 140 79
92 149 55
93 95 55
93 98 91
93 101 83
93 102 63
93 106 16
93 107 57
93 108 3
93 111 50
93 112 29
93 117 71
93 118 45
93 121 28
93 130 32
93 133 33
93 135 86
93 136 58
93 142 40
93 147 58
93 149 49
93 150 55
94 96 82
94 97 70
94 99 44
94 100 80
94 101 50
94 102 81
94 105 90
94 107 5
94 112 84
94 113 24
94 115 99
94 117 20
94 118 16
94 120 52
94 121 84
94 130 12
94 134 46
94 140 79
94 141 27
94 145 69
94 146 49
94 149 60
95 97 50
95 100 21
95 104 39
95 105 37
95 107 82
95 108 30
95 109 68
95 113 63
95 115 55
95 116 84
95 117 10
95 118 19
95 120 85
95 127 37
95 128 3
95 130 31
95 132 58
95 134 19
95 135 53
95 138 6
95 139 40
95 140 8
95 142 71
95 144 99
95 147 83
95 150 84
96 97 25
96 99 47
96 100 28
96 101 10
96 106 99
96 107 73
96 109 29
96 112 86
96 113 30
96 117 63
96 118 48
96 124 90
96 125 45
96 129 4
96 130 88
96 134 8
96 135 32
96 137 67
96 139 20
96 140 98
96 141 84
96 144 92
96 145 37
97 98 24
97 101 10
97 103 70
97 109 9
97 117 24
97 119 8
97 122 47
97 124 20
97 128 14
97 129 83
97 131 43
97 132 100
97 135 70
97 137 76
97 139 81
97 141 33
97 148 63
97 149 4
98 99 98
98 100 6
98 101 67
98 103 74
98 107 18
98 113 88
98 114 33
98 118 46
98 122 18
98 123 31
98 124 40
98 127 15
98 133 95
98 134 37
98 139 73
98 141 21
98 143 75
98 149 29
99 101 59
99 102 18
99 103 60
99 108 72
99 109 28
99 110 98
99 113 43
99 118 58
99 122 78
99 123 17
99 125 86
99 126 53
99 128 1
99 131 50
99 134 63
99 135 53
99 136 7
99 137 66
99 138 34
99 139 16
99 141 13
99 144 36
99 150 38
100 106 22
100 107 9
100 108 58
100 109 90
100 110 2
100 115 81
100 125 25
100 126 72
100 131 98
100 135 69
100 140 48
100 146 25
100 147 50
100 149 21
101 105 12
101 113 2
101 115 59
101 116 3
101 117 89
101 118 24
101 119 17
101 121 11
101 123 92
101 124 94
101 126 37
101 130 8
101 134 100
101 135 55
101 136 2
101 139 64
101 141 36
101 142 16
101 144 69
101 148 52
101 150 10
102 105 54
102 106 98
102 107 62
102 111 48
102 114 69
102 117 54
102 118 59
102 119 30
102 123 54
102 130 76
102 132 18
102 136 95
102 137 51
102 139 18
102 143 99
102 144 29
102 145 45
102 146 60
102 148 26
103 104 100
103 105 90
103 107 69
103 108 91
103 110 63
103 116 89
103 118 67
103 120 87
103 123 42
103 125 34
103 126 38
103 127 10
103 128 22
103 133 92
103 134 39
103 135 44
103 137 96
103 139 12
103 142 91
103 143 87
103 147 21
103 149 15
104 105 45
104 106 44
104 107 2
104 108 12
104 111 88
104 115 86
104 116 10
104 120 83
104 137 21
104 139 11
104 141 40
104 144 52
104 150 56
105 106 14
105 108 79
105 110 56
105 113 13
105 119 19
105 121 87
105 126 98
105 128 23
105 129 40
105 130 44
105 138 19
105 140 61
105 141 12
105 144 96
105 145 27
105 146 33
106 108 72
106 112 84
106 113 52
106 114 40
106 115 39
106 116 84
106 121 99
106 122 45
106 124 92
106 126 92
106 127 63
106 128 77
106 129 83
106 130 10
106 131 13
106 133 48
106 134 69
106 137 89
106 140 15
107 108 78
107 110 25
107 112 78
107 113 29
107 115 43
107 119 26
107 120 48
107 122 83
107 125 94
107 129 94
107 130 97
107 131 89
107 134 99
107 137 61
107 140 91
107 141 10
107 142 43
107 143 6
107 145 61
107 147 13
107 149 43
107 150 72
108 110 17
108 113 44
108 119 45
108 121 60
108 123 44
108 124 33
108 127 55
108 130 85
108 131 88
108 132 6
108 133 71
108 141 39
108 142 98
108 146 86
108 148 92
108 149 15
109 112 74
109 113 98
109 114 99
109 115 33
109 116 26
109 118 46
109 119 85
109 121 9
109 122 7
109 128 50
109 130 2
109 134 75
109 136 4
109 138 18
109 141 40
109 145 85
109 148 39
110 112 24
110 120 3
110 124 2
110 125 100
110 126 88
110 133 11
110 138 46
110 139 30
110 141 6
110 143 98
110 144 100
110 146 9
111 115 55
111 116 7
111 117 78
111 118 23
111 119 22
111 120 28
111 121 44
111 122 44
111 126 23
111 129 45
111 130 49
111 131 40
111 133 75
111 134 24
111 138 78
111 140 36
111 141 30
111 143 78
111 144 73
111 145 31
111 147 66
111 148 56
112 118 45
112 119 91
112 120 54
112 121 88
112 125 65
112 127 30
112 141 66
112 142 98
112 144 75
112 146 67
112 147 34
112 148 91
112 149 55
112 150 82
113 115 22
113 120 42
113 123 64
113 127 42
113 128 51
113 130 61
113 131 64
113 137 97
113 138 41
113 143 25
113 144 94
113 146 45
113 147 97
113 148 20
114 115 57
114 119 36
114 123 7
114 125 21
114 126 3
114 127 8
114 128 44
114 129 3
114 130 37
114 134 65
114 135 34
114 136 87
114 140 20
114 142 54
114 144 26
114 145 78
114 148 72
114 149 100
115 123 14
115 126 34
115 132 86
115 133 44
115 137 31
115 139 41
115 141 43
115 144 37
115 146 54
115 147 69
116 120 77
116 125 34
116 129 84
116 130 46
116 132 77
116 133 94
116 139 86
116 141 48
116 144 93
116 150 87
117 118 50
117 123 12
117 135 70
117 139 14
117 140 66
117 141 69
117 143 82
117 145 13
117 146 33
117 147 20
117 148 42
117 149 99
118 120 70
118 127 54
118 129 28
118 130 4
118 131 90
118 133 42
118 135 22
118 137 68
118 140 37
118 146 8
118 148 96
118 150 35
119 120 86
119 121 74
119 122 33
119 125 8
119 128 83
119 132 83
119 134 29
119 135 5
119 137 15
119 139 34
119 141 10
119 142 83
119 144 6
119 147 5
119 148 45
120 121 41
120 122 29
120 125 9
120 129 2
120 130 16
120 131 2
120 134 90
120 139 35
120 144 74
120 148 26
120 149 18
120 150 75
121 125 97
121 126 29
121 127 79
121 132 98
121 135 93
121 141 74
121 142 86
121 143 75
121 146 52
121 150 84
122 125 64
122 127 32
122 131 39
122 132 18
122 134 48
122 137 54
122 142 83
122 144 100
122 145 69
122 147 51
122 148 91
122 150 46
123 131 88
123 133 94
123 134 52
123 135 75
123 136 25
123 141 22
123 143 48
123 144 31
123 146 72
123 148 56
124 125 61
124 127 43
124 128 80
124 131 66
124 133 21
124 134 26
124 138 32
124 139 98
124 143 93
124 148 85
124 150 43
125 128 53
125 129 22
125 131 85
125 133 16
125 134 5
125 137 50
125 142 19
125 147 24
125 149 35
126 127 89
126 131 73
126 132 11
126 135 38
126 136 77
126 139 56
126 141 95
126 142 29
126 143 100
126 147 27
126 148 14
127 135 35
127 136 5
127 144 82
127 149 75
128 129 6
128 132 50
128 133 74
128 134 41
128 138 85
128 150 74
129 131 40
129 132 57
129 139 36
129 140 69
129 142 38
129 144 14
129 145 90
129 146 50
129 147 21
130 132 43
130 134 41
130 135 8
130 137 80
130 138 76
130 141 6
130 142 7
130 143 46
130 145 60
130 146 61
130 147 17
130 148 62
130 150 1
131 132 92
131 133 95
131 149 61
132 133 16
132 134 34
132 139 98
132 143 17
132 144 17
132 145 82
132 148 90
132 150 64
133 134 29
133 135 63
133 137 12
133 138 21
133 141 17
133 142 79
133 143 26
133 147 98
133 148 42
133 149 73
133 150 46
134 135 99
134 141 66
134 142 24
134 144 40
134 148 49
134 149 7
135 137 25
135 139 20
135 140 87
135 144 60
135 146 37
135 150 88
136 137 55
136 138 96
136 140 68
136 141 93
136 143 11
136 144 31
136 146 73
136 147 12
136 150 34
137 142 34
137 143 75
137 144 98
137 149 90
138 139 9
138 141 62
138 143 78
138 145 67
138 149 83
138 150 28
139 140 17
139 141 83
139 145 98
140 142 15
140 145 76
140 146 31
141 143 23
141 150 8
142 144 48
142 147 24
142 148 65
143 145 73
143 149 47
144 146 26
144 147 54
144 148 21
144 149 81
146 147 99
146 149 40
146 150 35
147 148 41
147 150 41
149 150 5
1 4 89
1 5 71
1 9 41
1 11 84
1 12 9
1 14 8
1 18 76
1 21 57
1 28 71
1 30 12
1 31 14
1 32 36
1 33 50
1 34 7
1 35 55
1 37 2
1 43 72
1 44 14
1 48 53
1 52 67
1 55 7
1 56 86
1 58 8
1 59 13
1 62 59
1 64 81
1 66 90
1 69 28
1 76 77
1 77 40
1 79 95
1 80 22
1 82 6
1 84 94
1 85 25
1 86 40
1 90 21
1 92 73
1 95 45
1 96 78
1 100 30
1 107 93
1 108 57
1 110 51
1 112 88
1 115 81
1 118 20
1 119 34
1 120 31
1 122 94
1 123 100
1 128 100
1 129 58
1 130 89
1 132 15
1 138 63
1 139 86
1 140 5
1 142 8
1 144 43
1 147 11
2 3 88
2 4 98
2 5 87
2 6 99
2 7 51
2 11 9
2 13 16
2 17 18
2 19 42
2 23 76
2 24 87
2 26 93
2 29 83
2 31 96
2 33 91
2 34 26
2 41 96
2 43 74
2 47 46
2 50 2
2 54 37
2 55 100
2 58 54
2 61 92
2 62 7
2 63 86
2 65 42
2 66 57
2 67 3
2 70 22
2 82 48
2 83 5
2 86 91
2 88 29
2 92 27
2 94 27
2 95 54
2 105 56
2 109 36
2 110 7
2 111 61
2 112 57
2 117 15
2 120 70
2 122 99
2 123 66
2 126 56
2 127 5
2 129 9
2 130 7
2 131 53
2 134 29
2 136 6
2 138 13
2 140 22
2 145 29
2 146 58
2 150 71
3 10 92
3 12 60
3 13 83
3 14 72
3 17 24
3 18 4
3 22 16
3 24 21
3 26 1
3 27 65
3 31 56
3 32 78
3 33 6
3 35 9
3 36 7
3 37 65
3 42 12
3 43 91
3 45 69
3 46 98
3 47 40
3 48 49
3 51 1
3 53 47
3 54 28
3 55 92
3 56 60
3 58 51
3 59 13
3 60 36
3 62 89
3 63 36
3 64 91
3 67 84
3 68 38
3 71 73
3 72 50
3 73 40
3 75 78
3 78 49
3 80 97
3 82 83
3 83 7
3 84 73
3 86 49
3 88 35
3 91 22
3 92 10
3 94 97
3 99 76
3 103 90
3 104 13
3 107 82
3 108 63
3 113 53
3 115 59
3 119 22
3 123 57
3 126 29
3 127 91
3 128 48
3 129 40
3 131 49
3 134 79
3 135 13
3 141 83
3 143 1
3 146 73
3 148 15
3 150 67
4 7 95
4 10 16
4 11 44
4 15 66
4 16 76
4 23 25
4 27 14
4 28 54
4 31 12
4 34 65
4 35 70
4 36 75
4 39 39
4 41 46
4 42 43
4 44 33
4 45 83
4 46 10
4 48 29
4 50 77
4 55 20
4 58 53
4 61 80
4 64 33
4 65 85
4 66 91
4 67 98
4 69 93
4 73 64
4 76 21
4 77 11
4 78 11
4 79 17
4 81 46
4 83 70
4 84 59
4 88 30
4 91 93
4 93 59
4 94 39
4 95 2
4 100 89
4 101 79
4 105 23
4 111 26
4 112 42
4 113 76
4 115 88
4 116 83
4 117 8
4 118 57
4 122 90
4 123 63
4 126 98
4 127 45
4 128 94
4 129 34
4 130 99
4 133 74
4 135 61
4 136 1
4 138 12
4 143 4
4 150 81
5 10 62
5 12 99
5 16 71
5 17 4
5 18 97
5 19 54
5 24 18
5 26 4
5 29 80
5 30 52
5 31 52
5 32 75
5 35 52
5 36 15
5 38 97
5 41 12
5 46 52
5 49 67
5 51 47
5 57 80
5 61 97
5 64 40
5 67 95
5 68 41
5 69 78
5 70 69
5 72 93
5 76 97
5 79 55
5 85 83
5 87 83
5 89 19
5 92 59
5 93 79
5 94 39
5 96 24
5 99 44
5 100 43
5 101 13
5 102 66
5 105 45
5 107 21
5 108 77
5 111 38
5 114 95
5 115 21
5 119 9
5 123 41
5 126 6
5 128 11
5 133 42
5 135 79
5 136 76
5 138 47
5 143 18
5 146 76
5 147 10
5 148 45
5 150 99
6 7 99
6 8 63
6 11 98
6 15 82
6 19 98
6 22 16
6 25 67
6 26 11
6 32 36
6 35 23
6 39 19
6 51 55
6 53 6
6 55 84
6 56 12
6 63 72
6 69 17
6 70 24
6 71 46
6 73 97
6 80 82
6 85 1
6 86 99
6 88 38
6 89 85
6 94 80
6 95 3
6 98 12
6 101 11
6 102 18
6 105 98
6 107 13
6 109 38
6 113 31
6 115 5
6 119 33
6 122 55
6 123 100
6 128 100
6 132 16
6 133 30
6 134 36
6 136 28
6 137 98
6 138 93
6 141 6
6 142 4
6 144 76
6 149 53
7 9 90
7 14 97
7 15 47
7 16 70
7 18 25
7 19 72
7 20 64
7 24 40
7 27 33
7 28 61
7 29 14
7 30 66
7 32 88
7 36 19
7 37 45
7 39 29
7 40 10
7 41 71
7 42 60
7 44 37
7 45 40
7 60 88
7 62 90
7 63 89
7 69 30
7 73 26
7 74 57
7 78 92
7 79 23
7 80 65
7 81 41
7 83 51
7 86 34
7 89 61
7 94 99
7 95 4
7 103 57
7 104 16
7 105 90
7 109 25
7 116 29
7 119 84
7 120 30
7 122 81
7 124 2
7 125 23
7 126 86
7 128 44
7 131 58
7 132 57
7 136 77
7 137 74
7 138 36
7 139 87
7 140 59
7 142 86
7 146 49
8 12 83
8 13 86
8 16 96
8 17 54
8 20 11
8 21 45
8 23 71
8 27 62
8 30 8
8 31 7
8 33 59
8 35 6
8 37 33
8 39 53
8 42 27
8 44 47
8 48 67
8 50 53
8 51 66
8 59 97
8 60 18
8 61 20
8 62 12
8 63 90
8 64 71
8 65 36
8 67 1
8 73 32
8 76 70
8 78 39
8 79 30
8 80 41
8 83 40
8 84 85
8 85 18
8 86 12
8 93 45
8 96 69
8 98 53
8 99 55
8 100 69
8 101 50
8 105 75
8 106 49
8 107 57
8 110 86
8 112 91
8 114 47
8 116 97
8 119 90
8 132 57
8 133 12
8 136 11
8 137 72
8 138 78
8 139 89
8 145 100
8 147 63
8 150 43
9 10 25
9 12 77
9 17 39
9 20 82
9 22 39
9 23 34
9 25 52
9 26 12
9 28 27
9 33 78
9 34 22
9 36 49
9 42 29
9 44 13
9 45 13
9 50 80
9 51 65
9 52 84
9 53 99
9 59 93
9 63 62
9 66 80
9 68 79
9 72 71
9 73 61
9 76 74
9 78 50
9 83 24
9 88 78
9 91 22
9 92 48
9 95 49
9 96 31
9 98 75
9 99 55
9 100 32
9 102 95
9 105 55
9 109 53
9 110 49
9 111 28
9 113 65
9 114 73
9 115 83
9 120 43
9 132 9
9 133 62
9 134 17
9 137 98
9 138 61
9 140 6
9 141 25
9 143 75
9 144 41
9 145 27
9 150 1
10 11 14
10 12 42
10 13 62
10 16 97
10 17 82
10 18 12
10 19 86
10 21 98
10 23 50
10 24 27
10 29 53
10 31 68
10 33 27
10 34 2
10 35 62
10 36 80
10 38 44
10 40 56
10 41 75
10 43 35
10 47 87
10 49 82
10 53 57
10 55 36
10 60 97
10 66 24
10 68 42
10 71 46
10 75 59
10 77 7
10 78 8
10 79 23
10 84 63
10 87 12
10 89 75
10 91 31
10 92 42
10 95 73
10 100 77
10 102 97
10 105 1
10 106 86
10 112 45
10 113 100
10 116 43
10 121 30
10 123 99
10 124 42
10 128 37
10 130 90
10 131 41
10 132 87
10 133 60
10 139 41
10 140 97
10 141 80
10 142 38
10 144 97
10 146 78
10 147 21
11 13 8
11 15 34
11 16 96
11 17 53
11 20 92
11 22 88
11 23 97
11 25 70
11 26 31
11 28 76
11 37 27
11 38 89
11 40 53
11 42 89
11 45 37
11 49 18
11 50 80
11 52 4
11 54 82
11 55 7
11 62 13
11 65 48
11 69 64
11 74 27
11 77 37
11 79 12
11 83 7
11 84 87
11 92 55
11 93 77
11 94 18
11 100 72
11 102 26
11 105 30
11 107 11
11 108 98
11 114 87
11 115 15
11 116 93
11 118 58
11 123 95
11 127 58
11 136 88
11 138 80
11 139 16
11 141 3
11 142 32
11 148 38
11 149 86
12 14 36
12 18 16
12 19 96
12 24 94
12 33 98
12 34 43
12 38 57
12 40 69
12 41 87
12 46 91
12 47 95
12 48 93
12 49 79
12 51 75
12 53 92
12 54 34
12 55 11
12 56 58
12 57 86
12 59 56
12 60 47
12 63 67
12 64 71
12 65 22
12 66 56
12 67 21
12 68 5
12 69 74
12 72 18
12 75 66
12 77 39
12 88 93
12 90 61
12 102 79
12 103 69
12 104 61
12 111 88
12 112 61
12 113 39
12 118 84
12 119 7
12 122 36
12 124 37
12 125 69
12 128 51
12 132 44
12 137 34
12 138 94
12 141 19
12 143 98
12 145 45
12 149 55
13 14 83
13 20 52
13 21 2
13 27 27
13 28 74
13 33 12
13 40 63
13 47 1
13 48 26
13 49 10
13 50 63
13 51 19
13 54 30
13 61 24
13 64 36
13 65 60
13 69 45
13 70 32
13 71 11
13 72 98
13 80 49
13 81 87
13 85 42
13 86 73
13 87 69
13 89 50
13 91 30
13 92 55
13 93 19
13 94 82
13 96 17
13 97 41
13 100 9
13 101 83
13 105 22
13 108 1
13 110 4
13 111 68
13 112 75
13 120 7
13 121 8
13 126 69
13 127 88
13 128 48
13 130 32
13 131 23
13 132 100
13 136 99
13 137 36
13 142 59
13 145 91
13 146 82
14 16 58
14 17 80
14 18 7
14 20 17
14 21 51
14 22 60
14 23 65
14 24 75
14 26 13
14 30 27
14 31 39
14 37 86
14 38 89
14 42 51
14 43 65
14 49 3
14 51 76
14 52 45
14 54 6
14 56 77
14 59 19
14 61 55
14 62 96
14 63 78
14 65 69
14 69 40
14 70 83
14 73 16
14 75 16
14 77 44
14 86 29
14 90 97
14 91 69
14 93 52
14 99 59
14 105 54
14 106 73
14 107 10
14 109 37
14 112 15
14 114 42
14 118 29
14 120 32
14 121 48
14 122 75
14 125 35
14 127 81
14 131 42
14 132 42
14 134 24
14 137 92
14 139 69
14 141 78
14 142 71
14 145 16
14 150 87
15 20 46
15 25 57
15 27 98
15 30 38
15 32 94
15 34 65
15 37 87
15 40 61
15 46 13
15 48 8
15 52 25
15 57 74
15 58 55
15 61 38
15 66 80
15 69 4
15 70 16
15 71 6
15 74 82
15 75 86
15 76 100
15 78 52
15 84 79
15 85 87
15 87 18
15 88 70
15 90 22
15 98 97
15 100 50
15 101 55
15 102 60
15 105 38
15 106 80
15 107 3
15 109 58
15 113 49
15 114 82
15 115 75
15 118 85
15 120 71
15 121 70
15 124 2
15 127 54
15 128 59
15 130 45
15 131 34
15 136 27
15 139 10
15 142 70
16 19 22
16 21 72
16 25 60
16 26 29
16 29 86
16 32 13
16 33 83
16 34 67
16 39 46
16 41 3
16 44 62
16 45 94
16 46 81
16 50 85
16 51 64
16 53 100
16 55 4
16 64 70
16 67 95
16 70 17
16 74 81
16 76 88
16 80 97
16 81 14
16 82 83
16 85 97
16 86 48
16 87 30
16 91 34
16 93 11
16 97 33
16 98 66
16 105 18
16 106 65
16 107 1
16 109 89
16 113 74
16 115 69
16 116 73
16 117 83
16 118 59
16 122 96
16 124 51
16 127 50
16 129 88
16 130 81
16 133 36
16 139 33
16 140 61
16 142 76
16 145 14
16 150 91
17 19 4
17 20 55
17 21 40
17 22 97
17 24 52
17 29 67
17 38 56
17 39 87
17 54 36
17 58 4
17 60 12
17 61 62
17 62 96
17 65 9
17 66 37
17 74 31
17 77 5
17 78 4
17 80 50
17 83 51
17 85 60
17 87 5
17 92 32
17 93 45
17 98 74
17 102 58
17 105 86
17 107 48
17 111 44
17 113 92
17 116 92
17 121 96
17 123 88
17 124 52
17 125 12
17 128 8
17 131 40
17 136 69
17 137 92
17 140 96
17 144 65
17 147 80
17 149 18
18 19 19
18 23 83
18 24 98
18 25 18
18 28 13
18 29 54
18 31 88
18 36 62
18 37 78
18 38 10
18 46 48
18 48 96
18 49 3
18 53 60
18 57 45
18 58 58
18 64 94
18 65 37
18 66 20
18 70 65
18 71 27
18 72 45
18 74 10
18 76 81
18 77 88
18 78 42
18 81 2
18 88 64
18 95 93
18 96 31
18 97 2
18 98 27
18 102 63
18 107 22
18 108 13
18 112 46
18 113 8
18 115 46
18 116 79
18 117 88
18 128 81
18 131 82
18 136 88
18 139 60
18 141 49
18 142 90
18 148 39
19 21 2
19 24 24
19 26 22
19 29 65
19 31 64
19 33 96
19 34 13
19 35 63
19 38 62
19 39 58
19 43 48
19 44 74
19 45 10
19 46 1
19 47 41
19 56 48
19 57 99
19 58 3
19 59 11
19 60 7
19 61 17
19 63 18
19 65 51
19 66 74
19 71 23
19 74 51
19 76 1
19 77 32
19 78 34
19 79 8
19 80 85
19 81 6
19 82 83
19 85 68
19 88 90
19 89 59
19 92 7
19 93 34
19 96 17
19 98 77
19 99 26
19 101 36
19 106 79
19 107 60
19 108 61
19 113 47
19 114 81
19 115 78
19 118 66
19 121 49
19 122 31
19 123 67
19 124 99
19 125 39
19 126 39
19 130 27
19 131 70
19 135 5
19 138 80
19 139 89
19 142 36
19 146 21
19 147 88
19 149 93
19 150 72
20 21 96
20 24 28
20 27 39
20 28 70
20 33 78
20 36 71
20 38 69
20 40 90
20 45 64
20 46 36
20 47 72
20 51 70
20 53 38
20 56 67
20 59 89
20 60 95
20 61 28
20 62 23
20 73 14
20 75 35
20 76 28
20 79 7
20 82 63
20 83 85
20 86 22
20 88 38
20 89 44
20 91 93
20 92 96
20 93 86
20 95 8
20 96 89
20 98 12
20 99 61
20 100 2
20 102 77
20 103 3
20 104 20
20 105 88
20 106 18
20 108 30
20 109 14
20 110 24
20 114 15
20 115 29
20 117 70
20 119 73
20 121 12
20 123 57
20 125 36
20 126 90
20 130 20
20 131 2
20 134 39
20 135 89
20 136 38
20 137 55
20 138 14
20 139 88
20 143 2
20 145 78
20 148 68
21 33 89
21 35 89
21 36 55
21 37 86
21 38 46
21 41 68
21 43 16
21 46 83
21 48 26
21 49 89
21 51 91
21 52 35
21 55 97
21 56 8
21 58 40
21 60 12
21 62 8
21 65 20
21 66 21
21 71 35
21 72 2
21 73 4
21 76 15
21 80 13
21 88 77
21 93 53
21 96 98
21 97 12
21 98 91
21 99 53
21 106 56
21 107 67
21 111 35
21 112 78
21 116 72
21 119 62
21 123 33
21 127 59
21 129 71
21 130 24
21 131 49
21 132 36
21 137 33
21 139 83
21 140 36
21 141 3
21 144 56
21 146 75
21 148 75
21 149 2
21 150 64
22 24 61
22 27 16
22 28 55
22 29 89
22 33 58
22 35 86
22 37 10
22 38 34
22 39 88
22 40 86
22 43 100
22 47 86
22 52 12
22 55 62
22 56 11
22 57 83
22 58 83
22 59 89
22 63 71
22 64 8
22 65 50
22 68 29
22 69 76
22 70 86
22 71 26
22 72 60
22 73 63
22 75 98
22 78 32
22 81 43
22 82 85
22 85 61
22 89 61
22 90 77
22 94 8
22 96 24
22 102 26
22 103 100
22 105 42
22 106 53
22 109 56
22 112 5
22 113 20
22 115 79
22 119 88
22 120 4
22 122 72
22 123 36
22 125 44
22 128 11
22 133 99
22 134 24
22 135 85
22 137 40
22 138 43
22 142 88
22 144 77
22 145 11
22 149 83
22 150 66
23 25 97
23 29 8
23 30 97
23 31 9
23 32 96
23 34 84
23 36 10
23 37 18
23 38 13
23 39 74
23 40 86
23 42 73
23 43 47
23 45 86
23 46 34
23 52 35
23 53 91
23 55 41
23 56 59
23 62 86
23 64 68
23 67 5
23 69 27
23 74 51
23 76 11
23 81 23
23 88 59
23 91 76
23 92 32
23 95 11
23 96 89
23 99 44
23 105 70
23 107 77
23 109 69
23 110 65
23 111 72
23 115 16
23 117 61
23 118 73
23 119 86
23 121 25
23 123 17
23 124 64
23 129 81
23 130 83
23 133 85
23 136 40
23 139 85
23 143 54
23 144 11
23 145 70
23 146 57
24 29 88
24 39 45
24 41 64
24 43 49
24 45 76
24 46 87
24 50 44
24 51 12
24 56 11
24 58 7
24 59 68
24 62 87
24 65 59
24 66 21
24 68 53
24 69 72
24 70 66
24 72 77
24 73 10
24 78 73
24 82 51
24 84 81
24 85 80
24 86 37
24 87 2
24 88 67
24 91 18
24 92 15
24 97 96
24 103 47
24 104 76
24 110 66
24 112 33
24 113 10
24 116 18
24 117 34
24 118 71
24 122 25
24 126 2
24 127 60
24 128 4
24 130 27
24 134 100
24 136 27
24 137 27
24 139 27
24 141 2
24 142 51
24 145 16
24 146 59
24 148 39
24 149 66
25 27 6
25 31 38
25 34 76
25 36 91
25 42 45
25 43 51
25 45 40
25 48 59
25 49 87
25 54 57
25 57 72
25 58 55
25 59 55
25 65 82
25 67 37
25 71 63
25 73 28
25 74 41
25 75 46
25 79 87
25 80 59
25 84 57
25 86 94
25 87 44
25 90 65
25 91 13
25 92 77
25 98 78
25 101 86
25 104 42
25 107 91
25 110 26
25 114 59
25 121 76
25 122 5
25 123 4
25 128 95
25 130 1
25 131 60
25 135 2
25 138 40
25 140 93
25 141 28
25 143 81
25 144 86
25 148 80
26 29 7
26 35 42
26 36 39
26 38 7
26 40 50
26 42 62
26 43 65
26 46 63
26 50 56
26 51 85
26 52 2
26 53 42
26 54 69
26 56 52
26 58 67
26 59 3
26 62 99
26 67 7
26 69 14
26 70 32
26 74 25
26 75 59
26 77 88
26 78 79
26 80 65
26 81 75
26 82 90
26 87 98
26 90 89
26 95 18
26 97 44
26 98 30
26 105 57
26 108 34
26 110 28
26 111 44
26 114 90
26 120 16
26 121 82
26 123 16
26 124 72
26 129 72
26 132 47
26 134 34
26 135 2
26 137 58
26 139 55
26 143 67
26 146 52
27 28 66
27 29 10
27 31 80
27 32 31
27 41 85
27 43 46
27 44 99
27 47 87
27 48 86
27 54 41
27 55 64
27 56 96
27 61 64
27 63 71
27 64 76
27 67 87
27 68 5
27 69 16
27 73 75
27 76 100
27 93 2
27 105 47
27 108 30
27 112 52
27 116 7
27 117 6
27 118 48
27 125 30
27 127 90
27 128 27
27 129 11
27 134 80
27 137 9
27 138 49
27 142 76
27 146 77
27 147 24
27 148 32
27 149 18
28 29 96
28 30 87
28 33 25
28 35 76
28 40 74
28 44 88
28 46 64
28 49 88
28 50 57
28 51 26
28 53 75
28 61 56
28 72 67
28 73 53
28 79 83
28 81 46
28 82 72
28 83 18
28 86 88
28 87 21
28 91 91
28 93 74
28 94 87
28 98 39
28 101 23
28 106 99
28 107 82
28 109 6
28 110 84
28 111 62
28 115 70
28 116 63
28 117 28
28 120 29
28 121 56
28 122 87
28 123 22
28 125 100
28 126 25
28 128 4
28 130 33
28 134 20
28 137 82
28 139 55
28 141 63
28 142 94
28 147 9
28 150 95
29 41 82
29 43 25
29 45 47
29 46 17
29 47 86
29 50 9
29 55 7
29 56 32
29 58 43
29 59 99
29 60 39
29 63 78
29 65 18
29 70 15
29 73 85
29 76 72
29 80 48
29 86 2
29 87 60
29 89 44
29 91 84
29 92 34
29 94 2
29 95 27
29 96 72
29 99 94
29 101 89
29 103 28
29 104 76
29 105 94
29 106 15
29 108 94
29 109 94
29 112 17
29 113 60
29 115 58
29 116 94
29 119 61
29 121 8
29 122 97
29 127 33
29 130 70
29 131 93
29 134 10
29 136 85
29 138 53
29 140 74
29 143 72
29 145 54
29 148 70
29 149 70
30 35 53
30 36 100
30 38 47
30 43 41
30 44 87
30 45 70
30 46 90
30 47 29
30 49 31
30 54 58
30 57 84
30 62 62
30 65 4
30 73 31
30 77 65
30 78 98
30 81 71
30 86 77
30 92 1
30 93 16
30 94 53
30 98 38
30 101 20
30 103 66
30 106 81
30 107 83
30 112 59
30 113 30
30 117 74
30 118 20
30 121 44
30 122 1
30 124 6
30 127 57
30 136 53
30 139 62
30 141 95
30 144 65
30 146 68
31 33 57
31 46 78
31 47 49
31 48 22
31 50 72
31 53 80
31 55 18
31 56 3
31 57 73
31 59 62
31 61 76
31 69 43
31 78 67
31 80 56
31 81 91
31 82 93
31 83 51
31 85 62
31 86 42
31 88 40
31 91 9
31 93 76
31 95 89
31 99 4
31 106 1
31 109 43
31 110 66
31 111 17
31 112 92
31 121 19
31 122 22
31 127 1
31 129 77
31 133 45
31 134 24
31 135 47
31 144 71
31 149 5
32 37 8
32 42 67
32 44 3
32 45 6
32 46 38
32 52 30
32 54 64
32 55 90
32 56 71
32 58 73
32 59 8
32 62 67
32 63 9
32 66 84
32 67 61
32 69 84
32 71 69
32 72 48
32 74 46
32 75 69
32 78 22
32 80 91
32 81 26
32 84 59
32 93 83
32 95 80
32 96 36
32 97 42
32 99 36
32 104 62
32 106 31
32 108 4
32 111 13
32 112 57
32 113 60
32 114 81
32 115 54
32 117 7
32 118 80
32 119 35
32 123 78
32 124 9
32 125 51
32 129 76
32 131 59
32 132 53
32 135 22
32 137 92
32 138 43
32 142 39
32 144 3
32 145 66
33 36 8
33 45 32
33 50 20
33 56 54
33 57 65
33 60 29
33 62 14
33 63 13
33 64 78
33 66 50
33 72 31
33 75 59
33 77 98
33 78 66
33 79 35
33 80 98
33 81 4
33 87 14
33 89 34
33 92 25
33 94 67
33 95 17
33 98 81
33 99 9
33 100 82
33 102 70
33 107 27
33 109 86
33 111 49
33 112 13
33 113 22
33 117 2
33 119 93
33 123 96
33 125 94
33 126 34
33 129 98
33 130 37
33 133 36
33 135 88
33 138 47
33 143 36
33 148 6
33 150 14
34 35 17
34 36 72
34 37 20
34 42 14
34 44 20
34 46 33
34 47 13
34 48 26
34 49 85
34 54 75
34 56 45
34 58 25
34 62 14
34 71 37
34 72 72
34 74 52
34 75 68
34 77 48
34 78 2
34 80 68
34 84 56
34 86 26
34 87 78
34 92 64
34 94 32
34 109 92
34 112 19
34 114 14
34 115 19
34 117 89
34 120 25
34 123 58
34 127 93
34 130 67
34 131 98
34 133 14
34 134 39
34 135 21
34 137 14
34 140 32
34 142 10
34 144 88
34 148 39
35 38 90
35 39 32
35 40 41
35 41 1
35 43 93
35 44 83
35 45 65
35 50 32
35 51 6
35 52 18
35 54 8
35 57 23
35 62 11
35 65 4
35 67 8
35 69 51
35 70 61
35 71 80
35 72 66
35 81 31
35 83 42
35 88 72
35 95 47
35 98 15
35 99 32
35 100 23
35 101 45
35 105 9
35 109 23
35 111 54
35 112 14
35 119 5
35 121 41
35 123 71
35 124 55
35 131 31
35 137 36
35 138 26
35 139 95
35 140 13
35 145 94
35 146 56
35 150 34
36 37 62
36 39 52
36 43 35
36 44 37
36 46 74
36 47 9
36 48 6
36 52 13
36 53 27
36 55 82
36 57 91
36 58 84
36 64 76
36 66 30
36 68 7
36 72 21
36 74 20
36 78 94
36 82 38
36 86 54
36 87 39
36 88 58
36 90 28
36 93 80
36 97 64
36 102 49
36 103 41
36 105 82
36 112 83
36 114 57
36 121 65
36 127 56
36 132 58
36 134 70
36 137 88
36 139 63
36 141 16
36 146 26
36 147 43
36 149 18
37 39 79
37 44 6
37 46 68
37 47 94
37 48 88
37 49 49
37 50 50
37 54 26
37 55 65
37 56 99
37 57 26
37 58 19
37 59 68
37 60 26
37 61 18
37 66 61
37 70 9
37 73 33
37 75 24
37 79 32
37 83 21
37 86 50
37 90 10
37 91 69
37 92 7
37 93 51
37 94 45
37 95 58
37 96 7
37 100 33
37 102 54
37 107 71
37 117 67
37 119 34
37 121 5
37 122 49
37 124 37
37 128 53
37 129 68
37 131 62
37 132 70
37 133 3
37 135 97
37 138 100
37 139 6
37 143 15
37 145 32
37 146 92
37 149 84
38 44 28
38 46 76
38 48 85
38 50 7
38 53 67
38 54 12
38 57 17
38 58 94
38 59 87
38 60 60
38 61 16
38 65 24
38 71 67
38 72 57
38 73 48
38 75 31
38 76 95
38 77 86
38 78 82
38 80 19
38 81 82
38 82 29
38 83 55
38 84 39
38 85 100
38 86 91
38 88 67
38 89 15
38 91 57
38 92 34
38 93 45
38 95 24
38 97 55
38 99 20
38 100 15
38 103 98
38 107 62
38 114 93
38 116 33
38 117 56
38 118 56
38 120 5
38 124 12
38 129 75
38 131 22
38 133 98
38 134 73
38 136 1
38 140 35
38 141 94
38 145 22
39 40 74
39 41 5
39 46 77
39 48 25
39 49 41
39 50 26
39 51 23
39 58 94
39 60 36
39 61 83
39 64 85
39 66 80
39 67 3
39 69 25
39 76 29
39 77 76
39 79 28
39 81 37
39 87 68
39 88 46
39 90 23
39 93 46
39 94 61
39 95 37
39 96 34
39 98 9
39 101 40
39 108 35
39 113 26
39 115 55
39 117 1
39 124 24
39 134 66
39 135 73
39 136 67
39 140 70
39 141 89
39 144 94
39 147 97
39 149 39
40 43 25
40 45 37
40 47 38
40 49 81
40 56 16
40 57 52
40 58 55
40 59 23
40 65 54
40 68 65
40 69 23
40 70 90
40 72 1
40 73 53
40 74 73
40 76 99
40 77 64
40 81 4
40 83 62
40 86 63
40 87 32
40 91 57
40 95 66
40 98 29
40 99 66
40 101 59
40 106 57
40 108 71
40 110 52
40 111 23
40 112 27
40 115 25
40 119 95
40 122 84
40 127 78
40 128 3
40 131 23
40 137 34
40 143 24
40 146 95
40 149 43
40 150 11
41 42 78
41 44 24
41 47 8
41 48 68
41 49 62
41 50 96
41 54 7
41 56 95
41 58 22
41 59 60
41 63 66
41 66 52
41 68 10
41 75 27
41 76 93
41 77 13
41 79 38
41 82 56
41 87 18
41 88 40
41 89 98
41 91 20
41 99 61
41 101 25
41 107 40
41 108 52
41 110 84
41 111 10
41 112 43
41 113 87
41 114 67
41 117 27
41 122 46
41 127 25
41 137 10
41 139 8
41 145 38
41 148 80
42 44 9
42 47 99
42 49 80
42 50 42
42 55 24
42 57 44
42 59 59
42 62 50
42 63 98
42 64 44
42 68 22
42 73 37
42 75 28
42 76 88
42 78 67
42 80 91
42 87 13
42 88 53
42 91 3
42 92 89
42 94 57
42 96 57
42 98 74
42 99 47
42 100 21
42 102 2
42 105 17
42 106 51
42 108 43
42 112 82
42 114 91
42 123 11
42 126 62
42 127 82
42 128 9
42 129 9
42 130 10
42 131 30
42 133 59
42 134 20
42 135 23
42 136 27
42 142 70
42 143 95
42 145 61
42 146 12
42 147 82
43 55 37
43 56 34
43 58 2
43 60 77
43 63 45
43 64 87
43 66 1
43 69 48
43 72 92
43 73 14
43 76 57
43 77 67
43 78 46
43 80 3
43 85 66
43 87 86
43 92 81
43 94 31
43 97 16
43 99 28
43 107 20
43 109 51
43 110 59
43 113 52
43 116 10
43 117 85
43 118 71
43 124 45
43 125 81
43 133 66
43 134 13
43 135 42
43 137 4
43 141 40
43 143 11
43 147 31
44 45 52
44 48 100
44 51 51
44 52 97
44 53 3
44 55 67
44 56 7
44 62 58
44 64 54
44 68 59
44 69 14
44 71 16
44 73 92
44 78 89
44 80 83
44 83 20
44 84 64
44 89 67
44 91 73
44 92 49
44 93 3
44 94 76
44 97 63
44 102 88
44 103 99
44 107 97
44 108 20
44 111 56
44 112 62
44 115 63
44 117 85
44 127 39
44 129 20
44 130 25
44 131 8
44 132 48
44 134 95
44 136 34
44 137 41
44 141 91
44 146 8
44 147 83
44 148 47
44 150 98
45 48 49
45 53 32
45 55 16
45 59 7
45 63 83
45 64 99
45 66 87
45 67 39
45 69 93
45 70 12
45 72 70
45 84 19
45 85 29
45 92 66
45 93 79
45 99 97
45 105 9
45 107 96
45 110 66
45 111 2
45 113 85
45 127 71
45 130 61
45 132 49
45 133 81
45 135 38
45 136 28
45 137 18
45 138 86
45 148 50
45 149 32
46 51 34
46 54 23
46 55 32
46 58 82
46 59 85
46 62 52
46 64 47
46 66 38
46 67 29
46 68 49
46 70 41
46 71 46
46 73 67
46 74 23
46 75 24
46 80 20
46 85 40
46 89 83
46 90 13
46 92 14
46 95 89
46 98 9
46 102 50
46 103 98
46 104 89
46 106 43
46 108 3
46 110 44
46 113 88
46 114 81
46 115 97
46 119 71
46 120 9
46 122 69
46 131 79
46 133 45
46 138 60
46 139 71
46 140 82
46 141 60
46 145 73
46 147 71
46 148 61
46 150 43
47 48 51
47 49 47
47 50 43
47 53 5
47 54 47
47 57 39
47 58 61
47 59 61
47 63 99
47 66 25
47 69 58
47 72 7
47 74 70
47 75 65
47 76 63
47 83 7
47 85 77
47 87 16
47 89 71
47 90 35
47 92 78
47 93 21
47 94 100
47 100 87
47 102 38
47 105 74
47 106 19
47 107 41
47 109 93
47 110 97
47 111 17
47 113 22
47 115 59
47 117 9
47 118 79
47 119 76
47 121 96
47 124 22
47 125 8
47 127 35
47 128 15
47 133 40
47 136 31
47 145 45
47 146 9
47 147 54
47 149 31
47 150 39
48 49 94
48 55 49
48 56 28
48 62 63
48 63 72
48 66 93
48 67 49
48 70 87
48 71 24
48 72 48
48 74 73
48 75 75
48 81 52
48 82 36
48 83 35
48 84 25
48 85 91
48 86 41
48 87 17
48 88 28
48 89 71
48 90 20
48 92 1
48 94 19
48 95 97
48 96 100
48 97 29
48 99 5
48 100 92
48 101 31
48 103 3
48 104 47
48 106 45
48 108 20
48 110 67
48 111 72
48 113 35
48 115 46
48 117 99
48 118 28
48 121 97
48 122 22
48 125 66
48 127 92
48 129 38
48 130 73
48 131 30
48 132 98
48 138 79
48 139 54
48 142 8
48 144 60
48 145 17
48 147 87
49 50 33
49 54 18
49 56 2
49 59 9
49 65 9
49 72 31
49 74 32
49 76 90
49 77 40
49 79 10
49 80 30
49 81 82
49 83 28
49 84 63
49 87 92
49 89 31
49 93 71
49 94 50
49 96 93
49 98 47
49 102 33
49 103 17
49 107 100
49 109 45
49 110 61
49 112 54
49 116 67
49 117 15
49 119 94
49 120 48
49 121 22
49 124 25
49 125 71
49 126 87
49 127 9
49 132 26
49 136 12
49 138 43
49 139 43
49 142 15
49 144 38
49 145 91
49 149 13
50 52 60
50 55 23
50 59 15
50 60 72
50 62 31
50 65 73
50 66 22
50 67 52
50 69 16
50 70 47
50 71 18
50 72 60
50 77 95
50 81 15
50 87 16
50 88 78
50 90 34
50 92 56
50 93 14
50 95 95
50 97 50
50 98 23
50 99 96
50 101 90
50 106 78
50 107 69
50 109 84
50 111 18
50 115 33
50 116 36
50 121 47
50 123 16
50 125 39
50 135 24
50 138 29
50 140 92
50 142 99
50 143 85
50 144 92
50 145 16
51 52 91
51 55 10
51 56 89
51 59 2
51 63 38
51 65 84
51 72 76
51 73 60
51 75 96
51 78 98
51 82 53
51 84 58
51 85 78
51 87 96
51 93 9
51 97 68
51 99 49
51 104 10
51 105 40
51 108 51
51 109 42
51 110 41
51 111 49
51 112 46
51 114 96
51 122 57
51 126 65
51 127 7
51 129 85
51 131 64
51 137 92
51 139 46
51 141 89
51 146 18
51 147 46
51 148 48
51 149 17
52 53 14
52 61 28
52 62 88
52 64 92
52 65 54
52 66 98
52 67 24
52 69 78
52 71 66
52 75 30
52 76 3
52 79 40
52 80 74
52 84 3
52 87 66
52 89 70
52 90 11
52 91 71
52 95 68
52 96 4
52 97 58
52 103 31
52 104 56
52 106 95
52 111 41
52 112 41
52 114 72
52 119 80
52 120 76
52 121 42
52 129 81
52 130 61
52 131 96
52 132 69
52 134 76
52 137 9
52 138 1
52 139 44
52 140 71
52 143 10
52 144 88
52 145 21
52 148 31
52 149 27
52 150 16
53 54 42
53 55 58
53 56 51
53 57 39
53 60 18
53 63 55
53 66 77
53 67 18
53 73 98
53 77 61
53 85 76
53 89 93
53 90 48
53 93 100
53 94 51
53 97 28
53 98 42
53 101 97
53 104 48
53 108 56
53 115 76
53 118 37
53 124 14
53 127 51
53 130 53
53 132 86
53 135 27
53 143 83
53 145 86
53 147 72
53 148 54
53 149 73
53 150 72
54 62 58
54 64 28
54 68 1
54 73 31
54 76 17
54 79 2
54 81 47
54 82 92
54 84 54
54 87 83
54 88 20
54 89 59
54 92 7
54 94 69
54 97 5
54 99 72
54 100 29
54 101 74
54 102 38
54 104 3
54 105 56
54 108 7
54 110 93
54 114 88
54 117 10
54 118 67
54 120 75
54 126 71
54 128 31
54 129 90
54 130 48
54 133 29
54 134 60
54 136 36
54 137 29
54 138 92
54 141 62
54 142 4
54 143 34
54 148 89
54 149 71
55 56 86
55 58 58
55 59 65
55 62 22
55 64 55
55 66 92
55 69 97
55 73 50
55 81 41
55 87 66
55 88 54
55 89 35
55 95 67
55 97 36
55 99 97
55 102 22
55 104 97
55 107 91
55 112 74
55 113 43
55 116 79
55 119 48
55 122 17
55 125 76
55 128 63
55 130 58
55 135 85
55 136 20
55 139 95
55 141 62
55 142 31
55 144 23
56 57 29
56 58 22
56 64 75
56 66 20
56 69 4
56 70 70
56 73 40
56 80 91
56 81 1
56 83 69
56 89 18
56 90 23
56 94 82
56 99 72
56 102 92
56 104 8
56 105 22
56 106 58
56 109 92
56 110 75
56 111 39
56 114 34
56 115 8
56 116 37
56 117 78
56 118 16
56 119 85
56 120 22
56 122 34
56 123 28
56 124 42
56 125 44
56 128 59
56 130 35
56 133 45
56 139 42
56 140 52
56 141 48
56 145 12
57 58 88
57 59 94
57 62 65
57 65 70
57 66 69
57 72 29
57 74 98
57 80 86
57 81 84
57 82 92
57 85 93
57 86 96
57 87 79
57 88 46
57 89 72
57 91 64
57 93 46
57 94 86
57 95 92
57 96 16
57 97 11
57 98 99
57 99 93
57 100 1
57 101 81
57 102 38
57 103 45
57 109 67
57 110 73
57 111 44
57 118 38
57 120 4
57 124 30
57 125 74
57 134 61
57 135 66
57 138 1
57 142 44
57 148 83
57 149 72
58 59 66
58 64 80
58 66 12
58 67 27
58 69 82
58 70 16
58 71 8
58 75 40
58 79 49
58 80 82
58 82 19
58 83 1
58 86 28
58 90 39
58 92 55
58 94 41
58 96 6
58 97 91
58 100 96
58 101 22
58 104 9
58 105 89
58 106 57
58 107 70
58 108 80
58 109 41
58 111 5
58 114 29
58 121 31
58 124 38
58 126 90
58 127 95
58 128 57
58 129 39
58 131 98
58 133 54
58 134 2
58 135 83
58 136 14
58 137 89
58 138 70
58 140 21
58 141 52
58 142 58
58 145 23
58 149 90
59 61 69
59 62 6
59 63 2
59 64 57
59 66 44
59 69 78
59 71 75
59 72 7
59 73 84
59 74 39
59 76 89
59 77 76
59 78 28
59 80 98
59 83 38
59 86 92
59 90 51
59 91 81
59 96 75
59 98 72
59 99 57
59 100 24
59 101 35
59 102 74
59 106 57
59 107 49
59 111 66
59 116 71
59 120 88
59 121 96
59 122 71
59 123 47
59 124 54
59 125 23
59 126 13
59 128 31
59 130 24
59 131 77
59 133 22
59 135 75
59 138 64
59 139 56
59 143 14
59 147 51
59 148 33
59 150 36
60 65 93
60 66 75
60 67 65
60 69 40
60 72 17
60 75 3
60 81 42
60 84 72
60 88 92
60 90 97
60 92 17
60 95 25
60 96 48
60 101 79
60 102 18
60 104 5
60 105 37
60 109 92
60 114 77
60 118 14
60 119 31
60 124 62
60 133 28
60 134 32
60 135 9
60 136 18
60 137 51
60 138 74
60 143 49
60 144 74
60 145 77
61 65 74
61 68 91
61 71 54
61 74 29
61 75 75
61 76 42
61 90 73
61 96 56
61 101 87
61 103 37
61 105 53
61 106 77
61 110 22
61 111 90
61 115 8
61 116 81
61 121 89
61 124 88
61 129 43
61 133 46
61 139 51
61 142 26
61 143 56
61 144 22
62 65 9
62 72 10
62 74 85
62 82 41
62 84 97
62 85 52
62 86 71
62 93 47
62 98 57
62 99 95
62 100 99
62 103 17
62 107 48
62 109 2
62 114 57
62 116 43
62 118 80
62 119 56
62 120 62
62 124 25
62 128 60
62 129 37
62 131 62
62 134 11
62 136 23
62 138 5
62 144 81
62 146 79
62 150 42
63 64 100
63 65 32
63 66 34
63 68 3
63 71 59
63 73 63
63 76 37
63 78 53
63 80 30
63 83 10
63 87 64
63 88 69
63 90 83
63 93 16
63 95 59
63 98 95
63 100 14
63 101 21
63 103 31
63 104 82
63 105 31
63 106 85
63 110 18
63 112 37
63 118 41
63 119 1
63 122 44
63 123 51
63 125 25
63 127 68
63 128 91
63 129 84
63 143 31
63 144 37
63 149 94
64 72 1
64 73 60
64 75 93
64 77 94
64 80 1
64 81 62
64 84 31
64 85 77
64 90 80
64 93 18
64 94 8
64 96 75
64 98 53
64 99 96
64 107 8
64 109 93
64 110 12
64 111 36
64 112 57
64 117 96
64 118 87
64 119 48
64 121 13
64 125 1
64 128 25
64 129 7
64 131 81
64 132 71
64 133 67
64 134 62
64 137 21
64 142 49
64 144 15
64 145 75
64 147 21
65 66 63
65 67 71
65 69 8
65 72 91
65 73 6
65 74 86
65 78 43
65 84 27
65 89 90
65 93 7
65 95 79
65 98 8
65 99 55
65 104 87
65 105 51
65 106 76
65 109 39
65 110 15
65 112 71
65 113 47
65 115 20
65 117 93
65 118 41
65 120 27
65 122 50
65 125 78
65 131 94
65 132 30
65 133 56
65 134 95
65 135 72
65 136 94
65 138 48
65 139 58
65 142 65
65 143 32
65 145 66
65 147 53
66 67 13
66 68 97
66 72 40
66 74 18
66 80 31
66 81 25
66 82 90
66 86 15
66 87 92
66 88 50
66 91 55
66 92 79
66 93 69
66 96 52
66 99 43
66 100 33
66 102 2
66 103 68
66 105 73
66 109 65
66 111 63
66 112 37
66 113 72
66 116 26
66 118 45
66 119 82
66 121 43
66 124 50
66 129 11
66 133 38
66 135 30
66 138 46
66 139 49
66 144 67
66 145 95
66 147 81
66 148 63
66 149 49
66 150 61
67 78 68
67 80 24
67 82 2
67 85 31
67 86 34
67 88 51
67 89 2
67 90 17
67 93 6
67 94 22
67 96 53
67 97 92
67 103 25
67 106 12
67 107 40
67 108 73
67 111 95
67 115 5
67 120 53
67 122 1
67 125 95
67 128 2
67 130 88
67 131 100
67 132 85
67 139 10
67 140 18
67 143 84
67 144 26
67 145 66
67 147 98
67 148 25
67 150 34
68 73 42
68 77 27
68 80 65
68 83 42
68 84 38
68 86 52
68 87 69
68 89 49
68 93 50
68 95 47
68 96 61
68 100 35
68 106 56
68 111 50
68 112 39
68 114 57
68 115 97
68 118 97
68 119 85
68 120 21
68 122 23
68 123 99
68 124 3
68 125 26
68 126 17
68 130 47
68 135 65
68 136 48
68 138 37
68 139 53
68 141 13
68 142 10
68 145 62
68 147 43
68 149 32
68 150 54
69 70 68
69 72 44
69 75 64
69 76 91
69 77 46
69 78 4
69 79 75
69 82 84
69 86 85
69 88 60
69 91 24
69 92 97
69 96 88
69 97 70
69 99 86
69 101 5
69 104 31
69 107 41
69 113 88
69 114 90
69 115 35
69 116 73
69 121 50
69 126 81
69 129 32
69 132 84
69 135 60
69 138 44
69 140 19
69 145 40
69 146 66
69 149 84
70 72 81
70 73 45
70 80 45
70 82 18
70 83 49
70 91 35
70 92 10
70 93 80
70 94 3
70 95 11
70 98 49
70 100 64
70 107 13
70 108 39
70 117 99
70 126 39
70 127 61
70 129 88
70 130 91
70 131 75
70 132 83
70 138 70
70 140 54
70 141 20
70 149 97
71 72 24
71 74 6
71 76 79
71 77 18
71 82 49
71 85 10
71 89 95
71 91 37
71 93 2
71 95 70
71 99 74
71 100 13
71 103 24
71 105 24
71 107 41
71 108 49
71 116 52
71 121 58
71 124 58
71 129 73
71 130 45
71 131 30
71 132 71
71 133 3
71 135 38
71 138 99
71 139 5
71 141 65
71 142 49
71 143 43
71 145 46
71 147 37
71 149 54
72 77 71
72 80 27
72 83 47
72 84 76
72 86 72
72 88 10
72 90 5
72 99 11
72 104 58
72 105 13
72 106 77
72 107 56
72 110 53
72 113 28
72 114 77
72 115 80
72 116 5
72 120 100
72 121 94
72 123 6
72 124 93
72 125 22
72 126 51
72 128 42
72 129 93
72 130 21
72 131 17
72 133 1
72 137 8
72 138 33
72 139 44
72 140 51
72 142 40
72 145 45
72 147 73
72 148 29
73 74 82
73 75 20
73 86 33
73 90 65
73 97 75
73 100 86
73 102 1
73 103 58
73 109 46
73 110 55
73 111 87
73 112 47
73 120 49
73 129 4
73 130 20
73 133 75
73 137 92
73 144 22
73 145 29
73 147 52
73 148 79
73 150 46
74 77 93
74 78 95
74 80 19
74 83 24
74 86 17
74 88 58
74 93 4
74 104 1
74 105 57
74 109 9
74 110 47
74 114 72
74 116 76
74 118 36
74 122 48
74 123 24
74 127 13
74 131 55
74 134 77
74 135 11
74 138 55
74 145 90
75 76 88
75 78 15
75 83 41
75 85 37
75 86 57
75 87 55
75 90 23
75 94 23
75 96 19
75 98 24
75 100 38
75 103 40
75 104 17
75 105 43
75 109 34
75 113 55
75 114 66
75 117 70
75 121 81
75 124 56
75 126 79
75 129 67
75 135 28
75 141 7
75 143 91
75 146 82
75 149 92
76 87 89
76 88 40
76 89 39
76 92 70
76 93 46
76 94 7
76 95 16
76 99 85
76 106 98
76 113 24
76 114 41
76 116 91
76 117 3
76 119 15
76 121 82
76 122 11
76 130 48
76 132 68
76 133 42
76 140 31
76 142 85
76 145 99
76 150 58
77 78 17
77 79 65
77 81 55
77 82 87
77 83 37
77 84 37
77 90 86
77 92 34
77 97 45
77 99 51
77 101 10
77 112 9
77 114 97
77 116 99
77 117 32
77 119 75
77 121 30
77 124 99
77 125 94
77 129 53
77 136 25
77 137 96
77 143 97
77 146 32
77 147 16
78 79 31
78 80 100
78 81 26
78 86 77
78 88 15
78 89 36
78 91 6
78 95 11
78 99 54
78 101 92
78 102 1
78 103 36
78 105 59
78 109 86
78 115 11
78 116 65
78 120 91
78 123 67
78 124 35
78 127 73
78 132 11
78 135 33
78 139 88
78 140 48
78 141 49
78 146 97
78 150 79
79 82 95
79 84 29
79 85 86
79 89 42
79 90 30
79 92 44
79 95 32
79 98 14
79 104 98
79 105 17
79 106 34
79 108 41
79 110 63
79 112 61
79 113 48
79 117 76
79 119 68
79 124 85
79 125 5
79 126 17
79 129 79
79 130 21
79 131 83
79 132 4
79 133 39
79 137 44
79 139 82
79 140 58
79 146 57
79 147 57
79 150 13
80 81 48
80 82 33
80 84 48
80 86 56
80 87 5
80 89 52
80 93 60
80 94 48
80 98 78
80 103 93
80 106 35
80 109 7
80 110 7
80 111 62
80 115 82
80 124 90
80 128 52
80 129 19
80 131 4
80 132 13
80 137 64
80 141 23
80 142 56
80 145 14
80 146 27
81 82 97
81 85 76
81 87 74
81 90 13
81 92 46
81 96 17
81 99 19
81 101 21
81 102 48
81 103 8
81 105 17
81 107 75
81 112 51
81 114 89
81 115 70
81 116 3
81 117 57
81 118 21
81 122 90
81 129 32
81 130 86
81 131 93
81 136 45
81 138 46
81 140 96
81 146 100
81 147 56
82 83 83
82 84 41
82 87 96
82 88 56
82 89 92
82 90 85
82 91 78
82 92 71
82 93 76
82 98 29
82 104 70
82 106 20
82 109 24
82 111 34
82 112 12
82 113 98
82 114 72
82 116 32
82 125 64
82 131 25
82 135 9
82 137 18
82 138 99
82 139 46
82 142 59
82 145 62
82 146 29
82 147 83
82 148 61
83 86 17
83 88 14
83 91 78
83 99 22
83 102 21
83 104 82
83 108 77
83 111 38
83 112 14
83 113 94
83 114 76
83 115 74
83 116 72
83 118 11
83 120 63
83 121 36
83 123 48
83 125 85
83 131 79
83 132 19
83 133 56
83 136 80
83 137 25
83 138 77
83 139 31
83 140 76
83 145 11
83 146 29
83 149 15
83 150 32
84 93 89
84 95 81
84 102 72
84 105 42
84 106 80
84 107 100
84 108 70
84 109 52
84 117 82
84 119 66
84 121 98
84 122 86
84 124 87
84 125 54
84 128 14
84 129 92
84 130 94
84 135 78
84 142 79
84 146 71
84 147 10
85 86 22
85 88 2
85 89 19
85 90 12
85 92 71
85 97 15
85 101 9
85 103 59
85 111 20
85 113 4
85 114 11
85 115 73
85 117 77
85 118 41
85 120 98
85 122 69
85 126 26
85 129 45
85 133 39
85 138 60
85 139 52
85 141 60
85 142 28
85 145 74
85 150 65
86 87 53
86 90 4
86 91 46
86 92 74
86 93 92
86 95 96
86 96 7
86 98 55
86 99 23
86 100 42
86 103 39
86 106 74
86 109 34
86 118 90
86 121 58
86 122 29
86 125 83
86 131 97
86 132 44
86 135 41
86 136 95
86 140 97
86 141 77
86 144 35
86 148 4
86 149 36
86 150 43
87 89 28
87 92 65
87 96 17
87 97 58
87 98 31
87 99 83
87 101 47
87 102 61
87 109 4
87 110 39
87 115 44
87 118 63
87 127 57
87 129 9
87 130 59
87 138 83
87 139 94
87 140 7
87 144 73
87 148 2
87 150 22
88 89 50
88 98 94
88 101 37
88 102 68
88 104 76
88 106 47
88 111 75
88 117 95
88 125 16
88 126 59
88 129 68
88 134 11
88 135 40
88 136 4
88 137 32
88 139 18
88 141 64
88 146 99
88 147 2
88 148 23
88 150 19
89 90 78
89 93 7
89 94 18
89 97 49
89 107 14
89 109 11
89 110 24
89 112 48
89 113 30
89 114 52
89 120 24
89 123 39
89 124 48
89 125 39
89 126 75
89 127 69
89 131 53
89 134 61
89 138 26
89 139 11
89 140 89
89 143 32
89 144 54
89 145 97
90 91 19
90 97 65
90 99 58
90 100 31
90 101 24
90 102 81
90 105 9
90 109 44
90 110 89
90 111 36
90 120 5
90 125 52
90 128 6
90 135 20
90 139 100
90 140 36
90 145 87
90 146 6
90 147 67
91 92 11
91 94 88
91 95 52
91 101 51
91 102 15
91 104 67
91 106 76
91 110 54
91 111 16
91 114 70
91 117 70
91 118 16
91 119 61
91 121 90
91 122 64
91 124 44
91 127 86
91 130 45
91 135 47
91 139 10
91 145 59
91 147 90
92 101 88
92 102 21
92 103 28
92 104 28
92 108 31
92 109 27
92 111 20
92 112 47
92 116 46
92 117 61
92 118 67
92 119 24
92 125 87
92 127 24
92 129 61
92 130 25
92 131 12
92 136 2
92 137 38
92 145 84
92 149 48
92 150 80
93 95 26
93 96 65
93 98 25
93 101 90
93 103 62
93 104 92
93 105 42
93 108 63
93 110 64
93 111 93
93 112 83
93 113 67
93 114 3
93 115 42
93 119 10
93 122 40
93 129 21
93 133 69
93 136 56
93 137 1
93 139 99
93 140 72
93 142 51
93 149 10
93 150 28
94 95 91
94 97 3
94 98 98
94 104 1
94 105 89
94 106 64
94 108 24
94 110 91
94 111 74
94 113 63
94 116 46
94 122 16
94 124 64
94 129 4
94 132 34
94 134 13
94 138 43
94 139 69
94 140 19
94 148 62
94 149 68
94 150 64
95 98 84
95 102 41
95 104 71
95 105 47
95 106 18
95 107 36
95 108 29
95 111 5
95 113 77
95 117 12
95 118 76
95 123 42
95 127 32
95 130 76
95 132 88
95 134 16
95 135 92
95 136 76
95 138 30
95 139 92
95 145 77
95 146 83
95 147 31
95 150 22
96 103 82
96 105 81
96 106 35
96 109 73
96 110 55
96 111 82
96 112 35
96 113 92
96 115 33
96 118 76
96 122 79
96 125 62
96 126 91
96 127 60
96 129 71
96 133 90
96 134 40
96 135 46
96 136 33
96 138 35
96 140 53
96 142 99
96 143 22
96 144 54
96 145 52
97 101 9
97 104 33
97 107 18
97 112 59
97 114 14
97 115 34
97 119 67
97 122 15
97 123 19
97 132 61
97 134 53
97 135 66
97 137 59
97 140 69
97 141 90
97 143 81
97 145 43
97 146 14
97 147 31
97 150 99
98 99 13
98 100 18
98 102 47
98 104 78
98 113 54
98 114 56
98 123 63
98 127 65
98 128 60
98 129 36
98 131 93
98 137 82
98 139 89
98 141 27
98 143 82
98 144 94
98 148 57
98 150 61
99 101 58
99 104 14
99 110 43
99 111 17
99 112 3
99 117 60
99 119 21
99 120 83
99 122 81
99 123 44
99 124 69
99 142 100
99 143 34
99 144 27
99 145 38
99 146 62
100 103 13
100 104 81
100 107 49
100 109 82
100 110 31
100 112 23
100 113 6
100 114 37
100 115 4
100 116 59
100 117 56
100 118 100
100 120 19
100 124 17
100 125 80
100 126 63
100 129 64
100 131 3
100 132 79
100 137 28
100 139 65
100 142 84
100 143 56
100 144 98
100 145 5
100 146 87
100 148 76
100 150 84
101 102 8
101 105 34
101 108 88
101 110 37
101 115 42
101 118 22
101 120 52
101 123 88
101 128 96
101 130 72
101 133 30
101 134 6
101 142 12
101 143 57
101 144 88
101 146 36
102 104 96
102 107 26
102 110 63
102 114 67
102 115 72
102 117 95
102 119 39
102 120 85
102 126 3
102 127 90
102 128 96
102 131 10
102 133 28
102 138 84
102 139 19
102 142 21
102 143 72
102 148 47
103 104 51
103 113 19
103 121 68
103 122 46
103 124 88
103 125 80
103 132 2
103 136 22
103 139 93
103 142 27
103 146 6
103 147 89
103 148 63
104 108 81
104 114 68
104 115 82
104 117 67
104 119 35
104 122 41
104 126 56
104 127 31
104 133 57
104 134 76
104 136 71
104 137 44
104 139 43
104 140 63
104 142 16
104 145 41
104 147 99
105 107 86
105 111 19
105 114 75
105 120 2
105 121 58
105 124 5
105 125 83
105 126 15
105 127 37
105 131 67
105 134 75
105 135 32
105 142 93
105 145 8
105 150 83
106 107 69
106 111 71
106 112 18
106 117 58
106 118 70
106 121 86
106 124 10
106 125 68
106 126 17
106 129 35
106 130 61
106 133 69
106 134 100
106 135 6
106 143 6
106 145 54
107 108 14
107 112 86
107 114 23
107 119 56
107 123 23
107 124 76
107 125 77
107 128 46
107 131 21
107 132 52
107 133 27
107 134 56
107 135 67
107 140 57
107 141 75
107 142 91
107 147 55
107 148 43
107 149 100
107 150 34
108 109 53
108 112 81
108 113 27
108 114 51
108 115 72
108 120 50
108 122 79
108 124 49
108 125 52
108 126 81
108 130 97
108 131 79
108 135 80
108 138 20
108 141 87
108 146 32
108 147 67
108 150 38
109 112 98
109 119 87
109 120 22
109 125 67
109 127 5
109 128 97
109 130 56
109 132 49
109 133 73
109 135 61
109 138 34
109 140 48
109 141 29
109 142 56
109 143 90
109 148 45
109 150 52
110 112 100
110 115 62
110 125 69
110 126 66
110 128 79
110 134 91
110 136 23
110 137 96
110 142 62
110 143 61
110 144 75
110 147 11
110 148 47
110 149 10
110 150 17
111 116 72
111 118 43
111 120 15
111 121 37
111 123 44
111 124 23
111 127 37
111 128 69
111 134 64
111 135 69
111 137 15
111 138 71
111 139 17
111 143 13
111 144 29
111 145 80
111 147 93
112 114 4
112 116 27
112 117 22
112 119 14
112 120 31
112 122 20
112 124 61
112 125 46
112 126 5
112 130 92
112 132 33
112 133 76
112 140 68
112 143 11
112 145 88
112 147 23
112 150 28
113 116 6
113 119 57
113 120 31
113 122 10
113 123 92
113 125 74
113 126 49
113 129 45
113 130 52
113 132 85
113 139 68
113 141 55
113 142 31
113 143 48
113 148 64
114 115 79
114 118 74
114 123 33
114 124 35
114 125 2
114 128 40
114 129 4
114 133 7
114 135 13
114 137 13
114 139 75
114 140 16
114 141 74
114 142 22
114 143 11
115 120 91
115 130 21
115 132 70
115 135 76
115 137 97
115 138 43
115 139 71
115 141 49
115 143 71
115 144 86
115 145 75
116 117 22
116 122 72
116 123 53
116 125 62
116 127 19
116 132 99
116 137 98
116 147 19
117 118 49
117 121 97
117 122 3
117 126 11
117 128 24
117 131 34
117 133 83
117 134 85
117 136 96
117 138 96
117 139 35
117 140 91
117 142 31
117 145 76
117 147 48
117 148 9
118 119 19
118 121 57
118 122 20
118 125 30
118 129 2
118 130 93
118 133 24
118 135 11
118 141 38
118 142 86
118 143 55
118 144 44
119 120 81
119 123 59
119 124 26
119 125 97
119 127 20
119 130 71
119 131 23
119 134 93
119 135 53
119 136 62
119 140 87
119 141 31
119 144 56
119 149 83
120 123 78
120 126 18
120 128 81
120 129 77
120 131 8
120 135 79
120 137 77
120 140 58
120 144 48
120 146 88
121 122 84
121 124 14
121 126 96
121 127 90
121 129 73
121 134 49
121 135 86
121 138 80
121 139 74
121 144 78
121 145 65
121 146 42
121 147 1
121 149 68
122 123 44
122 124 5
122 125 88
122 127 77
122 129 1
122 131 29
122 132 19
122 134 92
122 137 45
122 140 84
122 141 74
122 142 96
122 149 22
123 125 10
123 128 91
123 129 1
123 131 63
123 134 98
123 135 61
123 139 21
123 143 7
123 145 44
123 148 83
123 150 42
124 128 53
124 129 2
124 132 61
124 134 32
124 136 12
124 137 61
124 138 85
124 142 44
124 145 54
124 149 35
125 126 39
125 127 13
125 130 89
125 131 87
125 133 69
125 138 23
125 144 97
125 146 75
125 147 2
125 148 11
125 150 56
126 130 59
126 134 12
126 135 41
126 136 81
126 137 42
126 138 12
126 141 39
126 142 95
126 143 97
126 146 85
126 148 48
126 149 19
126 150 93
127 128 78
127 130 20
127 131 35
127 134 4
127 136 11
127 141 44
127 142 16
127 143 84
127 147 64
128 130 14
128 132 6
128 133 66
128 134 28
128 135 51
128 137 79
128 139 45
128 143 35
128 150 78
129 137 74
129 138 2
129 139 62
129 140 55
129 141 10
129 144 51
129 145 11
130 134 47
130 138 36
130 143 77
130 144 80
130 145 63
130 146 67
130 147 49
130 148 84
130 150 73
131 132 84
131 137 67
131 143 80
131 144 28
131 145 62
132 134 17
132 136 18
132 139 62
132 141 44
132 142 39
132 143 57
132 144 41
132 146 56
132 150 17
133 135 54
133 136 3
133 143 40
133 144 66
133 146 54
133 147 73
134 138 7
134 139 52
134 140 12
134 144 65
134 145 44
135 139 57
135 140 20
135 146 1
135 147 26
135 148 54
136 137 6
136 140 51
136 143 71
136 146 11
136 148 55
137 138 98
137 142 36
137 143 66
137 146 37
138 140 46
138 145 43
138 147 65
139 140 17
139 142 2
139 144 26
139 145 74
139 150 52
140 143 31
140 144 35
140 145 42
140 150 1
141 143 76
141 147 15
141 148 51
141 150 87
143 150 31
144 147 22
145 147 65
145 150 89
146 149 6
146 150 100
147 148 50
148 149 37
148 150 56
149 150 9
1 3 7
1 5 80
1 6 87
1 8 23
1 13 29
1 17 54
1 19 94
1 22 97
1 34 91
1 35 27
1 40 22
1 41 19
1 43 79
1 44 20
1 45 77
1 46 100
1 48 1
1 49 50
1 54 33
1 57 90
1 58 29
1 62 63
1 64 54
1 67 76
1 71 89
1 73 48
1 78 78
1 79 34
1 80 85
1 82 83
1 83 39
1 84 53
1 85 60
1 87 58
1 91 60
1 94 86
1 96 28
1 98 48
1 99 7
1 100 48
1 104 64
1 107 30
1 109 56
1 112 3
1 114 64
1 115 29
1 120 27
1 121 38
1 123 94
1 125 88
1 127 55
1 129 59
1 131 63
1 135 66
1 139 58
1 140 59
1 142 69
1 143 82
1 145 77
1 146 20
1 149 53
2 3 27
2 8 70
2 10 74
2 12 8
2 13 29
2 14 75
2 17 66
2 18 53
2 22 76
2 23 93
2 25 74
2 27 78
2 28 28
2 32 29
2 33 42
2 34 48
2 35 41
2 37 9
2 38 37
2 46 4
2 47 80
2 48 97
2 53 10
2 54 8
2 57 8
2 61 7
2 65 37
2 66 6
2 69 94
2 70 92
2 73 63
2 76 35
2 77 86
2 86 65
2 88 11
2 89 26
2 95 32
2 99 58
2 100 96
2 104 43
2 106 49
2 108 32
2 109 16
2 116 86
2 118 30
2 120 86
2 121 68
2 124 73
2 125 41
2 132 70
2 134 32
2 137 34
2 139 59
2 140 20
2 142 95
2 145 43
2 146 48
2 147 51
2 149 3
2 150 21
3 5 51
3 6 73
3 7 60
3 8 31
3 9 73
3 10 52
3 13 81
3 14 88
3 17 44
3 20 89
3 23 29
3 26 21
3 27 12
3 28 69
3 31 69
3 44 45
3 58 69
3 59 63
3 60 14
3 61 1
3 63 52
3 65 76
3 67 13
3 69 77
3 70 97
3 72 57
3 77 65
3 78 100
3 79 65
3 81 95
3 82 58
3 84 50
3 85 89
3 86 1
3 90 52
3 92 30
3 94 83
3 99 19
3 104 15
3 105 100
3 106 90
3 107 2
3 112 5
3 114 78
3 115 68
3 116 70
3 118 80
3 121 33
3 122 87
3 129 12
3 130 88
3 131 41
3 132 71
3 135 33
3 138 16
3 141 4
3 145 21
3 150 27
4 6 21
4 8 70
4 10 17
4 12 44
4 13 16
4 15 88
4 16 22
4 17 16
4 19 21
4 22 26
4 26 46
4 28 57
4 32 48
4 35 13
4 37 75
4 45 97
4 46 82
4 47 45
4 51 48
4 60 24
4 62 12
4 63 73
4 64 53
4 69 98
4 73 42
4 78 51
4 79 31
4 80 42
4 84 9
4 85 13
4 90 62
4 91 94
4 92 75
4 93 74
4 94 23
4 98 32
4 99 26
4 100 19
4 102 30
4 103 42
4 104 21
4 107 73
4 110 96
4 115 21
4 124 74
4 127 43
4 129 94
4 132 97
4 133 35
4 134 55
4 136 79
4 139 95
4 142 35
4 143 79
4 146 43
4 147 8
4 148 49
5 6 78
5 11 66
5 12 85
5 15 97
5 16 95
5 21 26
5 25 95
5 26 27
5 27 38
5 28 4
5 29 41
5 34 58
5 35 47
5 38 33
5 40 21
5 43 14
5 44 59
5 45 59
5 46 38
5 49 46
5 51 34
5 52 23
5 55 14
5 60 46
5 64 71
5 66 72
5 70 80
5 78 76
5 80 79
5 82 74
5 83 63
5 84 23
5 88 91
5 90 21
5 92 81
5 94 56
5 96 2
5 97 28
5 98 99
5 100 59
5 101 16
5 102 29
5 107 31
5 108 19
5 109 85
5 111 41
5 116 81
5 118 34
5 119 92
5 121 41
5 127 38
5 129 31
5 130 32
5 143 40
5 145 86
5 150 54
6 7 6
6 8 70
6 10 48
6 12 86
6 16 97
6 17 57
6 18 64
6 21 2
6 22 78
6 24 60
6 26 81
6 27 55
6 30 26
6 40 2
6 44 97
6 46 24
6 48 31
6 53 18
6 54 90
6 56 85
6 59 7
6 62 54
6 63 35
6 64 23
6 65 56
6 68 56
6 69 67
6 70 44
6 73 66
6 74 89
6 78 28
6 79 52
6 83 50
6 84 99
6 87 57
6 90 18
6 91 3
6 95 27
6 96 23
6 98 37
6 99 27
6 101 14
6 104 43
6 105 27
6 106 38
6 109 56
6 110 25
6 113 64
6 118 2
6 122 77
6 125 14
6 128 81
6 130 45
6 133 59
6 135 75
6 136 5
6 138 37
6 139 72
6 140 99
6 141 46
6 143 23
6 147 59
6 148 82
6 149 66
7 8 23
7 9 61
7 15 13
7 17 80
7 19 28
7 21 14
7 28 52
7 29 55
7 32 53
7 40 39
7 42 36
7 46 62
7 49 92
7 51 84
7 53 76
7 57 82
7 58 23
7 59 72
7 62 46
7 65 59
7 68 89
7 70 4
7 71 94
7 74 52
7 75 61
7 77 41
7 78 91
7 79 65
7 80 81
7 81 16
7 82 40
7 83 22
7 85 41
7 90 33
7 94 62
7 97 49
7 100 48
7 102 20
7 104 68
7 109 13
7 111 18
7 115 66
7 118 11
7 119 23
7 121 61
7 122 3
7 123 62
7 125 25
7 127 61
7 130 30
7 133 13
7 134 42
7 135 59
7 137 25
7 139 23
7 143 32
7 144 35
7 145 33
7 146 16
8 10 83
8 13 78
8 15 68
8 16 6
8 17 9
8 22 10
8 23 35
8 29 32
8 31 76
8 36 40
8 37 21
8 39 8
8 40 79
8 44 12
8 45 42
8 46 37
8 47 81
8 49 48
8 54 60
8 56 23
8 60 78
8 61 33
8 63 93
8 70 2
8 75 24
8 76 80
8 78 84
8 79 5
8 81 72
8 83 52
8 91 62
8 95 70
8 96 37
8 99 34
8 101 35
8 106 20
8 108 70
8 109 25
8 110 88
8 112 49
8 117 73
8 118 59
8 119 50
8 121 12
8 122 53
8 124 5
8 125 62
8 128 72
8 130 97
8 131 39
8 133 17
8 134 32
8 136 46
8 138 12
8 144 67
8 147 95
8 148 7
8 149 9
9 11 57
9 23 16
9 24 42
9 27 19
9 28 87
9 29 23
9 30 14
9 32 18
9 33 70
9 35 33
9 38 14
9 39 27
9 40 77
9 46 97
9 47 6
9 51 78
9 53 81
9 60 28
9 61 13
9 62 42
9 71 37
9 76 6
9 77 34
9 82 31
9 83 38
9 84 13
9 88 6
9 89 83
9 96 68
9 100 18
9 101 17
9 103 96
9 104 45
9 106 93
9 107 92
9 109 50
9 113 88
9 115 98
9 117 37
9 121 85
9 122 5
9 123 20
9 124 99
9 127 31
9 129 46
9 130 77
9 131 92
9 134 70
9 136 81
9 137 68
9 139 7
9 140 65
9 146 80
9 147 84
9 149 19
10 15 3
10 16 56
10 19 94
10 20 43
10 22 87
10 25 12
10 27 75
10 28 92
10 29 42
10 32 1
10 37 12
10 41 63
10 46 73
10 49 28
10 52 3
10 55 80
10 56 19
10 61 96
10 62 79
10 63 87
10 65 93
10 70 24
10 71 93
10 72 60
10 73 23
10 74 81
10 75 46
10 76 56
10 78 35
10 80 30
10 82 7
10 90 2
10 91 99
10 92 77
10 93 98
10 94 10
10 99 58
10 102 36
10 105 34
10 108 86
10 109 2
10 111 44
10 115 42
10 116 35
10 119 71
10 121 11
10 125 26
10 127 41
10 130 96
10 131 37
10 132 36
10 133 58
10 135 54
10 138 58
10 141 27
10 142 77
10 143 61
10 144 69
10 146 51
10 147 78
10 148 6
10 150 87
11 18 69
11 19 41
11 21 24
11 24 30
11 27 55
11 28 81
11 29 24
11 30 50
11 31 90
11 32 79
11 34 84
11 38 75
11 40 47
11 42 45
11 43 52
11 47 37
11 54 90
11 55 35
11 57 2
11 60 16
11 61 97
11 68 65
11 73 29
11 75 59
11 81 52
11 87 81
11 88 57
11 91 27
11 94 23
11 95 7
11 96 5
11 97 96
11 99 39
11 108 24
11 112 16
11 116 48
11 118 50
11 120 20
11 121 78
11 122 84
11 125 14
11 128 21
11 130 59
11 137 87
11 140 72
11 143 67
11 144 61
11 145 43
11 147 52
11 148 79
12 14 83
12 15 47
12 17 46
12 23 1
12 25 6
12 26 38
12 28 67
12 29 99
12 31 62
12 32 94
12 33 56
12 36 27
12 37 25
12 38 87
12 42 52
12 46 12
12 47 1
12 48 62
12 54 5
12 58 75
12 61 44
12 62 64
12 66 73
12 67 49
12 68 76
12 71 94
12 78 80
12 79 93
12 80 20
12 81 7
12 83 73
12 85 85
12 86 97
12 88 76
12 89 69
12 90 95
12 93 41
12 94 6
12 99 57
12 103 47
12 104 90
12 106 73
12 107 72
12 110 59
12 113 27
12 117 92
12 118 53
12 119 78
12 120 82
12 121 31
12 122 94
12 123 43
12 124 8
12 125 44
12 126 8
12 127 1
12 129 64
12 136 37
12 140 95
12 142 82
12 145 2
12 146 5
12 148 48
13 14 41
13 16 45
13 17 87
13 24 99
13 25 13
13 27 63
13 29 68
13 39 10
13 41 22
13 43 98
13 45 83
13 46 39
13 47 34
13 49 42
13 50 57
13 52 79
13 53 85
13 56 74
13 58 54
13 60 74
13 63 3
13 67 65
13 68 98
13 75 86
13 77 89
13 78 5
13 79 23
13 80 49
13 82 87
13 85 18
13 87 90
13 88 30
13 92 10
13 93 26
13 97 62
13 98 62
13 99 66
13 102 40
13 105 10
13 106 74
13 107 86
13 108 60
13 109 62
13 112 45
13 113 47
13 117 32
13 118 11
13 121 30
13 124 54
13 125 8
13 126 72
13 129 9
13 133 97
13 138 77
13 140 84
13 141 4
13 142 7
13 143 42
13 145 86
13 146 7
13 148 60
14 16 64
14 19 15
14 20 49
14 23 49
14 24 53
14 25 9
14 27 27
14 35 58
14 37 58
14 40 16
14 41 92
14 42 16
14 43 69
14 48 38
14 54 68
14 55 75
14 59 78
14 61 15
14 62 58
14 63 33
14 65 19
14 68 9
14 70 70
14 72 13
14 73 5
14 80 43
14 82 55
14 83 96
14 84 25
14 85 87
14 86 28
14 87 57
14 89 28
14 90 50
14 94 23
14 98 78
14 100 56
14 101 29
14 104 84
14 106 17
14 108 59
14 113 42
14 118 58
14 120 68
14 121 30
14 123 47
14 125 19
14 126 59
14 132 76
14 134 45
14 135 33
14 138 48
14 141 50
14 143 80
14 144 52
14 145 76
15 16 67
15 19 88
15 20 80
15 22 70
15 23 6
15 24 75
15 25 51
15 27 89
15 31 69
15 32 28
15 37 89
15 38 73
15 48 45
15 54 95
15 56 91
15 57 59
15 61 54
15 62 11
15 66 38
15 67 3
15 68 41
15 70 57
15 73 19
15 74 8
15 75 95
15 80 54
15 81 1
15 82 29
15 83 12
15 84 83
15 87 43
15 90 46
15 91 72
15 93 90
15 95 40
15 96 30
15 97 70
15 100 53
15 101 33
15 102 62
15 103 26
15 107 34
15 110 74
15 113 11
15 125 21
15 130 74
15 134 65
15 136 1
15 137 54
15 139 10
15 141 77
15 149 6
15 150 99
16 17 85
16 18 20
16 20 40
16 21 98
16 25 13
16 26 2
16 29 1
16 32 45
16 37 69
16 38 67
16 40 64
16 41 20
16 42 2
16 43 32
16 45 69
16 47 31
16 49 18
16 51 47
16 57 70
16 59 10
16 61 84
16 65 85
16 69 80
16 72 6
16 75 97
16 81 96
16 82 16
16 88 41
16 90 68
16 92 39
16 95 65
16 99 98
16 100 67
16 101 84
16 105 84
16 109 47
16 111 88
16 113 79
16 114 3
16 115 35
16 119 42
16 126 19
16 127 25
16 128 45
16 130 47
16 132 1
16 133 37
16 136 28
16 138 84
16 141 77
16 142 79
16 144 66
16 145 79
16 146 39
16 147 88
16 149 11
16 150 52
17 19 86
17 20 57
17 23 9
17 25 93
17 30 49
17 31 42
17 32 4
17 33 32
17 34 81
17 37 18
17 38 8
17 39 71
17 41 26
17 48 100
17 50 13
17 53 44
17 54 74
17 56 21
17 57 22
17 61 45
17 62 35
17 66 69
17 69 8
17 70 68
17 74 15
17 76 66
17 77 50
17 80 16
17 81 89
17 82 85
17 83 73
17 86 59
17 87 95
17 88 86
17 90 13
17 91 24
17 97 28
17 98 56
17 99 7
17 100 74
17 105 75
17 107 72
17 110 49
17 111 41
17 113 9
17 114 61
17 117 8
17 118 47
17 120 79
17 121 3
17 123 88
17 128 29
17 129 36
17 133 23
17 134 68
17 135 4
17 136 75
17 138 31
17 140 58
17 144 89
17 148 59
17 149 68
18 19 71
18 25 58
18 26 97
18 29 38
18 31 13
18 33 29
18 36 79
18 38 93
18 42 21
18 44 72
18 47 83
18 48 10
18 53 4
18 58 20
18 62 37
18 63 8
18 64 82
18 65 88
18 66 17
18 67 37
18 74 29
18 77 61
18 79 69
18 82 33
18 84 90
18 88 82
18 89 51
18 94 20
18 96 100
18 98 96
18 99 19
18 101 76
18 105 60
18 106 55
18 112 43
18 115 55
18 118 44
18 121 35
18 122 45
18 125 46
18 126 8
18 127 100
18 128 12
18 129 34
18 130 5
18 132 93
18 133 9
18 134 50
18 137 76
18 138 16
18 139 56
18 141 84
18 144 91
18 145 86
18 147 89
18 148 23
19 20 61
19 24 72
19 28 43
19 29 81
19 31 47
19 33 70
19 43 8
19 44 77
19 51 14
19 53 30
19 55 89
19 56 48
19 63 12
19 64 63
19 66 70
19 70 33
19 72 23
19 77 100
19 79 21
19 81 42
19 85 4
19 86 16
19 88 1
19 91 87
19 94 52
19 95 33
19 96 89
19 97 61
19 99 17
19 100 49
19 104 7
19 105 6
19 107 87
19 109 86
19 111 50
19 114 60
19 117 20
19 118 55
19 119 96
19 123 61
19 124 45
19 128 53
19 130 25
19 137 31
19 140 87
19 142 13
19 143 88
19 145 54
19 148 53
19 149 60
19 150 61
20 22 8
20 24 26
20 25 70
20 30 17
20 32 89
20 33 74
20 34 14
20 35 24
20 37 19
20 40 38
20 44 36
20 45 82
20 47 100
20 49 96
20 50 71
20 58 48
20 61 82
20 62 22
20 65 44
20 70 68
20 71 31
20 72 31
20 76 41
20 79 94
20 80 32
20 83 56
20 85 35
20 89 58
20 90 75
20 92 54
20 93 89
20 94 36
20 95 27
20 96 69
20 104 12
20 105 47
20 109 48
20 111 41
20 116 40
20 120 72
20 121 92
20 128 10
20 129 68
20 130 85
20 132 34
20 133 71
20 134 25
20 135 58
20 139 82
20 140 33
20 141 38
20 142 73
20 143 85
20 147 30
20 148 2
21 29 62
21 32 86
21 36 64
21 42 82
21 44 38
21 45 31
21 48 99
21 52 15
21 54 59
21 57 42
21 59 52
21 62 79
21 65 73
21 67 48
21 69 21
21 70 57
21 71 11
21 73 3
21 74 38
21 75 74
21 79 17
21 80 97
21 81 45
21 82 32
21 86 62
21 90 98
21 91 81
21 94 28
21 96 74
21 98 93
21 102 28
21 105 41
21 106 56
21 112 81
21 115 29
21 120 38
21 121 85
21 122 63
21 130 66
21 133 63
21 134 67
21 139 71
21 141 93
21 142 38
21 143 51
21 145 24
21 146 84
22 23 81
22 26 54
22 33 91
22 34 40
22 36 15
22 40 24
22 42 88
22 46 31
22 54 38
22 56 42
22 59 73
22 61 38
22 68 99
22 70 10
22 72 75
22 74 75
22 75 5
22 76 72
22 79 37
22 80 14
22 87 100
22 88 8
22 91 58
22 92 31
22 93 90
22 95 65
22 96 25
22 98 59
22 99 8
22 101 33
22 104 19
22 106 98
22 110 10
22 114 35
22 117 61
22 118 53
22 122 23
22 126 35
22 128 78
22 129 12
22 131 69
22 133 45
22 135 6
22 137 8
22 140 95
22 149 44
22 150 62
23 28 49
23 34 98
23 36 96
