150 10058 1
1 5 34
1 10 94
1 15 69
1 16 93
1 18 94
1 19 59
1 20 27
1 24 26
1 25 91
1 26 19
1 30 65
1 32 37
1 33 17
1 36 69
1 37 17
1 42 89
1 43 11
1 44 39
1 45 82
1 46 74
1 50 53
1 55 24
1 56 20
1 58 24
1 59 11
1 63 15
1 65 86
1 69 80
1 75 74
1 80 10
1 84 63
1 85 58
1 86 18
1 87 53
1 90 87
1 92 92
1 98 22
1 101 60
1 102 34
1 103 43
1 104 21
1 107 41
1 112 49
1 113 26
1 114 12
1 119 17
1 121 37
1 123 96
1 125 12
1 127 10
1 128 2
1 129 13
1 131 5
1 132 57
1 135 45
1 140 68
1 141 90
1 142 12
1 146 15
2 6 3
2 9 9
2 11 12
2 13 51
2 14 2
2 15 7
2 17 7
2 19 90
2 20 15
2 21 37
2 23 28
2 25 71
2 28 65
2 29 12
2 31 15
2 32 61
2 38 91
2 44 11
2 45 32
2 46 56
2 47 51
2 48 14
2 49 88
2 51 41
2 53 57
2 56 35
2 64 98
2 65 84
2 70 97
2 71 20
2 72 82
2 78 22
2 81 42
2 82 72
2 84 2
2 86 16
2 87 2
2 88 83
2 90 15
2 91 81
2 95 6
2 98 34
2 100 57
2 102 89
2 105 87
2 107 85
2 108 29
2 111 5
2 114 42
2 118 87
2 119 52
2 121 96
2 123 48
2 126 95
2 129 60
2 131 63
2 134 89
2 140 84
2 141 100
2 144 97
3 4 12
3 8 89
3 10 5
3 11 83
3 17 3
3 19 9
3 23 38
3 25 58
3 28 83
3 29 90
3 31 72
3 34 46
3 35 100
3 36 95
3 39 57
3 42 55
3 47 11
3 50 83
3 51 37
3 53 22
3 54 74
3 56 24
3 58 34
3 62 61
3 64 44
3 68 49
3 70 1
3 71 73
3 73 54
3 74 96
3 75 53
3 76 2
3 77 18
3 79 22
3 81 94
3 82 37
3 83 83
3 85 49
3 87 39
3 94 8
3 95 35
3 97 13
3 105 90
3 106 15
3 107 2
3 108 35
3 109 61
3 110 80
3 111 68
3 115 43
3 117 96
3 118 18
3 120 40
3 124 43
3 125 47
3 131 58
3 133 76
3 134 7
3 136 47
3 137 78
3 138 60
3 140 36
3 149 88
3 150 37
4 8 42
4 11 68
4 18 71
4 20 27
4 22 33
4 24 65
4 30 44
4 31 97
4 34 93
4 43 59
4 44 2
4 47 67
4 49 45
4 51 46
4 53 12
4 54 37
4 55 98
4 56 28
4 64 56
4 70 1
4 71 83
4 72 5
4 73 25
4 78 20
4 80 8
4 81 34
4 88 84
4 91 52
4 98 93
4 100 38
4 102 90
4 103 11
4 106 93
4 108 39
4 110 59
4 112 76
4 116 46
4 117 12
4 119 51
4 121 23
4 123 27
4 124 18
4 125 49
4 126 4
4 127 30
4 129 81
4 132 55
4 135 28
4 136 67
4 139 14
4 141 18
4 144 49
4 145 93
4 146 41
4 149 63
4 150 57
5 6 63
5 7 71
5 11 35
5 12 77
5 13 29
5 15 87
5 16 4
5 17 96
5 18 56
5 20 96
5 21 62
5 22 44
5 23 66
5 26 80
5 27 23
5 28 38
5 29 5
5 31 39
5 34 9
5 37 30
5 38 1
5 39 85
5 41 56
5 44 5
5 46 36
5 48 23
5 50 81
5 55 22
5 56 50
5 57 100
5 59 79
5 61 37
5 62 14
5 66 23
5 68 85
5 71 87
5 72 83
5 74 68
5 75 8
5 76 72
5 77 70
5 78 63
5 82 3
5 91 50
5 92 24
5 94 81
5 96 89
5 97 5
5 100 22
5 101 12
5 102 62
5 103 80
5 105 95
5 106 18
5 108 89
5 109 90
5 110 51
5 113 64
5 114 43
5 115 20
5 123 96
5 126 77
5 128 24
5 130 40
5 133 9
5 135 22
5 136 42
5 139 24
5 144 77
5 146 76
5 147 5
5 148 27
6 7 66
6 8 86
6 9 24
6 11 38
6 12 77
6 14 23
6 15 51
6 16 37
6 19 91
6 21 30
6 24 100
6 29 37
6 32 46
6 33 15
6 34 34
6 36 9
6 37 8
6 39 61
6 42 30
6 43 77
6 44 77
6 48 99
6 50 45
6 52 64
6 53 68
6 54 54
6 56 22
6 61 17
6 62 4
6 64 79
6 65 75
6 66 42
6 67 90
6 69 71
6 71 30
6 72 90
6 74 66
6 75 16
6 76 88
6 77 64
6 78 50
6 79 36
6 81 13
6 82 5
6 84 2
6 87 18
6 90 73
6 92 67
6 93 94
6 94 82
6 96 35
6 99 9
6 104 83
6 105 56
6 109 57
6 110 41
6 115 34
6 116 51
6 118 9
6 121 58
6 126 65
6 128 29
6 130 21
6 131 13
6 136 62
6 137 58
6 139 10
6 140 50
6 141 39
6 143 28
6 144 32
6 148 97
6 149 35
6 150 79
7 9 6
7 10 54
7 11 82
7 13 56
7 17 76
7 20 95
7 22 46
7 23 94
7 26 59
7 28 60
7 31 40
7 32 85
7 34 21
7 36 86
7 38 86
7 41 92
7 42 31
7 46 5
7 50 63
7 51 79
7 52 78
7 53 6
7 56 17
7 58 57
7 59 15
7 63 80
7 67 37
7 68 43
7 69 39
7 73 78
7 74 43
7 76 39
7 77 21
7 78 9
7 80 90
7 85 78
7 91 28
7 92 91
7 94 8
7 95 48
7 96 1
7 99 34
7 101 92
7 105 49
7 106 16
7 114 95
7 115 46
7 119 29
7 128 73
7 132 57
7 134 90
7 136 18
7 137 13
7 138 21
7 139 13
7 140 56
7 141 34
7 143 1
7 147 62
7 150 6
8 9 11
8 12 98
8 14 67
8 15 3
8 20 35
8 21 89
8 22 12
8 23 6
8 24 13
8 27 73
8 28 21
8 29 9
8 35 86
8 36 76
8 38 83
8 40 50
8 41 25
8 42 64
8 46 67
8 52 16
8 57 2
8 60 24
8 64 30
8 65 9
8 66 52
8 67 98
8 68 88
8 69 58
8 72 12
8 73 2
8 75 48
8 76 29
8 79 13
8 80 81
8 81 10
8 82 46
8 83 24
8 86 15
8 89 41
8 90 25
8 91 64
8 95 72
8 97 36
8 98 64
8 99 82
8 101 32
8 102 55
8 104 26
8 106 99
8 107 76
8 108 95
8 112 71
8 113 98
8 119 69
8 124 22
8 126 19
8 130 17
8 131 80
8 132 24
8 137 56
8 139 99
8 141 75
8 142 48
8 146 86
8 147 45
8 148 26
9 10 6
9 16 94
9 17 29
9 19 67
9 20 95
9 23 27
9 29 63
9 32 7
9 33 11
9 34 92
9 39 81
9 41 46
9 43 29
9 44 25
9 45 2
9 47 3
9 48 9
9 51 75
9 55 80
9 59 4
9 61 37
9 69 36
9 75 96
9 76 21
9 77 88
9 78 27
9 83 92
9 84 47
9 85 94
9 88 52
9 89 79
9 90 87
9 93 51
9 96 64
9 97 100
9 100 67
9 103 57
9 106 39
9 109 32
9 114 48
9 115 100
9 118 81
9 119 89
9 123 92
9 125 40
9 126 27
9 127 43
9 131 29
9 132 58
9 135 2
9 138 28
9 139 23
9 140 49
9 142 74
9 143 8
9 144 4
10 11 71
10 15 94
10 16 22
10 17 17
10 18 82
10 21 97
10 24 51
10 25 46
10 30 3
10 32 69
10 35 5
10 36 53
10 37 50
10 40 56
10 48 17
10 49 29
10 50 41
10 56 36
10 57 24
10 58 6
10 66 98
10 67 49
10 68 4
10 72 16
10 81 66
10 84 3
10 86 79
10 87 74
10 88 3
10 90 45
10 91 7
10 93 22
10 94 22
10 97 42
10 98 28
10 102 21
10 104 48
10 105 11
10 109 31
10 110 45
10 113 80
10 114 14
10 115 92
10 116 4
10 117 9
10 120 43
10 121 40
10 122 83
10 123 3
10 125 18
10 126 37
10 127 40
10 128 16
10 133 58
10 138 38
10 139 85
10 141 33
10 146 66
11 12 54
11 14 13
11 16 26
11 17 50
11 20 98
11 23 54
11 24 82
11 26 15
11 27 39
11 34 56
11 35 100
11 37 67
11 38 92
11 39 55
11 42 86
11 43 64
11 46 30
11 47 87
11 49 3
11 52 36
11 56 38
11 57 90
11 59 83
11 60 68
11 61 53
11 63 79
11 66 49
11 69 81
11 71 3
11 72 70
11 74 54
11 75 23
11 76 12
11 77 67
11 78 89
11 83 63
11 86 44
11 89 65
11 92 31
11 95 70
11 96 41
11 105 5
11 107 24
11 108 53
11 109 21
11 113 45
11 115 2
11 116 92
11 118 60
11 123 27
11 124 94
11 136 27
11 137 70
11 142 81
11 143 54
11 146 22
11 148 23
11 149 3
12 13 75
12 14 98
12 15 38
12 21 42
12 23 39
12 26 1
12 27 45
12 30 1
12 31 2
12 35 20
12 36 78
12 37 59
12 38 23
12 39 37
12 43 74
12 44 76
12 50 2
12 53 77
12 54 29
12 55 88
12 56 62
12 60 42
12 67 47
12 71 55
12 72 51
12 73 26
12 77 70
12 81 43
12 82 29
12 83 90
12 86 58
12 91 51
12 92 18
12 95 43
12 96 40
12 97 98
12 98 94
12 99 42
12 104 27
12 107 69
12 110 67
12 112 14
12 114 50
12 118 80
12 120 91
12 124 100
12 130 32
12 135 75
12 137 40
12 138 55
12 139 15
12 140 5
12 143 7
12 147 74
12 149 28
12 150 30
13 14 28
13 15 89
13 16 93
13 18 55
13 20 4
13 21 11
13 23 94
13 24 54
13 26 96
13 27 74
13 30 2
13 33 59
13 34 88
13 35 70
13 36 72
13 38 2
13 39 57
13 42 3
13 49 55
13 50 73
13 52 34
13 56 38
13 58 75
13 60 23
13 62 37
13 63 95
13 64 21
13 65 12
13 68 52
13 72 52
13 74 34
13 78 19
13 80 58
13 81 93
13 82 68
13 84 48
13 87 4
13 89 14
13 90 20
13 91 62
13 93 83
13 95 4
13 100 85
13 103 23
13 104 3
13 106 78
13 107 33
13 109 20
13 112 4
13 113 84
13 117 40
13 119 42
13 121 7
13 124 43
13 125 5
13 127 30
13 128 18
13 130 21
13 134 57
13 135 86
13 136 33
13 137 82
13 138 35
13 139 51
13 140 74
13 142 19
13 145 87
13 147 27
13 150 89
14 15 34
14 20 94
14 21 87
14 28 56
14 30 76
14 31 99
14 32 2
14 34 79
14 35 15
14 36 47
14 40 30
14 41 20
14 42 69
14 44 83
14 49 85
14 53 39
14 55 44
14 56 37
14 57 39
14 61 12
14 63 34
14 64 81
14 66 72
14 67 98
14 68 55
14 73 78
14 74 36
14 79 64
14 80 69
14 82 95
14 84 86
14 86 36
14 87 50
14 90 57
14 91 66
14 92 62
14 93 19
14 94 89
14 95 5
14 96 51
14 97 46
14 99 67
14 104 31
14 111 46
14 113 65
14 114 26
14 115 48
14 116 96
14 117 7
14 123 53
14 125 64
14 126 21
14 129 64
14 130 44
14 131 7
14 133 84
14 135 2
14 140 41
14 142 39
14 143 4
14 144 92
14 150 61
15 17 14
15 19 95
15 20 48
15 21 13
15 24 69
15 26 10
15 29 13
15 30 74
15 31 95
15 35 69
15 36 74
15 41 49
15 44 86
15 45 87
15 48 11
15 52 11
15 54 44
15 57 62
15 62 74
15 64 15
15 68 74
15 69 70
15 70 47
15 71 52
15 78 58
15 79 39
15 80 31
15 81 17
15 82 10
15 84 52
15 88 14
15 89 68
15 98 87
15 101 67
15 105 14
15 106 77
15 109 92
15 110 43
15 113 53
15 116 58
15 118 68
15 121 99
15 123 78
15 124 89
15 125 81
15 127 69
15 129 44
15 130 16
15 132 50
15 133 39
15 135 70
15 136 70
15 146 52
15 150 92
16 17 26
16 19 1
16 21 92
16 26 96
16 28 51
16 29 34
16 30 29
16 31 26
16 34 17
16 36 24
16 38 13
16 39 24
16 41 55
16 42 43
16 44 2
16 47 74
16 50 37
16 51 92
16 55 46
16 56 47
16 57 2
16 61 37
16 62 53
16 63 56
16 67 8
16 69 78
16 70 78
16 71 54
16 72 88
16 76 67
16 77 40
16 78 67
16 80 85
16 81 23
16 83 70
16 84 32
16 86 52
16 92 22
16 93 5
16 94 79
16 96 61
16 99 68
16 100 26
16 101 76
16 102 89
16 107 28
16 109 9
16 110 51
16 113 48
16 114 47
16 117 64
16 120 16
16 125 68
16 127 3
16 128 21
16 138 2
16 139 92
16 140 35
16 141 11
16 144 90
16 145 42
16 147 25
16 149 63
17 21 21
17 24 16
17 25 33
17 27 97
17 28 3
17 31 85
17 35 34
17 37 83
17 38 87
17 39 14
17 44 25
17 47 61
17 50 60
17 51 72
17 57 84
17 58 37
17 59 51
17 64 76
17 65 51
17 68 99
17 70 30
17 71 63
17 72 48
17 73 39
17 74 95
17 76 79
17 77 63
17 80 94
17 82 41
17 83 69
17 88 98
17 90 47
17 92 96
17 95 86
17 96 12
17 99 26
17 103 3
17 104 62
17 108 55
17 109 67
17 110 28
17 111 47
17 118 31
17 119 82
17 120 81
17 124 66
17 126 94
17 129 16
17 130 13
17 131 30
17 132 20
17 133 32
17 135 50
17 136 27
17 137 51
17 143 21
17 145 52
17 148 34
17 149 87
17 150 95
18 19 59
18 20 32
18 23 12
18 32 91
18 36 99
18 39 20
18 41 36
18 43 70
18 50 48
18 51 52
18 53 10
18 54 34
18 56 84
18 59 37
18 60 97
18 64 55
18 70 93
18 72 49
18 75 17
18 77 96
18 78 87
18 79 70
18 80 55
18 81 2
18 85 46
18 86 100
18 87 37
18 88 18
18 92 98
18 94 61
18 95 17
18 97 18
18 98 5
18 99 85
18 100 14
18 101 3
18 103 78
18 104 11
18 111 35
18 115 74
18 118 86
18 124 70
18 127 60
18 132 6
18 134 10
18 136 15
18 138 30
18 140 63
18 141 61
18 143 37
18 145 13
18 149 61
18 150 31
19 20 27
19 21 75
19 22 10
19 23 99
19 25 41
19 28 26
19 29 84
19 30 45
19 31 80
19 32 98
19 34 35
19 37 94
19 45 59
19 46 62
19 49 4
19 52 18
19 53 65
19 54 32
19 56 13
19 58 64
19 61 61
19 62 1
19 64 53
19 66 40
19 70 100
19 76 92
19 77 75
19 87 88
19 88 61
19 90 81
19 93 98
19 97 73
19 100 81
19 103 55
19 107 85
19 108 96
19 110 90
19 112 47
19 113 51
19 114 98
19 115 75
19 120 19
19 122 4
19 126 23
19 129 66
19 133 31
19 144 62
19 145 19
20 21 63
20 26 29
20 28 56
20 31 36
20 33 29
20 37 74
20 38 12
20 46 39
20 47 95
20 48 6
20 50 68
20 55 48
20 57 97
20 58 36
20 59 93
20 60 46
20 61 95
20 68 30
20 69 72
20 71 84
20 72 17
20 75 93
20 76 23
20 77 92
20 81 39
20 82 27
20 83 9
20 84 81
20 90 1
20 91 86
20 96 61
20 97 13
20 98 67
20 99 15
20 101 18
20 103 48
20 105 95
20 110 62
20 112 7
20 113 43
20 114 66
20 117 30
20 119 58
20 120 79
20 121 81
20 122 14
20 125 37
20 128 45
20 132 100
20 136 80
20 137 3
20 143 15
20 144 83
20 145 12
20 146 21
21 24 33
21 25 95
21 31 51
21 35 98
21 36 58
21 37 71
21 43 45
21 44 99
21 46 97
21 49 90
21 54 75
21 57 67
21 58 48
21 59 20
21 60 63
21 63 45
21 66 25
21 68 54
21 69 67
21 70 81
21 73 22
21 74 38
21 75 31
21 82 16
21 87 86
21 90 96
21 91 57
21 93 78
21 95 29
21 96 5
21 97 21
21 100 86
21 101 17
21 104 18
21 105 83
21 109 25
21 114 15
21 115 24
21 118 47
21 121 93
21 128 4
21 130 9
21 132 88
21 133 31
21 134 94
21 135 7
21 137 1
21 138 78
21 146 24
21 148 35
21 149 55
22 24 42
22 29 92
22 31 49
22 34 6
22 35 82
22 37 91
22 39 70
22 42 37
22 50 80
22 54 61
22 60 77
22 64 19
22 65 61
22 67 9
22 68 67
22 69 73
22 72 5
22 74 56
22 79 81
22 82 59
22 85 40
22 86 4
22 89 72
22 95 84
22 98 6
22 99 82
22 102 86
22 104 26
22 109 41
22 110 6
22 112 77
22 116 89
22 118 59
22 120 88
22 121 10
22 122 88
22 123 21
22 126 53
22 127 99
22 128 84
22 129 62
22 131 50
22 135 71
22 146 7
23 27 4
23 28 91
23 33 72
23 34 65
23 35 49
23 37 1
23 38 95
23 39 94
23 41 63
23 44 20
23 47 20
23 48 99
23 54 90
23 56 37
23 58 60
23 59 11
23 60 19
23 64 59
23 65 53
23 66 85
23 67 46
23 68 17
23 69 43
23 70 86
23 71 45
23 77 84
23 80 40
23 83 5
23 87 67
23 93 48
23 96 20
23 98 48
23 102 79
23 103 69
23 109 30
23 111 44
23 113 82
23 114 76
23 116 49
23 120 15
23 125 14
23 128 5
23 129 90
23 132 49
23 135 26
23 137 66
23 138 46
23 140 64
23 142 36
23 143 96
23 144 32
23 146 49
23 147 60
23 148 42
23 150 7
24 25 53
24 30 9
24 31 32
24 35 41
24 36 77
24 39 31
24 40 69
24 42 11
24 43 82
24 44 63
24 47 7
24 51 90
24 55 59
24 57 28
24 62 6
24 64 57
24 65 52
24 67 38
24 68 38
24 69 42
24 71 67
24 73 77
24 74 52
24 78 50
24 80 10
24 83 46
24 84 81
24 85 13
24 93 50
24 98 63
24 104 82
24 105 91
24 106 95
24 107 78
24 108 54
24 110 94
24 112 45
24 117 10
24 118 7
24 122 43
24 124 88
24 125 12
24 129 17
24 130 92
24 131 5
24 132 15
24 133 74
24 138 70
24 139 24
24 140 39
24 141 4
24 142 30
24 144 95
24 145 13
24 149 77
25 26 2
25 27 41
25 29 53
25 36 19
25 37 17
25 41 93
25 43 79
25 45 28
25 47 43
25 48 7
25 51 60
25 52 39
25 54 78
25 56 89
25 57 100
25 58 41
25 59 77
25 61 95
25 62 47
25 67 83
25 68 72
25 77 20
25 81 18
25 83 13
25 87 68
25 90 29
25 91 83
25 93 21
25 95 12
25 99 40
25 101 39
25 104 29
25 105 97
25 108 8
25 109 4
25 115 9
25 117 92
25 118 30
25 120 41
25 126 98
25 131 71
25 133 52
25 134 75
25 135 33
25 139 54
25 142 78
25 145 36
25 148 78
26 27 38
26 28 55
26 30 6
26 32 18
26 35 79
26 36 35
26 37 77
26 42 67
26 47 8
26 51 3
26 64 35
26 66 19
26 67 100
26 69 56
26 70 8
26 71 63
26 72 33
26 75 28
26 83 55
26 85 36
26 87 89
26 88 77
26 98 22
26 99 68
26 100 50
26 106 4
26 107 65
26 108 66
26 109 20
26 112 26
26 118 16
26 119 5
26 120 27
26 122 24
26 126 90
26 129 14
26 134 37
26 137 80
26 138 62
26 139 10
26 141 9
26 143 55
26 144 86
26 146 76
26 147 89
26 150 4
27 28 4
27 31 32
27 35 77
27 36 71
27 38 4
27 41 81
27 42 30
27 44 61
27 45 72
27 46 56
27 48 37
27 53 50
27 55 66
27 58 15
27 59 11
27 60 29
27 63 88
27 65 6
27 68 60
27 69 74
27 70 25
27 73 14
27 76 100
27 79 75
27 80 50
27 82 20
27 83 8
27 87 48
27 89 52
27 92 73
27 96 31
27 98 12
27 99 40
27 104 48
27 108 84
27 109 31
27 111 75
27 114 25
27 115 7
27 119 12
27 121 94
27 127 99
27 129 50
27 131 50
27 132 5
27 133 26
27 135 48
27 139 63
27 140 12
27 142 38
27 144 44
27 147 41
27 150 76
28 30 58
28 33 47
28 34 39
28 35 70
28 37 53
28 40 87
28 41 55
28 43 4
28 45 25
28 48 70
28 53 83
28 56 32
28 57 7
28 59 31
28 61 55
28 62 89
28 67 70
28 68 19
28 73 13
28 80 67
28 81 85
28 82 37
28 83 42
28 85 17
28 86 59
28 88 73
28 90 35
28 91 84
28 93 19
28 94 25
28 98 32
28 106 16
28 112 74
28 115 61
28 116 90
28 122 22
28 125 1
28 130 53
28 131 57
28 132 79
28 135 21
28 136 15
28 140 60
28 142 47
29 31 1
29 33 72
29 34 77
29 37 10
29 38 55
29 40 41
29 42 76
29 51 88
29 53 31
29 54 51
29 55 79
29 57 90
29 58 29
29 61 9
29 68 89
29 71 67
29 72 96
29 73 3
29 77 85
29 78 47
29 82 31
29 83 34
29 85 75
29 103 10
29 109 50
29 115 8
29 117 29
29 118 73
29 119 33
29 120 68
29 122 57
29 125 76
29 126 72
29 128 38
29 130 64
29 132 5
29 133 63
29 135 38
29 137 8
29 142 33
29 146 59
30 31 99
30 32 42
30 35 6
30 42 99
30 43 39
30 46 95
30 47 14
30 51 12
30 53 32
30 54 55
30 56 8
30 59 64
30 66 85
30 69 13
30 70 63
30 71 68
30 74 65
30 76 54
30 77 57
30 81 6
30 85 13
30 88 68
30 94 73
30 99 30
30 100 12
30 106 88
30 109 82
30 110 27
30 111 62
30 113 21
30 115 98
30 116 4
30 119 64
30 120 96
30 130 36
30 131 99
30 132 93
30 133 17
30 137 9
30 138 43
30 144 15
30 149 68
30 150 43
31 32 44
31 34 34
31 35 31
31 43 79
31 47 67
31 54 66
31 55 88
31 56 48
31 59 3
31 60 23
31 62 84
31 63 84
31 67 44
31 70 55
31 71 29
31 73 33
31 75 57
31 79 57
31 80 75
31 81 52
31 83 40
31 86 86
31 90 50
31 91 50
31 97 63
31 98 28
31 99 29
31 100 14
31 104 1
31 105 81
31 106 22
31 107 17
31 109 23
31 111 11
31 112 69
31 113 11
31 124 77
31 125 4
31 126 28
31 136 74
31 141 66
31 144 45
31 146 31
31 148 3
32 37 68
32 38 99
32 40 37
32 42 68
32 43 85
32 52 78
32 53 36
32 55 13
32 64 82
32 65 98
32 66 19
32 67 18
32 68 46
32 69 19
32 72 55
32 73 3
32 75 49
32 77 18
32 78 88
32 79 27
32 82 64
32 85 72
32 86 32
32 87 50
32 88 27
32 92 32
32 93 65
32 98 17
32 100 98
32 112 50
32 115 71
32 117 69
32 121 22
32 124 11
32 127 71
32 129 9
32 131 12
32 132 62
32 134 79
32 135 40
32 136 13
32 138 25
32 139 31
32 147 2
33 34 76
33 36 74
33 39 26
33 40 86
33 43 63
33 45 40
33 51 12
33 55 68
33 57 62
33 60 51
33 61 86
33 65 14
33 67 9
33 68 16
33 69 70
33 71 91
33 74 84
33 76 59
33 77 89
33 78 76
33 80 60
33 81 84
33 82 96
33 84 57
33 88 82
33 90 83
33 94 77
33 96 27
33 97 75
33 100 13
33 104 89
33 105 55
33 108 53
33 111 90
33 123 12
33 124 40
33 127 2
33 128 6
33 131 59
33 135 20
33 136 26
33 145 9
33 146 12
33 148 37
34 35 8
34 36 59
34 39 75
34 40 21
34 41 95
34 42 68
34 47 4
34 49 94
34 52 68
34 53 32
34 56 70
34 57 37
34 59 40
34 62 52
34 63 55
34 65 62
34 67 2
34 69 98
34 72 10
34 73 7
34 74 49
34 76 20
34 78 60
34 82 2
34 83 58
34 87 35
34 99 71
34 100 55
34 101 62
34 104 24
34 105 86
34 107 1
34 111 36
34 119 70
34 121 77
34 126 88
34 131 27
34 133 31
34 137 61
34 138 33
34 141 73
34 145 38
34 147 49
35 42 29
35 44 24
35 45 20
35 48 82
35 49 6
35 53 18
35 56 22
35 57 17
35 58 98
35 59 21
35 61 72
35 64 98
35 66 91
35 67 83
35 68 40
35 69 75
35 70 3
35 72 34
35 74 59
35 78 82
35 79 97
35 80 89
35 81 99
35 82 43
35 83 100
35 84 69
35 85 78
35 86 100
35 88 32
35 90 79
35 101 10
35 102 65
35 105 5
35 106 91
35 107 55
35 109 29
35 111 29
35 112 54
35 113 67
35 114 64
35 117 24
35 118 92
35 119 40
35 120 50
35 121 51
35 122 25
35 123 21
35 126 32
35 130 22
35 132 71
36 42 15
36 45 79
36 46 73
36 50 83
36 54 83
36 56 11
36 59 90
36 62 61
36 63 8
36 64 9
36 65 46
36 71 76
36 72 51
36 74 57
36 76 62
36 78 43
36 79 38
36 84 4
36 89 11
36 94 71
36 95 29
36 98 92
36 102 24
36 103 41
36 104 10
36 106 11
36 107 5
36 108 1
36 109 42
36 111 21
36 117 13
36 119 8
36 121 54
36 122 55
36 123 39
36 129 33
36 132 13
36 136 15
36 137 80
36 139 79
36 141 54
36 144 24
36 145 78
37 39 23
37 40 11
37 41 85
37 42 29
37 46 3
37 47 19
37 48 44
37 51 26
37 54 8
37 55 94
37 58 71
37 59 6
37 63 82
37 66 36
37 67 100
37 71 69
37 74 29
37 75 61
37 77 28
37 78 59
37 82 39
37 83 59
37 84 44
37 87 3
37 88 3
37 89 93
37 92 15
37 98 27
37 99 91
37 104 28
37 110 71
37 111 42
37 114 75
37 120 81
37 122 47
37 127 36
37 129 34
37 130 21
37 132 92
37 133 8
37 134 16
37 135 69
37 137 20
37 140 20
37 141 36
37 142 87
37 146 77
37 149 37
37 150 76
38 40 13
38 41 79
38 42 32
38 44 68
38 47 13
38 51 18
38 53 59
38 57 52
38 58 81
38 59 56
38 60 59
38 63 64
38 64 44
38 72 25
38 74 50
38 77 70
38 79 42
38 80 49
38 82 70
38 84 43
38 85 21
38 89 1
38 91 76
38 92 99
38 98 19
38 99 94
38 103 36
38 104 80
38 105 26
38 109 73
38 112 98
38 114 89
38 115 26
38 117 78
38 125 70
38 128 68
38 129 3
38 131 63
38 132 77
38 133 71
38 136 13
38 137 91
38 142 69
38 146 52
38 148 18
39 44 40
39 45 38
39 46 61
39 50 57
39 51 45
39 52 56
39 55 28
39 56 32
39 57 72
39 61 22
39 65 76
39 66 94
39 68 87
39 71 44
39 74 9
39 75 57
39 76 58
39 78 100
39 81 72
39 83 40
39 84 83
39 85 28
39 86 58
39 88 60
39 90 35
39 91 40
39 92 99
39 95 33
39 97 20
39 100 31
39 102 48
39 104 15
39 108 82
39 111 43
39 112 4
39 114 40
39 117 50
39 121 33
39 127 51
39 128 44
39 131 98
39 133 96
39 134 59
39 136 50
39 138 88
39 139 27
39 140 50
39 142 47
39 143 10
39 145 32
39 146 70
39 150 49
40 44 89
40 45 45
40 51 9
40 52 22
40 54 16
40 56 8
40 59 64
40 61 29
40 62 89
40 63 84
40 64 5
40 67 99
40 68 16
40 69 14
40 72 62
40 73 26
40 74 35
40 75 15
40 79 50
40 82 96
40 86 6
40 89 45
40 93 21
40 95 6
40 96 85
40 97 25
40 110 70
40 111 70
40 113 64
40 114 52
40 115 100
40 116 60
40 118 86
40 121 49
40 122 55
40 123 18
40 124 4
40 128 94
40 129 26
40 132 33
40 136 96
40 141 4
40 144 79
40 147 3
41 45 32
41 46 22
41 47 36
41 48 76
41 51 35
41 52 77
41 56 98
41 57 63
41 58 56
41 59 40
41 60 39
41 63 39
41 64 98
41 65 73
41 75 23
41 76 85
41 80 31
41 82 34
41 85 41
41 86 78
41 87 25
41 88 59
41 89 42
41 91 34
41 94 19
41 97 89
41 104 89
41 112 74
41 115 60
41 116 63
41 117 75
41 122 33
41 124 80
41 125 82
41 126 56
41 127 67
41 128 68
41 129 54
41 130 83
41 131 5
41 132 21
41 133 86
41 134 76
41 135 84
41 137 67
41 138 46
41 141 50
41 143 80
41 144 82
41 145 54
41 149 6
41 150 59
42 44 5
42 46 42
42 47 53
42 53 78
42 56 98
42 57 67
42 58 84
42 59 18
42 60 46
42 64 32
42 66 61
42 68 71
42 69 75
42 70 65
42 72 71
42 79 78
42 81 24
42 83 42
42 84 91
42 85 53
42 86 1
42 87 36
42 89 80
42 91 17
42 92 56
42 99 78
42 103 5
42 104 8
42 106 6
42 114 1
42 115 31
42 121 96
42 122 49
42 125 56
42 126 30
42 128 97
42 131 50
42 133 80
42 135 96
42 136 17
42 138 54
42 140 3
42 141 14
42 144 6
42 145 53
42 149 57
42 150 54
43 46 82
43 49 7
43 52 9
43 53 100
43 54 94
43 58 60
43 62 78
43 63 11
43 66 24
43 69 67
43 72 5
43 76 41
43 77 21
43 78 55
43 81 90
43 83 22
43 87 7
43 91 55
43 92 7
43 93 51
43 95 34
43 96 57
43 97 34
43 100 30
43 101 16
43 104 38
43 105 50
43 108 35
43 109 51
43 110 8
43 115 25
43 118 5
43 119 68
43 120 87
43 121 68
43 124 98
43 125 12
43 129 33
43 130 61
43 132 39
43 137 93
43 142 17
43 144 73
43 145 82
43 147 93
43 148 72
43 149 76
43 150 22
44 46 95
44 47 11
44 50 46
44 52 20
44 53 85
44 54 92
44 57 32
44 58 79
44 59 100
44 61 63
44 63 15
44 64 71
44 68 44
44 70 100
44 74 5
44 83 56
44 84 51
44 85 30
44 86 96
44 88 27
44 90 2
44 92 24
44 96 73
44 97 68
44 100 26
44 104 7
44 106 32
44 108 47
44 109 1
44 115 92
44 121 37
44 124 89
44 134 100
44 136 88
44 137 90
44 138 58
44 139 92
44 142 57
44 146 61
44 149 59
45 46 24
45 47 88
45 48 36
45 49 75
45 51 48
45 52 41
45 56 17
45 58 33
45 59 46
45 60 1
45 62 85
45 65 6
45 68 81
45 70 3
45 73 32
45 74 49
45 78 83
45 79 33
45 80 33
45 81 47
45 85 60
45 90 15
45 94 16
45 96 68
45 97 84
45 108 7
45 109 96
45 116 28
45 117 97
45 118 36
45 123 36
45 124 90
45 128 7
45 130 3
45 132 84
45 133 39
45 135 12
45 136 37
45 142 74
45 147 98
45 150 39
46 50 97
46 52 85
46 54 73
46 55 51
46 62 51
46 66 46
46 68 35
46 70 93
46 79 6
46 80 63
46 81 78
46 82 10
46 84 74
46 86 90
46 87 40
46 94 63
46 95 46
46 99 40
46 101 32
46 104 87
46 105 99
46 107 78
46 114 44
46 117 18
46 118 81
46 120 46
46 121 92
46 123 29
46 125 86
46 126 94
46 127 10
46 128 45
46 130 51
46 131 86
46 132 6
46 133 64
46 135 93
46 136 59
46 140 82
46 145 93
46 146 51
46 148 90
46 150 81
47 48 20
47 50 87
47 51 54
47 52 93
47 55 8
47 56 50
47 59 56
47 65 1
47 66 42
47 70 44
47 72 85
47 73 63
47 74 97
47 76 22
47 79 94
47 80 19
47 81 68
47 82 93
47 85 12
47 89 46
47 93 33
47 94 95
47 97 24
47 101 68
47 102 32
47 106 13
47 107 97
47 108 48
47 112 53
47 114 7
47 115 25
47 116 56
47 124 87
47 127 59
47 128 86
47 129 90
47 131 32
47 133 26
47 134 26
47 136 47
47 142 18
47 143 66
47 144 27
47 147 88
48 49 1
48 52 24
48 53 87
48 54 91
48 56 62
48 58 34
48 59 45
48 62 87
48 67 47
48 69 41
48 70 14
48 74 36
48 76 28
48 78 30
48 82 40
48 83 95
48 85 60
48 94 47
48 96 56
48 97 73
48 100 73
48 101 12
48 102 2
48 103 24
48 108 100
48 109 13
48 112 5
48 114 74
48 116 94
48 123 70
48 125 40
48 128 25
48 133 41
48 135 37
48 137 54
48 139 1
48 140 54
48 143 1
48 145 37
48 146 57
48 148 30
49 50 48
49 51 6
49 54 45
49 58 65
49 59 19
49 62 27
49 63 60
49 65 60
49 66 28
49 67 5
49 68 19
49 73 79
49 74 98
49 78 97
49 83 91
49 85 76
49 86 88
49 87 40
49 93 65
49 95 23
49 98 71
49 102 35
49 106 68
49 108 7
49 110 40
49 114 66
49 115 19
49 117 30
49 125 87
49 129 32
49 131 74
49 136 93
49 138 26
49 139 68
49 140 55
49 142 54
49 144 58
49 146 59
49 150 71
50 51 77
50 52 79
50 54 6
50 57 51
50 58 50
50 63 51
50 64 53
50 66 56
50 67 6
50 69 100
50 75 90
50 76 70
50 77 88
50 79 74
50 80 34
50 82 17
50 85 45
50 89 9
50 92 8
50 94 28
50 95 54
50 97 76
50 100 29
50 102 56
50 106 72
50 108 56
50 109 79
50 111 70
50 114 66
50 116 99
50 118 73
50 119 49
50 123 77
50 127 4
50 128 76
50 130 12
50 131 87
50 132 42
50 134 59
50 137 98
50 140 87
50 143 70
50 146 95
50 148 64
50 150 27
51 55 9
51 56 15
51 59 47
51 60 10
51 62 72
51 63 10
51 65 92
51 67 77
51 69 68
51 71 61
51 74 18
51 75 26
51 77 95
51 78 37
51 83 69
51 90 75
51 92 9
51 94 51
51 96 93
51 101 32
51 102 47
51 103 42
51 105 64
51 106 39
51 109 8
51 113 40
51 117 82
51 120 31
51 121 25
51 125 59
51 126 100
51 127 64
51 138 1
51 141 85
51 143 72
51 144 21
51 147 39
51 149 52
51 150 9
52 53 21
52 56 90
52 63 84
52 69 18
52 70 69
52 71 63
52 73 69
52 74 86
52 76 94
52 79 56
52 81 56
52 83 14
52 85 28
52 88 32
52 89 84
52 91 23
52 92 65
52 93 98
52 94 19
52 100 96
52 104 41
52 108 73
52 109 20
52 116 42
52 120 13
52 121 95
52 122 64
52 125 88
52 133 52
52 135 47
52 136 31
52 138 4
52 139 42
52 148 5
52 149 11
53 54 70
53 58 11
53 59 24
53 64 30
53 66 41
53 71 91
53 72 98
53 76 94
53 78 40
53 87 93
53 88 88
53 89 28
53 94 92
53 95 88
53 96 12
53 97 46
53 101 57
53 102 18
53 103 31
53 104 50
53 111 19
53 118 32
53 119 68
53 120 68
53 124 52
53 127 72
53 128 93
53 130 63
53 131 50
53 134 71
53 137 21
53 139 88
53 140 44
53 144 65
53 146 88
53 148 47
54 57 12
54 61 98
54 63 28
54 64 6
54 65 58
54 67 59
54 68 11
54 75 82
54 81 79
54 83 77
54 85 1
54 88 13
54 94 29
54 98 84
54 99 52
54 100 95
54 101 46
54 104 26
54 105 35
54 108 75
54 110 22
54 113 1
54 114 36
54 117 13
54 122 29
54 124 72
54 125 22
54 126 48
54 131 66
54 132 72
54 134 85
54 137 66
54 138 38
54 139 43
54 141 100
54 143 17
54 147 56
55 56 76
55 57 41
55 60 9
55 63 87
55 67 34
55 68 6
55 69 21
55 71 68
55 73 90
55 77 38
55 78 58
55 79 44
55 80 100
55 81 99
55 82 9
55 85 4
55 87 61
55 90 95
55 95 21
55 97 82
55 98 67
55 99 84
55 100 4
55 103 16
55 106 94
55 110 28
55 111 49
55 115 35
55 116 86
55 119 67
55 121 58
55 122 12
55 124 89
55 125 55
55 126 60
55 132 75
55 136 11
55 139 55
55 140 63
55 141 40
55 143 64
55 145 44
55 147 9
55 148 78
55 149 31
56 61 54
56 62 68
56 63 38
56 66 86
56 67 31
56 69 77
56 73 28
56 74 69
56 76 47
56 77 90
56 78 45
56 83 72
56 84 8
56 85 33
56 92 40
56 93 10
56 95 76
56 97 25
56 98 35
56 99 54
56 106 36
56 107 78
56 110 62
56 112 43
56 113 96
56 115 83
56 123 36
56 127 15
56 129 97
56 130 69
56 134 37
56 135 44
56 138 76
56 139 44
56 140 52
56 142 61
56 145 3
56 146 15
56 147 24
56 148 18
56 149 84
57 61 72
57 63 34
57 65 98
57 67 57
57 69 68
57 71 89
57 72 68
57 73 3
57 80 82
57 82 12
57 83 13
57 84 98
57 86 14
57 87 82
57 89 49
57 91 50
57 107 68
57 108 100
57 109 16
57 110 36
57 111 95
57 118 22
57 120 39
57 121 54
57 122 27
57 125 2
57 127 4
57 129 9
57 131 46
57 137 58
57 138 10
57 147 63
57 149 46
57 150 67
58 61 85
58 62 81
58 64 75
58 68 80
58 69 14
58 70 86
58 71 19
58 73 89
58 75 93
58 77 14
58 79 93
58 83 13
58 87 24
58 89 41
58 91 87
58 93 98
58 95 18
58 96 49
58 97 95
58 98 50
58 100 88
58 101 16
58 103 21
58 107 86
58 113 17
58 115 18
58 117 82
58 118 98
58 123 64
58 127 18
58 131 29
58 132 47
58 134 6
58 142 68
58 144 89
58 146 52
58 147 3
58 150 71
59 64 95
59 68 47
59 70 15
59 71 5
59 74 23
59 76 44
59 78 70
59 80 65
59 81 70
59 82 47
59 83 41
59 88 88
59 89 97
59 91 30
59 92 50
59 93 60
59 97 12
59 98 86
59 99 65
59 101 95
59 103 47
59 104 89
59 105 35
59 106 3
59 112 2
59 116 81
59 118 37
59 119 21
59 120 33
59 125 22
59 127 33
59 130 76
59 131 85
59 133 89
59 134 7
59 136 54
59 137 31
59 138 61
59 140 57
59 142 92
59 143 52
59 147 21
59 149 87
59 150 29
60 61 78
60 64 90
60 66 12
60 67 48
60 68 15
60 70 44
60 71 10
60 72 2
60 73 95
60 74 19
60 76 34
60 78 72
60 83 94
60 85 22
60 87 61
60 90 20
60 91 69
60 95 61
60 96 76
60 97 78
60 98 29
60 106 11
60 110 53
60 111 20
60 118 17
60 120 37
60 121 36
60 124 72
60 127 15
60 128 34
60 133 44
60 134 95
60 136 83
60 137 93
60 142 65
60 144 17
60 146 8
60 147 51
60 149 18
60 150 6
61 63 3
61 64 31
61 65 33
61 70 92
61 71 46
61 75 43
61 79 8
61 84 40
61 86 44
61 87 23
61 92 46
61 95 68
61 98 85
61 101 92
61 102 12
61 103 86
61 104 81
61 105 100
61 106 19
61 107 38
61 108 28
61 110 26
61 114 5
61 119 63
61 125 68
61 127 73
61 128 79
61 129 64
61 130 5
61 132 37
61 135 44
61 137 33
61 138 97
61 140 68
61 143 83
61 144 7
61 147 56
62 65 82
62 66 58
62 68 55
62 69 70
62 73 76
62 74 43
62 78 26
62 82 58
62 88 4
62 91 93
62 96 39
62 97 69
62 102 18
62 105 93
62 106 74
62 112 55
62 114 62
62 115 4
62 116 60
62 118 30
62 119 89
62 126 26
62 127 50
62 128 20
62 129 50
62 131 82
62 132 95
62 136 92
62 137 8
62 138 19
62 139 76
62 140 16
62 142 31
62 143 92
62 146 43
62 147 67
63 65 42
63 66 60
63 67 34
63 74 82
63 77 16
63 83 88
63 85 52
63 86 93
63 90 15
63 91 67
63 92 19
63 95 19
63 97 36
63 99 30
63 105 99
63 106 82
63 107 74
63 108 55
63 109 34
63 110 72
63 113 17
63 114 44
63 115 53
63 116 79
63 117 60
63 119 26
63 121 4
63 125 14
63 126 9
63 129 44
63 132 3
63 133 39
63 136 80
63 139 71
63 146 41
63 148 21
63 149 79
64 65 13
64 67 90
64 71 44
64 75 9
64 78 63
64 80 80
64 83 3
64 84 22
64 87 95
64 88 44
64 91 14
64 92 84
64 93 21
64 94 37
64 95 66
64 96 73
64 97 68
64 98 17
64 101 80
64 103 44
64 105 87
64 106 9
64 107 60
64 108 57
64 109 70
64 111 16
64 113 78
64 116 94
64 117 7
64 118 2
64 119 73
64 122 44
64 125 63
64 126 17
64 127 53
64 128 71
64 129 23
64 130 2
64 131 47
64 132 65
64 133 56
64 134 100
64 135 92
64 139 71
64 140 11
64 142 85
64 143 2
64 145 47
64 146 71
65 67 17
65 69 23
65 71 29
65 72 69
65 73 98
65 77 55
65 78 36
65 80 30
65 81 17
65 83 67
65 85 67
65 88 65
65 89 87
65 90 57
65 92 57
65 94 5
65 95 61
65 96 47
65 97 29
65 103 27
65 104 77
65 107 30
65 109 60
65 116 22
65 117 16
65 118 88
65 119 62
65 120 93
65 124 52
65 129 38
65 131 74
65 141 90
65 142 31
65 145 63
66 69 90
66 71 4
66 74 58
66 75 63
66 81 30
66 82 82
66 83 74
66 85 67
66 90 96
66 91 76
66 97 68
66 99 1
66 104 51
66 105 86
66 106 52
66 110 7
66 111 24
66 114 89
66 115 75
66 116 89
66 120 83
66 128 5
66 130 2
66 132 75
66 139 32
66 145 52
66 148 61
66 149 8
67 68 48
67 70 64
67 71 30
67 73 84
67 76 37
67 77 86
67 79 88
67 80 76
67 83 76
67 84 21
67 92 76
67 94 19
67 95 83
67 99 99
67 100 96
67 102 73
67 104 7
67 106 99
67 110 6
67 112 66
67 113 14
67 114 28
67 115 3
67 116 62
67 117 32
67 118 64
67 124 30
67 132 12
67 133 38
67 134 92
67 137 13
67 140 23
67 141 15
67 142 59
67 143 82
67 146 76
67 147 20
67 149 82
67 150 89
68 69 24
68 70 6
68 75 28
68 76 94
68 78 59
68 79 21
68 80 66
68 84 49
68 87 84
68 90 73
68 91 75
68 92 30
68 93 64
68 95 94
68 103 92
68 104 74
68 107 62
68 108 68
68 112 7
68 118 100
68 121 78
68 122 32
68 125 20
68 133 38
68 135 28
68 137 27
68 138 14
68 139 5
68 140 73
68 141 11
68 142 30
68 144 47
68 150 92
69 75 67
69 77 16
69 79 73
69 80 53
69 81 1
69 82 44
69 83 84
69 85 91
69 88 2
69 89 71
69 93 49
69 97 57
69 101 45
69 102 83
69 103 83
69 104 64
69 105 78
69 106 18
69 108 75
69 111 28
69 113 81
69 117 86
69 119 86
69 121 33
69 122 87
69 124 9
69 125 75
69 129 40
69 130 91
69 132 46
69 134 29
69 135 55
69 137 49
69 138 62
69 140 44
69 141 63
69 142 28
69 143 87
69 146 54
69 147 27
70 73 3
70 75 17
70 78 51
70 81 51
70 82 69
70 89 2
70 91 82
70 97 89
70 100 32
70 101 23
70 103 9
70 107 59
70 108 42
70 109 47
70 113 85
70 114 73
70 120 28
70 121 56
70 122 59
70 123 70
70 125 12
70 126 12
70 131 85
70 132 52
70 134 20
70 135 5
70 139 6
70 141 14
70 144 33
70 145 12
70 148 73
70 150 71
71 73 99
71 77 65
71 81 34
71 82 41
71 83 100
71 84 50
71 85 92
71 86 51
71 87 26
71 88 1
71 91 38
71 97 29
71 98 20
71 99 28
71 105 100
71 106 81
71 107 11
71 109 88
71 110 88
71 113 46
71 114 5
71 115 84
71 117 85
71 120 96
71 123 59
71 124 72
71 126 81
71 128 1
71 129 22
71 130 95
71 131 31
71 136 18
71 137 79
71 143 64
71 145 31
71 148 88
71 149 42
71 150 42
72 75 82
72 77 15
72 79 32
72 84 9
72 85 87
72 89 85
72 92 63
72 93 11
72 94 17
72 96 15
72 98 45
72 103 18
72 109 4
72 110 65
72 112 52
72 114 49
72 117 70
72 118 13
72 119 58
72 120 55
72 121 56
72 122 5
72 124 52
72 126 85
72 129 36
72 132 71
72 134 56
72 136 75
72 138 27
72 139 45
72 141 2
72 148 6
72 150 77
73 75 84
73 80 39
73 86 55
73 88 5
73 94 83
73 95 14
73 97 16
73 98 21
73 101 86
73 102 90
73 103 93
73 106 11
73 107 76
73 108 56
73 110 31
73 113 48
73 115 31
73 116 42
73 117 15
73 120 87
73 121 76
73 124 32
73 125 65
73 127 28
73 128 12
73 131 11
73 135 92
73 136 68
73 142 37
73 146 54
73 147 35
73 148 8
73 149 47
73 150 18
74 75 2
74 80 42
74 83 42
74 87 19
74 89 68
74 90 56
74 94 48
74 96 72
74 97 62
74 98 11
74 100 56
74 104 80
74 105 67
74 106 82
74 110 92
74 111 24
74 114 96
74 117 13
74 120 11
74 125 52
74 130 30
74 131 39
74 132 92
74 134 36
74 135 80
74 136 93
74 137 65
74 141 86
74 142 45
74 143 26
74 145 63
75 77 23
75 79 26
75 85 54
75 86 17
75 88 16
75 89 3
75 91 1
75 93 2
75 94 25
75 96 39
75 97 29
75 98 60
75 101 74
75 106 11
75 108 20
75 109 98
75 111 38
75 113 79
75 116 46
75 119 57
75 123 56
75 124 88
75 131 20
75 134 14
75 135 15
75 137 95
75 139 32
75 140 36
75 141 57
75 142 3
75 150 4
76 77 88
76 82 65
76 84 27
76 87 33
76 88 84
76 92 97
76 96 50
76 98 1
76 99 93
76 101 51
76 103 27
76 104 5
76 105 89
76 114 96
76 119 11
76 122 93
76 127 10
76 128 73
76 130 89
76 131 38
76 133 62
76 135 23
76 136 77
76 138 52
76 141 35
76 146 50
76 149 60
77 78 87
77 79 21
77 80 30
77 81 85
77 86 3
77 90 46
77 91 79
77 100 100
77 103 74
77 104 26
77 110 58
77 112 79
77 114 71
77 115 96
77 118 77
77 120 89
77 124 80
77 126 11
77 131 26
77 132 2
77 134 43
77 137 69
77 138 38
77 143 74
77 144 89
77 145 74
77 147 40
77 148 40
78 79 18
78 83 94
78 84 38
78 90 89
78 91 88
78 92 74
78 97 87
78 100 56
78 104 87
78 107 66
78 108 50
78 113 60
78 114 97
78 115 29
78 123 5
78 126 91
78 127 21
78 129 29
78 132 70
78 134 100
78 135 29
78 136 3
78 139 48
78 140 10
78 141 78
78 142 40
78 143 10
78 146 13
79 81 25
79 82 99
79 83 5
79 84 26
79 90 59
79 94 43
79 96 51
79 100 86
79 102 63
79 106 44
79 110 11
79 116 53
79 118 5
79 120 85
79 124 22
79 129 75
79 131 18
79 132 72
79 137 18
79 145 2
79 147 32
79 148 24
79 149 57
80 81 78
80 82 54
80 83 35
80 85 48
80 92 92
80 93 65
80 95 91
80 96 71
80 99 90
80 103 38
80 104 10
80 110 1
80 112 20
80 113 23
80 114 16
80 115 87
80 117 79
80 119 72
80 121 98
80 125 65
80 128 94
80 130 47
80 131 26
80 135 89
80 137 36
80 138 72
80 139 4
80 143 55
80 144 40
80 146 28
80 147 86
81 84 49
81 87 28
81 89 64
81 92 21
81 94 92
81 98 2
81 99 33
81 101 95
81 102 30
81 103 71
81 107 28
81 109 8
81 110 53
81 111 94
81 113 42
81 116 99
81 122 5
81 123 67
81 125 15
81 126 66
81 129 20
81 131 47
81 132 22
81 133 83
81 137 96
81 138 24
81 140 37
81 142 32
81 143 68
81 145 91
81 149 60
82 84 8
82 89 5
82 94 27
82 95 88
82 99 83
82 101 61
82 104 68
82 107 87
82 109 75
82 113 8
82 114 99
82 118 39
82 119 5
82 121 25
82 122 2
82 123 8
82 124 75
82 129 29
82 130 13
82 131 56
82 134 14
82 137 35
82 139 28
82 144 8
82 145 33
82 146 44
82 149 41
83 86 60
83 87 49
83 89 14
83 95 82
83 99 65
83 100 4
83 106 77
83 107 47
83 110 66
83 111 77
83 112 98
83 114 90
83 115 74
83 116 16
83 121 91
83 125 92
83 126 15
83 128 62
83 130 6
83 131 8
83 133 78
83 136 67
83 138 8
83 139 49
83 140 30
83 143 43
83 145 75
83 149 12
84 85 29
84 87 85
84 89 86
84 90 51
84 97 93
84 99 45
84 100 13
84 101 93
84 108 35
84 114 44
84 115 15
84 116 20
84 120 37
84 122 5
84 126 4
84 127 1
84 128 78
84 130 19
84 136 72
84 139 65
84 141 26
84 142 47
85 87 28
85 92 80
85 93 46
85 94 20
85 100 27
85 103 33
85 107 16
85 112 46
85 114 97
85 116 16
85 117 3
85 118 67
85 121 78
85 124 81
85 126 36
85 127 39
85 129 93
85 132 19
85 133 63
85 135 38
85 136 61
85 137 54
85 140 77
85 141 55
85 145 60
85 146 41
85 149 81
86 88 43
86 90 71
86 92 52
86 93 75
86 94 59
86 97 45
86 98 77
86 106 31
86 107 26
86 111 49
86 113 42
86 114 13
86 117 51
86 118 40
86 120 82
86 126 17
86 128 88
86 129 41
86 130 90
86 132 37
86 134 37
86 136 58
86 137 66
86 140 65
86 143 28
86 144 79
86 145 3
86 147 40
86 148 29
86 149 72
87 92 8
87 93 40
87 94 6
87 95 76
87 98 18
87 99 55
87 100 28
87 101 54
87 102 84
87 107 34
87 108 29
87 113 11
87 114 72
87 117 5
87 118 86
87 121 46
87 127 29
87 129 49
87 130 44
87 131 9
87 132 85
87 143 66
87 147 84
87 149 71
88 92 33
88 94 8
88 97 37
88 98 21
88 103 66
88 111 75
88 113 12
88 115 91
88 117 48
88 119 69
88 122 34
88 126 43
88 127 54
88 128 84
88 131 1
88 134 40
88 135 96
88 139 31
88 142 53
88 148 1
88 149 90
88 150 14
89 95 61
89 96 49
89 98 44
89 100 72
89 103 63
89 105 73
89 109 88
89 116 37
89 117 72
89 118 59
89 122 100
89 123 14
89 124 87
89 126 68
89 131 41
89 132 18
89 135 10
89 138 35
89 139 41
89 140 44
89 141 55
89 146 60
89 149 93
90 93 28
90 96 7
90 100 58
90 101 46
90 102 39
90 110 10
90 113 59
90 115 14
90 116 25
90 117 11
90 118 99
90 124 92
90 127 19
90 128 67
90 129 16
90 131 22
90 132 71
90 135 30
90 136 63
90 138 95
90 139 55
90 144 91
90 145 24
91 93 49
91 95 54
91 97 68
91 100 74
91 102 68
91 104 56
91 108 98
91 110 24
91 111 87
91 113 96
91 114 53
91 118 10
91 124 32
91 125 36
91 129 53
91 131 76
91 134 75
91 138 38
91 142 71
91 148 39
91 149 8
92 95 54
92 101 60
92 105 81
92 106 64
92 107 50
92 108 64
92 110 91
92 111 58
92 112 39
92 115 18
92 116 55
92 119 28
92 120 26
92 121 99
92 122 84
92 125 69
92 127 81
92 129 55
92 130 57
92 134 11
92 135 78
92 137 36
92 146 90
92 147 66
92 148 81
92 150 94
93 95 8
93 98 34
93 99 73
93 101 13
93 102 47
93 106 88
93 107 11
93 108 17
93 109 31
93 113 64
93 115 48
93 117 5
93 120 44
93 121 43
93 124 92
93 127 2
93 128 4
93 129 46
93 130 9
93 131 8
93 133 97
93 136 83
93 138 46
93 140 38
93 142 16
93 145 86
94 100 21
94 105 1
94 106 87
94 111 95
94 114 45
94 115 47
94 116 91
94 117 53
94 118 52
94 119 76
94 121 10
94 122 56
94 123 53
94 124 87
94 127 15
94 128 77
94 131 62
94 134 35
94 135 37
94 137 91
94 141 52
94 143 42
94 146 84
94 148 56
95 97 95
95 101 35
95 102 23
95 103 97
95 104 84
95 105 40
95 107 97
95 110 18
95 112 15
95 113 44
95 114 25
95 116 59
95 120 48
95 121 41
95 123 94
95 126 60
95 131 12
95 132 35
95 136 47
95 139 40
95 141 11
95 150 13
96 98 54
96 99 91
96 100 9
96 104 50
96 105 11
96 106 75
96 109 37
96 112 78
96 116 14
96 120 10
96 124 23
96 125 18
96 126 90
96 128 8
96 130 82
96 131 65
96 132 81
96 139 75
96 140 93
96 142 63
96 143 65
96 145 64
96 150 74
97 98 92
97 99 16
97 101 57
97 104 49
97 106 51
97 107 52
97 109 18
97 110 11
97 116 48
97 117 50
97 120 58
97 121 35
97 124 32
97 127 58
97 130 59
97 133 18
97 134 58
97 137 79
97 139 1
97 140 6
97 142 54
97 145 44
97 147 57
97 149 38
98 106 61
98 110 92
98 111 84
98 115 52
98 117 84
98 118 9
98 119 92
98 120 55
98 125 18
98 126 7
98 128 18
98 129 54
98 131 83
98 133 10
98 135 77
98 141 47
98 144 30
98 146 79
98 147 41
98 148 44
99 100 100
99 103 26
99 105 87
99 106 36
99 107 38
99 110 64
99 115 97
99 116 92
99 121 96
99 122 58
99 126 18
99 129 35
99 131 1
99 132 100
99 140 95
99 142 56
99 145 59
99 149 48
100 103 97
100 105 20
100 111 49
100 114 18
100 118 24
100 120 42
100 121 73
100 122 37
100 123 29
100 124 30
100 126 87
100 131 30
100 132 85
100 134 5
100 135 64
100 136 3
100 138 76
100 140 22
100 141 93
100 142 32
100 143 76
100 144 96
100 145 73
100 146 10
101 103 83
101 105 52
101 109 75
101 110 38
101 112 18
101 114 56
101 115 51
101 117 45
101 118 95
101 121 21
101 125 44
101 127 58
101 128 75
101 129 16
101 135 48
101 138 23
101 139 49
101 140 83
101 144 54
101 145 5
102 106 94
102 108 60
102 111 6
102 114 14
102 115 36
102 120 68
102 123 74
102 124 50
102 125 87
102 127 43
102 131 92
102 132 51
102 133 67
102 134 72
102 136 13
102 137 80
102 138 8
102 139 86
102 140 100
102 145 84
102 149 7
103 105 46
103 110 47
103 111 22
103 113 10
103 114 89
103 115 58
103 116 6
103 119 41
103 121 17
103 124 95
103 126 1
103 128 78
103 132 25
103 133 91
103 140 86
103 145 16
103 147 67
104 105 51
104 108 46
104 110 11
104 114 36
104 115 57
104 126 29
104 127 71
104 130 72
104 133 16
104 140 85
104 144 55
104 145 53
104 146 13
104 148 5
104 149 70
104 150 30
105 107 21
105 108 88
105 109 62
105 110 3
105 113 66
105 114 43
105 118 83
105 122 94
105 129 77
105 132 92
105 134 50
105 136 23
105 137 43
105 140 82
105 141 55
105 143 39
105 144 94
105 148 40
105 149 5
106 107 85
106 109 71
106 111 5
106 114 15
106 118 99
106 120 12
106 121 80
106 124 70
106 126 12
106 129 82
106 130 60
106 131 59
106 132 93
106 133 15
106 135 22
106 136 94
106 137 51
106 139 43
106 140 29
106 141 100
106 142 27
106 143 80
106 144 23
106 147 87
107 111 35
107 119 29
107 121 78
107 122 59
107 126 56
107 127 84
107 128 23
107 132 87
107 135 83
107 136 90
107 137 16
107 140 42
107 142 100
107 143 5
107 145 81
107 147 43
107 149 72
108 110 5
108 112 73
108 113 30
108 115 89
108 121 86
108 122 49
108 123 85
108 125 88
108 127 59
108 129 85
108 130 38
108 133 38
108 134 8
108 136 48
108 138 25
108 144 98
108 145 19
108 146 21
108 149 5
109 112 34
109 114 2
109 116 19
109 117 93
109 118 17
109 120 58
109 121 91
109 122 74
109 129 36
109 131 69
109 133 40
109 134 30
109 136 62
109 139 77
109 142 39
109 144 75
109 146 3
109 148 40
109 149 42
110 111 35
110 112 17
110 114 62
110 117 14
110 129 26
110 136 28
110 137 13
110 138 52
110 139 8
110 143 7
110 144 95
110 145 77
110 146 75
110 147 70
110 148 55
111 115 9
111 117 96
111 123 11
111 126 14
111 127 81
111 128 93
111 129 83
111 133 23
111 134 37
111 138 34
111 139 89
111 140 69
111 142 49
111 143 59
111 144 18
111 146 2
111 147 99
111 149 18
111 150 88
112 114 10
112 117 95
112 118 28
112 123 50
112 126 56
112 129 11
112 132 50
112 134 57
112 139 45
112 142 34
112 144 94
112 146 72
112 148 87
112 150 32
113 114 47
113 117 25
113 118 82
113 119 37
113 122 100
113 125 71
113 127 2
113 128 42
113 135 4
113 144 24
113 145 79
113 146 23
113 147 82
113 149 71
113 150 75
114 115 83
114 118 33
114 120 70
114 121 65
114 122 24
114 126 4
114 127 48
114 128 12
114 129 43
114 131 59
114 133 97
114 137 7
114 139 47
114 142 77
114 145 21
114 147 14
115 116 33
115 117 50
115 119 20
115 123 80
115 125 64
115 130 10
115 131 53
115 133 40
115 134 14
115 141 37
115 142 51
116 117 11
116 118 6
116 119 3
116 121 38
116 125 21
116 131 83
116 133 28
116 135 7
116 136 78
116 137 69
116 138 93
116 145 10
116 150 34
117 118 15
117 122 50
117 123 15
117 128 65
117 129 45
117 130 12
117 133 1
117 134 1
117 136 90
117 142 18
117 143 89
117 147 70
117 148 8
117 150 63
118 119 27
118 122 97
118 123 7
118 124 95
118 126 84
118 128 90
118 130 40
118 132 87
118 133 71
118 134 99
118 135 43
118 137 2
118 138 89
118 145 91
118 149 80
118 150 1
119 120 48
119 124 73
119 125 65
119 126 5
119 127 24
119 128 59
119 134 31
119 138 73
119 140 25
119 141 48
119 146 12
119 147 31
119 148 25
120 128 61
120 134 72
120 135 92
120 138 98
120 139 73
120 140 78
120 141 17
120 143 93
120 145 66
120 147 55
121 123 91
121 124 80
121 125 94
121 130 87
121 133 33
121 135 50
121 137 27
121 139 87
121 144 54
122 123 40
122 126 65
122 136 84
122 137 85
122 139 19
122 140 42
122 143 76
122 150 19
123 125 70
123 131 65
123 133 14
123 138 60
123 140 23
123 144 73
123 147 95
123 149 82
124 126 4
124 130 52
124 131 84
124 133 82
124 134 3
124 135 68
124 138 42
124 139 91
124 140 73
124 141 51
124 143 50
124 144 62
124 145 33
124 146 62
124 150 74
125 128 36
125 131 100
125 134 39
125 137 10
125 147 30
126 129 82
126 131 2
126 132 2
126 139 11
126 142 69
126 143 95
126 144 45
127 130 83
127 131 21
127 133 21
127 135 47
127 136 73
127 137 1
127 140 78
127 141 5
127 142 23
127 144 72
127 145 5
128 135 48
128 143 61
128 146 59
128 149 93
129 132 65
129 133 62
129 135 81
129 141 2
129 143 97
129 147 100
129 148 87
129 149 74
129 150 91
130 131 44
130 135 58
130 136 7
130 138 15
130 143 73
130 146 74
130 150 46
131 132 17
131 136 34
131 140 59
131 142 17
131 143 83
131 147 34
131 148 3
131 149 15
132 134 88
132 139 100
132 143 8
132 144 38
132 146 35
132 148 31
132 149 53
132 150 97
133 140 13
133 141 13
133 142 35
133 146 48
133 147 85
133 148 47
134 135 53
134 139 2
134 140 19
134 143 100
134 147 10
134 148 68
134 150 18
135 136 74
135 138 5
135 139 66
135 143 52
135 147 48
136 138 3
136 141 91
136 142 33
136 143 62
136 147 30
137 138 84
137 140 47
137 141 62
137 143 53
137 144 59
138 140 82
138 142 54
138 143 58
138 144 6
138 149 43
138 150 79
139 144 8
139 147 71
139 148 17
139 149 5
140 141 44
140 142 73
140 148 51
140 149 70
141 143 74
141 150 35
142 144 93
142 148 41
142 150 51
143 144 18
143 145 74
143 148 86
143 150 70
144 146 88
144 147 42
144 148 58
144 149 49
144 150 53
145 146 58
145 147 50
145 149 20
146 148 64
148 149 56
149 150 62
1 3 3
1 5 37
1 9 94
1 14 35
1 16 1
1 17 69
1 18 13
1 22 56
1 24 60
1 26 30
1 28 86
1 29 32
1 30 70
1 35 43
1 36 28
1 37 86
1 41 3
1 42 99
1 46 69
1 47 32
1 50 82
1 51 23
1 52 87
1 53 1
1 54 26
1 55 7
1 57 78
1 59 7
1 63 40
1 64 49
1 66 25
1 67 74
1 68 21
1 72 9
1 74 33
1 75 69
1 77 27
1 80 30
1 85 56
1 95 32
1 99 51
1 101 32
1 102 59
1 104 66
1 108 65
1 109 64
1 110 71
1 112 87
1 118 75
1 121 34
1 124 56
1 125 71
1 126 92
1 127 1
1 128 10
1 129 81
1 130 1
1 131 82
1 132 6
1 133 63
1 138 8
1 144 17
1 149 11
1 150 79
2 8 72
2 9 45
2 12 46
2 13 47
2 14 55
2 15 46
2 18 4
2 19 31
2 21 55
2 25 22
2 27 12
2 29 83
2 30 60
2 32 6
2 39 69
2 43 56
2 45 22
2 49 30
2 51 97
2 53 8
2 55 92
2 56 92
2 58 39
2 59 36
2 61 74
2 67 4
2 68 98
2 69 97
2 70 72
2 71 82
2 72 33
2 79 7
2 80 2
2 83 46
2 90 98
2 91 2
2 97 88
2 100 86
2 101 17
2 104 99
2 109 20
2 113 83
2 114 47
2 115 60
2 117 88
2 118 2
2 120 9
2 122 22
2 125 6
2 127 45
2 131 53
2 139 79
2 140 32
2 142 35
2 148 41
2 150 74
3 6 6
3 10 62
3 11 47
3 14 89
3 15 56
3 18 4
3 22 64
3 27 37
3 30 90
3 35 76
3 36 6
3 39 58
3 41 32
3 43 90
3 44 36
3 45 42
3 46 12
3 55 75
3 56 75
3 58 33
3 59 79
3 60 55
3 62 99
3 65 71
3 66 16
3 69 23
3 76 11
3 79 79
3 82 22
3 84 10
3 85 82
3 86 95
3 87 35
3 89 85
3 90 21
3 99 88
3 100 64
3 103 79
3 104 18
3 109 21
3 113 54
3 115 53
3 116 60
3 117 63
3 120 59
3 122 75
3 124 27
3 128 21
3 132 32
3 135 19
3 137 52
3 138 44
3 140 7
3 147 70
3 148 31
3 150 75
4 6 24
4 7 52
4 12 16
4 13 11
4 14 48
4 15 12
4 16 75
4 18 85
4 22 47
4 24 89
4 27 33
4 29 46
4 31 3
4 34 8
4 36 66
4 37 92
4 38 53
4 39 49
4 44 4
4 46 41
4 48 15
4 51 79
4 52 62
4 53 60
4 54 21
4 57 43
4 58 22
4 59 95
4 61 65
4 68 44
4 70 35
4 71 49
4 79 63
4 81 62
4 84 52
4 87 12
4 90 63
4 92 43
4 94 62
4 99 97
4 101 88
4 103 83
4 104 22
4 107 43
4 108 19
4 109 49
4 111 36
4 115 98
4 117 29
4 119 72
4 122 28
4 124 41
4 125 90
4 126 22
4 133 99
4 134 77
4 135 54
4 138 28
4 141 36
4 144 92
4 146 77
4 147 37
5 7 92
5 8 16
5 10 36
5 12 76
5 15 70
5 16 15
5 22 40
5 23 65
5 24 15
5 27 47
5 29 81
5 33 24
5 34 26
5 38 67
5 39 1
5 40 14
5 45 61
5 48 1
5 56 69
5 57 9
5 59 17
5 60 57
5 61 38
5 62 12
5 63 15
5 64 15
5 66 18
5 68 33
5 72 44
5 74 88
5 76 89
5 84 35
5 85 7
5 88 76
5 90 49
5 96 18
5 99 30
5 101 18
5 104 100
5 105 27
5 108 76
5 109 48
5 110 68
5 115 29
5 117 18
5 118 25
5 124 13
5 125 97
5 126 79
5 127 97
5 144 38
5 146 82
5 148 19
6 9 4
6 11 66
6 13 92
6 16 85
6 20 65
6 21 98
6 23 82
6 24 72
6 29 78
6 30 71
6 35 63
6 43 99
6 46 58
6 50 39
6 52 46
6 54 4
6 57 49
6 58 91
6 62 38
6 68 54
6 69 75
6 70 81
6 72 70
6 75 51
6 79 82
6 86 45
6 87 1
6 89 53
6 91 12
6 92 37
6 94 6
6 95 8
6 101 61
6 108 98
6 109 5
6 112 14
6 113 71
6 114 73
6 117 71
6 118 71
6 119 61
6 122 10
6 123 52
6 127 83
6 137 15
6 138 55
6 139 40
6 141 1
6 142 1
6 148 35
6 149 50
6 150 63
7 9 43
7 13 9
7 15 83
7 17 60
7 21 85
7 22 76
7 24 68
7 25 82
7 26 28
7 32 91
7 37 15
7 43 81
7 44 79
7 49 65
7 50 74
7 52 81
7 55 13
7 57 58
7 62 7
7 66 34
7 69 97
7 70 74
7 78 76
7 79 2
7 80 71
7 83 4
7 84 16
7 86 26
7 90 98
7 96 58
7 97 35
7 100 40
7 103 52
7 104 31
7 105 40
7 107 47
7 108 48
7 109 27
7 112 57
7 113 55
7 116 79
7 126 77
7 127 89
7 128 42
7 129 87
7 130 95
7 137 43
7 142 9
7 143 62
7 147 16
7 149 51
8 9 75
8 13 76
8 16 56
8 17 18
8 18 79
8 21 70
8 22 82
8 24 81
8 25 62
8 26 81
8 28 90
8 29 66
8 30 96
8 31 24
8 37 4
8 38 90
8 39 74
8 42 94
8 45 38
8 46 12
8 48 49
8 52 25
8 56 49
8 58 55
8 60 31
8 61 17
8 66 88
8 67 4
8 70 25
8 75 32
8 77 69
8 79 59
8 86 16
8 89 58
8 90 33
8 92 80
8 98 17
8 99 86
8 104 77
8 105 25
8 107 71
8 109 64
8 111 25
8 113 61
8 114 5
8 117 33
8 118 93
8 119 97
8 122 73
8 124 33
8 127 94
8 132 49
8 133 57
8 138 34
8 141 100
8 143 9
8 145 17
8 146 79
8 150 2
9 13 7
9 14 29
9 16 37
9 18 79
9 19 49
9 21 93
9 24 31
9 27 48
9 28 43
9 29 45
9 31 94
9 32 1
9 33 78
9 36 29
9 37 1
9 40 67
9 41 17
9 42 16
9 43 91
9 45 92
9 48 84
9 49 91
9 50 53
9 57 39
9 61 21
9 63 38
9 64 10
9 65 44
9 66 37
9 67 98
9 69 10
9 71 24
9 72 77
9 74 26
9 75 19
9 76 96
9 77 67
9 82 99
9 84 28
9 85 3
9 88 21
9 89 60
9 90 51
9 95 67
9 97 45
9 99 3
9 104 48
9 105 57
9 107 6
9 108 95
9 109 91
9 112 86
9 115 23
9 117 12
9 118 1
9 119 49
9 124 45
9 125 13
9 127 91
9 130 15
9 133 51
9 137 94
9 140 42
9 143 89
9 145 33
9 146 48
9 148 50
9 149 15
10 11 36
10 13 66
10 14 56
10 17 38
10 20 89
10 22 46
10 25 53
10 28 50
10 30 6
10 32 49
10 40 11
10 51 89
10 54 87
10 55 36
10 58 47
10 64 1
10 67 21
10 68 30
10 69 98
10 70 13
10 72 3
10 73 20
10 74 19
10 76 55
10 78 99
10 79 38
10 80 20
10 88 73
10 89 55
10 92 7
10 93 2
10 95 73
10 96 65
10 98 87
10 102 69
10 105 74
10 107 96
10 110 54
10 118 13
10 121 1
10 126 64
10 127 59
10 128 85
10 131 41
10 132 70
10 135 75
10 136 40
10 140 16
10 143 64
10 145 55
10 148 48
10 149 53
11 15 95
11 17 19
11 18 74
11 21 46
11 25 54
11 26 49
11 27 5
11 29 36
11 31 22
11 32 19
11 33 79
11 34 71
11 35 31
11 37 77
11 40 49
11 45 85
11 47 70
11 48 82
11 50 91
11 53 24
11 56 16
11 57 32
11 61 47
11 63 43
11 66 94
11 67 78
11 71 96
11 75 63
11 83 92
11 84 36
11 86 100
11 89 25
11 90 96
11 92 81
11 94 34
11 95 65
11 96 30
11 97 20
11 107 27
11 108 64
11 117 98
11 121 68
11 124 34
11 126 49
11 133 48
11 136 88
11 137 85
11 139 80
11 140 41
11 147 20
12 20 99
12 23 18
12 26 72
12 28 67
12 30 62
12 32 35
12 35 74
12 36 24
12 38 3
12 39 65
12 40 74
12 43 66
12 45 16
12 46 24
12 48 49
12 51 33
12 52 77
12 57 22
12 58 85
12 62 42
12 63 88
12 65 3
12 66 31
12 68 72
12 71 60
12 75 14
12 76 25
12 77 24
12 78 25
12 85 7
12 93 96
12 96 15
12 97 22
12 98 87
12 99 66
12 100 56
12 104 5
12 108 47
12 109 40
12 111 68
12 112 72
12 115 77
12 116 35
12 119 53
12 121 88
12 122 80
12 125 5
12 127 11
12 130 41
12 134 49
12 135 64
12 138 6
12 140 8
12 146 10
12 148 53
12 149 71
12 150 7
13 14 88
13 22 5
13 24 20
13 25 78
13 26 54
13 27 68
13 29 98
13 34 44
13 35 95
13 39 80
13 41 36
13 43 96
13 45 55
13 46 100
13 49 86
13 50 51
13 52 56
13 53 12
13 55 94
13 57 44
13 61 46
13 65 62
13 72 86
13 73 36
13 76 76
13 78 32
13 81 27
13 88 51
13 92 44
13 94 21
13 96 44
13 97 33
13 99 56
13 101 38
13 105 58
13 106 3
13 108 23
13 109 18
13 113 56
13 114 44
13 118 54
13 119 17
13 128 30
13 135 76
13 136 7
13 139 14
13 140 63
13 141 23
13 143 75
13 145 14
13 147 68
13 149 45
14 16 93
14 20 73
14 21 27
14 24 77
14 25 31
14 26 7
14 27 32
14 29 52
14 31 69
14 32 33
14 33 17
14 34 63
14 35 72
14 41 93
14 43 43
14 48 50
14 49 83
14 53 63
14 54 7
14 56 8
14 59 61
14 61 77
14 62 25
14 63 5
14 65 19
14 67 60
14 68 73
14 70 42
14 76 3
14 79 13
14 81 90
14 82 24
14 83 10
14 85 14
14 86 33
14 88 95
14 89 14
14 90 21
14 91 82
14 92 33
14 95 71
14 96 94
14 98 4
14 104 49
14 105 45
14 108 18
14 116 24
14 120 100
14 121 59
14 125 77
14 126 69
14 130 24
14 137 100
14 139 74
14 146 87
14 147 24
14 148 79
14 149 97
15 17 39
15 21 67
15 23 97
15 24 59
15 26 91
15 28 72
15 29 56
15 30 52
15 34 75
15 35 80
15 37 34
15 40 34
15 41 50
15 44 99
15 45 48
15 49 83
15 50 36
15 51 40
15 52 74
15 53 73
15 54 85
15 55 2
15 56 91
15 57 82
15 58 5
15 61 53
15 63 95
15 66 81
15 71 64
15 77 94
15 79 31
15 80 73
15 81 86
15 83 61
15 84 44
15 87 74
15 88 87
15 90 9
15 95 17
15 97 60
15 98 9
15 99 13
15 104 83
15 106 79
15 108 77
15 111 44
15 117 53
15 120 10
15 125 21
15 126 69
15 127 31
15 130 82
15 133 62
15 134 21
15 135 79
15 138 22
15 140 44
15 142 48
15 143 97
15 144 22
15 147 53
15 149 79
16 17 34
16 19 1
16 21 76
16 22 43
16 25 13
16 27 100
16 32 74
16 33 43
16 35 58
16 37 23
16 38 52
16 44 11
16 49 92
16 51 37
16 52 54
16 54 78
16 56 64
16 58 41
16 60 77
16 62 65
16 63 63
16 69 58
16 70 46
16 75 23
16 76 10
16 84 50
16 86 9
16 87 89
16 89 71
16 95 38
16 96 17
16 97 37
16 101 45
16 102 20
16 105 50
16 106 62
16 108 56
16 109 99
16 110 78
16 112 79
16 118 91
16 120 100
16 121 39
16 122 4
16 124 90
16 125 47
16 127 69
16 130 55
16 134 97
16 135 93
16 137 93
16 138 70
16 139 31
16 143 46
16 146 67
17 21 4
17 23 82
17 25 16
17 26 80
17 33 88
17 38 23
17 39 42
17 40 73
17 43 70
17 45 91
17 47 80
17 50 31
17 52 86
17 56 49
17 58 71
17 64 55
17 66 80
17 68 97
17 73 31
17 74 97
17 77 83
17 78 12
17 82 40
17 86 80
17 88 99
17 89 53
17 90 83
17 92 92
17 95 24
17 97 63
17 99 52
17 104 12
17 105 95
17 109 22
17 114 8
17 116 84
17 117 83
17 118 90
17 120 20
17 121 35
17 127 99
17 130 78
17 132 70
17 134 100
17 136 62
17 137 3
17 141 37
17 143 25
17 145 66
18 21 29
18 23 60
18 24 82
18 31 85
18 33 72
18 35 54
18 37 52
18 38 24
18 39 27
18 40 2
18 45 19
18 46 5
18 47 5
18 50 37
18 59 53
18 60 37
18 64 86
18 69 60
18 71 64
18 73 37
18 74 35
18 75 10
18 79 78
18 80 41
18 82 93
18 84 42
18 95 94
18 96 88
18 98 99
18 99 34
18 102 5
18 103 54
18 104 3
18 105 94
18 107 42
18 110 33
18 111 29
18 115 48
18 116 74
18 119 79
18 120 72
18 121 87
18 122 66
18 123 89
18 127 39
18 129 42
18 130 9
18 132 55
18 137 17
18 138 48
18 140 40
18 143 34
18 144 28
18 146 99
18 147 85
18 148 24
18 149 11
19 21 8
19 24 41
19 25 68
19 26 42
19 28 49
19 31 76
19 34 48
19 39 90
19 45 38
19 46 70
19 47 62
19 48 45
19 49 35
19 55 8
19 57 13
19 58 89
19 60 94
19 61 72
19 64 32
19 71 83
19 75 38
19 76 39
19 85 68
19 88 55
19 90 46
19 91 79
19 92 39
19 93 74
19 98 86
19 100 83
19 102 74
19 108 24
19 111 48
19 112 69
19 115 30
19 118 56
19 122 39
19 123 30
19 125 28
19 127 29
19 129 45
19 131 98
19 132 96
19 133 37
19 134 34
19 137 84
19 138 98
19 142 77
19 143 88
19 146 70
19 147 79
19 148 90
19 150 42
20 22 49
20 23 59
20 25 16
20 34 55
20 36 67
20 38 27
20 39 90
20 40 22
20 43 16
20 45 92
20 46 100
20 48 83
20 49 83
20 50 10
20 51 74
20 52 32
20 53 23
20 54 97
20 55 9
20 58 39
20 59 75
20 65 11
20 66 74
20 68 70
20 74 76
20 77 82
20 78 3
20 80 29
20 83 84
20 84 89
20 88 49
20 89 63
20 92 72
20 96 57
20 100 71
20 101 62
20 103 58
20 104 70
20 106 49
20 107 30
20 108 92
20 109 83
20 110 1
20 113 56
20 115 56
20 117 90
20 118 74
20 119 8
20 123 60
20 126 79
20 127 59
20 128 77
20 130 40
20 132 6
20 133 22
20 135 11
20 141 13
20 142 5
20 143 81
20 146 29
21 25 73
21 27 80
21 28 21
21 30 99
21 34 29
21 35 39
21 37 6
21 38 100
21 41 74
21 49 78
21 50 69
21 51 79
21 52 98
21 54 9
21 55 73
21 56 51
21 58 21
21 61 15
21 62 23
21 65 24
21 69 38
21 75 3
21 76 7
21 77 76
21 84 36
21 85 39
21 86 13
21 93 56
21 97 73
21 98 58
21 99 33
21 100 29
21 107 54
21 110 62
21 111 4
21 117 64
21 120 56
21 122 12
21 126 88
21 127 33
21 133 89
21 134 33
21 135 29
21 137 1
21 138 18
21 139 43
21 142 33
21 147 75
21 148 29
22 23 97
22 24 20
22 25 93
22 28 68
22 29 14
22 30 68
22 31 52
22 32 90
22 34 7
22 36 42
22 38 66
22 40 68
22 51 65
22 53 52
22 54 31
22 62 53
22 64 56
22 65 6
22 67 40
22 68 56
22 70 50
22 71 43
22 72 78
22 73 34
22 76 8
22 77 80
22 78 93
22 87 24
22 91 4
22 95 56
22 97 71
22 98 61
22 99 63
22 100 100
22 101 65
22 102 5
22 105 87
22 107 1
22 109 59
22 114 81
22 116 2
22 117 32
22 118 54
22 119 35
22 121 11
22 122 26
22 124 68
22 125 79
22 128 56
22 130 9
22 133 17
22 135 32
22 138 36
22 145 37
22 146 75
22 147 62
22 149 87
22 150 14
23 25 12
23 26 7
23 29 4
23 32 16
23 38 15
23 39 54
23 43 4
23 46 60
23 47 54
23 48 18
23 51 52
23 55 43
23 56 64
23 60 40
23 61 21
23 64 46
23 65 95
23 67 11
23 70 12
23 73 55
23 75 9
23 78 92
23 79 13
23 83 8
23 84 2
23 85 47
23 86 46
23 88 30
23 89 50
23 93 90
23 95 100
23 96 30
23 98 87
23 99 13
23 102 65
23 105 83
23 106 3
23 108 36
23 109 2
23 120 80
23 122 50
23 124 95
23 131 14
23 132 45
23 136 73
23 138 13
23 139 57
23 141 98
23 145 65
23 146 28
23 149 69
23 150 59
24 27 86
24 30 33
24 31 76
24 33 32
24 34 10
24 39 20
24 41 1
24 42 91
24 43 38
24 44 2
24 46 87
24 48 66
24 49 4
24 50 20
24 53 18
24 60 55
24 65 90
24 67 54
24 69 33
24 70 52
24 71 48
24 72 76
24 76 40
24 77 96
24 84 23
24 87 19
24 88 59
24 94 64
24 95 94
24 97 77
24 99 75
24 102 77
24 105 18
24 107 49
24 108 69
24 109 18
24 111 33
24 112 80
24 113 67
24 123 86
24 125 85
24 126 54
24 140 79
24 141 3
24 142 37
24 145 73
24 149 79
25 30 38
25 33 76
25 34 79
25 36 51
25 37 69
25 41 8
25 47 36
25 51 1
25 57 73
25 62 37
25 63 48
25 65 64
25 66 16
25 67 67
25 73 22
25 74 82
25 75 99
25 76 49
25 78 92
25 80 72
25 82 63
25 83 38
25 86 65
25 90 3
25 91 37
25 93 76
25 94 77
25 96 83
25 97 82
25 101 89
25 103 16
25 105 19
25 107 43
25 109 52
25 110 41
25 113 55
25 114 72
25 115 21
25 119 14
25 120 14
25 124 67
25 128 34
25 131 56
25 134 46
25 135 16
25 136 100
25 137 88
25 138 37
25 144 36
25 149 46
26 27 67
26 29 76
26 31 10
26 32 86
26 33 83
26 35 26
26 37 96
26 39 69
26 41 16
26 42 95
26 45 96
26 47 66
26 54 77
26 55 89
26 58 96
26 59 35
26 61 54
26 72 74
26 74 74
26 75 14
26 82 60
26 83 57
26 86 67
26 89 30
26 90 10
26 92 59
26 94 82
26 95 7
26 96 7
26 97 86
26 99 39
26 105 8
26 112 70
26 115 9
26 116 100
26 121 60
26 123 29
26 128 37
26 133 55
26 134 92
26 138 74
26 141 20
26 143 63
26 147 72
26 148 17
26 149 20
26 150 1
27 35 81
27 37 37
27 39 42
27 43 26
27 46 79
27 47 26
27 48 80
27 49 9
27 50 73
27 51 74
27 52 99
27 54 10
27 57 88
27 63 29
27 66 31
27 69 13
27 71 31
27 72 95
27 74 25
27 77 8
27 78 4
27 81 45
27 83 47
27 86 29
27 88 92
27 91 86
27 92 54
27 96 100
27 99 36
27 100 59
27 101 40
27 102 52
27 106 60
27 111 62
27 113 39
27 114 1
27 116 24
27 117 22
27 118 51
27 124 78
27 127 88
27 131 44
27 132 92
27 140 48
27 142 44
27 144 25
27 147 74
28 34 25
28 35 27
28 39 60
28 45 53
28 48 34
28 60 88
28 61 63
28 64 80
28 66 23
28 68 94
28 69 57
28 70 59
28 72 45
28 74 94
28 76 86
28 79 27
28 82 4
28 83 29
28 84 65
28 85 39
28 86 4
28 87 98
28 88 81
28 94 1
28 97 76
28 99 69
28 102 13
28 108 55
28 113 96
28 114 1
28 118 99
28 119 22
28 120 4
28 121 95
28 125 37
28 126 87
28 127 59
28 131 10
28 134 29
28 135 94
28 138 61
28 140 89
28 141 62
28 143 76
28 145 57
28 147 43
29 31 57
29 33 41
29 35 23
29 40 10
29 42 90
29 48 63
29 55 37
29 57 5
29 59 74
29 60 43
29 63 40
29 64 6
29 67 58
29 68 59
29 69 37
29 75 14
29 77 95
29 78 47
29 82 5
29 83 56
29 85 96
29 86 99
29 88 51
29 95 69
29 96 32
29 100 30
29 103 92
29 104 36
29 109 65
29 110 87
29 111 92
29 118 76
29 120 86
29 125 90
29 126 51
29 127 15
29 133 81
29 135 24
29 140 52
29 141 33
29 145 33
29 148 21
29 149 15
29 150 54
30 32 6
30 34 47
30 38 36
30 39 62
30 48 10
30 49 29
30 53 69
30 55 28
30 56 40
30 57 65
30 59 95
30 60 73
30 65 62
30 72 45
30 75 47
30 76 100
30 78 96
30 80 54
30 82 53
30 84 70
30 85 74
30 87 87
30 90 12
30 91 41
30 93 95
30 94 92
30 95 77
30 100 92
30 101 84
30 105 90
30 106 32
30 107 70
30 109 61
30 111 62
30 115 80
30 117 71
30 119 53
30 121 76
30 123 88
30 124 60
30 125 62
30 129 68
30 130 63
30 135 85
30 136 19
30 137 36
30 140 64
30 141 52
30 144 76
30 147 28
30 149 77
30 150 19
31 32 86
31 34 3
31 35 64
31 43 57
31 44 87
31 46 43
31 50 2
31 51 52
31 53 55
31 55 87
31 56 99
31 57 52
31 60 61
31 63 89
31 64 93
31 72 81
31 74 25
31 75 91
31 76 33
31 79 50
31 80 84
31 81 53
31 82 11
31 87 26
31 88 61
31 97 89
31 98 12
31 100 94
31 103 7
31 104 3
31 110 41
31 111 83
31 112 40
31 113 13
31 118 19
31 119 52
31 121 19
31 125 32
31 126 95
31 130 63
31 133 76
31 135 55
31 140 10
31 141 93
31 142 51
31 143 99
31 145 20
31 146 45
31 147 53
31 149 54
32 33 82
32 34 5
32 35 55
32 36 33
32 37 83
32 38 80
32 39 29
32 41 49
32 43 65
32 44 16
32 45 66
32 49 59
32 54 64
32 56 34
32 61 97
32 62 16
32 63 14
32 65 4
32 66 86
32 67 97
32 68 79
32 69 2
32 70 81
32 71 87
32 73 22
32 74 6
32 75 81
32 80 68
32 84 50
32 85 14
32 86 31
32 89 75
32 91 79
32 92 74
32 94 7
32 95 26
32 102 52
32 103 73
32 106 64
32 108 48
32 110 51
32 113 76
32 114 53
32 117 71
32 120 52
32 121 73
32 125 10
32 127 72
32 128 92
32 129 45
32 133 25
32 134 65
32 137 64
32 140 2
32 144 54
32 145 15
32 148 89
32 149 80
33 35 29
33 36 40
33 37 71
33 40 76
33 42 2
33 46 61
33 47 1
33 51 83
33 54 99
33 55 6
33 57 21
33 62 99
33 70 70
33 71 26
33 73 97
33 77 62
33 83 13
33 84 92
33 86 49
33 90 69
33 91 97
33 98 88
33 101 55
33 102 2
33 104 48
33 106 20
33 107 10
33 108 39
33 109 71
33 110 19
33 111 34
33 112 80
33 114 69
33 116 62
33 122 41
33 124 15
33 125 56
33 126 15
33 129 46
33 131 41
33 133 57
33 134 54
33 140 3
33 144 10
33 146 15
33 147 35
33 149 61
34 36 77
34 37 52
34 39 63
34 42 76
34 44 67
34 46 97
34 47 21
34 49 67
34 50 6
34 52 90
34 54 47
34 58 14
34 65 13
34 67 59
34 68 59
34 70 81
34 71 8
34 74 70
34 76 58
34 77 53
34 79 66
34 83 36
34 86 39
34 90 89
34 91 39
34 96 22
34 100 86
34 103 52
34 106 17
34 107 17
34 109 40
34 111 66
34 112 19
34 117 17
34 123 70
34 124 55
34 125 4
34 129 22
34 130 52
34 131 88
34 134 4
34 135 71
34 136 32
34 137 51
34 138 5
34 139 47
34 140 68
34 142 9
34 143 68
34 148 83
34 150 92
35 37 69
35 38 30
35 43 73
35 44 3
35 45 93
35 47 62
35 48 34
35 50 50
35 52 43
35 53 91
35 54 91
35 56 91
35 57 51
35 61 12
35 62 63
35 63 82
35 64 58
35 66 37
35 74 69
35 75 34
35 78 53
35 81 54
35 88 74
35 89 66
35 92 23
35 94 30
35 95 17
35 96 96
35 97 94
35 99 65
35 100 66
35 102 91
35 105 48
35 109 15
35 110 23
35 112 46
35 114 56
35 119 6
35 122 55
35 123 65
35 128 58
35 133 24
35 146 97
35 147 95
35 150 57
36 39 92
36 41 14
36 42 19
36 43 48
36 46 57
36 50 42
36 53 10
36 55 10
36 58 14
36 59 45
36 60 82
36 62 81
36 63 46
36 66 45
36 68 23
36 71 34
36 73 4
36 74 47
36 75 35
36 76 74
36 80 26
36 81 34
36 84 16
36 87 62
36 88 90
36 92 83
36 94 36
36 96 80
36 97 21
36 98 44
36 100 47
36 108 13
36 112 61
36 115 89
36 116 96
36 117 39
36 118 3
36 120 96
36 122 74
36 130 16
36 131 32
36 138 90
36 140 90
36 141 61
36 142 11
36 143 38
36 149 69
37 42 5
37 44 29
37 45 93
37 50 23
37 51 95
37 53 98
37 56 39
37 58 58
37 62 90
37 63 63
37 67 29
37 68 34
37 70 51
37 72 31
37 75 35
37 78 37
37 79 87
37 80 57
37 84 12
37 86 27
37 89 57
37 90 20
37 93 34
37 95 67
37 96 83
37 98 48
37 99 68
37 101 59
37 102 76
37 103 16
37 107 80
37 110 9
37 111 74
37 115 70
37 118 39
37 121 36
37 122 83
37 127 80
37 128 88
37 145 31
37 146 51
37 148 15
38 41 96
38 42 73
38 46 47
38 47 94
38 50 2
38 55 48
38 56 47
38 59 69
38 66 46
38 67 28
38 68 22
38 70 33
38 71 14
38 72 33
38 76 62
38 78 80
38 79 12
38 82 82
38 83 67
38 89 54
38 90 90
38 91 20
38 98 79
38 100 69
38 101 43
38 104 2
38 111 17
38 112 49
38 113 29
38 120 87
38 122 87
38 126 49
38 128 76
38 131 64
38 140 79
38 141 41
38 142 93
38 145 16
38 149 48
38 150 93
39 41 97
39 43 92
39 46 42
39 47 78
39 48 1
39 49 64
39 50 73
39 52 69
39 53 14
39 55 68
39 59 99
39 63 28
39 65 72
39 68 58
39 69 85
39 71 83
39 73 90
39 76 83
39 77 61
39 81 40
39 82 21
39 84 54
39 85 31
39 86 23
39 90 2
39 91 17
39 92 8
39 94 48
39 103 12
39 104 45
39 107 58
39 110 42
39 114 38
39 116 55
39 122 82
39 125 11
39 127 74
39 128 72
39 131 86
39 132 45
39 134 47
39 135 58
39 136 20
39 138 91
39 139 94
39 140 37
39 142 63
39 145 66
39 147 48
40 42 97
40 43 72
40 52 60
40 54 84
40 55 97
40 63 69
40 65 52
40 66 9
40 70 23
40 73 52
40 77 65
40 78 92
40 82 70
40 83 19
40 84 97
40 85 33
40 88 57
40 90 49
40 92 97
40 94 72
40 95 91
40 100 32
40 105 80
40 109 1
40 114 53
40 115 76
40 117 66
40 123 54
40 126 46
40 129 89
40 130 80
40 132 28
40 133 88
40 135 98
40 143 44
40 149 70
40 150 92
41 42 47
41 43 32
41 46 46
41 47 55
41 48 10
41 49 19
41 54 96
41 58 3
41 59 15
41 62 36
41 67 51
41 68 35
41 69 36
41 70 1
41 71 77
41 73 90
41 74 40
41 75 69
41 76 26
41 81 40
41 82 46
41 84 59
41 85 67
41 92 83
41 93 84
41 96 52
41 97 64
41 99 37
41 103 12
41 104 70
41 105 46
41 107 75
41 109 29
41 113 42
41 123 11
41 126 38
41 128 29
41 129 19
41 133 69
41 135 23
41 137 86
41 139 65
41 140 65
41 144 17
41 146 29
41 147 51
41 148 72
41 149 87
42 44 60
42 45 54
42 53 64
42 54 92
42 55 75
42 58 93
42 59 54
42 66 71
42 67 25
42 72 100
42 73 15
42 80 55
42 81 12
42 82 62
42 85 41
42 88 67
42 94 47
42 95 4
42 98 4
42 99 92
42 112 15
42 117 10
42 121 16
42 125 75
42 126 9
42 129 40
42 130 80
42 134 26
42 136 2
42 142 67
42 143 5
42 144 54
42 145 20
42 146 14
42 147 24
42 149 99
42 150 24
43 44 42
43 48 18
43 49 56
43 50 58
43 52 69
43 53 56
43 55 71
43 57 71
43 59 57
43 60 29
43 63 12
43 65 6
43 67 41
43 69 26
43 73 51
43 77 48
43 80 4
43 82 81
43 85 90
43 87 36
43 88 14
43 89 56
43 90 48
43 91 62
43 93 81
43 95 91
43 96 94
43 100 83
43 104 77
43 106 64
43 108 97
43 109 12
43 110 65
43 115 86
43 117 53
43 119 54
43 121 94
43 122 1
43 123 100
43 124 65
43 127 44
43 130 76
43 131 95
43 132 76
43 133 35
43 135 1
43 139 95
43 143 62
43 146 39
43 147 85
43 148 47
43 150 84
44 46 73
44 47 80
44 48 99
44 51 40
44 55 69
44 59 34
44 61 7
44 62 69
44 63 65
44 64 7
44 65 76
44 67 8
44 69 74
44 70 17
44 71 8
44 75 17
44 78 36
44 80 35
44 85 24
44 86 33
44 87 3
44 88 52
44 90 59
44 93 95
44 95 43
44 102 67
44 105 44
44 109 5
44 111 25
44 114 64
44 116 27
44 120 28
44 121 83
44 133 31
44 134 19
44 137 47
44 140 28
44 143 28
44 147 90
44 148 91
44 149 33
45 47 66
45 49 75
45 50 56
45 51 1
45 54 66
45 57 14
45 58 60
45 59 34
45 62 4
45 68 5
45 72 98
45 73 53
45 74 93
45 75 67
45 76 69
45 78 68
45 87 93
45 95 3
45 104 48
45 106 54
45 108 72
45 112 75
45 113 38
45 116 51
45 119 42
45 120 26
45 122 46
45 124 35
45 125 6
45 126 42
45 128 1
45 132 88
45 134 95
45 135 85
45 139 67
45 140 8
45 141 83
45 142 78
45 147 87
45 149 46
45 150 73
46 49 2
46 55 79
46 56 38
46 58 32
46 59 56
46 60 98
46 63 85
46 65 19
46 66 2
46 68 70
46 75 65
46 79 88
46 81 92
46 82 10
46 84 3
46 85 35
46 92 81
46 93 89
46 94 48
46 96 92
46 100 61
46 102 85
46 105 4
46 107 31
46 108 97
46 109 43
46 113 51
46 114 48
46 117 38
46 122 27
46 133 61
46 136 23
46 139 23
46 140 57
46 143 50
46 145 55
46 146 70
46 150 28
47 48 10
47 49 40
47 51 47
47 52 74
47 56 13
47 58 62
47 59 30
47 63 83
47 64 8
47 66 11
47 68 76
47 70 45
47 74 81
47 75 72
47 76 86
47 82 52
47 90 42
47 91 81
47 93 12
47 96 25
47 97 23
47 98 97
47 99 8
47 101 33
47 102 45
47 104 82
47 105 36
47 107 52
47 108 22
47 112 8
47 114 51
47 124 42
47 127 20
47 129 54
47 130 52
47 133 81
47 134 37
47 136 4
47 140 9
47 141 41
47 146 53
47 148 8
47 150 57
48 51 100
48 52 28
48 57 62
48 58 22
48 59 40
48 62 41
48 66 74
48 67 8
48 69 5
48 70 29
48 72 87
48 75 80
48 76 8
48 77 67
48 78 8
48 79 88
48 80 57
48 81 69
48 83 24
48 91 70
48 95 83
48 97 37
48 102 56
48 103 43
48 104 56
48 107 20
48 109 40
48 110 53
48 114 41
48 116 76
48 117 74
48 122 92
48 123 70
48 124 48
48 125 21
48 128 92
48 130 15
48 131 51
48 135 58
48 139 26
48 141 70
48 142 54
48 144 79
48 148 58
48 150 60
49 50 87
49 52 86
49 53 66
49 54 69
49 56 72
49 57 39
49 60 32
49 61 99
49 62 3
49 63 84
49 68 51
49 69 53
49 71 71
49 72 11
49 76 76
49 77 98
49 78 85
49 81 15
49 82 53
49 85 79
49 88 58
49 93 6
49 94 42
49 95 50
49 96 53
49 98 76
49 100 36
49 101 87
49 103 84
49 104 14
49 106 85
49 107 62
49 111 94
49 117 26
49 120 18
49 122 15
49 123 62
49 126 9
49 129 75
49 132 51
49 133 76
49 134 61
49 135 43
49 138 71
49 142 2
49 143 66
49 144 21
49 145 82
49 146 40
49 148 13
49 149 71
50 52 39
50 56 58
50 59 10
50 63 60
50 64 23
50 65 19
50 68 97
50 69 9
50 73 31
50 74 92
50 75 43
50 76 65
50 78 20
50 80 51
50 81 78
50 88 87
50 89 83
50 90 70
50 93 97
50 97 52
50 98 57
50 103 20
50 109 43
50 112 22
50 113 31
50 117 39
50 118 43
50 120 71
50 122 40
50 124 83
50 127 80
50 128 53
50 129 66
50 131 12
50 132 69
50 133 7
50 135 57
50 138 63
50 139 16
50 141 68
50 142 20
50 144 56
50 145 13
50 150 94
51 53 2
51 54 3
51 55 81
51 60 34
51 61 5
51 62 39
51 63 50
51 65 2
51 70 69
51 72 26
51 78 71
51 80 80
51 81 82
51 86 86
51 87 67
51 90 7
51 91 4
51 94 27
51 96 69
51 100 10
51 105 74
51 106 87
51 107 53
51 109 3
51 110 26
51 112 77
51 114 87
51 117 22
51 120 53
51 126 76
51 129 70
51 130 24
51 131 92
51 133 63
51 134 30
51 137 45
51 138 98
51 142 27
51 144 45
51 145 25
51 149 79
52 53 90
52 56 15
52 58 100
52 62 16
52 64 59
52 67 43
52 68 37
52 70 52
52 72 94
52 73 33
52 74 11
52 77 91
52 84 7
52 85 19
52 87 10
52 89 56
52 93 24
52 97 32
52 109 49
52 112 6
52 113 73
52 116 72
52 119 35
52 120 20
52 122 71
52 124 84
52 126 24
52 127 77
52 129 48
52 130 47
52 132 72
52 133 45
52 134 72
52 138 77
52 139 39
52 142 89
52 145 37
52 150 66
53 60 39
53 61 33
53 69 24
53 74 16
53 80 16
53 82 45
53 86 68
53 91 31
53 95 87
53 96 57
53 97 19
53 99 48
53 102 82
53 103 5
53 104 58
53 106 23
53 113 71
53 114 28
53 116 42
53 118 3
53 119 93
53 120 72
53 121 29
53 123 57
53 129 97
53 134 55
53 137 88
53 143 65
53 144 68
53 146 24
53 147 40
54 57 21
54 64 12
54 66 46
54 72 22
54 73 32
54 75 45
54 79 94
54 80 9
54 83 55
54 84 83
54 89 95
54 90 56
54 91 2
54 92 48
54 93 8
54 95 38
54 96 72
54 97 61
54 98 73
54 99 92
54 100 28
54 102 45
54 103 52
54 104 97
54 108 39
54 109 11
54 111 33
54 112 67
54 115 40
54 120 61
54 121 3
54 128 43
54 131 24
54 132 72
54 134 28
54 136 79
54 137 75
54 141 63
55 57 25
55 58 43
55 59 49
55 63 22
55 68 17
55 72 91
55 73 55
55 77 29
55 78 19
55 81 23
55 83 6
55 85 63
55 87 100
55 88 86
55 92 34
55 95 28
55 96 92
55 97 38
55 99 24
55 101 82
55 102 35
55 108 70
55 109 21
55 111 33
55 115 13
55 116 31
55 117 76
55 122 33
55 123 31
55 125 48
55 130 7
55 131 7
55 135 51
55 138 91
55 144 97
55 146 64
55 147 98
56 58 50
56 59 11
56 65 2
56 68 63
56 71 16
56 72 74
56 73 30
56 76 36
56 78 38
56 79 92
56 81 60
56 84 67
56 86 22
56 88 20
56 89 9
56 91 66
56 92 96
56 95 6
56 97 89
56 100 41
56 103 13
56 109 15
56 110 86
56 112 81
56 114 95
56 116 70
56 118 32
56 119 51
56 123 83
56 124 73
56 125 29
56 126 68
56 129 24
56 130 76
56 132 29
56 134 42
56 135 96
56 136 89
56 139 33
56 142 97
56 143 51
57 60 14
57 61 13
57 63 10
57 67 41
57 68 25
57 69 7
57 70 41
57 71 16
57 72 1
57 73 100
57 74 92
57 76 31
57 77 82
57 80 80
57 82 45
57 83 3
57 85 23
57 87 72
57 91 95
57 92 98
57 95 84
57 96 61
57 97 66
57 100 70
57 106 10
57 107 17
57 112 53
57 113 41
57 115 71
57 117 71
57 121 41
57 123 68
57 126 45
57 129 58
57 131 74
57 133 19
57 136 15
57 137 39
57 140 1
57 141 44
57 142 59
57 145 80
57 148 58
57 149 84
58 64 7
58 66 95
58 67 20
58 69 10
58 70 29
58 71 84
58 73 61
58 75 40
58 77 41
58 80 25
58 81 25
58 84 27
58 88 49
58 93 63
58 94 77
58 99 47
58 107 64
58 108 54
58 109 91
58 112 69
58 113 49
58 114 59
58 117 43
58 118 55
58 123 49
58 124 61
58 125 68
58 127 57
58 128 55
58 129 28
58 131 78
58 132 25
58 135 76
58 136 24
58 137 87
58 139 73
58 141 28
58 145 44
58 146 58
58 150 100
59 61 82
59 62 24
59 63 49
59 67 79
59 72 48
59 73 26
59 75 99
59 76 29
59 77 20
59 78 1
59 83 80
59 84 12
59 86 50
59 87 66
59 89 52
59 90 32
59 92 83
59 99 57
59 105 54
59 107 37
59 109 18
59 110 12
59 112 14
59 114 82
59 118 48
59 119 70
59 124 13
59 130 100
59 137 6
59 143 61
59 145 20
59 146 6
59 147 38
59 149 46
60 61 90
60 62 100
60 63 26
60 69 63
60 70 57
60 71 23
60 72 96
60 73 39
60 74 83
60 76 47
60 78 11
60 80 12
60 83 57
60 86 89
60 87 44
60 88 76
60 89 58
60 91 7
60 95 45
60 96 32
60 98 1
60 99 7
60 100 94
60 103 71
60 107 24
60 110 7
60 111 85
60 114 23
60 116 6
60 117 30
60 119 95
60 120 15
60 126 43
60 129 21
60 130 97
60 133 15
60 136 98
60 137 72
60 139 95
60 143 29
60 145 7
60 147 40
60 148 38
60 150 88
61 64 12
61 66 33
61 69 54
61 73 96
61 75 55
61 78 64
61 82 88
61 83 50
61 87 23
61 88 1
61 89 30
61 92 36
61 93 35
61 97 6
61 100 71
61 101 32
61 103 6
61 109 54
61 112 94
61 113 23
61 116 41
61 125 96
61 126 67
61 129 40
61 130 19
61 131 33
61 132 96
61 135 9
61 138 82
61 140 33
61 142 66
61 145 98
61 148 37
61 150 70
62 65 11
62 70 24
62 71 89
62 73 59
62 76 52
62 81 17
62 84 43
62 89 87
62 96 30
62 98 70
62 99 97
62 100 19
62 106 71
62 107 86
62 109 26
62 111 82
62 114 35
62 117 98
62 118 7
62 122 80
62 125 74
62 126 49
62 127 48
62 128 40
62 130 64
62 132 48
62 133 4
62 136 76
62 137 28
62 141 23
62 144 79
62 145 55
62 150 24
63 69 93
63 72 26
63 73 51
63 74 90
63 75 80
63 76 97
63 78 84
63 80 90
63 81 40
63 83 86
63 88 27
63 89 58
63 92 50
63 93 76
63 94 88
63 102 51
63 103 9
63 105 63
63 106 53
63 109 90
63 115 88
63 120 90
63 121 16
63 125 18
63 127 55
63 130 14
63 131 37
63 133 46
63 134 11
63 135 95
63 139 33
63 140 17
63 142 51
63 146 17
64 66 73
64 67 88
64 72 20
64 73 73
64 78 21
64 85 74
64 86 43
64 88 37
64 92 19
64 95 33
64 96 76
64 97 92
64 98 55
64 99 90
64 105 76
64 107 11
64 109 23
64 112 79
64 113 25
64 114 42
64 116 83
64 118 90
64 119 29
64 120 21
64 122 67
64 124 63
64 125 13
64 126 54
64 137 82
64 138 26
64 140 3
64 143 30
64 146 78
64 148 32
64 150 56
65 66 31
65 68 96
65 71 47
65 72 14
65 73 98
65 74 41
65 75 46
65 78 58
65 79 98
65 80 73
65 82 4
65 83 63
65 87 32
65 89 27
65 91 9
65 94 12
65 95 98
65 97 19
65 100 3
65 104 82
65 105 1
65 108 33
65 113 60
65 114 26
65 115 48
65 116 78
65 122 16
65 123 71
65 129 80
65 131 23
65 132 98
65 136 31
65 138 33
65 139 14
65 141 34
65 145 95
65 146 73
65 148 32
66 68 66
66 73 2
66 74 85
66 76 23
66 79 67
66 83 79
66 85 52
66 86 72
66 91 56
66 98 55
66 99 73
66 102 1
66 104 54
66 105 15
66 107 89
66 109 88
66 111 82
66 113 35
66 116 98
66 121 19
66 124 47
66 125 23
66 129 3
66 134 46
66 135 32
66 137 9
66 140 64
66 142 39
66 145 80
67 69 83
67 77 6
67 80 83
67 83 35
67 90 84
67 96 79
67 97 75
67 98 54
67 99 79
67 100 12
67 101 83
67 102 82
67 104 74
67 106 99
67 113 41
67 119 72
67 121 86
67 125 55
67 129 89
67 134 52
67 137 31
67 138 67
67 139 4
67 145 57
68 69 12
68 70 99
68 73 94
68 74 73
68 77 53
68 80 56
68 84 2
68 85 70
68 88 42
68 97 69
68 98 20
68 101 1
68 103 32
68 105 73
68 106 96
68 108 97
68 109 97
68 111 12
68 120 33
68 123 2
68 124 65
68 127 34
68 129 94
68 131 13
68 133 93
68 135 41
68 140 22
68 145 36
68 148 3
68 149 61
69 74 44
69 79 71
69 80 37
69 82 49
69 83 68
69 84 25
69 88 78
69 93 29
69 94 88
69 95 89
69 97 37
69 100 28
69 102 81
69 104 33
69 105 68
69 109 14
69 110 94
69 114 61
69 117 60
69 118 92
69 122 72
69 125 5
69 127 29
69 130 71
69 136 59
69 138 55
69 140 86
69 141 9
69 144 78
69 146 53
69 147 36
69 148 65
70 71 96
70 72 7
70 75 100
70 77 86
70 78 35
70 82 19
70 87 60
70 88 59
70 90 86
70 92 25
70 96 82
70 98 21
70 101 62
70 103 41
70 104 17
70 105 84
70 107 48
70 109 17
70 117 41
70 118 35
70 120 56
70 123 34
70 130 88
70 135 68
70 136 11
70 139 44
70 141 76
70 143 76
70 144 17
70 145 90
70 148 42
70 150 29
71 73 64
71 79 56
71 81 70
71 85 56
71 86 18
71 88 26
71 89 6
71 90 95
71 92 44
71 94 4
71 95 72
71 99 75
71 100 47
71 101 41
71 102 73
71 103 53
71 104 97
71 106 32
71 107 80
71 110 48
71 112 52
71 113 52
71 116 40
71 119 90
71 120 74
71 121 100
71 123 2
71 124 93
71 134 50
71 136 45
71 143 83
71 146 89
72 73 79
72 74 98
72 77 32
72 78 50
72 79 89
72 80 26
72 81 3
72 85 52
72 88 58
72 97 12
72 102 16
72 103 18
72 107 88
72 108 49
72 110 21
72 112 100
72 115 18
72 116 89
72 118 15
72 122 19
72 125 53
72 127 54
72 128 32
72 130 71
72 133 54
72 134 72
72 144 74
72 147 26
73 75 17
73 76 85
73 79 73
73 87 87
73 88 98
73 96 16
73 98 11
73 99 51
73 104 82
73 105 90
73 106 56
73 107 12
73 108 16
73 116 78
73 118 9
73 126 62
73 129 36
73 135 31
73 136 68
73 137 61
73 138 37
73 139 55
73 141 2
73 143 73
73 145 44
73 147 8
73 148 96
74 75 95
74 76 20
74 77 63
74 78 56
74 83 52
74 89 17
74 91 55
74 99 80
74 103 41
74 105 96
74 107 11
74 108 70
74 109 89
74 111 17
74 113 54
74 114 41
74 116 67
74 118 26
74 119 55
74 122 90
74 123 19
74 125 100
74 127 13
74 132 75
74 133 12
74 135 13
74 137 55
74 140 99
74 141 14
74 142 93
74 144 50
74 147 11
74 150 74
75 78 81
75 79 36
75 82 54
75 85 42
75 86 15
75 91 89
75 93 51
75 94 98
75 97 30
75 98 38
75 102 64
75 105 52
75 107 97
75 110 39
75 114 28
75 119 90
75 120 37
75 123 7
75 125 68
75 127 29
75 128 90
75 133 19
75 134 67
75 137 88
75 138 61
75 139 31
75 148 19
76 78 95
76 80 8
76 82 72
76 84 80
76 88 95
76 92 91
76 93 51
76 94 32
76 97 50
76 101 51
76 104 54
76 110 71
76 112 69
76 113 93
76 114 69
76 116 10
76 120 92
76 125 51
76 126 2
76 130 43
76 134 23
76 142 31
76 143 61
76 147 65
76 148 51
76 150 14
77 79 72
77 80 77
77 81 12
77 86 40
77 91 86
77 94 73
77 97 3
77 98 12
77 100 85
77 103 95
77 105 14
77 106 79
77 107 26
77 110 90
77 116 16
77 124 15
77 125 94
77 126 71
77 128 97
77 129 68
77 130 100
77 131 66
77 137 1
77 140 62
77 141 23
77 142 84
77 146 85
77 148 60
77 149 49
78 80 48
78 81 92
78 83 51
78 84 97
78 85 1
78 91 60
78 92 94
78 94 18
78 99 5
78 102 34
78 104 58
78 105 77
78 107 85
78 109 40
78 112 6
78 113 17
78 114 24
78 116 7
78 117 44
78 121 46
78 123 50
78 125 27
78 128 77
78 131 81
78 132 65
78 133 35
78 135 66
78 138 18
78 139 95
78 141 2
78 142 96
78 149 19
79 84 11
79 86 11
79 88 16
79 91 59
79 92 23
79 96 5
79 98 94
79 100 58
79 103 28
79 105 6
79 108 14
79 109 45
79 111 20
79 115 83
79 124 97
79 125 57
79 127 20
79 128 25
79 129 72
79 130 41
79 132 5
79 133 32
79 136 52
79 137 29
79 139 3
79 140 82
79 141 13
79 144 94
79 149 11
80 83 69
80 84 56
80 85 74
80 97 54
80 100 60
80 101 85
80 102 18
80 105 76
80 106 76
80 109 54
80 115 54
80 116 8
80 117 65
80 118 14
80 122 90
80 124 51
80 126 60
80 128 60
80 129 34
80 132 38
80 134 97
80 135 69
80 136 19
80 137 34
80 138 100
80 139 3
80 140 81
80 141 24
80 143 30
80 144 100
80 145 78
80 149 51
81 82 71
81 83 25
81 88 65
81 90 44
81 92 96
81 94 22
81 96 79
81 97 40
81 98 19
81 100 97
81 102 13
81 103 39
81 105 81
81 106 73
81 107 38
81 110 43
81 112 97
81 113 23
81 122 36
81 123 13
81 125 60
81 129 40
81 130 10
81 131 16
81 134 82
81 139 10
81 146 55
81 149 95
82 84 45
82 85 74
82 87 31
82 88 64
82 89 60
82 91 55
82 93 36
82 96 98
82 98 94
82 99 95
82 103 60
82 104 19
82 106 42
82 107 41
82 112 60
82 116 74
82 117 11
82 119 68
82 121 75
82 124 12
82 126 76
82 133 35
82 135 31
82 136 82
82 140 89
82 141 100
82 143 25
82 144 75
82 145 94
82 147 68
82 148 74
82 149 43
82 150 57
83 85 63
83 87 51
83 88 75
83 89 71
83 90 42
83 92 87
83 95 99
83 96 89
83 97 38
83 99 3
83 101 49
83 104 9
83 109 57
83 110 71
83 112 47
83 117 7
83 121 33
83 124 46
83 125 9
83 126 44
83 128 100
83 129 52
83 131 78
83 133 45
83 134 1
83 135 54
83 137 22
83 139 91
83 141 54
83 142 37
83 145 52
84 85 92
84 88 72
84 91 24
84 98 26
84 100 81
84 103 69
84 105 31
84 107 88
84 108 91
84 109 10
84 110 35
84 112 83
84 119 69
84 121 28
84 122 43
84 125 62
84 126 67
84 128 13
84 130 62
84 131 86
84 132 51
84 133 91
84 134 36
84 135 36
84 137 53
84 138 30
84 139 89
84 143 45
84 146 99
84 149 27
85 86 81
85 87 19
85 89 78
85 90 61
85 91 47
85 93 58
85 94 32
85 96 82
85 97 27
85 98 95
85 99 58
85 100 67
85 103 88
85 104 95
85 106 57
85 112 61
85 114 5
85 116 72
85 117 78
85 124 91
85 126 100
85 127 56
85 131 60
85 132 55
85 133 94
85 136 39
85 138 2
85 139 54
85 141 77
85 142 49
85 145 71
85 146 98
85 149 54
85 150 6
86 89 31
86 90 90
86 92 98
86 94 13
86 96 92
86 102 35
86 104 49
86 105 54
86 106 22
86 108 88
86 109 28
86 110 47
86 111 73
86 113 55
86 115 43
86 118 71
86 122 71
86 123 100
86 127 47
86 129 37
86 131 71
86 137 29
86 139 90
86 140 23
86 141 95
86 142 82
86 149 62
87 90 19
87 92 14
87 94 30
87 96 60
87 98 100
87 99 95
87 101 1
87 104 76
87 109 40
87 110 13
87 112 61
87 118 37
87 123 75
87 125 37
87 126 39
87 127 43
87 130 72
87 131 1
87 132 73
87 135 85
87 136 92
87 137 81
87 139 82
87 140 91
87 141 12
87 142 65
87 145 24
87 146 69
87 147 26
87 148 85
87 149 24
87 150 11
88 89 43
88 90 63
88 96 89
88 97 10
88 99 59
88 102 15
88 110 72
88 111 24
88 113 74
88 114 28
88 115 13
88 117 54
88 122 12
88 124 65
88 126 9
88 127 85
88 129 1
88 130 57
88 131 80
88 135 16
88 136 59
88 138 52
88 140 91
88 146 18
88 148 86
88 150 52
89 90 80
89 91 80
89 99 53
89 101 5
89 107 68
89 109 24
89 113 28
89 114 71
89 118 61
89 121 64
89 125 87
89 128 33
89 132 77
89 133 40
89 134 83
89 135 32
89 136 58
89 139 73
89 140 62
89 143 7
89 148 73
90 91 19
90 92 44
90 95 80
90 98 95
90 99 33
90 100 58
90 101 82
90 102 51
90 109 41
90 111 38
90 115 3
90 124 95
90 125 34
90 126 68
90 127 31
90 129 7
90 130 41
90 134 46
90 137 99
90 141 28
90 142 38
90 143 14
90 150 28
91 96 29
91 97 68
91 99 68
91 105 98
91 107 68
91 111 46
91 112 54
91 113 72
91 116 89
91 117 14
91 118 58
91 120 72
91 122 63
91 124 22
91 126 84
91 130 36
91 134 97
91 136 97
91 137 94
91 139 89
91 141 44
91 145 99
91 147 83
92 93 68
92 99 91
92 102 25
92 103 27
92 105 62
92 106 34
92 108 41
92 110 7
92 113 47
92 116 51
92 122 94
92 123 20
92 124 84
92 126 32
92 129 54
92 130 64
92 131 84
92 132 79
92 133 13
92 134 78
92 138 17
92 140 1
92 141 33
92 142 90
92 143 44
92 145 61
92 146 5
92 147 33
92 148 95
92 150 13
93 96 71
93 97 18
93 98 50
93 99 52
93 102 90
93 103 5
93 108 83
93 109 70
93 111 13
93 122 63
93 123 79
93 124 28
93 126 39
93 127 27
93 128 73
93 130 34
93 135 7
93 136 59
93 143 24
93 145 38
93 149 85
94 98 20
94 100 34
94 101 55
94 102 30
94 103 92
94 105 56
94 110 42
94 112 23
94 115 84
94 117 35
94 120 39
94 122 46
94 124 55
94 128 48
94 132 90
94 137 71
94 138 76
94 142 48
94 143 75
94 144 23
94 145 75
94 147 88
94 150 97
95 99 95
95 102 98
95 103 30
95 105 55
95 106 45
95 109 79
95 111 7
95 114 26
95 116 40
95 118 62
95 121 69
95 127 25
95 131 70
95 134 74
95 137 49
95 140 55
95 142 33
95 145 38
95 146 90
95 149 22
96 97 68
96 98 52
96 103 16
96 104 68
96 105 2
96 108 35
96 122 90
96 123 44
96 127 57
96 128 78
96 129 4
96 130 84
96 131 59
96 132 10
96 134 48
96 139 72
96 144 70
96 145 10
96 146 26
96 148 53
97 98 88
97 99 52
97 101 97
97 102 62
97 105 28
97 106 42
97 107 97
97 111 73
97 112 66
97 113 49
97 114 66
97 117 95
97 124 2
97 125 2
97 127 82
97 129 54
97 135 82
97 137 14
97 141 27
97 142 78
97 145 31
97 146 44
97 147 69
97 148 35
97 149 71
98 99 98
98 101 62
98 104 83
98 110 54
98 112 41
98 113 77
98 119 55
98 121 93
98 126 60
98 127 39
98 128 84
98 131 8
98 132 60
98 133 95
98 134 86
98 136 31
98 140 96
98 143 65
98 146 82
98 149 76
98 150 6
99 101 32
99 103 88
99 105 46
99 107 26
99 109 36
99 111 20
99 120 30
99 121 13
99 124 8
99 126 61
99 128 4
99 132 49
99 133 32
99 135 44
99 139 38
99 144 58
99 148 34
100 102 32
100 103 75
100 105 77
100 107 92
100 108 97
100 111 9
100 112 5
100 113 76
100 117 63
100 118 36
100 121 96
100 123 28
100 134 65
100 135 8
100 136 62
100 139 34
100 140 56
100 144 5
100 146 39
100 148 86
101 102 14
101 104 4
101 105 10
101 107 76
101 112 17
101 113 97
101 115 34
101 116 81
101 118 53
101 120 91
101 122 58
101 123 64
101 124 8
101 125 42
101 126 64
101 127 95
101 128 70
101 129 56
101 132 12
101 133 95
101 134 99
101 144 43
101 145 42
101 147 53
102 103 24
102 104 60
102 105 83
102 106 36
102 109 31
102 110 67
102 112 20
102 114 18
102 115 27
102 116 36
102 117 81
102 120 89
102 121 41
102 122 16
102 123 28
102 124 54
102 128 50
102 129 43
102 130 36
102 135 74
102 136 75
102 137 43
102 139 60
102 140 44
102 141 44
102 143 40
102 148 13
103 105 23
103 106 80
103 107 88
103 108 84
103 112 27
103 114 55
103 116 22
103 117 87
103 120 40
103 121 61
103 123 66
103 126 26
103 127 91
103 129 13
103 132 70
103 134 43
103 135 34
103 138 36
103 139 87
103 140 60
103 143 51
103 144 7
104 109 71
104 112 8
104 118 3
104 119 97
104 123 98
104 124 98
104 127 4
104 131 5
104 133 39
104 139 57
104 140 75
104 141 45
104 142 20
104 144 96
104 147 85
104 149 49
104 150 5
105 108 40
105 109 61
105 111 26
105 114 68
105 122 77
105 127 72
105 130 56
105 131 97
105 134 76
105 136 95
105 143 14
105 147 19
105 149 23
106 109 9
106 110 8
106 111 60
106 112 36
106 118 7
106 120 3
106 121 78
106 122 60
106 123 93
106 127 21
106 129 48
106 130 52
106 132 7
106 134 29
106 137 12
106 138 96
106 139 2
106 140 15
106 143 16
106 144 97
106 145 2
106 146 6
106 147 33
107 109 31
107 115 6
107 116 90
107 117 19
107 122 78
107 124 50
107 125 27
107 126 39
107 132 53
107 134 14
107 138 44
107 139 50
107 140 61
107 141 11
107 144 1
107 145 37
107 146 51
107 147 88
108 111 41
108 113 32
108 114 61
108 116 83
108 117 7
108 118 57
108 119 28
108 121 24
108 125 75
108 131 27
108 136 59
108 137 99
108 142 95
108 144 63
108 145 46
108 148 25
108 149 87
108 150 54
109 110 68
109 114 85
109 118 2
109 119 19
109 123 39
109 126 41
109 130 97
109 134 30
109 137 88
109 143 60
109 148 45
109 149 14
109 150 34
110 112 63
110 119 86
110 123 28
110 126 100
110 132 81
110 133 37
110 138 81
110 139 45
110 140 45
110 141 79
110 142 35
110 147 51
110 149 78
111 112 17
111 113 100
111 114 25
111 116 97
111 117 21
111 119 16
111 120 57
111 125 96
111 127 68
111 129 37
111 130 2
111 131 15
111 132 16
111 133 83
111 135 86
111 138 76
111 139 24
111 142 73
111 144 3
111 145 97
111 147 66
111 150 86
112 115 35
112 116 31
112 117 40
112 119 100
112 120 86
112 126 61
112 129 34
112 131 69
112 132 69
112 134 72
112 136 25
112 139 66
112 141 9
112 142 80
112 144 51
112 145 2
112 146 69
112 147 78
112 149 29
112 150 56
113 118 97
113 119 30
113 123 94
113 124 46
113 125 62
113 126 15
113 127 23
113 128 35
113 130 29
113 135 75
113 142 64
113 146 77
114 115 91
114 117 7
114 118 19
114 121 47
114 122 15
114 124 29
114 127 36
114 130 80
114 135 61
114 138 64
114 139 44
114 140 44
114 141 5
114 145 13
114 146 49
114 147 97
114 148 10
115 116 53
115 118 3
115 120 45
115 122 23
115 123 39
115 126 28
115 127 75
115 128 43
115 129 38
115 134 30
115 136 94
115 137 30
115 142 63
115 143 74
115 146 43
115 148 43
116 117 86
116 122 6
116 128 81
116 129 39
116 132 79
116 137 71
116 138 40
116 141 72
116 142 48
116 144 52
116 147 63
117 119 2
117 121 13
117 123 97
117 124 34
117 132 40
117 134 24
117 135 24
117 140 39
117 141 94
117 147 2
117 148 24
117 149 86
118 120 69
118 123 98
118 124 51
118 125 57
118 132 76
118 133 72
118 137 15
118 142 85
118 143 77
118 144 75
118 146 70
118 147 16
118 149 8
118 150 46
119 120 64
119 122 43
119 124 87
119 125 61
119 129 72
119 132 93
119 133 29
119 134 23
119 135 67
119 136 31
119 138 13
119 142 36
119 144 67
120 121 39
120 123 50
120 126 82
120 128 73
120 133 6
120 137 56
120 139 38
120 142 85
120 146 44
120 147 81
120 150 91
121 122 8
121 124 82
121 125 81
121 126 80
121 127 6
121 128 1
121 132 43
121 134 57
121 138 91
121 139 28
121 142 57
121 144 46
121 145 31
121 146 30
121 149 63
121 150 26
122 125 37
122 135 46
122 137 54
122 138 20
122 141 44
122 145 8
122 149 40
123 127 48
123 128 95
123 129 6
123 134 87
123 135 42
123 136 98
123 138 71
123 140 70
123 142 20
123 145 89
123 149 47
124 127 26
124 128 53
124 131 86
124 133 9
124 136 29
124 137 8
124 140 6
124 141 67
124 142 48
124 147 56
124 148 81
124 150 10
125 127 71
125 128 64
125 129 98
125 131 35
125 140 83
125 141 63
125 144 91
125 147 63
126 130 19
126 139 77
126 141 8
126 142 15
126 144 73
126 146 8
126 147 54
126 148 18
126 149 47
127 128 100
127 130 28
127 131 24
127 132 52
127 138 10
127 141 81
127 144 52
127 146 65
127 148 18
128 129 30
128 133 25
128 134 37
128 136 59
128 138 29
128 140 100
128 145 79
128 146 39
128 148 13
128 150 57
129 130 100
129 132 54
129 133 8
129 134 75
129 135 18
129 136 95
129 137 19
129 138 76
129 140 64
129 147 3
129 148 80
129 150 45
130 132 62
130 135 31
130 140 82
130 141 10
130 143 5
130 147 80
130 148 59
131 134 7
131 140 38
131 142 68
131 143 76
131 146 6
132 136 24
132 143 91
132 147 22
132 149 98
133 139 2
133 141 22
133 143 10
133 145 54
133 146 92
134 135 79
134 139 80
134 145 90
134 148 26
135 140 98
135 144 78
135 146 60
135 147 18
135 148 4
135 150 20
136 139 35
136 147 48
136 149 14
137 138 25
137 140 23
137 141 82
137 144 32
137 147 81
137 149 50
137 150 61
138 142 31
138 144 41
138 145 64
138 146 48
138 149 67
139 143 33
139 145 63
139 150 22
140 142 96
140 144 16
140 145 1
140 146 97
140 150 89
141 143 33
141 144 2
141 146 72
142 143 65
142 144 76
142 145 18
142 148 8
142 150 83
143 145 89
143 147 45
144 146 76
144 150 20
146 150 73
147 148 54
1 3 5
1 4 18
1 6 52
1 7 65
1 8 76
1 12 78
1 15 78
1 17 80
1 27 47
1 28 83
1 29 54
1 34 47
1 37 82
1 40 55
1 42 93
1 43 73
1 44 86
1 45 16
1 50 13
1 52 52
1 57 6
1 58 98
1 63 32
1 64 67
1 65 51
1 69 48
1 70 90
1 71 13
1 72 92
1 73 26
1 74 79
1 75 53
1 78 61
1 80 60
1 84 80
1 85 7
1 91 59
1 93 79
1 94 71
1 95 30
1 99 92
1 100 51
1 102 72
1 104 87
1 105 31
1 106 71
1 107 65
1 108 96
1 109 62
1 113 39
1 114 63
1 116 7
1 117 84
1 118 59
1 121 95
1 124 54
1 126 91
1 127 7
1 131 2
1 141 73
1 142 18
1 148 33
1 149 64
2 5 99
2 9 43
2 11 48
2 12 4
2 13 79
2 15 43
2 16 32
2 19 73
2 21 99
2 23 28
2 26 58
2 27 96
2 32 80
2 35 58
2 36 76
2 41 11
2 42 55
2 44 10
2 46 67
2 49 46
2 50 90
2 52 8
2 58 25
2 60 72
2 61 72
2 63 96
2 64 77
2 65 1
2 66 60
2 68 42
2 75 37
2 76 47
2 77 62
2 79 3
2 83 63
2 87 17
2 90 99
2 92 68
2 100 77
2 106 64
2 108 97
2 114 58
2 118 91
2 122 37
2 127 50
2 128 35
2 130 86
2 132 18
2 134 75
2 139 10
2 140 6
2 146 37
2 147 67
2 149 95
3 4 30
3 8 35
3 9 88
3 10 42
3 12 27
3 15 20
3 18 93
3 20 91
3 21 45
3 22 19
3 26 37
3 28 27
3 38 88
3 43 21
3 44 67
3 45 8
3 49 92
3 52 59
3 56 74
3 58 63
3 60 95
3 61 88
3 62 38
3 63 81
3 64 57
3 65 85
3 66 48
3 75 13
3 76 69
3 77 32
3 78 43
3 80 83
3 83 73
3 84 77
3 87 26
3 88 58
3 89 97
3 93 13
3 96 91
3 100 84
3 102 6
3 103 1
3 104 66
3 105 21
3 107 96
3 108 49
3 110 67
3 111 71
3 113 55
3 116 16
3 117 13
3 118 25
3 122 60
3 123 9
3 126 46
3 128 97
3 130 77
3 131 15
3 132 92
3 134 77
3 136 27
3 138 89
3 141 93
3 146 69
3 148 93
3 150 28
4 7 21
4 8 95
4 9 7
4 15 38
4 16 80
4 19 69
4 20 8
4 22 32
4 23 96
4 24 66
4 35 27
4 38 8
4 40 33
4 43 35
4 45 33
4 46 31
4 48 63
4 52 26
4 54 65
4 56 72
4 57 16
4 60 29
4 61 87
4 65 26
4 67 85
4 69 65
4 71 22
4 72 88
4 80 55
4 82 42
4 87 21
4 90 38
4 92 32
4 93 7
4 94 22
4 96 90
4 99 38
4 102 84
4 103 49
4 104 50
4 105 18
4 106 100
4 107 72
4 108 51
4 110 9
4 113 78
4 116 86
4 121 36
4 122 62
4 123 85
4 126 96
4 127 21
4 130 17
4 132 24
4 133 30
4 134 75
4 135 1
4 136 93
4 138 30
4 139 63
4 140 89
4 143 47
4 146 22
4 150 24
5 7 28
5 8 22
5 9 73
5 10 70
5 11 65
5 12 59
5 15 63
5 16 91
5 17 97
5 18 36
5 19 46
5 23 60
5 29 71
5 31 45
5 34 90
5 39 87
5 44 59
5 45 20
5 48 80
5 50 70
5 51 77
5 52 35
5 53 41
5 54 90
5 57 84
5 60 8
5 62 99
5 65 71
5 67 81
5 70 22
5 71 48
5 72 29
5 73 67
5 75 23
5 77 54
5 81 27
5 85 95
5 86 76
5 87 99
5 89 9
5 91 74
5 92 5
5 93 31
5 98 41
5 102 39
5 103 17
5 104 20
5 105 88
5 109 18
5 110 7
5 117 18
5 119 42
5 120 46
5 122 9
5 123 46
5 124 96
5 125 34
5 126 25
5 128 94
5 130 66
5 132 67
5 133 49
5 134 2
5 135 49
5 138 84
5 139 81
5 142 1
5 144 33
5 145 79
5 146 82
5 148 99
5 149 31
5 150 17
6 10 94
6 12 9
6 23 16
6 24 95
6 25 88
6 29 66
6 30 33
6 31 32
6 34 95
6 37 78
6 39 37
6 40 18
6 48 1
6 49 30
6 50 63
6 51 34
6 52 3
6 54 53
6 56 24
6 58 12
6 63 53
6 66 9
6 67 66
6 71 12
6 77 59
6 78 15
6 80 14
6 81 26
6 86 47
6 87 46
6 88 73
6 89 37
6 90 86
6 92 13
6 93 73
6 100 36
6 102 44
6 103 27
6 105 32
6 108 92
6 116 26
6 120 2
6 121 70
6 122 85
6 124 23
6 125 66
6 129 28
6 138 65
6 139 98
6 142 39
6 146 2
7 11 66
7 15 2
7 17 6
7 18 82
7 19 75
7 20 68
7 25 84
7 26 4
7 28 38
7 30 54
7 34 95
7 39 53
7 40 30
7 43 3
7 44 8
7 48 38
7 53 1
7 55 58
7 57 88
7 58 77
7 59 99
7 61 34
7 63 89
7 66 25
7 69 84
7 72 32
7 73 6
7 77 73
7 78 84
7 81 55
7 82 98
7 83 76
7 84 39
7 85 7
7 91 84
7 92 47
7 96 92
7 98 53
7 99 100
7 108 89
7 109 28
7 112 31
7 114 50
7 115 56
7 116 23
7 119 10
7 123 53
7 124 36
7 125 86
7 127 44
7 131 53
7 142 84
7 143 23
7 144 92
7 146 57
7 149 49
8 9 69
8 10 53
8 13 76
8 14 99
8 18 83
8 22 15
8 23 5
8 24 54
8 29 81
8 30 31
8 34 70
8 35 96
8 41 6
8 42 81
8 43 12
8 49 78
8 51 53
8 52 11
8 53 91
8 59 21
8 62 27
8 65 93
8 72 15
8 76 54
8 78 41
8 88 76
8 89 43
8 91 12
8 93 12
8 95 85
8 97 55
8 98 81
8 100 98
8 101 27
8 102 17
8 104 99
8 112 66
8 113 80
8 117 6
8 125 15
8 127 61
8 132 20
8 137 28
8 139 14
8 143 10
8 146 35
9 11 25
9 17 62
9 18 23
9 19 35
9 21 36
9 30 17
9 31 53
9 32 7
9 33 42
9 34 55
9 35 49
9 36 97
9 37 25
9 41 43
9 43 77
9 45 92
9 48 77
9 50 49
9 52 37
9 55 35
9 59 10
9 61 34
9 62 8
9 64 5
9 65 41
9 66 86
9 67 42
9 68 88
9 69 7
9 71 43
9 74 40
9 79 6
9 82 28
9 84 90
9 85 6
9 88 69
9 91 37
9 92 41
9 95 87
9 96 36
9 97 35
9 98 90
9 100 49
9 101 91
9 106 53
9 117 26
9 119 91
9 120 40
9 122 7
9 123 95
9 126 16
9 127 41
9 129 57
9 131 34
9 135 100
9 136 47
9 139 77
9 141 55
9 148 37
10 11 68
10 14 56
10 15 3
10 18 57
10 19 30
10 22 42
10 23 20
10 24 23
10 27 91
10 29 11
10 30 14
10 31 65
10 39 77
10 45 61
10 48 47
10 49 57
10 51 95
10 52 55
10 56 84
10 57 5
10 58 91
10 60 18
10 61 43
10 62 18
10 66 72
10 71 18
10 73 92
10 74 5
10 75 36
10 76 40
10 79 24
10 87 58
10 88 43
10 97 30
10 99 74
10 100 22
10 103 19
10 105 99
10 109 57
10 113 5
10 117 15
10 118 4
10 119 98
10 120 28
10 127 2
10 130 20
10 131 90
10 133 67
10 134 35
10 135 97
10 138 57
10 139 32
10 140 70
10 141 27
10 143 89
10 144 57
10 145 45
10 150 12
11 13 97
11 14 53
11 16 38
11 17 6
11 18 59
11 19 25
11 24 70
11 27 89
11 28 42
11 31 84
11 33 33
11 34 84
11 35 13
11 37 25
11 38 13
11 40 32
11 41 63
11 43 79
11 44 12
11 48 71
11 51 41
11 52 18
11 54 74
11 55 72
11 57 21
11 61 68
11 62 43
11 67 34
11 75 12
11 79 74
11 81 33
11 84 40
11 87 9
11 89 93
11 91 70
11 94 27
11 95 72
11 96 89
11 107 96
11 108 96
11 109 40
11 110 51
11 111 76
11 115 92
11 120 76
11 122 17
11 124 74
11 129 32
11 133 66
11 134 51
11 136 12
11 139 73
11 141 56
11 143 71
11 146 72
12 16 36
12 18 1
12 22 70
12 23 60
12 24 94
12 25 73
12 35 7
12 38 85
12 39 50
12 44 34
12 48 93
12 50 88
12 54 49
12 57 55
12 60 57
12 61 63
12 64 98
12 69 26
12 70 23
12 73 81
12 74 65
12 77 66
12 78 39
12 80 5
12 81 38
12 82 54
12 83 61
12 85 53
12 87 31
12 89 24
12 90 14
12 93 27
12 101 68
12 106 48
12 107 77
12 108 98
12 109 20
12 110 23
12 111 70
12 116 87
12 118 63
12 123 74
12 125 32
12 126 83
12 127 41
12 131 82
12 133 40
12 138 96
12 139 14
12 142 62
12 144 7
12 146 40
12 149 22
13 16 99
13 17 76
13 18 12
13 26 89
13 28 25
13 34 93
13 37 43
13 38 65
13 39 73
13 42 9
13 47 79
13 48 4
13 50 27
13 52 50
13 54 54
13 55 18
13 60 13
13 61 15
13 62 68
13 63 29
13 64 15
13 66 5
13 67 60
13 68 60
13 69 20
13 70 18
13 73 76
13 76 71
13 77 59
13 78 97
13 79 1
13 80 20
13 81 85
13 84 56
13 87 67
13 92 58
13 96 14
13 98 60
13 99 24
13 100 98
13 101 89
13 103 74
13 104 8
13 105 23
13 109 80
13 113 79
13 118 57
13 119 93
13 121 11
13 123 61
13 125 42
13 126 40
13 127 70
13 128 93
13 129 6
13 131 76
13 133 36
13 136 53
13 138 91
13 142 92
13 144 13
13 146 94
13 149 55
13 150 22
14 18 27
14 19 69
14 22 85
14 25 91
14 27 38
14 28 87
14 34 89
14 38 100
14 43 98
14 45 77
14 46 44
14 50 70
14 52 46
14 56 21
14 58 98
14 60 35
14 62 41
14 63 72
14 68 42
14 69 73
14 70 38
14 72 49
14 74 57
14 78 25
14 81 59
14 83 30
14 87 11
14 90 15
14 93 40
14 96 20
14 98 88
14 108 12
14 110 40
14 111 15
14 118 42
14 119 37
14 123 89
14 124 28
14 125 71
14 127 37
14 128 44
14 131 11
14 132 33
14 134 44
14 135 11
14 141 78
14 145 47
14 147 48
14 150 97
15 17 46
15 20 92
15 25 49
15 27 1
15 29 82
15 33 82
15 35 49
15 38 87
15 39 62
15 40 40
15 42 85
15 44 72
15 46 78
15 48 71
15 50 43
15 55 78
15 57 58
15 59 70
15 60 77
15 61 26
15 62 78
15 65 72
15 66 13
15 67 100
15 73 48
15 77 35
15 79 66
15 81 45
15 83 83
15 84 56
15 89 23
15 93 86
15 99 97
15 102 18
15 104 60
15 105 81
15 106 68
15 107 8
15 110 76
15 111 29
15 114 65
15 115 60
15 116 42
15 121 8
15 126 68
15 128 65
15 133 94
15 136 64
15 138 72
15 139 28
15 142 77
15 145 21
15 146 86
15 148 89
15 149 14
15 150 53
16 19 64
16 22 12
16 25 21
16 26 64
16 28 45
16 29 70
16 31 74
16 33 86
16 35 13
16 42 62
16 43 97
16 44 22
16 46 66
16 47 37
16 49 94
16 52 22
16 54 19
16 55 47
16 57 59
16 58 24
16 64 80
16 65 67
16 69 99
16 70 70
16 73 46
16 74 57
16 75 46
16 77 68
16 79 63
16 83 8
16 84 72
16 89 14
16 91 27
16 93 84
16 94 61
16 95 3
16 96 27
16 99 26
16 105 93
16 106 48
16 114 22
16 115 100
16 117 56
16 119 34
16 121 75
16 122 36
16 123 46
