150 10058 1
1 2 44
1 3 46
1 12 35
1 14 86
1 16 65
1 17 1
1 21 25
1 24 46
1 28 33
1 31 11
1 32 42
1 33 63
1 38 10
1 39 42
1 41 32
1 43 25
1 46 56
1 49 86
1 54 85
1 57 26
1 58 86
1 60 84
1 61 6
1 63 2
1 64 70
1 66 74
1 70 63
1 72 7
1 73 25
1 75 44
1 76 33
1 81 94
1 82 68
1 83 79
1 85 79
1 86 8
1 93 62
1 94 72
1 95 72
1 96 64
1 97 6
1 102 65
1 103 67
1 106 30
1 107 21
1 108 6
1 111 52
1 112 78
1 115 80
1 116 61
1 118 10
1 120 59
1 123 28
1 126 54
1 127 54
1 128 18
1 130 69
1 131 39
1 133 11
1 136 70
1 137 38
1 138 61
1 141 14
1 142 66
1 149 87
2 3 8
2 12 1
2 14 45
2 15 25
2 16 5
2 17 2
2 20 74
2 23 79
2 25 52
2 28 20
2 32 53
2 35 20
2 36 86
2 37 33
2 38 92
2 40 91
2 41 60
2 43 28
2 44 80
2 48 28
2 49 27
2 51 43
2 57 97
2 58 58
2 61 40
2 63 45
2 64 44
2 65 62
2 66 36
2 67 83
2 68 33
2 69 50
2 75 3
2 76 97
2 77 95
2 78 50
2 82 93
2 85 43
2 88 98
2 89 30
2 92 62
2 94 76
2 95 85
2 99 34
2 102 11
2 106 79
2 107 75
2 108 64
2 109 91
2 110 51
2 111 11
2 113 16
2 114 14
2 118 97
2 120 22
2 124 42
2 131 19
2 133 23
2 137 84
2 138 65
2 139 93
2 140 57
2 143 16
2 146 73
2 148 54
3 5 16
3 7 85
3 12 21
3 13 75
3 14 1
3 15 59
3 16 67
3 19 2
3 20 95
3 22 46
3 23 50
3 26 21
3 27 92
3 30 19
3 40 16
3 41 28
3 42 54
3 43 93
3 44 66
3 46 93
3 48 90
3 49 5
3 50 47
3 52 66
3 54 36
3 55 60
3 56 99
3 59 39
3 62 25
3 66 93
3 69 92
3 70 69
3 78 47
3 79 53
3 82 74
3 85 8
3 86 54
3 87 59
3 89 95
3 91 61
3 96 34
3 97 6
3 98 49
3 100 96
3 101 13
3 102 16
3 105 70
3 106 15
3 110 48
3 112 60
3 114 59
3 116 66
3 121 74
3 127 58
3 131 60
3 135 30
3 140 31
3 143 86
3 144 26
4 6 32
4 10 4
4 11 12
4 15 45
4 16 63
4 18 91
4 21 51
4 24 68
4 25 38
4 26 39
4 28 78
4 29 24
4 30 99
4 31 31
4 34 35
4 35 54
4 38 24
4 39 63
4 41 60
4 44 77
4 45 76
4 47 5
4 55 5
4 59 31
4 60 90
4 61 61
4 63 44
4 66 18
4 67 99
4 68 30
4 75 92
4 78 47
4 79 92
4 83 14
4 84 44
4 88 31
4 90 79
4 92 72
4 104 16
4 105 92
4 107 87
4 109 84
4 113 97
4 117 87
4 119 94
4 120 94
4 122 63
4 124 88
4 125 25
4 126 4
4 128 93
4 129 99
4 130 23
4 133 69
4 136 77
4 137 68
4 139 9
4 143 77
4 146 85
5 7 70
5 10 83
5 14 69
5 15 99
5 16 6
5 21 51
5 22 9
5 24 11
5 25 90
5 26 21
5 29 77
5 32 9
5 33 90
5 35 37
5 37 90
5 40 25
5 42 12
5 44 15
5 50 39
5 54 27
5 56 18
5 57 36
5 59 10
5 65 52
5 70 52
5 72 74
5 73 23
5 75 58
5 77 52
5 78 33
5 80 27
5 81 26
5 82 27
5 85 86
5 91 65
5 99 15
5 103 2
5 106 30
5 112 68
5 118 71
5 120 68
5 121 63
5 124 94
5 125 66
5 127 70
5 128 34
5 129 14
5 132 95
5 134 84
5 138 30
5 139 38
5 140 82
5 144 91
5 146 82
6 8 53
6 10 26
6 11 11
6 12 69
6 13 27
6 16 98
6 17 52
6 21 36
6 25 39
6 26 54
6 28 100
6 31 46
6 33 51
6 36 32
6 37 36
6 38 9
6 49 2
6 52 42
6 54 13
6 55 55
6 56 90
6 57 86
6 62 43
6 64 44
6 68 84
6 71 83
6 72 96
6 73 34
6 74 83
6 75 39
6 76 20
6 77 32
6 79 12
6 84 26
6 86 71
6 92 90
6 93 72
6 96 72
6 99 95
6 100 12
6 110 42
6 111 97
6 114 46
6 115 81
6 122 6
6 125 58
6 126 40
6 127 57
6 128 16
6 131 76
6 132 9
6 134 51
6 140 16
6 143 52
6 144 21
6 147 68
7 11 53
7 13 15
7 16 75
7 17 19
7 18 34
7 19 33
7 23 84
7 24 41
7 26 62
7 27 11
7 29 50
7 30 55
7 31 12
7 32 34
7 33 85
7 34 48
7 36 13
7 38 98
7 39 26
7 41 89
7 42 63
7 49 62
7 52 80
7 55 49
7 58 31
7 64 29
7 66 16
7 68 77
7 70 76
7 72 69
7 73 43
7 75 11
7 76 17
7 78 32
7 81 70
7 86 54
7 87 83
7 94 14
7 96 42
7 101 7
7 103 13
7 104 2
7 105 44
7 106 9
7 109 6
7 114 53
7 115 25
7 118 79
7 119 9
7 120 92
7 121 2
7 124 52
7 125 23
7 131 44
7 136 48
7 137 85
7 143 28
7 145 36
7 146 100
7 148 86
7 149 14
8 9 71
8 10 20
8 11 81
8 15 81
8 16 93
8 17 61
8 18 78
8 19 84
8 20 67
8 22 40
8 24 9
8 25 65
8 28 66
8 29 71
8 30 45
8 31 76
8 33 68
8 37 51
8 39 22
8 40 57
8 47 10
8 50 21
8 52 17
8 54 66
8 55 94
8 56 84
8 57 65
8 60 2
8 61 76
8 62 48
8 63 5
8 67 36
8 68 1
8 71 75
8 75 38
8 80 54
8 81 8
8 82 99
8 84 95
8 85 80
8 86 59
8 90 77
8 92 68
8 98 98
8 101 71
8 102 90
8 103 30
8 104 73
8 108 55
8 109 13
8 110 17
8 117 8
8 120 9
8 121 24
8 123 97
8 124 85
8 127 95
8 128 4
8 130 6
8 136 37
8 138 78
8 144 54
9 11 63
9 14 2
9 23 79
9 25 79
9 26 21
9 29 29
9 33 38
9 37 68
9 38 75
9 44 83
9 47 37
9 51 64
9 59 60
9 61 49
9 63 34
9 66 40
9 68 94
9 69 63
9 70 16
9 72 89
9 73 67
9 75 83
9 77 9
9 83 9
9 86 28
9 88 100
9 89 77
9 92 42
9 93 14
9 94 98
9 96 26
9 97 41
9 98 55
9 101 81
9 114 79
9 116 55
9 118 80
9 122 54
9 123 88
9 124 93
9 125 44
9 126 7
9 127 62
9 128 63
9 130 85
9 133 21
9 135 49
9 143 28
9 150 49
10 13 46
10 16 55
10 18 55
10 22 48
10 29 57
10 31 9
10 32 7
10 35 8
10 39 54
10 42 93
10 44 55
10 45 44
10 50 62
10 51 50
10 57 45
10 58 96
10 62 65
10 64 89
10 65 12
10 66 59
10 70 17
10 75 41
10 78 99
10 81 16
10 87 24
10 91 14
10 92 10
10 94 86
10 102 96
10 104 37
10 108 91
10 109 96
10 110 79
10 118 11
10 119 91
10 120 84
10 126 35
10 127 72
10 128 93
10 129 36
10 130 27
10 133 70
10 136 43
10 137 50
10 140 70
10 148 100
10 150 79
11 15 99
11 16 45
11 22 93
11 26 58
11 27 43
11 33 18
11 36 94
11 40 49
11 42 43
11 43 56
11 45 20
11 48 40
11 53 44
11 54 81
11 60 22
11 64 11
11 69 50
11 74 34
11 76 34
11 77 56
11 82 73
11 88 33
11 89 63
11 92 34
11 94 17
11 97 66
11 98 68
11 100 31
11 103 38
11 104 9
11 112 24
11 115 44
11 117 16
11 121 43
11 123 58
11 128 46
11 130 100
11 134 76
11 142 29
11 143 90
11 147 31
11 149 51
12 16 77
12 20 34
12 22 94
12 27 4
12 29 32
12 31 72
12 32 36
12 33 97
12 35 10
12 38 98
12 41 76
12 42 84
12 43 93
12 44 8
12 48 72
12 51 82
12 52 83
12 56 55
12 59 70
12 60 88
12 65 75
12 71 16
12 73 75
12 74 37
12 75 51
12 77 37
12 78 68
12 79 13
12 82 27
12 86 78
12 89 81
12 91 94
12 95 63
12 96 82
12 97 20
12 101 74
12 111 45
12 113 69
12 115 9
12 117 77
12 120 67
12 122 91
12 124 66
12 125 89
12 126 56
12 127 28
12 129 65
12 132 87
12 134 45
12 136 93
12 138 88
12 139 40
12 140 89
12 141 24
12 146 97
12 150 3
13 14 59
13 15 69
13 17 81
13 21 63
13 24 52
13 25 18
13 27 55
13 31 71
13 32 98
13 34 70
13 37 20
13 38 31
13 39 94
13 40 92
13 46 62
13 47 77
13 48 56
13 49 91
13 50 19
13 53 27
13 54 72
13 58 1
13 62 33
13 64 46
13 67 89
13 73 86
13 74 17
13 75 7
13 76 86
13 78 75
13 87 88
13 88 34
13 89 45
13 90 82
13 94 45
13 95 3
13 96 5
13 99 19
13 102 32
13 103 7
13 105 12
13 109 38
13 111 28
13 112 32
13 116 72
13 118 11
13 124 12
13 128 20
13 131 60
13 132 64
13 134 4
13 137 35
13 139 81
13 142 46
13 144 21
13 145 32
13 146 76
14 16 59
14 17 60
14 19 90
14 27 9
14 28 6
14 29 36
14 30 37
14 32 56
14 33 33
14 34 86
14 36 45
14 41 36
14 42 18
14 43 51
14 45 18
14 49 66
14 53 3
14 57 38
14 60 30
14 61 66
14 63 57
14 65 77
14 70 45
14 71 15
14 73 34
14 74 12
14 75 66
14 78 14
14 79 8
14 80 30
14 81 67
14 82 70
14 84 73
14 85 81
14 88 96
14 89 23
14 91 56
14 92 92
14 93 24
14 94 40
14 96 18
14 98 48
14 99 94
14 101 34
14 109 71
14 111 59
14 117 17
14 119 1
14 123 36
14 125 26
14 130 22
14 132 97
14 135 71
14 136 17
14 137 59
14 138 90
14 139 67
14 141 60
14 142 72
14 146 35
15 16 42
15 19 83
15 20 23
15 22 60
15 23 72
15 25 9
15 30 44
15 33 5
15 39 12
15 41 32
15 43 25
15 45 14
15 52 60
15 55 85
15 57 52
15 63 63
15 65 80
15 66 29
15 67 7
15 68 31
15 73 24
15 77 53
15 78 91
15 81 96
15 82 79
15 84 27
15 90 50
15 92 71
15 94 81
15 95 39
15 97 12
15 102 54
15 103 6
15 104 7
15 107 17
15 109 63
15 110 5
15 111 81
15 114 72
15 115 23
15 116 49
15 117 17
15 119 44
15 120 100
15 121 97
15 122 35
15 126 54
15 128 65
15 130 9
15 131 30
15 133 3
15 136 1
15 138 46
15 144 70
15 149 27
16 19 49
16 21 66
16 28 44
16 29 86
16 33 14
16 39 99
16 40 68
16 45 92
16 46 67
16 51 4
16 52 85
16 53 76
16 55 13
16 56 94
16 57 70
16 62 34
16 68 77
16 71 98
16 73 21
16 79 89
16 84 96
16 85 50
16 87 98
16 89 3
16 90 39
16 91 34
16 92 84
16 93 15
16 94 13
16 95 51
16 98 55
16 100 58
16 101 35
16 103 17
16 104 91
16 106 99
16 108 99
16 111 35
16 112 95
16 116 59
16 118 87
16 119 94
16 121 27
16 122 11
16 124 26
16 128 38
16 132 4
16 135 39
16 137 26
16 140 11
16 144 11
16 145 79
16 146 47
17 19 71
17 20 70
17 21 51
17 23 73
17 25 72
17 27 26
17 28 38
17 29 12
17 31 96
17 36 95
17 37 19
17 43 57
17 46 67
17 50 3
17 51 27
17 58 45
17 64 66
17 67 56
17 68 77
17 71 16
17 73 70
17 74 59
17 75 27
17 78 43
17 81 95
17 84 1
17 85 12
17 87 27
17 91 61
17 92 31
17 93 27
17 94 46
17 98 32
17 103 14
17 105 80
17 108 87
17 111 33
17 112 46
17 115 36
17 116 93
17 117 37
17 118 61
17 121 62
17 124 35
17 127 47
17 128 1
17 133 19
17 134 98
17 138 25
17 140 42
17 141 100
17 142 38
17 145 86
17 146 89
17 147 29
18 20 17
18 24 8
18 26 44
18 28 30
18 29 37
18 30 82
18 32 83
18 36 32
18 37 67
18 42 4
18 45 62
18 57 27
18 58 4
18 62 62
18 64 33
18 65 6
18 66 47
18 68 73
18 70 77
18 72 11
18 73 80
18 74 34
18 78 60
18 79 84
18 80 20
18 81 1
18 82 71
18 84 6
18 87 28
18 89 81
18 93 72
18 94 40
18 95 72
18 96 56
18 97 32
18 99 99
18 100 30
18 104 63
18 105 93
18 106 21
18 107 41
18 108 99
18 109 55
18 110 21
18 111 53
18 112 55
18 113 73
18 114 38
18 116 47
18 117 89
18 120 85
18 121 50
18 124 24
18 126 19
18 127 4
18 128 30
18 133 98
18 135 5
18 136 13
18 137 35
18 138 19
18 139 46
18 144 9
18 148 26
18 149 43
19 20 29
19 21 5
19 23 100
19 27 62
19 30 84
19 42 91
19 43 95
19 45 61
19 46 7
19 48 14
19 49 3
19 55 41
19 61 60
19 64 21
19 65 8
19 70 55
19 71 94
19 74 10
19 75 3
19 76 16
19 77 14
19 82 50
19 84 94
19 85 41
19 87 71
19 90 12
19 93 38
19 94 89
19 97 76
19 98 20
19 108 45
19 109 2
19 110 69
19 113 74
19 114 78
19 117 66
19 122 94
19 128 64
19 131 100
19 134 91
19 139 89
19 144 1
19 146 61
19 147 39
20 21 43
20 22 21
20 23 75
20 26 54
20 28 89
20 29 5
20 31 74
20 39 5
20 41 35
20 43 64
20 45 77
20 48 17
20 52 88
20 55 36
20 56 67
20 61 76
20 63 89
20 64 51
20 66 25
20 67 70
20 72 19
20 74 51
20 75 71
20 77 5
20 78 16
20 82 63
20 83 12
20 87 76
20 89 22
20 91 47
20 96 51
20 98 48
20 108 58
20 109 98
20 114 43
20 119 92
20 122 23
20 128 13
20 134 14
20 135 48
20 137 62
20 143 91
20 144 55
20 145 60
20 146 74
21 23 37
21 24 54
21 26 62
21 29 11
21 32 72
21 33 7
21 39 91
21 44 49
21 46 46
21 50 24
21 51 10
21 52 38
21 61 30
21 63 53
21 64 100
21 71 4
21 72 62
21 88 48
21 89 86
21 90 94
21 91 27
21 94 96
21 96 84
21 101 18
21 102 98
21 105 46
21 109 16
21 111 11
21 114 54
21 115 7
21 116 29
21 118 86
21 121 77
21 123 58
21 124 33
21 128 11
21 131 36
21 132 35
21 134 34
21 137 97
21 141 74
21 144 74
21 145 13
21 146 70
21 147 82
22 25 64
22 27 33
22 30 58
22 31 95
22 36 75
22 42 55
22 43 99
22 44 61
22 48 100
22 49 83
22 51 17
22 52 12
22 55 54
22 56 28
22 58 42
22 59 19
22 60 97
22 63 39
22 64 8
22 65 55
22 68 28
22 69 37
22 71 91
22 74 29
22 75 36
22 77 79
22 78 83
22 83 51
22 89 53
22 90 73
22 93 31
22 97 10
22 100 2
22 105 54
22 109 26
22 111 75
22 113 100
22 116 13
22 117 6
22 121 62
22 123 11
22 126 17
22 129 29
22 133 4
22 134 30
22 135 6
22 137 7
22 143 86
22 146 92
22 149 20
22 150 61
23 26 99
23 30 16
23 31 13
23 39 55
23 44 8
23 46 63
23 47 7
23 48 29
23 51 6
23 52 2
23 53 38
23 55 86
23 59 79
23 60 50
23 61 50
23 63 25
23 64 29
23 65 4
23 66 72
23 67 12
23 68 48
23 69 12
23 73 49
23 75 78
23 76 50
23 77 13
23 80 45
23 81 65
23 84 9
23 86 62
23 87 4
23 90 3
23 91 93
23 92 55
23 95 45
23 96 100
23 97 43
23 98 96
23 101 99
23 104 73
23 107 97
23 108 69
23 112 15
23 118 36
23 119 58
23 122 63
23 126 36
23 127 99
23 128 62
23 129 3
23 130 13
23 131 34
23 132 37
23 137 74
23 139 72
23 142 22
23 144 8
23 145 10
23 150 59
24 27 18
24 29 63
24 31 1
24 33 33
24 39 58
24 41 83
24 42 23
24 44 63
24 45 5
24 46 4
24 50 71
24 52 17
24 59 51
24 60 54
24 64 96
24 66 57
24 67 53
24 68 66
24 72 9
24 75 60
24 77 72
24 83 41
24 86 77
24 87 65
24 88 95
24 89 28
24 90 5
24 91 49
24 92 25
24 94 8
24 96 21
24 98 8
24 99 2
24 100 48
24 101 63
24 105 30
24 107 52
24 109 7
24 118 69
24 122 58
24 124 33
24 125 80
24 128 30
24 130 45
24 133 85
24 134 54
24 137 20
24 139 52
24 140 84
24 144 11
24 147 88
24 149 12
24 150 24
25 30 77
25 34 7
25 36 27
25 39 48
25 40 12
25 41 5
25 42 67
25 43 85
25 46 34
25 47 96
25 50 40
25 52 57
25 54 45
25 55 28
25 58 54
25 59 2
25 63 48
25 65 38
25 66 20
25 71 47
25 74 8
25 76 34
25 78 81
25 80 68
25 81 37
25 84 82
25 85 45
25 89 15
25 91 89
25 100 46
25 105 12
25 107 10
25 109 28
25 113 79
25 119 97
25 121 85
25 124 26
25 125 64
25 127 18
25 129 72
25 131 43
25 133 1
25 139 92
25 142 58
25 143 72
25 144 86
25 148 85
25 149 80
25 150 96
26 29 58
26 30 17
26 33 86
26 40 94
26 42 14
26 43 40
26 45 48
26 48 27
26 52 54
26 56 70
26 58 91
26 59 11
26 63 87
26 65 37
26 67 61
26 69 75
26 70 2
26 71 74
26 72 36
26 74 81
26 78 41
26 81 47
26 82 82
26 83 18
26 85 95
26 86 96
26 89 83
26 90 30
26 94 12
26 95 4
26 97 20
26 98 94
26 102 91
26 104 20
26 105 6
26 108 97
26 109 49
26 111 64
26 112 16
26 114 79
26 115 29
26 118 32
26 119 86
26 122 31
26 123 19
26 127 4
26 128 19
26 130 94
26 133 98
26 136 29
26 143 45
26 145 3
26 146 34
26 147 72
26 148 52
26 150 15
27 29 52
27 31 63
27 32 64
27 35 90
27 36 5
27 37 29
27 38 28
27 41 85
27 44 3
27 45 97
27 48 32
27 59 67
27 61 23
27 69 93
27 71 17
27 72 62
27 74 89
27 75 66
27 77 5
27 80 70
27 81 41
27 84 28
27 86 77
27 89 62
27 93 18
27 94 39
27 98 7
27 101 37
27 102 60
27 104 35
27 106 61
27 108 29
27 111 86
27 112 76
27 114 67
27 115 56
27 118 99
27 123 61
27 124 45
27 129 69
27 130 53
27 131 43
27 133 64
27 135 92
27 140 3
27 149 10
28 32 84
28 34 97
28 35 80
28 36 20
28 37 17
28 38 51
28 40 54
28 42 100
28 46 69
28 48 86
28 49 38
28 51 45
28 52 33
28 54 56
28 57 43
28 58 80
28 62 77
28 64 79
28 67 81
28 70 68
28 73 27
28 75 20
28 76 96
28 79 22
28 80 22
28 82 7
28 83 52
28 84 31
28 85 19
28 86 18
28 87 90
28 92 39
28 93 38
28 95 62
28 100 17
28 105 15
28 106 78
28 107 64
28 112 36
28 115 87
28 117 64
28 118 1
28 119 54
28 122 58
28 123 75
28 124 63
28 128 77
28 129 78
28 132 69
28 133 8
28 137 38
28 138 70
28 139 12
28 140 76
28 144 52
28 145 14
28 149 92
28 150 36
29 32 21
29 33 8
29 36 20
29 37 83
29 38 61
29 39 27
29 42 55
29 44 72
29 47 6
29 48 14
29 56 89
29 61 20
29 62 96
29 63 11
29 67 100
29 68 50
29 70 14
29 74 3
29 78 86
29 80 77
29 83 33
29 84 89
29 87 92
29 89 32
29 90 17
29 92 33
29 93 97
29 95 33
29 97 26
29 98 37
29 101 8
29 103 76
29 111 98
29 113 40
29 117 77
29 118 1
29 119 14
29 120 88
29 124 35
29 125 76
29 127 15
29 130 56
29 132 5
29 134 34
29 136 52
29 137 5
29 138 60
29 142 75
29 144 76
29 147 11
29 149 62
30 31 58
30 36 62
30 39 93
30 41 62
30 46 70
30 56 1
30 58 56
30 61 85
30 62 34
30 65 64
30 66 82
30 72 38
30 73 14
30 78 47
30 79 39
30 80 52
30 81 22
30 84 14
30 86 69
30 90 33
30 92 65
30 93 89
30 98 91
30 99 39
30 101 44
30 102 71
30 104 36
30 108 21
30 110 100
30 113 33
30 116 35
30 118 85
30 119 17
30 123 35
30 126 9
30 127 17
30 128 15
30 131 8
30 133 7
30 136 86
30 137 27
30 146 19
30 147 18
30 150 19
31 38 70
31 42 52
31 44 35
31 46 20
31 48 74
31 49 82
31 52 42
31 53 52
31 57 72
31 58 27
31 59 3
31 77 93
31 78 82
31 79 76
31 81 12
31 83 83
31 84 63
31 85 76
31 86 59
31 89 29
31 90 29
31 92 25
31 104 1
31 107 50
31 110 41
31 114 82
31 125 38
31 126 18
31 127 39
31 131 90
31 132 78
31 134 54
31 140 5
31 141 66
31 142 62
31 143 9
31 144 40
31 147 39
31 149 94
32 36 4
32 37 9
32 39 15
32 41 53
32 42 46
32 46 26
32 47 40
32 48 36
32 49 44
32 50 73
32 51 69
32 54 28
32 56 39
32 57 6
32 61 42
32 62 51
32 64 99
32 65 8
32 66 83
32 67 59
32 70 92
32 72 14
32 73 73
32 75 24
32 81 75
32 82 25
32 83 93
32 84 49
32 85 20
32 91 95
32 96 67
32 107 8
32 109 35
32 110 16
32 111 73
32 112 13
32 115 43
32 116 59
32 117 4
32 121 100
32 123 2
32 126 43
32 129 19
32 136 18
32 138 21
32 139 14
32 140 5
32 145 28
32 147 22
33 34 94
33 36 90
33 39 49
33 40 4
33 42 45
33 43 18
33 47 73
33 49 80
33 53 55
33 55 16
33 59 29
33 60 18
33 61 20
33 62 39
33 66 38
33 67 37
33 69 70
33 79 33
33 82 7
33 84 38
33 85 71
33 87 82
33 88 43
33 89 34
33 91 69
33 96 23
33 97 18
33 101 89
33 105 79
33 107 83
33 111 39
33 112 88
33 114 51
33 115 82
33 120 27
33 122 17
33 123 5
33 126 13
33 128 27
33 129 79
33 132 25
33 134 5
33 135 18
33 142 63
33 144 66
33 146 98
33 147 2
34 35 33
34 37 92
34 41 58
34 44 64
34 53 95
34 55 57
34 56 44
34 58 15
34 59 50
34 63 59
34 65 48
34 67 21
34 71 44
34 73 96
34 76 92
34 79 89
34 81 83
34 83 17
34 88 76
34 96 52
34 97 9
34 98 36
34 101 60
34 103 15
34 105 11
34 110 88
34 116 16
34 117 81
34 120 24
34 122 41
34 124 34
34 125 42
34 127 37
34 130 20
34 132 61
34 134 94
34 136 100
34 138 4
34 139 51
34 142 21
34 143 79
34 144 37
34 147 75
35 36 74
35 37 20
35 40 58
35 41 98
35 45 99
35 51 5
35 52 97
35 54 31
35 55 13
35 58 18
35 64 50
35 65 55
35 68 24
35 70 79
35 72 90
35 75 58
35 80 86
35 81 91
35 83 77
35 85 27
35 88 57
35 89 9
35 91 65
35 92 63
35 95 13
35 100 68
35 102 47
35 105 51
35 106 52
35 114 54
35 119 7
35 121 82
35 127 61
35 130 43
35 134 6
35 135 5
35 142 65
35 143 84
35 145 10
35 147 89
36 37 93
36 40 65
36 41 94
36 43 82
36 45 50
36 46 37
36 49 51
36 50 71
36 54 36
36 55 81
36 56 75
36 57 91
36 60 88
36 65 82
36 72 2
36 74 53
36 79 67
36 80 27
36 81 8
36 83 75
36 87 79
36 88 29
36 92 77
36 95 71
36 97 83
36 98 70
36 99 34
36 111 34
36 112 34
36 116 31
36 117 51
36 118 32
36 119 52
36 120 77
36 122 51
36 123 54
36 127 95
36 130 72
36 132 24
36 133 87
36 136 38
36 138 44
36 140 80
36 141 63
36 142 7
36 147 85
36 149 37
37 39 93
37 41 61
37 49 74
37 56 39
37 59 10
37 60 15
37 62 26
37 68 13
37 70 97
37 71 81
37 73 29
37 74 9
37 76 95
37 78 30
37 79 96
37 85 50
37 86 3
37 92 97
37 93 94
37 97 55
37 102 62
37 103 35
37 104 91
37 107 56
37 109 31
37 111 47
37 112 97
37 116 36
37 117 34
37 119 38
37 120 65
37 122 78
37 123 13
37 124 57
37 126 81
37 127 86
37 131 38
37 132 96
37 136 54
37 142 24
37 144 9
37 145 6
37 146 10
37 147 97
37 148 58
38 40 38
38 41 48
38 43 99
38 46 98
38 48 73
38 56 85
38 57 43
38 60 87
38 62 54
38 66 96
38 67 18
38 68 60
38 71 50
38 72 45
38 73 97
38 76 54
38 77 47
38 80 52
38 84 6
38 85 14
38 90 13
38 91 73
38 92 58
38 93 94
38 98 19
38 99 1
38 105 47
38 106 3
38 107 54
38 110 51
38 113 18
38 114 32
38 116 96
38 117 36
38 120 46
38 122 95
38 125 59
38 126 70
38 130 91
38 132 48
38 134 13
38 135 74
38 136 100
38 137 36
38 139 22
38 150 58
39 41 72
39 50 45
39 61 55
39 68 88
39 69 52
39 70 53
39 71 85
39 74 65
39 76 50
39 84 47
39 90 24
39 94 92
39 95 97
39 102 6
39 103 57
39 104 70
39 105 50
39 106 2
39 114 94
39 121 96
39 128 87
39 129 21
39 131 35
39 133 53
39 135 7
39 136 93
39 137 52
39 139 45
39 141 35
39 142 88
39 143 34
39 145 6
39 147 29
39 148 57
39 150 41
40 41 40
40 44 77
40 46 49
40 50 91
40 52 98
40 54 82
40 56 17
40 58 24
40 59 17
40 61 69
40 62 90
40 70 12
40 72 54
40 74 3
40 77 34
40 78 89
40 82 44
40 85 13
40 87 77
40 91 62
40 92 53
40 94 98
40 95 21
40 98 27
40 102 7
40 103 46
40 105 3
40 107 87
40 110 29
40 112 64
40 113 88
40 115 66
40 116 95
40 117 62
40 118 75
40 121 29
40 123 27
40 125 33
40 126 34
40 134 53
40 135 54
40 137 55
40 139 30
40 141 13
40 144 92
40 148 71
41 43 23
41 46 46
41 47 53
41 51 94
41 52 100
41 54 78
41 56 2
41 61 12
41 62 82
41 64 16
41 67 81
41 68 44
41 69 26
41 70 26
41 74 34
41 79 80
41 82 91
41 83 37
41 84 69
41 85 96
41 92 88
41 94 91
41 95 62
41 97 85
41 98 79
41 101 39
41 104 58
41 105 9
41 110 78
41 114 12
41 115 9
41 117 39
41 121 1
41 123 17
41 126 6
41 130 52
41 133 51
41 136 13
41 138 48
41 140 79
41 145 48
41 147 80
41 150 19
42 43 71
42 49 93
42 51 73
42 52 73
42 56 50
42 57 90
42 59 36
42 60 45
42 61 16
42 64 82
42 65 37
42 66 88
42 67 10
42 69 7
42 77 49
42 78 57
42 79 38
42 87 60
42 88 65
42 89 88
42 91 95
42 94 49
42 95 45
42 96 62
42 103 33
42 104 97
42 105 74
42 107 47
42 109 97
42 111 69
42 112 67
42 113 30
42 119 3
42 122 49
42 124 11
42 129 48
42 134 43
42 135 65
42 136 46
42 138 7
42 141 69
42 144 76
42 145 40
42 146 19
43 45 36
43 50 8
43 53 99
43 55 1
43 59 94
43 60 37
43 63 7
43 66 62
43 68 33
43 70 85
43 72 2
43 76 84
43 78 55
43 80 51
43 84 96
43 85 12
43 86 63
43 87 20
43 88 29
43 89 68
43 90 25
43 92 94
43 97 95
43 99 45
43 100 48
43 102 32
43 106 74
43 107 97
43 110 12
43 111 12
43 115 8
43 117 45
43 122 27
43 124 79
43 126 97
43 127 21
43 128 30
43 130 19
43 131 68
43 132 43
43 133 8
43 134 63
43 136 50
43 141 17
43 148 47
43 149 80
44 46 67
44 52 15
44 53 61
44 58 80
44 59 90
44 63 87
44 65 78
44 67 6
44 70 82
44 71 84
44 73 41
44 74 85
44 75 16
44 76 83
44 84 45
44 85 40
44 87 5
44 88 81
44 90 15
44 96 74
44 98 36
44 102 48
44 104 34
44 106 10
44 107 78
44 110 28
44 113 59
44 115 66
44 117 81
44 119 15
44 121 89
44 122 94
44 128 88
44 129 18
44 131 60
44 132 48
44 134 70
44 137 43
44 138 6
44 141 18
44 150 81
45 46 88
45 50 19
45 51 73
45 52 18
45 57 85
45 58 14
45 60 14
45 63 14
45 68 13
45 69 99
45 70 11
45 73 85
45 77 12
45 78 14
45 80 78
45 83 10
45 87 59
45 90 73
45 94 25
45 97 67
45 98 97
45 99 97
45 100 82
45 101 67
45 102 60
45 104 87
45 106 58
45 112 66
45 113 38
45 116 14
45 117 86
45 118 28
45 121 20
45 122 77
45 124 29
45 127 37
45 129 36
45 131 41
45 132 16
45 135 86
45 136 50
45 138 22
45 139 81
45 141 83
45 146 18
45 148 91
46 47 82
46 49 97
46 55 80
46 57 34
46 60 38
46 62 87
46 63 90
46 64 7
46 67 50
46 68 88
46 69 24
46 70 44
46 73 34
46 74 97
46 76 32
46 80 35
46 83 36
46 84 3
46 91 85
46 92 71
46 94 83
46 98 16
46 101 11
46 102 49
46 105 49
46 107 62
46 111 100
46 114 16
46 119 80
46 120 86
46 121 61
46 122 54
46 125 23
46 126 1
46 127 53
46 131 31
46 133 33
46 134 39
46 144 45
46 145 14
47 51 75
47 55 41
47 57 28
47 59 18
47 60 42
47 61 54
47 62 46
47 66 13
47 67 71
47 74 54
47 75 6
47 76 52
47 78 68
47 80 98
47 82 92
47 84 44
47 85 64
47 86 68
47 90 5
47 97 69
47 101 3
47 104 4
47 106 39
47 112 34
47 117 83
47 119 35
47 120 4
47 125 96
47 132 75
47 133 80
47 134 16
47 135 22
47 136 23
47 137 59
47 138 31
47 139 77
47 141 71
47 142 65
47 143 6
47 145 40
47 147 64
47 150 26
48 49 57
48 53 83
48 54 57
48 55 64
48 56 48
48 62 63
48 64 8
48 66 77
48 68 3
48 83 72
48 86 48
48 87 22
48 89 44
48 90 42
48 93 33
48 95 35
48 99 40
48 102 100
48 103 76
48 105 25
48 109 75
48 111 4
48 112 48
48 114 76
48 117 18
48 118 94
48 119 89
48 120 73
48 126 41
48 127 45
48 128 81
48 131 97
48 133 60
48 134 6
48 137 78
48 138 16
48 139 39
48 149 88
49 50 90
49 51 84
49 55 22
49 57 77
49 61 8
49 63 36
49 64 95
49 67 22
49 70 51
49 72 85
49 76 29
49 77 63
49 82 68
49 84 53
49 86 23
49 91 5
49 93 86
49 95 1
49 96 65
49 97 92
49 99 48
49 100 56
49 102 8
49 103 58
49 104 88
49 106 23
49 112 59
49 118 76
49 120 42
49 121 77
49 125 48
49 126 100
49 127 37
49 128 73
49 129 87
49 132 37
49 135 91
49 136 77
49 138 8
49 142 98
49 143 13
49 145 96
49 147 49
49 150 29
50 51 41
50 53 33
50 54 80
50 55 29
50 56 50
50 57 80
50 58 20
50 60 76
50 63 34
50 66 8
50 67 14
50 71 67
50 76 23
50 77 2
50 79 63
50 80 26
50 81 41
50 83 33
50 86 86
50 88 91
50 90 45
50 91 75
50 93 44
50 96 54
50 100 38
50 101 34
50 103 31
50 104 44
50 113 94
50 115 28
50 116 47
50 118 2
50 120 60
50 124 92
50 126 28
50 131 38
50 138 31
50 144 81
50 146 33
50 148 17
50 150 31
51 56 29
51 62 44
51 64 38
51 67 44
51 70 53
51 72 71
51 73 13
51 74 28
51 75 95
51 76 2
51 78 34
51 82 8
51 83 87
51 87 51
51 89 47
51 91 38
51 95 82
51 96 5
51 97 72
51 99 82
51 100 4
51 104 10
51 109 93
51 110 45
51 113 44
51 116 97
51 119 20
51 121 69
51 122 9
51 127 96
51 128 58
51 134 24
51 136 30
51 140 43
51 141 69
51 145 37
51 149 31
51 150 14
52 53 7
52 57 32
52 60 77
52 66 87
52 73 45
52 74 11
52 76 53
52 79 83
52 81 24
52 82 88
52 84 43
52 87 71
52 88 20
52 89 19
52 90 90
52 92 39
52 93 14
52 96 2
52 101 50
52 102 56
52 103 58
52 105 81
52 109 25
52 110 8
52 111 79
52 113 34
52 114 94
52 115 100
52 116 58
52 117 62
52 118 23
52 119 23
52 120 91
52 122 62
52 124 40
52 125 83
52 131 98
52 132 67
52 133 40
52 136 96
52 137 68
52 138 98
52 140 8
52 142 57
52 143 99
52 145 8
52 146 7
52 147 15
52 148 90
53 54 47
53 56 11
53 57 8
53 60 66
53 63 55
53 64 4
53 66 86
53 68 28
53 70 44
53 71 81
53 81 57
53 86 74
53 91 89
53 93 53
53 94 32
53 98 30
53 99 79
53 102 84
53 108 70
53 110 100
53 111 30
53 113 65
53 114 83
53 116 82
53 121 90
53 122 47
53 125 61
53 127 94
53 130 27
53 131 12
53 133 55
53 134 72
53 136 32
53 138 55
53 140 1
53 147 100
53 149 82
53 150 1
54 55 19
54 59 45
54 60 30
54 61 95
54 62 45
54 63 38
54 66 54
54 71 81
54 74 39
54 78 45
54 86 56
54 87 74
54 91 37
54 93 54
54 98 24
54 99 1
54 101 84
54 102 61
54 103 12
54 111 94
54 115 9
54 119 50
54 121 99
54 125 30
54 128 52
54 130 60
54 133 56
54 138 57
54 144 59
55 57 30
55 61 93
55 62 34
55 67 33
55 69 9
55 70 53
55 72 41
55 73 25
55 76 12
55 85 77
55 90 88
55 94 89
55 95 25
55 98 91
55 99 28
55 100 32
55 102 98
55 103 61
55 104 95
55 106 16
55 109 47
55 121 58
55 123 11
55 125 67
55 127 26
55 128 94
55 129 9
55 131 34
55 132 40
55 133 95
55 134 84
55 137 61
55 139 50
55 140 5
55 141 70
55 143 69
55 149 37
55 150 43
56 59 23
56 60 50
56 63 4
56 67 55
56 68 94
56 71 68
56 72 94
56 76 52
56 77 19
56 78 43
56 80 90
56 83 11
56 84 45
56 87 34
56 88 75
56 90 96
56 93 90
56 95 9
56 97 61
56 98 33
56 100 24
56 101 2
56 104 15
56 110 65
56 111 92
56 113 44
56 116 80
56 118 67
56 119 76
56 120 59
56 121 19
56 124 31
56 125 47
56 127 77
56 129 21
56 131 87
56 134 97
56 138 56
56 140 78
56 141 54
56 143 74
56 145 86
56 149 57
56 150 30
57 59 50
57 61 60
57 63 96
57 65 42
57 70 68
57 76 59
57 77 59
57 79 73
57 80 42
57 81 33
57 83 74
57 85 85
57 87 36
57 93 62
57 96 44
57 97 99
57 98 80
57 99 100
57 100 13
57 102 73
57 104 42
57 105 10
57 107 14
57 108 83
57 111 47
57 114 76
57 117 14
57 120 99
57 121 81
57 122 56
57 127 94
57 130 22
57 134 31
57 137 55
57 138 17
57 142 10
57 143 92
57 144 9
57 145 23
57 149 6
58 59 99
58 61 27
58 64 48
58 65 65
58 69 92
58 71 98
58 72 24
58 73 37
58 75 29
58 76 7
58 86 78
58 87 98
58 88 31
58 89 1
58 91 51
58 94 10
58 98 79
58 99 6
58 100 59
58 103 86
58 109 98
58 110 80
58 112 41
58 113 46
58 114 83
58 115 27
58 119 54
58 120 59
58 122 84
58 124 27
58 129 57
58 130 20
58 131 65
58 132 78
58 137 90
58 138 11
58 140 26
58 143 40
58 147 56
58 150 59
59 60 13
59 61 91
59 62 25
59 63 75
59 64 68
59 65 20
59 67 63
59 71 52
59 72 1
59 73 9
59 76 74
59 78 61
59 80 90
59 83 68
59 84 47
59 85 90
59 86 69
59 87 47
59 88 87
59 94 64
59 97 37
59 98 55
59 99 21
59 102 71
59 105 7
59 106 82
59 107 49
59 109 69
59 110 100
59 112 68
59 115 73
59 116 71
59 120 68
59 121 59
59 122 39
59 123 78
59 125 58
59 127 27
59 128 1
59 130 27
59 133 13
59 135 51
59 137 94
59 145 47
59 146 25
59 147 15
59 148 35
59 149 93
60 61 16
60 62 17
60 64 95
60 65 66
60 66 22
60 68 82
60 73 48
60 74 96
60 75 25
60 78 64
60 80 8
60 81 60
60 83 28
60 85 49
60 86 23
60 89 61
60 91 69
60 92 88
60 93 60
60 97 13
60 98 29
60 100 55
60 101 94
60 105 76
60 106 25
60 109 60
60 112 66
60 117 7
60 120 54
60 121 70
60 122 14
60 123 25
60 127 47
60 133 92
60 138 29
60 139 8
60 140 43
60 144 4
60 145 95
60 148 3
60 149 17
61 62 70
61 64 68
61 65 7
61 66 23
61 70 67
61 71 8
61 72 32
61 73 68
61 74 6
61 76 19
61 80 100
61 82 70
61 83 84
61 84 93
61 85 40
61 86 95
61 87 52
61 88 79
61 90 65
61 91 39
61 92 56
61 93 59
61 94 57
61 96 5
61 100 4
61 102 28
61 103 15
61 105 3
61 106 39
61 108 38
61 110 64
61 114 75
61 115 14
61 118 11
61 119 21
61 120 67
61 121 4
61 123 27
61 129 45
61 133 83
61 134 22
61 135 47
61 136 34
61 137 72
61 138 1
61 139 35
61 143 56
61 149 66
61 150 60
62 63 89
62 64 31
62 66 18
62 70 75
62 75 26
62 78 75
62 79 30
62 81 49
62 88 42
62 93 5
62 94 30
62 99 81
62 100 1
62 101 62
62 102 79
62 103 14
62 104 14
62 106 26
62 111 2
62 113 28
62 114 75
62 115 90
62 117 52
62 118 62
62 123 14
62 132 5
62 133 61
62 138 26
62 140 7
62 142 49
62 143 76
62 146 97
62 149 92
63 69 74
63 70 53
63 72 40
63 74 96
63 75 83
63 78 29
63 83 99
63 84 45
63 86 10
63 87 93
63 89 44
63 90 54
63 96 50
63 99 55
63 104 89
63 105 12
63 107 100
63 112 97
63 114 80
63 116 70
63 117 8
63 118 3
63 120 44
63 122 72
63 123 87
63 124 39
63 126 37
63 137 16
63 142 49
63 144 59
63 148 48
63 150 3
64 65 41
64 70 36
64 79 55
64 82 8
64 83 15
64 84 5
64 91 4
64 96 66
64 99 47
64 100 98
64 101 12
64 102 31
64 104 1
64 106 5
64 113 27
64 117 1
64 118 95
64 121 55
64 123 3
64 125 37
64 127 30
64 132 21
64 137 2
64 140 45
64 141 27
64 142 6
64 144 1
64 146 44
64 150 75
65 69 89
65 70 50
65 71 38
65 72 32
65 76 68
65 80 17
65 85 32
65 88 21
65 89 13
65 90 30
65 91 40
65 93 3
65 94 2
65 104 5
65 109 48
65 114 49
65 116 33
65 122 76
65 125 31
65 134 72
65 137 38
65 141 20
65 142 10
65 147 81
65 148 44
66 68 97
66 70 100
66 73 86
66 77 30
66 80 19
66 83 16
66 85 27
66 87 80
66 91 48
66 94 10
66 97 49
66 98 35
66 99 86
66 100 88
66 101 63
66 103 16
66 107 7
66 108 72
66 111 81
66 112 10
66 113 71
66 116 52
66 117 70
66 123 26
66 124 19
66 125 95
66 127 71
66 130 76
66 131 4
66 132 80
66 134 97
66 135 68
66 136 50
66 138 72
66 145 5
66 146 97
66 148 3
66 149 70
67 72 68
67 73 26
67 74 13
67 85 91
67 87 65
67 90 8
67 91 39
67 96 53
67 97 7
67 98 22
67 103 60
67 106 63
67 109 45
67 114 43
67 115 39
67 117 27
67 119 59
67 122 17
67 124 48
67 129 97
67 132 39
67 133 18
67 134 20
67 136 12
67 137 45
67 138 8
67 139 23
67 150 6
68 70 46
68 72 14
68 73 72
68 74 3
68 77 14
68 79 98
68 80 26
68 85 45
68 87 40
68 88 78
68 92 38
68 96 57
68 98 84
68 99 87
68 102 87
68 104 56
68 106 49
68 107 86
68 108 43
68 111 6
68 112 49
68 115 40
68 117 63
68 118 19
68 120 88
68 125 18
68 126 95
68 133 93
68 135 7
68 138 32
68 144 97
68 145 10
68 148 80
68 149 29
69 72 78
69 77 22
69 81 71
69 82 9
69 84 14
69 87 28
69 88 2
69 93 50
69 94 41
69 98 67
69 101 45
69 103 1
69 105 45
69 107 88
69 109 72
69 116 39
69 120 15
69 121 72
69 125 72
69 127 56
69 128 41
69 129 14
69 130 37
69 131 10
69 149 55
70 72 91
70 74 58
70 76 5
70 79 4
70 80 10
70 82 11
70 86 98
70 88 73
70 95 65
70 97 2
70 99 45
70 101 13
70 102 54
70 104 35
70 105 95
70 107 31
70 108 65
70 110 37
70 111 5
70 113 97
70 115 57
70 120 86
70 121 55
70 124 3
70 130 32
70 131 80
70 132 85
70 135 93
70 138 24
70 140 76
70 142 10
70 148 26
70 149 25
70 150 14
71 75 57
71 77 67
71 79 81
71 80 34
71 81 100
71 84 89
71 85 44
71 87 23
71 89 12
71 90 95
71 93 6
71 94 2
71 96 69
71 101 11
71 104 58
71 105 66
71 108 7
71 109 77
71 110 57
71 111 89
71 119 35
71 120 9
71 121 74
71 122 21
71 125 66
71 130 15
71 131 18
71 132 7
71 141 9
71 142 17
71 146 63
71 149 46
72 73 23
72 74 11
72 80 51
72 83 79
72 85 51
72 86 24
72 89 59
72 90 68
72 91 5
72 92 30
72 95 76
72 97 21
72 99 16
72 100 62
72 103 97
72 104 25
72 106 61
72 110 96
72 111 27
72 112 73
72 113 41
72 114 22
72 115 11
72 116 94
72 117 53
72 124 45
72 125 39
72 130 34
72 137 45
72 138 2
72 148 17
73 74 88
73 83 52
73 84 3
73 85 51
73 93 29
73 95 71
73 96 89
73 97 18
73 99 55
73 101 45
73 102 43
73 104 99
73 105 21
73 106 22
73 111 86
73 113 38
73 120 50
73 121 46
73 122 41
73 125 17
73 126 92
73 127 91
73 129 43
73 132 41
73 133 92
73 136 48
73 137 25
73 140 55
73 141 95
73 146 71
73 147 10
73 149 9
73 150 77
74 77 43
74 78 95
74 80 3
74 81 81
74 86 43
74 92 95
74 94 70
74 96 15
74 97 9
74 106 90
74 114 73
74 115 12
74 118 88
74 120 14
74 121 4
74 122 18
74 124 2
74 132 82
74 133 84
74 136 80
74 139 61
74 145 12
74 146 36
74 147 19
75 77 46
75 78 18
75 81 74
75 83 60
75 84 65
75 86 52
75 87 89
75 93 28
75 96 11
75 98 97
75 100 86
75 101 59
75 103 70
75 106 44
75 110 37
75 111 90
75 112 57
75 117 56
75 118 83
75 119 58
75 121 38
75 122 47
75 124 8
75 125 61
75 127 51
75 128 95
75 130 46
75 132 34
75 133 16
75 135 88
75 136 59
75 138 9
75 139 63
75 144 62
75 145 43
75 149 35
75 150 28
76 78 25
76 80 90
76 82 31
76 84 19
76 85 86
76 87 28
76 91 95
76 92 38
76 100 29
76 103 66
76 109 19
76 111 27
76 112 15
76 114 69
76 116 71
76 119 69
76 122 21
76 123 49
76 126 13
76 127 47
76 133 9
76 137 51
76 138 65
76 139 90
76 141 18
76 142 48
76 143 75
76 144 71
76 147 25
76 148 94
76 149 31
76 150 97
77 79 99
77 80 65
77 81 73
77 82 13
77 83 52
77 84 68
77 88 55
77 90 82
77 92 67
77 95 84
77 103 61
77 109 51
77 112 68
77 113 6
77 114 77
77 115 73
77 117 87
77 120 64
77 121 95
77 127 14
77 130 65
77 133 3
77 137 81
77 139 47
77 142 40
77 145 46
77 146 48
77 149 28
77 150 33
78 81 79
78 82 10
78 89 76
78 93 8
78 94 84
78 95 6
78 96 34
78 97 63
78 98 24
78 99 34
78 100 3
78 102 76
78 106 52
78 108 3
78 109 76
78 111 69
78 112 79
78 113 97
78 118 58
78 120 19
78 121 61
78 123 58
78 126 18
78 127 55
78 130 49
78 133 64
78 137 53
78 138 81
78 140 24
78 142 79
78 146 79
78 150 97
79 82 74
79 83 81
79 84 53
79 87 46
79 88 41
79 89 51
79 92 78
79 96 2
79 98 42
79 99 80
79 100 9
79 105 53
79 114 52
79 116 1
79 117 26
79 121 16
79 123 9
79 125 81
79 128 52
79 138 91
79 142 98
79 150 10
80 81 10
80 83 69
80 84 64
80 85 89
80 86 54
80 88 26
80 90 17
80 92 45
80 93 89
80 95 67
80 99 4
80 101 99
80 108 16
80 112 76
80 116 28
80 119 57
80 121 18
80 122 89
80 124 51
80 125 2
80 126 10
80 132 23
80 133 47
80 142 28
80 147 43
80 148 2
80 150 53
81 82 64
81 86 25
81 88 93
81 89 39
81 91 6
81 92 49
81 93 15
81 97 57
81 99 28
81 102 70
81 104 69
81 105 77
81 106 72
81 108 12
81 109 68
81 110 9
81 111 1
81 113 17
81 118 77
81 122 14
81 123 21
81 127 62
81 129 21
81 131 84
81 134 25
81 135 35
81 139 51
81 140 54
81 141 95
81 145 32
81 146 50
81 147 23
82 83 18
82 90 65
82 91 32
82 98 20
82 104 17
82 105 24
82 108 65
82 109 66
82 110 86
82 112 66
82 113 70
82 120 27
82 122 61
82 123 35
82 125 38
82 129 30
82 130 46
82 134 21
82 137 54
82 138 33
82 144 63
82 145 88
82 147 34
82 150 83
83 85 95
83 87 44
83 89 45
83 90 24
83 92 99
83 94 83
83 95 48
83 96 97
83 97 4
83 99 50
83 100 2
83 102 95
83 103 70
83 108 13
83 116 49
83 118 3
83 121 91
83 123 47
83 124 88
83 130 28
83 131 13
83 134 99
83 135 68
83 137 47
83 139 42
83 140 35
83 141 3
83 145 67
83 148 68
84 92 7
84 96 33
84 99 10
84 100 92
84 101 99
84 103 63
84 107 41
84 113 35
84 115 66
84 117 59
84 119 47
84 121 28
84 123 8
84 125 20
84 129 54
84 141 54
84 143 6
84 145 42
84 146 90
85 91 79
85 92 49
85 93 49
85 98 66
85 99 54
85 100 49
85 102 35
85 104 43
85 107 10
85 110 6
85 111 75
85 114 47
85 115 9
85 116 33
85 118 31
85 119 96
85 120 40
85 122 71
85 125 78
85 126 90
85 133 8
85 134 31
85 138 39
85 139 20
85 142 64
85 143 67
85 148 82
85 150 54
86 88 50
86 89 29
86 90 56
86 93 10
86 96 31
86 98 97
86 100 30
86 102 60
86 111 58
86 116 7
86 118 24
86 119 91
86 120 46
86 121 50
86 122 81
86 124 90
86 125 44
86 126 65
86 127 15
86 130 58
86 132 53
86 133 92
86 135 93
86 139 29
86 140 1
86 141 4
86 143 51
86 147 76
86 149 12
87 88 13
87 93 68
87 95 51
87 98 10
87 101 31
87 102 50
87 103 59
87 104 24
87 105 97
87 106 72
87 107 57
87 110 28
87 111 96
87 113 86
87 114 87
87 115 4
87 118 71
87 119 49
87 121 77
87 122 45
87 126 65
87 128 78
87 129 55
87 130 70
87 131 2
87 135 24
87 139 22
87 140 83
87 141 19
87 142 44
87 143 42
87 145 10
87 147 37
88 89 85
88 93 18
88 94 88
88 95 48
88 97 59
88 102 13
88 104 61
88 107 100
88 108 1
88 109 21
88 110 10
88 111 40
88 113 65
88 115 35
88 116 63
88 119 44
88 120 7
88 121 31
88 122 88
88 125 20
88 126 76
88 128 49
88 130 30
88 136 49
88 137 83
88 139 58
88 144 26
88 145 15
88 146 70
88 147 49
89 90 8
89 96 15
89 97 53
89 98 87
89 100 54
89 101 28
89 102 16
89 104 77
89 107 40
89 112 43
89 113 40
89 115 37
89 116 32
89 120 53
89 121 35
89 123 14
89 130 87
89 131 17
89 132 4
89 141 85
89 142 21
89 146 40
89 147 57
89 150 41
90 93 4
90 95 22
90 96 2
90 98 54
90 99 31
90 102 14
90 104 48
90 106 82
90 107 7
90 109 97
90 113 56
90 115 24
90 116 36
90 117 22
90 120 100
90 122 99
90 123 40
90 124 69
90 125 75
90 128 34
90 130 62
90 131 58
90 132 81
90 133 88
90 134 49
90 137 95
90 141 46
90 145 23
90 146 60
90 147 97
90 148 17
90 149 100
90 150 14
91 95 3
91 97 99
91 98 19
91 102 19
91 104 36
91 105 12
91 115 79
91 116 10
91 119 99
91 122 40
91 123 79
91 124 96
91 127 59
91 129 30
91 130 17
91 131 99
91 132 46
91 139 28
91 140 72
91 143 52
91 144 23
91 145 79
91 148 70
91 149 81
91 150 83
92 95 93
92 97 69
92 98 54
92 100 53
92 106 5
92 107 2
92 111 58
92 113 53
92 114 58
92 115 97
92 116 27
92 117 4
92 120 90
92 122 19
92 123 96
92 125 85
92 134 86
92 137 53
92 141 99
92 142 12
92 146 81
92 148 55
92 149 59
93 97 56
93 105 54
93 106 53
93 108 55
93 110 19
93 111 59
93 112 68
93 114 48
93 117 50
93 119 49
93 120 34
93 129 73
93 134 21
93 135 44
93 139 65
93 142 28
93 148 30
93 150 72
94 95 76
94 96 72
94 97 100
94 100 16
94 102 81
94 103 28
94 105 24
94 107 76
94 113 70
94 114 60
94 116 88
94 122 41
94 130 33
94 131 39
94 132 34
94 135 61
94 136 47
94 140 72
94 142 100
94 143 68
94 148 49
94 150 55
95 96 9
95 97 45
95 100 32
95 101 39
95 103 53
95 104 88
95 111 13
95 117 26
95 119 59
95 121 74
95 123 70
95 125 70
95 127 80
95 130 15
95 132 71
95 134 87
95 135 43
95 136 72
95 137 24
95 139 50
95 141 81
95 142 35
95 145 96
95 146 10
95 149 94
96 97 75
96 101 87
96 104 43
96 112 49
96 114 80
96 116 60
96 117 98
96 122 50
96 124 52
96 125 40
96 126 14
96 127 85
96 130 74
96 132 8
96 134 13
96 135 16
96 136 40
96 141 17
96 143 32
96 145 62
96 149 62
97 100 14
97 101 66
97 106 2
97 107 63
97 108 91
97 109 24
97 111 18
97 113 76
97 116 46
97 119 67
97 120 78
97 122 54
97 124 51
97 127 33
97 128 24
97 133 49
97 136 49
97 138 28
97 141 81
97 147 14
98 99 12
98 100 95
98 103 49
98 104 20
98 113 33
98 114 40
98 118 21
98 119 79
98 124 92
98 125 76
98 128 11
98 129 31
98 131 5
98 134 33
98 135 11
98 139 87
98 142 53
98 143 29
98 145 23
98 149 7
99 101 92
99 104 19
99 106 47
99 108 58
99 111 20
99 113 31
99 118 27
99 119 8
99 121 10
99 123 45
99 125 71
99 127 33
99 129 79
99 130 82
99 132 76
99 135 53
99 138 23
99 141 51
99 146 68
99 149 29
100 101 73
100 102 34
100 103 22
100 107 29
100 109 40
100 111 49
100 114 54
100 118 50
100 119 21
100 120 33
100 122 48
100 144 99
100 146 11
100 147 81
100 148 9
100 149 66
100 150 46
101 103 86
101 104 96
101 106 12
101 108 14
101 109 39
101 111 2
101 114 88
101 116 64
101 117 31
101 118 3
101 119 23
101 120 21
101 122 4
101 126 4
101 128 19
101 130 62
101 131 43
101 136 83
101 137 54
101 138 36
101 139 38
101 140 91
101 145 68
101 147 43
101 148 42
102 103 36
102 105 45
102 106 42
102 108 44
102 112 53
102 113 15
102 114 43
102 120 52
102 124 42
102 125 12
102 128 2
102 130 59
102 133 6
102 135 98
102 139 41
102 140 67
102 145 30
102 146 77
102 148 3
103 104 74
103 109 91
103 113 58
103 115 53
103 116 5
103 118 58
103 120 71
103 122 61
103 123 22
103 125 29
103 126 61
103 127 91
103 130 12
103 131 67
103 133 10
103 134 25
103 137 82
103 139 75
103 140 94
103 141 61
103 143 46
103 144 55
103 145 40
103 146 42
103 149 95
104 108 40
104 110 48
104 113 44
104 115 44
104 116 52
104 120 63
104 124 54
104 125 14
104 126 46
104 127 84
104 132 41
104 133 93
104 134 60
104 135 35
104 136 70
104 139 39
104 140 72
104 141 24
104 142 43
104 143 82
104 144 62
104 147 50
104 148 36
104 149 90
105 107 11
105 111 5
105 114 9
105 116 10
105 118 61
105 121 13
105 122 29
105 126 14
105 132 42
105 133 74
105 135 5
105 137 93
105 138 80
105 140 44
105 142 72
105 143 60
105 146 81
106 108 53
106 111 39
106 113 20
106 117 87
106 121 33
106 122 99
106 124 94
106 125 12
106 126 67
106 129 57
106 130 29
106 131 27
106 134 90
106 136 26
106 137 76
106 139 13
106 140 25
106 141 30
106 142 91
106 147 41
106 150 23
107 115 78
107 116 81
107 117 58
107 120 31
107 123 67
107 125 50
107 132 79
107 133 48
107 134 50
107 143 28
107 148 74
107 149 97
107 150 66
108 111 5
108 115 28
108 116 76
108 127 11
108 128 31
108 130 33
108 133 95
108 135 48
108 141 89
108 142 81
108 145 11
108 146 62
109 110 99
109 112 16
109 115 48
109 122 50
109 124 10
109 127 58
109 128 7
109 138 100
109 144 8
109 146 77
109 148 38
109 149 17
109 150 16
110 114 37
110 117 100
110 123 55
110 124 68
110 125 40
110 132 48
110 134 8
110 136 86
110 137 74
110 143 18
110 144 65
110 145 40
110 147 70
110 148 80
111 112 76
111 114 24
111 115 42
111 120 66
111 121 61
111 122 26
111 125 62
111 126 61
111 128 52
111 129 37
111 135 48
111 139 38
111 141 2
111 142 100
111 143 4
111 144 71
111 146 19
111 148 79
111 149 15
112 113 82
112 116 69
112 117 27
112 125 8
112 129 79
112 130 87
112 132 75
112 134 35
112 135 97
112 140 92
112 142 22
112 143 27
112 144 1
112 145 65
113 119 81
113 120 52
113 121 62
113 125 15
113 128 46
113 129 76
113 130 49
113 131 98
113 135 28
113 143 54
113 150 36
114 116 13
114 119 80
114 120 2
114 121 79
114 123 92
114 130 15
114 135 67
114 136 73
114 137 9
114 139 99
114 141 1
114 146 76
114 147 93
114 150 94
115 120 70
115 121 7
115 122 39
115 124 84
115 125 31
115 126 80
115 127 59
115 132 71
115 134 1
115 135 36
115 136 35
115 142 52
115 144 59
115 147 31
115 148 79
116 117 92
116 119 68
116 122 39
116 123 12
116 129 59
116 133 84
116 138 5
116 141 23
116 144 64
116 147 89
117 118 31
117 121 48
117 123 27
117 129 1
117 131 65
117 133 1
117 135 91
117 137 82
117 141 92
117 145 48
118 120 70
118 124 52
118 127 24
118 129 59
118 135 46
118 136 88
118 140 27
118 143 19
118 144 96
118 146 2
118 148 93
118 149 93
118 150 40
119 122 87
119 123 60
119 127 99
119 128 51
119 129 83
119 131 56
119 132 22
119 137 35
119 139 12
119 140 49
119 141 60
119 142 29
119 143 96
120 121 90
120 124 14
120 125 31
120 126 37
120 127 19
120 129 89
120 131 18
120 139 60
120 141 66
120 142 40
120 145 78
121 123 44
121 127 38
121 132 69
121 135 60
121 137 88
121 139 94
121 141 66
121 144 76
121 145 9
121 146 58
121 148 70
121 149 15
122 123 3
122 124 64
122 131 78
122 135 22
122 137 19
122 139 20
122 140 2
122 141 68
122 144 46
122 145 71
122 148 7
122 149 64
123 125 56
123 126 43
123 129 2
123 131 87
123 132 85
123 135 61
123 137 9
123 140 12
123 142 50
123 143 72
123 147 81
123 148 4
123 149 60
123 150 74
124 125 95
124 126 70
124 127 16
124 128 48
124 130 10
124 131 17
124 134 25
124 139 51
124 141 81
124 144 4
124 148 11
124 149 70
125 128 60
125 129 1
125 140 8
125 141 97
125 143 76
125 148 87
126 128 51
126 131 90
126 135 51
126 140 8
126 141 15
126 142 49
126 143 66
126 145 32
126 146 16
126 147 12
127 128 56
127 129 11
127 132 12
127 136 66
127 149 36
127 150 43
128 131 64
128 134 32
128 138 85
128 139 20
128 142 87
128 144 72
128 145 2
129 130 22
129 134 98
129 137 48
129 138 72
129 142 54
129 144 24
129 145 95
129 146 11
129 149 99
129 150 89
130 131 29
130 132 52
130 134 82
130 135 94
130 139 45
130 140 99
130 141 41
130 144 22
130 148 95
130 149 19
130 150 38
131 133 34
131 134 72
131 135 2
131 139 50
131 140 61
131 142 6
131 143 16
131 144 100
131 146 36
131 149 98
132 135 97
132 137 83
132 138 60
132 143 27
132 145 54
132 148 65
132 149 46
133 134 92
133 138 2
133 140 8
133 143 73
133 144 53
133 147 17
134 135 54
134 139 79
134 140 86
134 147 24
134 149 7
134 150 17
135 138 24
135 139 92
135 141 98
135 142 64
135 146 5
135 147 99
135 148 77
135 149 78
136 140 90
136 146 67
136 148 26
137 139 34
137 140 61
137 143 87
137 144 57
137 146 22
137 148 95
137 149 25
137 150 23
138 139 18
138 141 53
138 142 40
138 144 80
139 140 77
139 142 94
139 144 50
139 145 23
139 148 57
140 144 87
140 145 36
140 146 82
140 147 39
140 149 25
142 146 40
142 148 80
142 149 22
143 148 44
144 145 84
144 147 52
144 149 89
144 150 6
145 146 93
146 147 51
147 150 93
1 3 76
1 8 23
1 12 54
1 14 65
1 17 41
1 19 18
1 23 97
1 26 42
1 27 43
1 29 9
1 30 2
1 32 37
1 33 67
1 34 7
1 41 33
1 45 75
1 47 80
1 51 21
1 52 29
1 53 52
1 56 80
1 57 19
1 59 40
1 72 32
1 75 60
1 78 56
1 80 30
1 82 70
1 83 6
1 90 86
1 91 72
1 94 7
1 95 63
1 101 56
1 105 92
1 108 14
1 109 98
1 110 7
1 112 47
1 113 62
1 115 42
1 118 18
1 124 36
1 125 56
1 127 58
1 129 44
1 131 97
1 134 3
1 135 62
1 138 11
1 142 49
1 143 55
1 144 31
1 149 41
1 150 67
2 4 90
2 12 67
2 14 99
2 15 5
2 17 10
2 20 92
2 21 97
2 22 59
2 23 58
2 24 82
2 25 5
2 27 8
2 28 26
2 31 63
2 33 57
2 35 22
2 36 35
2 37 61
2 39 25
2 44 19
2 45 38
2 46 60
2 49 64
2 51 83
2 54 6
2 55 96
2 57 24
2 60 44
2 62 76
2 72 12
2 74 94
2 77 100
2 78 92
2 79 97
2 81 62
2 84 32
2 87 38
2 92 16
2 93 30
2 97 52
2 99 29
2 102 88
2 105 73
2 111 42
2 114 86
2 117 15
2 122 35
2 124 60
2 134 62
2 139 62
2 141 29
2 144 74
3 5 10
3 7 1
3 10 51
3 16 42
3 18 22
3 20 74
3 25 76
3 26 24
3 28 81
3 29 47
3 30 81
3 32 86
3 33 36
3 36 12
3 39 35
3 40 8
3 42 85
3 46 46
3 51 94
3 53 20
3 57 81
3 60 36
3 61 68
3 62 21
3 64 82
3 66 11
3 67 33
3 70 17
3 73 81
3 75 26
3 79 85
3 80 75
3 81 59
3 85 52
3 87 87
3 90 13
3 91 22
3 92 72
3 98 71
3 100 80
3 102 54
3 104 3
3 105 33
3 107 98
3 108 83
3 111 79
3 112 99
3 115 93
3 116 59
3 121 8
3 122 36
3 123 30
3 126 89
3 128 29
3 129 94
3 131 32
3 138 39
3 141 100
3 142 100
3 144 69
3 146 49
3 148 11
3 149 92
3 150 47
4 6 1
4 9 72
4 10 15
4 11 41
4 14 32
4 15 11
4 18 78
4 20 75
4 22 69
4 23 23
4 25 54
4 28 44
4 30 62
4 32 43
4 33 95
4 35 32
4 37 86
4 38 26
4 41 39
4 44 7
4 45 25
4 46 63
4 51 36
4 52 2
4 53 31
4 54 90
4 57 24
4 59 89
4 64 71
4 68 46
4 70 26
4 80 73
4 81 97
4 82 51
4 86 25
4 90 36
4 92 50
4 95 98
4 97 53
4 106 51
4 107 59
4 111 88
4 117 63
4 118 38
4 119 18
4 123 88
4 125 56
4 127 98
4 128 99
4 130 8
4 131 81
4 132 40
4 134 58
4 135 54
4 136 28
4 137 58
4 138 74
4 141 59
4 143 78
4 145 51
4 147 55
5 6 25
5 8 2
5 11 25
5 13 29
5 17 96
5 22 44
5 23 55
5 24 41
5 25 6
5 26 94
5 33 92
5 35 2
5 36 44
5 37 29
5 38 76
5 40 92
5 41 63
5 43 77
5 47 97
5 48 25
5 49 9
5 50 1
5 53 45
5 54 15
5 58 70
5 60 46
5 61 2
5 64 80
5 65 14
5 72 63
5 73 85
5 79 2
5 81 17
5 82 51
5 83 27
5 89 99
5 90 84
5 91 76
5 94 95
5 95 74
5 96 24
5 98 94
5 100 36
5 105 68
5 111 58
5 112 74
5 115 60
5 117 46
5 118 46
5 119 24
5 120 74
5 121 99
5 122 72
5 124 14
5 126 55
5 128 87
5 131 29
5 136 40
5 143 41
5 144 58
5 145 77
5 148 78
6 12 51
6 24 2
6 25 90
6 27 89
6 28 82
6 29 56
6 33 57
6 36 2
6 37 90
6 39 31
6 41 39
6 42 42
6 44 84
6 46 21
6 47 56
6 49 60
6 54 78
6 56 35
6 57 11
6 58 89
6 60 6
6 61 26
6 68 53
6 69 80
6 71 10
6 72 66
6 73 65
6 74 79
6 75 54
6 77 68
6 81 57
6 84 7
6 87 45
6 88 80
6 91 92
6 96 22
6 98 94
6 101 61
6 102 20
6 104 99
6 105 72
6 114 54
6 115 48
6 117 44
6 119 95
6 121 95
6 124 34
6 126 12
6 128 10
6 129 99
6 130 66
6 133 23
6 134 52
6 135 53
6 138 77
6 139 45
6 142 82
6 144 74
6 147 96
6 150 48
7 8 19
7 9 60
7 10 62
7 12 75
7 13 63
7 15 41
7 20 31
7 24 77
7 25 87
7 27 14
7 28 72
7 30 90
7 31 41
7 32 14
7 33 60
7 38 66
7 44 10
7 45 88
7 46 8
7 47 42
7 48 4
7 50 87
7 51 36
7 55 40
7 59 56
7 60 35
7 61 92
7 67 19
7 68 92
7 70 21
7 72 97
7 74 38
7 80 99
7 82 97
7 83 71
7 84 22
7 85 92
7 90 18
7 93 14
7 94 16
7 95 14
7 96 16
7 97 51
7 105 90
7 106 38
7 107 62
7 109 54
7 110 5
7 112 33
7 115 33
7 116 69
7 123 47
7 130 74
7 131 67
7 132 75
7 135 33
7 136 95
7 144 26
7 146 83
7 148 67
8 9 48
8 12 29
8 15 14
8 17 38
8 20 57
8 23 79
8 24 5
8 26 49
8 28 75
8 30 72
8 37 96
8 40 60
8 46 9
8 47 64
8 48 94
8 49 66
8 52 56
8 56 95
8 64 67
8 65 61
8 68 23
8 70 5
8 73 4
8 74 71
8 75 88
8 77 91
8 80 53
8 83 98
8 88 23
8 89 18
8 90 5
8 91 3
8 92 11
8 93 91
8 96 67
8 97 41
8 99 16
8 101 86
8 103 64
8 106 4
8 107 35
8 108 69
8 109 31
8 117 24
8 119 95
8 120 72
8 122 40
8 126 77
8 130 97
8 133 92
8 134 45
8 146 46
8 147 83
8 148 2
8 149 43
8 150 23
9 10 47
9 11 24
9 14 100
9 19 82
9 20 54
9 22 69
9 26 87
9 28 62
9 30 62
9 31 10
9 32 60
9 38 95
9 41 39
9 45 93
9 46 2
9 47 67
9 48 80
9 50 39
9 52 21
9 53 7
9 58 84
9 64 77
9 68 88
9 70 4
9 72 100
9 75 53
9 76 2
9 79 61
9 80 15
9 81 21
9 82 72
9 84 93
9 88 1
9 89 11
9 93 88
9 96 28
9 100 49
9 104 97
9 113 24
9 115 66
9 116 70
9 118 19
9 119 97
9 123 50
9 125 93
9 129 100
9 131 68
9 136 48
9 137 83
9 146 100
10 12 13
10 14 93
10 15 50
10 17 92
10 18 77
10 19 98
10 21 84
10 23 90
10 24 70
10 26 88
10 27 66
10 28 17
10 31 94
10 34 17
10 39 82
10 41 5
10 42 93
10 46 83
10 49 26
10 50 66
10 56 84
10 64 68
10 65 40
10 66 21
10 71 45
10 74 35
10 77 99
10 82 59
10 84 8
10 85 86
10 86 18
10 89 52
10 90 19
10 91 47
10 92 20
10 93 6
10 94 9
10 95 9
10 100 97
10 104 6
10 105 58
10 106 27
10 107 89
10 108 42
10 112 13
10 113 79
10 117 11
10 118 55
10 124 49
10 125 25
10 126 21
10 130 7
10 131 27
10 132 43
10 134 55
10 135 12
10 141 45
10 146 70
10 148 14
10 150 27
11 12 71
11 13 56
11 14 88
11 15 24
11 20 40
11 22 31
11 24 66
11 26 20
11 28 53
11 31 69
11 33 65
11 37 39
11 39 79
11 41 21
11 50 51
11 52 4
11 54 9
11 55 16
11 58 55
11 60 22
11 61 81
11 67 97
11 68 23
11 69 22
11 70 64
11 71 88
11 75 11
11 77 56
11 83 43
11 85 36
11 86 98
11 89 46
11 91 10
11 92 41
11 93 74
11 94 61
11 95 33
11 98 14
11 99 8
11 100 95
11 103 88
11 104 51
11 106 48
11 109 85
11 114 20
11 116 2
11 117 9
11 118 18
11 120 39
11 121 21
11 129 92
11 130 86
11 131 87
11 132 72
11 133 87
11 134 81
11 136 90
11 142 94
12 14 36
12 15 40
12 16 7
12 18 12
12 19 64
12 20 23
12 25 82
12 28 47
12 29 90
12 31 50
12 32 74
12 40 96
12 47 53
12 49 14
12 50 65
12 52 71
12 53 28
12 55 68
12 61 47
12 63 23
12 65 35
12 69 67
12 71 82
12 74 35
12 77 55
12 80 9
12 81 3
12 84 70
12 85 42
12 86 30
12 88 82
12 90 6
12 92 5
12 94 96
12 97 85
12 98 83
12 100 49
12 107 53
12 111 5
12 114 12
12 115 79
12 118 60
12 126 52
12 130 37
12 131 57
12 134 33
12 136 25
12 138 56
12 139 70
12 141 13
12 145 57
12 149 38
12 150 42
13 17 64
13 22 94
13 23 96
13 27 63
13 28 11
13 29 50
13 30 96
13 32 63
13 45 98
13 47 90
13 48 22
13 61 57
13 63 1
13 65 71
13 66 11
13 68 99
13 72 39
13 76 60
13 77 37
13 79 89
13 81 77
13 85 63
13 89 54
13 90 58
13 91 6
13 93 41
13 94 10
13 96 49
13 97 8
13 99 88
13 100 16
13 104 67
13 105 67
13 107 66
13 117 57
13 118 57
13 119 90
13 120 68
13 122 1
13 125 36
13 129 61
13 132 21
13 136 62
13 138 90
13 140 28
13 142 25
13 144 24
13 145 49
13 147 12
13 149 69
14 15 28
14 17 45
14 18 87
14 23 72
14 26 91
14 27 35
14 28 96
14 29 14
14 30 77
14 31 79
14 32 10
14 33 42
14 36 31
14 41 47
14 44 10
14 49 67
14 50 94
14 51 23
14 52 24
14 53 15
14 54 30
14 55 12
14 57 54
14 58 23
14 60 47
14 63 51
14 66 13
14 69 86
14 70 30
14 71 11
14 73 16
14 74 81
14 83 73
14 86 42
14 87 31
14 90 74
14 93 1
14 96 39
14 99 15
14 100 53
14 101 68
14 103 100
14 104 47
14 105 60
14 107 38
14 108 52
14 111 15
14 113 68
14 114 35
14 119 79
14 121 44
14 125 4
14 126 39
14 128 42
14 129 4
14 132 79
14 134 22
14 139 7
14 140 74
14 141 71
14 143 16
14 150 39
15 17 35
15 19 26
15 20 58
15 22 35
15 25 82
15 27 62
15 29 63
15 31 27
15 34 24
15 35 7
15 41 42
15 45 95
15 48 43
15 49 39
15 52 68
15 54 55
15 56 83
15 57 56
15 59 81
15 63 53
15 68 27
15 69 17
15 72 7
15 73 44
15 78 72
15 79 53
15 82 75
15 84 57
15 88 61
15 89 72
15 91 54
15 95 94
15 96 26
15 101 82
15 103 26
15 104 36
15 105 64
15 109 77
15 111 41
15 112 61
15 114 89
15 118 19
15 120 84
15 124 48
15 127 41
15 128 71
15 129 73
15 132 3
15 137 2
15 140 33
15 142 13
15 147 45
16 17 16
16 18 73
16 20 98
16 27 24
16 29 64
16 31 59
16 33 93
16 35 38
16 38 39
16 39 93
16 43 44
16 45 58
16 48 70
16 51 87
16 52 27
16 57 60
16 58 23
16 62 2
16 63 87
16 66 43
16 68 75
16 70 73
16 71 84
16 73 46
16 74 53
16 78 89
16 83 65
16 87 78
16 92 58
16 93 88
16 95 10
16 99 21
16 101 69
16 102 82
16 104 76
16 106 58
16 109 27
16 113 44
16 114 94
16 115 43
16 117 88
16 118 35
16 120 86
16 121 80
16 126 88
16 127 1
16 131 88
16 133 22
16 135 62
16 137 62
16 139 4
16 141 60
16 143 7
16 144 66
16 149 9
17 20 9
17 26 87
17 30 20
17 33 56
17 34 6
17 35 69
17 38 31
17 39 15
17 42 34
17 45 87
17 46 81
17 47 39
17 50 64
17 52 34
17 56 73
17 58 84
17 60 83
17 61 59
17 68 19
17 70 50
17 75 7
17 80 65
17 81 83
17 82 91
17 87 86
17 90 41
17 91 85
17 92 23
17 94 18
17 95 47
17 96 56
17 97 2
17 105 62
17 108 5
17 109 5
17 110 39
17 112 9
17 114 59
17 115 28
17 120 75
17 122 84
17 124 30
17 128 89
17 130 59
17 132 74
17 138 81
17 139 86
17 140 74
17 141 74
17 143 84
17 144 5
17 146 23
17 147 86
17 150 21
18 22 28
18 23 71
18 25 94
18 27 12
18 28 88
18 29 8
18 30 46
18 31 68
18 32 34
18 35 91
18 36 78
18 38 70
18 41 78
18 43 62
18 46 38
18 47 49
18 51 86
18 53 75
18 58 25
18 61 13
18 62 30
18 63 68
18 64 48
18 65 57
18 66 67
18 68 70
18 69 83
18 70 77
18 72 65
18 75 35
18 79 84
18 84 72
18 87 48
18 89 30
18 90 76
18 93 23
18 94 76
18 97 100
18 101 18
18 102 52
18 103 88
18 104 84
18 106 5
18 110 96
18 113 24
18 115 17
18 116 96
18 117 7
18 119 14
18 126 28
18 127 12
18 129 7
18 131 81
18 133 35
18 135 62
18 136 79
18 138 1
18 140 74
18 141 30
18 142 88
18 143 51
18 145 96
18 147 95
19 25 14
19 27 89
19 28 99
19 31 32
19 33 28
19 34 18
19 35 19
19 36 21
19 37 97
19 38 65
19 42 97
19 45 14
19 47 56
19 50 63
19 51 18
19 53 72
19 54 85
19 55 80
19 58 9
19 59 3
19 60 40
19 61 15
19 66 22
19 71 52
19 72 89
19 77 97
19 79 53
19 81 96
19 82 53
19 83 9
19 85 11
19 89 98
19 90 70
19 94 48
19 99 91
19 101 44
19 103 69
19 104 61
19 105 79
19 108 52
19 110 34
19 114 34
19 117 23
19 125 10
19 126 10
19 127 38
19 129 64
19 130 82
19 132 30
19 135 34
19 136 12
19 138 69
19 139 8
19 145 69
19 146 55
19 147 98
20 24 38
20 25 93
20 29 12
20 30 10
20 32 39
20 34 54
20 37 83
20 38 48
20 39 30
20 42 41
20 43 65
20 45 87
20 50 93
20 54 36
20 57 23
20 59 33
20 60 20
20 64 17
20 75 34
20 78 8
20 81 91
20 86 90
20 87 99
20 88 65
20 93 52
20 101 20
20 102 54
20 103 11
20 105 67
20 108 50
20 110 2
20 112 79
20 114 16
20 117 24
20 118 83
20 125 75
20 129 63
20 135 28
20 137 24
20 139 29
20 150 85
21 22 62
21 23 83
21 24 90
21 27 39
21 31 40
21 33 19
21 35 61
21 38 49
21 42 87
21 44 29
21 46 62
21 47 32
21 51 57
21 55 89
21 57 14
21 58 76
21 60 54
21 61 53
21 63 36
21 64 66
21 70 57
21 71 25
21 74 93
21 75 84
21 79 79
21 80 53
21 82 61
21 87 15
21 88 26
21 91 4
21 92 41
21 94 88
21 96 19
21 98 44
21 101 95
21 105 82
21 108 95
21 111 2
21 113 62
21 115 91
21 116 57
21 118 9
21 124 44
21 125 85
21 131 61
21 132 8
21 135 40
21 139 20
21 141 16
21 146 68
21 148 68
21 149 84
21 150 83
22 26 14
22 27 22
22 34 77
22 36 97
22 43 6
22 45 79
22 53 2
22 59 21
22 60 76
22 63 71
22 67 88
22 69 58
22 71 7
22 72 47
22 78 29
22 79 82
22 80 11
22 81 97
22 86 69
22 87 43
22 90 83
22 91 53
22 92 10
22 93 76
22 94 18
22 99 86
22 101 44
22 103 52
22 104 50
22 106 4
22 108 21
22 113 38
22 114 45
22 118 85
22 119 60
22 120 89
22 124 40
22 125 90
22 126 78
22 127 73
22 129 54
22 131 80
22 136 83
22 140 91
22 141 86
22 144 29
22 147 69
22 150 18
23 24 29
23 27 48
23 29 68
23 30 27
23 36 2
23 38 7
23 43 100
23 45 85
23 49 5
23 50 6
23 52 60
23 55 37
23 56 83
23 59 63
23 60 20
23 62 53
23 63 72
23 64 90
23 67 71
23 69 60
23 71 31
23 73 93
23 74 3
23 77 60
23 84 19
23 87 24
23 89 70
23 91 33
23 93 77
23 96 94
23 100 15
23 102 66
23 103 28
23 104 68
23 106 11
23 109 100
23 115 80
23 117 6
23 122 48
23 126 43
23 127 71
23 133 100
23 136 42
23 139 27
23 144 9
23 146 30
23 148 53
23 149 63
24 25 22
24 26 47
24 27 94
24 31 57
24 32 20
24 34 26
24 35 28
24 38 49
24 40 4
24 41 94
24 47 85
24 52 48
24 56 59
24 58 30
24 59 36
24 60 94
24 65 31
24 66 21
24 67 51
24 70 87
24 74 88
24 76 92
24 77 29
24 81 100
24 82 53
24 83 19
24 87 100
24 88 35
24 90 81
24 91 93
24 92 7
24 93 28
24 95 1
24 96 84
24 97 85
24 98 63
24 99 28
24 100 97
24 104 100
24 111 57
24 112 25
24 113 22
24 114 63
24 117 64
24 120 64
24 124 35
24 127 20
24 128 91
24 132 19
24 133 33
24 134 19
24 137 75
24 139 22
24 144 1
24 148 11
24 150 46
25 26 20
25 28 77
25 29 74
25 30 38
25 33 96
25 37 22
25 41 44
25 43 9
25 46 88
25 48 80
25 49 82
25 51 71
25 54 50
25 55 26
25 56 80
25 57 48
25 59 3
25 60 62
25 63 80
25 64 9
25 65 74
25 67 10
25 68 48
25 69 60
25 71 84
25 72 19
25 73 32
25 78 58
25 80 52
25 81 75
25 83 10
25 86 72
25 87 13
25 88 100
25 92 85
25 93 99
25 95 82
25 97 76
25 99 16
25 100 27
25 101 91
25 104 97
25 105 47
25 108 11
25 113 56
25 116 87
25 118 87
25 120 69
25 121 72
25 122 85
25 126 54
25 132 92
25 133 47
25 137 24
25 138 52
25 140 54
25 143 16
25 144 94
25 146 39
25 149 53
26 27 24
26 28 42
26 31 79
26 32 91
26 35 79
26 37 95
26 40 48
26 52 20
26 53 29
26 61 6
26 63 30
26 64 97
26 65 27
26 68 18
26 72 48
26 74 34
26 76 13
26 78 75
26 81 61
26 84 96
26 85 85
26 87 33
26 89 30
26 91 69
26 92 100
26 96 90
26 98 14
26 101 3
26 104 17
26 106 91
26 109 36
26 110 73
26 111 51
26 112 51
26 117 14
26 120 7
26 122 79
26 124 40
26 127 46
26 128 95
26 132 93
26 135 37
26 139 72
26 142 52
26 144 12
26 146 97
26 148 64
26 149 46
26 150 49
27 29 56
27 31 89
27 35 5
27 38 27
27 39 49
27 42 42
27 45 33
27 46 27
27 50 97
27 51 30
27 52 95
27 53 44
27 54 6
27 57 82
27 58 91
27 59 21
27 64 40
27 65 22
27 67 8
27 73 8
27 75 63
27 78 80
27 79 76
27 81 37
27 86 10
27 94 15
27 95 18
27 100 99
27 101 80
27 102 73
27 103 92
27 107 65
27 114 61
27 117 11
27 119 61
27 123 5
27 125 89
27 129 38
27 130 85
27 131 46
27 132 28
27 133 2
27 138 35
27 140 54
27 142 21
27 146 73
27 147 19
27 148 98
28 32 33
28 39 56
28 40 86
28 41 95
28 43 89
28 44 47
28 47 83
28 50 10
28 52 45
28 59 42
28 60 69
28 61 40
28 64 51
28 68 82
28 69 20
28 72 17
28 77 25
28 78 34
28 79 71
28 81 93
28 83 25
28 89 41
28 90 88
28 92 94
28 93 94
28 95 47
28 98 17
28 101 38
28 104 91
28 105 23
28 107 56
28 111 37
28 112 81
28 113 34
28 117 55
28 120 87
28 123 43
28 126 16
28 131 70
28 134 80
28 136 21
28 137 60
28 140 40
28 141 9
28 146 55
28 147 59
29 31 23
29 32 36
29 33 16
29 34 40
29 38 38
29 41 43
29 43 30
29 44 83
29 49 6
29 51 37
29 52 26
29 55 43
29 57 25
29 58 42
29 61 53
29 62 7
29 67 67
29 68 44
29 70 41
29 71 24
29 75 66
29 77 36
29 81 93
29 82 59
29 84 31
29 85 78
29 87 17
29 88 95
29 90 60
29 91 94
29 92 84
29 94 66
29 95 96
29 97 2
29 99 66
29 100 85
29 104 23
29 105 2
29 106 62
29 109 47
29 110 46
29 116 86
29 118 82
29 119 92
29 121 6
29 123 91
29 126 88
29 127 40
29 130 58
29 137 45
29 140 100
29 141 47
29 142 41
29 143 85
29 145 92
29 149 65
29 150 9
30 34 98
30 37 46
30 40 21
30 41 87
30 43 98
30 45 86
30 49 76
30 50 30
30 51 42
30 52 66
30 55 55
30 59 39
30 61 62
30 65 34
30 66 62
30 70 14
30 71 50
30 72 30
30 75 1
30 80 25
30 85 63
30 87 9
30 88 91
30 92 58
30 95 87
30 97 42
30 98 91
30 99 4
30 101 62
30 102 33
30 105 86
30 109 32
30 110 67
30 111 44
30 114 35
30 116 63
30 117 77
30 118 64
30 119 19
30 129 97
30 130 3
30 138 97
30 140 2
30 141 21
30 143 90
30 144 34
30 145 7
30 147 88
30 149 100
30 150 27
31 32 49
31 34 96
31 40 4
31 42 44
31 44 68
31 49 32
31 53 28
31 54 44
31 56 5
31 57 87
31 58 46
31 60 22
31 65 22
31 66 87
31 74 51
31 77 99
31 79 24
31 80 69
31 84 61
31 85 25
31 87 11
31 88 43
31 89 43
31 92 84
31 93 29
31 99 34
31 103 54
31 109 53
31 110 10
31 113 65
31 114 91
31 117 64
31 118 71
31 126 98
31 128 73
31 129 8
31 130 5
31 133 87
31 134 83
31 135 82
31 137 68
31 138 25
31 141 18
31 143 47
31 144 66
31 149 22
31 150 4
32 39 31
32 42 76
32 46 46
32 55 41
32 56 23
32 57 54
32 59 90
32 64 35
32 67 5
32 69 19
32 70 9
32 72 5
32 75 37
32 77 75
32 79 86
32 81 94
32 84 90
32 87 88
32 91 9
32 94 3
32 99 16
32 102 50
32 103 80
32 104 49
32 110 44
32 111 46
32 113 57
32 115 9
32 116 58
32 118 44
32 119 68
32 120 47
32 121 93
32 126 28
32 128 35
32 132 90
32 133 24
32 135 92
32 137 35
32 138 63
32 139 80
32 141 80
32 143 11
32 146 45
33 34 57
33 37 74
33 38 4
33 41 50
33 44 90
33 46 83
33 49 76
33 53 100
33 55 6
33 61 7
33 63 97
33 64 84
33 67 35
33 70 46
33 71 96
33 74 70
33 75 19
33 76 86
33 80 61
33 81 64
33 82 52
33 83 93
33 84 23
33 87 74
33 88 38
33 89 33
33 91 100
33 93 38
33 94 59
33 97 100
33 98 86
33 99 95
33 105 25
33 107 90
33 112 68
33 120 54
33 125 66
33 127 40
33 131 22
33 136 83
33 137 6
33 138 27
33 139 79
33 143 56
33 145 75
33 148 40
34 37 61
34 39 6
34 40 20
34 42 54
34 49 51
34 54 18
34 55 87
34 56 86
34 59 43
34 61 25
34 63 14
34 65 26
34 67 60
34 69 44
34 71 65
34 73 9
34 78 73
34 80 51
34 82 44
34 83 60
34 85 39
34 93 91
34 95 12
34 96 54
34 103 81
34 105 13
34 106 54
34 109 10
34 110 57
34 113 53
34 114 34
34 118 22
34 120 61
34 121 68
34 122 86
34 123 8
34 126 48
34 127 93
34 128 56
34 130 88
34 137 25
34 138 85
34 141 99
34 142 13
34 144 100
34 145 55
34 146 14
34 148 24
34 149 44
34 150 46
35 36 40
35 37 83
35 38 32
35 39 67
35 44 32
35 47 84
35 51 84
35 53 38
35 58 22
35 60 76
35 61 85
35 62 82
35 66 51
35 71 97
35 73 20
35 76 91
35 82 95
35 84 38
35 85 37
35 89 72
35 92 82
35 95 85
35 97 3
35 99 36
35 101 70
35 102 46
35 104 55
35 105 97
35 106 2
35 108 75
35 112 73
35 115 48
35 119 48
35 120 98
35 125 22
35 129 92
35 134 40
35 139 69
35 142 72
35 144 36
35 146 100
35 147 58
35 149 58
35 150 80
36 40 100
36 43 39
36 45 89
36 46 78
36 47 34
36 53 96
36 54 99
36 56 9
36 60 93
36 62 43
36 63 17
36 66 34
36 67 77
36 68 84
36 70 53
36 71 46
36 72 60
36 75 13
36 78 55
36 79 39
36 81 31
36 82 27
36 84 36
36 88 42
36 89 79
36 90 80
36 93 44
36 96 54
36 110 30
36 112 2
36 114 70
36 115 47
36 117 70
36 118 69
36 119 65
36 126 98
36 130 92
36 132 92
36 133 61
36 135 34
36 142 28
36 146 74
36 149 40
36 150 46
37 39 97
37 43 11
37 45 73
37 47 1
37 48 38
37 49 15
37 50 22
37 53 88
37 57 98
37 59 67
37 61 77
37 62 95
37 67 13
37 70 43
37 76 53
37 77 56
37 78 36
37 82 25
37 84 65
37 85 19
37 86 100
37 88 100
37 89 69
37 91 73
37 93 97
37 96 53
37 98 54
37 102 98
37 104 92
37 106 19
37 108 81
37 109 95
37 110 50
37 111 98
37 112 80
37 115 11
37 117 69
37 119 28
37 120 18
37 125 87
37 127 17
37 128 48
37 129 48
37 130 46
37 132 29
37 134 42
37 135 100
37 145 7
37 147 20
37 150 73
38 39 71
38 43 3
38 45 86
38 48 32
38 49 71
38 53 79
38 56 12
38 57 27
38 58 40
38 59 61
38 60 3
38 61 58
38 63 19
38 65 74
38 67 83
38 70 75
38 72 74
38 73 57
38 76 97
38 78 49
38 79 79
38 86 20
38 88 96
38 90 22
38 91 64
38 97 74
38 98 55
38 99 35
38 102 81
38 106 63
38 111 1
38 113 96
38 115 56
38 123 55
38 124 87
38 127 40
38 128 35
38 133 69
38 140 24
38 146 2
38 149 43
39 40 35
39 41 32
39 42 90
39 43 92
39 45 97
39 46 75
39 47 93
39 49 17
39 52 58
39 53 77
39 54 58
39 56 51
39 57 58
39 61 9
39 63 62
39 64 31
39 65 75
39 70 95
39 72 72
39 78 100
39 80 28
39 81 69
39 82 41
39 87 99
39 90 97
39 93 84
39 94 7
39 98 68
39 99 9
39 102 68
39 106 91
39 108 66
39 113 96
39 115 65
39 116 21
39 117 10
39 129 16
39 133 93
39 135 40
39 140 16
39 141 19
39 142 91
39 143 77
39 144 11
39 148 11
40 41 85
40 45 22
40 47 49
40 49 49
40 50 68
40 52 59
40 53 55
40 54 42
40 55 38
40 57 23
40 61 96
40 64 69
40 65 12
40 67 9
40 68 100
40 70 8
40 71 71
40 73 8
40 74 44
40 75 11
40 78 28
40 83 45
40 85 8
40 86 8
40 88 52
40 90 11
40 91 93
40 95 89
40 99 92
40 103 91
40 105 27
40 108 67
40 110 54
40 111 48
40 113 16
40 114 51
40 115 14
40 120 41
40 123 17
40 124 73
40 128 16
40 131 25
40 132 50
40 134 9
40 135 43
40 137 75
40 142 13
40 144 85
41 46 73
41 48 7
41 49 5
41 52 35
41 53 76
41 62 3
41 64 25
41 66 93
41 67 26
41 70 77
41 73 58
41 76 78
41 77 36
41 79 19
41 80 83
41 81 34
41 83 47
41 84 15
41 87 94
41 89 64
41 91 62
41 92 31
41 95 40
41 99 67
41 100 28
41 101 38
41 104 65
41 105 4
41 106 88
41 112 71
41 116 34
41 117 71
41 119 6
41 120 2
41 121 8
41 122 43
41 125 33
41 129 32
41 130 92
41 131 11
41 132 99
41 133 59
41 140 39
41 142 55
41 143 54
41 144 8
41 146 71
42 44 78
42 46 88
42 47 93
42 50 96
42 52 85
42 57 96
42 59 27
42 62 93
42 66 73
42 68 66
42 70 8
42 71 35
42 72 60
42 74 95
42 75 38
42 76 89
42 77 33
42 83 93
42 87 56
42 90 28
42 91 49
42 97 65
42 98 92
42 99 12
42 102 54
42 103 86
42 105 80
42 108 82
42 109 20
42 112 26
42 113 30
42 115 96
42 116 1
42 117 3
42 122 70
42 123 12
42 127 91
42 128 58
42 131 52
42 132 62
42 134 81
42 138 38
42 142 37
42 144 8
42 147 33
42 148 29
42 149 37
43 51 30
43 54 67
43 55 79
43 57 32
43 58 24
43 61 57
43 64 14
43 65 52
43 66 41
43 70 1
43 76 66
43 79 18
43 81 9
43 82 9
43 83 52
43 84 55
43 85 10
43 88 36
43 91 64
43 97 62
43 99 23
43 102 20
43 105 62
43 108 89
43 110 16
43 111 12
43 112 73
43 113 100
43 114 26
43 115 75
43 122 55
43 123 36
43 124 49
43 125 83
43 126 40
43 128 67
43 129 2
43 130 35
43 132 21
43 136 16
43 138 15
43 140 95
43 142 56
43 144 24
43 146 100
43 148 38
43 149 98
43 150 32
44 47 12
44 51 31
44 54 82
44 61 96
44 62 13
44 63 91
44 70 78
44 71 89
44 74 81
44 75 65
44 77 59
44 80 7
44 82 73
44 88 92
44 90 73
44 95 63
44 97 55
44 98 50
44 100 59
44 109 78
44 111 6
44 112 8
44 118 35
44 119 5
44 121 73
44 122 90
44 125 4
44 135 97
44 136 36
44 141 53
44 142 40
44 147 92
44 148 86
44 149 14
45 46 6
45 48 53
45 49 88
45 53 53
45 56 17
45 60 27
45 62 51
45 69 65
45 71 12
45 75 31
45 77 68
45 78 28
45 79 28
45 81 94
45 91 53
45 96 3
45 97 30
45 98 75
45 102 91
45 105 1
45 109 13
45 111 19
45 114 48
45 117 81
45 118 51
45 119 86
45 121 64
45 122 98
45 126 94
45 128 49
45 131 64
45 132 28
45 135 96
45 141 18
45 147 83
45 148 36
45 149 1
46 47 49
46 49 69
46 52 62
46 59 37
46 64 95
46 71 46
46 73 37
46 75 24
46 77 85
46 78 17
46 83 16
46 84 39
46 85 8
46 89 32
46 92 26
46 93 21
46 94 85
46 95 33
46 97 94
46 99 3
46 100 84
46 101 77
46 102 13
46 103 64
46 108 99
46 119 13
46 120 75
46 121 21
46 123 7
46 124 36
46 132 46
46 134 60
46 137 93
46 138 29
46 143 91
46 144 85
46 145 91
46 146 66
46 148 70
47 48 24
47 51 2
47 57 68
47 59 45
47 60 93
47 66 31
47 67 40
47 68 28
47 74 24
47 75 34
47 76 30
47 77 31
47 78 53
47 81 50
47 82 100
47 86 75
47 88 13
47 89 95
47 90 63
47 93 28
47 94 90
47 96 90
47 98 40
47 99 57
47 100 94
47 103 89
47 106 37
47 116 69
47 117 32
47 119 38
47 120 2
47 122 32
47 129 32
47 134 24
47 135 47
47 136 13
47 137 29
47 139 100
47 141 30
47 143 37
47 147 41
47 149 61
47 150 34
48 52 49
48 54 26
48 55 75
48 56 23
48 57 12
48 58 43
48 59 80
48 60 50
48 61 48
48 64 3
48 67 80
48 71 3
48 72 40
48 76 67
48 78 14
48 79 71
48 80 91
48 85 57
48 87 38
48 89 16
48 91 98
48 93 48
48 94 59
48 96 16
48 100 87
48 102 75
48 104 64
48 108 6
48 109 58
48 115 99
48 116 97
48 118 47
48 119 87
48 121 90
48 122 70
48 124 77
48 126 42
48 130 68
48 134 10
48 135 84
48 137 74
48 140 3
48 141 42
48 144 62
48 145 76
48 147 66
48 148 13
49 50 39
49 51 6
49 56 63
49 57 57
49 59 50
49 61 3
49 64 64
49 67 5
49 70 72
49 72 71
49 75 92
49 77 80
49 83 28
49 84 2
49 85 41
49 86 34
49 87 98
49 88 76
49 94 66
49 95 34
49 96 94
49 100 74
49 103 14
49 104 20
49 106 13
49 109 72
49 110 51
49 113 94
49 117 39
49 119 77
49 120 13
49 122 16
49 132 64
49 135 37
49 138 69
49 139 39
49 141 46
49 143 88
49 144 26
49 145 91
49 147 49
50 51 59
50 57 71
50 62 34
50 65 33
50 66 50
50 68 90
50 70 21
50 73 17
50 75 12
50 76 6
50 79 12
50 82 41
50 83 13
50 84 4
50 89 26
50 92 57
50 93 43
50 95 53
50 97 28
50 99 26
50 100 64
50 102 73
50 104 26
50 105 3
50 106 14
50 107 26
50 109 65
50 110 52
50 111 25
50 112 21
50 113 97
50 114 84
50 117 33
50 119 66
50 127 23
50 129 95
50 131 23
50 133 78
50 137 92
50 139 92
50 140 45
50 141 30
50 143 98
50 144 84
50 148 54
50 149 66
50 150 40
51 56 72
51 57 28
51 59 92
51 61 55
51 64 81
51 68 4
51 70 12
51 73 36
51 74 69
51 78 71
51 79 90
51 80 31
51 82 73
51 87 65
51 88 63
51 90 36
51 91 16
51 94 69
51 95 49
51 98 85
51 99 89
51 101 87
51 102 12
51 103 9
51 109 51
51 110 96
51 114 42
51 117 43
51 118 69
51 119 26
51 120 52
51 124 10
51 125 4
51 126 29
51 127 45
51 129 13
51 130 4
51 131 79
51 133 84
51 138 61
51 147 88
51 149 54
51 150 30
52 54 7
52 55 64
52 59 27
52 60 65
52 61 71
52 62 5
52 63 7
52 65 33
52 70 65
52 71 61
52 75 66
52 76 1
52 81 58
52 82 83
52 84 97
52 87 56
52 88 79
52 90 12
52 91 76
52 92 34
52 96 8
52 97 27
52 100 62
52 105 40
52 108 67
52 109 49
52 110 79
52 114 18
52 115 10
52 118 11
52 124 80
52 125 21
52 131 64
52 134 61
52 135 74
52 142 5
52 143 98
52 145 20
52 147 17
52 148 45
53 54 11
53 56 89
53 58 14
53 63 42
53 64 11
53 65 13
53 68 7
53 72 53
53 79 74
53 81 74
53 82 11
53 83 88
53 91 60
53 92 30
53 95 79
53 100 76
53 101 92
53 102 87
53 108 79
53 115 41
53 121 93
53 124 24
53 125 80
53 126 34
53 127 1
53 129 39
53 130 7
53 131 83
53 133 8
53 135 61
53 136 7
53 137 38
53 139 66
53 142 60
53 146 70
54 60 29
54 61 75
54 62 28
54 63 47
54 65 30
54 68 56
54 69 92
54 71 48
54 73 13
54 74 28
54 77 97
54 79 89
54 84 69
54 87 16
54 90 58
54 92 97
54 93 98
54 95 29
54 99 26
54 100 19
54 102 68
54 103 40
54 111 31
54 113 77
54 114 87
54 115 74
54 117 42
54 119 59
54 121 6
54 122 63
54 128 50
54 131 99
54 134 48
54 138 95
54 139 26
54 142 32
54 145 12
54 147 100
54 149 5
55 56 74
55 57 74
55 58 52
55 60 46
55 67 87
55 74 45
55 77 5
55 80 41
55 82 26
55 83 13
55 88 85
55 92 24
55 99 45
55 100 55
55 101 6
55 102 41
55 112 27
55 116 57
55 120 14
55 132 70
55 134 49
55 135 51
55 136 97
55 141 96
55 142 60
55 145 50
55 148 43
55 149 95
55 150 35
56 57 17
56 61 58
56 62 9
56 63 13
56 67 82
56 69 11
56 70 83
56 71 34
56 72 56
56 74 83
56 75 28
56 81 26
56 82 47
56 84 56
56 87 66
56 91 17
56 96 33
56 97 99
56 98 5
56 100 53
56 103 32
56 104 77
56 105 96
56 108 34
56 111 65
56 113 50
56 115 7
56 116 21
56 117 84
56 118 58
56 119 98
56 120 28
56 122 98
56 123 12
56 137 40
56 142 37
56 146 86
56 150 96
57 58 76
57 60 81
57 61 87
57 63 94
57 65 8
57 76 46
57 77 93
57 79 54
57 80 41
57 84 68
57 85 91
57 90 4
57 91 54
57 92 70
57 94 31
57 96 97
57 99 68
57 100 12
57 101 59
57 104 8
57 106 90
57 107 93
57 108 57
57 111 80
57 113 57
57 114 29
57 115 40
57 122 21
57 124 71
57 126 35
57 131 74
57 133 56
57 136 61
57 138 40
57 139 34
57 142 42
57 146 54
57 148 54
57 150 8
58 62 95
58 63 96
58 64 95
58 67 51
58 68 24
58 69 3
58 72 38
58 74 31
58 75 29
58 81 67
58 84 48
58 86 74
58 89 36
58 90 28
58 91 32
58 92 96
58 93 69
58 95 87
58 96 1
58 104 92
58 105 4
58 106 9
58 107 5
58 122 12
58 123 86
58 135 79
58 144 1
58 145 35
59 60 73
59 61 49
59 62 94
59 63 25
59 64 45
59 68 90
59 70 38
59 71 51
59 75 72
59 76 23
59 80 20
59 88 35
59 90 5
59 92 84
59 93 32
59 94 71
59 102 66
59 108 45
59 109 22
59 110 85
59 114 29
59 116 21
59 121 43
59 122 42
59 125 45
59 127 44
59 129 28
59 130 82
59 132 23
59 133 8
59 134 67
59 135 46
59 136 58
59 138 97
59 142 100
59 143 55
59 144 95
59 147 69
59 148 11
59 149 52
59 150 95
60 65 31
60 66 66
60 67 42
60 68 29
60 69 20
60 74 44
60 76 16
60 77 37
60 82 60
60 83 82
60 84 35
60 85 40
60 89 99
60 96 99
60 97 18
60 102 8
60 103 88
60 104 36
60 105 61
60 112 22
60 114 73
60 115 7
60 119 43
60 120 9
60 121 33
60 127 45
60 129 48
60 132 36
60 134 51
60 135 90
60 139 18
60 142 44
60 145 63
60 146 3
60 147 5
60 149 24
61 62 75
61 64 35
61 66 17
61 68 34
61 71 23
61 72 87
61 73 60
61 74 54
61 76 8
61 77 36
61 78 88
61 81 75
61 82 97
61 84 98
61 85 51
61 87 34
61 90 12
61 94 91
61 96 66
61 97 49
61 98 82
61 101 58
61 104 87
61 105 42
61 106 20
61 111 19
61 113 45
61 115 26
61 118 92
61 122 97
61 123 70
61 127 5
61 131 25
61 134 90
61 135 39
61 136 82
61 139 94
61 142 51
61 143 12
61 144 31
61 147 68
61 148 46
61 149 29
62 63 64
62 65 16
62 69 24
62 70 43
62 74 71
62 76 35
62 84 84
62 87 89
62 89 94
62 93 98
62 97 70
62 99 29
62 103 18
62 106 17
62 107 70
62 112 79
62 115 52
62 118 62
62 121 13
62 124 45
62 125 18
62 127 69
62 129 88
62 133 57
62 134 97
62 135 48
62 136 17
62 137 12
62 138 85
62 140 89
62 141 23
62 142 17
62 143 15
62 144 94
63 69 7
63 73 21
63 74 79
63 76 31
63 79 30
63 82 17
63 83 93
63 84 41
63 86 10
63 89 25
63 90 41
63 92 58
63 95 60
63 100 7
63 104 42
63 107 71
63 112 27
63 115 60
63 119 80
63 122 46
63 125 62
63 126 13
63 131 86
63 132 7
63 133 55
63 134 6
63 137 58
63 138 34
63 142 48
63 144 88
63 145 35
63 148 21
64 66 81
64 67 51
64 71 28
64 76 8
64 78 75
64 82 96
64 84 66
64 85 19
64 86 84
64 90 42
64 91 43
64 95 26
64 98 59
64 99 69
64 101 18
64 102 35
64 103 12
64 105 36
64 108 78
64 110 86
64 112 65
64 113 76
64 115 82
64 116 73
64 117 67
64 118 51
64 119 20
64 120 14
64 121 55
64 124 76
64 125 18
64 126 46
64 127 3
64 130 3
64 133 69
64 134 11
64 136 10
64 139 83
64 140 96
64 144 52
64 145 71
65 69 31
65 70 94
65 72 47
65 74 74
65 75 82
65 76 14
65 80 56
65 81 23
65 85 93
65 88 25
65 95 44
65 96 91
65 100 89
65 102 5
65 104 46
65 105 14
65 106 4
65 116 80
65 118 23
65 119 28
65 121 66
65 122 92
65 123 90
65 125 31
65 127 41
65 129 30
65 136 100
65 138 2
65 140 75
65 143 54
65 144 39
65 148 81
65 149 6
66 70 4
66 71 51
66 72 44
66 73 81
66 76 38
66 77 88
66 78 54
66 79 35
66 83 40
66 86 50
66 88 58
66 89 74
66 91 85
66 92 65
66 95 53
66 97 76
66 100 84
66 105 44
66 112 36
66 117 63
66 120 74
66 121 54
66 124 70
66 126 75
66 128 49
66 131 85
66 132 81
66 133 12
66 134 89
66 135 13
66 136 27
66 137 34
66 138 42
66 139 26
66 145 36
66 147 28
67 68 12
67 69 90
67 71 62
67 72 88
67 75 87
67 77 23
67 79 47
67 80 38
67 81 2
67 83 38
67 87 86
67 89 76
67 94 43
67 96 72
67 97 38
67 98 94
67 101 89
67 102 15
67 105 55
67 108 5
67 111 93
67 112 77
67 115 40
67 116 82
67 118 80
67 119 100
67 120 5
67 123 53
67 127 89
67 134 56
67 135 26
67 138 36
67 141 71
67 144 22
67 147 20
68 71 77
68 73 8
68 75 68
68 78 9
68 81 65
68 83 6
68 85 18
68 86 18
68 87 73
68 92 54
68 97 7
68 98 85
68 106 3
68 108 75
68 112 66
68 117 53
68 121 9
68 122 66
68 125 35
68 130 14
68 131 18
68 136 34
68 137 85
68 138 72
68 139 59
68 145 99
68 146 65
68 148 12
69 70 21
69 73 65
69 74 28
69 76 14
69 77 11
69 83 38
69 84 24
69 86 93
69 92 81
69 95 14
69 96 36
69 97 94
69 98 32
69 99 74
69 101 70
69 104 88
69 106 33
69 107 8
69 108 3
69 110 33
69 118 11
69 120 30
69 125 64
69 127 19
69 129 51
69 134 43
69 141 44
69 142 65
69 144 36
69 146 43
69 147 28
69 148 4
69 149 78
70 75 38
70 76 73
70 77 1
70 78 100
70 81 14
70 85 60
70 86 76
70 92 21
70 93 15
70 94 24
70 95 60
70 97 3
70 100 13
70 101 17
70 102 21
70 103 39
70 108 71
70 109 40
70 111 67
70 112 78
70 113 44
70 116 18
70 119 49
70 121 74
70 125 46
70 127 55
70 128 5
70 130 95
70 134 38
70 137 82
70 139 20
70 140 96
70 141 34
70 143 28
70 149 17
70 150 18
71 73 99
71 75 75
71 80 5
71 85 97
71 87 1
71 89 96
71 91 60
71 93 97
71 95 2
71 96 52
71 97 70
71 101 93
71 103 70
71 106 5
71 107 53
71 108 44
71 112 53
71 113 6
71 116 9
71 117 53
71 120 32
71 133 51
71 134 14
71 138 78
71 140 22
71 144 53
71 145 84
71 146 33
71 148 22
71 150 78
72 76 60
72 77 30
72 78 49
72 80 85
72 81 98
72 83 7
72 84 18
72 85 36
72 87 89
72 88 74
72 90 28
72 91 13
72 92 59
72 94 45
72 95 25
72 96 16
72 97 93
72 99 50
72 100 51
72 103 85
72 111 38
72 112 60
72 114 12
72 115 82
72 117 65
72 123 84
72 126 34
72 128 12
72 132 82
72 133 57
72 134 30
72 137 22
72 141 77
72 143 21
72 145 46
72 148 85
72 149 64
72 150 82
73 75 78
73 76 10
73 78 35
73 85 57
73 87 83
73 89 74
73 90 87
73 93 48
73 94 99
73 97 49
73 98 13
73 106 37
73 107 84
73 110 76
73 112 17
73 113 93
73 114 70
73 116 19
73 118 76
73 121 50
73 126 75
73 134 19
73 135 30
73 136 89
74 76 36
74 77 27
74 78 66
74 79 52
74 81 12
74 83 21
74 86 40
74 87 1
74 90 22
74 92 7
74 93 1
74 94 52
74 97 51
74 100 78
74 103 81
74 104 72
74 107 37
74 108 69
74 113 21
74 117 15
74 119 22
74 120 92
74 124 61
74 126 53
74 127 51
74 132 69
74 139 76
74 140 24
74 146 98
74 147 63
74 150 51
75 78 26
75 79 19
75 82 45
75 88 71
75 89 28
75 92 40
75 94 89
75 95 89
75 101 68
75 103 9
75 104 43
75 107 34
75 108 40
75 109 96
75 110 44
75 111 3
75 112 37
75 114 57
75 115 56
75 117 73
75 119 37
75 121 84
75 123 57
75 124 33
75 126 2
75 129 46
75 132 57
75 133 53
75 134 70
75 136 25
75 138 16
75 139 17
75 140 84
75 145 95
75 146 76
75 149 87
76 82 1
76 85 66
76 93 4
76 101 8
76 102 96
76 103 51
76 104 7
76 105 100
76 108 71
76 112 54
76 115 2
76 124 80
76 126 12
76 127 98
76 128 9
76 135 62
76 137 61
76 138 6
76 140 48
76 142 61
76 143 25
76 148 50
76 150 100
77 82 22
77 84 67
77 85 42
77 86 9
77 88 94
77 90 64
77 91 25
77 92 59
77 93 23
77 97 79
77 100 14
77 101 54
77 105 55
77 109 2
77 111 33
77 113 37
77 114 16
77 117 89
77 118 100
77 120 59
77 122 46
77 126 42
77 129 52
77 132 80
77 133 61
77 137 87
77 139 30
77 140 33
77 144 25
77 147 22
77 150 91
78 83 72
78 84 45
78 85 45
78 88 34
78 89 54
78 91 52
78 93 82
78 95 95
78 97 16
78 100 60
78 102 91
78 103 14
78 104 24
78 105 29
78 106 26
78 108 66
78 109 61
78 110 57
78 113 97
78 115 9
78 116 31
78 119 17
78 123 25
78 128 100
78 129 81
78 132 9
78 135 10
78 137 86
78 140 94
78 141 99
78 147 63
78 148 28
78 149 47
78 150 67
79 80 99
79 81 55
79 84 26
79 86 7
79 87 68
79 93 10
79 94 43
79 95 87
79 99 11
79 100 42
79 102 76
79 103 65
79 111 70
79 113 66
79 116 17
79 117 97
79 118 39
79 119 63
79 121 30
79 122 7
79 128 88
79 136 5
79 143 97
79 144 46
79 149 95
80 82 49
80 86 17
80 88 70
80 92 67
80 95 100
80 97 60
80 99 14
80 100 34
80 101 2
80 102 12
80 103 45
80 105 82
80 107 23
80 108 8
80 110 18
80 111 32
80 112 87
80 113 58
80 115 40
80 118 31
80 124 43
80 128 64
80 129 22
80 137 6
80 139 61
80 143 65
80 144 33
80 145 30
80 147 61
80 148 28
80 150 27
81 91 55
81 93 15
81 96 57
81 105 94
81 110 22
81 118 54
81 121 69
81 123 12
81 124 3
81 127 59
81 132 88
81 133 77
81 136 4
81 148 3
81 150 15
82 84 28
82 88 67
82 90 41
82 91 21
82 92 54
82 93 53
82 94 1
82 96 16
82 98 43
82 102 38
82 104 38
82 105 85
82 106 62
82 113 4
82 114 85
82 118 49
82 119 36
82 120 50
82 121 26
82 123 60
82 124 31
82 127 14
82 129 32
82 135 17
82 139 21
82 143 25
82 144 49
82 146 27
82 147 80
82 148 2
83 85 3
83 90 58
83 91 71
83 92 83
83 95 70
83 96 12
83 98 30
83 99 93
83 102 59
83 107 41
83 111 57
83 115 40
83 122 23
83 123 52
83 124 30
83 129 11
83 134 31
83 137 15
83 138 35
83 139 22
83 141 58
83 144 74
83 150 69
84 85 85
84 86 47
84 91 61
84 93 98
84 94 36
84 95 75
84 97 3
84 99 99
84 100 20
84 101 33
84 102 10
84 104 51
84 105 98
84 108 46
84 111 49
84 118 29
84 119 13
84 121 20
84 125 77
84 126 99
84 129 48
84 132 96
84 135 44
84 143 25
84 144 32
84 145 92
84 147 36
84 150 88
85 87 45
85 93 86
85 94 34
85 95 82
85 97 52
85 99 32
85 100 6
85 107 64
85 110 1
85 111 53
85 114 64
85 117 74
85 118 84
85 119 55
85 120 75
85 122 41
85 123 2
85 126 77
85 127 30
85 130 18
85 131 22
85 132 34
85 134 4
85 135 47
85 147 54
85 148 43
85 149 30
85 150 99
86 88 51
86 90 12
86 91 52
86 93 48
86 96 84
86 99 45
86 100 93
86 101 14
86 103 52
86 104 81
86 105 42
86 109 95
86 111 27
86 116 85
86 123 9
86 126 78
86 127 76
86 129 35
86 131 32
86 134 36
86 135 19
86 140 4
86 142 20
86 143 41
86 144 1
86 147 93
86 148 81
86 149 26
86 150 99
87 89 68
87 92 71
87 94 49
87 97 22
87 98 73
87 102 49
87 105 69
87 106 62
87 109 99
87 110 68
87 111 11
87 113 60
87 120 58
87 121 47
87 125 92
87 127 30
87 129 80
87 131 100
87 134 8
87 136 42
87 137 31
87 141 34
87 142 84
87 146 80
87 148 19
87 150 89
88 92 30
88 94 56
88 99 84
88 100 98
88 107 55
88 108 47
88 109 46
88 112 23
88 113 61
88 114 22
88 115 71
88 119 90
88 121 1
88 126 88
88 132 81
88 133 86
88 138 7
88 139 71
88 142 34
88 147 56
89 90 35
89 91 3
89 93 22
89 99 50
89 106 4
89 108 63
89 109 20
89 114 35
89 117 7
89 118 82
89 119 28
89 122 92
89 127 80
89 128 30
89 129 43
89 134 96
89 135 30
89 136 36
89 141 12
89 144 96
89 145 68
89 146 40
90 93 30
90 96 24
90 97 12
90 98 23
90 100 82
90 101 46
90 102 64
90 103 33
90 104 98
90 105 89
90 106 76
90 108 1
90 110 13
90 113 35
90 114 28
90 115 25
90 119 35
90 124 53
90 125 42
90 128 22
90 135 93
90 136 60
90 140 90
90 142 45
90 144 1
90 145 98
90 147 32
90 148 71
91 93 82
91 94 12
91 100 43
91 101 60
91 110 3
91 112 72
91 117 85
91 118 28
91 119 82
91 122 84
91 133 3
91 135 23
91 136 57
91 137 6
91 138 27
91 142 83
91 144 13
91 146 60
91 149 50
92 94 27
92 100 57
92 105 88
92 110 14
92 111 96
92 117 4
92 119 69
92 122 18
92 123 6
92 124 97
92 126 75
92 128 75
92 130 86
92 132 72
92 138 94
92 139 5
92 140 95
92 143 28
92 145 49
92 147 20
93 96 35
93 102 6
93 104 99
93 106 50
93 107 64
93 108 98
93 110 54
93 118 11
93 124 75
93 127 71
93 128 37
93 130 91
93 131 49
93 132 15
93 134 99
93 135 5
93 137 87
93 142 59
93 143 29
93 146 94
93 148 8
93 149 63
94 97 70
94 98 60
94 102 30
94 103 78
94 105 96
94 107 52
94 108 12
94 114 40
94 116 38
94 117 37
94 123 99
94 124 91
94 127 41
94 129 55
94 133 50
94 137 73
94 138 11
94 139 1
94 140 50
94 141 75
94 142 68
94 144 69
94 145 81
94 146 30
94 147 90
95 96 76
95 97 17
95 99 85
95 101 7
95 102 70
95 105 33
95 107 85
95 111 11
95 114 90
95 119 4
95 122 31
95 124 95
95 125 88
95 129 55
95 130 73
95 131 39
95 134 36
95 135 64
95 138 51
95 140 83
95 141 83
95 145 81
95 146 22
95 147 44
95 150 96
96 98 7
96 99 2
96 102 81
96 106 100
96 110 7
96 111 76
96 113 70
96 114 22
96 116 15
96 119 89
96 124 5
96 128 94
96 130 26
96 145 11
96 148 22
97 100 12
97 101 51
97 105 3
97 106 66
97 107 1
97 109 84
97 112 90
97 113 24
97 116 51
97 122 80
97 124 69
97 129 95
97 131 22
97 135 75
97 140 45
97 141 99
97 143 75
97 144 68
97 147 61
97 148 26
98 99 77
98 105 66
98 109 34
98 111 85
98 112 19
98 113 86
98 115 22
98 116 75
98 121 79
98 124 58
98 125 36
98 126 99
98 129 50
98 131 65
98 132 40
98 133 18
98 135 82
98 137 30
98 141 14
98 145 64
98 146 98
98 147 76
98 148 80
98 150 98
99 103 74
99 106 29
99 107 99
99 108 75
99 109 77
99 112 10
99 115 44
99 118 95
99 119 30
99 120 88
99 124 79
99 125 20
99 131 41
99 133 18
99 142 29
99 144 42
99 146 68
99 150 67
100 102 83
100 106 44
100 109 74
100 112 98
100 118 78
100 121 82
100 122 1
100 125 72
100 127 91
100 129 50
100 130 1
100 140 89
100 141 17
100 143 56
100 147 27
100 149 60
101 104 92
101 108 70
101 113 58
101 115 2
101 119 14
101 121 24
101 124 22
101 126 74
101 134 17
101 135 89
101 136 78
101 139 31
101 143 45
101 146 64
101 147 56
101 149 20
101 150 29
102 105 59
102 106 17
102 110 4
102 112 56
102 114 96
102 118 55
102 119 86
102 121 89
102 122 48
102 125 1
102 126 7
102 134 83
102 137 9
102 139 67
102 141 33
102 142 71
102 143 55
102 144 12
102 146 16
102 148 83
102 149 77
102 150 49
103 105 82
103 108 23
103 109 91
103 112 46
103 113 43
103 117 54
103 118 29
103 119 33
103 125 78
103 127 18
103 128 59
103 130 51
103 131 39
103 132 76
103 135 53
103 138 81
103 144 66
103 145 82
103 146 24
103 148 69
103 149 37
103 150 20
104 105 42
104 106 32
104 109 68
104 110 64
104 115 37
104 118 99
104 121 61
104 126 74
104 128 17
104 130 90
104 131 65
104 132 98
104 133 64
104 138 47
104 144 46
104 147 82
104 148 68
104 149 35
105 108 94
105 111 66
105 114 2
105 119 65
105 131 91
105 133 32
105 134 51
105 137 61
105 139 78
105 140 49
105 144 1
105 148 10
105 150 44
106 108 96
106 110 44
106 111 35
106 112 65
106 117 33
106 119 63
106 122 71
106 123 1
106 124 10
106 129 45
106 131 19
106 133 24
106 134 84
106 136 1
106 137 49
106 138 4
106 139 64
106 142 58
107 112 40
107 114 68
107 115 89
107 116 3
107 127 48
107 128 4
107 129 3
107 130 81
107 131 59
107 133 23
107 137 51
107 141 83
107 142 15
107 144 93
108 111 54
108 115 36
108 116 96
108 117 45
108 119 84
108 122 46
108 130 19
108 132 85
108 134 16
108 137 72
108 138 35
108 139 83
108 142 24
108 146 52
108 147 89
108 149 100
109 110 25
109 112 18
109 113 87
109 114 84
109 116 97
109 117 90
109 119 91
109 122 69
109 125 15
109 129 16
109 130 53
109 131 52
109 132 100
109 134 55
109 141 15
109 145 17
109 146 87
109 148 18
110 113 20
110 116 2
110 117 32
110 118 30
110 121 61
110 122 53
110 123 69
110 130 67
110 132 54
110 133 38
110 136 36
110 137 8
110 145 67
110 146 5
110 147 95
110 148 96
110 149 23
111 113 14
111 114 69
111 116 50
111 117 25
111 119 96
111 121 93
111 122 100
111 127 3
111 130 91
111 132 35
111 134 78
111 135 65
111 137 75
111 138 11
111 139 92
111 144 21
111 149 28
111 150 3
112 116 51
112 117 63
112 119 70
112 124 34
112 129 34
112 131 64
112 136 92
112 137 86
112 138 23
112 140 73
112 141 97
112 142 2
112 145 10
112 146 99
112 150 54
113 114 41
113 117 5
113 118 70
113 120 14
113 122 79
113 124 67
113 127 25
113 129 21
113 130 13
113 131 32
113 133 96
113 134 100
113 135 37
113 136 3
113 138 50
113 139 23
113 140 98
113 143 100
113 146 49
113 147 5
113 149 12
113 150 67
114 115 86
114 119 7
114 123 80
114 124 42
114 125 7
114 127 8
114 128 1
114 132 92
114 134 58
114 136 7
114 137 29
114 138 12
114 141 71
114 142 46
114 145 54
115 118 70
115 119 63
115 121 85
115 122 18
115 124 16
115 128 23
115 131 54
115 143 99
115 145 69
115 146 98
115 149 21
116 117 4
116 122 42
116 123 77
116 127 70
116 132 30
116 134 25
116 135 93
116 136 94
116 137 77
116 141 55
116 142 55
116 146 29
116 148 48
116 149 13
117 123 70
117 124 38
117 133 56
117 140 85
117 143 94
117 144 13
117 145 34
117 147 60
117 149 97
117 150 71
118 119 23
118 120 32
118 126 96
118 127 40
118 131 22
118 137 59
118 142 75
118 143 79
118 147 77
119 121 99
119 123 68
119 129 86
119 130 55
119 135 10
119 139 28
119 140 4
119 144 3
119 148 34
120 124 48
120 131 57
120 132 25
120 133 84
120 135 54
120 140 48
120 142 47
120 144 43
120 146 33
120 148 99
120 149 22
121 123 8
121 125 63
121 126 2
121 129 84
121 131 86
121 134 15
121 136 96
121 137 96
121 139 30
121 142 32
121 148 82
121 149 71
121 150 35
122 123 83
122 124 10
122 125 20
122 130 2
122 138 81
122 143 86
122 144 62
122 145 28
122 147 30
122 149 97
123 125 63
123 126 76
123 127 56
123 128 11
123 129 87
123 130 16
123 134 79
123 135 70
123 136 60
123 137 92
123 140 42
123 141 50
123 142 64
123 147 100
124 126 8
124 137 61
124 138 94
124 141 16
124 144 82
124 147 7
124 148 31
124 149 40
125 128 18
125 133 53
125 137 26
125 138 41
125 139 58
125 143 24
125 145 75
125 147 87
126 127 55
126 128 72
126 130 17
126 132 77
126 135 96
126 140 7
126 141 58
126 142 38
126 143 32
126 146 63
127 128 6
127 129 50
127 130 87
127 136 23
127 138 56
127 139 34
127 148 92
127 149 15
128 131 42
128 134 17
128 137 22
128 138 31
128 142 62
128 144 81
128 145 84
128 146 82
128 147 61
129 130 3
129 131 68
129 133 60
129 134 16
129 140 21
129 143 75
129 145 86
129 147 76
129 150 88
130 131 55
130 134 32
130 138 22
130 139 50
130 147 11
131 133 98
131 134 60
131 136 73
131 138 2
131 143 29
131 144 25
131 147 51
132 134 24
132 138 28
132 140 96
132 145 20
132 148 82
132 149 93
133 136 69
133 138 9
133 140 7
133 147 37
134 135 3
134 140 73
134 146 52
134 147 71
134 149 9
134 150 49
135 137 80
135 138 72
135 140 8
135 142 7
135 144 63
135 146 74
135 147 38
135 148 24
136 139 45
136 142 40
136 143 14
136 145 57
136 148 15
136 150 28
137 145 77
137 147 89
137 148 86
137 149 64
137 150 90
138 144 17
138 147 54
138 150 7
139 140 19
139 142 57
139 144 28
139 145 70
139 146 29
140 141 54
140 145 70
140 149 90
141 144 87
141 145 67
141 146 16
141 150 70
142 144 30
142 146 35
142 147 36
142 149 69
143 144 31
143 147 41
143 150 100
144 146 68
144 147 22
145 146 96
145 148 89
145 149 43
145 150 87
147 149 100
148 149 20
1 4 71
1 6 79
1 8 40
1 11 54
1 12 56
1 13 18
1 15 97
1 17 32
1 19 47
1 23 73
1 25 25
1 27 89
1 31 87
1 35 40
1 37 87
1 39 34
1 40 31
1 42 22
1 43 8
1 45 86
1 47 64
1 48 71
1 50 83
1 51 80
1 52 49
1 54 21
1 56 59
1 59 86
1 60 89
1 63 28
1 75 9
1 78 42
1 79 14
1 84 66
1 85 88
1 86 36
1 87 31
1 90 85
1 91 86
1 93 63
1 94 10
1 96 71
1 97 86
1 98 86
1 99 39
1 101 57
1 102 30
1 104 35
1 105 98
1 106 78
1 110 37
1 111 83
1 117 42
1 122 28
1 125 3
1 128 32
1 129 32
1 131 83
1 132 68
1 133 53
1 134 3
1 135 6
1 136 48
1 137 95
1 138 19
1 139 60
1 148 97
2 4 97
2 5 71
2 7 49
2 10 60
2 11 62
2 13 48
2 15 11
2 16 2
2 23 63
2 30 32
2 36 43
2 38 38
2 39 71
2 45 53
2 49 55
2 50 46
2 51 59
2 54 94
2 55 42
2 56 54
2 57 8
2 58 16
2 59 82
2 60 24
2 63 55
2 69 53
2 72 6
2 76 60
2 82 29
2 83 23
2 84 24
2 86 27
2 89 12
2 90 67
2 93 5
2 99 29
2 102 64
2 103 96
2 105 58
2 107 37
2 112 73
2 114 70
2 116 59
2 119 66
2 125 41
2 127 32
2 128 1
2 131 50
2 132 48
2 133 78
2 135 80
2 137 79
2 138 83
2 146 13
2 147 28
2 149 32
3 4 89
3 8 84
3 11 4
3 12 55
3 16 78
3 18 90
3 19 11
3 21 36
3 23 77
3 24 90
3 25 81
3 26 69
3 28 49
3 29 3
3 31 63
3 32 55
3 33 12
3 35 59
3 41 52
3 43 9
3 45 32
3 47 27
3 49 26
3 53 57
3 54 98
3 55 88
3 59 61
3 60 24
3 64 92
3 68 22
3 72 66
3 74 100
3 76 55
3 78 52
3 79 12
3 80 53
3 82 20
3 86 54
3 87 63
3 91 1
3 93 24
3 94 47
3 95 44
3 98 51
3 106 5
3 107 42
3 108 95
3 109 29
3 113 19
3 119 51
3 121 28
3 122 73
3 127 25
3 134 56
3 136 80
3 144 73
3 149 19
3 150 2
4 6 46
4 9 53
4 15 16
4 16 10
4 17 22
4 18 75
4 21 56
4 22 90
4 24 28
4 28 9
4 34 91
4 35 46
4 39 41
4 40 57
4 44 60
4 46 76
4 47 75
4 55 83
4 58 3
4 59 98
4 64 51
4 67 62
4 68 89
4 71 23
4 72 39
4 76 98
4 77 82
4 81 58
4 85 16
4 86 62
4 87 41
4 88 35
4 89 3
4 90 60
4 91 29
4 92 92
4 94 60
4 96 42
4 98 87
4 101 72
4 109 98
4 110 52
4 111 23
4 113 93
4 114 28
4 115 83
4 119 39
4 120 91
4 122 66
4 123 57
4 126 67
4 128 56
4 130 25
4 131 17
4 132 15
4 134 98
4 136 53
4 137 30
4 139 97
4 141 55
4 144 57
5 8 48
5 9 58
5 13 58
5 14 2
5 15 81
5 18 31
5 20 28
5 21 19
5 29 71
5 32 15
5 37 73
5 38 57
5 39 18
5 40 69
5 43 26
5 46 16
5 48 18
5 50 38
5 61 39
5 63 83
5 69 83
5 71 25
5 73 81
5 75 7
5 77 35
5 80 95
5 83 45
5 85 42
5 94 24
5 101 78
5 104 64
5 106 8
5 107 90
5 109 72
5 110 31
5 113 82
5 114 60
5 115 48
5 116 69
5 119 60
5 121 27
5 124 97
5 125 19
5 127 63
5 129 46
5 130 15
5 134 23
5 135 8
5 142 39
5 145 72
5 148 14
5 149 47
5 150 12
6 7 86
6 11 11
6 12 54
6 23 35
6 26 95
6 27 52
6 30 43
6 31 56
6 32 37
6 33 76
6 34 65
6 38 88
6 39 24
6 40 6
6 42 19
6 45 76
6 46 32
6 52 70
6 53 30
6 54 71
6 56 57
6 63 99
6 64 37
6 65 78
6 66 7
6 69 40
6 70 44
6 72 91
6 73 13
6 74 9
6 75 79
6 86 75
6 90 29
6 95 70
6 97 74
6 103 61
6 105 73
6 106 67
6 107 64
6 109 91
6 112 73
6 113 86
6 114 81
6 115 88
6 118 10
6 122 5
6 123 57
6 126 72
6 127 71
6 133 32
6 146 16
6 147 14
6 149 90
7 10 21
7 12 30
7 16 73
7 18 54
7 19 11
7 20 48
7 24 60
7 28 67
7 34 91
7 37 60
7 38 46
7 39 12
7 43 19
7 44 84
7 45 36
7 46 45
7 47 6
7 52 66
7 55 60
7 57 57
7 66 82
7 67 1
7 69 23
7 71 38
7 72 7
7 75 16
7 76 6
7 83 92
7 84 43
7 85 98
7 86 31
7 88 66
7 91 63
7 92 16
7 95 33
7 96 99
7 98 28
7 99 51
7 102 90
7 103 36
7 104 70
7 108 49
7 109 69
7 114 80
7 121 35
7 123 30
7 124 15
7 128 73
7 131 64
7 134 64
7 135 16
7 139 64
7 144 3
7 146 50
7 147 79
7 149 36
8 9 46
8 11 12
8 14 7
8 15 78
8 21 33
8 25 42
8 27 9
8 30 41
8 33 65
8 34 94
8 38 61
8 39 83
8 42 96
8 43 54
8 44 92
8 46 53
8 47 84
8 48 27
8 50 43
8 55 21
8 56 1
8 57 41
8 58 34
8 59 34
8 62 11
8 64 72
8 67 98
8 69 41
8 71 37
8 73 1
8 76 37
8 79 48
8 80 18
8 85 65
8 87 34
8 89 47
8 93 43
8 94 64
8 95 98
8 99 24
8 101 1
8 108 40
8 109 89
8 111 90
8 117 84
8 119 37
8 123 29
8 128 100
8 129 22
8 130 45
8 131 9
8 134 63
8 138 63
8 145 34
8 146 48
8 149 40
8 150 7
9 10 83
9 12 13
9 15 8
9 17 100
9 20 12
9 21 43
9 22 27
9 23 73
9 24 85
9 29 76
9 31 16
9 32 96
9 33 50
9 34 11
9 37 66
9 38 19
9 41 44
9 48 38
9 49 66
9 50 86
9 57 10
9 58 33
9 64 37
9 68 80
9 70 85
9 71 84
9 73 18
9 74 47
9 75 38
9 76 1
9 79 35
9 80 99
9 81 21
9 84 63
9 85 32
9 86 34
9 87 7
9 88 69
9 89 52
9 90 62
9 91 83
9 92 62
9 93 29
9 97 24
9 98 53
9 101 51
9 103 88
9 104 38
9 105 39
9 107 19
9 108 24
9 109 17
9 112 44
9 113 12
9 114 44
9 115 51
9 119 50
9 120 54
9 124 12
9 127 11
9 128 51
9 131 27
9 135 82
9 136 63
9 138 84
9 140 57
9 141 18
9 144 26
9 147 64
9 148 67
9 150 68
10 12 72
10 14 88
10 16 95
10 19 75
10 21 31
10 22 74
10 24 28
10 25 52
10 28 77
10 30 21
10 32 56
10 34 6
10 36 19
10 43 30
10 46 12
10 48 42
10 51 20
10 53 8
10 54 67
10 58 3
10 60 52
10 62 61
10 65 12
10 72 40
10 74 28
10 75 71
10 80 52
10 83 11
10 86 35
10 88 88
10 89 53
10 90 59
10 92 4
10 94 4
10 97 3
10 102 72
10 103 89
10 104 24
10 105 30
10 108 28
10 111 28
10 114 12
10 115 42
10 119 16
10 120 71
10 122 27
10 126 6
10 127 48
10 130 95
10 132 23
10 133 42
10 135 75
10 138 91
10 139 75
10 148 96
10 149 89
11 14 96
11 16 40
11 18 39
11 19 26
11 21 62
11 22 93
11 23 78
11 25 22
11 28 35
11 29 80
11 30 30
11 32 17
11 35 92
11 37 23
11 38 31
11 39 1
11 48 28
11 49 40
11 52 100
11 53 24
11 54 13
11 55 50
11 58 32
11 59 68
11 61 5
11 62 67
11 65 83
11 66 36
11 67 94
11 68 42
11 72 14
11 75 2
11 77 86
11 79 83
11 81 33
11 82 30
11 83 69
11 84 94
11 86 73
11 87 32
11 90 88
11 91 89
11 93 62
11 94 45
11 96 80
11 98 47
11 99 15
11 104 62
11 107 78
11 110 88
11 113 73
11 114 91
11 115 78
11 117 31
11 123 26
11 124 13
11 125 1
11 126 88
11 129 13
11 132 42
11 135 18
11 142 12
11 144 3
11 145 61
11 146 9
11 147 28
11 148 40
12 13 27
12 15 72
12 17 72
12 19 17
12 22 11
12 24 14
12 28 41
12 30 67
12 31 20
12 34 8
12 35 25
12 37 26
12 38 43
12 43 18
12 47 18
12 49 13
12 51 72
12 58 5
12 59 26
12 61 18
12 63 39
12 65 33
12 69 81
12 70 97
12 71 95
12 76 97
12 78 27
12 80 90
12 81 53
12 82 12
12 83 87
12 85 45
12 86 10
12 88 44
12 90 11
12 91 57
12 92 25
12 93 61
12 95 32
12 96 59
12 99 35
12 101 23
12 102 29
12 107 90
12 109 68
12 114 41
12 115 25
12 118 7
12 119 27
12 121 98
12 122 80
12 126 48
12 127 46
12 131 64
12 133 37
12 136 31
12 137 74
12 138 57
12 139 71
12 143 100
12 146 90
12 147 51
12 149 27
12 150 77
13 15 86
13 26 58
13 29 75
13 30 54
13 31 30
13 37 31
13 38 90
13 42 90
13 43 51
13 44 62
13 48 94
13 52 42
13 53 76
13 54 70
13 56 50
13 60 81
13 61 75
13 66 82
13 67 88
13 68 58
13 69 10
13 71 20
13 76 21
13 77 25
13 78 48
13 79 17
13 80 52
13 82 58
13 83 63
13 84 68
13 86 27
13 88 22
13 89 29
13 93 72
13 94 22
13 95 1
13 97 30
13 99 40
13 103 56
13 108 70
13 111 80
13 127 78
13 131 89
13 135 51
13 137 16
13 139 12
13 143 2
13 144 13
13 147 20
13 149 99
14 18 97
14 22 100
14 24 82
14 28 80
14 29 8
14 40 51
14 41 19
14 42 57
14 46 58
14 50 54
14 51 11
14 52 23
14 53 98
14 54 50
14 56 64
14 57 34
14 60 10
14 62 44
14 68 19
14 71 5
14 74 58
14 75 13
14 76 83
14 77 64
14 79 89
14 80 9
14 81 67
14 84 3
14 86 43
14 90 8
14 93 43
14 95 72
14 97 16
14 99 6
14 103 6
14 104 92
14 109 76
14 111 67
14 112 81
14 114 64
14 116 5
14 117 69
14 119 85
14 122 20
14 123 10
14 124 31
14 126 86
14 129 90
14 132 39
14 134 36
14 136 3
14 140 3
14 142 80
14 143 8
14 144 82
14 149 27
15 16 80
15 17 5
15 18 95
15 21 34
15 22 33
15 24 97
15 30 45
15 31 26
15 32 3
15 34 90
15 35 1
15 37 51
15 41 55
15 44 36
15 45 22
15 46 47
15 47 57
15 49 36
15 57 76
15 58 68
15 64 29
15 66 68
15 69 58
15 71 75
15 72 64
15 79 89
15 81 65
15 85 3
15 90 77
15 95 94
15 96 90
15 103 92
15 105 76
15 106 36
15 107 45
15 109 100
15 111 2
15 113 71
15 116 38
15 118 57
15 119 46
15 121 66
15 122 16
15 124 1
15 125 29
15 126 73
15 127 62
15 128 68
15 136 15
15 138 58
15 141 30
15 142 76
15 144 25
15 149 2
16 17 52
16 18 5
16 21 54
16 23 99
16 25 31
16 26 76
16 34 96
16 36 87
16 37 64
16 39 44
16 40 28
16 43 86
16 45 68
16 47 20
16 49 44
16 52 61
16 53 51
16 54 51
16 55 85
16 56 66
16 60 88
16 61 61
16 63 19
16 69 98
16 72 29
16 74 59
16 80 65
16 81 84
16 82 52
16 84 48
16 87 31
16 90 69
16 91 11
16 92 86
16 98 54
16 102 7
16 103 32
16 104 30
16 105 7
16 109 55
16 111 32
16 112 12
16 118 86
16 120 70
16 121 14
16 125 98
16 129 62
16 133 75
16 134 8
16 140 60
16 142 46
16 145 27
16 146 89
16 148 13
16 149 55
17 24 57
17 26 28
17 29 61
17 40 38
17 42 54
17 43 78
17 44 64
17 45 57
17 48 8
17 52 30
17 55 66
17 56 98
17 57 21
17 59 89
17 62 58
17 63 15
17 65 5
17 67 31
17 68 96
17 69 86
17 72 68
17 74 13
17 75 65
17 78 49
17 79 31
17 82 54
17 83 88
17 87 39
17 88 66
17 92 76
17 93 27
17 94 17
17 96 31
17 98 77
17 101 4
17 104 38
17 107 38
17 108 28
17 109 85
17 113 20
17 114 13
17 119 86
17 129 3
17 130 90
17 131 9
17 132 47
17 133 66
17 137 100
17 138 54
17 139 51
17 141 67
17 142 95
17 149 75
17 150 4
18 20 48
18 21 1
18 27 36
18 29 6
18 31 13
18 33 36
18 34 12
18 35 70
18 39 55
18 41 33
18 42 95
18 43 72
18 44 29
18 45 33
18 46 3
18 49 93
18 52 74
18 55 48
18 61 5
18 62 92
18 70 73
18 71 74
18 73 29
18 76 64
18 77 16
18 81 73
18 83 62
18 84 9
18 89 26
18 90 26
18 91 14
18 92 15
18 93 46
18 96 50
18 99 22
18 101 9
18 104 10
18 108 64
18 112 85
18 116 78
18 117 76
18 118 90
18 119 25
18 123 16
18 124 30
18 125 27
18 129 54
18 132 22
18 137 86
18 140 6
18 144 23
18 145 5
18 147 44
19 20 68
19 24 70
19 25 78
19 28 60
19 31 19
19 33 90
19 34 76
19 35 7
19 36 10
19 39 98
19 40 82
19 44 42
19 45 13
19 46 56
19 48 73
19 51 22
19 52 16
19 53 79
19 55 42
19 61 49
19 63 5
19 67 40
19 68 48
19 72 11
19 73 77
19 81 45
19 83 3
19 84 21
19 85 14
19 88 32
19 94 95
19 95 94
19 96 63
19 102 82
19 103 76
19 104 29
19 107 17
19 108 45
19 111 85
19 112 85
19 113 25
19 116 87
19 121 27
19 127 54
19 128 96
19 137 42
19 139 97
