150 10058 1
1 4 32
1 6 33
1 7 19
1 8 62
1 10 83
1 12 44
1 13 18
1 20 25
1 22 43
1 23 51
1 27 27
1 28 95
1 37 53
1 38 57
1 39 9
1 40 3
1 41 15
1 42 94
1 44 31
1 45 96
1 50 42
1 53 15
1 56 25
1 60 36
1 65 97
1 66 28
1 69 64
1 70 76
1 73 51
1 74 29
1 81 84
1 84 94
1 92 85
1 93 96
1 94 75
1 96 31
1 97 56
1 101 56
1 105 1
1 108 17
1 111 89
1 112 44
1 118 16
1 122 17
1 125 62
1 127 60
1 128 16
1 130 53
1 133 52
1 135 17
1 139 87
1 141 49
1 142 10
1 144 23
1 145 18
2 4 28
2 5 71
2 10 16
2 13 81
2 16 89
2 17 94
2 18 97
2 23 3
2 24 21
2 25 32
2 31 63
2 33 87
2 34 3
2 37 1
2 41 92
2 43 65
2 46 7
2 47 6
2 48 61
2 50 66
2 52 33
2 54 70
2 55 83
2 56 34
2 60 81
2 66 54
2 71 51
2 72 24
2 76 24
2 77 52
2 85 95
2 86 19
2 90 100
2 92 80
2 94 31
2 95 45
2 98 10
2 99 59
2 100 54
2 102 100
2 103 28
2 104 8
2 106 58
2 107 72
2 109 10
2 111 51
2 116 5
2 118 66
2 121 80
2 122 68
2 123 20
2 126 10
2 127 9
2 129 81
2 131 29
2 132 99
2 134 57
2 136 92
2 137 22
2 140 1
2 145 69
2 146 46
2 147 50
2 148 4
3 6 73
3 10 93
3 13 97
3 15 72
3 17 5
3 19 71
3 21 12
3 25 80
3 28 13
3 29 40
3 42 65
3 44 89
3 45 72
3 46 94
3 51 45
3 53 61
3 54 23
3 58 86
3 65 37
3 67 65
3 68 44
3 69 44
3 71 38
3 75 20
3 79 46
3 83 84
3 84 1
3 89 27
3 91 95
3 92 53
3 93 14
3 95 100
3 96 9
3 97 99
3 98 55
3 100 58
3 102 82
3 105 12
3 106 66
3 107 94
3 109 15
3 110 36
3 111 55
3 115 5
3 116 18
3 117 13
3 118 35
3 120 14
3 122 87
3 126 22
3 128 85
3 130 71
3 131 98
3 132 90
3 133 4
3 134 24
3 137 20
3 139 97
3 141 100
3 142 10
3 148 39
4 5 56
4 6 91
4 11 4
4 12 24
4 18 100
4 19 38
4 20 59
4 25 18
4 30 94
4 34 43
4 36 70
4 38 39
4 44 60
4 45 82
4 48 62
4 51 76
4 56 71
4 57 89
4 59 98
4 60 34
4 61 61
4 63 43
4 64 90
4 65 39
4 66 46
4 67 58
4 68 32
4 71 16
4 72 59
4 77 84
4 85 50
4 87 33
4 92 90
4 93 17
4 98 82
4 99 22
4 100 48
4 103 91
4 104 38
4 105 61
4 107 78
4 108 99
4 110 55
4 112 20
4 116 41
4 117 26
4 119 36
4 120 65
4 121 50
4 122 32
4 125 66
4 126 82
4 130 19
4 134 90
4 139 12
4 141 86
4 143 59
4 144 27
4 147 23
4 150 97
5 13 19
5 19 3
5 24 89
5 28 67
5 35 65
5 36 29
5 39 48
5 41 66
5 42 86
5 44 95
5 45 44
5 52 29
5 53 32
5 56 59
5 57 39
5 61 81
5 64 69
5 65 33
5 68 10
5 70 19
5 71 17
5 72 86
5 76 98
5 77 90
5 78 27
5 80 64
5 81 75
5 83 18
5 84 56
5 85 42
5 86 1
5 90 87
5 93 5
5 97 29
5 98 15
5 104 71
5 107 65
5 113 15
5 114 44
5 115 31
5 116 61
5 117 28
5 122 20
5 123 66
5 127 67
5 128 43
5 132 49
5 135 15
5 136 82
5 140 69
5 142 4
5 143 71
5 144 65
5 146 25
5 148 68
5 150 73
6 7 35
6 12 3
6 13 21
6 15 77
6 16 76
6 17 45
6 19 63
6 26 53
6 27 41
6 30 63
6 31 28
6 33 26
6 35 63
6 38 72
6 45 22
6 47 31
6 48 56
6 52 41
6 53 96
6 56 61
6 63 83
6 65 13
6 66 50
6 67 69
6 68 91
6 69 61
6 70 3
6 71 11
6 72 94
6 73 97
6 75 92
6 76 66
6 79 42
6 84 79
6 86 89
6 94 21
6 95 92
6 98 15
6 100 34
6 101 35
6 106 11
6 107 11
6 109 57
6 110 47
6 111 17
6 114 81
6 117 15
6 122 96
6 123 53
6 128 96
6 130 31
6 131 74
6 134 19
6 135 100
6 136 48
6 139 80
6 140 7
6 141 8
7 9 59
7 12 87
7 14 64
7 15 74
7 23 59
7 24 93
7 31 37
7 33 86
7 35 43
7 36 42
7 37 71
7 39 100
7 40 66
7 42 17
7 44 77
7 46 87
7 47 19
7 53 14
7 56 68
7 57 92
7 60 24
7 63 22
7 64 48
7 70 14
7 72 33
7 73 66
7 75 29
7 77 88
7 81 30
7 82 86
7 83 54
7 85 61
7 89 10
7 93 21
7 94 5
7 95 46
7 96 44
7 101 83
7 102 80
7 104 28
7 106 14
7 107 87
7 108 34
7 109 89
7 110 39
7 113 68
7 114 78
7 115 64
7 119 32
7 124 12
7 128 39
7 131 45
7 132 37
7 134 47
7 137 37
7 138 50
7 140 68
7 141 6
7 143 37
7 144 7
7 147 35
7 149 46
8 10 15
8 15 92
8 21 61
8 30 15
8 37 72
8 41 51
8 42 33
8 52 79
8 57 63
8 61 80
8 62 54
8 64 72
8 67 6
8 70 10
8 71 25
8 74 47
8 77 40
8 79 87
8 80 8
8 81 11
8 83 58
8 84 79
8 85 8
8 89 95
8 90 19
8 95 21
8 98 86
8 103 67
8 107 41
8 109 99
8 111 27
8 112 28
8 114 8
8 115 2
8 118 72
8 119 43
8 125 61
8 126 1
8 136 78
8 137 17
8 139 12
8 143 58
8 144 69
8 147 47
8 149 64
8 150 90
9 11 30
9 12 22
9 14 48
9 17 95
9 19 86
9 20 88
9 21 17
9 23 76
9 28 48
9 32 7
9 35 63
9 36 22
9 38 44
9 42 59
9 43 56
9 44 31
9 47 1
9 51 44
9 55 61
9 56 94
9 59 52
9 62 14
9 64 59
9 67 79
9 69 30
9 79 49
9 80 76
9 82 7
9 86 92
9 95 41
9 100 61
9 103 18
9 104 79
9 108 98
9 111 32
9 112 52
9 115 44
9 117 57
9 119 86
9 120 100
9 122 90
9 123 23
9 126 60
9 127 98
9 128 72
9 129 96
9 130 15
9 131 75
9 133 80
9 134 44
9 136 51
9 139 11
9 141 12
9 144 55
9 147 22
9 148 34
10 12 63
10 14 73
10 22 61
10 24 4
10 25 63
10 31 69
10 32 83
10 35 99
10 38 22
10 39 56
10 40 46
10 41 29
10 42 71
10 48 81
10 49 91
10 50 44
10 52 32
10 54 57
10 61 24
10 68 3
10 69 41
10 72 47
10 73 56
10 74 15
10 75 32
10 76 77
10 78 67
10 82 74
10 84 29
10 85 30
10 86 13
10 90 14
10 93 53
10 95 16
10 96 84
10 97 77
10 101 75
10 103 24
10 106 37
10 107 1
10 113 34
10 114 91
10 118 84
10 119 97
10 120 94
10 121 34
10 123 27
10 124 64
10 126 20
10 127 79
10 129 45
10 131 27
10 132 99
10 140 85
10 141 38
10 143 53
10 144 75
10 147 2
10 149 49
11 12 73
11 13 16
11 14 37
11 17 84
11 21 62
11 25 75
11 31 100
11 36 9
11 39 81
11 41 56
11 42 48
11 44 75
11 45 54
11 46 40
11 48 78
11 49 67
11 54 25
11 55 22
11 56 83
11 59 57
11 61 44
11 64 6
11 71 9
11 73 55
11 74 66
11 75 62
11 76 73
11 78 82
11 79 96
11 81 82
11 84 58
11 85 37
11 86 19
11 88 91
11 90 87
11 98 35
11 99 64
11 103 88
11 107 69
11 108 44
11 113 37
11 114 38
11 115 36
11 118 30
11 124 26
11 125 12
11 131 47
11 132 49
11 133 92
11 135 52
11 136 84
11 138 82
11 145 95
11 146 80
11 148 34
11 149 39
12 13 92
12 14 16
12 15 53
12 17 13
12 18 70
12 19 99
12 20 62
12 25 98
12 31 91
12 35 68
12 36 76
12 40 72
12 45 61
12 49 90
12 52 74
12 55 93
12 56 70
12 57 84
12 60 25
12 61 79
12 62 3
12 63 11
12 64 69
12 71 12
12 73 58
12 74 83
12 75 22
12 76 77
12 80 75
12 81 36
12 87 18
12 89 24
12 90 76
12 92 79
12 93 3
12 96 37
12 99 12
12 100 55
12 102 71
12 104 8
12 105 1
12 106 96
12 107 33
12 111 66
12 118 100
12 119 41
12 122 24
12 127 19
12 131 4
12 133 17
12 136 21
12 138 76
12 139 64
12 140 100
12 142 44
12 146 30
13 14 26
13 18 8
13 24 16
13 26 26
13 27 8
13 28 84
13 31 5
13 32 95
13 34 53
13 35 27
13 37 3
13 39 43
13 40 66
13 42 80
13 45 51
13 46 85
13 48 86
13 49 25
13 50 65
13 51 4
13 52 34
13 56 28
13 58 37
13 62 75
13 63 77
13 66 33
13 71 51
13 72 82
13 78 75
13 83 56
13 91 45
13 93 6
13 94 17
13 95 11
13 97 79
13 98 8
13 99 52
13 100 87
13 102 16
13 111 36
13 116 4
13 118 68
13 125 96
13 127 36
13 128 2
13 129 6
13 136 9
13 137 18
13 139 72
13 140 55
13 142 21
13 145 30
13 147 94
14 16 5
14 18 66
14 19 17
14 20 64
14 22 16
14 24 15
14 25 26
14 27 89
14 29 83
14 33 10
14 34 85
14 35 80
14 37 7
14 39 17
14 41 55
14 42 48
14 43 99
14 48 35
14 50 68
14 56 57
14 61 88
14 62 85
14 67 82
14 69 25
14 70 85
14 72 10
14 76 82
14 79 74
14 81 7
14 83 69
14 84 29
14 87 35
14 90 33
14 92 79
14 93 64
14 95 22
14 96 86
14 97 35
14 98 87
14 107 6
14 109 50
14 110 91
14 112 16
14 115 19
14 116 73
14 117 88
14 120 45
14 121 80
14 122 87
14 123 98
14 126 12
14 128 93
14 129 17
14 130 31
14 134 5
14 136 70
14 137 10
14 138 51
14 142 98
14 146 6
14 147 100
14 149 65
15 16 35
15 17 43
15 20 22
15 22 51
15 24 24
15 27 21
15 28 86
15 29 22
15 30 79
15 33 43
15 37 59
15 38 56
15 40 92
15 44 13
15 45 69
15 46 29
15 47 57
15 56 60
15 57 63
15 60 13
15 67 20
15 69 23
15 70 54
15 74 21
15 75 18
15 76 80
15 79 17
15 83 60
15 86 19
15 95 35
15 99 78
15 101 6
15 106 94
15 114 85
15 121 12
15 122 21
15 124 54
15 126 79
15 127 45
15 128 47
15 130 68
15 136 93
15 137 35
15 138 37
15 139 99
15 142 29
16 17 35
16 20 51
16 23 2
16 25 45
16 27 48
16 29 86
16 30 88
16 31 81
16 38 98
16 40 27
16 43 37
16 46 78
16 48 21
16 51 88
16 52 98
16 56 56
16 57 59
16 59 8
16 62 63
16 63 82
16 64 46
16 65 96
16 66 8
16 68 38
16 69 9
16 71 69
16 72 78
16 77 13
16 78 84
16 79 68
16 82 83
16 89 34
16 91 40
16 93 53
16 96 64
16 97 29
16 101 6
16 104 28
16 105 76
16 107 40
16 109 26
16 110 100
16 112 5
16 113 13
16 115 52
16 116 78
16 118 80
16 121 93
16 122 74
16 127 38
16 129 10
16 131 31
16 132 89
16 133 54
16 136 63
16 138 47
16 139 86
16 140 99
16 142 10
16 143 71
16 144 85
16 145 87
16 149 100
16 150 32
17 26 69
17 29 41
17 31 100
17 37 53
17 38 2
17 39 36
17 40 70
17 41 22
17 48 76
17 52 6
17 53 87
17 54 53
17 55 88
17 59 22
17 61 51
17 64 13
17 65 12
17 66 98
17 67 23
17 69 17
17 73 78
17 74 69
17 76 14
17 78 34
17 80 9
17 89 35
17 90 89
17 91 87
17 92 63
17 94 26
17 96 28
17 99 5
17 102 10
17 103 21
17 104 91
17 106 14
17 108 39
17 112 1
17 116 100
17 118 71
17 119 45
17 120 41
17 121 11
17 124 83
17 125 63
17 127 91
17 128 98
17 130 75
17 133 92
17 134 56
17 135 76
17 138 53
17 139 3
17 140 78
17 141 28
17 142 100
17 143 11
17 145 100
17 149 64
17 150 25
18 20 14
18 21 52
18 26 43
18 28 91
18 30 17
18 31 88
18 39 94
18 40 57
18 43 15
18 45 30
18 46 79
18 49 71
18 50 83
18 52 31
18 56 43
18 61 11
18 62 36
18 63 35
18 68 71
18 69 40
18 71 17
18 75 47
18 78 37
18 85 11
18 87 17
18 88 1
18 89 45
18 91 87
18 92 78
18 94 5
18 98 32
18 99 65
18 100 79
18 102 86
18 105 66
18 107 56
18 112 70
18 113 94
18 115 2
18 118 73
18 123 34
18 127 71
18 133 79
18 136 15
18 137 49
18 143 98
18 145 13
18 147 6
18 149 84
18 150 5
19 23 42
19 24 86
19 28 27
19 29 89
19 31 81
19 34 1
19 35 93
19 36 18
19 38 61
19 44 27
19 45 68
19 47 52
19 50 10
19 51 9
19 52 17
19 54 80
19 60 11
19 62 40
19 64 70
19 69 94
19 71 51
19 76 40
19 77 70
19 78 74
19 79 3
19 80 97
19 87 70
19 92 22
19 94 87
19 95 18
19 96 100
19 99 71
19 102 33
19 105 20
19 106 96
19 107 65
19 111 66
19 112 40
19 113 87
19 118 33
19 119 9
19 121 81
19 123 48
19 125 74
19 126 99
19 127 12
19 130 61
19 131 45
19 137 5
19 140 32
19 141 47
19 142 82
19 145 74
20 24 14
20 26 84
20 33 78
20 35 20
20 41 15
20 42 88
20 48 27
20 51 35
20 54 88
20 55 99
20 56 7
20 57 13
20 60 66
20 63 46
20 64 11
20 66 62
20 67 55
20 69 19
20 72 29
20 73 7
20 76 17
20 78 44
20 80 42
20 83 41
20 86 20
20 87 53
20 90 13
20 92 11
20 95 1
20 96 84
20 99 75
20 105 62
20 106 83
20 113 91
20 114 90
20 117 21
20 119 42
20 120 81
20 122 80
20 127 39
20 130 43
20 132 47
20 133 37
20 135 4
20 136 26
20 138 21
20 142 74
20 144 4
20 150 72
21 22 91
21 26 29
21 27 85
21 30 55
21 32 5
21 33 100
21 34 62
21 37 13
21 38 68
21 40 20
21 43 32
21 45 44
21 46 28
21 47 36
21 49 24
21 50 99
21 51 27
21 53 26
21 56 56
21 58 72
21 65 58
21 67 41
21 68 59
21 70 76
21 71 92
21 72 56
21 79 65
21 81 6
21 83 10
21 85 4
21 91 32
21 92 72
21 93 98
21 95 85
21 98 45
21 100 57
21 101 28
21 108 90
21 109 37
21 110 21
21 112 87
21 114 63
21 115 49
21 116 2
21 117 20
21 118 24
21 121 9
21 122 70
21 124 11
21 125 11
21 127 68
21 131 7
21 132 76
21 136 84
21 145 3
21 146 64
21 149 55
21 150 68
22 24 70
22 25 70
22 26 25
22 27 40
22 29 88
22 31 88
22 33 46
22 36 15
22 47 70
22 51 40
22 54 60
22 56 80
22 57 90
22 58 87
22 59 9
22 62 81
22 64 78
22 71 81
22 72 64
22 75 12
22 80 85
22 84 92
22 90 11
22 93 16
22 95 57
22 96 80
22 102 16
22 104 31
22 108 56
22 109 67
22 110 87
22 113 26
22 116 96
22 117 76
22 121 16
22 122 73
22 125 22
22 127 22
22 128 39
22 130 40
22 131 18
22 134 79
22 140 65
22 141 16
22 143 1
22 148 49
22 149 96
22 150 76
23 24 12
23 25 93
23 26 37
23 27 17
23 28 6
23 30 8
23 31 67
23 32 76
23 33 27
23 36 67
23 37 35
23 41 99
23 43 34
23 50 35
23 52 70
23 54 54
23 59 86
23 60 28
23 63 47
23 64 7
23 67 75
23 68 66
23 71 84
23 73 43
23 74 48
23 79 72
23 82 26
23 86 66
23 93 56
23 96 59
23 102 32
23 103 27
23 106 25
23 109 85
23 110 89
23 114 14
23 115 66
23 117 86
23 118 75
23 119 39
23 120 22
23 123 48
23 124 38
23 125 34
23 126 58
23 127 15
23 128 48
23 131 12
23 132 74
23 133 74
23 140 3
23 147 62
23 148 27
23 149 61
23 150 91
24 25 67
24 27 96
24 31 29
24 34 31
24 38 26
24 39 51
24 41 66
24 42 7
24 44 19
24 46 26
24 52 56
24 53 51
24 54 58
24 61 10
24 63 23
24 66 13
24 68 81
24 75 78
24 76 73
24 78 80
24 80 62
24 81 54
24 82 10
24 88 19
24 93 48
24 98 54
24 100 65
24 101 99
24 102 78
24 107 66
24 109 35
24 110 80
24 114 6
24 118 25
24 120 1
24 122 77
24 125 50
24 126 78
24 133 54
24 134 95
24 135 45
24 137 40
24 139 86
24 141 29
24 143 65
24 144 21
24 147 83
25 26 66
25 27 8
25 28 94
25 29 30
25 36 8
25 39 97
25 40 77
25 48 97
25 54 92
25 56 88
25 57 34
25 62 43
25 63 4
25 66 39
25 67 96
25 69 19
25 70 95
25 72 11
25 73 18
25 74 81
25 76 65
25 77 62
25 80 53
25 81 68
25 87 24
25 91 86
25 95 13
25 99 29
25 103 57
25 109 62
25 111 79
25 115 31
25 116 35
25 119 31
25 122 18
25 123 8
25 125 32
25 127 33
25 128 81
25 129 93
25 130 81
25 133 93
25 140 92
25 142 35
25 149 35
25 150 3
26 27 84
26 28 63
26 29 24
26 30 2
26 31 13
26 34 51
26 43 53
26 45 98
26 47 74
26 48 2
26 52 75
26 54 21
26 56 83
26 57 3
26 59 48
26 61 99
26 63 70
26 66 77
26 67 9
26 68 57
26 69 10
26 70 66
26 72 53
26 73 18
26 75 22
26 79 33
26 84 62
26 85 96
26 86 24
26 88 28
26 90 17
26 94 19
26 95 43
26 96 67
26 97 24
26 98 44
26 99 11
26 103 21
26 108 92
26 110 18
26 111 91
26 116 24
26 119 49
26 129 13
26 131 65
26 134 75
26 136 79
26 139 90
26 140 25
26 142 65
26 143 34
26 146 74
26 147 8
27 29 30
27 30 31
27 31 9
27 32 95
27 39 48
27 40 18
27 47 87
27 49 81
27 51 88
27 56 59
27 59 23
27 60 9
27 63 72
27 66 53
27 67 72
27 70 83
27 72 38
27 73 93
27 75 95
27 77 19
27 80 10
27 81 25
27 83 75
27 84 28
27 87 63
27 88 5
27 91 14
27 92 77
27 95 67
27 96 21
27 97 31
27 99 78
27 105 47
27 108 66
27 109 16
27 111 19
27 114 29
27 120 41
27 122 49
27 123 84
27 124 34
27 125 81
27 128 26
27 130 68
27 131 91
27 133 68
27 134 16
27 139 97
27 143 7
27 144 29
27 145 81
27 147 30
27 148 4
28 29 23
28 33 15
28 36 86
28 37 35
28 38 47
28 41 67
28 42 46
28 46 70
28 50 30
28 51 7
28 58 14
28 62 47
28 63 34
28 67 87
28 68 17
28 71 56
28 73 15
28 74 98
28 75 46
28 79 28
28 80 90
28 82 72
28 84 26
28 86 9
28 87 43
28 88 45
28 100 72
28 104 41
28 105 4
28 108 71
28 113 5
28 117 58
28 118 48
28 119 2
28 123 33
28 124 42
28 125 63
28 127 63
28 129 45
28 130 27
28 131 100
28 132 19
28 136 96
28 139 89
28 147 14
28 150 46
29 31 46
29 32 7
29 33 24
29 36 87
29 40 66
29 45 91
29 50 26
29 51 99
29 52 57
29 53 36
29 54 15
29 55 54
29 59 31
29 62 18
29 63 71
29 65 73
29 67 8
29 69 52
29 70 5
29 73 88
29 75 21
29 76 29
29 80 14
29 84 35
29 88 19
29 95 75
29 98 55
29 99 80
29 103 83
29 104 58
29 108 4
29 112 50
29 114 46
29 115 77
29 116 59
29 118 96
29 119 27
29 120 88
29 125 7
29 128 43
29 129 56
29 130 56
29 133 37
29 135 76
29 136 87
29 137 43
29 142 63
29 143 7
29 148 11
30 35 57
30 38 56
30 41 15
30 45 13
30 46 34
30 52 29
30 53 48
30 56 12
30 57 52
30 58 42
30 60 66
30 63 62
30 70 34
30 73 78
30 74 3
30 76 87
30 77 24
30 80 40
30 83 31
30 84 21
30 85 64
30 86 23
30 87 57
30 90 10
30 92 5
30 95 16
30 100 16
30 104 38
30 105 67
30 106 60
30 107 74
30 108 83
30 112 96
30 113 28
30 115 31
30 116 57
30 117 24
30 118 68
30 119 69
30 120 19
30 121 28
30 123 16
30 124 89
30 126 63
30 127 84
30 128 9
30 129 65
30 130 54
30 132 73
30 133 86
30 139 35
30 140 41
30 141 85
30 142 19
30 146 8
31 32 49
31 34 79
31 35 65
31 37 61
31 38 77
31 42 62
31 44 100
31 45 29
31 48 86
31 54 41
31 55 46
31 56 66
31 57 91
31 60 44
31 63 60
31 66 64
31 67 41
31 69 42
31 71 92
31 72 96
31 73 51
31 74 12
31 75 33
31 76 2
31 77 54
31 80 80
31 81 38
31 82 53
31 85 4
31 86 47
31 87 53
31 96 40
31 100 24
31 104 96
31 105 20
31 115 32
31 117 31
31 119 34
31 120 66
31 121 19
31 124 52
31 126 46
31 128 40
31 134 58
31 135 2
31 138 72
31 144 43
31 145 63
31 147 3
31 150 78
32 34 54
32 35 8
32 37 76
32 40 74
32 41 22
32 43 55
32 45 16
32 46 29
32 53 79
32 56 51
32 58 47
32 59 18
32 60 87
32 61 3
32 63 19
32 69 70
32 71 3
32 73 8
32 76 26
32 77 95
32 83 32
32 84 31
32 85 23
32 87 21
32 90 63
32 91 41
32 92 47
32 95 78
32 100 87
32 106 1
32 107 99
32 108 77
32 109 74
32 111 18
32 113 98
32 114 93
32 115 59
32 119 18
32 122 90
32 124 54
32 125 84
32 130 92
32 138 68
32 144 77
32 145 41
32 147 85
32 148 56
32 149 40
33 35 49
33 37 89
33 40 12
33 46 96
33 51 75
33 53 96
33 54 67
33 57 16
33 58 49
33 64 11
33 66 31
33 67 22
33 68 53
33 69 62
33 71 72
33 72 59
33 73 2
33 77 37
33 79 10
33 81 92
33 82 48
33 83 3
33 85 99
33 95 21
33 98 62
33 99 6
33 100 77
33 102 55
33 105 66
33 107 46
33 112 47
33 116 72
33 117 4
33 118 59
33 119 43
33 128 45
33 133 29
33 138 31
33 142 97
33 144 55
33 148 74
33 150 58
34 35 90
34 37 4
34 40 9
34 44 26
34 51 3
34 57 4
34 59 6
34 61 48
34 62 34
34 64 7
34 66 21
34 71 15
34 73 73
34 75 81
34 76 81
34 77 24
34 80 100
34 82 57
34 87 22
34 88 14
34 94 56
34 95 49
34 97 87
34 98 42
34 99 60
34 100 36
34 101 88
34 104 8
34 106 33
34 107 94
34 108 86
34 110 62
34 112 19
34 114 27
34 115 36
34 121 55
34 128 56
34 133 79
34 135 2
34 137 60
34 138 11
34 139 36
34 142 63
34 144 34
34 146 69
34 147 74
34 148 55
35 37 19
35 38 88
35 39 19
35 46 15
35 51 77
35 53 6
35 54 17
35 55 32
35 57 24
35 58 16
35 61 81
35 62 63
35 65 49
35 66 37
35 67 19
35 68 28
35 69 12
35 72 59
35 74 75
35 75 77
35 76 79
35 81 86
35 82 68
35 83 7
35 91 88
35 93 66
35 95 44
35 96 30
35 105 82
35 108 72
35 110 90
35 112 40
35 114 62
35 116 64
35 119 45
35 121 71
35 126 95
35 127 14
35 128 81
35 130 17
35 132 32
35 138 2
35 142 93
35 143 62
35 147 56
36 37 18
36 38 10
36 39 87
36 42 36
36 43 18
36 44 89
36 46 75
36 52 33
36 53 75
36 54 54
36 57 6
36 62 78
36 65 81
36 67 62
36 71 42
36 75 52
36 78 40
36 79 88
36 82 7
36 83 52
36 84 21
36 88 7
36 89 61
36 90 72
36 91 2
36 94 30
36 97 55
36 99 91
36 100 83
36 101 97
36 102 51
36 105 21
36 107 62
36 110 4
36 112 47
36 113 96
36 114 100
36 121 22
36 123 77
36 126 93
36 131 16
36 134 88
36 136 43
36 138 25
36 139 91
36 141 52
36 142 33
36 144 7
36 150 43
37 38 24
37 39 35
37 40 53
37 41 65
37 46 100
37 48 57
37 49 78
37 50 97
37 52 45
37 55 84
37 56 85
37 59 79
37 60 61
37 61 36
37 62 28
37 64 18
37 66 39
37 71 54
37 74 65
37 75 46
37 78 95
37 82 40
37 84 86
37 87 42
37 89 82
37 90 13
37 91 92
37 92 70
37 97 62
37 99 25
37 101 88
37 106 35
37 110 87
37 111 75
37 112 13
37 115 34
37 116 89
37 122 92
37 123 26
37 130 63
37 134 81
37 135 37
37 136 64
37 141 99
37 144 36
37 150 20
38 40 45
38 41 37
38 42 21
38 43 63
38 44 56
38 45 39
38 49 82
38 51 97
38 62 65
38 65 63
38 67 80
38 70 43
38 76 51
38 77 77
38 82 25
38 87 25
38 89 62
38 92 23
38 95 67
38 97 7
38 98 64
38 101 64
38 105 41
38 106 39
38 109 56
38 110 49
38 111 97
38 114 88
38 118 6
38 119 1
38 121 39
38 122 66
38 126 8
38 127 32
38 128 77
38 132 47
38 135 96
38 138 13
38 141 34
38 143 38
38 149 57
39 40 69
39 41 60
39 42 10
39 45 83
39 47 1
39 48 17
39 51 21
39 53 76
39 54 13
39 57 20
39 59 99
39 61 92
39 62 87
39 63 71
39 64 11
39 65 20
39 66 85
39 73 22
39 74 42
39 79 80
39 80 44
39 93 53
39 95 99
39 97 100
39 98 8
39 101 92
39 105 20
39 108 59
39 109 94
39 110 92
39 114 18
39 117 58
39 118 8
39 120 23
39 124 84
39 130 92
39 131 60
39 132 32
39 133 10
39 135 28
39 136 86
39 140 82
39 142 7
39 144 75
39 147 23
40 41 100
40 44 36
40 45 36
40 47 17
40 49 10
40 55 65
40 56 2
40 58 87
40 63 77
40 68 53
40 70 69
40 74 7
40 75 68
40 77 63
40 78 33
40 81 97
40 82 60
40 84 8
40 85 39
40 87 28
40 88 11
40 89 39
40 90 34
40 94 44
40 95 64
40 97 75
40 100 38
40 102 68
40 103 11
40 104 16
40 106 44
40 107 68
40 108 100
40 110 50
40 113 99
40 114 54
40 115 42
40 119 44
40 121 34
40 122 77
40 124 68
40 125 59
40 127 1
40 128 12
40 130 8
40 131 15
40 134 2
40 135 49
40 139 61
40 141 59
40 145 35
40 147 89
40 149 30
41 42 97
41 43 52
41 49 20
41 51 42
41 53 33
41 54 67
41 55 62
41 59 17
41 62 15
41 65 49
41 67 21
41 68 96
41 69 72
41 79 37
41 82 69
41 84 24
41 87 36
41 89 45
41 90 66
41 91 15
41 92 4
41 93 8
41 94 98
41 97 17
41 98 20
41 99 87
41 100 95
41 101 73
41 103 13
41 105 98
41 111 52
41 112 41
41 113 93
41 114 75
41 116 73
41 117 33
41 120 68
41 121 37
41 123 91
41 127 24
41 129 8
41 132 77
41 134 33
41 136 53
41 138 65
41 142 72
41 146 16
42 43 60
42 47 42
42 50 60
42 58 37
42 59 100
42 60 25
42 63 38
42 65 81
42 67 43
42 68 62
42 69 99
42 71 55
42 72 84
42 77 92
42 78 37
42 80 70
42 82 44
42 84 64
42 88 76
42 89 7
42 92 24
42 94 36
42 95 94
42 97 3
42 98 18
42 100 35
42 103 35
42 104 62
42 105 5
42 107 47
42 109 10
42 112 17
42 114 97
42 116 4
42 117 85
42 124 42
42 125 24
42 127 6
42 130 3
42 131 52
42 132 87
42 136 34
42 138 65
42 143 39
42 144 21
42 145 21
42 149 33
43 44 94
43 50 37
43 53 13
43 55 83
43 58 36
43 64 64
43 66 95
43 74 46
43 76 69
43 81 2
43 84 32
43 86 53
43 92 53
43 102 93
43 106 2
43 109 4
43 112 62
43 113 9
43 115 47
43 116 73
43 120 91
43 123 82
43 125 53
43 126 44
43 128 49
43 131 6
43 136 73
43 137 47
43 138 91
43 139 61
43 141 33
43 144 90
43 146 59
43 148 6
43 150 21
44 52 41
44 53 41
44 54 48
44 56 50
44 57 7
44 59 39
44 61 10
44 62 82
44 63 99
44 64 49
44 69 60
44 70 54
44 71 8
44 74 52
44 79 75
44 82 20
44 83 35
44 85 83
44 87 45
44 88 48
44 91 36
44 94 6
44 98 77
44 103 43
44 104 30
44 107 85
44 108 56
44 113 19
44 114 40
44 115 43
44 116 32
44 117 26
44 119 14
44 120 58
44 122 63
44 123 49
44 124 90
44 125 49
44 126 90
44 132 19
44 135 34
44 136 73
44 139 5
44 141 60
44 142 28
45 47 60
45 49 7
45 50 100
45 54 76
45 55 30
45 59 6
45 61 56
45 62 29
45 66 32
45 67 64
45 68 48
45 75 76
45 77 64
45 78 85
45 79 90
45 81 85
45 84 46
45 85 13
45 87 72
45 88 80
45 94 40
45 97 100
45 98 55
45 100 75
45 101 51
45 106 89
45 108 57
45 112 58
45 115 32
45 116 84
45 118 13
45 120 33
45 121 83
45 122 79
45 123 79
45 124 49
45 126 42
45 127 1
45 128 66
45 131 63
45 132 73
45 133 77
45 135 63
45 139 15
45 140 71
45 141 3
45 146 36
45 147 85
45 148 44
46 47 12
46 50 94
46 52 51
46 56 13
46 57 30
46 62 17
46 63 45
46 65 46
46 66 76
46 69 26
46 70 45
46 72 40
46 73 88
46 74 67
46 75 48
46 76 67
46 78 69
46 81 75
46 83 60
46 84 49
46 86 97
46 88 92
46 93 21
46 95 55
46 102 84
46 103 49
46 105 14
46 107 79
46 109 36
46 110 40
46 111 52
46 113 73
46 115 31
46 117 60
46 120 33
46 124 49
46 126 79
46 128 79
46 132 49
46 133 26
46 137 44
46 140 99
46 145 14
46 146 54
46 150 95
47 48 15
47 51 99
47 56 17
47 57 60
47 63 97
47 64 60
47 66 83
47 67 7
47 72 53
47 73 44
47 75 46
47 76 48
47 78 94
47 79 11
47 81 43
47 84 39
47 86 36
47 89 60
47 92 34
47 93 9
47 97 16
47 100 12
47 105 70
47 106 71
47 109 22
47 111 14
47 115 2
47 117 97
47 119 27
47 121 66
47 123 80
47 125 59
47 129 8
47 130 11
47 132 99
47 133 13
47 136 36
47 138 65
47 139 85
47 140 73
47 142 23
47 146 11
47 147 3
48 49 16
48 51 54
48 53 13
48 54 30
48 55 39
48 57 90
48 60 9
48 64 56
48 68 44
48 70 38
48 71 62
48 73 40
48 80 30
48 83 11
48 84 42
48 88 50
48 89 97
48 90 8
48 91 94
48 92 85
48 93 92
48 94 90
48 95 35
48 96 41
48 98 93
48 100 24
48 102 50
48 103 12
48 105 33
48 106 90
48 107 36
48 108 47
48 113 6
48 122 25
48 124 63
48 125 4
48 126 87
48 134 37
48 138 24
48 139 38
48 147 88
48 149 65
49 50 96
49 55 57
49 56 55
49 59 7
49 61 9
49 62 26
49 63 62
49 64 82
49 73 29
49 77 12
49 79 18
49 82 98
49 83 67
49 86 96
49 88 9
49 90 82
49 92 61
49 97 94
49 98 52
49 99 61
49 101 33
49 106 61
49 107 72
49 117 14
49 119 18
49 121 15
49 123 22
49 129 26
49 130 96
49 132 70
49 134 76
49 135 26
49 136 92
49 138 38
49 143 73
49 144 68
49 146 8
49 148 68
50 55 66
50 59 77
50 64 7
50 66 61
50 72 95
50 74 97
50 76 16
50 78 64
50 82 87
50 84 44
50 85 63
50 86 57
50 87 8
50 88 21
50 93 84
50 95 67
50 96 36
50 98 88
50 100 8
50 102 13
50 106 9
50 107 39
50 112 61
50 113 93
50 117 53
50 120 23
50 121 34
50 122 23
50 123 5
50 124 30
50 126 6
50 128 26
50 130 85
50 132 58
50 133 1
50 135 34
50 136 73
50 137 98
50 142 36
50 144 73
50 145 77
50 149 3
50 150 78
51 55 19
51 56 15
51 57 90
51 58 80
51 60 90
51 61 88
51 62 11
51 64 91
51 67 82
51 70 96
51 72 62
51 76 72
51 77 64
51 80 70
51 84 13
51 85 15
51 87 20
51 88 73
51 90 33
51 92 54
51 94 79
51 98 38
51 99 16
51 105 100
51 107 38
51 112 9
51 117 72
51 118 82
51 122 96
51 124 75
51 125 24
51 126 15
51 132 45
51 133 16
51 134 13
51 135 38
51 138 79
51 140 18
51 142 75
51 145 49
51 146 40
51 148 4
51 149 96
52 67 77
52 71 12
52 73 18
52 75 49
52 78 4
52 79 94
52 81 7
52 82 19
52 86 31
52 87 51
52 88 89
52 89 88
52 90 53
52 92 16
52 95 7
52 96 14
52 97 14
52 104 32
52 105 91
52 106 65
52 110 83
52 112 66
52 113 9
52 114 40
52 119 81
52 121 38
52 124 4
52 129 68
52 131 5
52 134 25
52 136 50
52 138 74
52 140 70
52 141 79
52 143 76
52 147 61
52 149 91
53 58 49
53 60 49
53 61 49
53 63 30
53 65 23
53 66 63
53 67 40
53 69 70
53 70 34
53 71 37
53 75 28
53 79 79
53 80 48
53 81 38
53 82 20
53 83 85
53 85 71
53 86 80
53 90 34
53 92 6
53 93 99
53 94 44
53 96 64
53 98 53
53 101 31
53 103 32
53 105 73
53 106 55
53 107 2
53 116 80
53 117 2
53 118 60
53 122 46
53 129 5
53 132 21
53 142 62
53 150 60
54 55 18
54 59 43
54 61 89
54 62 48
54 64 17
54 65 43
54 74 61
54 76 81
54 78 67
54 80 86
54 82 57
54 86 17
54 88 81
54 91 86
54 99 79
54 110 24
54 119 50
54 121 13
54 122 35
54 125 2
54 128 8
54 135 33
54 139 53
54 146 89
55 56 13
55 57 83
55 61 78
55 64 16
55 65 22
55 66 83
55 67 94
55 69 50
55 73 3
55 75 8
55 76 40
55 79 65
55 80 59
55 85 31
55 86 64
55 94 59
55 95 67
55 97 6
55 98 90
55 99 58
55 105 98
55 107 84
55 108 99
55 110 86
55 111 9
55 114 79
55 115 39
55 121 63
55 122 93
55 123 78
55 126 44
55 127 27
55 129 13
55 131 65
55 135 81
55 137 34
55 140 92
55 145 74
56 61 21
56 65 98
56 67 70
56 68 61
56 70 39
56 72 100
56 74 68
56 75 17
56 81 61
56 83 72
56 85 88
56 86 30
56 88 9
56 89 23
56 98 27
56 99 57
56 103 92
56 107 52
56 108 31
56 109 18
56 112 37
56 114 81
56 115 31
56 118 58
56 119 21
56 120 88
56 121 22
56 122 83
56 123 19
56 130 38
56 132 82
56 137 7
56 138 42
56 143 7
56 144 76
56 146 41
56 149 64
56 150 78
57 58 17
57 59 8
57 60 20
57 62 10
57 63 36
57 68 87
57 70 58
57 71 57
57 78 1
57 81 94
57 84 27
57 86 67
57 87 75
57 88 99
57 91 4
57 92 5
57 98 13
57 99 40
57 100 95
57 106 26
57 107 30
57 108 77
57 112 60
57 115 21
57 118 82
57 119 3
57 123 53
57 124 84
57 127 45
57 128 50
57 131 91
57 133 78
57 138 30
57 140 59
57 141 60
57 143 17
57 144 13
57 145 77
57 146 70
57 147 25
58 59 3
58 61 3
58 63 51
58 65 68
58 67 26
58 68 41
58 69 85
58 70 20
58 71 26
58 77 67
58 80 86
58 83 68
58 90 59
58 94 8
58 97 21
58 101 19
58 103 92
58 104 79
58 106 27
58 108 6
58 113 53
58 118 41
58 120 1
58 121 12
58 125 90
58 135 45
58 138 42
58 139 9
58 141 16
58 143 62
58 144 27
58 145 91
58 146 64
58 147 47
58 149 50
58 150 5
59 63 2
59 64 92
59 65 83
59 73 61
59 74 68
59 76 53
59 78 79
59 82 18
59 83 85
59 84 86
59 85 84
59 86 59
59 87 72
59 88 13
59 89 91
59 91 34
59 94 55
59 99 40
59 101 72
59 102 31
59 105 50
59 106 44
59 110 37
59 111 80
59 113 63
59 115 51
59 116 18
59 120 57
59 121 22
59 122 56
59 123 2
59 124 52
59 126 4
59 127 71
59 129 6
59 133 11
59 137 44
59 139 13
59 143 16
59 147 90
60 62 33
60 63 20
60 68 49
60 71 5
60 72 13
60 73 56
60 75 97
60 76 67
60 80 7
60 83 17
60 84 62
60 85 71
60 86 60
60 87 6
60 88 36
60 89 30
60 99 46
60 101 97
60 102 64
60 106 42
60 109 81
60 114 30
60 115 34
60 116 19
60 118 2
60 119 60
60 122 7
60 123 46
60 124 64
60 125 67
60 126 68
60 127 33
60 128 79
60 129 2
60 130 81
60 132 45
60 133 14
60 134 71
60 135 33
60 136 73
60 139 91
60 142 82
60 144 38
60 146 64
60 148 78
60 149 77
61 63 2
61 66 79
61 68 26
61 69 40
61 75 95
61 80 16
61 81 99
61 82 46
61 83 76
61 84 58
61 86 87
61 87 85
61 88 12
61 92 58
61 97 26
61 100 82
61 106 33
61 107 81
61 109 67
61 110 80
61 111 62
61 113 78
61 114 36
61 118 5
61 121 93
61 125 76
61 130 27
61 131 18
61 132 87
61 136 80
61 139 9
61 141 46
61 142 66
61 144 18
61 147 4
61 149 80
62 64 1
62 65 97
62 66 13
62 70 83
62 71 66
62 73 99
62 74 6
62 76 34
62 79 89
62 80 100
62 81 20
62 82 94
62 84 11
62 85 25
62 87 86
62 88 29
62 89 49
62 92 81
62 93 91
62 95 80
62 96 45
62 97 21
62 98 36
62 103 11
62 105 12
62 107 23
62 109 11
62 110 72
62 116 2
62 117 81
62 121 19
62 125 72
62 128 34
62 130 95
62 134 1
62 140 76
62 142 39
62 143 89
62 145 77
62 146 60
62 149 33
62 150 53
63 65 65
63 69 41
63 70 47
63 73 31
63 76 61
63 82 74
63 86 95
63 94 4
63 96 39
63 97 82
63 100 96
63 102 90
63 108 14
63 109 96
63 114 7
63 115 45
63 119 59
63 120 54
63 122 60
63 125 64
63 127 27
63 128 46
63 129 78
63 131 84
63 133 36
63 134 31
63 135 6
63 136 66
63 138 60
63 139 23
63 140 93
63 144 41
63 145 26
63 148 93
63 149 63
64 66 27
64 72 54
64 74 15
64 75 97
64 76 55
64 78 75
64 80 17
64 81 53
64 83 41
64 84 56
64 85 6
64 86 22
64 87 25
64 88 66
64 89 84
64 90 34
64 93 92
64 95 29
64 97 46
64 101 25
64 102 100
64 104 13
64 108 19
64 109 62
64 110 84
64 111 16
64 112 79
64 115 88
64 116 29
64 119 63
64 121 33
64 122 4
64 123 87
64 129 12
64 133 53
64 140 68
64 141 53
64 143 78
64 144 99
64 145 49
64 147 100
64 148 52
65 68 63
65 69 78
65 70 62
65 71 67
65 73 72
65 74 62
65 75 95
65 78 54
65 81 53
65 82 34
65 90 32
65 95 39
65 96 23
65 99 60
65 101 93
65 104 100
65 106 52
65 107 78
65 111 58
65 112 42
65 120 1
65 121 61
65 122 39
65 125 21
65 128 87
65 129 13
65 130 85
65 133 56
65 136 22
65 137 68
65 138 44
65 144 46
65 146 85
65 147 20
65 149 79
66 74 80
66 77 12
66 79 69
66 80 61
66 82 83
66 84 1
66 86 32
66 87 63
66 88 15
66 90 42
66 92 7
66 94 33
66 98 58
66 100 81
66 106 57
66 107 6
66 109 62
66 111 68
66 116 78
66 117 81
66 118 41
66 119 62
66 121 73
66 124 59
66 125 85
66 126 82
66 128 83
66 129 3
66 131 71
66 132 97
66 137 88
66 142 60
66 144 86
66 146 23
66 147 51
67 70 64
67 72 70
67 74 92
67 75 8
67 76 32
67 80 14
67 82 58
67 83 3
67 85 36
67 86 88
67 90 2
67 92 79
67 93 18
67 94 5
67 98 6
67 103 7
67 104 21
67 107 47
67 109 29
67 110 81
67 113 16
67 114 6
67 115 61
67 119 13
67 120 78
67 121 43
67 125 18
67 128 82
67 129 36
67 130 33
67 131 40
67 133 73
67 135 58
67 136 4
67 139 6
67 142 33
67 143 30
67 145 44
68 71 57
68 73 21
68 75 61
68 76 12
68 78 37
68 80 87
68 84 22
68 85 16
68 88 50
68 90 12
68 93 48
68 94 74
68 95 74
68 99 85
68 100 78
68 102 24
68 103 66
68 105 27
68 107 1
68 111 98
68 112 40
68 117 85
68 122 13
68 123 87
68 124 60
68 125 72
68 126 75
68 127 59
68 128 67
68 130 89
68 135 75
68 137 57
68 139 67
68 141 1
69 72 66
69 75 16
69 79 75
69 80 13
69 82 6
69 83 9
69 84 73
69 86 30
69 88 41
69 91 28
69 93 54
69 94 22
69 97 82
69 98 18
69 100 89
69 105 56
69 108 63
69 111 35
69 119 18
69 125 50
69 126 85
69 128 71
69 129 9
69 133 60
69 134 11
69 142 56
69 144 43
69 145 22
69 149 21
69 150 24
70 75 8
70 78 3
70 79 63
70 89 55
70 92 4
70 95 16
70 96 8
70 99 87
70 101 10
70 105 20
70 106 86
70 107 54
70 108 32
70 109 48
70 110 17
70 112 52
70 115 23
70 118 27
70 122 92
70 123 44
70 125 53
70 127 31
70 135 86
70 138 3
70 140 18
70 144 97
70 150 72
71 74 67
71 75 82
71 77 93
71 80 45
71 82 48
71 83 34
71 87 22
71 94 97
71 95 25
71 98 90
71 102 73
71 105 25
71 107 30
71 109 60
71 112 30
71 123 56
71 127 10
71 129 52
71 133 68
71 136 29
71 137 42
71 142 57
71 144 85
71 147 15
71 148 85
72 76 45
72 85 73
72 91 7
72 92 1
72 93 82
72 95 37
72 98 96
72 99 4
72 100 90
72 101 50
72 107 58
72 109 66
72 110 44
72 112 16
72 113 41
72 114 63
72 122 51
72 124 28
72 125 80
72 126 100
72 128 58
72 130 67
72 131 62
72 133 11
72 136 38
72 140 59
72 143 12
72 150 65
73 74 22
73 81 7
73 82 82
73 85 51
73 86 89
73 87 51
73 88 38
73 89 24
73 90 33
73 94 28
73 95 86
73 96 9
73 98 95
73 101 71
73 103 19
73 104 66
73 106 16
73 110 60
73 111 13
73 118 62
73 121 71
73 122 75
73 131 21
73 134 40
73 135 95
73 138 36
73 139 22
73 144 31
73 147 10
73 150 94
74 78 40
74 80 66
74 81 89
74 82 85
74 86 38
74 89 12
74 91 22
74 95 43
74 96 61
74 100 44
74 101 28
74 102 33
74 103 81
74 105 59
74 110 82
74 111 56
74 112 84
74 132 44
74 140 99
74 141 90
74 143 33
74 148 30
74 149 9
74 150 98
75 76 14
75 77 19
75 79 21
75 80 26
75 81 32
75 83 55
75 88 21
75 90 13
75 94 71
75 95 42
75 97 63
75 99 23
75 101 6
75 102 60
75 103 48
75 105 63
75 107 35
75 108 17
75 109 52
75 110 10
75 117 6
75 120 63
75 122 15
75 124 22
75 125 50
75 126 45
75 128 53
75 130 25
75 131 49
75 133 86
75 134 30
75 139 17
75 141 13
75 145 74
75 150 40
76 84 82
76 88 26
76 96 53
76 98 98
76 102 81
76 103 96
76 104 64
76 108 12
76 110 51
76 113 3
76 115 81
76 116 4
76 123 88
76 129 40
76 132 38
76 133 50
76 134 70
76 135 74
76 141 62
76 142 57
76 145 61
76 146 22
76 149 14
76 150 89
77 81 25
77 83 91
77 87 52
77 89 94
77 92 6
77 94 65
77 96 7
77 97 21
77 98 99
77 99 33
77 104 4
77 106 52
77 110 50
77 112 12
77 113 14
77 118 91
77 120 43
77 121 52
77 122 38
77 124 13
77 125 20
77 126 18
77 127 35
77 133 42
77 136 56
77 137 3
77 140 5
77 141 37
77 142 65
77 143 84
77 145 83
77 146 1
78 85 90
78 88 96
78 90 7
78 91 71
78 92 15
78 93 10
78 95 38
78 97 22
78 99 4
78 100 43
78 102 92
78 105 28
78 107 53
78 108 57
78 110 12
78 111 92
78 116 81
78 119 63
78 120 73
78 121 92
78 122 46
78 124 28
78 126 44
78 128 58
78 129 57
78 130 14
78 131 67
78 132 82
78 134 80
78 137 14
78 142 100
78 146 17
78 147 92
78 148 66
78 150 69
79 87 28
79 90 41
79 91 28
79 93 28
79 95 93
79 98 75
79 101 86
79 102 19
79 103 63
79 105 21
79 108 60
79 109 35
79 110 28
79 112 2
79 114 57
79 115 33
79 117 79
79 118 10
79 120 63
79 121 12
79 123 49
79 129 75
79 130 80
79 132 66
79 134 78
79 135 7
79 138 83
79 141 35
79 143 31
79 146 70
79 149 45
79 150 17
80 81 99
80 82 57
80 84 17
80 86 51
80 87 80
80 91 63
80 93 23
80 94 26
80 95 9
80 97 11
80 98 29
80 105 72
80 107 14
80 109 95
80 111 24
80 113 92
80 114 20
80 118 75
80 119 55
80 120 72
80 121 79
80 123 98
80 124 84
80 125 83
80 127 44
80 128 81
80 135 25
80 137 76
80 140 100
80 142 74
80 143 27
80 146 90
80 147 62
81 83 91
81 85 16
81 99 10
81 101 77
81 102 8
81 104 4
81 106 64
81 107 86
81 111 5
81 113 73
81 114 84
81 115 13
81 116 100
81 117 24
81 118 22
81 122 53
81 123 46
81 125 30
81 126 100
81 127 63
81 129 74
81 130 72
81 132 92
81 133 86
81 135 27
81 138 36
81 139 83
81 143 16
81 145 55
81 146 13
82 84 15
82 97 30
82 98 17
82 102 48
82 105 64
82 108 27
82 109 62
82 110 44
82 112 49
82 113 40
82 115 18
82 116 100
82 118 48
82 121 54
82 124 43
82 131 83
82 133 100
82 135 51
82 143 27
82 145 98
82 146 46
82 149 21
82 150 21
83 86 85
83 89 73
83 90 52
83 92 46
83 96 78
83 99 64
83 101 30
83 102 91
83 103 39
83 107 33
83 108 34
83 113 37
83 114 78
83 115 45
83 116 7
83 118 18
83 121 4
83 123 2
83 126 65
83 127 20
83 128 27
83 130 1
83 132 13
83 134 48
83 135 82
83 137 96
83 138 72
83 145 15
84 85 58
84 86 87
84 91 33
84 92 52
84 95 35
84 96 89
84 97 76
84 99 68
84 100 74
84 101 79
84 102 21
84 103 73
84 108 16
84 109 60
84 111 7
84 119 86
84 120 20
84 122 25
84 123 68
84 124 52
84 126 23
84 127 42
84 130 59
84 131 70
84 133 57
84 134 13
84 141 72
84 142 71
84 143 12
84 145 52
84 148 14
84 150 97
85 86 69
85 95 9
85 96 53
85 99 14
85 101 67
85 104 34
85 105 21
85 106 28
85 107 18
85 108 29
85 113 43
85 114 85
85 116 8
85 119 8
85 121 76
85 122 62
85 124 96
85 125 92
85 126 72
85 132 93
85 138 63
85 143 2
85 146 60
85 150 61
86 87 63
86 88 81
86 89 93
86 90 10
86 93 64
86 95 38
86 98 86
86 101 30
86 102 67
86 103 32
86 104 50
86 108 38
86 109 68
86 110 5
86 111 57
86 112 32
86 113 60
86 114 62
86 117 12
86 121 48
86 124 68
86 130 32
86 132 76
86 133 4
86 134 78
86 137 75
86 140 50
86 142 19
86 145 77
86 146 38
87 88 21
87 90 8
87 92 59
87 93 9
87 96 34
87 100 44
87 101 15
87 103 40
87 104 33
87 105 24
87 106 44
87 112 35
87 113 49
87 116 76
87 117 88
87 119 12
87 120 56
87 122 14
87 123 3
87 124 60
87 128 76
87 133 31
87 136 3
87 137 29
87 138 42
87 139 72
87 142 9
87 143 21
87 145 26
87 147 64
87 149 87
88 90 57
88 91 43
88 93 66
88 94 78
88 100 53
88 101 58
88 102 69
88 104 30
88 105 99
88 106 35
88 107 42
88 108 98
88 110 95
88 111 60
88 113 64
88 114 50
88 115 9
88 116 20
88 117 23
88 121 81
88 122 62
88 127 89
88 128 31
88 131 18
88 132 51
88 137 22
88 139 46
88 140 53
88 141 18
88 142 67
88 143 56
88 145 21
88 148 75
88 149 97
89 91 70
89 92 69
89 94 83
89 96 19
89 101 68
89 102 20
89 107 24
89 108 65
89 110 77
89 114 73
89 116 8
89 117 66
89 120 34
89 123 60
89 126 69
89 127 67
89 133 47
89 135 68
89 138 12
89 139 26
89 140 97
89 141 22
90 94 55
90 95 37
90 99 41
90 103 56
90 104 83
90 107 12
90 110 95
90 111 75
90 114 47
90 115 60
90 121 89
90 122 57
90 123 44
90 125 79
90 126 80
90 133 93
90 136 16
90 138 88
90 139 31
90 147 41
91 92 8
91 93 76
91 94 97
91 95 100
91 96 55
91 101 96
91 104 75
91 106 17
91 107 91
91 112 50
91 116 33
91 119 7
91 120 49
91 123 71
91 126 96
91 127 68
91 131 48
91 134 57
91 136 49
91 138 69
91 142 3
91 144 62
91 145 33
91 148 68
92 94 34
92 95 30
92 101 28
92 102 38
92 104 65
92 106 36
92 108 77
92 110 74
92 117 73
92 120 85
92 124 8
92 132 38
92 135 90
92 140 87
92 144 63
92 145 95
92 146 68
92 149 47
92 150 59
93 95 22
93 101 80
93 103 58
93 105 89
93 107 75
93 108 15
93 112 96
93 115 41
93 121 96
93 122 95
93 125 49
93 130 34
93 132 95
93 137 100
93 139 25
93 143 78
93 149 4
94 95 21
94 97 39
94 99 94
94 100 48
94 101 55
94 102 61
94 103 41
94 110 1
94 114 42
94 116 83
94 119 68
94 122 53
94 125 7
94 126 96
94 129 43
94 131 36
94 132 91
94 139 82
94 141 13
94 142 63
94 144 26
94 147 34
95 97 9
95 100 34
95 105 88
95 108 77
95 111 18
95 112 30
95 113 53
95 115 35
95 118 8
95 119 61
95 120 95
95 121 12
95 122 43
95 123 69
95 125 68
95 127 34
95 131 51
95 132 39
95 134 18
95 137 49
95 140 37
95 141 22
95 142 88
95 144 62
95 147 92
95 148 84
95 149 74
96 102 33
96 103 92
96 104 21
96 106 86
96 107 74
96 108 85
96 113 19
96 115 33
96 117 8
96 123 37
96 126 57
96 128 27
96 129 68
96 133 82
96 138 85
96 139 9
96 140 70
96 141 23
96 142 55
96 144 16
96 145 64
96 147 55
96 148 60
96 149 3
97 101 56
97 103 63
97 105 99
97 106 57
97 108 87
97 109 84
97 110 33
97 112 89
97 113 96
97 114 64
97 116 36
97 117 92
97 118 78
97 119 12
97 120 96
97 121 41
97 126 25
97 128 88
97 130 64
97 140 42
97 141 60
97 145 65
97 146 59
97 147 25
97 148 11
97 149 54
98 99 6
98 101 62
98 102 75
98 103 51
98 104 33
98 105 88
98 106 76
98 108 1
98 109 7
98 112 56
98 113 60
98 114 15
98 119 54
98 120 78
98 121 18
98 122 27
98 124 80
98 126 66
98 131 73
98 132 23
98 136 77
98 138 63
98 143 62
98 146 84
98 148 89
98 149 45
98 150 92
99 103 54
99 104 79
99 105 13
99 107 9
99 108 31
99 110 14
99 116 98
99 118 55
99 119 50
99 121 65
99 124 27
99 125 19
99 126 33
99 128 2
99 129 95
99 132 49
99 133 2
99 137 47
99 140 29
99 141 83
99 142 15
99 144 55
99 145 79
99 146 93
99 149 88
99 150 10
100 103 85
100 106 93
100 107 6
100 108 60
100 109 76
100 110 70
100 116 65
100 117 19
100 118 12
100 123 3
100 125 85
100 128 40
100 130 29
100 132 27
100 134 38
100 143 70
100 147 43
100 150 90
101 103 92
101 107 50
101 108 29
101 112 41
101 114 96
101 116 67
101 117 30
101 118 67
101 121 8
101 124 62
101 126 74
101 127 70
101 128 59
101 130 47
101 131 94
101 144 61
101 145 70
101 148 74
101 150 70
102 106 72
102 108 29
102 112 5
102 116 64
102 120 53
102 121 90
102 122 23
102 124 72
102 129 77
102 130 70
102 136 28
102 137 67
102 138 34
102 143 84
102 144 39
102 145 2
102 146 90
102 147 53
102 148 22
103 104 5
103 106 56
103 108 3
103 110 47
103 114 80
103 116 81
103 118 53
103 120 36
103 121 73
103 123 64
103 124 41
103 126 30
103 127 27
103 130 56
103 131 66
103 134 91
103 135 84
103 137 30
103 142 2
103 143 37
103 145 92
103 148 23
103 150 22
104 111 30
104 113 36
104 120 45
104 123 63
104 124 15
104 128 98
104 130 39
104 134 84
104 136 50
104 140 31
104 142 100
104 144 80
104 146 40
104 147 24
104 149 67
104 150 28
105 106 81
105 109 76
105 110 57
105 111 8
105 114 15
105 115 84
105 120 81
105 124 86
105 127 19
105 128 90
105 130 40
105 134 14
105 135 49
105 137 38
105 138 67
105 139 45
105 140 21
105 143 26
105 145 19
106 108 23
106 112 90
106 115 73
106 118 26
106 119 84
106 120 42
106 126 86
106 127 61
106 130 78
106 134 88
106 137 77
106 138 93
106 142 51
106 145 50
106 148 79
107 108 82
107 112 50
107 113 80
107 116 27
107 117 55
107 120 26
107 121 87
107 124 29
107 126 55
107 127 55
107 129 47
107 131 49
107 139 92
107 142 38
107 143 47
107 144 90
107 145 30
107 146 87
107 149 48
108 110 26
108 111 81
108 112 21
108 116 59
108 117 17
108 120 64
108 121 48
108 124 48
108 125 12
108 127 24
108 132 31
108 134 14
108 135 47
108 141 13
108 150 35
109 113 36
109 118 84
109 119 93
109 120 1
109 123 1
109 124 36
109 125 33
109 126 72
109 127 29
109 130 10
109 131 23
109 132 13
109 138 99
109 139 26
109 140 44
109 141 78
109 144 24
109 146 84
109 148 87
109 149 65
109 150 81
110 111 29
110 116 67
110 117 76
110 118 78
110 121 98
110 126 66
110 127 11
110 128 80
110 130 20
110 132 90
110 136 44
110 143 18
110 145 56
110 147 65
111 112 89
111 119 65
111 121 18
111 125 90
111 129 88
111 130 29
111 132 8
111 133 61
111 135 64
111 137 49
111 138 22
111 140 49
111 141 96
111 143 34
111 145 93
111 146 97
111 147 80
111 148 36
112 115 7
112 118 55
112 119 91
112 121 16
112 122 80
112 125 20
112 128 77
112 130 20
112 131 5
112 132 42
112 137 90
112 138 28
112 139 44
112 140 81
112 142 56
112 147 42
112 149 64
113 114 36
113 116 61
113 124 11
113 126 50
113 127 89
113 129 17
113 133 1
113 134 87
113 136 88
113 138 2
113 139 15
113 142 21
113 144 88
113 145 35
113 148 64
113 149 20
114 115 70
114 122 65
114 127 18
114 129 28
114 130 86
114 131 80
114 133 79
114 134 44
114 135 2
114 136 94
114 145 73
114 146 25
114 147 94
114 148 4
114 149 39
115 122 28
115 123 95
115 126 13
115 128 98
115 129 21
115 135 8
115 138 12
115 141 35
115 144 27
115 148 21
115 149 84
115 150 68
116 117 31
116 118 19
116 120 64
116 122 67
116 125 26
116 126 5
116 127 43
116 129 41
116 131 31
116 136 95
116 138 70
116 139 37
116 142 14
116 143 31
116 148 43
116 149 4
116 150 99
117 119 91
117 123 96
117 124 97
117 127 48
117 128 61
117 130 18
117 133 65
117 134 74
117 139 16
117 141 13
117 142 9
117 143 70
117 145 61
117 146 22
117 150 40
118 119 97
118 120 15
118 122 96
118 123 30
118 127 58
118 130 34
118 131 80
118 132 42
118 134 94
118 135 92
118 136 73
118 141 72
118 142 74
118 145 21
118 147 42
118 149 65
118 150 81
119 120 31
119 121 65
119 126 40
119 131 22
119 132 19
119 137 37
119 143 29
119 146 73
119 148 61
119 149 16
119 150 82
120 123 92
120 127 24
120 130 18
120 131 11
120 133 95
120 135 68
120 138 99
120 139 26
120 144 87
120 150 93
121 124 41
121 128 49
121 129 37
121 131 39
121 135 47
121 137 44
121 141 92
121 143 83
121 144 48
121 146 62
121 147 83
121 148 45
121 150 46
122 126 78
122 129 94
122 130 91
122 131 37
122 133 4
122 138 52
122 139 14
122 140 22
122 143 56
122 146 100
122 147 1
122 148 39
122 149 83
123 124 72
123 125 78
123 126 38
123 128 22
123 131 39
123 133 67
123 135 56
123 136 42
123 137 75
123 139 42
123 140 16
123 142 54
123 144 78
123 147 19
123 149 65
124 127 56
124 129 91
124 130 93
124 131 55
124 138 80
124 139 90
124 141 80
124 142 9
124 143 62
124 144 78
124 146 33
124 150 77
125 126 37
125 131 38
125 134 87
125 135 66
125 139 69
125 143 39
125 148 25
125 149 63
126 133 41
126 134 76
126 135 49
126 136 1
126 138 36
126 141 9
126 144 70
126 145 14
126 149 31
126 150 26
127 128 5
127 132 9
127 133 67
127 137 7
127 138 91
127 139 99
127 141 10
127 146 76
127 147 51
127 150 99
128 133 58
128 134 51
128 137 80
128 138 62
128 139 12
128 140 35
128 142 99
128 146 20
128 147 32
128 148 69
128 149 86
128 150 88
129 130 88
129 131 98
129 132 48
129 134 40
129 136 41
129 141 22
129 143 34
129 149 83
129 150 93
130 136 84
130 140 85
130 143 79
130 148 92
130 149 11
131 133 62
131 134 10
131 140 14
131 141 53
131 142 12
131 143 68
131 149 95
132 137 91
132 142 64
132 143 22
132 145 78
132 147 25
132 148 89
132 149 92
133 134 49
133 135 19
133 138 59
133 139 6
133 140 76
133 142 42
133 143 67
133 146 49
133 149 81
134 136 14
134 137 33
134 142 55
134 143 47
134 144 57
134 145 19
134 146 35
134 147 87
134 150 8
135 138 77
135 139 54
135 140 77
135 143 7
135 144 78
135 146 72
135 148 85
136 138 85
136 139 74
136 141 20
136 147 2
136 150 91
137 138 60
137 142 70
137 145 34
137 146 29
137 147 91
138 142 10
138 143 63
138 144 16
138 145 88
138 146 51
138 149 57
138 150 28
139 140 33
139 142 27
139 143 95
139 148 86
140 149 12
140 150 81
141 142 66
141 146 63
141 147 73
141 149 52
142 143 86
142 146 27
142 149 15
144 145 47
144 148 66
144 149 6
144 150 64
145 146 63
145 148 80
145 150 75
146 147 26
146 148 18
147 149 13
1 5 21
1 10 70
1 19 54
1 22 54
1 27 76
1 28 89
1 30 78
1 34 20
1 40 19
1 41 78
1 43 90
1 46 6
1 50 51
1 53 10
1 54 52
1 55 92
1 58 64
1 61 6
1 62 55
1 63 5
1 64 54
1 67 66
1 69 30
1 74 58
1 76 78
1 79 32
1 82 51
1 91 42
1 92 14
1 93 75
1 94 91
1 96 50
1 99 58
1 100 25
1 101 42
1 110 7
1 121 21
1 122 21
1 124 45
1 125 86
1 128 100
1 129 3
1 130 43
1 134 79
1 136 72
1 137 32
1 138 2
1 139 44
1 140 99
1 141 42
1 143 67
1 148 46
1 149 2
1 150 90
2 3 82
2 4 77
2 6 25
2 7 4
2 8 81
2 10 13
2 12 16
2 13 96
2 15 49
2 17 97
2 19 16
2 26 14
2 28 18
2 29 25
2 31 69
2 32 54
2 36 67
2 39 51
2 40 62
2 41 88
2 43 39
2 45 83
2 56 25
2 58 92
2 60 74
2 62 9
2 63 3
2 65 41
2 66 67
2 69 97
2 72 84
2 73 4
2 78 82
2 79 78
2 80 96
2 81 50
2 85 57
2 86 74
2 87 29
2 89 16
2 93 41
2 95 81
2 101 7
2 102 90
2 103 56
2 104 99
2 105 98
2 106 83
2 107 9
2 110 71
2 112 47
2 113 99
2 114 91
2 117 8
2 119 66
2 122 2
2 123 44
2 128 81
2 134 94
2 135 22
2 136 97
2 137 71
2 138 20
2 139 71
2 140 37
2 142 27
2 145 74
2 147 20
2 148 40
2 149 45
2 150 54
3 5 67
3 6 26
3 8 74
3 9 6
3 11 14
3 12 80
3 15 98
3 19 98
3 20 11
3 21 16
3 24 75
3 25 49
3 27 48
3 29 36
3 35 88
3 37 81
3 43 31
3 44 24
3 52 36
3 53 96
3 56 75
3 58 48
3 59 96
3 65 51
3 66 61
3 68 2
3 70 44
3 71 16
3 74 26
3 75 19
3 76 32
3 77 66
3 79 25
3 80 25
3 82 27
3 86 75
3 87 19
3 88 64
3 89 68
3 90 45
3 97 82
3 104 6
3 107 48
3 108 47
3 111 10
3 112 98
3 115 48
3 116 13
3 117 59
3 119 2
3 123 30
3 125 87
3 126 89
3 128 22
3 133 23
3 135 44
3 142 56
3 148 80
3 150 5
4 8 42
4 9 23
4 15 21
4 16 41
4 18 12
4 20 92
4 24 69
4 26 53
4 27 38
4 28 37
4 38 72
4 41 92
4 45 66
4 46 32
4 47 85
4 48 40
4 49 77
4 52 68
4 54 71
4 56 6
4 59 57
4 72 46
4 74 75
4 75 39
4 76 10
4 77 94
4 78 48
4 82 15
4 83 58
4 84 10
4 87 92
4 90 13
4 97 44
4 98 67
4 101 83
4 104 91
4 105 98
4 106 29
4 108 14
4 110 8
4 111 23
4 112 86
4 117 5
4 119 38
4 121 56
4 123 74
4 124 26
4 126 14
4 127 59
4 129 21
4 132 71
4 134 57
4 140 86
4 144 85
4 148 15
5 8 42
5 10 38
5 12 61
5 14 64
5 15 39
5 18 16
5 20 66
5 21 25
5 24 98
5 25 70
5 30 8
5 31 27
5 33 22
5 45 100
5 46 72
5 49 62
5 50 31
5 53 49
5 54 89
5 56 81
5 57 4
5 58 63
5 61 90
5 65 41
5 66 54
5 69 74
5 71 99
5 72 52
5 76 37
5 77 33
5 84 20
5 86 29
5 88 43
5 89 80
5 96 48
5 97 52
5 105 58
5 106 13
5 109 9
5 113 12
5 117 74
5 121 63
5 127 26
5 128 40
5 129 30
5 134 31
5 135 39
5 138 93
5 141 73
5 142 42
5 146 15
5 150 23
6 7 8
6 8 60
6 12 28
6 13 80
6 15 99
6 16 39
6 19 50
6 20 14
6 21 93
6 23 29
6 26 32
6 28 69
6 31 63
6 32 63
6 36 70
6 37 56
6 38 86
6 42 59
6 43 38
6 44 17
6 47 24
6 50 85
6 55 21
6 57 25
6 63 56
6 66 53
6 67 59
6 69 23
6 74 53
6 75 33
6 76 81
6 84 32
6 88 73
6 90 39
6 92 40
6 98 46
6 102 18
6 103 21
6 105 100
6 110 73
6 112 53
6 113 23
6 116 8
6 117 35
6 120 3
6 125 80
6 126 35
6 127 37
6 129 32
6 136 76
6 137 87
6 142 44
6 145 1
6 149 87
6 150 15
7 9 4
7 13 68
7 14 62
7 18 20
7 19 49
7 23 14
7 25 62
7 27 92
7 29 17
7 34 99
7 39 69
7 44 74
7 47 58
7 49 84
7 51 47
7 54 100
7 58 56
7 59 36
7 62 8
7 67 51
7 68 23
7 70 99
7 75 66
7 76 28
7 77 36
7 80 11
7 82 94
7 84 81
7 85 97
7 88 19
7 90 46
7 91 16
7 93 56
7 95 55
7 99 8
7 100 93
7 103 18
7 111 56
7 115 93
7 123 44
7 125 34
7 126 44
7 131 10
7 138 29
7 143 84
7 144 8
7 148 49
8 10 19
8 11 90
8 12 72
8 13 4
8 14 51
8 17 19
8 18 86
8 19 31
8 20 38
8 25 91
8 26 68
8 38 66
8 40 58
8 41 26
8 46 25
8 48 97
8 49 58
8 50 84
8 54 64
8 62 88
8 63 78
8 68 84
8 72 100
8 76 48
8 77 65
8 79 17
8 80 99
8 81 25
8 83 48
8 84 86
8 86 60
8 93 53
8 94 71
8 99 97
8 102 94
8 103 87
8 107 11
8 109 87
8 114 18
8 115 78
8 116 10
8 119 99
8 120 30
8 122 60
8 123 66
8 124 9
8 126 61
8 127 49
8 130 39
8 132 10
8 135 44
8 137 96
8 142 90
8 147 76
8 149 5
9 10 38
9 12 52
9 14 61
9 15 91
9 16 14
9 17 29
9 20 31
9 23 92
9 28 96
9 29 59
9 31 46
9 41 2
9 42 74
9 43 71
9 44 8
9 45 37
9 48 54
9 50 92
9 54 88
9 58 51
9 60 96
9 61 83
9 62 54
9 71 2
9 73 71
9 74 27
9 78 86
9 84 10
9 85 82
9 91 77
9 92 30
9 93 9
9 96 31
9 97 71
9 98 9
9 100 97
9 101 30
9 103 81
9 104 41
9 105 31
9 107 88
9 110 17
9 111 5
9 117 43
9 118 39
9 120 68
9 122 31
9 127 97
9 129 71
9 131 100
9 135 2
9 136 38
9 137 86
9 139 19
9 146 58
9 148 58
9 150 79
10 11 66
10 15 76
10 16 53
10 22 19
10 23 11
10 24 22
10 27 84
10 31 53
10 32 94
10 38 52
10 43 82
10 45 31
10 48 87
10 51 61
10 53 54
10 54 78
10 55 21
10 56 22
10 57 83
10 59 4
10 61 95
10 62 37
10 68 31
10 69 9
10 70 75
10 74 55
10 75 86
10 77 19
10 79 50
10 83 87
10 89 74
10 93 32
10 94 62
10 95 72
10 97 22
10 98 2
10 101 58
10 108 28
10 111 35
10 116 9
10 118 33
10 122 22
10 125 22
10 126 54
10 128 100
10 129 8
10 130 68
10 131 46
10 134 33
10 136 21
10 137 56
10 139 49
10 142 18
10 144 27
10 147 96
10 150 49
11 14 43
11 16 83
11 18 8
11 20 52
11 21 74
11 22 71
11 23 68
11 25 80
11 26 48
11 31 38
11 32 41
11 33 87
11 35 3
11 43 10
11 44 90
11 45 11
11 48 2
11 52 14
11 53 10
11 54 74
11 55 45
11 56 46
11 60 75
11 61 34
11 64 84
11 69 77
11 70 50
11 71 44
11 72 9
11 82 48
11 86 88
11 89 34
11 92 67
11 98 79
11 99 97
11 100 91
11 104 24
11 106 10
11 108 33
11 110 23
11 111 98
11 112 24
11 117 56
11 124 92
11 125 57
11 126 20
11 129 57
11 130 12
11 132 83
11 133 55
11 138 74
11 141 24
11 146 12
11 147 24
11 148 90
11 149 50
12 15 38
12 16 25
12 21 86
12 27 50
12 32 58
12 33 84
12 34 72
12 37 99
12 38 40
12 39 47
12 40 65
12 45 46
12 52 85
12 53 47
12 59 56
12 62 41
12 63 81
12 64 100
12 66 90
12 69 19
12 70 33
12 72 92
12 74 5
12 75 77
12 76 56
12 81 47
12 82 37
12 84 2
12 85 52
12 86 57
12 89 16
12 90 65
12 96 29
12 102 85
12 103 89
12 110 39
12 114 29
12 116 21
12 127 96
12 128 22
12 136 19
12 138 95
12 142 3
12 144 72
12 145 100
12 149 23
12 150 31
13 20 97
13 21 65
13 22 75
13 24 88
13 25 24
13 29 50
13 36 41
13 37 6
13 38 88
13 40 57
13 41 99
13 48 44
13 51 30
13 52 28
13 57 21
13 59 40
13 61 51
13 63 26
13 66 89
13 68 83
13 72 51
13 77 68
13 81 81
13 82 94
13 85 56
13 90 82
13 92 76
13 97 56
13 100 45
13 102 60
13 105 8
13 106 37
13 108 33
13 110 27
13 114 26
13 118 75
13 122 94
13 124 8
13 130 77
13 132 46
13 134 60
13 137 6
13 144 54
13 146 42
13 147 53
13 148 48
13 149 21
14 17 88
14 18 84
14 20 56
14 21 25
14 22 8
14 23 64
14 24 54
14 31 53
14 35 25
14 36 73
14 38 56
14 48 85
14 49 31
14 53 98
14 54 19
14 63 84
14 65 46
14 66 39
14 67 88
14 73 91
14 78 3
14 79 56
14 80 86
14 81 77
14 84 31
14 86 65
14 89 58
14 91 24
14 98 90
14 99 1
14 100 52
14 102 8
14 108 63
14 111 92
14 115 31
14 117 22
14 118 3
14 119 100
14 121 59
14 129 42
14 132 60
14 133 96
14 135 61
14 136 30
14 139 20
14 140 60
14 142 63
14 146 32
14 148 25
15 18 92
15 22 49
15 24 7
15 29 98
15 32 40
15 36 64
15 37 69
15 38 34
15 46 60
15 47 46
15 50 43
15 51 83
15 52 79
15 53 70
15 56 6
15 57 42
15 58 62
15 59 95
15 63 98
15 64 39
15 65 82
15 68 11
15 75 92
15 76 95
15 79 26
15 81 82
15 82 82
15 92 57
15 94 96
15 95 78
15 101 81
15 103 94
15 105 48
15 106 99
15 109 28
15 111 54
15 112 74
15 116 94
15 117 14
15 118 41
15 119 65
15 122 37
15 125 13
15 132 70
15 137 84
15 138 45
15 140 95
15 141 91
15 143 78
15 145 7
15 146 43
15 148 60
16 17 61
16 18 69
16 20 13
16 23 41
16 27 14
16 29 65
16 31 98
16 32 73
16 33 33
16 34 81
16 35 21
16 36 39
16 38 71
16 41 85
16 42 88
16 43 3
16 46 27
16 47 54
16 50 83
16 53 100
16 56 28
16 57 29
16 59 35
16 62 77
16 68 1
16 73 3
16 74 1
16 80 100
16 81 71
16 82 67
16 85 94
16 86 66
16 87 64
16 92 70
16 93 10
16 94 60
16 95 43
16 102 95
16 103 5
16 112 83
16 114 82
16 117 39
16 122 94
16 123 4
16 127 4
16 130 96
16 132 77
16 135 43
16 137 79
16 140 95
16 143 31
16 146 49
16 147 53
16 149 87
16 150 26
17 18 41
17 19 58
17 20 76
17 27 40
17 32 44
17 36 96
17 37 66
17 41 78
17 42 4
17 45 94
17 47 23
17 48 88
17 49 37
17 52 16
17 57 7
17 60 46
17 61 22
17 62 73
17 64 37
17 65 34
17 66 83
17 67 65
17 68 24
17 70 36
17 71 30
17 72 11
17 73 35
17 76 95
17 78 73
17 80 69
17 85 65
17 91 69
17 93 29
17 95 7
17 98 7
17 99 18
17 100 86
17 102 21
17 104 2
17 105 69
17 109 5
17 111 49
17 113 99
17 114 47
17 115 45
17 116 55
17 117 81
17 119 27
17 120 53
17 121 51
17 123 26
17 124 92
17 129 54
17 131 32
17 132 90
17 136 19
17 138 17
17 145 57
17 147 80
17 150 6
18 22 69
18 24 85
18 26 65
18 28 13
18 31 28
18 32 3
18 34 75
18 35 35
18 40 63
18 41 8
18 45 77
18 46 84
18 48 59
18 50 49
18 54 48
18 57 1
18 60 18
18 62 40
18 63 8
18 67 68
18 70 41
18 74 49
18 76 30
18 80 14
18 81 2
18 82 61
18 83 82
18 85 94
18 86 75
18 88 68
18 89 70
18 91 6
18 94 29
18 95 13
18 99 51
18 100 79
18 102 2
18 105 55
18 106 12
18 111 13
18 114 11
18 119 82
18 126 63
18 128 60
18 131 6
18 137 78
18 138 68
18 139 5
18 140 43
18 141 93
18 143 40
18 149 34
18 150 72
19 21 8
19 22 39
19 25 14
19 27 39
19 28 68
19 29 75
19 32 89
19 33 52
19 37 61
19 41 25
19 44 73
19 45 35
19 49 31
19 50 38
19 51 65
19 53 11
19 55 4
19 59 34
19 60 65
19 66 67
19 68 70
19 69 56
19 71 53
19 72 8
19 81 5
19 83 49
19 84 43
19 86 40
19 88 2
19 89 94
19 90 26
19 91 11
19 94 33
19 95 49
19 101 35
19 103 60
19 106 71
19 109 66
19 111 34
19 112 59
19 113 25
19 114 40
19 117 54
19 118 98
19 119 9
19 120 29
19 123 88
19 127 100
19 130 42
19 131 59
19 137 76
19 138 58
19 141 7
19 142 44
19 146 14
19 148 87
19 149 81
20 24 4
20 28 40
20 29 89
20 30 20
20 32 6
20 33 44
20 35 14
20 36 100
20 38 63
20 39 84
20 42 70
20 44 12
20 46 93
20 47 41
20 48 44
20 51 17
20 57 68
20 59 21
20 61 100
20 63 37
20 65 69
20 66 86
20 69 68
20 70 56
20 77 68
20 80 12
20 83 58
20 84 73
20 87 80
20 88 25
20 95 93
20 96 78
20 97 83
20 101 81
20 103 81
20 113 59
20 118 35
20 119 20
20 120 71
20 125 82
20 131 83
20 132 74
20 138 52
20 140 78
20 143 56
20 144 17
20 147 61
20 148 84
21 22 28
21 23 55
21 26 1
21 28 86
21 30 5
21 37 28
21 40 35
21 45 95
21 46 45
21 51 39
21 52 56
21 55 42
21 57 91
21 60 92
21 61 53
21 63 3
21 64 74
21 66 10
21 67 29
21 69 40
21 71 30
21 73 7
21 76 90
21 77 68
21 78 20
21 80 18
21 83 11
21 88 47
21 91 39
21 92 62
21 95 13
21 97 54
21 100 52
21 101 53
21 103 73
21 104 95
21 107 52
21 109 18
21 110 6
21 114 66
21 116 50
21 117 95
21 118 9
21 119 30
21 120 40
21 122 15
21 123 80
21 128 36
21 129 95
21 131 27
21 134 47
21 135 60
21 136 12
21 140 72
21 142 69
21 143 98
21 144 49
21 147 63
22 23 64
22 24 62
22 25 25
22 28 33
22 30 71
22 31 69
22 37 10
22 47 29
22 54 27
22 57 73
22 58 96
22 59 96
22 63 99
22 64 80
22 65 36
22 67 16
22 69 57
22 70 94
22 73 22
22 78 70
22 81 99
22 84 98
22 88 82
22 89 91
22 91 61
22 95 48
22 96 93
22 101 97
22 102 58
22 105 57
22 106 80
22 108 34
22 109 9
22 110 27
22 112 21
22 114 71
22 121 100
22 123 26
22 124 10
22 126 27
22 129 44
22 132 38
22 133 47
22 134 72
22 136 57
22 139 24
22 141 8
22 144 7
22 145 95
22 146 63
22 149 98
23 24 67
23 26 54
23 27 24
23 28 65
23 33 8
23 34 20
23 35 34
23 36 66
23 39 88
23 41 30
23 42 10
23 43 86
23 45 44
23 48 11
23 50 71
23 51 99
23 52 23
23 54 10
23 55 63
23 56 64
23 60 26
23 61 52
23 65 28
23 66 49
23 67 73
23 70 77
23 74 24
23 75 36
23 76 61
23 78 33
23 82 14
23 84 44
23 92 79
23 95 65
23 99 66
23 100 87
23 101 2
23 102 28
23 103 62
23 105 28
23 111 60
23 113 33
23 117 78
23 119 99
23 122 32
23 125 12
23 126 66
23 127 90
23 128 88
23 130 4
23 131 79
23 132 60
23 135 65
23 137 22
23 139 70
23 141 54
23 142 97
23 145 54
23 146 99
23 147 54
23 149 55
24 27 27
24 29 68
24 30 55
24 34 21
24 36 40
24 39 74
24 41 1
24 43 63
24 45 30
24 46 98
24 48 42
24 49 3
24 50 84
24 51 15
24 53 79
24 54 70
24 56 4
24 59 24
24 68 8
24 70 92
24 84 12
24 93 92
24 94 68
24 95 6
24 97 4
24 98 38
24 100 66
24 102 35
24 107 4
24 108 53
24 110 20
24 111 25
24 115 46
24 116 11
24 121 66
24 123 69
24 130 88
24 132 63
24 135 89
24 136 57
24 137 65
24 139 46
24 144 90
24 146 85
24 148 39
24 149 41
25 27 69
25 28 67
25 34 47
25 40 29
25 42 34
25 43 12
25 47 51
25 49 48
25 50 54
25 52 45
25 53 73
25 54 14
25 57 84
25 68 10
25 73 12
25 74 38
25 79 75
25 84 59
25 92 70
25 94 94
25 96 68
25 97 93
25 100 49
25 101 1
25 102 60
25 104 11
25 107 91
25 109 30
25 112 88
25 115 95
25 123 72
25 125 73
25 126 8
25 127 42
25 131 46
25 132 56
25 135 46
25 136 48
25 141 11
25 146 38
25 147 89
25 149 88
26 28 99
26 31 39
26 33 60
26 34 14
26 40 22
26 42 25
26 47 32
26 49 83
26 50 14
26 51 46
26 52 61
26 54 4
26 60 17
26 61 98
26 64 6
26 67 65
26 70 69
26 74 82
26 76 62
26 80 95
26 81 11
26 82 49
26 83 70
26 88 78
26 89 52
26 92 45
26 93 21
26 94 52
26 95 4
26 100 84
26 101 63
26 103 13
26 104 98
26 105 34
26 106 76
26 108 1
26 112 85
26 113 48
26 115 46
26 119 27
26 121 15
26 122 55
26 125 75
26 129 97
26 132 21
26 135 38
26 138 26
26 144 60
26 150 26
27 29 99
27 38 79
27 41 38
27 46 64
27 51 80
27 53 2
27 56 50
27 61 46
27 63 20
27 64 61
27 67 65
27 69 95
27 72 71
27 74 70
27 76 37
27 78 14
27 83 93
27 84 80
27 86 70
27 89 50
27 92 71
27 97 81
27 98 67
27 100 95
27 103 73
27 105 32
27 108 77
27 110 80
27 112 93
27 121 81
27 125 50
27 132 95
27 135 7
27 136 4
27 138 68
27 139 84
27 140 73
27 141 47
27 146 40
27 148 29
28 32 14
28 35 33
28 41 99
28 43 40
28 44 34
28 46 98
28 49 61
28 50 5
28 52 63
28 53 100
28 54 72
28 55 22
28 56 21
28 61 98
28 62 15
28 63 28
28 65 10
28 66 24
28 68 25
28 73 91
28 78 65
28 79 79
28 81 79
28 82 68
28 84 45
28 85 11
28 86 64
28 90 74
28 96 74
28 97 17
28 98 25
28 100 58
28 102 37
28 105 29
28 109 37
28 110 51
28 113 15
28 116 97
28 117 23
28 119 64
28 120 37
28 125 39
28 129 38
28 131 82
28 132 74
28 142 91
28 148 97
28 149 42
29 32 19
29 33 58
29 35 98
29 38 62
29 40 71
29 42 45
29 43 70
29 55 40
29 57 27
29 59 32
29 68 30
29 69 88
29 73 16
29 74 23
29 75 21
29 77 70
29 79 48
29 80 94
29 82 46
29 83 44
29 84 48
29 85 74
29 89 40
29 91 13
29 92 22
29 96 99
29 97 87
29 102 61
29 105 49
29 109 9
29 110 89
29 113 32
29 117 81
29 119 8
29 120 17
29 124 9
29 127 82
29 130 6
29 132 29
29 133 94
29 138 62
29 139 13
29 140 69
29 142 45
29 143 38
29 145 85
29 146 99
29 148 81
30 32 94
30 33 18
30 39 43
30 40 81
30 42 46
30 44 10
30 45 14
30 46 57
30 48 9
30 50 64
30 51 81
30 52 40
30 53 4
30 54 59
30 55 67
30 59 13
30 60 80
30 63 75
30 64 18
30 66 59
30 71 70
30 73 89
30 77 20
30 78 51
30 80 95
30 82 3
30 83 57
30 84 66
30 85 7
30 86 10
30 89 78
30 99 53
30 104 66
30 108 68
30 111 59
30 119 94
30 120 50
30 124 55
30 125 31
30 126 66
30 127 29
30 129 19
30 130 54
30 131 71
30 134 62
30 135 86
30 137 58
30 141 54
30 143 40
30 148 37
30 149 76
30 150 80
31 33 87
31 34 12
31 35 11
31 36 58
31 37 17
31 39 49
31 40 92
31 41 30
31 42 85
31 45 2
31 46 77
31 47 61
31 48 6
31 52 98
31 60 74
31 61 56
31 62 1
31 64 66
31 67 8
31 68 26
31 69 24
31 71 95
31 72 74
31 77 42
31 78 41
31 82 95
31 85 95
31 86 10
31 92 37
31 96 41
31 99 89
31 100 81
31 107 27
31 111 68
31 122 44
31 126 56
31 130 77
31 132 71
31 133 5
31 135 81
31 138 83
31 139 36
31 141 86
31 144 62
31 145 24
31 146 55
31 147 12
32 34 75
32 38 38
32 40 17
32 41 50
32 44 54
32 46 14
32 48 92
32 49 82
32 50 38
32 51 53
32 53 42
32 55 16
32 57 24
32 58 38
32 61 27
32 68 87
32 72 92
32 74 84
32 78 49
32 79 26
32 82 54
32 85 51
32 86 74
32 90 99
32 91 85
32 97 85
32 102 59
32 104 23
32 106 88
32 108 51
32 109 93
32 110 30
32 111 77
32 112 77
32 113 61
32 114 8
32 118 56
32 120 63
32 121 66
32 126 45
32 127 18
32 128 49
32 131 63
32 134 68
32 135 51
32 138 32
32 141 93
32 145 17
32 147 28
32 148 84
33 34 62
33 35 46
33 37 3
33 39 68
33 40 18
33 41 52
33 42 87
33 47 55
33 50 35
33 51 77
33 52 73
33 58 65
33 63 99
33 64 35
33 68 96
33 69 70
33 70 63
33 74 96
33 76 88
33 78 10
33 80 100
33 83 27
33 84 48
33 88 28
33 92 74
33 97 17
33 98 96
33 99 18
33 102 16
33 108 19
33 109 87
33 113 26
33 115 69
33 116 50
33 118 63
33 121 69
33 122 33
33 125 73
33 128 40
33 132 48
33 135 42
33 137 17
33 139 23
33 142 41
33 147 69
33 149 50
34 35 2
34 38 6
34 39 50
34 40 26
34 43 51
34 44 93
34 45 78
34 46 98
34 48 51
34 49 29
34 50 58
34 51 90
34 52 50
34 53 16
34 56 98
34 62 64
34 63 96
34 64 75
34 65 54
34 67 10
34 71 8
34 73 9
34 77 24
34 83 96
34 86 37
34 87 49
34 89 87
34 90 29
34 93 25
34 94 19
34 95 82
34 98 31
34 100 37
34 101 33
34 105 95
34 108 28
34 111 74
34 113 63
34 116 21
34 119 15
34 123 99
34 124 40
34 130 44
34 132 87
34 133 78
34 135 85
34 137 95
34 138 98
34 140 21
34 147 72
35 39 25
35 41 29
35 46 36
35 48 11
35 49 72
35 50 75
35 56 96
35 57 56
35 59 85
35 62 85
35 64 20
35 68 50
35 69 5
35 71 65
35 73 55
35 74 84
35 80 93
35 85 86
35 86 5
35 90 65
35 91 59
35 92 53
35 97 73
35 98 10
35 101 34
35 102 9
35 103 7
35 108 15
35 113 76
35 115 13
35 116 33
35 122 92
35 128 4
35 129 98
35 133 73
35 134 15
35 137 26
35 138 21
35 139 1
35 142 58
36 37 53
36 39 28
36 43 57
36 45 92
36 47 17
36 48 77
36 49 70
36 52 38
36 53 55
36 54 42
36 55 94
36 58 31
36 59 100
36 68 16
36 69 2
36 71 36
36 74 88
36 77 87
36 78 1
36 83 30
36 90 24
36 92 54
36 93 64
36 95 28
36 97 27
36 102 86
36 103 88
36 105 71
36 107 62
36 110 33
36 112 87
36 114 10
36 116 33
36 117 75
36 120 67
36 121 74
36 124 34
36 125 99
36 126 51
36 129 97
36 131 22
36 132 43
36 134 68
36 135 54
36 137 26
36 139 67
36 140 27
36 141 45
36 144 90
36 145 2
36 147 55
36 148 42
36 149 64
37 38 92
37 40 94
37 42 64
37 46 67
37 51 26
37 53 11
37 55 64
37 58 99
37 60 30
37 62 53
37 64 20
37 67 72
37 68 60
37 69 84
37 70 87
37 71 64
37 72 22
37 73 65
37 75 87
37 81 90
37 84 36
37 85 70
37 87 76
37 88 37
37 92 86
37 93 89
37 98 36
37 101 2
37 107 53
37 109 69
37 111 26
37 113 77
37 116 50
37 117 45
37 119 69
37 121 7
37 122 36
37 130 15
37 131 59
37 135 75
37 136 83
37 140 96
37 141 65
37 142 70
37 145 91
37 146 99
37 147 53
37 148 59
37 149 80
37 150 48
38 42 61
38 43 56
38 45 79
38 47 4
38 49 54
38 53 64
38 55 86
38 62 75
38 63 93
38 64 56
38 67 75
38 73 77
38 77 25
38 78 100
38 81 18
38 82 16
38 88 51
38 90 41
38 91 73
38 93 93
38 95 80
38 96 81
38 101 28
38 107 9
38 110 27
38 114 37
38 118 27
38 119 74
38 122 11
38 125 100
38 130 19
38 134 24
38 135 56
38 143 7
38 144 54
38 147 98
38 150 68
39 40 92
39 41 92
39 43 25
39 44 34
39 46 92
39 47 5
39 51 86
39 52 80
39 53 38
39 54 95
39 59 59
39 62 47
39 66 3
39 67 96
39 74 54
39 79 74
39 81 46
39 85 86
39 86 71
39 88 64
39 89 13
39 90 79
39 93 73
39 94 32
39 98 45
39 100 4
39 102 22
39 106 20
39 107 92
39 108 9
39 115 60
39 118 55
39 121 24
39 123 58
39 125 4
39 126 10
39 128 17
39 129 37
39 130 68
39 133 83
39 134 57
39 137 47
39 139 13
39 144 75
39 146 70
39 148 90
40 41 58
40 46 21
40 48 95
40 50 13
40 54 56
40 56 72
40 57 67
40 62 11
40 65 90
40 66 78
40 68 53
40 69 40
40 74 78
40 75 42
40 77 78
40 79 94
40 81 38
40 84 98
40 89 70
40 90 18
40 91 65
40 98 19
40 99 65
40 101 71
40 104 62
40 105 14
40 107 20
40 109 28
40 115 31
40 116 36
40 117 83
40 120 76
40 121 91
40 122 79
40 124 41
40 126 69
40 127 29
40 128 95
40 130 86
40 132 76
40 134 99
40 135 32
40 138 33
40 140 68
40 143 38
40 144 17
40 149 3
41 42 4
41 44 2
41 45 38
41 49 79
41 51 8
41 53 21
41 54 80
41 55 88
41 57 36
41 61 76
41 67 57
41 68 57
41 71 19
41 72 73
41 73 84
41 74 8
41 75 95
41 78 64
41 80 91
41 82 38
41 83 16
41 84 35
41 85 51
41 90 87
41 98 37
41 99 5
41 100 24
41 102 89
41 103 45
41 104 12
41 105 94
41 107 56
41 110 93
41 111 28
41 112 55
41 116 43
41 117 86
41 118 72
41 119 24
41 120 49
41 121 36
41 122 77
41 134 36
41 135 66
41 136 44
41 139 14
41 140 29
41 141 43
41 143 2
41 150 84
42 48 53
42 49 10
42 53 23
42 59 1
42 61 47
42 64 13
42 65 90
42 66 79
42 71 97
42 75 21
42 76 28
42 77 21
42 79 80
42 83 78
42 85 60
42 87 80
42 88 48
42 90 66
42 95 76
42 96 77
42 100 17
42 101 23
42 102 68
42 103 89
42 106 58
42 109 2
42 112 38
42 114 54
42 119 29
42 121 69
42 122 46
42 124 50
42 125 7
42 126 69
42 130 6
42 134 62
42 135 85
42 136 45
42 139 97
42 141 85
42 149 69
43 44 26
43 45 26
43 48 36
43 54 63
43 58 1
43 59 27
43 61 87
43 68 84
43 70 28
43 71 65
43 76 92
43 78 51
43 83 45
43 85 92
43 88 35
43 91 6
43 93 1
43 100 83
43 105 66
43 106 78
43 108 40
43 117 89
43 121 30
43 124 19
43 126 68
43 128 3
43 129 17
43 130 55
43 139 90
43 140 19
43 145 57
43 146 20
43 147 81
43 149 80
44 46 71
44 49 35
44 51 94
44 52 3
44 53 31
44 54 87
44 60 68
44 62 94
44 63 52
44 64 27
44 65 53
44 67 3
44 72 53
44 76 88
44 78 2
44 80 60
44 81 10
44 83 89
44 86 11
44 89 72
44 91 94
44 101 19
44 104 80
44 109 97
44 111 21
44 113 78
44 115 77
44 116 2
44 118 71
44 120 12
44 121 98
44 122 35
44 123 89
44 125 45
44 126 36
44 130 99
44 131 28
44 136 59
44 137 85
44 139 50
44 140 56
44 145 74
44 148 11
44 149 60
45 49 76
45 56 44
45 58 31
45 60 8
45 61 1
45 62 60
45 76 88
45 78 77
45 81 66
45 83 52
45 85 5
45 86 82
45 89 75
45 90 74
45 91 75
45 92 86
45 94 94
45 97 45
45 98 47
45 100 43
45 102 40
45 103 66
45 104 94
45 105 87
45 107 46
45 111 47
45 114 13
45 116 19
45 118 20
45 119 15
45 123 37
45 124 39
45 129 88
45 131 88
45 133 91
45 136 26
45 138 10
45 140 95
45 142 13
45 147 13
45 149 23
45 150 69
46 50 89
46 51 49
46 54 64
46 58 93
46 60 88
46 63 24
46 65 37
46 66 90
46 74 4
46 76 11
46 77 96
46 78 38
46 80 17
46 83 78
46 85 39
46 88 20
46 89 60
46 90 45
46 93 72
46 94 52
46 96 49
46 97 44
46 102 29
46 109 100
46 110 83
46 112 36
46 113 38
46 118 3
46 119 95
46 125 17
46 128 65
46 133 85
46 137 56
46 138 65
46 139 39
46 143 79
46 144 74
46 145 84
46 149 43
46 150 82
47 48 71
47 50 2
47 51 73
47 52 4
47 56 65
47 58 40
47 59 77
47 62 43
47 66 83
47 67 1
47 69 18
47 71 42
47 72 15
47 73 62
47 78 34
47 80 72
47 84 70
47 85 69
47 86 90
47 88 86
47 89 34
47 90 54
47 94 15
47 95 38
47 96 26
47 97 42
47 102 68
47 103 81
47 107 62
47 109 12
47 112 35
47 114 91
47 117 59
47 118 86
47 119 28
47 121 20
47 123 50
47 124 49
47 125 54
47 130 91
47 131 10
47 132 83
47 133 42
47 135 48
47 138 11
47 142 3
47 143 70
47 145 77
47 146 13
47 147 39
47 148 16
48 49 37
48 50 72
48 52 95
48 56 92
48 58 60
48 59 95
48 60 67
48 62 70
48 64 3
48 76 47
48 77 23
48 79 32
48 84 15
48 85 15
48 88 21
48 92 76
48 94 28
48 95 59
48 99 64
48 100 63
48 101 42
48 105 93
48 107 79
48 108 32
48 111 14
48 114 78
48 115 79
48 116 32
48 119 52
48 120 76
48 121 25
48 123 47
48 125 71
48 126 47
48 128 49
48 130 55
48 135 55
48 137 38
48 139 16
48 140 68
48 142 73
48 144 15
48 147 68
48 148 9
49 50 78
49 51 81
49 56 11
49 59 27
49 61 79
49 63 85
49 64 65
49 83 6
49 98 27
49 100 60
49 101 36
49 104 82
49 114 91
49 115 86
49 117 60
49 126 79
49 141 61
49 144 86
49 149 59
49 150 65
50 51 77
50 53 26
50 54 57
50 55 21
50 56 80
50 58 24
50 60 61
50 61 31
50 64 37
50 65 27
50 66 88
50 67 100
50 68 2
50 69 98
50 70 14
50 73 14
50 74 11
50 75 80
50 78 16
50 79 14
50 80 22
50 81 34
50 82 69
50 85 51
50 87 59
50 90 35
50 96 7
50 97 53
50 98 75
50 99 94
50 102 28
50 103 47
50 107 52
50 109 47
50 110 58
50 112 56
50 120 33
50 122 89
50 130 49
50 131 54
50 133 67
50 134 76
50 135 36
50 138 97
50 142 86
50 143 8
50 145 52
50 146 7
50 150 79
51 54 30
51 57 100
51 60 27
51 65 20
51 76 67
51 77 66
51 79 47
51 84 86
51 85 81
51 86 13
51 93 75
51 96 40
51 99 38
51 100 89
51 102 59
51 105 21
51 108 33
51 110 18
51 111 94
51 113 42
51 114 80
51 117 87
51 120 87
51 121 94
51 123 70
51 126 31
51 127 72
51 128 7
51 129 64
51 131 60
51 133 4
51 134 45
51 135 56
51 136 47
51 138 42
51 147 82
51 148 93
51 150 15
52 53 64
52 55 1
52 57 49
52 58 45
52 59 58
52 60 51
52 61 36
52 64 57
52 65 20
52 67 69
52 68 89
52 70 2
52 73 82
52 74 20
52 75 34
52 81 27
52 82 24
52 84 71
52 87 53
52 89 82
52 90 80
52 94 95
52 102 24
52 103 17
52 109 42
52 111 2
52 117 97
52 120 71
52 122 9
52 123 52
52 124 24
52 130 26
52 131 18
52 132 75
52 133 93
52 134 54
52 136 77
52 139 75
52 142 33
52 143 93
52 146 95
52 147 87
52 150 58
53 56 25
53 57 77
53 62 67
53 63 87
53 65 16
53 66 9
53 67 23
53 71 16
53 77 83
53 79 88
53 82 50
53 84 47
53 88 89
53 91 37
53 97 54
53 106 57
53 108 27
53 111 26
53 113 61
53 114 44
53 117 24
53 118 89
53 119 87
53 120 44
53 121 37
53 122 82
53 127 100
53 136 11
53 137 35
53 138 12
53 140 85
53 141 19
53 144 12
53 145 56
53 146 73
53 148 30
54 56 14
54 57 87
54 58 29
54 59 94
54 61 35
54 65 70
54 66 4
54 70 87
54 71 32
54 73 89
54 76 49
54 79 82
54 82 28
54 85 79
54 89 51
54 95 54
54 96 7
54 97 55
54 103 100
54 106 93
54 107 49
54 109 3
54 110 25
54 116 28
54 121 87
54 122 61
54 123 87
54 124 20
54 126 72
54 127 77
54 131 89
54 133 48
54 136 36
54 137 73
54 138 42
54 139 86
54 140 49
54 141 78
54 143 41
54 148 45
54 150 23
55 61 38
55 62 15
55 65 38
55 66 29
55 67 5
55 70 31
55 73 25
55 74 63
55 79 40
55 80 18
55 81 28
55 82 28
55 88 50
55 90 12
55 96 64
55 100 83
55 101 41
55 102 95
55 106 7
55 107 46
55 109 55
55 111 76
55 113 36
55 116 50
55 121 34
55 123 58
55 125 41
55 130 80
55 132 34
55 134 55
55 135 20
55 136 15
55 139 11
55 142 30
55 143 81
55 148 44
55 149 61
56 57 45
56 60 93
56 61 81
56 64 76
56 67 97
56 68 15
56 70 32
56 71 95
56 74 44
56 79 87
56 80 59
56 82 30
56 87 32
56 88 60
56 91 96
56 94 84
56 95 79
56 96 37
56 99 19
56 104 28
56 106 82
56 108 25
56 110 62
56 111 39
56 114 86
56 115 70
56 119 81
56 120 54
56 122 88
56 124 52
56 125 21
56 128 19
56 129 17
56 131 18
56 136 53
56 140 42
56 144 79
56 147 40
56 148 100
57 58 83
57 60 40
57 61 5
57 62 30
57 63 53
57 64 66
57 65 36
57 68 29
57 69 21
57 70 80
57 74 87
57 78 59
57 82 16
57 86 99
57 88 36
57 90 57
57 97 14
57 98 42
57 99 70
57 100 31
57 107 41
57 109 51
57 111 60
57 115 16
57 116 43
57 120 40
57 121 32
57 126 40
57 130 25
57 132 66
57 133 54
57 134 23
57 135 74
57 136 70
57 140 62
57 143 58
57 147 3
58 61 54
58 62 18
58 64 82
58 66 88
58 69 14
58 70 88
58 73 22
58 74 63
58 77 100
58 80 14
58 82 77
58 84 94
58 87 74
58 88 68
58 90 3
58 97 71
58 98 29
58 100 34
58 102 38
58 104 13
58 105 80
58 109 79
58 112 90
58 113 46
58 116 48
58 118 44
58 119 23
58 121 39
58 122 43
58 123 97
58 124 64
58 125 8
58 127 11
58 129 34
58 130 4
58 131 86
58 132 78
58 139 96
59 60 45
59 63 44
59 64 91
59 66 53
59 69 2
59 72 74
59 74 90
59 77 78
59 79 89
59 80 20
59 83 34
59 84 52
59 86 18
59 90 46
59 92 99
59 96 61
59 97 52
59 101 48
59 102 98
59 104 13
59 105 83
59 117 96
59 118 38
59 121 2
59 125 5
59 128 33
59 133 10
59 136 75
59 137 95
59 139 78
59 141 18
59 143 9
59 147 76
59 148 41
60 64 52
60 65 77
60 74 13
60 75 25
60 76 48
60 78 60
60 84 51
60 91 86
60 93 84
60 96 15
60 104 21
60 106 85
60 110 72
60 117 91
60 118 73
60 119 37
60 121 87
60 123 10
60 125 12
60 127 88
60 130 27
60 134 10
60 137 43
60 139 43
60 140 13
60 142 35
60 144 51
60 145 48
60 146 7
60 148 26
61 64 34
61 67 93
61 68 20
61 69 95
61 76 44
61 77 15
61 80 7
61 81 58
61 82 37
61 83 5
61 84 66
61 85 94
61 86 10
61 91 6
61 92 85
61 93 43
61 97 7
61 98 56
61 99 37
61 102 88
61 108 71
61 109 34
61 112 17
61 115 85
61 117 21
61 120 35
61 125 4
61 131 70
61 132 85
61 137 64
61 138 96
61 140 23
61 144 16
61 148 88
61 150 70
62 64 24
62 67 96
62 71 72
62 72 20
62 73 11
62 74 41
62 75 13
62 76 56
62 82 39
62 83 63
62 85 81
62 88 39
62 89 20
62 90 17
62 93 43
62 94 57
62 99 84
62 104 72
62 109 55
62 110 80
62 112 35
62 114 74
62 116 19
62 118 78
62 122 78
62 125 10
62 128 10
62 129 82
62 130 50
62 138 46
62 140 67
62 142 18
62 144 64
62 145 2
62 146 58
62 148 48
62 150 21
63 66 8
63 69 93
63 73 34
63 75 75
63 76 93
63 77 52
63 83 77
63 85 26
63 86 58
63 88 95
63 97 69
63 99 69
63 103 13
63 106 43
63 111 51
63 118 18
63 120 77
63 121 73
63 123 45
63 127 65
63 129 32
63 131 48
63 133 87
63 139 80
63 141 3
63 142 55
63 146 8
63 148 68
64 65 35
64 66 6
64 71 93
64 73 42
64 74 81
64 76 75
64 77 8
64 83 34
64 84 58
64 86 19
64 90 50
64 92 3
64 94 9
64 97 49
64 98 40
64 100 16
64 102 47
64 103 55
64 104 14
64 106 40
64 107 39
64 108 78
64 118 25
64 122 85
64 127 61
64 128 97
64 130 56
64 135 75
64 136 58
64 137 86
64 140 63
64 142 6
64 144 22
64 146 5
64 147 1
64 148 97
64 149 52
64 150 39
65 68 29
65 69 50
65 71 12
65 76 41
65 78 58
65 82 90
65 85 85
65 91 21
65 93 100
65 94 66
65 96 72
65 97 22
65 98 58
65 99 84
65 103 35
65 105 29
65 106 34
65 107 3
65 108 20
65 114 49
65 116 42
65 117 68
65 119 33
65 120 63
65 121 8
65 126 16
65 128 60
65 132 84
65 136 20
65 140 2
65 143 99
65 145 94
65 147 42
65 148 66
66 67 17
66 71 17
66 74 40
66 78 56
66 79 10
66 80 8
66 83 53
66 88 39
66 91 48
66 98 42
66 100 42
66 101 54
66 102 19
66 106 19
66 108 75
66 112 24
66 115 35
66 118 16
66 119 75
66 121 45
66 122 53
66 126 46
66 128 28
66 129 26
66 130 38
66 134 72
66 136 1
66 138 39
66 139 40
66 142 94
66 143 19
66 146 67
66 147 27
66 149 75
66 150 92
67 68 95
67 74 85
67 76 20
67 78 66
67 80 16
67 82 64
67 83 78
67 84 81
67 88 79
67 91 22
67 93 69
67 94 27
67 97 64
67 99 71
67 102 51
67 103 61
67 104 39
67 105 89
67 106 54
67 108 41
67 111 72
67 112 80
67 119 74
67 129 14
67 131 98
67 132 38
67 133 83
67 134 75
67 136 77
67 137 67
67 140 67
67 144 58
67 146 18
67 147 77
67 148 81
67 149 67
68 71 45
68 72 50
68 74 80
68 78 63
68 80 84
68 82 54
68 83 79
68 84 60
68 85 73
68 87 7
68 88 7
68 95 73
68 100 46
68 102 71
68 103 57
68 104 58
68 108 90
68 113 45
68 114 53
68 115 5
68 117 43
68 118 30
68 121 72
68 122 12
68 124 54
68 129 87
68 131 73
68 133 21
68 134 63
68 135 9
68 136 96
68 140 25
68 142 1
68 143 78
68 149 54
69 70 59
69 74 12
69 75 54
69 76 70
69 78 2
69 85 65
69 86 71
69 87 27
69 93 58
69 94 4
69 105 34
69 108 55
69 110 74
69 113 32
69 114 9
69 115 44
69 116 58
69 117 93
69 118 67
69 120 35
69 123 15
69 125 14
69 126 66
69 131 17
69 136 2
69 138 30
69 141 69
69 143 1
69 145 82
69 147 19
69 148 44
70 71 80
70 72 64
70 75 71
70 76 36
70 80 92
70 83 96
70 84 4
70 85 16
70 87 89
70 89 10
70 92 74
70 93 59
70 96 95
70 97 23
70 98 72
70 99 37
70 100 95
70 101 7
70 102 64
70 103 29
70 107 24
70 109 29
70 110 28
70 113 79
70 118 25
70 119 6
70 122 15
70 123 93
70 124 31
70 129 38
70 131 20
70 132 88
70 133 11
70 136 18
70 138 99
70 140 35
70 141 2
70 145 60
70 146 10
70 147 86
70 149 30
70 150 97
71 73 8
71 75 25
71 76 75
71 78 24
71 79 23
71 86 84
71 89 71
71 92 53
71 93 40
71 94 17
71 98 49
71 99 7
71 100 70
71 101 94
71 102 31
71 106 10
71 107 57
71 108 81
71 112 37
71 113 46
71 114 2
71 117 15
71 119 27
71 121 37
71 124 91
71 129 89
71 130 83
71 131 39
71 138 94
71 141 67
71 146 55
71 147 67
71 149 13
72 73 36
72 74 41
72 76 3
72 78 56
72 79 74
72 80 40
72 82 33
72 84 15
72 87 20
72 89 22
72 90 64
72 93 52
72 94 25
72 103 83
72 104 9
72 105 51
72 106 12
72 108 98
72 109 43
72 111 68
72 118 72
72 119 84
72 120 4
72 124 7
72 125 51
72 127 81
72 128 32
72 130 73
72 133 30
72 134 91
72 135 96
72 139 38
72 143 91
72 144 87
72 150 62
73 74 28
73 77 34
73 79 73
73 82 57
73 87 16
73 91 67
73 94 10
73 101 55
73 104 75
73 107 70
73 109 42
73 111 76
73 115 28
73 122 64
73 123 49
73 126 19
73 128 49
73 132 92
73 134 2
73 136 53
73 137 21
73 138 54
73 139 52
73 140 42
73 145 52
73 146 53
74 76 95
74 78 18
74 79 97
74 80 88
74 82 23
74 84 41
74 85 88
74 86 48
74 88 14
74 89 70
74 92 24
74 94 10
74 99 16
74 102 10
74 107 52
74 109 32
74 110 52
74 111 70
74 112 37
74 115 40
74 117 55
74 119 58
74 120 33
74 122 2
74 123 57
74 124 38
74 126 47
74 128 18
74 130 63
74 136 49
74 138 32
74 139 82
74 145 13
74 146 10
74 147 24
75 81 50
75 82 82
75 84 7
75 88 55
75 89 47
75 94 31
75 101 51
75 102 81
75 105 37
75 108 38
75 110 29
75 112 54
75 115 64
75 117 58
75 118 7
75 119 8
75 123 94
75 125 77
75 127 31
75 128 89
75 130 71
75 131 75
75 132 51
75 136 22
75 137 68
75 138 7
75 141 11
75 142 49
75 144 54
75 146 35
75 147 26
76 83 77
76 91 77
76 92 88
76 95 97
76 97 64
76 98 100
76 99 56
76 100 66
76 105 77
76 106 88
76 107 14
76 108 31
76 110 71
76 113 24
76 115 10
76 117 64
76 118 15
76 120 94
76 122 13
76 123 37
76 124 6
76 128 61
76 131 44
76 133 56
76 135 62
76 138 86
76 140 46
76 142 82
76 143 46
76 144 4
76 146 79
76 148 84
77 79 30
77 81 73
77 84 26
77 86 43
77 87 59
77 90 26
77 91 4
77 95 40
77 96 56
77 98 27
77 100 40
77 101 70
77 102 77
77 103 64
77 105 53
77 106 87
77 109 76
77 113 71
77 115 96
77 116 86
77 117 12
77 124 27
77 126 72
77 128 84
77 129 59
77 131 4
77 132 41
77 137 46
77 138 80
77 143 16
77 145 79
77 146 95
77 149 28
78 80 64
78 81 27
78 83 96
78 85 39
78 87 14
78 89 75
78 93 53
78 96 41
78 97 6
78 100 100
78 101 75
78 104 40
78 105 90
78 106 36
78 107 89
78 108 43
78 110 67
78 113 79
78 114 38
78 115 100
78 117 56
78 119 67
78 120 99
78 122 100
78 123 31
78 127 82
78 130 89
78 132 100
78 133 24
78 135 97
78 138 21
78 141 38
78 144 88
79 80 98
79 81 86
79 82 45
79 90 60
79 91 4
79 94 39
79 97 26
79 99 77
79 100 35
79 101 12
79 102 25
79 106 81
79 109 25
79 114 22
79 119 62
79 121 42
79 125 34
79 126 71
79 127 29
79 131 85
79 133 70
79 134 68
79 138 53
79 144 99
79 145 21
79 146 83
79 149 58
80 81 66
80 82 60
80 84 23
80 88 13
80 96 25
80 97 79
80 98 13
80 105 15
80 107 19
80 109 91
80 110 68
80 121 99
80 125 68
80 126 58
80 131 44
80 134 14
80 139 39
80 141 19
80 146 22
80 149 89
80 150 58
81 82 92
81 84 78
81 87 49
81 91 20
81 92 58
81 94 73
81 96 89
81 97 99
81 100 17
81 101 6
81 105 41
81 107 5
81 111 85
81 112 78
81 114 52
81 115 44
81 119 87
81 120 99
81 122 25
81 123 37
81 126 44
81 128 64
81 130 42
81 137 3
81 139 84
81 142 45
81 145 46
82 83 41
82 84 38
82 85 22
82 86 39
82 93 89
82 94 33
82 95 38
82 96 94
82 101 77
82 103 58
82 106 16
82 107 29
82 108 3
82 111 85
82 116 34
82 119 22
82 124 59
82 129 13
82 131 91
82 134 90
82 135 8
82 136 36
82 137 10
82 138 10
82 139 21
82 140 64
82 143 22
82 145 23
82 146 3
82 148 94
82 150 91
83 84 94
83 89 15
83 90 40
83 93 74
83 95 71
83 96 63
83 97 26
83 98 81
83 102 53
83 105 29
83 106 23
83 111 85
83 113 9
83 114 68
83 121 27
83 122 72
83 125 79
83 129 96
83 130 94
83 131 41
83 134 6
83 140 8
83 142 61
83 143 84
83 144 73
83 145 9
83 149 56
83 150 86
84 86 44
84 87 2
84 88 2
84 91 93
84 92 32
84 95 89
84 98 19
84 101 23
84 102 4
84 104 30
84 105 70
84 106 84
84 107 73
84 112 67
84 113 96
84 114 54
84 118 37
84 119 79
84 125 87
84 127 67
84 130 45
84 131 12
84 132 76
84 133 46
84 135 48
84 139 74
84 143 42
84 145 60
85 87 33
85 90 73
85 92 32
85 94 89
85 95 66
85 96 81
85 100 30
85 105 89
85 106 65
85 112 89
85 114 13
85 115 56
85 116 66
85 117 73
85 119 33
85 123 51
85 124 100
85 125 68
85 130 15
85 133 51
85 134 47
85 135 31
85 137 100
85 141 20
85 144 45
85 149 95
85 150 52
86 87 32
86 91 18
86 100 21
86 101 86
86 103 23
86 109 65
86 110 91
86 112 77
86 113 17
86 115 15
86 118 73
86 120 81
86 123 52
86 125 46
86 126 2
86 130 64
86 131 91
86 133 59
86 136 57
86 137 72
86 139 27
86 140 22
86 141 59
86 142 10
86 147 32
86 150 14
87 90 100
87 93 46
87 94 97
87 99 89
87 102 1
87 107 54
87 108 67
87 109 15
87 112 31
87 113 22
87 114 14
87 121 86
87 122 62
87 124 99
87 126 88
87 128 21
87 131 22
87 134 77
87 136 92
87 138 2
87 139 9
87 141 85
87 142 88
87 145 5
87 148 15
87 149 59
88 92 17
88 94 62
88 98 94
88 103 85
88 109 5
88 118 49
88 120 58
88 123 1
88 126 34
88 128 45
88 130 61
88 132 81
88 135 36
88 136 78
88 137 59
88 141 59
88 143 4
88 144 76
88 145 30
88 146 69
88 147 74
88 148 100
88 150 28
89 91 25
89 96 22
89 97 37
89 100 45
89 103 85
89 104 30
89 106 53
89 107 62
89 109 90
89 110 58
89 112 23
89 113 100
89 114 38
89 121 4
89 122 57
89 126 39
89 127 87
89 138 11
89 139 22
89 143 74
89 148 6
89 149 71
90 91 60
90 98 47
90 99 46
90 101 53
90 106 30
90 107 93
90 109 76
90 114 39
90 118 94
90 120 52
90 122 3
90 123 23
90 125 47
90 126 94
90 128 80
90 130 29
90 137 29
90 139 28
90 142 100
90 143 84
90 148 100
91 93 36
91 95 1
91 100 14
91 105 75
91 110 69
91 114 71
91 116 74
91 118 21
91 120 21
91 121 5
91 122 84
91 132 74
91 134 68
91 136 38
91 137 84
91 142 89
91 145 70
91 146 31
91 147 89
92 94 58
92 99 35
92 100 52
92 103 21
92 107 88
92 108 72
92 109 70
92 113 59
92 121 7
92 125 72
92 135 23
92 136 39
92 138 17
92 140 91
92 143 65
92 144 13
92 145 49
92 147 8
92 149 13
92 150 10
93 98 49
93 99 92
93 101 1
93 106 24
93 112 87
93 115 14
93 118 19
93 119 76
93 123 31
93 133 25
93 138 30
93 139 77
93 143 57
93 145 35
93 146 38
93 148 62
94 95 89
94 96 10
94 100 72
94 101 96
94 102 37
94 103 82
94 106 20
94 110 59
94 112 45
94 114 12
94 115 55
94 120 6
94 123 96
94 124 83
94 126 15
94 136 8
94 137 33
94 138 56
94 142 93
94 143 71
94 144 53
94 145 97
94 146 73
94 147 20
94 149 50
95 96 93
95 98 32
95 100 36
95 101 72
95 103 54
95 104 24
95 106 31
95 107 29
95 111 96
95 112 12
95 116 8
95 117 3
95 122 4
95 124 12
95 126 62
95 132 21
95 133 100
95 138 93
95 140 49
95 142 90
95 143 37
95 144 8
95 145 57
95 146 48
95 147 97
95 149 27
95 150 93
96 98 23
96 99 92
96 100 21
96 105 1
96 107 97
96 113 32
96 114 83
96 116 27
96 121 61
96 122 45
96 124 62
96 129 3
96 130 30
96 131 93
96 132 74
96 134 40
96 137 70
96 142 99
96 146 92
96 148 15
97 101 22
97 108 58
97 115 65
97 122 7
97 126 75
97 127 4
97 128 88
97 129 40
97 130 98
97 131 49
97 135 88
97 137 13
97 139 66
97 140 73
97 141 87
97 148 64
97 149 95
97 150 63
98 104 75
98 106 62
98 107 16
98 108 71
98 112 86
98 114 21
98 116 66
98 118 78
98 119 60
98 124 83
98 125 58
98 126 36
98 129 55
98 130 38
98 134 56
98 146 19
98 150 54
99 105 19
99 108 33
99 115 99
99 117 36
99 122 13
99 124 60
99 125 45
99 128 51
99 129 4
99 131 67
99 135 39
99 138 100
99 139 29
99 141 71
99 142 16
99 144 7
99 145 15
100 105 16
100 107 40
100 110 98
100 111 100
100 112 30
100 113 73
100 114 71
100 115 24
100 121 16
100 122 60
100 129 58
100 131 76
100 133 24
100 135 82
100 139 51
100 140 8
100 141 27
100 142 3
100 144 36
100 149 53
101 102 90
101 103 100
101 111 82
101 113 100
101 114 44
101 116 64
101 118 85
101 120 59
101 124 94
101 125 87
101 126 4
101 127 24
101 129 73
101 130 62
101 134 7
101 136 59
101 138 97
101 144 76
101 147 94
101 150 25
102 104 7
102 107 85
102 108 85
102 110 97
102 116 38
102 117 34
102 119 10
102 121 94
102 127 49
102 129 41
102 132 58
102 140 30
102 143 21
102 147 54
102 149 37
103 105 20
103 108 42
103 110 36
103 112 51
103 113 95
103 118 55
103 121 72
103 122 24
103 126 64
103 127 23
103 128 90
103 130 12
103 132 25
103 134 92
103 135 97
103 138 33
103 141 99
103 148 87
103 149 15
104 105 22
104 109 55
104 110 15
104 111 63
104 112 47
104 113 6
104 120 57
104 121 68
104 125 82
104 126 54
104 127 13
104 128 90
104 130 31
104 132 62
104 133 23
104 134 79
104 135 71
104 138 59
104 143 83
104 146 44
105 109 24
105 111 68
105 115 74
105 120 91
105 122 20
105 123 34
105 124 85
105 125 53
105 129 98
105 130 83
105 133 82
105 135 22
105 138 34
105 139 80
105 140 35
105 144 38
106 107 25
106 109 53
106 111 41
106 113 12
106 114 67
106 120 25
106 122 8
106 125 19
106 129 99
106 130 49
106 132 7
106 133 23
106 134 67
106 136 99
106 143 76
106 147 88
107 109 73
107 111 22
107 112 32
107 113 54
107 114 65
107 122 45
107 124 19
107 128 47
107 129 8
107 131 84
107 133 36
107 135 34
107 137 76
107 138 31
107 140 21
107 141 42
107 145 57
107 147 75
107 148 3
107 149 46
108 109 27
108 110 87
108 114 71
108 115 1
108 118 95
108 120 57
108 121 17
108 122 91
108 123 83
108 126 56
108 127 93
108 134 92
108 137 38
108 138 29
108 140 54
108 144 51
108 145 35
108 148 21
109 110 65
109 115 84
109 121 62
109 125 40
109 127 1
109 128 41
109 130 25
109 131 75
109 132 79
109 133 66
109 137 56
109 139 86
109 146 53
110 112 60
110 113 30
110 115 74
110 116 42
110 118 47
110 120 28
110 121 6
110 123 10
110 124 76
110 126 83
110 127 78
110 130 91
110 131 2
110 132 18
110 139 93
110 140 56
110 144 10
110 146 41
111 112 4
111 116 83
111 120 82
111 121 66
111 122 35
111 123 95
111 124 30
111 127 80
111 130 18
111 131 52
111 132 31
111 137 18
111 138 61
111 140 29
111 141 39
111 144 24
111 145 37
111 147 11
111 150 69
112 114 57
112 117 90
112 119 39
112 128 31
112 129 24
112 138 56
112 140 73
112 142 44
112 144 40
112 148 56
112 149 71
112 150 4
113 114 33
113 118 20
113 124 86
113 126 5
113 128 5
113 129 36
113 136 8
113 139 55
113 140 73
113 141 46
113 142 14
113 143 54
113 144 100
113 145 20
113 147 32
113 149 44
113 150 22
114 117 82
114 118 76
114 119 8
114 126 92
114 129 21
114 133 96
114 134 60
114 135 81
114 136 37
114 138 80
114 142 97
115 117 77
115 118 83
115 128 29
115 130 34
115 131 28
115 135 94
115 136 79
115 137 10
115 138 3
115 141 5
115 142 33
115 143 36
115 147 75
115 150 81
116 118 58
116 121 16
116 123 94
116 124 66
116 125 9
116 126 86
116 127 72
116 128 78
116 129 50
116 130 7
116 131 9
116 135 71
116 136 94
116 138 92
116 139 52
116 142 20
116 144 66
116 146 66
116 148 21
116 149 33
116 150 70
117 118 27
117 120 79
117 124 88
117 135 76
117 139 35
117 141 63
117 145 4
117 146 24
117 150 44
118 119 1
118 121 36
118 125 2
118 127 15
118 128 39
118 129 83
118 130 50
118 131 61
118 132 84
118 133 45
118 137 48
118 139 13
118 141 13
118 144 3
118 145 57
118 146 94
118 148 83
119 121 57
119 124 95
119 126 16
119 127 85
119 128 33
119 133 96
119 134 21
119 137 85
119 141 58
119 142 59
119 143 93
119 144 67
119 147 53
119 150 62
120 130 44
120 132 69
120 134 97
120 135 54
120 136 9
120 137 56
120 139 94
120 140 75
120 141 67
120 142 89
120 146 93
120 147 37
120 150 71
121 126 63
121 133 59
121 140 78
121 150 12
122 124 59
122 125 6
122 133 14
122 135 21
122 140 63
122 144 99
122 145 45
122 148 100
122 149 80
122 150 87
123 124 63
123 126 11
123 130 59
123 133 73
123 134 85
123 135 51
123 137 83
123 138 88
123 140 84
123 142 98
123 147 32
123 148 8
124 127 12
124 129 58
124 132 40
124 135 28
124 136 2
124 142 56
124 145 27
124 146 5
124 149 7
125 127 33
125 128 34
125 133 39
125 135 35
125 136 44
125 137 47
125 139 89
125 141 16
125 142 89
125 147 89
125 148 94
126 127 69
126 129 10
126 130 45
126 135 44
126 141 23
126 144 1
127 131 73
127 132 26
127 134 55
127 137 11
127 139 29
127 140 80
127 142 55
127 146 41
127 148 42
127 149 30
127 150 77
128 131 51
128 132 87
128 135 40
128 137 73
128 140 85
128 142 14
128 144 91
128 146 46
129 130 6
129 138 28
129 146 83
129 148 53
129 149 7
129 150 55
130 133 16
130 134 79
130 135 60
130 136 13
130 137 91
130 138 29
130 139 27
130 140 24
130 143 72
130 145 63
130 146 64
130 147 54
130 150 2
131 141 38
131 143 29
131 144 37
131 145 75
131 146 100
131 148 48
132 134 37
132 135 98
132 136 48
132 138 51
132 139 74
132 145 96
132 146 9
132 150 10
133 134 43
133 136 80
133 137 29
133 141 36
133 143 45
133 148 42
133 150 35
134 135 11
134 138 50
134 139 82
134 140 82
134 142 46
134 144 82
134 145 29
134 150 25
135 139 46
135 142 98
135 146 2
135 148 14
135 150 61
136 138 78
136 141 7
136 143 85
136 149 78
137 143 32
137 144 83
137 146 74
137 147 14
137 149 41
138 140 18
138 141 21
138 144 46
138 147 21
138 148 80
138 149 1
139 140 33
139 141 73
139 142 1
139 143 68
139 144 92
139 145 85
139 147 59
139 150 58
140 148 43
140 150 41
141 142 26
141 143 43
141 144 71
141 147 98
142 143 92
142 147 56
142 150 69
143 146 4
143 147 63
143 148 22
144 147 38
144 149 47
144 150 22
145 150 28
146 147 57
146 150 72
147 148 79
147 149 81
147 150 13
148 150 55
1 2 98
1 3 76
1 4 72
1 6 51
1 7 33
1 9 64
1 13 80
1 14 35
1 15 89
1 18 41
1 19 46
1 21 26
1 24 40
1 25 88
1 29 46
1 30 8
1 32 97
1 36 1
1 39 89
1 40 41
1 41 74
1 43 99
1 48 96
1 50 76
1 52 57
1 53 75
1 54 73
1 56 33
1 61 25
1 68 85
1 69 12
1 71 97
1 73 22
1 74 26
1 80 45
1 82 68
1 83 21
1 85 1
1 86 98
1 89 64
1 91 68
1 92 36
1 96 44
1 105 18
1 106 34
1 107 50
1 109 7
1 110 57
1 113 47
1 116 14
1 120 99
1 121 74
1 123 31
1 134 40
1 141 73
1 142 44
1 144 45
1 146 72
2 5 31
2 8 5
2 9 14
2 14 93
2 15 48
2 20 21
2 21 76
2 29 46
2 31 60
2 32 29
2 33 79
2 34 3
2 35 64
2 36 56
2 38 81
2 39 69
2 42 59
2 43 45
2 47 31
2 48 6
2 49 3
2 50 92
2 52 77
2 53 56
2 56 32
2 60 41
2 65 24
2 66 96
2 68 5
2 72 48
2 74 66
2 79 91
2 81 4
2 84 77
2 86 78
2 88 60
2 89 22
2 90 83
2 92 58
2 94 61
2 95 81
2 96 25
2 97 32
2 103 58
2 108 52
2 109 23
2 110 29
2 114 22
2 116 80
2 117 98
2 119 74
2 121 33
2 124 78
2 126 42
2 127 13
2 134 29
2 135 77
2 137 41
2 140 49
2 142 13
2 145 49
2 147 59
2 148 91
2 150 53
3 6 2
3 9 38
3 10 7
3 11 22
3 13 78
3 15 76
3 16 22
3 19 80
3 21 18
3 23 30
3 25 40
3 26 11
3 28 97
3 29 74
3 31 67
3 33 32
3 39 46
3 40 77
3 42 100
3 43 4
3 45 11
3 53 53
3 54 60
3 55 83
3 59 48
3 60 54
3 62 46
3 68 23
3 70 53
3 71 49
3 73 59
3 74 61
3 76 99
3 83 34
3 84 8
3 91 72
3 92 50
3 95 49
3 97 98
3 99 89
3 104 83
3 105 30
3 108 59
3 113 89
3 114 75
3 116 65
3 117 51
3 118 73
3 119 58
3 120 46
3 121 100
3 122 78
3 123 58
3 126 96
3 128 16
3 129 51
3 131 27
3 138 68
3 140 86
3 149 44
3 150 100
4 5 82
4 7 29
4 8 46
4 10 45
4 13 26
4 16 28
4 17 85
4 18 85
4 20 1
4 22 77
4 23 51
4 26 28
4 27 24
4 28 48
4 31 79
4 34 30
4 36 94
4 38 55
4 39 78
4 41 28
4 43 93
4 45 46
4 47 90
4 48 8
4 49 59
4 54 19
4 63 27
4 64 64
4 65 45
4 66 50
4 73 94
4 75 78
4 76 25
4 78 87
4 80 58
4 81 21
4 82 55
4 84 12
4 86 37
4 91 92
4 93 98
4 98 7
4 100 10
4 103 31
4 105 40
4 106 22
4 113 45
4 114 90
4 117 91
4 119 67
4 122 86
4 123 49
4 128 11
4 133 84
4 134 35
4 140 40
4 141 65
4 143 69
4 146 86
5 7 52
5 13 47
5 15 64
5 17 22
5 18 17
5 19 54
5 20 31
5 21 63
5 24 3
5 30 66
5 31 42
5 34 56
5 37 40
5 38 15
5 39 62
5 43 8
5 45 50
5 47 39
5 50 7
5 51 60
5 52 16
5 53 44
5 61 54
5 63 30
5 66 58
5 67 15
5 71 48
5 72 98
5 74 12
5 77 56
5 78 95
5 80 65
5 85 39
5 87 96
5 88 57
5 90 74
5 91 6
5 93 88
5 94 36
5 95 26
5 97 24
5 105 57
5 106 34
5 107 42
5 108 80
5 111 15
5 115 64
5 117 13
5 118 93
5 120 45
5 131 64
5 133 69
5 136 22
5 138 80
5 141 49
5 143 91
5 144 74
5 145 81
5 146 13
5 147 54
6 9 89
6 17 8
6 20 64
6 22 32
6 23 68
6 27 45
6 29 60
6 31 72
6 33 100
6 42 8
6 45 40
6 49 6
6 51 35
6 52 82
6 57 29
6 58 74
6 60 80
6 61 55
6 64 18
6 67 11
6 70 38
6 74 45
6 75 18
6 78 59
6 79 46
6 83 49
6 85 29
6 86 16
6 88 16
6 90 44
6 95 53
6 97 88
6 99 45
6 100 3
6 102 33
6 105 50
6 106 4
6 111 18
6 115 97
6 116 86
6 117 41
6 123 99
6 126 61
6 127 82
6 128 87
6 130 56
6 135 91
6 136 53
6 142 16
6 144 22
6 146 13
7 8 86
7 12 20
7 13 10
7 16 38
7 17 46
7 19 91
7 21 21
7 22 81
7 27 20
7 28 44
7 30 18
7 35 45
7 36 75
7 40 39
7 41 6
7 42 12
7 45 18
7 47 90
7 52 79
7 54 6
7 55 30
7 60 35
7 61 38
7 62 13
7 65 97
7 67 61
7 68 57
7 70 98
7 71 72
7 72 93
7 74 59
7 75 32
7 77 67
7 78 75
7 80 85
7 82 58
7 84 93
7 85 20
7 88 6
7 89 62
7 91 66
7 99 28
7 100 24
7 101 34
7 103 5
7 106 85
7 107 34
7 111 49
7 113 91
7 116 72
7 119 77
7 120 93
7 123 13
7 124 81
7 130 83
7 131 41
7 134 89
7 137 59
7 138 52
7 141 25
7 147 67
7 149 19
8 9 6
8 11 75
8 14 59
8 15 62
8 19 32
8 20 24
8 21 68
8 22 63
8 24 5
8 27 2
8 29 11
8 32 34
8 33 68
8 38 47
8 39 22
8 40 38
8 42 70
8 45 20
8 51 100
8 55 26
8 56 70
8 61 15
8 62 72
8 63 84
8 65 13
8 67 43
8 70 66
8 73 45
8 74 20
8 77 83
8 79 19
8 87 79
8 88 23
8 92 62
8 93 72
8 99 75
8 108 6
8 112 64
8 113 62
8 114 47
8 115 41
8 118 57
8 119 31
8 120 35
8 128 29
8 129 53
8 131 82
8 132 66
8 133 79
8 134 27
8 136 55
8 140 81
8 142 16
8 143 77
8 145 85
8 146 70
8 148 95
8 149 64
9 13 2
9 18 10
9 24 87
9 27 29
9 29 19
9 32 24
9 36 22
9 39 55
9 40 50
9 41 85
9 47 11
9 50 96
9 51 88
9 53 32
9 54 79
9 56 59
9 64 53
9 65 47
9 67 54
9 70 91
9 72 9
9 74 81
9 75 44
9 76 94
9 78 2
9 79 7
9 80 32
9 82 79
9 83 25
9 89 51
9 91 28
9 92 2
9 93 5
9 94 45
9 95 28
9 106 92
9 107 50
9 109 85
9 110 51
9 115 31
9 116 34
9 117 74
9 119 43
9 120 18
9 121 20
9 122 20
9 124 7
9 125 73
9 127 42
9 128 91
9 131 8
9 133 77
9 136 43
9 138 70
9 141 7
9 145 45
9 146 72
9 147 75
9 148 53
10 11 12
10 14 29
10 15 37
10 17 40
10 22 88
10 27 19
10 29 59
10 30 41
10 35 64
10 36 40
10 37 42
10 38 4
10 39 68
10 42 13
10 45 95
10 46 54
10 48 46
10 49 40
10 50 14
10 51 80
10 52 65
10 58 84
10 61 24
10 62 20
10 65 70
10 66 43
10 69 48
10 71 81
10 74 12
10 76 84
10 78 57
10 83 64
10 91 34
10 92 47
10 93 27
10 94 61
10 95 31
10 96 9
10 99 49
10 101 2
10 103 28
10 106 30
10 108 56
10 111 45
10 112 36
10 113 35
10 114 77
10 115 37
10 116 68
10 118 26
10 119 44
10 121 35
10 124 56
10 125 50
10 131 76
10 138 92
10 139 86
10 140 49
10 144 82
10 146 15
10 147 25
10 148 29
10 149 70
11 12 5
11 14 93
11 15 60
11 17 23
11 18 29
11 21 37
11 22 75
11 23 76
11 26 41
11 31 54
11 32 28
11 33 46
11 38 31
11 40 80
11 41 74
11 42 58
11 43 76
11 44 63
11 45 3
11 47 71
11 49 23
11 51 25
11 52 92
11 53 68
11 55 27
11 59 50
11 60 29
11 61 30
11 65 75
11 67 90
11 68 68
11 70 35
11 71 2
11 75 96
11 76 55
11 79 6
11 80 40
11 81 37
11 82 55
11 86 30
11 87 69
11 88 43
11 91 87
11 93 69
11 96 46
11 99 47
11 101 60
11 104 2
11 106 64
11 107 99
11 108 77
11 110 46
11 111 24
11 113 49
11 115 50
11 116 99
11 118 14
11 121 10
11 123 42
11 124 92
11 126 79
11 129 28
11 130 93
11 132 65
11 133 96
11 135 51
11 140 20
11 146 88
11 147 42
11 150 48
12 14 76
12 15 58
12 17 40
12 20 55
12 22 39
12 25 57
12 26 47
12 27 66
12 29 29
12 31 28
12 32 91
12 35 35
12 39 42
12 41 83
12 44 93
12 48 89
12 51 66
12 57 37
12 58 15
12 63 76
12 64 58
12 67 78
12 69 70
12 70 84
12 71 62
12 76 93
12 79 1
12 80 69
12 98 94
12 99 58
12 100 43
12 103 94
12 105 65
12 106 40
12 107 75
12 111 8
12 112 95
12 113 61
12 114 45
12 118 20
12 122 31
12 127 46
12 128 60
12 132 16
12 134 52
12 135 11
12 139 58
12 142 16
12 144 47
12 148 77
13 14 25
13 17 86
13 19 1
13 20 40
13 21 55
13 22 96
13 23 63
13 25 11
13 40 27
13 41 75
13 43 24
13 45 27
13 46 84
13 49 19
13 50 80
13 52 46
13 54 100
13 55 97
13 58 47
13 62 13
13 63 66
13 64 46
13 65 28
13 68 55
13 73 17
13 75 57
13 76 45
13 78 9
13 82 81
13 84 100
13 89 92
13 91 47
13 94 84
13 96 41
13 104 32
13 106 1
13 110 32
13 114 84
13 115 48
13 116 3
13 119 83
13 121 89
13 123 72
13 124 22
13 126 42
13 127 83
13 131 65
13 136 50
13 142 55
13 145 17
13 146 26
13 148 99
13 149 50
14 23 71
14 25 100
14 26 62
14 27 23
14 28 78
14 35 13
14 38 6
14 47 73
14 50 9
14 55 39
14 57 100
14 63 71
14 65 85
14 68 23
14 70 11
14 71 3
14 73 36
14 75 22
14 78 69
14 79 40
14 81 18
14 83 97
14 85 97
14 87 71
14 90 14
14 95 15
14 98 6
14 99 95
14 100 19
14 102 18
14 103 24
14 104 1
14 109 7
14 110 72
14 113 79
14 117 53
14 120 97
14 122 12
14 123 7
14 125 39
14 127 35
14 129 51
14 131 49
14 132 87
14 141 15
14 142 46
14 149 24
15 16 68
15 18 37
15 20 49
15 22 34
15 25 100
15 27 69
15 31 60
15 34 28
15 35 38
15 36 14
15 37 61
15 40 6
15 41 62
15 42 23
15 45 3
15 46 79
15 48 56
15 49 50
15 50 70
15 51 99
15 55 15
15 56 57
15 57 76
15 59 64
15 62 70
15 65 5
15 69 91
15 77 73
15 82 11
15 84 9
15 86 96
15 87 2
15 92 49
15 94 30
15 96 13
15 97 34
15 98 61
15 99 73
15 100 16
15 103 78
15 104 55
15 105 12
15 108 42
15 109 12
15 112 24
15 116 36
15 117 85
15 119 90
15 120 18
15 121 50
15 124 78
15 126 33
15 127 79
15 129 97
15 130 94
15 131 9
15 132 16
15 133 50
15 134 27
15 139 13
15 140 22
15 147 40
15 149 45
16 18 73
16 19 46
16 24 95
16 25 23
16 26 3
16 29 45
16 30 53
16 32 50
16 34 24
16 39 37
16 48 55
16 49 26
16 51 86
16 55 5
16 58 27
16 68 39
16 73 76
16 79 26
16 87 76
16 93 80
16 95 65
16 98 70
16 100 85
16 103 55
16 104 77
16 106 97
16 108 27
16 110 1
16 113 79
16 114 79
16 115 98
16 116 23
16 118 45
16 121 67
16 122 64
16 125 8
16 129 55
16 132 15
16 133 59
16 136 60
16 138 60
16 141 99
16 142 59
16 148 7
16 149 36
16 150 55
17 18 73
17 22 28
17 26 69
17 31 17
17 34 28
17 39 11
17 40 1
17 43 20
17 44 75
17 45 35
17 48 30
17 49 28
17 50 7
17 61 61
17 62 91
17 63 85
17 66 31
17 72 64
17 74 62
17 75 86
17 78 2
17 80 98
17 81 5
17 83 44
17 84 70
17 86 15
17 96 6
17 98 61
17 102 31
17 105 43
17 106 59
17 109 100
17 110 41
17 114 21
17 115 98
17 117 17
17 119 16
17 120 2
17 121 48
17 123 76
17 127 57
17 128 10
17 129 38
17 131 24
17 134 100
17 135 49
17 137 94
17 146 78
17 148 98
17 150 67
18 19 39
18 23 11
18 24 91
18 27 68
18 28 20
18 29 20
18 31 100
18 35 72
18 37 7
18 38 51
18 40 53
18 44 43
18 50 83
18 52 53
18 55 82
18 57 52
18 58 15
18 60 87
18 68 7
18 70 15
18 72 86
18 74 7
18 76 84
18 77 24
18 78 46
18 81 25
18 83 50
18 84 76
18 86 13
18 88 39
18 92 55
18 95 53
18 97 93
18 98 60
18 99 95
18 100 36
18 101 17
18 102 38
18 103 67
18 104 19
18 106 66
18 107 8
18 110 65
18 111 37
18 114 47
18 118 60
18 120 84
18 121 64
18 124 10
18 125 17
18 126 18
18 127 57
18 130 1
18 133 75
18 136 15
18 140 33
18 142 82
18 144 76
18 148 76
