150 10058 1
1 5 44
1 8 24
1 14 50
1 15 28
1 20 73
1 27 39
1 28 63
1 32 68
1 33 29
1 35 1
1 37 78
1 40 7
1 41 14
1 43 8
1 45 91
1 51 23
1 54 20
1 55 14
1 57 98
1 61 97
1 64 27
1 67 83
1 70 6
1 71 83
1 72 38
1 73 84
1 76 18
1 77 54
1 79 93
1 87 82
1 90 34
1 92 84
1 93 94
1 94 79
1 95 89
1 96 29
1 99 68
1 100 19
1 105 41
1 106 53
1 107 84
1 108 23
1 111 97
1 119 2
1 123 13
1 128 45
1 129 55
1 130 65
1 133 46
1 138 95
1 140 7
1 143 54
1 145 3
1 147 70
1 148 62
1 149 60
1 150 38
2 4 68
2 6 29
2 7 93
2 8 91
2 10 35
2 14 62
2 21 16
2 22 57
2 27 82
2 35 66
2 41 46
2 50 68
2 51 66
2 53 88
2 54 83
2 56 76
2 60 24
2 64 12
2 71 97
2 74 38
2 76 83
2 79 64
2 80 8
2 81 8
2 83 95
2 84 55
2 85 84
2 86 85
2 93 52
2 94 91
2 95 33
2 103 54
2 106 41
2 109 24
2 116 88
2 118 29
2 121 92
2 122 45
2 124 51
2 125 8
2 128 14
2 132 91
2 135 70
2 137 89
2 138 18
2 140 22
2 142 12
2 147 63
2 148 43
2 149 60
3 4 63
3 7 23
3 11 64
3 14 66
3 15 73
3 17 7
3 20 73
3 22 32
3 24 68
3 25 38
3 29 4
3 36 99
3 40 25
3 43 29
3 45 91
3 48 62
3 50 78
3 54 69
3 55 94
3 56 30
3 58 1
3 60 51
3 62 15
3 67 91
3 69 73
3 73 17
3 76 97
3 77 43
3 78 34
3 79 54
3 80 77
3 82 72
3 85 9
3 89 16
3 90 16
3 96 78
3 101 74
3 102 98
3 104 3
3 106 79
3 107 100
3 112 36
3 113 90
3 118 65
3 119 33
3 120 9
3 121 45
3 122 59
3 125 72
3 131 43
3 135 21
3 138 14
3 140 75
3 142 57
3 144 35
3 150 71
4 9 89
4 10 48
4 12 93
4 16 8
4 17 3
4 19 5
4 20 63
4 25 10
4 26 34
4 29 63
4 32 94
4 35 97
4 37 62
4 38 34
4 39 100
4 41 16
4 45 61
4 47 7
4 49 34
4 50 55
4 51 29
4 54 24
4 55 20
4 57 90
4 63 46
4 71 61
4 75 32
4 77 98
4 85 74
4 86 74
4 87 80
4 90 27
4 91 96
4 98 45
4 99 93
4 107 88
4 108 89
4 111 64
4 113 16
4 115 77
4 116 56
4 117 62
4 118 7
4 121 20
4 122 75
4 127 70
4 128 3
4 130 3
4 134 34
4 135 67
4 138 85
4 139 59
4 140 98
4 142 10
4 149 83
4 150 37
5 6 51
5 10 35
5 13 36
5 15 100
5 16 20
5 21 35
5 23 71
5 27 86
5 28 46
5 29 46
5 32 12
5 35 40
5 37 50
5 38 34
5 40 58
5 42 50
5 43 96
5 47 82
5 50 89
5 53 16
5 54 8
5 55 65
5 57 56
5 60 50
5 61 58
5 63 42
5 66 17
5 70 51
5 73 27
5 77 17
5 79 50
5 80 88
5 81 56
5 83 19
5 86 67
5 88 52
5 89 26
5 95 63
5 100 27
5 101 64
5 105 15
5 106 45
5 109 1
5 111 11
5 112 30
5 113 83
5 116 9
5 117 22
5 118 64
5 119 30
5 120 26
5 125 49
5 126 28
5 130 43
5 142 38
5 143 86
5 145 63
5 146 73
5 148 60
6 11 94
6 14 25
6 20 40
6 21 27
6 22 31
6 24 48
6 25 66
6 27 67
6 28 69
6 29 35
6 33 29
6 34 78
6 36 55
6 38 82
6 40 45
6 41 17
6 49 66
6 56 46
6 59 75
6 60 49
6 63 23
6 64 94
6 68 68
6 70 27
6 71 17
6 74 96
6 77 9
6 79 82
6 80 21
6 82 61
6 84 69
6 87 9
6 88 25
6 89 12
6 93 16
6 95 92
6 98 51
6 103 15
6 104 83
6 105 37
6 108 59
6 110 61
6 112 13
6 113 74
6 122 84
6 123 94
6 125 23
6 126 74
6 129 52
6 130 60
6 141 36
6 142 68
6 143 44
6 144 1
6 145 62
6 146 81
6 149 4
7 9 87
7 11 31
7 12 57
7 14 91
7 16 94
7 17 67
7 19 41
7 20 49
7 21 31
7 22 79
7 27 93
7 29 65
7 32 47
7 36 46
7 39 31
7 45 52
7 49 52
7 51 23
7 58 5
7 59 43
7 63 17
7 70 80
7 73 95
7 74 28
7 77 24
7 79 82
7 82 74
7 93 95
7 94 41
7 97 26
7 99 89
7 102 7
7 108 29
7 111 5
7 122 36
7 127 79
7 128 83
7 129 50
7 130 50
7 133 88
7 135 30
7 136 30
7 137 61
7 140 29
7 141 11
7 143 2
7 144 19
7 146 18
7 149 24
8 9 98
8 11 53
8 12 2
8 13 72
8 18 46
8 19 35
8 23 87
8 26 47
8 27 99
8 29 98
8 32 43
8 33 83
8 34 11
8 45 20
8 46 90
8 50 75
8 52 53
8 55 97
8 59 45
8 62 3
8 64 79
8 65 9
8 71 60
8 72 96
8 76 85
8 78 53
8 82 68
8 84 82
8 85 52
8 86 62
8 88 18
8 96 63
8 101 59
8 104 50
8 105 64
8 107 23
8 109 60
8 113 61
8 114 20
8 116 23
8 119 8
8 120 29
8 123 9
8 124 9
8 126 30
8 127 12
8 128 25
8 132 88
8 133 11
8 135 26
8 136 29
8 142 51
8 143 34
8 144 2
8 145 29
8 150 38
9 10 28
9 11 14
9 12 81
9 13 16
9 21 90
9 23 77
9 27 23
9 28 99
9 31 68
9 32 87
9 33 47
9 37 57
9 39 41
9 43 21
9 45 10
9 46 74
9 47 11
9 49 55
9 50 83
9 53 70
9 57 31
9 59 75
9 60 16
9 61 59
9 62 22
9 68 9
9 70 58
9 72 74
9 78 86
9 79 89
9 82 46
9 88 41
9 89 68
9 90 59
9 91 46
9 102 49
9 103 85
9 105 55
9 106 57
9 113 49
9 116 57
9 119 55
9 120 39
9 123 99
9 124 56
9 126 43
9 130 1
9 132 25
9 133 35
9 134 43
9 136 97
9 140 62
9 142 25
9 144 77
10 16 52
10 19 5
10 24 60
10 27 85
10 44 89
10 46 87
10 47 84
10 49 64
10 57 17
10 58 75
10 59 59
10 60 19
10 65 48
10 67 34
10 68 31
10 75 25
10 76 49
10 78 22
10 82 87
10 83 81
10 84 52
10 87 32
10 88 41
10 89 37
10 90 44
10 97 31
10 98 72
10 99 41
10 100 15
10 103 78
10 104 99
10 105 68
10 106 34
10 107 26
10 113 51
10 114 97
10 119 31
10 121 65
10 122 82
10 125 91
10 126 87
10 127 95
10 128 4
10 131 55
10 134 31
10 139 83
10 142 98
10 143 69
10 145 42
10 146 10
10 149 54
11 14 94
11 15 2
11 19 28
11 21 42
11 23 50
11 24 31
11 25 10
11 29 97
11 30 68
11 31 3
11 32 49
11 37 55
11 38 6
11 39 13
11 40 56
11 41 83
11 42 11
11 44 41
11 45 7
11 48 95
11 49 95
11 55 1
11 59 10
11 61 26
11 66 73
11 67 82
11 71 1
11 78 30
11 80 69
11 83 81
11 84 7
11 86 1
11 88 82
11 89 63
11 90 46
11 93 49
11 96 60
11 98 47
11 99 74
11 100 53
11 101 81
11 105 70
11 106 69
11 108 20
11 110 84
11 112 2
11 116 33
11 117 36
11 118 22
11 119 14
11 123 36
11 124 13
11 125 32
11 127 27
11 130 51
11 132 74
11 133 73
11 134 18
11 135 40
11 136 47
11 140 4
11 141 32
11 142 48
11 144 96
11 145 70
11 146 27
11 147 24
11 149 50
12 19 66
12 20 62
12 23 73
12 24 18
12 27 95
12 30 81
12 31 62
12 32 72
12 33 6
12 35 44
12 38 89
12 39 29
12 50 57
12 51 65
12 54 53
12 58 25
12 63 58
12 64 61
12 68 40
12 69 65
12 79 40
12 80 21
12 81 37
12 84 28
12 88 84
12 89 28
12 91 25
12 92 81
12 93 24
12 96 61
12 97 13
12 99 10
12 101 50
12 103 1
12 104 13
12 105 96
12 107 88
12 110 47
12 112 98
12 115 37
12 116 91
12 117 34
12 118 85
12 119 60
12 120 18
12 124 93
12 126 66
12 128 31
12 129 43
12 131 66
12 132 81
12 135 7
12 137 87
12 139 32
12 140 90
12 142 26
12 143 91
12 144 75
12 145 2
12 147 16
12 150 98
13 15 78
13 19 75
13 20 43
13 22 94
13 23 61
13 24 68
13 25 66
13 26 31
13 27 63
13 29 55
13 38 99
13 40 37
13 45 50
13 46 11
13 47 8
13 51 54
13 61 49
13 62 84
13 63 33
13 64 73
13 70 69
13 73 31
13 74 59
13 84 66
13 86 81
13 92 80
13 95 76
13 101 6
13 102 92
13 103 95
13 104 91
13 106 77
13 107 100
13 109 68
13 112 38
13 113 45
13 114 73
13 120 22
13 126 6
13 132 58
13 135 46
13 136 32
13 137 91
13 141 85
13 142 74
13 143 8
13 145 23
13 148 11
13 149 27
14 15 48
14 17 28
14 18 77
14 21 96
14 22 18
14 24 34
14 26 37
14 30 33
14 33 18
14 35 67
14 37 60
14 38 72
14 40 52
14 41 57
14 45 99
14 50 49
14 57 34
14 60 47
14 61 16
14 62 24
14 63 55
14 65 59
14 66 96
14 68 44
14 74 73
14 78 93
14 86 96
14 87 12
14 88 51
14 91 22
14 92 42
14 95 40
14 96 38
14 99 83
14 100 41
14 101 47
14 102 85
14 103 26
14 106 13
14 108 85
14 112 32
14 113 24
14 115 53
14 122 48
14 125 60
14 126 23
14 133 51
14 135 87
14 137 93
14 140 84
14 142 50
14 144 11
14 149 81
14 150 80
15 18 15
15 19 70
15 22 53
15 28 82
15 29 73
15 35 100
15 38 24
15 42 24
15 45 87
15 47 5
15 48 43
15 49 28
15 50 97
15 55 78
15 57 47
15 59 63
15 64 17
15 66 64
15 67 80
15 69 94
15 74 17
15 81 66
15 82 64
15 83 91
15 85 94
15 86 28
15 87 27
15 90 28
15 95 63
15 99 40
15 100 62
15 101 45
15 104 76
15 107 17
15 108 63
15 109 6
15 119 33
15 121 1
15 124 71
15 128 32
15 129 82
15 131 96
15 138 26
15 141 76
15 147 21
15 148 39
15 150 77
16 17 18
16 25 72
16 26 36
16 31 69
16 32 29
16 35 87
16 37 14
16 39 9
16 48 14
16 49 67
16 50 44
16 51 32
16 52 6
16 55 12
16 56 54
16 58 35
16 61 68
16 67 88
16 68 61
16 69 100
16 72 39
16 73 75
16 75 17
16 76 87
16 78 61
16 79 6
16 81 52
16 82 15
16 86 22
16 87 76
16 89 6
16 96 15
16 100 21
16 102 46
16 105 22
16 109 60
16 113 60
16 114 71
16 116 58
16 118 25
16 119 60
16 120 49
16 122 71
16 123 57
16 125 37
16 126 67
16 128 100
16 130 53
16 132 82
16 138 51
16 139 90
16 141 42
16 142 61
16 145 26
16 147 12
17 19 70
17 21 51
17 25 76
17 26 78
17 29 23
17 31 32
17 32 28
17 33 13
17 39 59
17 40 65
17 42 37
17 45 39
17 46 23
17 48 20
17 50 54
17 51 11
17 52 27
17 55 18
17 58 12
17 59 5
17 61 86
17 64 58
17 65 15
17 67 89
17 69 96
17 71 46
17 72 73
17 74 39
17 77 100
17 78 20
17 80 8
17 82 59
17 84 19
17 85 1
17 88 75
17 89 37
17 92 65
17 96 74
17 99 75
17 100 34
17 101 78
17 104 63
17 107 2
17 111 96
17 113 29
17 114 51
17 116 46
17 119 55
17 122 13
17 123 95
17 127 3
17 128 77
17 131 52
17 132 82
17 138 71
17 140 50
17 141 49
17 142 17
17 144 18
17 145 51
17 149 71
18 21 88
18 24 8
18 26 4
18 29 20
18 30 84
18 34 75
18 35 58
18 36 10
18 39 44
18 41 6
18 42 12
18 45 51
18 46 77
18 51 74
18 52 54
18 54 93
18 55 52
18 56 98
18 58 24
18 59 35
18 60 56
18 64 17
18 67 36
18 69 33
18 75 17
18 76 15
18 81 88
18 82 4
18 84 15
18 86 49
18 89 31
18 90 34
18 91 98
18 93 28
18 95 30
18 99 16
18 100 29
18 104 69
18 107 93
18 108 45
18 110 71
18 112 11
18 115 46
18 117 33
18 119 94
18 121 86
18 122 46
18 125 54
18 129 3
18 131 77
18 132 19
18 135 38
18 140 25
18 142 79
18 143 41
18 147 15
18 148 12
19 20 71
19 24 89
19 25 44
19 27 8
19 30 29
19 32 25
19 33 7
19 36 34
19 40 4
19 41 88
19 44 76
19 49 67
19 54 59
19 55 80
19 59 33
19 61 49
19 62 78
19 63 47
19 66 79
19 68 29
19 71 14
19 75 45
19 79 8
19 81 22
19 85 35
19 86 95
19 89 43
19 93 23
19 95 84
19 97 52
19 98 63
19 99 97
19 100 41
19 104 94
19 108 45
19 109 69
19 110 58
19 114 51
19 116 10
19 117 76
19 118 66
19 119 7
19 121 3
19 123 77
19 126 2
19 127 61
19 128 73
19 129 55
19 134 29
19 135 17
19 137 23
19 139 99
19 148 17
20 25 76
20 26 38
20 27 39
20 30 23
20 36 78
20 41 73
20 46 67
20 55 70
20 56 49
20 60 48
20 63 23
20 64 2
20 67 12
20 68 96
20 70 30
20 71 18
20 75 17
20 76 2
20 77 30
20 81 4
20 82 97
20 84 98
20 86 58
20 94 29
20 99 58
20 105 52
20 112 68
20 114 30
20 115 85
20 122 47
20 124 88
20 125 20
20 129 77
20 131 47
20 133 37
20 134 99
20 136 4
20 137 8
20 145 24
20 146 5
20 148 55
20 150 79
21 26 19
21 29 29
21 32 4
21 34 89
21 38 30
21 41 57
21 42 5
21 43 23
21 46 15
21 50 1
21 53 35
21 56 73
21 57 55
21 62 52
21 64 20
21 67 70
21 69 9
21 71 20
21 72 8
21 73 46
21 76 44
21 82 53
21 84 95
21 85 92
21 87 49
21 89 25
21 91 58
21 93 28
21 94 15
21 95 17
21 99 97
21 100 23
21 101 18
21 107 17
21 108 78
21 110 30
21 111 77
21 115 41
21 119 5
21 122 16
21 125 51
21 126 45
21 127 90
21 128 95
21 137 86
21 138 68
21 139 92
21 140 87
21 143 15
21 146 59
22 28 54
22 30 63
22 32 71
22 33 31
22 42 43
22 43 52
22 44 9
22 46 11
22 50 49
22 52 10
22 53 61
22 55 1
22 56 19
22 57 94
22 59 54
22 62 14
22 63 8
22 65 60
22 66 32
22 69 56
22 70 66
22 73 71
22 75 5
22 78 53
22 79 39
22 81 72
22 85 58
22 89 19
22 91 96
22 94 22
22 95 33
22 96 11
22 98 90
22 103 42
22 104 4
22 108 14
22 111 31
22 113 82
22 115 85
22 117 1
22 122 4
22 125 60
22 126 83
22 127 66
22 128 32
22 131 57
22 132 22
22 133 13
22 136 60
22 139 67
22 141 35
22 142 11
22 147 26
22 148 63
23 24 21
23 26 43
23 28 12
23 30 52
23 31 12
23 32 57
23 33 72
23 37 21
23 38 47
23 41 80
23 44 35
23 46 64
23 47 84
23 49 16
23 51 73
23 52 4
23 58 43
23 59 40
23 61 76
23 63 36
23 70 41
23 73 87
23 79 39
23 82 97
23 83 75
23 86 56
23 94 25
23 95 95
23 100 42
23 101 97
23 102 66
23 106 50
23 107 16
23 108 53
23 110 63
23 111 57
23 112 89
23 114 30
23 117 14
23 119 22
23 122 7
23 123 8
23 124 92
23 125 26
23 130 17
23 134 63
23 136 86
23 138 2
23 139 34
23 141 65
23 147 29
23 150 16
24 25 94
24 28 90
24 29 44
24 32 23
24 34 99
24 35 92
24 37 16
24 38 71
24 39 65
24 40 76
24 42 90
24 44 86
24 47 65
24 50 36
24 51 42
24 52 69
24 53 55
24 56 45
24 58 43
24 59 24
24 62 39
24 70 12
24 71 37
24 74 58
24 78 47
24 80 47
24 84 68
24 85 33
24 89 82
24 90 34
24 92 64
24 96 2
24 97 4
24 101 49
24 107 38
24 108 2
24 109 31
24 111 57
24 115 100
24 117 61
24 118 19
24 120 19
24 121 80
24 123 43
24 124 84
24 125 45
24 128 11
24 132 64
24 136 28
24 137 49
24 142 2
24 144 74
24 146 10
24 148 64
25 31 72
25 33 81
25 35 100
25 37 13
25 43 76
25 44 64
25 45 5
25 46 53
25 49 46
25 52 15
25 55 13
25 57 76
25 61 92
25 63 92
25 64 69
25 65 85
25 67 96
25 70 89
25 72 41
25 73 94
25 74 55
25 76 2
25 79 31
25 80 66
25 82 6
25 85 71
25 91 33
25 93 9
25 97 76
25 98 76
25 101 32
25 102 23
25 103 78
25 106 48
25 108 66
25 109 69
25 111 96
25 117 98
25 121 63
25 122 9
25 123 57
25 124 22
25 125 32
25 127 41
25 130 38
25 131 89
25 134 23
25 145 57
25 150 88
26 28 13
26 29 80
26 30 71
26 35 84
26 43 79
26 45 38
26 49 82
26 50 20
26 51 69
26 52 59
26 53 3
26 56 65
26 57 68
26 60 93
26 61 87
26 63 56
26 64 74
26 65 23
26 71 23
26 72 9
26 73 100
26 74 27
26 81 5
26 82 78
26 85 95
26 86 10
26 88 70
26 89 65
26 90 44
26 91 89
26 93 93
26 100 65
26 101 93
26 103 53
26 104 7
26 105 2
26 106 17
26 107 80
26 108 2
26 109 14
26 113 51
26 116 50
26 117 71
26 120 40
26 124 23
26 125 11
26 126 50
26 127 79
26 129 100
26 132 3
26 133 34
26 134 69
26 135 52
26 136 45
26 138 89
26 139 19
26 140 10
26 141 8
26 143 21
26 146 19
26 149 53
27 30 61
27 34 100
27 35 49
27 41 59
27 45 9
27 46 83
27 47 4
27 48 9
27 52 26
27 54 75
27 56 13
27 58 57
27 59 93
27 60 61
27 61 77
27 62 74
27 63 88
27 66 72
27 70 93
27 71 31
27 76 97
27 80 7
27 83 64
27 85 63
27 90 16
27 91 64
27 93 81
27 95 63
27 96 9
27 99 28
27 101 100
27 102 40
27 104 63
27 106 34
27 107 69
27 114 95
27 117 7
27 119 77
27 120 97
27 124 64
27 126 34
27 128 2
27 129 89
27 131 71
27 136 10
27 137 20
27 139 12
27 141 16
27 142 98
27 147 68
27 148 84
27 149 27
27 150 91
28 35 87
28 36 85
28 37 99
28 38 60
28 40 35
28 42 23
28 43 65
28 44 29
28 48 46
28 52 48
28 55 30
28 56 86
28 57 96
28 59 77
28 61 39
28 65 82
28 68 45
28 72 30
28 73 95
28 74 58
28 75 64
28 76 28
28 80 77
28 83 30
28 85 29
28 86 86
28 89 35
28 91 57
28 96 44
28 99 76
28 102 73
28 105 5
28 106 50
28 110 72
28 111 48
28 113 70
28 115 92
28 116 37
28 118 33
28 125 30
28 126 29
28 128 47
28 129 66
28 134 79
28 139 78
28 140 6
28 143 70
28 145 36
28 146 41
28 149 68
28 150 54
29 30 14
29 31 80
29 32 21
29 33 57
29 35 55
29 39 34
29 40 85
29 43 70
29 47 6
29 48 70
29 50 78
29 52 58
29 56 60
29 57 91
29 60 36
29 61 59
29 62 55
29 64 89
29 67 79
29 71 47
29 72 15
29 78 16
29 82 28
29 85 58
29 89 10
29 90 6
29 91 54
29 93 49
29 100 89
29 101 56
29 102 16
29 105 45
29 107 44
29 113 54
29 116 35
29 117 98
29 118 77
29 122 58
29 127 34
29 129 10
29 130 44
29 133 54
29 136 41
29 137 53
29 139 7
29 141 30
29 144 15
29 145 64
29 148 9
29 149 34
30 32 25
30 33 87
30 37 23
30 40 65
30 41 66
30 42 96
30 44 41
30 45 7
30 46 22
30 48 16
30 52 76
30 54 54
30 56 93
30 57 5
30 58 13
30 59 1
30 64 43
30 65 23
30 66 33
30 71 53
30 72 41
30 75 33
30 78 92
30 80 84
30 81 95
30 82 82
30 84 6
30 86 51
30 87 42
30 88 93
30 90 75
30 92 68
30 93 97
30 95 7
30 97 55
30 100 56
30 104 90
30 107 55
30 109 95
30 110 21
30 111 30
30 112 72
30 115 94
30 116 99
30 117 74
30 119 48
30 120 16
30 125 5
30 130 5
30 131 31
30 133 25
30 135 97
30 136 6
30 143 56
30 144 79
30 145 86
30 146 85
30 148 87
30 149 85
31 33 92
31 35 64
31 36 32
31 38 29
31 39 16
31 40 24
31 42 32
31 44 3
31 45 61
31 46 35
31 49 79
31 53 35
31 56 38
31 57 96
31 65 83
31 66 90
31 68 38
31 71 45
31 73 11
31 74 52
31 75 12
31 77 88
31 78 35
31 81 64
31 82 60
31 84 5
31 91 56
31 93 60
31 94 86
31 96 43
31 97 10
31 98 57
31 100 18
31 102 68
31 103 79
31 104 87
31 105 3
31 106 69
31 108 92
31 111 36
31 114 83
31 120 87
31 129 20
31 131 26
31 132 31
31 133 8
31 134 2
31 135 76
31 136 78
31 137 83
31 140 58
31 142 70
31 143 54
31 146 55
31 148 21
31 149 45
31 150 21
32 34 82
32 36 77
32 39 82
32 41 7
32 42 84
32 49 99
32 50 31
32 51 10
32 55 100
32 60 78
32 65 83
32 68 11
32 69 35
32 70 78
32 72 44
32 73 28
32 74 46
32 75 63
32 77 65
32 79 14
32 80 21
32 81 46
32 82 12
32 83 19
32 85 85
32 86 93
32 88 68
32 90 38
32 92 80
32 94 87
32 95 94
32 96 90
32 97 3
32 100 90
32 107 4
32 108 91
32 111 13
32 112 69
32 121 55
32 124 83
32 126 27
32 127 88
32 130 36
32 133 67
32 137 2
32 140 16
32 142 66
32 144 85
32 145 55
32 149 74
33 34 64
33 36 37
33 37 62
33 40 29
33 43 25
33 45 52
33 49 42
33 52 69
33 53 20
33 56 42
33 57 37
33 63 57
33 67 68
33 69 79
33 70 7
33 71 53
33 72 23
33 75 20
33 79 83
33 83 63
33 93 4
33 95 65
33 97 78
33 102 14
33 108 53
33 110 34
33 114 30
33 115 59
33 117 23
33 118 20
33 120 18
33 121 26
33 122 73
33 123 42
33 129 93
33 130 24
33 133 9
33 135 66
33 140 42
33 141 19
33 142 60
33 143 23
33 145 66
33 149 89
33 150 70
34 35 73
34 38 26
34 41 39
34 47 4
34 49 98
34 50 69
34 51 18
34 53 75
34 54 82
34 55 22
34 63 37
34 66 60
34 67 36
34 68 43
34 73 34
34 75 34
34 80 13
34 83 77
34 90 30
34 91 95
34 92 64
34 96 87
34 97 69
34 101 13
34 103 25
34 105 17
34 112 68
34 114 9
34 115 94
34 117 49
34 118 20
34 120 60
34 121 7
34 123 2
34 126 99
34 128 92
34 130 10
34 131 18
34 132 39
34 133 72
34 134 87
34 141 83
34 143 41
34 144 40
34 145 27
34 146 61
34 149 2
35 36 90
35 38 42
35 39 35
35 42 86
35 43 86
35 45 14
35 47 64
35 49 50
35 51 59
35 53 90
35 60 32
35 62 77
35 63 60
35 66 47
35 77 61
35 81 55
35 87 35
35 89 35
35 92 48
35 94 48
35 95 56
35 97 7
35 102 43
35 103 99
35 107 77
35 109 96
35 110 84
35 111 21
35 117 69
35 118 94
35 125 11
35 129 88
35 132 51
35 134 64
35 136 67
35 137 21
35 138 59
35 149 57
35 150 37
36 37 93
36 40 94
36 41 98
36 48 93
36 50 88
36 57 51
36 59 44
36 60 45
36 61 94
36 62 21
36 63 16
36 64 33
36 66 58
36 68 24
36 71 32
36 73 85
36 74 23
36 76 89
36 77 19
36 78 55
36 79 75
36 83 21
36 84 76
36 87 18
36 89 3
36 90 27
36 97 28
36 99 94
36 105 58
36 106 9
36 107 75
36 109 84
36 110 59
36 114 92
36 117 5
36 119 9
36 121 91
36 123 63
36 124 100
36 131 73
36 135 55
36 137 38
36 146 66
36 149 80
37 39 87
37 42 2
37 43 81
37 45 96
37 47 16
37 50 88
37 55 23
37 56 88
37 67 35
37 70 47
37 72 84
37 75 32
37 76 54
37 78 78
37 80 60
37 81 79
37 83 26
37 84 17
37 85 96
37 86 53
37 87 87
37 91 97
37 92 74
37 95 65
37 96 30
37 97 13
37 100 73
37 101 17
37 103 67
37 106 83
37 107 11
37 110 82
37 113 46
37 114 7
37 115 56
37 117 55
37 120 8
37 122 77
37 124 91
37 127 59
37 140 20
37 146 32
37 147 21
38 40 86
38 44 33
38 45 12
38 47 71
38 48 17
38 49 79
38 50 26
38 52 82
38 53 81
38 59 26
38 64 36
38 65 61
38 69 47
38 73 57
38 79 11
38 80 97
38 86 42
38 87 40
38 89 5
38 93 94
38 94 60
38 97 47
38 100 35
38 101 26
38 103 92
38 104 27
38 107 96
38 111 72
38 112 8
38 114 23
38 115 81
38 116 51
38 117 19
38 118 13
38 119 19
38 120 72
38 121 39
38 125 79
38 126 55
38 128 9
38 134 29
38 138 24
38 142 42
38 148 79
38 149 50
39 45 80
39 47 42
39 49 54
39 52 36
39 55 64
39 56 77
39 57 49
39 58 49
39 60 84
39 64 38
39 65 11
39 67 53
39 68 21
39 73 71
39 78 40
39 80 58
39 81 36
39 82 45
39 85 25
39 87 43
39 92 99
39 93 28
39 94 42
39 96 7
39 100 35
39 101 60
39 102 98
39 103 77
39 104 94
39 105 63
39 106 17
39 107 73
39 108 82
39 110 43
39 112 68
39 113 90
39 115 31
39 116 6
39 120 55
39 123 58
39 129 45
39 131 8
39 134 65
39 135 43
39 136 85
39 137 26
39 138 62
39 141 54
39 142 25
39 144 96
39 146 91
39 147 35
39 149 42
40 42 15
40 44 30
40 45 94
40 47 14
40 48 78
40 50 81
40 55 4
40 56 97
40 58 95
40 59 55
40 60 86
40 64 37
40 69 74
40 70 96
40 74 66
40 76 25
40 77 74
40 80 37
40 83 37
40 84 34
40 89 16
40 90 80
40 93 81
40 94 37
40 97 78
40 102 56
40 103 96
40 104 31
40 105 60
40 106 53
40 107 2
40 109 17
40 111 91
40 112 97
40 113 10
40 116 6
40 121 14
40 124 14
40 126 24
40 129 5
40 133 88
40 134 98
40 142 38
40 144 46
40 146 14
40 150 100
41 42 53
41 44 16
41 46 83
41 51 91
41 53 23
41 54 94
41 55 99
41 58 98
41 60 69
41 62 99
41 63 14
41 64 32
41 65 52
41 66 67
41 67 28
41 69 37
41 72 39
41 74 37
41 78 52
41 80 98
41 82 30
41 84 23
41 86 64
41 87 20
41 90 77
41 91 4
41 98 7
41 99 68
41 101 50
41 102 73
41 107 32
41 109 61
41 112 7
41 113 91
41 114 67
41 115 78
41 121 64
41 122 87
41 125 72
41 131 12
41 138 75
41 140 22
41 143 66
41 144 70
42 50 48
42 58 83
42 60 51
42 64 79
42 65 96
42 66 52
42 67 8
42 68 63
42 76 84
42 78 44
42 80 19
42 81 18
42 88 37
42 90 3
42 93 7
42 96 23
42 97 33
42 98 5
42 99 3
42 100 2
42 102 30
42 103 74
42 105 22
42 107 60
42 108 85
42 111 5
42 112 60
42 114 55
42 122 55
42 126 21
42 129 62
42 134 38
42 137 2
42 139 38
42 142 22
42 146 74
42 147 64
42 149 94
42 150 77
43 48 9
43 49 97
43 50 35
43 51 80
43 52 92
43 55 44
43 57 28
43 59 33
43 60 36
43 66 13
43 73 6
43 74 82
43 75 56
43 76 34
43 84 94
43 86 80
43 87 97
43 89 57
43 90 39
43 101 94
43 102 44
43 104 24
43 107 10
43 108 90
43 113 58
43 116 65
43 117 91
43 124 20
43 125 49
43 128 6
43 129 17
43 130 34
43 131 3
43 132 8
43 134 39
43 135 37
43 137 59
43 140 64
43 141 24
43 142 32
43 143 33
43 144 99
43 147 42
43 150 15
44 46 70
44 47 83
44 49 92
44 53 68
44 59 74
44 60 92
44 62 34
44 63 37
44 65 15
44 66 43
44 68 37
44 70 5
44 73 63
44 75 90
44 77 38
44 78 72
44 80 13
44 81 53
44 82 59
44 85 47
44 90 82
44 93 100
44 96 19
44 97 100
44 105 83
44 106 44
44 107 56
44 118 12
44 127 49
44 134 11
44 135 36
44 136 46
44 137 29
44 138 36
44 142 70
44 143 41
44 147 45
45 48 81
45 50 86
45 53 82
45 56 11
45 60 82
45 62 46
45 65 93
45 68 82
45 74 20
45 75 29
45 80 21
45 81 80
45 88 69
45 89 69
45 91 55
45 92 92
45 94 92
45 97 79
45 99 47
45 101 46
45 103 62
45 104 90
45 105 56
45 106 68
45 108 29
45 109 67
45 110 12
45 113 3
45 116 37
45 118 91
45 119 12
45 128 93
45 129 32
45 130 11
45 131 74
45 132 34
45 133 85
45 134 29
45 136 63
45 141 47
45 146 58
45 147 51
45 150 76
46 50 38
46 51 100
46 54 7
46 55 21
46 57 55
46 60 50
46 62 56
46 64 40
46 68 73
46 71 23
46 73 28
46 74 27
46 83 95
46 85 47
46 91 59
46 104 25
46 105 11
46 106 46
46 107 87
46 108 8
46 113 70
46 116 54
46 117 15
46 121 83
46 126 2
46 127 99
46 128 82
46 129 39
46 132 4
46 133 100
46 138 86
46 147 29
46 148 32
47 48 13
47 49 26
47 60 96
47 61 95
47 63 68
47 66 35
47 67 58
47 68 3
47 72 62
47 75 45
47 79 76
47 83 99
47 85 47
47 86 80
47 95 23
47 96 6
47 98 12
47 99 24
47 102 40
47 103 96
47 105 75
47 106 41
47 107 8
47 110 30
47 111 36
47 117 72
47 121 18
47 124 45
47 125 99
47 126 93
47 127 79
47 129 14
47 130 70
47 132 18
47 142 7
47 146 60
47 147 55
47 148 31
48 50 22
48 51 33
48 52 29
48 53 13
48 55 77
48 56 30
48 64 39
48 65 53
48 69 81
48 70 22
48 71 34
48 75 66
48 76 55
48 77 8
48 78 32
48 79 40
48 80 87
48 88 28
48 94 31
48 95 68
48 96 67
48 97 86
48 98 49
48 99 96
48 100 49
48 101 60
48 102 100
48 103 74
48 105 14
48 106 79
48 107 81
48 109 37
48 112 58
48 113 64
48 120 91
48 125 44
48 126 77
48 127 67
48 132 49
48 135 5
48 138 40
48 139 65
48 143 71
48 144 48
48 146 44
48 148 69
49 50 58
49 52 94
49 53 88
49 54 1
49 57 38
49 59 30
49 62 82
49 64 30
49 66 32
49 67 64
49 70 26
49 71 36
49 72 60
49 74 86
49 76 46
49 78 89
49 80 93
49 82 76
49 83 83
49 86 92
49 88 7
49 92 37
49 93 55
49 97 64
49 100 20
49 102 90
49 105 51
49 112 50
49 113 87
49 114 90
49 116 31
49 118 96
49 120 82
49 123 50
49 124 25
49 126 61
49 127 25
49 129 3
49 130 96
49 131 65
49 133 9
49 134 8
49 137 36
49 139 11
49 140 2
49 142 83
49 146 74
49 147 16
49 149 50
50 52 28
50 56 86
50 57 29
50 58 56
50 60 82
50 61 96
50 65 19
50 67 63
50 69 96
50 70 37
50 73 87
50 75 31
50 76 25
50 80 34
50 83 19
50 85 83
50 87 41
50 90 48
50 92 68
50 93 8
50 95 15
50 98 83
50 100 56
50 101 10
50 102 79
50 107 23
50 108 49
50 110 38
50 114 55
50 115 7
50 117 2
50 123 79
50 128 68
50 130 44
50 132 69
50 133 3
50 136 3
50 138 1
50 139 70
50 144 55
50 145 32
50 148 21
50 149 95
50 150 85
51 57 89
51 63 99
51 65 93
51 66 53
51 67 11
51 68 47
51 69 36
51 74 42
51 78 24
51 79 8
51 82 85
51 83 49
51 85 76
51 86 36
51 90 75
51 92 51
51 94 29
51 95 67
51 99 82
51 102 74
51 103 82
51 104 21
51 105 21
51 112 38
51 115 59
51 117 2
51 119 68
51 120 28
51 123 39
51 128 85
51 129 7
51 132 91
51 133 20
51 134 98
51 136 27
51 137 39
51 144 77
51 145 69
51 146 99
51 147 55
51 149 41
52 53 14
52 57 86
52 62 91
52 65 13
52 68 80
52 74 7
52 75 43
52 76 51
52 77 33
52 80 24
52 89 11
52 90 81
52 95 32
52 96 49
52 97 1
52 99 65
52 101 38
52 102 53
52 105 73
52 106 41
52 107 33
52 108 81
52 109 98
52 110 93
52 112 84
52 113 35
52 115 51
52 117 24
52 119 91
52 122 12
52 126 50
52 127 57
52 128 75
52 129 78
52 130 85
52 138 75
52 140 40
52 144 74
52 147 35
52 149 96
53 55 39
53 57 10
53 58 32
53 60 10
53 68 17
53 70 30
53 76 2
53 79 40
53 81 98
53 82 48
53 84 42
53 87 29
53 88 9
53 89 89
53 90 17
53 91 21
53 93 74
53 95 71
53 97 65
53 98 81
53 101 45
53 102 3
53 104 17
53 107 73
53 108 7
53 110 56
53 114 72
53 116 28
53 117 72
53 119 92
53 120 35
53 121 49
53 124 1
53 132 68
53 134 13
53 136 97
53 138 53
53 139 24
53 141 43
53 143 3
53 146 80
54 56 63
54 60 98
54 62 100
54 63 79
54 64 80
54 65 26
54 67 3
54 70 53
54 73 95
54 75 74
54 76 32
54 79 56
54 81 37
54 85 43
54 87 94
54 88 49
54 89 82
54 90 83
54 93 5
54 94 59
54 95 63
54 97 50
54 99 33
54 103 90
54 104 96
54 105 73
54 109 2
54 112 16
54 114 79
54 116 87
54 118 89
54 119 100
54 120 2
54 128 12
54 138 73
54 143 52
54 148 52
54 150 82
55 62 53
55 63 9
55 64 11
55 66 70
55 67 59
55 68 9
55 69 30
55 74 69
55 77 21
55 82 13
55 85 38
55 89 67
55 91 77
55 93 94
55 94 42
55 95 67
55 96 94
55 99 94
55 100 24
55 102 5
55 105 77
55 110 13
55 112 9
55 113 24
55 115 19
55 117 21
55 119 84
55 120 68
55 127 83
55 129 67
55 131 67
55 133 26
55 134 49
55 136 28
55 138 99
55 141 38
55 144 58
55 145 97
55 146 21
55 147 24
55 148 82
55 149 40
55 150 81
56 57 42
56 59 48
56 60 13
56 63 82
56 65 76
56 66 7
56 67 87
56 68 62
56 69 81
56 77 2
56 78 92
56 81 54
56 83 54
56 85 12
56 87 49
56 89 100
56 91 49
56 96 78
56 104 68
56 105 25
56 106 25
56 108 14
56 112 65
56 114 85
56 117 33
56 118 28
56 121 87
56 123 41
56 126 99
56 130 98
56 135 6
56 136 41
56 137 35
56 139 6
56 143 11
56 144 28
56 146 5
56 147 37
56 149 63
57 64 78
57 67 83
57 69 19
57 70 33
57 73 4
57 75 25
57 76 7
57 78 34
57 79 30
57 81 8
57 82 18
57 85 73
57 87 48
57 90 56
57 91 16
57 92 3
57 106 83
57 107 94
57 114 50
57 115 3
57 117 66
57 120 34
57 121 72
57 122 68
57 124 87
57 125 74
57 127 46
57 128 57
57 129 15
57 131 4
57 132 31
57 134 48
57 135 21
57 141 63
57 143 17
57 145 83
57 146 78
57 147 66
57 148 49
57 149 8
58 63 5
58 64 40
58 66 71
58 68 73
58 73 31
58 76 8
58 78 63
58 83 13
58 84 83
58 85 82
58 86 30
58 87 39
58 89 25
58 91 88
58 93 82
58 95 98
58 97 90
58 98 4
58 100 70
58 102 82
58 105 62
58 112 79
58 113 41
58 116 14
58 117 90
58 118 26
58 119 79
58 121 13
58 122 43
58 126 38
58 128 36
58 130 66
58 133 13
58 134 4
58 135 96
58 143 98
58 144 79
58 145 30
58 146 11
59 60 9
59 66 13
59 67 67
59 69 45
59 75 30
59 77 13
59 79 12
59 82 71
59 85 25
59 86 21
59 89 96
59 90 9
59 93 23
59 94 25
59 97 12
59 98 14
59 99 98
59 100 25
59 101 36
59 102 98
59 104 12
59 106 58
59 109 14
59 110 39
59 114 24
59 116 29
59 119 18
59 121 62
59 127 22
59 129 80
59 131 55
59 132 84
59 133 84
59 137 29
59 141 100
59 143 100
59 145 98
59 146 41
59 147 94
59 148 31
59 150 15
60 61 45
60 63 52
60 72 6
60 78 58
60 79 62
60 80 54
60 81 67
60 82 28
60 85 38
60 91 45
60 94 49
60 95 10
60 98 45
60 102 59
60 104 17
60 105 56
60 108 73
60 109 53
60 110 42
60 113 75
60 116 57
60 125 12
60 129 69
60 131 62
60 135 12
60 136 5
60 137 44
60 138 36
60 140 63
60 141 68
60 146 61
60 150 13
61 63 42
61 64 33
61 66 66
61 68 21
61 71 55
61 72 77
61 74 71
61 82 65
61 86 48
61 87 38
61 88 97
61 89 35
61 91 44
61 92 83
61 95 67
61 96 93
61 97 56
61 99 85
61 102 60
61 104 70
61 107 71
61 115 3
61 116 83
61 118 6
61 121 41
61 126 84
61 127 71
61 130 57
61 131 27
61 132 45
61 139 80
61 142 38
61 143 16
61 146 25
61 150 56
62 63 62
62 70 90
62 71 49
62 73 58
62 77 67
62 83 78
62 84 51
62 87 36
62 91 70
62 93 38
62 96 83
62 100 41
62 103 43
62 104 83
62 105 6
62 107 47
62 108 74
62 110 51
62 112 26
62 115 87
62 123 38
62 125 4
62 126 68
62 129 31
62 132 100
62 134 35
62 136 88
62 143 58
62 144 35
62 145 67
62 147 82
62 149 74
62 150 23
63 69 77
63 74 38
63 75 91
63 84 67
63 86 1
63 88 92
63 95 4
63 98 42
63 101 33
63 103 36
63 104 32
63 106 100
63 107 32
63 109 52
63 110 42
63 111 64
63 112 92
63 116 58
63 117 60
63 130 9
63 131 22
63 135 47
63 137 39
63 138 66
63 142 44
63 144 2
63 145 11
63 146 40
63 147 66
64 65 86
64 67 89
64 68 94
64 69 60
64 70 47
64 71 98
64 73 70
64 75 83
64 77 51
64 80 11
64 82 70
64 84 14
64 87 57
64 90 48
64 91 53
64 92 76
64 95 24
64 99 5
64 100 77
64 101 21
64 103 10
64 105 8
64 106 22
64 108 67
64 109 77
64 112 89
64 113 29
64 114 48
64 115 85
64 116 85
64 118 63
64 125 67
64 128 80
64 129 67
64 133 59
64 136 65
64 138 5
64 142 95
64 143 34
64 145 33
64 146 28
64 147 24
64 150 22
65 66 74
65 71 56
65 74 58
65 75 95
65 76 3
65 77 22
65 80 30
65 84 39
65 85 12
65 86 31
65 88 87
65 89 30
65 92 77
65 95 62
65 97 38
65 102 62
65 108 45
65 110 41
65 112 19
65 114 96
65 115 88
65 116 82
65 117 92
65 118 24
65 119 89
65 120 95
65 123 38
65 124 78
65 128 41
65 130 42
65 134 93
65 137 19
65 138 5
65 139 51
65 140 9
65 142 10
65 145 58
65 146 88
65 147 46
66 69 81
66 70 64
66 75 16
66 76 47
66 77 88
66 78 58
66 79 99
66 81 95
66 85 62
66 90 74
66 93 85
66 96 27
66 99 94
66 100 57
66 101 30
66 102 98
66 103 84
66 106 14
66 109 20
66 110 67
66 112 53
66 120 32
66 124 38
66 126 53
66 128 53
66 129 82
66 131 2
66 132 37
66 136 77
66 141 40
66 144 46
66 145 71
66 148 78
66 149 30
67 68 48
67 70 47
67 71 98
67 72 75
67 73 44
67 75 73
67 80 17
67 84 60
67 85 45
67 88 83
67 89 26
67 90 31
67 96 23
67 98 31
67 103 39
67 106 81
67 107 15
67 109 21
67 113 9
67 114 75
67 116 72
67 117 73
67 119 52
67 121 50
67 122 18
67 126 89
67 129 51
67 132 33
67 148 52
67 149 20
67 150 60
68 71 36
68 72 90
68 76 83
68 83 79
68 85 26
68 90 50
68 94 5
68 95 26
68 99 70
68 103 93
68 104 73
68 106 47
68 109 59
68 110 97
68 111 22
68 114 92
68 116 37
68 117 40
68 119 92
68 120 65
68 121 53
68 129 56
68 134 19
68 136 38
68 137 21
68 141 46
68 142 90
68 147 92
68 148 50
68 149 84
68 150 42
69 70 88
69 71 19
69 72 19
69 79 69
69 83 10
69 85 17
69 87 14
69 88 57
69 90 13
69 92 72
69 95 1
69 96 26
69 98 91
69 101 39
69 102 76
69 107 34
69 109 50
69 114 76
69 115 88
69 117 28
69 121 48
69 122 95
69 127 69
69 129 21
69 130 22
69 131 15
69 135 64
69 137 25
69 139 73
69 142 69
69 146 29
69 147 61
69 149 80
69 150 6
70 74 32
70 75 12
70 76 60
70 78 6
70 79 83
70 81 26
70 85 12
70 87 42
70 90 92
70 91 98
70 92 90
70 100 70
70 103 98
70 104 53
70 109 42
70 110 46
70 111 69
70 112 39
70 114 12
70 124 18
70 127 30
70 129 83
70 133 31
70 135 81
70 136 61
70 137 48
70 140 7
70 144 77
70 145 23
70 146 56
70 148 69
70 149 92
71 73 4
71 74 29
71 77 19
71 78 28
71 94 79
71 96 41
71 97 85
71 98 43
71 101 1
71 105 43
71 108 41
71 114 62
71 118 89
71 119 18
71 120 58
71 121 16
71 123 30
71 125 6
71 127 21
71 128 37
71 129 72
71 134 19
71 135 82
71 138 57
71 139 85
71 143 7
71 144 90
71 146 41
72 78 73
72 80 87
72 85 53
72 87 15
72 88 58
72 90 25
72 91 99
72 92 93
72 99 34
72 100 79
72 102 48
72 105 98
72 110 65
72 113 97
72 114 68
72 116 60
72 120 95
72 121 23
72 124 93
72 125 78
72 129 37
72 130 37
72 132 71
72 137 11
72 140 67
72 142 13
72 148 86
72 150 10
73 77 21
73 78 73
73 81 56
73 87 97
73 90 69
73 93 92
73 96 36
73 102 50
73 103 71
73 106 66
73 108 83
73 113 57
73 115 39
73 120 28
73 123 57
73 125 87
73 126 13
73 127 47
73 128 1
73 130 61
73 132 54
73 133 44
73 136 3
73 142 87
73 144 32
73 146 45
73 148 99
74 78 42
74 83 17
74 84 90
74 85 55
74 88 14
74 91 72
74 100 17
74 101 20
74 104 47
74 105 97
74 106 14
74 110 31
74 113 33
74 114 48
74 115 94
74 120 98
74 123 98
74 124 93
74 127 7
74 129 70
74 130 24
74 135 3
74 136 91
74 138 84
74 141 57
74 142 58
74 144 3
74 150 55
75 79 37
75 81 89
75 82 56
75 83 55
75 86 8
75 95 33
75 98 99
75 102 8
75 103 25
75 104 26
75 109 54
75 110 53
75 118 98
75 121 47
75 123 8
75 125 100
75 129 79
75 133 82
75 140 12
75 141 93
75 145 66
75 146 14
75 150 55
76 77 96
76 78 5
76 81 50
76 83 4
76 85 26
76 87 5
76 88 85
76 99 100
76 101 14
76 102 96
76 103 17
76 104 74
76 105 97
76 107 19
76 110 30
76 112 78
76 120 12
76 125 100
76 127 91
76 129 43
76 130 54
76 131 60
76 132 63
76 133 52
76 135 80
76 140 51
76 142 37
76 143 51
76 148 25
76 150 25
77 83 15
77 85 12
77 87 49
77 92 59
77 93 86
77 94 25
77 95 66
77 97 16
77 100 19
77 102 66
77 103 11
77 105 55
77 107 57
77 109 20
77 112 80
77 114 30
77 116 44
77 117 97
77 119 25
77 124 72
77 127 18
77 129 71
77 130 31
77 132 63
77 133 52
77 135 97
77 142 60
77 145 68
77 146 46
77 149 92
78 83 95
78 84 74
78 88 87
78 93 26
78 95 67
78 97 36
78 98 64
78 99 94
78 102 91
78 103 70
78 105 62
78 110 88
78 111 77
78 112 21
78 116 77
78 121 36
78 127 40
78 128 82
78 129 27
78 133 33
78 134 98
78 135 63
78 138 64
78 140 82
78 141 23
78 144 98
78 148 25
78 150 77
79 80 25
79 81 97
79 83 90
79 87 10
79 88 35
79 89 71
79 91 7
79 95 83
79 96 4
79 97 94
79 100 71
79 101 84
79 105 15
79 108 15
79 111 47
79 112 4
79 113 9
79 116 73
79 118 83
79 119 77
79 121 20
79 129 34
79 130 22
79 142 52
79 144 13
79 146 35
79 147 19
79 149 82
80 84 83
80 87 25
80 88 60
80 90 53
80 97 17
80 98 45
80 102 14
80 103 89
80 108 64
80 111 62
80 114 65
80 120 11
80 124 9
80 126 88
80 128 26
80 131 2
80 134 35
80 140 89
80 142 55
80 144 46
80 146 62
80 148 24
81 86 85
81 87 37
81 89 11
81 90 64
81 92 52
81 97 23
81 99 42
81 100 57
81 105 54
81 107 7
81 109 85
81 116 19
81 117 17
81 124 61
81 127 53
81 133 58
81 134 74
81 135 53
81 136 88
81 137 93
81 140 5
81 142 22
81 145 90
81 146 5
81 148 75
81 149 96
82 86 89
82 88 96
82 92 26
82 95 6
82 97 89
82 98 45
82 99 86
82 100 14
82 102 12
82 104 59
82 105 36
82 106 72
82 108 65
82 109 57
82 110 18
82 112 27
82 113 30
82 114 6
82 117 36
82 118 99
82 119 96
82 120 58
82 121 14
82 123 39
82 126 48
82 128 77
82 130 45
82 132 68
82 133 10
82 134 74
82 135 52
82 137 91
82 138 62
82 139 53
82 142 43
82 145 70
82 148 26
82 150 5
83 84 51
83 85 28
83 86 71
83 90 38
83 91 19
83 94 100
83 95 14
83 98 42
83 102 75
83 108 77
83 109 13
83 112 56
83 114 45
83 120 16
83 123 34
83 124 44
83 128 92
83 131 13
83 132 71
83 133 29
83 134 97
83 135 94
83 136 79
83 139 31
83 142 18
83 147 55
83 149 20
84 87 32
84 91 66
84 92 31
84 95 3
84 99 25
84 100 26
84 103 75
84 112 29
84 114 41
84 117 28
84 119 35
84 121 33
84 125 84
84 127 32
84 128 3
84 129 51
84 132 50
84 135 89
84 138 54
84 140 3
84 141 61
84 143 40
84 148 91
85 87 35
85 95 22
85 96 48
85 101 91
85 104 45
85 105 36
85 108 34
85 109 80
85 110 89
85 111 34
85 112 36
85 116 37
85 121 4
85 122 67
85 123 84
85 124 48
85 125 40
85 128 18
85 129 66
85 130 32
85 133 48
85 135 75
85 137 36
85 138 37
85 139 48
85 140 90
85 145 36
85 146 30
85 148 75
86 91 39
86 92 35
86 95 91
86 97 17
86 102 40
86 103 35
86 106 24
86 107 99
86 108 63
86 112 94
86 114 100
86 118 3
86 119 51
86 120 12
86 122 18
86 127 12
86 128 36
86 129 79
86 130 48
86 131 50
86 138 20
86 140 73
86 144 27
87 88 80
87 94 87
87 95 50
87 98 87
87 100 60
87 103 36
87 108 5
87 110 6
87 112 1
87 113 41
87 117 65
87 118 36
87 119 99
87 121 61
87 123 14
87 125 39
87 128 41
87 129 5
87 130 22
87 132 37
87 133 92
87 138 34
87 139 8
87 145 38
88 89 54
88 90 11
88 91 6
88 93 65
88 94 60
88 96 32
88 98 90
88 114 67
88 115 32
88 118 8
88 120 33
88 121 65
88 122 69
88 123 65
88 125 87
88 127 91
88 128 64
88 129 93
88 131 67
88 133 23
88 134 89
88 135 74
88 136 87
88 140 3
88 141 61
88 147 78
88 148 43
88 149 25
89 92 54
89 99 80
89 101 53
89 102 37
89 105 84
89 106 62
89 117 54
89 119 45
89 120 32
89 121 7
89 122 91
89 123 75
89 126 53
89 128 99
89 131 41
89 132 4
89 136 58
89 138 50
89 145 84
89 146 79
89 148 85
89 149 84
90 93 3
90 94 47
90 96 66
90 98 54
90 99 68
90 102 27
90 103 42
90 104 15
90 105 11
90 110 63
90 113 90
90 114 99
90 116 39
90 117 59
90 118 65
90 120 77
90 123 97
90 124 79
90 125 10
90 126 90
90 127 40
90 129 9
90 130 4
90 137 100
90 138 59
90 143 90
90 147 26
90 149 80
91 96 91
91 103 74
91 105 34
91 106 83
91 107 78
91 108 87
91 110 27
91 112 77
91 115 17
91 117 86
91 118 86
91 120 6
91 122 95
91 126 13
91 128 52
91 131 39
91 132 42
91 133 45
91 134 26
91 141 99
91 143 6
91 144 93
91 145 53
91 149 34
92 94 9
92 95 23
92 96 21
92 101 32
92 102 100
92 104 58
92 105 98
92 109 62
92 114 33
92 115 95
92 116 17
92 124 1
92 128 21
92 130 76
92 132 30
92 139 39
92 140 13
92 142 55
92 143 49
92 145 4
92 148 16
93 95 44
93 97 18
93 98 62
93 102 80
93 110 12
93 117 90
93 124 61
93 127 34
93 131 94
93 133 66
93 136 100
93 140 76
93 143 50
93 144 76
93 145 61
93 146 56
93 147 73
94 95 82
94 96 40
94 102 38
94 106 55
94 109 90
94 112 98
94 113 81
94 115 71
94 118 89
94 122 64
94 124 96
94 126 81
94 130 39
94 133 96
94 138 98
94 139 34
94 148 2
94 149 47
95 97 63
95 99 35
95 100 19
95 103 58
95 106 35
95 107 73
95 109 41
95 111 87
95 113 58
95 116 75
95 117 82
95 118 60
95 120 74
95 127 25
95 129 4
95 130 8
95 131 65
95 132 41
95 136 99
95 141 45
95 143 52
95 149 9
95 150 73
96 101 33
96 102 54
96 103 63
96 111 85
96 113 54
96 114 1
96 115 77
96 120 85
96 122 26
96 126 73
96 127 50
96 130 95
96 135 27
96 137 42
96 139 9
96 141 33
96 142 36
96 145 30
96 147 74
96 150 41
97 100 94
97 102 74
97 109 25
97 110 97
97 115 5
97 122 67
97 125 95
97 127 12
97 129 58
97 132 64
97 133 38
97 135 34
97 139 54
97 141 82
97 143 28
97 144 44
98 99 63
98 101 11
98 102 8
98 105 22
98 107 67
98 108 83
98 117 36
98 118 18
98 121 17
98 130 83
98 131 19
98 132 100
98 134 32
98 136 52
98 138 24
98 141 45
98 142 68
98 147 35
98 148 45
98 149 49
99 101 89
99 107 66
99 109 81
99 110 47
99 111 73
99 112 97
99 113 75
99 114 52
99 115 85
99 116 36
99 120 58
99 121 62
99 123 75
99 124 43
99 132 25
99 133 38
99 141 87
99 143 81
99 146 71
99 147 76
99 149 39
100 101 22
100 105 26
100 106 85
100 108 22
100 109 24
100 110 6
100 124 48
100 126 39
100 127 74
100 128 42
100 132 53
100 134 82
100 136 28
100 145 78
100 146 96
100 148 3
100 149 21
101 104 51
101 106 55
101 107 72
101 108 71
101 109 2
101 111 59
101 112 71
101 113 54
101 117 80
101 118 64
101 122 30
101 123 1
101 126 83
101 128 26
101 131 61
101 132 58
101 134 81
101 136 49
101 139 7
101 142 46
101 147 82
102 104 55
102 105 9
102 114 20
102 115 57
102 119 41
102 121 60
102 122 17
102 124 74
102 130 17
102 132 68
102 133 96
102 143 84
102 144 25
102 145 12
102 147 92
102 148 36
103 104 42
103 105 77
103 106 22
103 107 42
103 110 77
103 113 28
103 116 80
103 119 46
103 120 39
103 124 63
103 128 9
103 130 59
103 133 79
103 134 52
103 136 68
103 137 85
103 139 45
103 143 63
103 144 68
103 145 84
103 146 34
103 147 49
104 105 30
104 109 76
104 110 72
104 115 56
104 116 16
104 117 88
104 125 82
104 127 79
104 129 1
104 131 48
104 132 87
104 134 37
104 139 99
104 143 18
104 145 58
104 146 33
104 147 2
105 113 67
105 114 8
105 115 8
105 116 77
105 120 62
105 121 13
105 122 80
105 123 67
105 124 39
105 126 19
105 128 70
105 130 93
105 131 25
105 133 49
105 134 36
105 139 66
105 143 96
105 145 16
105 149 28
106 107 5
106 109 9
106 110 70
106 111 6
106 112 24
106 113 47
106 115 39
106 118 35
106 122 44
106 124 98
106 130 97
106 131 62
106 132 55
106 133 28
106 134 82
106 136 20
106 138 40
106 139 64
106 140 50
106 143 27
106 146 9
106 149 71
106 150 8
107 108 91
107 109 46
107 111 60
107 113 17
107 116 85
107 119 75
107 120 81
107 121 81
107 122 97
107 124 33
107 129 36
107 130 19
107 132 100
107 135 51
107 139 5
107 146 66
108 109 79
108 114 14
108 116 43
108 117 54
108 118 96
108 119 35
108 122 71
108 125 5
108 126 32
108 127 62
108 133 37
108 138 44
108 139 45
108 143 5
108 149 38
109 114 53
109 117 100
109 119 30
109 121 10
109 129 63
109 130 16
109 132 60
109 137 40
109 145 94
109 147 86
109 148 28
109 149 29
110 111 10
110 112 24
110 115 47
110 117 61
110 119 28
110 123 13
110 124 19
110 126 42
110 127 7
110 128 29
110 129 20
110 132 78
110 138 91
110 144 99
110 145 7
110 146 70
110 147 61
110 149 42
111 114 31
111 115 79
111 117 16
111 119 30
111 126 37
111 127 96
111 130 17
111 132 84
111 135 80
111 137 18
111 138 26
111 139 17
111 143 22
111 145 100
111 146 93
111 147 99
112 116 38
112 118 18
112 122 48
112 124 15
112 125 88
112 126 34
112 128 1
112 130 25
112 133 17
112 137 10
112 138 81
112 139 19
112 141 85
112 145 81
112 147 95
112 148 23
113 114 2
113 115 84
113 117 64
113 118 81
113 119 34
113 120 1
113 122 91
113 124 33
113 127 19
113 130 31
113 131 94
113 132 53
113 133 33
113 135 64
113 139 61
113 142 91
113 143 39
113 144 13
113 150 35
114 117 89
114 122 92
114 123 28
114 124 12
114 126 27
114 131 98
114 135 23
114 140 16
114 146 100
114 149 18
114 150 40
115 127 72
115 128 91
115 132 27
115 133 35
115 137 41
115 140 73
115 144 41
115 147 100
115 150 58
116 117 61
116 121 42
116 123 64
116 125 15
116 137 79
116 138 54
116 143 41
116 145 61
116 148 15
116 150 50
117 118 76
117 121 26
117 123 37
117 126 39
117 128 90
117 129 88
117 133 76
117 135 12
117 137 51
117 138 31
117 139 41
117 140 78
117 143 15
117 144 24
117 145 76
117 147 21
117 148 16
117 149 58
118 121 59
118 122 44
118 123 9
118 125 99
118 131 23
118 132 53
118 133 36
118 137 79
118 139 36
118 141 44
118 143 8
118 148 56
118 149 33
119 120 73
119 125 86
119 127 87
119 128 72
119 139 27
119 141 13
119 145 27
119 148 77
120 134 54
120 140 54
120 147 47
120 148 62
121 123 87
121 124 24
121 125 79
121 126 66
121 129 95
121 130 22
121 132 50
121 135 49
121 138 42
121 139 51
121 141 4
121 145 69
121 150 1
122 124 100
122 129 94
122 130 67
122 131 26
122 133 92
122 136 51
122 137 6
122 138 76
122 140 21
122 143 63
122 146 23
122 147 18
123 127 49
123 130 13
123 132 25
123 136 14
123 139 86
123 141 32
124 125 13
124 128 47
124 130 83
124 132 71
124 134 78
124 137 12
124 138 93
124 143 36
124 144 10
124 145 17
124 146 5
124 147 26
124 148 77
125 126 35
125 127 51
125 136 85
125 137 44
125 142 54
125 145 60
125 150 100
126 127 39
126 128 15
126 132 1
126 133 7
126 134 50
126 140 32
126 142 69
126 143 33
126 146 22
127 129 91
127 130 36
127 132 23
127 133 13
127 135 67
127 136 16
127 137 16
127 138 5
127 139 50
127 140 44
127 144 43
127 145 6
127 148 25
127 149 48
128 130 54
128 131 1
128 133 72
128 136 26
128 138 39
128 140 69
128 143 68
128 148 32
128 149 74
129 131 62
129 133 41
129 134 69
129 137 92
129 139 87
129 141 85
129 145 32
130 131 95
130 132 44
130 133 19
130 134 85
130 135 71
130 140 64
130 142 24
130 145 18
130 147 14
131 132 97
131 133 59
131 136 13
131 137 3
131 138 16
131 142 67
131 143 78
131 145 39
131 147 23
131 148 12
132 135 82
132 137 98
132 139 69
132 143 96
132 146 61
132 147 61
132 148 46
132 150 63
133 134 13
133 140 6
133 150 54
134 137 48
134 140 50
134 141 20
134 143 17
134 146 56
134 147 5
134 148 3
134 149 4
134 150 31
135 136 94
135 138 42
135 140 44
135 150 51
136 138 75
136 141 22
136 143 90
136 144 41
136 148 12
137 138 17
137 142 53
137 149 57
137 150 71
138 139 2
138 142 51
138 143 71
138 145 26
138 149 94
139 140 4
139 143 61
139 145 36
139 148 10
140 144 100
140 146 83
140 147 71
140 148 41
140 150 62
141 143 44
141 144 92
141 146 69
141 147 87
141 148 10
141 149 68
141 150 19
142 145 84
142 146 9
142 147 20
142 149 70
143 146 54
143 147 22
143 149 87
144 150 7
145 146 58
145 147 36
146 148 97
147 149 64
148 150 21
149 150 3
1 9 38
1 10 79
1 11 24
1 12 40
1 16 26
1 17 15
1 18 89
1 20 3
1 21 38
1 22 87
1 24 10
1 26 60
1 27 27
1 28 72
1 31 25
1 34 37
1 35 90
1 38 42
1 46 58
1 47 47
1 48 16
1 50 36
1 51 81
1 52 29
1 53 27
1 54 32
1 58 4
1 59 68
1 60 43
1 62 55
1 64 20
1 74 16
1 75 15
1 76 55
1 81 39
1 84 28
1 86 31
1 88 96
1 89 10
1 91 69
1 92 27
1 97 9
1 99 84
1 103 2
1 110 42
1 111 64
1 114 86
1 115 45
1 116 1
1 120 8
1 122 9
1 123 89
1 125 16
1 126 26
1 127 72
1 130 75
1 132 58
1 134 46
1 135 31
1 136 23
1 137 43
1 138 5
1 142 77
1 144 100
1 145 75
1 146 3
1 150 9
2 4 58
2 5 50
2 9 32
2 11 35
2 12 62
2 13 64
2 14 73
2 15 5
2 17 52
2 21 14
2 22 55
2 23 49
2 25 57
2 26 39
2 29 47
2 31 7
2 34 30
2 35 35
2 37 46
2 41 1
2 45 100
2 48 17
2 50 89
2 54 74
2 55 71
2 56 49
2 57 45
2 58 15
2 61 75
2 62 90
2 63 96
2 64 43
2 65 61
2 71 87
2 72 85
2 74 89
2 75 46
2 78 64
2 80 69
2 82 35
2 83 37
2 84 21
2 85 36
2 91 46
2 92 13
2 94 5
2 95 47
2 96 28
2 99 20
2 101 63
2 102 41
2 103 30
2 106 3
2 109 79
2 111 55
2 112 73
2 113 22
2 115 64
2 118 78
2 119 42
2 120 59
2 124 9
2 125 77
2 126 84
2 128 85
2 129 9
2 130 87
2 132 57
2 134 44
2 137 67
2 138 65
2 140 46
2 144 36
2 148 70
2 149 4
2 150 72
3 4 8
3 5 35
3 7 76
3 9 46
3 12 8
3 14 65
3 16 58
3 18 36
3 23 1
3 26 54
3 27 54
3 28 30
3 29 87
3 30 56
3 32 53
3 37 42
3 39 91
3 40 56
3 41 69
3 43 69
3 44 48
3 45 98
3 46 39
3 49 36
3 53 74
3 56 95
3 57 94
3 58 96
3 60 94
3 63 28
3 65 19
3 67 11
3 69 59
3 74 64
3 76 11
3 77 21
3 81 16
3 82 24
3 84 50
3 85 44
3 88 2
3 93 59
3 97 22
3 98 43
3 102 33
3 104 12
3 109 82
3 110 54
3 114 43
3 115 87
3 116 36
3 119 21
3 122 37
3 125 91
3 129 44
3 130 69
3 131 57
3 135 47
3 136 27
3 137 30
3 144 2
3 146 2
3 147 94
3 148 24
3 150 99
4 5 67
4 6 42
4 7 36
4 8 43
4 12 86
4 14 33
4 15 57
4 16 48
4 17 11
4 18 3
4 25 26
4 27 81
4 29 62
4 32 14
4 33 25
4 39 18
4 40 6
4 43 41
4 44 99
4 51 35
4 52 4
4 54 75
4 55 82
4 57 89
4 58 83
4 60 6
4 63 8
4 64 29
4 66 57
4 67 59
4 69 67
4 70 43
4 72 43
4 75 67
4 77 8
4 86 68
4 87 32
4 96 74
4 97 7
4 101 38
4 102 94
4 103 22
4 105 34
4 107 88
4 112 39
4 114 95
4 115 13
4 117 36
4 119 94
4 121 21
4 124 63
4 126 36
4 127 46
4 130 97
4 133 79
4 134 5
4 135 85
4 139 94
4 140 68
4 141 3
4 147 55
5 6 21
5 7 10
5 8 7
5 10 58
5 13 99
5 15 23
5 17 57
5 19 41
5 20 37
5 25 49
5 27 59
5 28 36
5 30 57
5 33 20
5 34 46
5 35 70
5 36 72
5 39 21
5 41 27
5 52 49
5 53 93
5 54 61
5 56 76
5 61 41
5 65 21
5 67 55
5 68 98
5 71 59
5 76 69
5 81 79
5 83 58
5 84 9
5 85 17
5 88 34
5 92 21
5 93 30
5 99 95
5 100 46
5 102 77
5 103 39
5 104 28
5 111 84
5 112 68
5 115 95
5 116 68
5 119 58
5 121 51
5 122 9
5 124 82
5 127 75
5 130 81
5 133 86
5 135 46
5 139 81
5 148 14
6 8 31
6 11 77
6 12 39
6 13 43
6 20 25
6 24 51
6 27 11
6 31 88
6 32 31
6 36 59
6 38 43
6 43 97
6 44 24
6 45 71
6 46 89
6 48 90
6 50 61
6 54 63
6 56 64
6 58 7
6 62 11
6 64 38
6 67 58
6 71 35
6 75 31
6 76 2
6 77 10
6 78 65
6 79 12
6 84 75
6 85 71
6 86 39
6 88 16
6 93 34
6 98 38
6 100 84
6 101 100
6 103 25
6 104 72
6 107 54
6 108 37
6 110 18
6 113 31
6 118 59
6 121 87
6 126 58
6 127 68
6 137 14
6 138 72
6 139 78
6 144 48
6 147 20
7 8 10
7 9 85
7 13 37
7 15 80
7 17 32
7 19 93
7 20 37
7 23 68
7 26 78
7 32 94
7 35 6
7 36 53
7 38 10
7 39 96
7 44 88
7 45 53
7 48 97
7 50 93
7 51 20
7 54 10
7 55 65
7 62 51
7 65 54
7 67 63
7 68 30
7 70 68
7 76 34
7 78 91
7 79 20
7 81 75
7 86 89
7 95 15
7 97 5
7 98 45
7 100 39
7 108 44
7 109 85
7 112 88
7 113 64
7 117 88
7 118 23
7 119 38
7 121 70
7 122 67
7 123 40
7 125 62
7 128 74
7 129 45
7 131 18
7 132 85
7 134 46
7 135 27
7 139 75
7 140 87
7 145 6
7 147 39
7 148 69
8 11 38
8 12 25
8 14 82
8 15 6
8 20 89
8 21 9
8 22 31
8 28 95
8 32 54
8 34 32
8 37 66
8 39 71
8 41 100
8 44 52
8 46 64
8 49 13
8 51 87
8 52 95
8 53 52
8 54 30
8 55 75
8 63 35
8 66 22
8 67 88
8 69 46
8 70 15
8 73 34
8 74 36
8 78 28
8 80 27
8 83 56
8 88 17
8 89 92
8 90 38
8 92 2
8 93 60
8 100 59
8 102 88
8 108 60
8 112 31
8 115 83
8 116 82
8 117 25
8 119 84
8 120 63
8 122 49
8 124 71
8 125 24
8 126 12
8 130 36
8 133 6
8 136 78
8 137 86
8 139 8
8 140 47
8 141 100
8 144 60
8 145 3
8 146 96
8 148 39
9 13 27
9 17 42
9 22 96
9 24 68
9 25 7
9 30 96
9 31 42
9 33 59
9 35 3
9 39 37
9 41 57
9 43 84
9 45 26
9 48 64
9 50 53
9 52 96
9 58 13
9 59 32
9 63 3
9 65 64
9 67 99
9 68 86
9 70 64
9 71 65
9 73 79
9 74 52
9 76 84
9 82 22
9 85 45
9 87 63
9 88 30
9 91 45
9 92 22
9 95 91
9 99 97
9 100 62
9 102 4
9 103 58
9 105 93
9 108 32
9 109 58
9 110 33
9 115 41
9 116 99
9 119 69
9 121 42
9 123 80
9 124 44
9 125 77
9 129 25
9 132 41
9 133 89
9 134 48
9 136 24
9 138 37
9 143 89
9 147 58
10 11 89
10 13 87
10 15 96
10 16 69
10 17 56
10 18 7
10 24 1
10 27 58
10 29 63
10 31 34
10 38 66
10 39 48
10 40 16
10 44 48
10 45 45
10 48 30
10 54 47
10 55 59
10 56 29
10 57 18
10 61 85
10 64 27
10 65 56
10 67 41
10 70 26
10 71 31
10 72 100
10 73 86
10 80 57
10 82 77
10 83 67
10 84 36
10 86 58
10 88 61
10 90 35
10 93 65
10 96 7
10 99 11
10 103 40
10 104 58
10 108 44
10 110 32
10 111 92
10 113 19
10 117 74
10 118 48
10 122 47
10 123 38
10 125 98
10 126 84
10 143 34
10 148 36
10 150 43
11 13 22
11 14 17
11 15 46
11 21 93
11 22 21
11 24 57
11 25 37
11 26 37
11 28 42
11 31 27
11 32 63
11 36 6
11 37 29
11 38 44
11 39 55
11 40 36
11 42 10
11 43 40
11 44 54
11 49 57
11 52 87
11 54 35
11 55 25
11 58 11
11 64 47
11 65 70
11 66 54
11 67 83
11 69 70
11 72 49
11 75 11
11 76 31
11 79 12
11 80 2
11 82 93
11 83 20
11 84 35
11 85 28
11 90 54
11 91 53
11 93 62
11 94 97
11 98 94
11 100 61
11 102 86
11 107 95
11 108 10
11 115 93
11 118 3
11 120 91
11 122 3
11 123 42
11 124 58
11 127 94
11 131 86
11 134 71
11 137 95
11 138 54
11 141 74
11 142 11
11 144 54
11 145 84
11 148 30
11 150 50
12 13 52
12 18 12
12 19 15
12 20 64
12 22 26
12 24 67
12 25 84
12 29 26
12 31 9
12 32 12
12 36 64
12 39 75
12 40 84
12 43 19
12 48 19
12 49 54
12 51 74
12 53 64
12 54 78
12 55 85
12 56 50
12 62 39
12 63 8
12 71 69
12 72 70
12 74 5
12 78 30
12 86 73
12 88 75
12 89 67
12 94 20
12 98 96
12 99 50
12 105 22
12 107 64
12 109 29
12 110 76
12 114 90
12 115 21
12 116 24
12 117 39
12 118 50
12 120 62
12 126 12
12 133 72
12 134 38
12 135 23
12 143 50
12 145 80
12 146 76
13 14 62
13 17 51
13 19 39
13 20 16
13 25 30
13 29 61
13 33 4
13 34 13
13 35 41
13 37 61
13 41 7
13 43 22
13 46 7
13 48 47
13 51 87
13 52 52
13 53 15
13 54 68
13 55 95
13 59 25
13 65 9
13 71 18
13 72 61
13 73 41
13 74 23
13 77 40
13 78 17
13 87 78
13 88 75
13 91 46
13 93 60
13 95 41
13 98 32
13 99 72
13 101 95
13 102 33
13 103 44
13 105 91
13 108 82
13 111 74
13 114 39
13 115 15
13 116 73
13 118 40
13 120 84
13 124 47
13 126 42
13 127 41
13 134 51
13 135 23
13 139 87
13 141 57
13 147 32
13 149 29
13 150 84
14 16 7
14 18 82
14 19 58
14 21 82
14 22 73
14 23 76
14 25 73
14 26 83
14 27 12
14 28 41
14 33 11
14 36 56
14 37 32
14 40 24
14 43 6
14 46 33
14 47 69
14 49 95
14 50 1
14 54 90
14 58 56
14 59 15
14 62 94
14 69 54
14 70 23
14 73 72
14 76 12
14 78 81
14 83 14
14 85 76
14 93 55
14 94 90
14 96 81
14 101 1
14 105 79
14 107 37
14 110 45
14 115 3
14 118 34
14 119 52
14 120 52
14 123 83
14 124 84
14 127 6
14 128 47
14 129 4
14 130 12
14 135 71
14 138 44
14 139 75
14 142 29
14 144 43
14 146 71
14 148 26
15 18 47
15 19 89
15 22 84
15 25 77
15 27 24
15 33 89
15 36 15
15 38 32
15 42 44
15 45 11
15 46 52
15 47 85
15 50 6
15 55 41
15 56 100
15 57 48
15 58 79
15 64 14
15 65 72
15 66 7
15 70 56
15 77 50
15 80 98
15 90 57
15 91 49
15 92 31
15 93 56
15 94 9
15 96 67
15 98 15
15 103 43
15 107 73
15 114 7
15 120 97
15 121 94
15 123 87
15 125 84
15 128 33
15 134 41
15 137 92
15 139 57
15 142 67
15 143 43
15 145 84
15 146 30
15 150 9
16 18 57
16 19 62
16 23 61
16 24 69
16 28 97
16 30 49
16 32 84
16 33 13
16 34 65
16 35 34
16 38 11
16 39 78
16 40 14
16 41 64
16 43 21
16 44 63
16 45 30
16 50 18
16 51 37
16 52 100
16 53 59
16 54 69
16 56 86
16 59 57
16 64 18
16 66 58
16 76 5
16 79 1
16 80 62
16 88 43
16 89 100
16 91 79
16 93 39
16 94 4
16 96 71
16 97 75
16 101 45
16 102 37
16 104 75
16 107 27
16 108 84
16 110 40
16 112 78
16 113 14
16 117 42
16 118 82
16 122 45
16 125 98
16 128 5
16 131 62
16 133 71
16 138 17
16 139 27
16 142 45
16 144 33
16 148 12
17 18 33
17 20 29
17 22 92
17 26 88
17 27 36
17 28 57
17 31 21
17 33 49
17 34 57
17 35 6
17 36 72
17 38 11
17 41 85
17 44 46
17 46 28
17 47 43
17 48 38
17 50 90
17 51 63
17 53 24
17 55 94
17 60 13
17 61 43
17 62 34
17 63 4
17 66 35
17 68 93
17 69 85
17 70 42
17 71 12
17 72 84
17 76 53
17 82 90
17 84 70
17 89 78
17 93 68
17 95 14
17 99 51
17 101 86
17 102 100
17 106 20
17 110 90
17 112 23
17 116 39
17 117 11
17 119 74
17 122 15
17 124 19
17 129 55
17 130 31
17 132 90
17 133 38
17 135 87
17 139 50
17 145 82
17 147 51
18 19 98
18 24 71
18 25 41
18 26 70
18 27 2
18 31 97
18 34 10
18 38 98
18 39 83
18 44 26
18 45 60
18 46 29
18 48 1
18 51 26
18 52 27
18 56 64
18 58 70
18 62 13
18 63 17
18 65 35
18 66 9
18 72 37
18 73 15
18 77 66
18 78 64
18 80 96
18 81 85
18 82 82
18 83 44
18 85 53
18 86 61
18 87 47
18 88 38
18 93 92
18 95 34
18 96 44
18 100 34
18 104 26
18 105 44
18 107 6
18 109 1
18 111 15
18 112 67
18 113 53
18 114 59
18 115 40
18 117 31
18 122 46
18 126 91
18 127 23
18 128 92
18 129 1
18 131 77
18 135 90
18 138 32
18 143 46
18 149 84
19 22 78
19 23 19
19 24 66
19 25 66
19 26 72
19 34 33
19 36 36
19 37 97
19 40 18
19 41 75
19 44 37
19 47 38
19 53 7
19 54 94
19 61 2
19 63 91
19 64 42
19 67 3
19 68 52
19 69 69
19 70 100
19 73 23
19 79 100
19 81 37
19 82 2
19 83 21
19 84 100
19 85 72
19 88 83
19 90 6
19 100 63
19 103 46
19 105 14
19 107 6
19 110 90
19 117 40
19 118 28
19 119 63
19 121 14
19 122 28
19 123 93
19 125 71
19 126 46
19 128 97
19 129 16
19 133 99
19 137 71
19 138 6
19 140 74
19 141 26
19 142 40
19 148 83
20 28 55
20 32 100
20 33 65
20 34 28
20 37 20
20 38 8
20 41 18
20 42 52
20 47 67
20 48 100
20 50 2
20 51 55
20 54 47
20 57 39
20 62 87
20 64 61
20 65 84
20 66 69
20 68 39
20 72 89
20 73 95
20 75 17
20 76 49
20 79 52
20 80 5
20 83 16
20 86 28
20 88 63
20 92 24
20 99 12
20 102 68
20 105 18
20 107 46
20 110 74
20 113 70
20 114 49
20 122 68
20 129 89
20 130 49
20 131 3
20 134 44
20 138 45
20 139 13
20 142 57
20 143 79
20 144 55
20 146 88
20 150 33
21 22 64
21 23 30
21 26 1
21 27 83
21 28 11
21 33 92
21 34 7
21 36 21
21 37 12
21 40 72
21 41 72
21 45 7
21 47 43
21 49 69
21 52 31
21 53 47
21 56 22
21 57 81
21 58 86
21 59 7
21 61 63
21 64 27
21 66 57
21 68 3
21 69 40
21 71 13
21 76 100
21 77 53
21 78 63
21 84 80
21 86 62
21 89 18
21 92 48
21 94 32
21 97 95
21 98 83
21 101 3
21 102 30
21 105 64
21 108 53
21 111 52
21 115 70
21 116 58
21 118 15
21 120 20
21 121 28
21 122 31
21 127 25
21 130 26
21 133 53
21 135 59
21 137 70
21 140 4
21 141 27
21 144 74
21 146 43
21 149 48
22 23 54
22 27 82
22 29 82
22 30 21
22 31 63
22 33 98
22 38 43
22 39 88
22 40 56
22 43 4
22 46 68
22 50 40
22 53 50
22 56 29
22 58 40
22 60 47
22 61 85
22 63 80
22 64 30
22 65 1
22 66 56
22 67 30
22 68 65
22 69 73
22 72 57
22 75 31
22 76 6
22 81 53
22 82 78
22 83 7
22 89 4
22 92 45
22 97 37
22 98 45
22 99 23
22 102 85
22 103 26
22 106 40
22 108 97
22 119 39
22 120 86
22 122 96
22 123 75
22 125 3
22 129 98
22 130 49
22 131 51
22 132 93
22 134 79
22 140 23
22 141 73
22 144 19
22 145 67
23 24 96
23 25 92
23 27 86
23 28 30
23 30 42
23 32 9
23 36 89
23 40 4
23 44 93
23 57 62
23 61 77
23 62 51
23 63 70
23 64 7
23 65 34
23 70 35
23 74 80
23 76 72
23 78 56
23 80 9
23 81 85
23 84 36
23 89 17
23 91 3
23 92 47
23 95 86
23 103 79
23 105 59
23 107 59
23 109 2
23 110 58
23 111 2
23 113 14
23 114 20
23 116 96
23 117 42
23 118 75
23 120 1
23 121 96
23 123 96
23 128 92
23 129 53
23 130 81
23 131 11
23 132 40
23 133 40
23 134 57
23 135 21
23 137 30
23 139 75
23 140 90
23 141 96
23 142 78
23 145 11
24 27 11
24 29 60
24 30 36
24 33 10
24 35 55
24 37 32
24 38 46
24 45 32
24 48 35
24 50 40
24 53 97
24 61 63
24 63 63
24 67 6
24 69 31
24 70 52
24 71 43
24 73 81
24 74 32
24 76 71
24 77 46
24 78 78
24 79 60
24 82 92
24 90 44
24 92 56
24 93 34
24 94 60
24 96 59
24 99 79
24 102 16
24 104 75
24 105 76
24 106 35
24 107 34
24 108 32
24 110 80
24 113 46
24 114 80
24 116 26
24 117 63
24 123 97
24 125 11
24 126 35
24 129 43
24 133 98
24 134 23
24 135 16
24 137 95
24 139 40
24 141 64
24 142 50
24 144 77
24 146 28
25 34 14
25 37 17
25 38 39
25 39 63
25 44 6
25 45 29
25 47 51
25 49 26
25 50 65
25 51 79
25 52 60
25 53 30
25 54 37
25 56 93
25 59 2
25 63 96
25 64 25
25 67 59
25 68 16
25 69 32
25 70 22
25 73 47
25 75 39
25 80 41
25 81 65
25 82 42
25 91 34
25 92 19
25 96 95
25 102 83
25 103 20
25 104 62
25 106 80
25 108 13
25 111 73
25 113 51
25 114 11
25 122 33
25 124 73
25 132 88
25 135 15
25 136 15
25 137 33
25 138 5
25 141 12
25 143 16
25 144 74
25 145 41
25 147 3
25 149 57
25 150 51
26 28 65
26 29 85
26 30 39
26 41 23
26 43 56
26 46 76
26 47 57
26 49 39
26 50 81
26 51 27
26 52 21
26 54 6
26 61 75
26 62 66
26 71 31
26 72 86
26 73 74
26 79 38
26 82 53
26 83 54
26 87 50
26 89 54
26 90 9
26 92 21
26 94 49
26 96 36
26 97 72
26 98 81
26 100 50
26 101 73
26 102 12
26 103 91
26 108 72
26 110 16
26 112 87
26 113 52
26 114 9
26 120 89
26 121 84
26 122 73
26 123 87
26 129 84
26 130 91
26 131 17
26 133 65
26 139 62
26 141 68
26 143 74
26 144 75
26 145 50
26 146 39
26 147 27
26 149 63
27 28 31
27 29 39
27 30 91
27 31 20
27 33 11
27 35 51
27 37 8
27 38 98
27 44 26
27 49 65
27 52 13
27 57 82
27 58 66
27 61 78
27 62 55
27 63 76
27 67 21
27 68 37
27 69 94
27 70 35
27 76 30
27 77 58
27 78 5
27 79 98
27 80 57
27 82 19
27 84 91
27 88 63
27 89 58
27 90 51
27 94 65
27 96 17
27 100 33
27 106 62
27 108 39
27 109 95
27 111 52
27 112 68
27 115 16
27 117 15
27 118 79
27 121 40
27 127 5
27 128 89
27 130 68
27 132 56
27 134 29
27 137 25
27 139 79
27 143 43
27 145 12
27 146 22
28 30 71
28 32 83
28 34 44
28 35 85
28 38 18
28 39 67
28 43 29
28 46 4
28 50 88
28 51 33
28 54 38
28 61 36
28 62 25
28 63 66
28 68 10
28 70 90
28 72 16
28 79 70
28 80 9
28 86 50
28 88 5
28 89 16
28 91 58
28 95 27
28 96 43
28 98 89
28 102 76
28 105 43
28 108 54
28 111 40
28 112 81
28 114 8
28 115 34
28 117 63
28 118 8
28 122 26
28 123 33
28 124 67
28 129 57
28 130 80
28 132 43
28 137 3
28 140 62
28 141 36
28 144 41
28 145 10
28 148 93
29 30 40
29 31 93
29 35 52
29 36 17
29 37 62
29 39 36
29 40 47
29 48 77
29 53 29
29 54 77
29 60 10
29 61 94
29 63 74
29 67 67
29 71 28
29 73 52
29 76 17
29 78 25
29 81 12
29 82 97
29 86 38
29 87 55
29 88 69
29 89 76
29 90 37
29 91 30
29 92 80
29 94 8
29 96 79
29 107 85
29 110 54
29 112 50
29 115 14
29 117 5
29 118 62
29 122 65
29 129 77
29 130 57
29 134 71
29 135 89
29 138 43
29 139 87
29 142 91
29 147 11
29 148 84
29 149 80
29 150 19
30 31 41
30 33 71
30 37 99
30 39 11
30 43 92
30 44 53
30 45 28
30 48 63
30 49 68
30 51 26
30 55 68
30 56 51
30 57 46
30 58 20
30 59 93
30 60 68
30 61 4
30 64 84
30 69 14
30 71 27
30 73 2
30 74 40
30 75 76
30 77 31
30 79 23
30 80 90
30 81 26
30 82 57
30 83 70
30 85 32
30 91 76
30 93 22
30 94 36
30 99 66
30 100 90
30 102 10
30 103 35
30 105 6
30 109 15
30 113 13
30 116 34
30 124 65
30 125 9
30 131 38
30 134 64
30 137 78
30 141 16
30 142 25
30 144 20
30 145 49
30 147 50
30 149 90
31 33 71
31 34 50
31 36 18
31 37 36
31 40 35
31 43 77
31 45 45
31 46 35
31 48 68
31 49 61
31 53 26
31 55 24
31 56 15
31 58 3
31 61 6
31 62 35
31 64 82
31 65 65
31 70 13
31 72 63
31 76 96
31 80 61
31 83 34
31 85 85
31 86 41
31 89 73
31 96 78
31 99 53
31 100 99
31 101 94
31 102 36
31 107 40
31 108 41
31 111 10
31 112 9
31 113 19
31 114 81
31 117 47
31 119 38
31 120 79
31 121 65
31 122 36
31 125 25
31 127 72
31 128 89
31 131 66
31 134 2
31 135 46
31 138 3
31 140 53
31 144 97
31 145 50
32 33 24
32 36 6
32 41 90
32 45 68
32 46 74
32 48 94
32 50 38
32 51 34
32 53 8
32 56 92
32 57 37
32 58 78
32 59 4
32 61 20
32 62 51
32 66 96
32 69 70
32 70 76
32 71 84
32 77 62
32 78 98
32 80 96
32 81 52
32 82 16
32 84 76
32 85 31
32 88 46
32 89 39
32 91 52
32 93 88
32 98 62
32 102 45
32 103 53
32 104 13
32 107 10
32 109 57
32 110 92
32 113 96
32 124 84
32 127 33
32 131 50
32 141 29
32 143 75
32 144 29
32 149 58
33 34 2
33 35 97
33 36 80
33 37 63
33 40 3
33 43 11
33 44 98
33 46 23
33 48 91
33 50 53
33 57 24
33 59 96
33 60 97
33 62 35
33 65 99
33 72 54
33 75 28
33 76 40
33 79 47
33 80 61
33 82 5
33 83 84
33 85 5
33 89 69
33 91 71
33 92 2
33 95 34
33 97 47
33 99 15
33 100 14
33 101 92
33 102 76
33 109 1
33 112 32
33 118 3
33 119 82
33 120 6
33 123 3
33 126 64
33 127 34
33 130 86
33 131 19
33 132 30
33 133 49
33 139 94
33 141 97
33 142 71
33 144 62
33 145 74
33 146 86
34 35 71
34 36 92
34 37 26
34 41 3
34 42 12
34 43 57
34 44 46
34 45 21
34 48 1
34 49 17
34 50 50
34 52 63
34 53 1
34 55 33
34 56 10
34 59 55
34 62 97
34 67 70
34 68 98
34 75 91
34 77 73
34 78 85
34 85 46
34 88 13
34 91 81
34 93 44
34 97 95
34 98 37
34 100 18
34 103 67
34 104 3
34 106 77
34 113 57
34 115 56
34 117 64
34 119 18
34 120 99
34 122 91
34 124 62
34 126 43
34 128 85
34 132 6
34 133 39
34 134 77
34 136 85
34 138 88
34 141 18
34 143 30
34 144 40
34 150 62
35 39 80
35 41 52
35 43 87
35 44 18
35 45 14
35 46 40
35 47 13
35 48 86
35 55 89
35 57 24
35 63 63
35 67 88
35 70 38
35 74 92
35 75 57
35 76 31
35 77 86
35 78 41
35 79 25
35 84 59
35 87 84
35 88 41
35 89 32
35 90 20
35 91 27
35 98 84
35 99 11
35 100 2
35 103 95
35 104 87
35 105 38
35 106 35
35 109 11
35 111 8
35 113 20
35 120 49
35 121 40
35 126 64
35 130 82
35 131 68
35 132 87
35 139 49
35 141 5
35 145 75
35 147 44
35 148 75
35 149 10
36 43 6
36 48 69
36 49 33
36 50 86
36 52 87
36 53 68
36 55 90
36 57 51
36 59 3
36 61 28
36 63 36
36 67 45
36 72 41
36 75 65
36 76 38
36 81 41
36 83 89
36 86 89
36 88 25
36 89 22
36 92 43
36 93 79
36 95 58
36 99 47
36 103 6
36 104 51
36 105 97
36 108 15
36 109 17
36 113 16
36 114 78
36 115 22
36 119 58
36 121 13
36 123 72
36 125 1
36 127 63
36 128 99
36 130 34
36 136 32
36 137 22
36 138 24
36 139 35
36 146 56
37 38 42
37 40 30
37 44 27
37 46 19
37 51 7
37 52 85
37 54 67
37 56 90
37 59 83
37 61 79
37 63 58
37 66 100
37 69 76
37 71 79
37 73 66
37 78 35
37 82 91
37 86 1
37 87 29
37 88 73
37 89 19
37 90 76
37 94 70
37 96 16
37 101 61
37 102 79
37 104 70
37 106 14
37 107 95
37 108 19
37 113 44
37 116 7
37 117 84
37 124 75
37 128 26
37 129 36
37 130 30
37 137 94
37 140 51
37 142 19
37 146 29
37 150 41
38 40 83
38 45 90
38 48 97
38 50 81
38 52 81
38 53 55
38 54 91
38 60 7
38 61 2
38 62 14
38 63 9
38 64 92
38 65 4
38 66 89
38 67 37
38 68 27
38 69 19
38 70 2
38 73 36
38 75 52
38 76 63
38 79 19
38 85 4
38 87 14
38 88 60
38 96 26
38 100 39
38 101 28
38 108 66
38 113 48
38 115 80
38 117 5
38 118 19
38 120 92
38 121 45
38 123 30
38 124 65
38 126 70
38 129 85
38 134 25
38 135 73
38 136 39
38 138 34
38 139 48
38 140 50
38 141 40
38 143 59
38 146 39
38 149 88
38 150 36
39 40 7
39 42 8
39 46 5
39 50 51
39 51 65
39 52 58
39 55 42
39 58 23
39 62 21
39 63 66
39 64 38
39 65 15
39 69 55
39 72 28
39 74 57
39 75 64
39 76 66
39 77 17
39 78 85
39 81 51
39 84 83
39 86 52
39 91 69
39 98 71
39 101 75
39 102 45
39 103 36
39 105 47
39 106 12
39 110 11
39 114 18
39 115 19
39 117 38
39 118 100
39 119 30
39 120 4
39 124 41
39 127 52
39 129 14
39 137 31
39 139 57
39 141 20
39 142 40
39 143 26
39 149 3
39 150 99
40 41 5
40 42 91
40 44 30
40 46 45
40 48 59
40 49 2
40 50 14
40 51 8
40 52 70
40 55 10
40 56 77
40 65 63
40 66 20
40 69 24
40 71 96
40 74 87
40 75 31
40 76 49
40 78 64
40 81 53
40 82 90
40 83 21
40 85 16
40 86 83
40 89 55
40 92 53
40 93 94
40 94 14
40 97 22
40 98 73
40 108 4
40 112 90
40 114 77
40 117 90
40 120 95
40 123 34
40 124 55
40 125 38
40 128 24
40 129 48
40 138 84
40 144 40
40 145 62
40 148 87
40 149 53
41 49 48
41 50 27
41 53 12
41 55 86
41 57 30
41 60 60
41 64 60
41 66 45
41 71 10
41 73 79
41 74 97
41 80 75
41 81 52
41 87 39
41 88 42
41 98 81
41 100 39
41 101 7
41 105 5
41 109 19
41 110 32
41 112 17
41 113 56
41 116 57
41 119 90
41 120 28
41 122 76
41 123 92
41 126 6
41 129 15
41 130 87
41 131 49
41 134 94
41 138 31
41 142 53
41 143 1
41 147 8
41 148 40
41 149 95
41 150 38
42 43 7
42 44 62
42 47 89
42 48 48
42 49 97
42 51 47
42 58 91
42 59 58
42 60 44
42 61 66
42 62 19
42 64 37
42 70 13
42 71 9
42 73 14
42 74 25
42 83 79
42 91 15
42 92 61
42 93 50
42 94 36
42 96 4
42 99 85
42 100 61
42 101 86
42 105 30
42 106 93
42 107 5
42 114 53
42 115 80
42 116 86
42 118 13
42 119 23
42 120 57
42 124 64
42 127 40
42 130 11
42 131 24
42 132 54
42 133 46
42 135 25
42 139 74
42 142 37
42 143 18
42 144 55
42 147 42
43 46 14
43 48 77
43 49 97
43 50 18
43 52 100
43 54 4
43 55 49
43 57 77
43 60 95
43 61 86
43 63 40
43 64 35
43 70 46
43 71 13
43 87 39
43 89 11
43 93 80
43 94 98
43 95 31
43 100 52
43 101 46
43 109 52
43 110 32
43 112 45
43 115 46
43 116 5
43 122 13
43 131 22
43 132 18
43 133 80
43 134 95
43 138 76
43 139 92
43 141 55
43 145 35
43 149 86
44 45 93
44 50 72
44 52 16
44 57 2
44 58 93
44 59 45
44 60 44
44 61 75
44 62 51
44 64 57
44 67 30
44 68 18
44 69 76
44 71 48
44 72 77
44 74 14
44 78 55
44 79 9
44 86 54
44 87 94
44 98 99
44 99 35
44 105 56
44 109 11
44 110 29
44 115 18
44 118 13
44 119 21
44 120 37
44 121 38
44 123 71
44 126 59
44 130 54
44 132 98
44 134 85
44 137 79
44 141 44
44 142 6
44 145 65
44 148 89
44 149 37
44 150 77
45 48 40
45 49 99
45 52 47
45 56 76
45 57 55
45 60 39
45 62 44
45 68 10
45 71 4
45 72 43
45 80 53
45 81 79
45 84 48
45 90 21
45 91 47
45 95 8
45 96 69
45 100 70
45 101 5
45 103 25
45 105 6
45 109 83
45 111 28
45 113 55
45 115 8
45 117 25
45 120 79
45 121 32
45 123 100
45 124 12
45 127 91
45 128 29
45 130 84
45 133 76
45 134 5
45 142 36
45 143 7
45 150 90
46 47 38
46 55 6
46 57 42
46 63 50
46 65 16
46 70 24
46 71 73
46 72 38
46 74 27
46 79 30
46 80 80
46 82 96
46 83 63
46 85 53
46 87 38
46 92 7
46 97 32
46 102 88
46 103 16
46 108 40
46 109 85
46 113 12
46 115 45
46 121 15
46 123 75
46 124 84
46 127 63
46 129 15
46 130 35
46 132 34
46 134 41
46 140 45
46 141 5
46 142 89
46 144 51
46 149 34
46 150 45
47 55 53
47 61 2
47 67 81
47 68 34
47 72 10
47 79 20
47 80 10
47 84 21
47 87 65
47 89 78
47 93 91
47 96 32
47 97 22
47 100 21
47 106 6
47 108 100
47 109 71
47 111 12
47 113 53
47 120 6
47 121 92
47 122 71
47 123 1
47 125 76
47 129 74
47 130 74
47 135 37
47 136 54
47 144 46
47 148 32
47 150 14
48 50 71
48 51 18
48 53 93
48 56 17
48 57 24
48 58 9
48 59 28
48 63 27
48 66 11
48 70 32
48 71 84
48 72 45
48 77 41
48 79 98
48 85 63
48 86 21
48 88 77
48 90 42
48 91 86
48 92 42
48 95 98
48 96 90
48 98 33
48 101 41
48 103 15
48 105 9
48 114 41
48 116 8
48 117 28
48 119 62
48 123 32
48 126 85
48 128 22
48 131 76
48 134 85
48 135 65
48 137 96
48 139 75
48 146 2
48 148 55
48 150 40
49 51 70
49 53 14
49 58 98
49 65 88
49 69 81
49 71 12
49 72 22
49 76 31
49 77 66
49 79 97
49 81 16
49 83 51
49 84 86
49 85 86
49 87 62
49 88 93
49 89 46
49 92 8
49 95 92
49 97 19
49 98 73
49 99 89
49 102 42
49 110 96
49 112 58
49 113 24
49 125 72
49 126 14
49 127 89
49 132 72
49 133 91
49 137 30
49 140 65
49 142 19
49 144 93
49 145 46
49 147 44
50 55 56
50 60 83
50 63 66
50 64 73
50 69 43
50 72 61
50 74 26
50 76 61
50 81 54
50 82 51
50 84 97
50 85 93
50 90 89
50 93 100
50 95 12
50 97 71
50 100 11
50 102 5
50 110 44
50 117 84
50 118 52
50 119 47
50 121 66
50 123 72
50 125 19
50 127 31
50 130 64
50 132 55
50 133 15
50 138 25
50 141 16
50 146 3
50 149 6
50 150 59
51 55 76
51 58 84
51 62 8
51 64 35
51 67 33
51 74 70
51 76 38
51 79 35
51 80 10
51 81 35
51 82 28
51 83 84
51 84 20
51 85 70
51 87 100
51 88 40
51 89 68
51 90 95
51 92 64
51 93 33
51 95 91
51 96 18
51 97 12
51 98 83
51 100 100
51 102 11
51 108 34
51 109 36
51 111 54
51 113 61
51 114 97
51 116 14
51 122 21
51 124 15
51 126 2
51 128 9
51 129 14
51 130 16
51 132 34
51 133 79
51 135 33
51 138 89
51 144 27
51 148 8
51 149 83
51 150 35
52 58 23
52 64 30
52 69 73
52 71 4
52 74 64
52 79 71
52 83 37
52 84 20
52 90 98
52 91 26
52 98 34
52 103 22
52 105 78
52 113 67
52 116 53
52 117 7
52 120 41
52 122 43
52 124 70
52 125 2
52 127 30
52 128 12
52 129 78
52 130 37
52 134 61
52 135 5
52 140 17
52 144 11
52 147 22
52 150 100
53 58 82
53 59 61
53 60 73
53 62 2
53 69 47
53 70 41
53 81 7
53 82 85
53 85 73
53 93 77
53 94 72
53 95 28
53 104 89
53 105 71
53 107 55
53 109 82
53 110 32
53 112 39
53 113 99
53 114 44
53 115 11
53 116 16
53 121 34
53 123 77
53 124 24
53 125 91
53 128 8
53 132 90
53 134 6
53 136 68
53 139 40
53 140 28
53 141 98
53 142 51
53 143 3
53 149 64
53 150 50
54 55 28
54 57 86
54 58 72
54 59 27
54 61 7
54 63 9
54 64 7
54 65 43
54 66 64
54 68 89
54 70 89
54 72 91
54 73 70
54 76 62
54 77 91
54 78 28
54 82 29
54 84 47
54 88 53
54 92 75
54 95 19
54 100 99
54 105 99
54 106 32
54 108 33
54 110 77
54 111 73
54 112 67
54 116 1
54 120 83
54 121 31
54 122 34
54 123 28
54 124 80
54 126 41
54 127 49
54 130 58
54 132 63
54 135 56
54 136 89
54 138 90
54 139 2
54 141 68
54 144 89
54 145 32
54 148 26
55 56 36
55 58 56
55 64 60
55 65 24
55 69 29
55 75 63
55 77 83
55 78 18
55 80 66
55 84 98
55 89 39
55 93 94
55 94 74
55 104 74
55 105 22
55 108 22
55 111 41
55 112 94
55 115 89
55 116 83
55 117 26
55 118 84
55 122 95
55 127 54
55 128 95
55 132 28
55 136 73
55 140 65
55 142 29
55 144 56
55 147 66
55 148 10
55 150 56
56 61 13
56 63 88
56 65 24
56 67 41
56 72 41
56 73 63
56 76 73
56 80 96
56 85 78
56 88 55
56 89 59
56 95 60
56 99 16
56 102 7
56 104 86
56 110 49
56 111 30
56 112 36
56 113 83
56 116 96
56 121 68
56 125 87
56 127 72
56 128 26
56 131 60
56 132 27
56 136 40
56 137 89
56 141 95
56 142 91
56 143 27
56 144 56
56 147 64
57 62 43
57 64 63
57 66 60
57 67 69
57 68 75
57 71 92
57 72 92
57 73 4
57 81 36
57 82 43
57 84 83
57 86 28
57 87 39
57 88 53
57 89 52
57 91 49
57 92 41
57 95 29
57 103 49
57 104 71
57 105 62
57 106 57
57 110 93
57 112 45
57 114 8
57 118 25
57 121 25
57 124 52
57 127 25
57 129 13
57 137 6
57 138 94
57 141 2
57 142 30
57 143 6
57 144 59
57 146 1
57 147 2
57 149 80
57 150 38
58 59 28
58 60 86
58 62 79
58 63 21
58 64 51
58 72 23
58 73 77
58 75 42
58 77 30
58 78 37
58 80 99
58 82 88
58 86 32
58 88 52
58 89 75
58 90 13
58 92 97
58 95 9
58 97 25
58 102 2
58 106 21
58 109 67
58 110 48
58 111 46
58 113 88
58 115 18
58 120 22
58 122 85
58 127 88
58 130 51
58 133 84
58 135 18
58 138 9
58 139 1
58 141 7
58 144 34
58 145 20
58 146 21
58 147 46
59 67 59
59 70 17
59 72 27
59 75 9
59 78 29
59 81 83
59 82 4
59 83 25
59 86 59
59 89 28
59 90 15
59 91 79
59 93 7
59 95 22
59 100 86
59 102 53
59 104 1
59 106 1
59 108 16
59 110 78
59 114 2
59 120 6
59 123 95
59 124 52
59 126 83
59 131 27
59 137 96
59 138 48
59 139 26
59 141 28
59 146 4
59 148 48
59 150 10
60 62 35
60 63 88
60 66 31
60 67 98
60 71 94
60 82 79
60 84 81
60 87 12
60 88 94
60 90 49
60 92 68
60 93 23
60 94 1
60 99 97
60 100 5
60 110 78
60 111 32
60 112 93
60 114 39
60 116 67
60 122 81
60 123 97
60 126 68
60 131 16
60 132 29
60 133 20
60 139 100
60 142 8
60 143 39
60 145 44
60 146 76
60 147 3
60 148 50
61 67 67
61 73 56
61 76 51
61 77 28
61 80 98
61 81 69
61 84 87
61 92 77
61 93 65
61 97 52
61 99 15
61 105 78
61 106 46
61 109 73
61 110 80
61 113 35
61 114 86
61 117 2
61 118 12
61 122 88
61 129 24
61 131 19
61 132 14
61 133 19
61 136 98
61 137 28
61 139 38
61 143 1
61 146 5
61 147 61
61 150 95
62 63 49
62 65 23
62 73 12
62 74 81
62 75 38
62 76 45
62 80 63
62 81 74
62 82 55
62 84 39
62 85 71
62 87 42
62 95 42
62 96 24
62 98 39
62 107 90
62 111 4
62 115 97
62 116 75
62 117 53
62 126 61
62 127 93
62 133 53
62 145 14
62 149 72
63 64 61
63 67 89
63 68 16
63 70 18
63 75 83
63 77 32
63 78 15
63 81 16
63 82 21
63 86 2
63 87 40
63 90 60
63 97 73
63 101 52
63 103 12
63 104 21
63 109 79
63 112 74
63 114 73
63 118 29
63 119 42
63 122 43
63 123 12
63 124 43
63 125 75
63 127 43
63 132 46
63 133 80
63 137 56
63 139 68
63 140 25
63 141 79
63 145 76
63 148 34
63 150 39
64 65 73
64 68 19
64 70 88
64 71 52
64 75 44
64 76 69
64 78 75
64 82 54
64 84 70
64 85 47
64 87 29
64 88 97
64 95 55
64 98 37
64 100 13
64 104 56
64 105 55
64 109 72
64 110 91
64 116 80
64 117 30
64 119 37
64 120 31
64 123 43
64 124 31
64 126 38
64 127 69
64 132 33
64 133 83
64 140 14
64 141 4
64 142 6
64 147 83
64 149 55
65 67 94
65 70 74
65 73 51
65 76 38
65 81 71
65 83 27
65 87 57
65 89 74
65 94 19
65 95 65
65 96 51
65 97 48
65 99 42
65 100 50
65 101 75
65 102 24
65 103 39
65 111 97
65 116 49
65 118 28
65 119 10
65 120 20
65 123 88
65 125 55
65 131 14
65 132 81
65 133 55
65 136 17
65 140 93
66 68 25
66 75 77
66 83 92
66 86 14
66 89 48
66 91 55
66 96 96
66 97 18
66 99 51
66 102 77
66 103 57
66 106 41
66 113 72
66 114 17
66 116 29
66 117 31
66 119 31
66 122 99
66 124 3
66 125 37
66 126 1
66 127 39
66 131 59
66 133 27
66 136 73
66 137 94
66 138 12
66 141 5
66 144 53
66 146 63
66 147 29
67 68 54
67 71 90
67 72 21
67 75 5
67 77 43
67 85 23
67 88 35
67 91 14
67 97 71
67 100 9
67 109 16
67 111 40
67 115 94
67 122 76
67 123 79
67 124 19
67 126 76
67 127 20
67 129 15
67 137 29
67 139 71
67 143 81
67 146 22
67 147 26
67 150 3
68 70 54
68 71 66
68 77 5
68 78 64
68 79 85
68 87 2
68 91 8
68 93 1
68 97 95
68 100 75
68 102 67
68 110 73
68 112 3
68 117 92
68 129 61
68 132 99
68 134 15
68 135 18
68 136 94
68 137 4
68 138 5
68 142 56
68 143 48
68 147 17
68 149 12
69 70 70
69 72 35
69 73 40
69 80 87
69 84 74
69 85 35
69 87 54
69 89 68
69 93 66
69 95 95
69 97 43
69 99 49
69 100 5
69 101 92
69 105 54
69 109 6
69 110 60
69 115 89
69 117 25
69 118 91
69 119 15
69 120 87
69 123 81
69 125 11
69 126 61
69 130 39
69 134 99
69 138 34
69 139 54
69 140 10
69 143 87
69 145 3
70 72 67
70 73 34
70 74 21
70 76 71
70 82 92
70 88 46
70 93 54
70 96 74
70 99 68
70 100 75
70 101 51
70 103 37
70 106 88
70 110 25
70 113 13
70 119 45
70 124 87
70 129 13
70 134 80
70 135 32
70 136 30
70 139 33
70 143 11
70 148 73
71 75 20
71 77 57
71 78 51
71 83 5
71 85 45
71 89 49
71 92 44
71 94 61
71 97 28
71 99 65
71 100 59
71 103 86
71 108 19
71 115 33
71 118 38
71 121 75
71 124 93
71 126 40
71 128 94
71 130 68
71 132 19
71 134 45
71 136 32
71 139 91
71 140 5
71 141 15
71 143 78
71 144 92
71 146 99
71 149 34
71 150 27
72 77 9
72 88 21
72 89 47
72 90 89
72 91 19
72 93 78
72 98 38
72 99 35
72 101 82
72 104 30
72 109 15
72 114 47
72 116 12
72 124 53
72 125 13
72 126 100
72 128 21
72 129 1
72 130 59
72 132 94
72 134 83
72 135 92
72 136 67
72 149 11
73 75 81
73 81 69
73 82 36
73 87 40
73 88 42
73 90 29
73 94 27
73 99 24
73 103 84
73 104 21
73 107 46
73 110 78
73 112 50
73 118 100
73 119 36
73 130 32
73 131 23
73 134 22
73 135 23
73 136 22
73 138 45
73 140 1
73 143 35
73 145 24
73 146 47
73 148 38
73 149 17
73 150 65
74 78 13
74 80 59
74 82 18
74 85 21
74 89 56
74 90 97
74 91 22
74 94 62
74 95 15
74 99 26
74 101 2
74 103 46
74 106 43
74 107 45
74 111 84
74 113 74
74 115 31
74 117 15
74 120 53
74 122 95
74 127 3
74 130 88
74 131 5
74 136 25
74 138 76
74 144 82
74 146 8
74 148 9
74 150 25
75 78 77
75 80 73
75 82 59
75 83 25
75 91 11
75 95 20
75 96 40
75 97 62
75 103 68
75 106 50
75 109 49
75 110 53
75 111 100
75 116 39
75 117 61
75 118 7
75 122 4
75 123 90
75 125 58
75 126 81
75 127 86
75 128 25
75 131 47
75 133 36
75 134 34
75 140 18
75 143 61
76 78 3
76 79 69
76 81 59
76 82 39
76 83 95
76 86 40
76 89 39
76 92 5
76 94 54
76 98 22
76 102 26
76 105 59
76 113 10
76 117 2
76 118 74
76 119 9
76 122 28
76 123 5
76 127 24
76 133 11
76 134 35
76 138 17
76 141 88
76 143 91
76 144 52
76 146 68
76 150 48
77 79 86
77 82 54
77 84 18
77 85 77
77 88 49
77 89 52
77 91 85
77 92 78
77 93 4
77 94 85
77 96 60
77 97 8
77 98 87
77 99 78
77 102 93
77 103 33
77 105 41
77 106 48
77 113 40
77 116 37
77 119 13
77 120 86
77 122 88
77 123 23
77 124 57
77 127 100
77 128 8
77 129 12
77 130 66
77 137 26
77 139 15
77 140 95
77 142 39
77 145 100
77 146 89
78 79 14
78 81 79
78 85 98
78 86 54
78 88 47
78 90 23
78 92 69
78 95 57
78 97 81
78 98 61
78 99 1
78 100 13
78 101 93
78 102 55
78 104 46
78 106 1
78 109 92
78 110 18
78 111 1
78 113 26
78 116 2
78 119 72
78 125 50
78 126 93
78 136 32
78 137 73
78 138 15
78 141 99
78 142 64
78 144 50
78 147 15
78 149 57
78 150 3
79 81 61
79 83 6
79 86 12
79 93 12
79 99 38
79 103 86
79 105 59
79 108 56
79 109 31
79 111 28
79 114 26
79 117 91
79 119 80
79 120 73
79 124 53
79 129 45
79 132 80
79 135 78
79 136 85
79 137 20
79 139 58
79 143 2
80 82 44
80 83 3
80 84 97
80 87 64
80 88 59
80 93 40
80 94 85
80 97 15
80 98 67
80 99 73
80 100 29
80 104 54
80 107 40
80 111 14
80 119 15
80 120 76
80 124 83
80 125 32
80 127 88
80 131 42
80 132 96
80 137 74
80 144 57
80 150 5
81 82 99
81 84 63
81 86 48
81 92 76
81 93 26
81 102 88
81 107 54
81 113 38
81 114 78
81 115 49
81 116 38
81 117 81
81 120 23
81 122 55
81 123 31
81 124 24
81 125 45
81 138 89
81 140 47
81 142 65
81 148 72
82 83 50
82 84 53
82 85 35
82 86 36
82 88 61
82 89 40
82 92 70
82 98 59
82 100 34
82 106 81
82 108 71
82 109 44
82 110 51
82 111 15
82 112 51
82 113 39
82 114 32
82 117 7
82 119 21
82 122 85
82 124 20
82 125 47
82 126 100
82 130 5
82 131 35
82 133 34
82 136 1
82 139 78
82 142 61
82 143 96
82 144 70
82 145 55
82 147 82
82 149 61
83 84 4
83 85 80
83 87 47
83 91 4
83 94 16
83 98 64
83 101 77
83 103 60
83 104 60
83 105 2
83 107 61
83 108 38
83 111 75
83 112 90
83 123 7
83 124 42
83 130 80
83 134 24
83 136 50
83 138 53
83 142 47
83 143 89
83 144 26
83 145 84
83 148 8
83 150 80
84 86 41
84 87 35
84 88 6
84 89 24
84 90 58
84 95 79
84 99 54
84 100 53
84 106 60
84 107 18
84 109 99
84 111 4
84 121 97
84 125 64
84 126 80
84 127 8
84 129 92
84 130 91
84 134 87
84 138 70
84 140 74
84 141 20
84 143 79
84 144 32
84 147 100
84 148 68
84 150 9
85 88 95
85 90 44
85 95 78
85 96 7
85 97 20
85 98 85
85 99 45
85 104 5
85 108 3
85 112 96
85 113 38
85 115 2
85 121 89
85 124 80
85 126 3
85 135 91
85 136 52
85 140 65
85 145 79
86 88 89
86 89 89
86 100 85
86 104 76
86 108 96
86 113 91
86 114 81
86 116 43
86 120 95
86 122 30
86 125 16
86 126 54
86 129 8
86 132 8
86 134 39
86 136 52
86 139 70
86 141 42
86 142 84
86 145 11
86 146 51
86 147 97
87 90 51
87 93 92
87 95 96
87 98 93
87 102 36
87 103 23
87 104 54
87 106 60
87 112 10
87 117 37
87 118 35
87 121 54
87 122 5
87 124 59
87 128 69
87 132 50
87 133 48
87 134 34
87 135 4
87 136 50
87 137 41
87 138 35
87 140 1
87 142 7
87 146 33
87 150 81
88 91 67
88 92 20
88 93 9
88 94 37
88 99 54
88 101 88
88 104 1
88 105 54
88 108 7
88 110 23
88 117 10
88 121 12
88 123 5
88 124 46
88 128 8
88 130 41
88 131 20
88 137 3
88 142 14
88 146 83
88 147 88
88 148 74
88 149 9
89 93 97
89 95 77
89 96 95
89 99 32
89 102 68
89 103 65
89 104 57
89 105 50
89 107 19
89 111 85
89 116 84
89 117 70
89 122 39
89 125 92
89 131 93
89 133 13
89 135 39
89 145 90
89 147 73
89 149 44
90 93 79
90 94 53
90 100 79
90 102 8
90 104 36
90 106 5
90 111 50
90 115 35
90 117 11
90 120 45
90 121 20
90 123 35
90 124 98
90 125 45
90 128 5
90 129 9
90 134 48
90 139 66
90 142 36
90 150 52
91 92 54
91 95 99
91 99 82
91 102 90
91 105 73
91 108 21
91 110 59
91 111 29
91 116 83
91 118 72
91 119 52
91 123 92
91 124 50
91 126 20
91 139 6
91 147 37
91 148 18
92 97 29
92 100 64
92 106 39
92 107 73
92 112 37
92 115 86
92 117 66
92 119 67
92 121 79
92 125 3
92 126 52
92 130 23
92 133 69
92 142 63
92 143 22
92 145 35
92 146 10
93 97 7
93 98 69
93 101 43
93 102 12
93 104 96
93 107 49
93 108 63
93 112 29
93 115 91
93 118 76
93 119 1
93 123 76
93 124 67
93 131 75
93 132 86
93 133 15
93 135 5
93 137 65
93 140 49
93 142 43
93 148 84
94 101 71
94 102 5
94 103 39
94 107 68
94 108 79
94 110 22
94 113 93
94 114 63
94 120 51
94 125 62
94 126 37
94 127 35
94 128 70
94 130 2
94 131 36
94 133 98
94 134 7
94 135 12
94 138 81
94 142 86
94 144 64
94 148 27
95 96 92
95 98 70
95 99 92
95 100 87
95 101 42
95 107 84
95 108 81
95 110 36
95 113 54
95 115 69
95 116 6
95 121 28
95 122 62
95 127 64
95 128 64
95 129 51
95 130 76
95 133 8
95 136 88
95 137 60
95 140 72
95 141 72
95 143 60
95 144 49
95 146 14
95 147 62
95 149 24
95 150 43
96 101 44
96 105 5
96 111 32
96 113 90
96 116 53
96 117 72
96 120 38
96 121 75
96 122 26
96 127 76
96 131 49
96 133 71
96 134 89
96 140 79
96 143 64
96 145 90
96 146 83
96 147 48
96 149 88
96 150 31
97 102 93
97 103 66
97 108 15
97 110 78
97 111 73
97 112 6
97 113 8
97 118 54
97 122 85
97 125 11
97 126 10
97 127 85
97 128 72
97 129 40
97 130 88
97 131 27
97 132 17
97 137 31
97 139 24
97 141 16
97 142 82
97 143 1
97 144 45
97 148 25
97 149 100
98 100 38
98 103 99
98 105 69
98 107 1
98 108 80
98 109 15
98 110 74
98 112 69
98 114 28
98 121 25
98 122 36
98 125 16
98 128 74
98 130 8
98 131 3
98 132 75
98 135 61
98 138 5
98 139 62
98 141 7
98 144 90
98 145 35
99 100 58
99 107 48
99 108 67
99 112 17
99 113 12
99 116 66
99 117 67
99 118 44
99 119 83
99 124 21
99 125 6
99 126 26
99 129 45
99 134 25
99 135 5
99 136 91
99 137 20
99 138 96
99 140 90
99 142 49
99 146 35
99 148 15
100 101 19
100 113 26
100 115 77
100 117 40
100 119 25
100 124 97
100 126 21
100 130 76
100 132 48
100 137 60
100 140 35
100 141 33
100 144 24
100 145 12
101 102 4
101 105 97
101 106 93
101 108 57
101 111 40
101 117 84
101 119 4
101 120 52
101 123 2
101 129 89
101 130 58
101 131 38
101 133 63
101 136 57
101 146 60
101 148 45
102 105 82
102 107 12
102 110 2
102 112 49
102 114 98
102 115 68
102 117 72
102 120 4
102 123 14
102 125 19
102 127 62
102 128 54
102 130 85
102 131 31
102 132 3
102 133 21
102 134 55
102 141 75
102 144 39
102 145 35
102 146 31
102 150 13
103 105 33
103 108 3
103 109 37
103 110 57
103 113 82
103 115 40
103 117 46
103 120 82
103 122 40
103 125 3
103 128 94
103 130 39
103 140 56
103 144 65
103 145 91
103 148 62
104 109 84
104 113 84
104 115 61
104 116 68
104 119 29
104 121 97
104 123 76
104 124 40
104 127 4
104 128 45
104 130 34
104 133 28
104 135 92
104 139 57
104 140 45
104 142 76
104 144 38
104 146 72
104 148 61
104 149 89
104 150 90
105 107 59
105 110 85
105 111 30
105 115 67
105 118 7
105 119 16
105 122 76
105 123 58
105 125 19
105 126 19
105 129 94
105 133 100
105 134 59
105 135 83
105 137 96
105 138 65
105 140 41
105 143 23
105 148 82
105 149 28
105 150 69
106 108 24
106 110 30
106 111 75
106 112 1
106 115 22
106 116 57
106 118 87
106 122 28
106 124 72
106 125 82
106 126 87
106 127 42
106 128 18
106 129 15
106 130 82
106 133 89
106 137 6
106 143 82
106 144 87
106 145 11
106 147 55
106 148 62
106 149 48
106 150 50
107 109 3
107 110 73
107 113 68
107 114 20
107 115 53
107 118 80
107 119 43
107 120 5
107 123 3
107 127 11
107 130 3
107 134 35
107 137 57
108 110 4
108 111 51
108 112 70
108 113 76
108 116 15
108 123 100
108 124 82
108 125 48
108 127 83
108 128 28
108 129 54
108 130 28
108 135 68
108 137 81
108 138 95
108 142 73
108 144 75
108 149 53
108 150 12
109 111 28
109 113 91
109 114 71
109 117 80
109 119 50
109 121 48
109 123 46
109 126 68
109 134 68
109 139 40
109 140 85
109 145 31
109 146 84
109 147 78
109 149 20
110 114 19
110 115 7
110 117 32
110 118 51
110 123 60
110 124 61
110 125 84
110 127 1
110 128 89
110 138 83
110 142 3
110 146 38
110 147 76
110 150 14
111 112 49
111 113 35
111 114 10
111 116 7
111 120 27
111 123 99
111 127 26
111 128 46
111 129 57
111 140 50
111 141 66
111 142 65
111 145 100
111 146 93
111 148 56
111 150 36
112 114 1
112 121 59
112 127 57
112 129 78
112 132 17
112 134 33
112 137 62
112 138 74
112 143 19
112 144 61
113 114 89
113 115 50
113 121 33
113 125 17
113 128 57
113 129 60
113 131 39
113 133 37
113 138 77
113 143 71
113 144 67
113 145 91
113 147 60
113 149 33
114 117 79
114 120 66
114 122 62
114 123 39
114 126 95
114 128 41
114 130 11
114 131 95
114 135 52
114 136 59
114 140 7
114 145 85
114 146 24
114 150 60
115 116 61
115 117 41
115 122 27
115 125 29
115 126 4
115 127 97
115 128 93
115 129 8
115 131 71
115 134 14
115 135 92
115 136 93
115 137 41
115 138 71
115 141 28
115 142 38
115 143 53
115 144 90
115 145 15
115 147 13
116 117 93
116 118 87
116 120 11
116 121 39
116 124 71
116 125 74
116 133 30
116 144 44
116 145 60
116 146 14
116 147 27
116 148 45
116 149 86
116 150 48
117 125 100
117 126 10
117 132 83
117 133 66
117 135 39
117 136 32
117 137 78
117 138 29
117 139 72
117 140 33
117 141 24
117 143 90
117 148 25
117 149 32
118 121 56
118 126 72
118 128 77
118 132 26
118 133 5
118 135 4
118 136 4
118 143 68
118 144 80
118 146 56
118 148 5
118 149 68
119 121 65
119 122 66
119 125 7
119 128 96
119 129 54
119 133 9
119 135 32
119 137 81
119 139 78
119 140 76
119 144 60
119 145 71
119 146 82
119 147 81
119 149 25
119 150 45
120 122 85
120 126 55
120 129 76
120 130 89
120 133 98
120 134 65
120 135 38
120 137 66
120 139 100
120 142 50
120 144 74
120 145 100
120 146 20
120 147 33
120 148 74
121 123 69
121 124 93
121 126 29
121 129 32
121 130 4
121 131 98
121 136 40
121 137 33
121 140 97
121 141 95
121 144 56
121 147 2
122 123 37
122 125 70
122 127 11
122 130 10
122 131 7
122 135 85
122 137 33
122 138 76
122 139 19
122 142 18
122 143 98
122 144 78
122 145 18
122 148 24
122 149 43
123 129 15
123 132 49
123 133 63
123 134 55
123 139 49
123 144 11
123 147 83
123 149 40
124 128 59
124 131 42
124 132 9
124 133 94
124 134 13
124 137 42
124 140 93
124 141 77
124 144 50
125 132 24
125 134 84
125 136 13
125 137 56
125 138 25
125 139 65
125 141 99
125 145 21
125 147 77
125 148 77
125 150 70
126 131 42
126 132 62
126 135 84
126 136 27
126 137 2
126 140 68
126 141 47
126 142 47
126 144 18
126 147 11
126 149 68
126 150 89
127 131 28
127 138 34
127 140 99
127 144 25
127 147 84
127 150 79
128 130 87
128 131 35
128 134 30
128 135 98
128 137 42
128 139 86
128 144 28
128 150 76
129 130 2
129 134 14
129 136 19
129 137 74
129 139 32
129 141 67
129 142 80
129 143 4
129 144 10
129 145 57
129 146 32
129 147 41
129 149 46
130 131 61
130 140 8
130 141 5
130 143 28
130 144 34
130 145 10
130 148 22
131 136 64
131 137 85
131 138 16
131 139 28
131 144 15
131 145 29
132 136 27
132 142 53
132 145 45
132 148 22
132 149 86
132 150 93
133 134 93
133 135 73
133 142 70
133 143 29
133 144 86
133 147 50
133 149 7
134 140 23
134 142 61
134 147 10
134 148 30
134 149 64
134 150 96
135 142 61
135 145 83
135 149 34
136 138 10
136 141 49
136 142 5
136 144 28
136 150 1
137 140 69
137 142 29
137 144 42
137 146 11
137 148 77
137 149 69
138 139 53
138 145 23
139 142 20
139 143 69
139 144 58
139 145 57
139 146 62
139 147 100
139 150 20
140 141 1
140 143 3
140 149 86
140 150 7
141 143 90
141 145 59
141 146 80
141 147 63
142 145 28
142 148 3
142 150 15
143 144 41
143 146 57
143 148 36
143 149 50
144 148 48
144 149 37
145 146 62
145 148 81
145 149 76
146 149 100
1 5 7
1 11 1
1 12 75
1 14 82
1 15 55
1 23 36
1 24 17
1 26 76
1 31 60
1 32 65
1 42 84
1 43 87
1 45 76
1 48 54
1 49 30
1 51 49
1 52 37
1 53 83
1 57 37
1 58 38
1 63 80
1 65 87
1 66 49
1 74 93
1 75 24
1 76 20
1 79 61
1 80 100
1 81 47
1 82 13
1 86 80
1 88 78
1 90 57
1 91 89
1 93 86
1 97 17
1 99 32
1 100 19
1 101 60
1 103 83
1 105 85
1 107 12
1 108 90
1 111 16
1 117 38
1 118 91
1 120 87
1 126 67
1 130 40
1 137 41
1 138 3
1 142 62
1 146 29
1 147 56
2 3 25
2 6 38
2 8 66
2 10 72
2 13 42
2 14 24
2 18 58
2 19 56
2 20 41
2 21 100
2 25 93
2 27 68
2 28 80
2 29 97
2 31 13
2 35 93
2 37 60
2 38 45
2 40 28
2 45 99
2 47 21
2 48 54
2 55 57
2 65 42
2 70 72
2 72 45
2 76 77
2 80 54
2 83 50
2 84 65
2 85 54
2 86 91
2 87 84
2 89 76
2 92 7
2 95 70
2 97 5
2 98 72
2 102 79
2 103 64
2 106 27
2 107 97
2 109 19
2 113 74
2 117 60
2 119 15
2 121 48
2 123 20
2 130 53
2 131 66
2 132 91
2 135 21
2 136 74
2 137 48
2 139 83
2 143 92
2 145 88
2 146 93
3 4 59
3 6 39
3 7 43
3 9 97
3 13 89
3 14 45
3 18 48
3 20 31
3 23 40
3 26 87
3 27 44
3 31 51
3 32 8
3 37 72
3 39 69
3 45 92
3 49 29
3 52 24
3 54 56
3 56 75
3 59 81
3 64 52
3 65 85
3 70 35
3 72 56
3 73 49
3 77 39
3 82 14
3 83 43
3 87 32
3 90 3
3 91 57
3 93 55
3 95 43
3 96 79
3 98 53
3 99 38
3 100 19
3 102 80
3 111 64
3 114 52
3 117 19
3 118 40
3 119 35
3 124 25
3 128 43
3 129 59
3 132 87
3 133 25
3 139 81
3 140 5
3 145 95
3 150 24
4 6 31
4 7 61
4 8 59
4 9 83
4 11 18
4 15 1
4 16 31
4 18 22
4 21 13
4 24 6
4 27 24
4 30 74
4 34 86
4 36 52
4 39 41
4 42 65
4 44 30
4 45 83
4 52 51
4 55 29
4 56 21
4 60 50
4 62 57
4 63 66
4 67 13
4 68 57
4 69 23
4 72 12
4 75 78
4 76 90
4 82 59
4 85 40
4 88 69
4 89 49
4 90 2
4 92 24
4 93 74
4 94 68
4 96 31
4 97 82
4 101 26
4 103 38
4 105 25
4 107 33
4 109 56
4 117 86
4 118 23
4 119 96
4 121 79
4 122 83
4 124 67
4 126 77
4 131 86
4 133 47
4 143 56
4 145 88
4 146 48
4 148 51
4 149 88
5 7 43
5 9 52
5 10 50
5 11 67
5 16 93
5 19 14
5 23 93
5 24 74
5 26 100
5 29 7
5 30 49
5 34 100
5 43 74
5 45 43
5 46 80
5 48 38
5 53 100
5 54 58
5 55 99
5 59 93
5 62 1
5 63 22
5 64 1
5 67 28
5 69 69
5 72 48
5 74 16
5 75 71
5 76 85
5 77 60
5 80 19
5 81 40
5 82 8
5 84 13
5 85 41
5 87 7
5 95 90
5 97 97
5 98 100
5 100 84
5 101 99
5 104 36
5 106 73
5 108 73
5 109 14
5 113 21
5 117 7
5 118 74
5 120 8
5 124 84
5 125 92
5 129 74
5 130 24
5 134 12
5 135 1
5 138 68
5 146 2
5 150 62
6 8 42
6 13 49
6 14 86
6 15 5
6 17 50
6 22 38
6 25 45
6 27 94
6 29 9
6 31 13
6 36 97
6 38 14
6 39 74
6 42 82
6 43 61
6 44 37
6 45 55
6 47 26
6 48 34
6 49 73
6 50 45
6 53 22
6 54 60
6 55 77
6 57 72
6 59 7
6 68 91
6 72 48
6 73 73
6 75 44
6 76 85
6 78 95
6 79 14
6 85 56
6 89 81
6 90 50
6 91 45
6 92 75
6 94 88
6 95 36
6 96 9
6 102 72
6 103 67
6 106 50
6 108 70
6 109 60
6 114 96
6 116 21
6 118 33
6 125 50
6 126 84
6 129 1
6 133 52
6 135 83
6 137 76
6 142 84
6 143 10
6 149 32
7 8 69
7 9 46
7 11 76
7 13 88
7 14 31
7 17 47
7 21 3
7 22 11
7 23 55
7 24 70
7 26 27
7 28 85
7 29 47
7 30 80
7 41 92
7 42 11
7 43 24
7 45 26
7 50 21
7 53 51
7 54 5
7 61 16
7 63 56
7 64 98
7 67 2
7 69 46
7 70 30
7 71 2
7 72 26
7 73 17
7 74 50
7 75 49
7 78 37
7 83 15
7 84 38
7 89 79
7 96 84
7 97 9
7 98 31
7 99 17
7 101 6
7 111 13
7 114 25
7 116 12
7 117 47
7 120 94
7 122 5
7 123 84
7 124 72
7 125 1
7 126 70
7 127 14
7 132 76
7 135 8
7 136 5
7 137 38
7 138 97
7 139 77
7 141 64
7 142 78
7 145 62
7 148 72
7 150 1
8 10 97
8 13 55
8 14 58
8 17 93
8 19 58
8 23 69
8 28 40
8 29 86
8 30 53
8 32 80
8 33 100
8 34 12
8 35 31
8 38 64
8 39 74
8 40 11
8 51 29
8 54 12
8 58 64
8 59 27
8 60 85
8 66 43
8 69 31
8 74 33
8 76 55
8 78 37
8 79 49
8 81 66
8 82 69
8 84 5
8 85 88
8 88 11
8 89 54
8 93 7
8 94 57
8 95 57
8 100 85
8 103 41
8 104 4
8 107 54
8 110 46
8 113 86
8 115 21
8 116 22
8 123 19
8 124 39
8 127 71
8 128 33
8 130 37
8 133 85
8 136 19
8 137 19
8 140 20
8 143 75
8 144 65
8 147 68
8 149 70
8 150 60
9 11 15
9 12 52
9 15 93
9 17 7
9 18 72
9 19 59
9 21 82
9 22 2
9 23 44
9 24 56
9 28 84
9 31 79
9 34 47
9 36 44
9 37 96
9 38 37
9 40 5
9 41 8
9 42 7
9 44 19
9 45 84
9 47 51
9 48 74
9 50 60
9 55 72
9 57 62
9 58 41
9 61 16
9 63 65
9 64 82
9 66 48
9 70 45
9 78 18
9 82 58
9 83 5
9 84 94
9 85 92
9 87 90
9 89 78
9 90 81
9 91 73
9 92 46
9 98 61
9 101 86
9 102 23
9 106 78
9 110 38
9 111 39
9 114 70
9 115 55
9 116 22
9 120 75
9 121 27
9 123 37
9 126 31
9 129 21
9 131 31
9 132 70
9 133 30
9 136 30
9 137 72
9 139 45
9 140 34
9 141 100
9 143 26
9 144 4
9 147 6
9 150 43
10 16 62
10 18 50
10 19 22
10 20 4
10 21 81
10 22 60
10 29 18
10 32 54
10 35 16
10 36 78
10 40 82
10 42 53
10 44 12
10 48 46
10 49 12
10 53 96
10 57 40
10 60 33
10 62 29
10 67 86
10 68 60
10 69 60
10 79 12
10 82 84
10 88 83
10 91 39
10 92 42
10 94 49
10 95 17
10 96 46
10 98 27
10 99 72
10 100 52
10 103 41
10 107 23
10 110 3
10 113 7
10 117 94
10 118 55
10 120 21
10 121 7
10 127 24
10 130 3
10 132 25
10 134 14
10 137 28
10 138 96
10 139 81
10 145 48
10 147 11
11 13 33
11 14 53
11 15 90
11 22 70
11 27 6
11 28 38
11 30 53
11 31 57
11 35 77
11 36 48
11 44 24
11 46 11
11 48 65
11 49 38
11 55 23
11 57 59
11 61 43
11 62 58
11 64 50
11 65 12
11 66 21
11 69 14
11 70 21
11 72 19
11 73 36
11 75 93
11 78 3
11 79 25
11 83 69
11 84 82
11 86 88
11 88 93
11 90 51
11 92 1
11 96 73
11 100 70
11 102 65
11 105 41
11 111 73
11 115 69
11 116 47
11 118 97
11 121 61
11 122 4
11 123 28
11 124 91
11 126 51
11 129 61
11 132 49
11 133 73
11 135 54
11 137 75
11 138 9
11 139 88
11 140 7
11 141 80
11 143 79
11 146 61
11 149 54
11 150 38
12 13 24
12 14 99
12 15 38
12 17 65
12 20 33
12 23 31
12 24 32
12 26 50
12 27 21
12 32 28
12 37 96
12 39 15
12 40 9
12 43 9
12 45 76
12 48 67
12 53 55
12 58 29
12 61 99
12 65 64
12 66 35
12 67 15
12 73 48
12 75 62
12 77 37
12 78 48
12 81 42
12 82 74
12 83 93
12 84 36
12 88 5
12 89 100
12 90 37
12 95 33
12 98 20
12 99 50
12 100 19
12 103 62
12 104 37
12 106 43
12 108 8
12 109 61
12 111 59
12 120 8
12 121 82
12 122 32
12 123 32
12 124 40
12 126 41
12 128 11
12 129 63
12 130 8
12 131 44
12 136 15
12 138 55
12 142 13
12 145 88
12 146 90
12 150 13
13 17 85
13 18 99
13 21 98
13 27 34
13 28 99
13 29 26
13 31 75
13 32 52
13 33 38
13 35 21
13 36 26
13 39 80
13 42 15
13 45 72
13 52 82
13 53 10
13 58 5
13 60 85
13 63 69
13 64 58
13 66 95
13 68 75
13 70 72
13 75 77
13 76 9
13 78 21
13 79 81
13 80 75
13 87 43
13 89 47
13 95 82
13 96 55
13 99 1
13 100 100
13 102 75
13 104 64
13 105 80
13 108 52
13 109 55
13 113 5
13 118 3
13 119 40
13 121 97
13 123 4
13 125 79
13 126 8
13 129 7
13 131 96
13 133 16
13 135 26
13 136 36
13 142 58
13 143 37
13 149 90
13 150 82
14 15 21
14 18 81
14 19 36
14 20 48
14 21 6
14 24 90
14 28 86
14 31 3
14 32 19
14 37 14
14 41 12
14 42 32
14 43 18
14 44 50
14 45 71
14 47 18
14 56 90
14 58 3
14 61 60
14 62 40
14 69 75
14 70 60
14 71 40
14 75 96
14 81 94
14 83 39
14 86 62
14 87 53
14 89 25
14 94 89
14 97 87
14 98 12
14 99 94
14 100 59
14 104 51
14 105 79
14 108 85
14 113 8
14 114 7
14 115 88
14 123 5
14 124 79
14 125 77
14 127 1
14 128 45
14 131 19
14 132 57
14 136 82
14 138 32
14 139 66
14 141 10
14 143 41
14 144 75
14 146 60
15 17 79
15 23 27
15 24 66
15 25 61
15 26 99
15 27 27
15 28 72
15 29 54
15 32 31
15 34 29
15 35 100
15 36 56
15 37 63
15 39 45
15 40 55
15 43 18
15 46 42
15 49 64
15 51 8
15 53 60
15 56 70
15 59 65
15 61 22
15 62 95
15 65 7
15 67 78
15 68 6
15 70 47
15 71 8
15 72 35
15 73 27
15 76 13
15 78 43
15 85 44
15 86 99
15 88 82
15 89 66
15 90 97
15 92 44
15 93 2
15 94 90
15 95 100
15 98 85
15 99 5
15 100 20
15 106 54
15 109 74
15 112 33
15 113 17
15 115 54
15 120 93
15 122 28
15 123 97
15 126 50
15 127 34
15 128 70
15 129 97
15 131 45
15 132 73
15 136 40
15 137 57
15 140 85
15 147 21
15 149 13
16 17 71
16 19 81
16 22 7
16 30 97
16 31 75
16 32 66
16 37 45
16 38 100
16 40 56
16 41 92
16 45 92
16 48 46
16 51 2
16 54 31
16 61 54
16 62 88
16 64 16
16 72 94
16 73 31
16 76 24
16 77 30
16 78 78
16 79 6
16 80 33
16 82 5
16 83 41
16 85 12
16 90 37
16 98 30
16 99 39
16 103 76
16 104 5
16 105 38
16 106 43
16 107 14
16 108 93
16 109 66
16 113 71
16 114 97
16 116 98
16 119 24
16 121 68
16 122 14
16 123 16
16 124 53
16 131 76
16 132 10
16 138 38
16 145 58
16 147 92
16 149 12
17 20 9
17 21 86
17 22 91
17 23 19
17 24 52
17 25 65
17 27 89
17 32 99
17 38 13
17 39 42
17 45 91
17 47 78
17 48 54
17 49 91
17 52 95
17 53 18
17 54 92
17 55 9
17 57 40
17 60 31
17 63 35
17 64 94
17 66 44
17 67 76
17 68 28
17 69 64
17 74 98
17 75 81
17 77 21
17 79 39
17 81 89
17 82 9
17 83 22
17 84 33
17 86 66
17 89 69
17 90 34
17 92 89
17 93 94
17 96 91
17 98 84
17 100 12
17 102 89
17 104 69
17 105 80
17 106 81
17 107 93
17 113 67
17 115 13
17 117 33
17 120 7
17 130 22
17 132 54
17 135 59
17 138 27
17 139 14
17 140 47
17 142 53
17 144 73
17 145 46
17 147 69
17 149 62
18 20 25
18 21 48
18 24 19
18 26 28
18 27 94
18 30 32
18 33 50
18 34 48
18 35 30
18 36 59
18 38 94
18 40 95
18 41 56
18 49 90
18 52 21
18 57 19
18 59 5
18 60 65
18 61 62
18 62 28
18 67 61
18 69 66
18 71 49
18 75 38
18 76 65
18 77 3
18 79 71
18 83 52
18 87 70
18 89 93
18 90 50
18 92 5
18 94 98
18 95 23
18 96 1
18 98 61
18 99 36
18 102 64
18 103 92
18 104 50
18 107 29
18 117 69
18 119 5
18 121 74
18 123 73
18 125 68
18 129 28
18 131 66
18 132 25
18 135 39
18 140 85
18 143 52
18 146 24
19 22 93
19 29 82
19 30 24
19 38 55
19 41 99
19 44 30
19 47 16
19 48 49
19 49 51
19 52 50
19 56 15
19 63 17
19 66 86
19 68 1
19 73 90
19 75 20
19 78 80
19 79 7
19 81 23
19 82 31
19 83 41
19 85 71
19 86 87
19 91 8
19 92 93
19 96 12
19 97 19
19 99 85
19 100 13
19 101 36
19 102 81
19 109 67
19 111 51
19 112 87
19 115 10
19 116 69
19 120 40
19 124 57
19 127 93
19 129 63
19 130 21
19 137 74
19 146 40
19 148 30
19 149 82
19 150 41
20 22 31
20 26 100
20 27 5
20 29 13
20 30 12
20 33 6
20 37 79
20 38 6
20 41 39
20 42 15
20 43 32
20 44 2
20 47 52
20 49 45
20 50 7
20 54 62
20 55 22
20 56 47
20 57 72
20 59 51
20 62 68
20 63 67
20 64 30
20 66 34
20 67 83
20 68 74
20 69 12
20 78 36
20 81 66
20 84 76
20 85 75
20 90 54
20 94 39
20 97 91
20 99 57
20 100 17
20 101 37
20 106 53
20 108 91
20 109 45
20 110 44
20 112 7
20 118 95
20 120 64
20 122 9
20 124 23
20 133 81
20 134 54
20 135 16
20 136 48
20 139 85
20 144 27
20 146 92
20 147 97
20 148 11
20 149 6
21 22 17
21 23 8
21 27 1
21 33 64
21 34 51
21 39 79
21 40 36
21 41 91
21 42 50
21 43 95
21 44 51
21 47 79
21 50 13
21 51 10
21 53 96
21 63 78
21 64 31
21 66 96
21 67 8
21 68 47
21 70 98
21 72 47
21 73 68
21 76 76
21 81 8
21 82 38
21 83 5
21 88 70
21 89 21
21 90 67
21 92 67
21 100 2
21 102 36
21 104 82
21 115 17
21 118 19
21 124 17
21 129 18
21 136 9
21 137 11
21 140 50
21 146 49
21 150 4
22 25 54
22 31 46
22 33 28
22 35 74
22 37 51
22 42 56
22 43 80
22 44 91
22 46 40
22 49 17
22 50 81
22 51 14
22 52 58
22 57 4
22 58 92
22 59 20
