150 10058 1
1 2 3
1 3 9
1 6 11
1 7 90
1 9 39
1 15 37
1 16 53
1 17 94
1 21 46
1 22 16
1 23 10
1 28 47
1 29 22
1 30 27
1 36 82
1 38 42
1 39 63
1 40 42
1 41 59
1 42 21
1 50 30
1 51 49
1 52 14
1 55 83
1 56 74
1 58 45
1 59 21
1 63 69
1 64 18
1 65 99
1 67 100
1 68 76
1 70 36
1 72 14
1 75 71
1 76 36
1 78 35
1 82 63
1 88 41
1 89 51
1 90 23
1 91 50
1 95 83
1 96 55
1 99 86
1 100 94
1 101 81
1 102 62
1 104 49
1 105 40
1 108 81
1 110 26
1 112 2
1 113 92
1 115 50
1 118 7
1 120 50
1 121 87
1 124 51
1 133 67
1 134 20
1 136 92
1 137 3
1 138 33
1 140 30
1 144 87
1 146 25
1 148 70
1 149 83
2 3 3
2 7 76
2 12 4
2 13 14
2 14 41
2 15 27
2 17 10
2 20 99
2 21 52
2 23 59
2 26 28
2 27 14
2 28 69
2 29 3
2 32 45
2 34 44
2 40 96
2 43 37
2 46 32
2 49 97
2 50 61
2 53 70
2 55 60
2 59 82
2 63 90
2 65 76
2 69 34
2 70 10
2 74 2
2 77 5
2 79 21
2 82 25
2 84 78
2 89 21
2 91 1
2 93 62
2 95 97
2 97 50
2 101 43
2 102 41
2 106 5
2 107 60
2 110 87
2 112 12
2 118 28
2 122 76
2 123 15
2 124 92
2 126 33
2 127 96
2 128 11
2 132 81
2 135 28
2 136 16
2 142 34
2 146 7
2 147 54
2 148 6
2 149 63
2 150 32
3 5 100
3 6 33
3 9 27
3 11 93
3 14 54
3 15 60
3 19 35
3 20 47
3 24 7
3 27 97
3 30 41
3 32 87
3 38 38
3 45 15
3 49 71
3 50 97
3 55 88
3 56 35
3 58 46
3 70 5
3 74 21
3 77 57
3 86 95
3 87 39
3 89 76
3 94 57
3 98 64
3 103 98
3 104 38
3 105 24
3 113 68
3 115 30
3 120 75
3 122 11
3 123 73
3 124 42
3 125 38
3 127 58
3 130 100
3 132 62
3 135 88
3 137 9
3 139 94
3 144 62
3 145 84
3 146 54
3 148 90
3 150 80
4 5 96
4 6 92
4 8 44
4 9 27
4 10 36
4 11 53
4 12 80
4 14 20
4 17 28
4 18 63
4 21 34
4 22 12
4 23 56
4 24 32
4 25 57
4 28 100
4 31 29
4 32 96
4 34 73
4 39 34
4 43 5
4 47 72
4 49 9
4 50 38
4 54 79
4 56 76
4 58 36
4 62 48
4 66 51
4 69 21
4 70 23
4 78 75
4 79 16
4 80 9
4 86 31
4 87 75
4 89 94
4 91 81
4 92 49
4 96 30
4 97 82
4 99 36
4 100 67
4 101 85
4 104 15
4 108 54
4 110 58
4 111 84
4 113 78
4 114 76
4 118 36
4 120 59
4 121 58
4 125 18
4 126 83
4 127 41
4 128 63
4 129 10
4 135 52
4 136 58
4 142 10
4 144 30
4 145 59
4 149 73
5 6 30
5 9 79
5 11 81
5 13 32
5 19 94
5 24 24
5 27 30
5 29 82
5 30 78
5 34 11
5 37 100
5 38 26
5 39 31
5 43 9
5 47 11
5 49 60
5 53 77
5 54 28
5 55 83
5 57 44
5 58 7
5 59 100
5 64 47
5 65 23
5 67 89
5 75 64
5 76 83
5 78 71
5 81 95
5 82 8
5 85 60
5 86 92
5 87 61
5 88 61
5 91 42
5 94 12
5 95 91
5 97 52
5 100 20
5 103 92
5 105 64
5 108 3
5 109 17
5 112 61
5 115 30
5 116 29
5 117 54
5 120 78
5 122 79
5 123 85
5 125 48
5 129 68
5 130 9
5 131 29
5 132 72
5 135 32
5 136 61
5 137 28
5 138 87
5 146 61
6 8 6
6 10 69
6 13 48
6 15 43
6 22 17
6 23 56
6 25 48
6 26 1
6 28 59
6 29 50
6 32 68
6 35 44
6 36 60
6 38 17
6 39 11
6 41 18
6 42 23
6 44 10
6 47 36
6 49 71
6 50 14
6 53 71
6 55 31
6 60 93
6 62 34
6 64 21
6 66 20
6 71 89
6 73 14
6 76 43
6 78 26
6 79 69
6 81 85
6 82 2
6 85 60
6 88 72
6 91 32
6 93 97
6 94 25
6 97 65
6 98 80
6 104 44
6 106 86
6 108 46
6 109 56
6 111 94
6 113 48
6 120 83
6 124 62
6 127 1
6 128 48
6 129 19
6 131 38
6 132 83
6 136 64
6 144 75
6 149 57
6 150 13
7 8 94
7 9 62
7 14 61
7 16 99
7 17 15
7 21 95
7 22 49
7 23 52
7 32 24
7 36 27
7 38 40
7 39 14
7 42 65
7 45 39
7 50 90
7 52 49
7 54 93
7 56 59
7 58 90
7 60 36
7 64 78
7 65 12
7 66 41
7 68 42
7 72 81
7 74 37
7 75 78
7 77 95
7 78 9
7 80 67
7 84 97
7 86 95
7 89 99
7 93 4
7 94 76
7 95 75
7 98 4
7 99 76
7 104 60
7 105 7
7 107 79
7 108 3
7 113 97
7 114 34
7 115 64
7 116 47
7 117 63
7 118 84
7 121 22
7 124 40
7 129 71
7 131 28
7 132 59
7 133 53
7 135 3
7 136 41
7 139 10
7 144 82
7 145 77
7 146 15
7 150 2
8 10 63
8 15 95
8 17 39
8 20 21
8 22 10
8 24 21
8 25 32
8 35 39
8 36 8
8 37 25
8 40 56
8 49 1
8 50 88
8 59 80
8 60 48
8 61 87
8 63 19
8 64 11
8 65 89
8 66 2
8 69 76
8 72 20
8 74 21
8 76 91
8 80 38
8 86 45
8 87 27
8 91 90
8 92 16
8 95 51
8 96 78
8 99 33
8 100 57
8 103 39
8 111 70
8 112 74
8 121 64
8 123 27
8 124 79
8 126 83
8 127 48
8 128 3
8 130 8
8 134 64
8 138 40
8 140 47
8 142 71
8 143 5
8 147 7
9 10 86
9 13 70
9 16 93
9 17 46
9 21 97
9 22 70
9 29 88
9 30 12
9 31 24
9 38 2
9 41 78
9 42 4
9 49 25
9 50 54
9 51 62
9 53 60
9 60 54
9 61 91
9 65 22
9 67 62
9 68 73
9 70 97
9 73 60
9 76 38
9 78 87
9 80 71
9 87 94
9 90 87
9 91 97
9 95 4
9 98 95
9 100 43
9 101 58
9 103 64
9 106 56
9 107 90
9 108 63
9 109 1
9 110 94
9 114 97
9 115 74
9 124 7
9 128 71
9 129 1
9 132 84
9 133 28
9 135 62
9 136 15
9 138 8
9 140 6
9 141 70
9 142 13
9 143 25
9 145 90
9 147 77
9 148 31
9 149 4
10 11 93
10 12 20
10 13 96
10 14 60
10 16 70
10 18 69
10 20 13
10 22 40
10 23 7
10 25 59
10 26 36
10 27 8
10 28 96
10 32 70
10 33 62
10 34 81
10 37 53
10 38 27
10 39 98
10 40 81
10 41 94
10 42 67
10 48 98
10 50 55
10 51 100
10 53 45
10 54 33
10 57 22
10 59 21
10 61 100
10 63 33
10 65 66
10 66 29
10 68 73
10 69 49
10 70 42
10 71 21
10 73 77
10 77 41
10 78 29
10 80 28
10 82 65
10 88 43
10 89 55
10 91 6
10 92 17
10 100 75
10 101 29
10 102 79
10 104 18
10 106 39
10 107 24
10 108 43
10 113 46
10 115 57
10 116 2
10 117 21
10 121 56
10 122 43
10 123 69
10 126 99
10 131 4
10 134 73
10 137 95
10 140 9
10 142 8
10 143 64
10 145 88
10 146 16
10 150 49
11 12 42
11 15 28
11 18 89
11 22 3
11 24 38
11 26 61
11 28 53
11 29 36
11 30 88
11 32 36
11 36 36
11 39 80
11 40 51
11 44 53
11 46 39
11 47 99
11 49 65
11 52 3
11 54 9
11 60 30
11 61 11
11 68 98
11 69 13
11 70 11
11 71 80
11 75 70
11 76 49
11 78 83
11 81 35
11 88 62
11 91 60
11 95 71
11 98 42
11 99 47
11 105 96
11 107 50
11 108 62
11 109 43
11 114 79
11 115 66
11 121 85
11 124 57
11 126 89
11 137 10
11 140 87
11 143 42
11 144 43
11 148 79
12 18 36
12 20 9
12 22 87
12 25 87
12 26 23
12 29 91
12 31 27
12 34 87
12 35 13
12 41 96
12 42 23
12 43 88
12 44 86
12 45 62
12 51 68
12 55 30
12 57 39
12 62 93
12 64 78
12 65 38
12 66 92
12 67 96
12 70 94
12 71 85
12 72 18
12 74 76
12 77 15
12 80 70
12 84 85
12 85 18
12 87 65
12 88 77
12 90 57
12 93 79
12 96 18
12 97 63
12 98 86
12 100 33
12 101 79
12 103 100
12 105 31
12 107 26
12 109 99
12 114 5
12 116 97
12 118 40
12 120 32
12 123 71
12 124 87
12 127 35
12 128 18
12 130 29
12 132 67
12 134 33
12 135 93
12 137 14
12 140 7
12 143 59
12 144 52
12 149 43
13 14 55
13 17 47
13 20 90
13 21 22
13 26 57
13 27 63
13 31 81
13 32 81
13 33 73
13 39 56
13 40 73
13 41 25
13 44 14
13 45 83
13 50 70
13 52 63
13 53 65
13 54 89
13 57 35
13 58 11
13 59 68
13 60 17
13 61 10
13 62 67
13 64 50
13 68 28
13 70 78
13 76 80
13 78 34
13 79 98
13 87 67
13 89 25
13 90 45
13 93 2
13 95 48
13 98 80
13 99 35
13 100 31
13 105 41
13 107 79
13 108 88
13 114 66
13 118 35
13 121 90
13 122 59
13 127 40
13 128 94
13 129 32
13 134 21
13 136 31
13 144 22
13 145 85
13 147 54
13 150 100
14 15 32
14 16 78
14 17 67
14 19 29
14 23 6
14 25 78
14 26 77
14 34 53
14 37 71
14 38 79
14 39 88
14 41 7
14 43 37
14 47 10
14 49 78
14 51 85
14 52 37
14 53 93
14 55 85
14 56 55
14 57 12
14 58 32
14 59 15
14 62 26
14 65 89
14 70 100
14 74 13
14 76 50
14 79 96
14 82 47
14 84 85
14 85 49
14 86 51
14 89 8
14 90 65
14 92 80
14 93 74
14 95 45
14 98 71
14 102 21
14 104 19
14 107 10
14 112 90
14 115 1
14 121 16
14 125 55
14 130 9
14 131 12
14 137 61
14 138 74
14 141 49
14 143 12
14 144 86
14 148 12
15 16 2
15 17 63
15 22 14
15 23 41
15 26 24
15 28 54
15 29 84
15 30 34
15 33 92
15 37 68
15 38 8
15 39 75
15 40 93
15 44 56
15 47 20
15 48 69
15 50 72
15 51 18
15 55 21
15 56 6
15 57 100
15 59 20
15 60 78
15 61 30
15 62 8
15 63 20
15 64 69
15 66 34
15 69 77
15 72 4
15 73 39
15 81 52
15 82 37
15 84 32
15 85 18
15 87 68
15 92 36
15 98 45
15 99 45
15 102 65
15 104 49
15 105 19
15 106 84
15 108 25
15 110 67
15 116 52
15 117 38
15 120 3
15 124 28
15 126 30
15 127 97
15 130 49
15 131 80
15 134 92
15 136 53
15 142 89
15 143 58
15 144 57
15 146 72
15 149 19
15 150 6
16 19 52
16 20 42
16 24 3
16 27 74
16 32 33
16 33 85
16 35 92
16 38 44
16 39 52
16 40 41
16 43 22
16 45 90
16 47 25
16 48 77
16 49 23
16 54 1
16 55 78
16 58 29
16 60 92
16 61 93
16 67 54
16 68 61
16 69 4
16 71 56
16 72 89
16 80 21
16 82 8
16 85 93
16 89 100
16 91 54
16 94 57
16 95 17
16 96 15
16 97 84
16 98 19
16 103 63
16 104 16
16 106 95
16 108 57
16 110 37
16 111 55
16 116 2
16 117 60
16 119 44
16 120 72
16 122 37
16 123 25
16 128 3
16 131 43
16 139 37
16 140 8
16 141 36
16 145 10
17 18 43
17 20 49
17 22 95
17 31 92
17 38 93
17 39 55
17 40 65
17 43 98
17 49 90
17 50 39
17 56 13
17 59 80
17 64 47
17 65 50
17 66 58
17 67 4
17 68 15
17 69 39
17 70 61
17 73 63
17 75 94
17 78 66
17 80 30
17 81 24
17 82 8
17 84 81
17 86 35
17 90 59
17 95 85
17 96 54
17 97 94
17 98 24
17 99 52
17 105 70
17 111 63
17 112 81
17 114 25
17 115 86
17 118 23
17 120 74
17 124 37
17 125 33
17 127 62
17 129 18
17 130 10
17 131 19
17 135 17
17 137 15
17 138 11
17 144 19
17 149 25
18 19 90
18 22 41
18 23 83
18 28 19
18 29 46
18 33 26
18 35 15
18 37 99
18 38 47
18 39 6
18 42 28
18 43 33
18 44 88
18 46 26
18 51 71
18 52 70
18 57 57
18 62 32
18 63 97
18 66 19
18 67 14
18 68 46
18 75 69
18 79 26
18 81 44
18 87 6
18 91 95
18 92 12
18 93 89
18 99 53
18 102 49
18 103 81
18 104 74
18 107 66
18 111 20
18 119 71
18 120 68
18 124 68
18 128 80
18 135 99
18 140 36
18 141 15
18 143 19
18 147 59
18 148 34
18 149 79
19 21 15
19 23 13
19 24 50
19 25 97
19 27 23
19 28 53
19 29 7
19 30 61
19 33 36
19 34 68
19 35 8
19 37 2
19 38 11
19 51 36
19 57 51
19 59 85
19 60 32
19 62 35
19 65 31
19 66 19
19 67 63
19 68 47
19 74 63
19 75 93
19 76 65
19 83 65
19 86 19
19 89 98
19 90 97
19 93 81
19 94 18
19 100 5
19 103 30
19 106 54
19 109 64
19 111 37
19 114 17
19 115 78
19 116 39
19 119 16
19 121 49
19 122 68
19 123 18
19 124 51
19 125 20
19 127 64
19 129 82
19 130 88
19 131 71
19 137 35
19 141 51
19 142 55
19 145 45
19 146 9
19 148 64
19 149 59
19 150 62
20 23 7
20 28 32
20 33 1
20 34 80
20 37 11
20 40 13
20 42 10
20 43 52
20 45 23
20 49 49
20 52 22
20 54 61
20 60 42
20 61 2
20 65 19
20 67 31
20 68 36
20 71 94
20 72 96
20 74 60
20 80 85
20 81 51
20 82 50
20 86 83
20 87 55
20 88 72
20 89 55
20 96 49
20 101 21
20 103 83
20 105 12
20 108 52
20 109 24
20 110 8
20 111 14
20 112 34
20 113 32
20 117 45
20 120 99
20 122 46
20 124 88
20 125 13
20 129 52
20 132 92
20 133 96
20 134 68
20 136 77
20 137 6
20 140 89
20 142 23
20 144 38
20 145 74
20 146 10
20 148 96
20 150 96
21 22 96
21 23 7
21 29 3
21 30 98
21 31 12
21 32 99
21 33 32
21 37 34
21 44 26
21 49 84
21 52 70
21 55 81
21 56 95
21 57 46
21 59 35
21 61 72
21 62 8
21 63 29
21 68 71
21 70 62
21 74 3
21 82 95
21 83 92
21 85 81
21 86 64
21 87 95
21 92 60
21 95 39
21 96 14
21 97 49
21 98 43
21 100 48
21 111 1
21 119 86
21 125 58
21 126 71
21 128 63
21 129 29
21 130 37
21 131 71
21 132 100
21 133 41
21 134 25
21 135 95
21 140 74
21 147 82
21 148 72
21 150 62
22 23 67
22 24 83
22 26 34
22 32 45
22 33 81
22 34 35
22 35 3
22 37 41
22 38 10
22 39 43
22 43 36
22 44 78
22 47 54
22 48 47
22 49 74
22 50 97
22 53 28
22 55 24
22 56 76
22 58 33
22 65 34
22 66 86
22 68 34
22 72 52
22 74 19
22 75 66
22 76 23
22 78 90
22 88 57
22 90 49
22 94 67
22 99 40
22 104 43
22 105 42
22 110 2
22 115 39
22 116 33
22 118 10
22 121 42
22 123 32
22 124 63
22 126 94
22 131 47
22 133 46
22 134 5
22 135 96
22 136 67
22 139 71
22 141 35
22 143 17
22 147 15
23 24 22
23 29 81
23 30 78
23 32 97
23 33 71
23 40 64
23 42 87
23 43 4
23 46 65
23 48 64
23 49 64
23 53 38
23 58 36
23 60 75
23 63 20
23 65 18
23 68 52
23 69 49
23 70 85
23 71 96
23 72 67
23 73 82
23 74 13
23 75 21
23 76 45
23 78 41
23 79 14
23 81 100
23 82 89
23 84 22
23 86 90
23 88 96
23 89 53
23 92 81
23 93 88
23 97 31
23 99 59
23 100 69
23 101 84
23 102 45
23 103 89
23 104 2
23 107 94
23 108 47
23 111 33
23 113 94
23 119 97
23 120 86
23 129 52
23 132 25
23 133 8
23 137 16
23 139 2
23 140 31
23 145 42
23 146 52
24 26 81
24 28 75
24 29 11
24 30 49
24 31 20
24 36 78
24 37 32
24 40 53
24 42 32
24 43 62
24 46 88
24 47 18
24 48 34
24 52 48
24 57 25
24 59 29
24 65 1
24 68 55
24 70 51
24 72 14
24 74 76
24 76 11
24 77 61
24 78 71
24 79 16
24 80 93
24 81 65
24 82 98
24 86 45
24 87 7
24 89 48
24 90 59
24 91 73
24 94 9
24 98 43
24 103 23
24 104 80
24 106 22
24 110 69
24 111 53
24 113 61
24 114 21
24 117 51
24 119 37
24 120 54
24 122 86
24 125 36
24 126 45
24 129 22
24 130 91
24 132 83
24 135 60
24 137 83
24 143 24
24 145 58
24 146 61
24 147 55
24 148 52
25 27 66
25 28 30
25 29 87
25 30 92
25 38 23
25 40 96
25 41 69
25 45 84
25 46 19
25 48 40
25 49 53
25 50 82
25 52 27
25 54 65
25 56 55
25 61 17
25 62 80
25 64 86
25 66 14
25 67 22
25 68 67
25 70 78
25 71 39
25 73 6
25 74 12
25 76 74
25 78 13
25 81 89
25 82 23
25 86 91
25 97 69
25 101 55
25 103 58
25 105 23
25 106 65
25 107 52
25 112 86
25 119 1
25 122 58
25 124 60
25 126 62
25 127 20
25 129 25
25 130 67
25 135 31
25 136 61
25 138 88
25 140 82
25 141 21
25 143 15
25 145 33
25 146 65
26 30 35
26 35 99
26 36 52
26 37 57
26 39 46
26 40 47
26 46 48
26 53 27
26 55 20
26 57 88
26 59 59
26 61 20
26 63 26
26 69 83
26 71 36
26 73 75
26 76 36
26 77 81
26 81 69
26 86 36
26 87 93
26 89 95
26 90 58
26 94 40
26 95 46
26 96 17
26 98 64
26 102 71
26 108 46
26 109 16
26 111 42
26 112 81
26 117 92
26 122 56
26 127 34
26 131 3
26 132 28
26 133 65
26 135 40
26 136 42
26 139 88
26 140 28
26 142 51
26 145 30
26 146 33
27 29 71
27 31 8
27 32 55
27 36 34
27 38 87
27 39 50
27 42 96
27 46 32
27 51 57
27 55 75
27 56 65
27 58 67
27 60 19
27 62 91
27 63 52
27 66 100
27 72 51
27 73 47
27 77 91
27 78 27
27 79 12
27 80 23
27 81 82
27 89 60
27 93 59
27 94 30
27 95 52
27 98 32
27 100 16
27 101 93
27 104 74
27 105 41
27 109 17
27 113 68
27 114 90
27 115 9
27 119 42
27 120 24
27 122 90
27 129 45
27 132 29
27 133 8
27 136 59
27 138 82
27 139 73
27 142 34
27 143 79
28 29 29
28 31 32
28 39 58
28 40 36
28 43 30
28 44 57
28 47 8
28 49 33
28 52 46
28 58 54
28 61 5
28 63 97
28 64 10
28 65 98
28 71 96
28 73 24
28 74 62
28 75 96
28 76 66
28 79 45
28 82 19
28 84 55
28 87 18
28 89 79
28 91 29
28 92 52
28 93 36
28 97 65
28 98 43
28 102 33
28 107 49
28 109 1
28 110 13
28 114 82
28 115 76
28 118 4
28 119 42
28 120 33
28 129 82
28 130 75
28 132 50
28 134 97
28 136 43
28 140 57
28 143 73
28 145 75
28 148 42
29 31 38
29 32 59
29 36 74
29 39 50
29 42 80
29 43 16
29 44 66
29 46 30
29 51 13
29 52 69
29 54 94
29 56 37
29 57 89
29 59 23
29 63 41
29 65 75
29 72 39
29 75 58
29 82 37
29 83 26
29 84 41
29 86 10
29 88 47
29 89 4
29 91 88
29 92 63
29 93 31
29 98 21
29 99 11
29 101 55
29 104 61
29 107 61
29 113 9
29 115 74
29 118 88
29 120 24
29 122 72
29 123 74
29 126 86
29 129 12
29 133 65
29 139 25
29 144 22
29 149 61
30 31 80
30 32 8
30 39 44
30 41 72
30 42 82
30 43 42
30 44 39
30 47 17
30 49 83
30 51 52
30 52 73
30 55 72
30 56 47
30 57 53
30 61 31
30 62 54
30 65 41
30 71 60
30 73 70
30 78 23
30 80 85
30 82 36
30 83 8
30 84 97
30 86 31
30 87 7
30 92 17
30 93 69
30 95 88
30 96 23
30 97 95
30 99 66
30 100 98
30 101 58
30 102 21
30 103 99
30 104 2
30 106 81
30 109 25
30 112 11
30 115 44
30 116 26
30 119 37
30 121 90
30 124 77
30 125 43
30 128 18
30 131 45
30 133 27
30 139 57
30 142 17
30 149 82
31 33 8
31 37 92
31 38 66
31 40 3
31 45 89
31 46 20
31 48 98
31 52 80
31 56 97
31 57 52
31 63 13
31 64 36
31 69 39
31 70 89
31 71 46
31 72 34
31 73 65
31 75 63
31 79 41
31 81 39
31 88 22
31 89 28
31 91 94
31 94 52
31 96 3
31 100 23
31 103 86
31 104 71
31 105 15
31 107 71
31 116 51
31 121 66
31 122 24
31 124 8
31 128 8
31 131 77
31 133 85
31 134 57
31 140 7
31 142 58
31 147 48
31 148 64
32 35 13
32 37 13
32 39 10
32 41 93
32 44 74
32 45 67
32 46 96
32 48 50
32 49 53
32 50 19
32 51 5
32 57 10
32 59 76
32 60 15
32 64 1
32 69 64
32 74 41
32 75 22
32 79 14
32 82 99
32 88 92
32 90 61
32 93 89
32 95 55
32 96 85
32 99 66
32 101 99
32 105 62
32 106 50
32 108 4
32 110 35
32 112 3
32 116 8
32 119 70
32 120 7
32 122 20
32 123 89
32 124 14
32 125 7
32 126 17
32 129 41
32 130 28
32 135 100
32 136 95
32 139 43
32 142 79
32 143 61
32 144 59
32 145 90
32 147 23
32 149 94
32 150 30
33 36 86
33 41 18
33 42 29
33 43 5
33 44 22
33 45 96
33 47 91
33 53 32
33 57 45
33 58 34
33 61 95
33 71 53
33 77 99
33 82 66
33 83 96
33 85 51
33 89 4
33 90 2
33 91 25
33 95 1
33 109 82
33 112 84
33 114 88
33 117 16
33 121 20
33 125 1
33 126 44
33 129 23
33 130 98
33 132 99
33 135 12
33 136 77
33 146 63
33 148 2
33 149 4
34 35 79
34 36 30
34 38 13
34 39 46
34 40 53
34 44 92
34 46 100
34 48 100
34 49 33
34 53 64
34 54 74
34 57 17
34 58 96
34 59 79
34 61 28
34 64 13
34 65 2
34 69 60
34 72 46
34 73 96
34 74 26
34 77 10
34 83 86
34 84 93
34 92 52
34 93 44
34 96 85
34 101 41
34 106 22
34 107 84
34 109 58
34 117 80
34 119 12
34 124 49
34 128 6
34 133 95
34 134 84
34 136 64
34 141 54
34 143 50
34 144 37
34 148 2
35 36 55
35 37 99
35 41 90
35 45 18
35 49 42
35 53 88
35 54 36
35 55 45
35 56 60
35 57 59
35 60 48
35 61 89
35 62 26
35 64 78
35 74 14
35 77 54
35 78 21
35 87 2
35 89 38
35 91 24
35 93 78
35 96 97
35 99 52
35 109 93
35 112 5
35 115 33
35 117 34
35 118 44
35 120 99
35 122 2
35 125 32
35 130 80
35 131 2
35 132 66
35 134 42
35 139 84
35 141 66
35 143 14
35 144 60
35 145 82
36 41 61
36 42 85
36 51 52
36 56 1
36 61 99
36 62 15
36 64 70
36 65 93
36 67 97
36 70 53
36 71 68
36 73 35
36 74 40
36 77 17
36 79 69
36 80 92
36 81 94
36 83 67
36 84 4
36 86 46
36 88 24
36 91 30
36 93 32
36 102 26
36 103 26
36 104 88
36 106 89
36 111 13
36 113 35
36 115 55
36 117 4
36 119 94
36 120 6
36 124 22
36 126 99
36 129 98
36 130 76
36 131 21
36 132 17
36 133 93
36 134 15
36 137 34
36 142 16
36 144 39
36 146 56
36 149 93
36 150 86
37 38 38
37 39 23
37 45 18
37 48 45
37 54 25
37 61 95
37 62 6
37 65 9
37 72 28
37 73 8
37 74 34
37 75 20
37 76 18
37 79 7
37 81 22
37 83 16
37 84 98
37 86 68
37 91 11
37 92 35
37 94 4
37 96 86
37 103 65
37 104 41
37 106 57
37 107 25
37 108 45
37 109 94
37 113 51
37 116 52
37 119 58
37 121 22
37 123 27
37 124 6
37 125 47
37 127 84
37 129 32
37 134 70
37 136 67
37 140 36
37 144 55
37 145 95
37 146 21
37 147 87
37 150 98
38 40 87
38 43 13
38 47 67
38 50 38
38 51 13
38 52 10
38 56 11
38 57 65
38 58 11
38 61 6
38 63 37
38 64 99
38 66 37
38 69 19
38 70 100
38 71 90
38 73 57
38 79 68
38 83 80
38 85 86
38 87 64
38 90 19
38 93 85
38 94 53
38 98 47
38 100 43
38 102 46
38 103 82
38 110 16
38 111 89
38 114 70
38 115 66
38 118 48
38 121 94
38 124 54
38 129 88
38 132 25
38 133 10
38 134 96
38 136 51
38 138 60
38 141 11
38 143 77
38 147 38
39 42 48
39 45 88
39 46 91
39 51 61
39 53 63
39 55 8
39 61 95
39 62 97
39 63 30
39 64 93
39 66 44
39 72 66
39 73 68
39 74 18
39 75 17
39 76 53
39 77 100
39 79 45
39 80 38
39 81 22
39 82 55
39 83 55
39 84 37
39 86 23
39 87 55
39 88 56
39 90 86
39 93 43
39 94 62
39 96 40
39 97 77
39 101 87
39 104 51
39 106 64
39 109 65
39 110 61
39 111 69
39 112 4
39 116 43
39 117 27
39 120 24
39 125 62
39 126 97
39 128 29
39 130 80
39 132 23
39 133 60
39 136 67
39 137 44
39 141 89
39 142 70
39 146 78
39 149 31
39 150 36
40 42 4
40 46 15
40 48 71
40 58 63
40 59 11
40 62 35
40 64 10
40 71 92
40 77 15
40 82 37
40 83 50
40 85 68
40 89 19
40 93 26
40 94 52
40 96 49
40 98 30
40 102 44
40 109 67
40 115 80
40 116 86
40 117 78
40 119 82
40 120 2
40 123 14
40 124 98
40 125 28
40 129 50
40 131 71
40 133 33
40 134 99
40 137 66
40 140 47
40 143 5
40 144 41
40 147 44
40 148 52
41 42 11
41 43 27
41 44 8
41 46 33
41 47 87
41 48 84
41 53 89
41 54 5
41 56 56
41 57 15
41 59 5
41 60 69
41 62 89
41 63 65
41 65 16
41 67 1
41 69 33
41 71 20
41 72 49
41 73 62
41 74 66
41 78 32
41 79 50
41 80 61
41 85 69
41 86 13
41 87 51
41 89 39
41 91 56
41 92 80
41 93 90
41 96 73
41 99 77
41 100 74
41 101 58
41 102 51
41 103 49
41 105 54
41 110 53
41 112 87
41 115 25
41 119 61
41 121 46
41 122 60
41 125 43
41 126 8
41 127 15
41 129 79
41 131 71
41 132 10
41 133 39
41 135 56
41 136 31
41 137 62
41 140 77
41 146 19
41 147 30
41 148 80
41 150 4
42 44 98
42 45 66
42 46 65
42 49 51
42 53 13
42 56 71
42 59 11
42 61 35
42 62 84
42 69 37
42 74 82
42 76 19
42 77 36
42 80 36
42 82 40
42 83 59
42 86 98
42 87 25
42 91 93
42 93 36
42 95 100
42 96 85
42 97 100
42 99 43
42 102 54
42 107 91
42 108 21
42 109 21
42 114 42
42 115 53
42 117 17
42 121 78
42 123 15
42 125 22
42 132 56
42 133 21
42 135 51
42 141 92
42 144 37
42 145 64
42 146 26
42 147 26
42 148 90
42 149 48
42 150 41
43 44 32
43 46 96
43 47 4
43 49 58
43 56 64
43 57 76
43 58 46
43 60 44
43 62 64
43 63 7
43 66 76
43 68 17
43 69 94
43 70 29
43 72 27
43 73 62
43 74 28
43 76 3
43 78 99
43 79 56
43 81 88
43 85 67
43 87 43
43 88 4
43 90 14
43 92 28
43 93 10
43 94 100
43 96 78
43 98 60
43 100 68
43 102 28
43 103 47
43 105 37
43 106 23
43 109 41
43 112 85
43 113 44
43 115 48
43 116 23
43 117 62
43 118 46
43 121 30
43 124 16
43 133 46
43 134 66
43 135 91
43 137 6
43 145 31
43 150 21
44 48 59
44 49 42
44 51 4
44 52 54
44 53 6
44 54 7
44 57 8
44 61 40
44 62 7
44 63 85
44 65 21
44 67 96
44 68 59
44 69 99
44 73 32
44 74 43
44 76 85
44 77 46
44 81 95
44 82 29
44 83 23
44 85 43
44 86 70
44 87 66
44 88 80
44 89 53
44 92 77
44 93 62
44 94 57
44 95 14
44 101 43
44 102 11
44 105 12
44 107 47
44 109 95
44 112 95
44 113 5
44 115 5
44 117 40
44 118 26
44 119 75
44 122 1
44 123 83
44 124 37
44 131 3
44 132 52
44 135 91
44 137 28
44 138 12
44 145 26
44 146 54
44 148 8
44 150 29
45 46 68
45 47 14
45 49 58
45 51 33
45 53 57
45 54 3
45 55 51
45 59 73
45 61 90
45 65 12
45 66 71
45 67 21
45 73 69
45 78 63
45 80 40
45 84 57
45 89 1
45 91 92
45 92 56
45 95 13
45 99 30
45 100 14
45 101 95
45 103 32
45 107 63
45 109 1
45 110 79
45 111 30
45 113 1
45 117 12
45 118 65
45 119 65
45 121 99
45 127 36
45 128 4
45 129 54
45 131 57
45 139 30
45 141 29
45 145 84
46 47 28
46 48 75
46 51 79
46 53 13
46 55 14
46 56 54
46 57 3
46 60 76
46 61 69
46 64 36
46 65 85
46 69 67
46 71 14
46 72 68
46 75 1
46 79 22
46 80 50
46 82 25
46 83 41
46 86 4
46 88 100
46 89 5
46 90 66
46 92 4
46 99 64
46 103 2
46 106 13
46 110 7
46 115 31
46 120 11
46 122 100
46 128 2
46 129 48
46 132 8
46 133 90
46 134 37
46 136 90
46 140 93
46 142 77
46 144 11
46 145 99
46 148 94
47 48 14
47 51 57
47 55 3
47 56 73
47 57 76
47 58 90
47 60 29
47 62 44
47 63 56
47 69 94
47 72 1
47 75 61
47 78 83
47 79 10
47 81 8
47 82 74
47 87 17
47 88 49
47 95 42
47 98 13
47 100 96
47 102 55
47 104 16
47 105 77
47 106 82
47 108 47
47 109 15
47 115 35
47 121 21
47 124 24
47 125 63
47 127 58
47 128 84
47 131 79
47 140 34
47 141 58
47 142 45
48 49 47
48 51 62
48 52 66
48 53 60
48 59 23
48 60 15
48 61 88
48 72 38
48 76 12
48 82 66
48 84 96
48 85 38
48 86 56
48 90 52
48 92 65
48 94 27
48 99 7
48 100 7
48 102 35
48 105 91
48 106 67
48 107 94
48 116 62
48 117 38
48 119 44
48 120 81
48 121 97
48 128 90
48 131 25
48 132 89
48 139 45
48 145 47
48 147 26
48 149 42
49 50 38
49 53 50
49 54 53
49 55 99
49 60 25
49 64 35
49 65 95
49 68 41
49 69 84
49 79 48
49 82 62
49 85 55
49 90 58
49 95 2
49 97 29
49 98 59
49 99 72
49 101 35
49 102 18
49 104 44
49 107 46
49 108 21
49 114 85
49 116 22
49 117 5
49 119 99
49 120 75
49 126 62
49 128 12
49 129 61
49 130 23
49 132 70
49 134 41
49 136 17
49 137 7
49 142 16
49 144 94
49 146 15
50 52 46
50 53 84
50 54 63
50 55 9
50 58 36
50 59 56
50 60 80
50 62 40
50 63 46
50 65 91
50 69 84
50 70 13
50 72 40
50 73 10
50 78 50
50 82 17
50 83 74
50 86 48
50 88 19
50 91 70
50 99 84
50 103 96
50 105 61
50 110 22
50 111 87
50 112 59
50 113 55
50 117 92
50 118 37
50 120 40
50 121 52
50 123 90
50 125 41
50 126 77
50 132 51
50 134 28
50 137 23
50 138 5
50 139 70
50 140 23
50 145 36
50 146 85
50 149 16
50 150 51
51 53 71
51 55 56
51 56 57
51 57 76
51 58 2
51 59 80
51 60 93
51 61 51
51 63 7
51 66 7
51 69 3
51 70 25
51 73 86
51 75 34
51 78 59
51 80 47
51 90 46
51 91 70
51 93 42
51 95 57
51 96 38
51 103 56
51 110 19
51 111 10
51 113 39
51 116 47
51 119 54
51 124 27
51 126 28
51 127 11
51 128 29
51 131 22
51 132 51
51 135 28
51 140 79
51 142 24
51 143 76
51 144 91
51 149 12
52 53 5
52 54 49
52 58 100
52 64 84
52 67 73
52 68 63
52 78 66
52 80 55
52 88 7
52 89 60
52 90 100
52 94 27
52 104 41
52 106 71
52 107 75
52 108 44
52 113 13
52 114 15
52 116 49
52 119 100
52 128 11
52 129 24
52 130 3
52 133 21
52 134 16
52 138 7
52 139 30
52 141 3
52 142 79
52 149 81
52 150 95
53 55 72
53 63 41
53 64 35
53 72 14
53 73 98
53 75 69
53 76 89
53 78 34
53 80 80
53 82 25
53 84 35
53 86 93
53 92 66
53 94 23
53 95 88
53 97 3
53 99 59
53 103 66
53 105 31
53 107 89
53 109 72
53 110 55
53 112 30
53 114 75
53 124 8
53 127 44
53 129 29
53 131 19
53 133 86
53 134 58
53 135 82
53 138 14
53 140 9
53 141 76
53 146 26
53 149 69
54 55 87
54 57 71
54 59 35
54 64 46
54 68 90
54 70 2
54 71 87
54 72 21
54 74 79
54 76 96
54 77 93
54 81 15
54 82 6
54 83 92
54 84 61
54 87 10
54 91 50
54 92 34
54 94 59
54 95 6
54 96 43
54 101 73
54 104 91
54 110 95
54 111 44
54 116 37
54 119 31
54 120 76
54 122 11
54 127 59
54 128 50
54 131 10
54 134 16
54 138 61
54 139 39
54 140 39
54 141 31
54 143 90
54 146 76
54 148 43
55 56 90
55 61 29
55 64 73
55 65 72
55 68 40
55 69 20
55 70 7
55 71 14
55 73 73
55 74 32
55 76 80
55 80 32
55 81 77
55 94 59
55 95 64
55 100 34
55 104 4
55 109 4
55 113 9
55 118 37
55 124 92
55 126 33
55 128 85
55 130 43
55 133 44
55 134 10
55 135 87
55 136 34
55 137 100
55 138 87
55 139 16
55 140 38
55 142 18
55 144 85
55 145 65
55 147 61
55 148 42
55 149 32
55 150 31
56 60 77
56 62 35
56 63 94
56 64 15
56 66 62
56 67 5
56 70 16
56 72 100
56 73 88
56 77 83
56 78 100
56 85 90
56 86 31
56 89 17
56 91 4
56 97 67
56 99 31
56 100 65
56 101 100
56 102 47
56 103 13
56 104 92
56 107 1
56 108 52
56 118 55
56 121 9
56 123 49
56 131 90
56 135 25
56 136 34
56 140 45
56 142 80
56 144 83
56 145 6
56 146 27
56 147 79
56 148 24
57 60 72
57 62 18
57 64 2
57 66 29
57 67 8
57 71 33
57 73 2
57 76 40
57 79 75
57 80 25
57 84 99
57 85 8
57 86 56
57 88 78
57 89 85
57 91 90
57 92 39
57 93 46
57 94 55
57 97 68
57 100 14
57 104 99
57 106 37
57 107 85
57 108 42
57 114 30
57 115 61
57 116 77
57 118 2
57 120 92
57 122 74
57 123 73
57 126 9
57 128 71
57 129 79
57 130 95
57 132 33
57 134 38
57 136 76
57 138 37
57 140 61
57 141 67
57 142 2
57 143 79
57 144 54
57 145 96
57 146 82
58 59 28
58 61 57
58 63 65
58 66 27
58 67 60
58 70 69
58 71 18
58 74 13
58 75 89
58 77 9
58 81 77
58 82 99
58 87 35
58 88 44
58 89 47
58 91 82
58 92 50
58 93 31
58 94 65
58 96 75
58 97 67
58 101 54
58 103 49
58 104 3
58 106 54
58 107 38
58 108 34
58 112 37
58 114 28
58 115 26
58 116 14
58 119 6
58 120 69
58 124 38
58 128 6
58 130 74
58 149 57
59 60 90
59 61 42
59 63 81
59 64 2
59 69 49
59 71 82
59 73 50
59 78 53
59 80 91
59 83 9
59 85 98
59 88 1
59 89 99
59 90 21
59 91 77
59 95 19
59 96 28
59 97 95
59 99 2
59 100 70
59 102 21
59 105 82
59 108 84
59 111 67
59 112 56
59 113 71
59 114 34
59 116 11
59 117 14
59 118 46
59 122 23
59 124 4
59 125 92
59 126 81
59 130 5
59 131 80
59 132 80
59 134 39
59 137 10
59 140 85
59 141 64
59 143 38
59 144 65
59 150 39
60 63 93
60 64 60
60 65 81
60 66 58
60 70 45
60 71 16
60 77 75
60 79 77
60 80 69
60 81 17
60 84 65
60 85 55
60 86 23
60 88 49
60 91 34
60 92 52
60 97 42
60 100 97
60 102 2
60 103 15
60 105 66
60 109 52
60 110 7
60 118 34
60 123 16
60 124 22
60 125 92
60 126 71
60 129 82
60 130 57
60 137 65
60 141 88
60 145 73
60 147 34
60 148 56
61 67 30
61 70 90
61 78 79
61 80 25
61 81 88
61 83 64
61 84 98
61 86 97
61 93 63
61 94 7
61 98 59
61 99 87
61 100 95
61 103 37
61 104 79
61 108 54
61 112 51
61 113 24
61 115 83
61 116 35
61 121 80
61 124 91
61 125 40
61 135 33
61 136 81
61 137 84
61 141 30
61 142 60
61 143 42
61 146 14
61 147 51
62 63 13
62 65 13
62 66 34
62 67 14
62 68 98
62 70 34
62 71 72
62 72 48
62 74 79
62 76 91
62 78 15
62 80 78
62 81 82
62 83 46
62 85 84
62 87 68
62 89 32
62 91 86
62 93 38
62 94 14
62 100 52
62 102 54
62 104 76
62 105 62
62 106 53
62 115 74
62 117 21
62 118 60
62 120 42
62 122 14
62 123 82
62 124 46
62 128 36
62 129 35
62 130 53
62 132 8
62 136 5
62 143 51
62 145 79
62 146 19
62 148 77
63 64 86
63 69 84
63 70 11
63 72 74
63 76 59
63 77 65
63 78 1
63 79 32
63 80 9
63 81 11
63 83 8
63 84 75
63 85 5
63 88 4
63 90 99
63 91 61
63 92 69
63 93 77
63 97 7
63 98 2
63 103 98
63 112 51
63 113 88
63 119 98
63 123 19
63 125 26
63 128 56
63 131 52
63 133 73
63 134 12
63 136 58
63 137 1
63 138 13
63 141 62
63 143 40
63 147 43
63 150 36
64 65 20
64 71 88
64 72 32
64 73 90
64 74 16
64 77 93
64 80 83
64 82 79
64 83 68
64 84 25
64 88 75
64 89 60
64 91 78
64 98 68
64 100 86
64 101 17
64 103 56
64 104 5
64 106 2
64 108 2
64 110 92
64 111 12
64 113 57
64 114 96
64 117 86
64 118 55
64 120 94
64 123 21
64 124 18
64 125 4
64 128 79
64 129 69
64 134 72
64 136 99
64 138 65
64 139 29
64 142 23
64 143 52
64 149 10
65 66 46
65 67 39
65 69 4
65 73 28
65 75 31
65 76 15
65 85 76
65 92 91
65 93 10
65 95 74
65 96 70
65 99 5
65 102 91
65 104 17
65 109 94
65 114 80
65 115 9
65 116 73
65 117 88
65 119 3
65 126 65
65 129 24
65 131 34
65 133 11
65 145 44
65 149 83
66 69 49
66 72 97
66 79 69
66 84 54
66 89 42
66 91 96
66 93 51
66 94 90
66 95 92
66 96 71
66 99 5
66 106 21
66 109 76
66 110 36
66 112 13
66 115 34
66 118 94
66 124 17
66 126 29
66 127 15
66 128 22
66 131 27
66 132 20
66 134 21
66 136 57
66 139 2
66 142 72
66 143 4
66 149 3
66 150 66
67 69 40
67 72 67
67 73 8
67 75 44
67 80 14
67 81 69
67 87 17
67 89 66
67 90 66
67 96 27
67 97 50
67 98 58
67 103 44
67 104 3
67 115 64
67 117 11
67 121 62
67 122 23
67 123 35
67 125 71
67 128 42
67 129 82
67 130 2
67 131 11
67 133 59
67 137 38
67 139 51
67 141 36
67 142 98
67 143 8
67 144 75
67 146 14
67 147 72
67 148 87
68 69 38
68 70 41
68 72 54
68 73 2
68 77 77
68 79 78
68 80 58
68 82 99
68 84 46
68 85 10
68 87 54
68 91 32
68 93 49
68 94 98
68 96 2
68 98 31
68 100 59
68 101 97
68 104 46
68 118 88
68 119 24
68 121 63
68 124 74
68 126 43
68 129 95
68 137 10
68 146 8
68 150 43
69 72 53
69 73 74
69 74 51
69 76 79
69 77 77
69 80 20
69 84 26
69 90 6
69 97 84
69 99 81
69 104 80
69 105 14
69 107 7
69 111 50
69 112 38
69 114 50
69 116 54
69 118 27
69 122 88
69 126 1
69 130 92
69 131 91
69 132 98
69 134 100
69 136 93
69 140 95
69 141 49
69 142 50
69 148 74
69 150 20
70 73 4
70 79 49
70 81 99
70 83 5
70 84 34
70 85 20
70 87 86
70 89 95
70 90 23
70 94 97
70 95 87
70 99 39
70 104 85
70 108 71
70 109 76
70 112 62
70 113 10
70 114 92
70 115 91
70 121 8
70 125 38
70 130 26
70 131 77
70 135 88
70 136 39
70 138 92
70 141 68
70 142 51
70 143 39
70 147 91
70 148 13
70 149 29
70 150 21
71 72 57
71 74 6
71 76 37
71 80 22
71 82 89
71 84 25
71 86 43
71 90 15
71 92 54
71 94 77
71 95 31
71 100 19
71 101 45
71 102 85
71 105 3
71 111 53
71 114 27
71 115 32
71 118 72
71 121 63
71 124 11
71 126 88
71 127 60
71 129 93
71 133 9
71 138 39
71 139 13
71 141 53
71 150 24
72 74 13
72 77 67
72 78 58
72 79 13
72 83 62
72 84 82
72 86 67
72 89 51
72 92 1
72 93 73
72 94 39
72 95 74
72 96 7
72 103 17
72 104 61
72 105 8
72 108 36
72 110 58
72 114 61
72 115 84
72 116 58
72 119 22
72 122 80
72 133 11
72 135 15
72 137 53
72 142 98
72 143 59
72 145 61
72 148 5
73 75 73
73 78 47
73 79 56
73 80 58
73 81 34
73 82 74
73 83 23
73 84 22
73 88 89
73 89 47
73 92 2
73 94 69
73 96 12
73 100 15
73 103 93
73 106 79
73 107 66
73 111 80
73 112 6
73 114 33
73 115 17
73 116 96
73 119 29
73 121 92
73 129 52
73 130 15
73 132 18
73 136 27
73 137 100
73 143 11
73 146 57
73 147 50
73 149 64
74 77 63
74 78 98
74 80 22
74 84 20
74 87 59
74 91 79
74 95 5
74 99 91
74 100 66
74 104 18
74 110 50
74 111 56
74 112 16
74 113 1
74 115 79
74 118 93
74 120 4
74 122 93
74 125 71
74 126 17
74 128 60
74 131 18
74 133 92
74 136 88
74 141 4
74 144 65
74 147 89
74 148 16
75 77 48
75 78 77
75 79 69
75 80 51
75 84 44
75 85 89
75 88 12
75 94 54
75 95 39
75 103 41
75 105 22
75 106 1
75 107 23
75 108 57
75 109 60
75 112 16
75 113 48
75 117 11
75 118 75
75 119 16
75 120 34
75 122 67
75 123 4
75 124 37
75 133 38
75 135 16
75 137 66
75 139 1
75 141 84
75 143 15
75 146 12
75 147 71
75 148 96
75 149 55
76 82 76
76 84 31
76 85 95
76 86 37
76 87 1
76 90 3
76 92 33
76 94 92
76 95 49
76 96 42
76 101 55
76 104 34
76 108 7
76 109 66
76 110 52
76 111 31
76 114 11
76 119 28
76 125 44
76 129 55
76 131 64
76 132 68
76 133 73
76 136 32
76 137 43
76 138 82
76 145 62
76 150 72
77 78 13
77 80 34
77 85 9
77 86 54
77 88 45
77 90 53
77 91 60
77 93 31
77 99 100
77 105 19
77 108 7
77 111 27
77 121 92
77 123 65
77 126 98
77 131 13
77 134 63
77 136 28
77 137 82
77 138 79
77 139 79
77 142 100
77 143 84
77 147 38
78 79 23
78 80 68
78 83 66
78 87 29
78 89 21
78 90 11
78 94 25
78 96 90
78 100 32
78 104 58
78 105 93
78 106 84
78 108 51
78 112 94
78 113 83
78 116 68
78 117 81
78 118 27
78 120 30
78 121 66
78 126 15
78 130 5
78 136 8
78 139 62
78 143 15
78 144 60
78 146 62
78 149 20
78 150 100
79 80 12
79 83 73
79 87 92
79 90 43
79 94 40
79 96 67
79 99 69
79 101 66
79 104 30
79 105 23
79 106 91
79 109 47
79 113 84
79 117 3
79 119 90
79 120 79
79 127 22
79 132 2
79 135 37
79 137 89
79 141 67
79 142 35
79 147 90
80 81 4
80 83 14
80 85 39
80 86 78
80 88 67
80 90 37
80 91 15
80 93 14
80 94 40
80 95 18
80 96 33
80 98 60
80 106 63
80 109 16
80 111 81
80 113 88
80 114 11
80 117 11
80 119 23
80 121 79
80 122 78
80 124 70
80 127 16
80 128 39
80 129 60
80 130 13
80 135 75
80 136 30
80 138 61
80 140 21
80 141 78
80 143 60
80 150 68
81 83 6
81 84 43
81 87 67
81 89 48
81 90 78
81 91 9
81 95 33
81 99 77
81 100 100
81 101 21
81 102 44
81 103 49
81 105 36
81 106 13
81 107 63
81 109 38
81 110 8
81 111 91
81 117 44
81 118 8
81 120 50
81 123 62
81 126 27
81 127 49
81 129 78
81 132 26
81 137 20
81 140 9
81 143 97
81 146 2
81 148 64
81 149 79
82 84 3
82 86 20
82 88 28
82 93 59
82 94 29
82 95 48
82 100 6
82 104 68
82 109 34
82 112 29
82 115 90
82 120 96
82 125 70
82 129 31
82 135 39
82 137 17
82 140 70
82 142 16
82 144 71
82 148 98
83 85 54
83 92 63
83 97 85
83 99 16
83 100 65
83 103 61
83 106 97
83 107 47
83 112 88
83 115 66
83 117 32
83 119 2
83 120 28
83 124 54
83 126 59
83 127 77
83 128 60
83 129 70
83 130 95
83 137 55
83 139 54
83 140 99
83 142 57
83 144 67
83 147 85
83 150 38
84 90 83
84 92 16
84 93 77
84 94 30
84 95 82
84 98 72
84 107 78
84 108 71
84 110 92
84 111 49
84 112 77
84 115 86
84 119 46
84 120 42
84 122 77
84 123 89
84 124 59
84 125 40
84 126 53
84 131 43
84 133 18
84 134 46
84 137 16
84 139 10
84 143 45
84 144 87
84 149 80
85 86 8
85 87 79
85 90 17
85 92 16
85 93 55
85 96 63
85 97 37
85 101 56
85 102 99
85 104 35
85 106 52
85 108 27
85 109 11
85 111 70
85 116 100
85 125 60
85 126 54
85 127 21
85 129 95
85 130 71
85 132 24
85 136 66
85 138 15
85 139 68
85 141 1
85 142 15
85 144 60
85 146 12
86 87 87
86 93 79
86 95 58
86 100 58
86 102 39
86 103 60
86 108 7
86 112 17
86 116 3
86 117 86
86 118 20
86 121 51
86 124 27
86 126 56
86 127 19
86 128 9
86 135 84
86 137 1
86 139 30
86 141 88
86 142 95
86 143 15
86 146 15
86 148 15
86 150 83
87 89 43
87 90 53
87 91 23
87 96 3
87 99 71
87 101 21
87 102 76
87 105 5
87 107 49
87 114 71
87 116 84
87 118 8
87 121 61
87 122 3
87 123 34
87 127 36
87 129 40
87 132 37
87 139 7
87 143 37
87 144 48
87 145 52
87 146 17
87 148 72
88 89 99
88 91 41
88 99 45
88 100 74
88 103 99
88 105 93
88 106 92
88 108 88
88 109 45
88 112 60
88 113 9
88 115 27
88 119 2
88 121 38
88 122 60
88 123 63
88 129 6
88 131 19
88 132 18
88 133 94
88 141 14
88 147 16
88 149 36
89 91 44
89 92 41
89 96 88
89 97 12
89 101 40
89 104 100
89 105 14
89 107 95
89 110 99
89 111 79
89 112 66
89 115 82
89 116 12
89 119 36
89 123 10
89 124 35
89 127 85
89 128 30
89 135 77
89 138 75
89 141 16
89 143 54
89 145 4
89 146 84
89 148 80
90 92 42
90 94 44
90 96 23
90 97 87
90 98 73
90 103 65
90 108 95
90 116 37
90 119 60
90 121 25
90 122 72
90 126 94
90 128 70
90 130 20
90 131 56
90 132 3
90 133 17
90 134 30
90 135 30
90 137 95
90 140 65
90 141 15
90 147 92
90 148 23
91 96 94
91 99 29
91 100 47
91 103 7
91 109 65
91 111 51
91 116 13
91 117 3
91 123 73
91 124 78
91 125 64
91 128 21
91 132 40
91 134 80
91 136 36
91 137 81
91 139 69
91 144 89
91 145 22
91 149 83
91 150 74
92 94 7
92 95 63
92 96 94
92 99 85
92 102 77
92 103 25
92 107 77
92 109 47
92 111 4
92 114 1
92 119 82
92 120 65
92 123 91
92 125 19
92 126 89
92 127 61
92 130 81
92 132 34
92 134 7
92 135 56
92 138 99
92 139 6
92 140 79
92 144 87
92 145 66
92 146 56
92 148 76
92 149 34
93 103 37
93 104 77
93 108 37
93 109 80
93 110 8
93 111 90
93 113 95
93 114 52
93 117 71
93 118 77
93 120 75
93 121 78
93 122 2
93 127 8
93 129 77
93 132 30
93 133 4
93 135 64
93 138 76
93 139 88
93 141 72
93 142 6
93 146 87
93 147 34
93 150 46
94 97 55
94 98 12
94 100 50
94 104 31
94 109 97
94 113 66
94 117 65
94 120 58
94 121 85
94 122 51
94 125 80
94 138 88
94 143 26
94 144 98
94 145 35
94 148 67
94 149 69
95 97 26
95 101 28
95 108 20
95 109 77
95 112 55
95 115 93
95 116 51
95 118 59
95 122 69
95 125 13
95 126 18
95 133 3
95 136 4
95 138 16
95 143 43
95 147 8
95 148 27
96 97 14
96 101 21
96 102 32
96 105 63
96 109 97
96 112 26
96 114 36
96 117 62
96 118 6
96 120 36
96 134 30
96 139 44
96 140 93
96 141 73
96 143 82
96 144 85
96 145 87
96 146 36
97 98 46
97 99 35
97 102 27
97 103 88
97 104 34
97 105 90
97 108 18
97 111 46
97 114 82
97 116 73
97 118 2
97 120 10
97 122 65
97 125 16
97 129 71
97 130 14
97 131 96
97 137 60
97 138 17
97 139 88
97 140 45
97 145 88
97 147 61
97 148 17
97 149 81
97 150 63
98 99 89
98 105 46
98 106 46
98 108 18
98 110 66
98 117 11
98 118 26
98 124 55
98 129 53
98 131 84
98 134 24
98 135 47
98 136 3
98 137 1
98 138 39
98 141 97
98 142 13
98 146 38
98 147 2
98 148 83
98 150 50
99 106 28
99 108 49
99 110 87
99 111 58
99 117 92
99 119 13
99 121 55
99 122 14
99 126 54
99 132 57
99 134 26
99 135 86
99 138 57
99 145 89
99 149 84
99 150 23
100 101 48
100 104 70
100 107 25
100 110 95
100 111 60
100 112 46
100 113 33
100 114 57
100 120 34
100 125 70
100 126 25
100 127 42
100 128 52
100 130 89
100 133 19
100 135 93
100 140 69
100 141 96
100 145 61
101 102 57
101 105 18
101 107 74
101 110 11
101 114 22
101 115 52
101 117 78
101 121 4
101 126 10
101 127 52
101 130 2
101 131 18
101 136 98
101 141 30
101 142 34
101 143 96
101 145 36
101 150 56
102 103 98
102 104 83
102 105 62
102 107 6
102 111 12
102 115 29
102 116 18
102 118 50
102 123 72
102 126 19
102 133 6
102 137 84
102 139 17
102 141 55
102 142 29
102 150 68
103 104 75
103 107 93
103 109 46
103 111 12
103 112 50
103 115 50
103 117 78
103 121 31
103 122 70
103 123 6
103 125 78
103 126 63
103 127 71
103 131 73
103 134 11
103 135 31
103 138 54
103 139 22
103 140 39
103 142 51
103 145 10
104 109 94
104 110 35
104 111 37
104 112 32
104 113 8
104 117 16
104 118 13
104 122 64
104 123 43
104 125 29
104 129 73
104 130 92
104 134 21
104 135 52
104 136 30
104 138 60
104 139 46
104 142 28
104 143 64
104 146 26
104 147 54
104 149 28
104 150 46
105 108 26
105 113 46
105 114 1
105 115 23
105 116 56
105 118 69
105 119 47
105 120 36
105 121 58
105 123 37
105 127 100
105 129 18
105 137 18
105 138 84
105 139 62
105 142 67
105 143 41
105 146 5
105 147 77
105 150 98
106 109 42
106 112 78
106 116 21
106 117 60
106 119 64
106 122 100
106 123 6
106 125 100
106 126 36
106 130 27
106 131 63
106 132 37
106 135 10
106 139 61
106 140 12
107 111 60
107 112 20
107 113 49
107 115 49
107 119 46
107 124 89
107 132 12
107 137 5
107 139 46
107 140 20
107 141 93
107 146 59
107 150 12
108 109 92
108 110 69
108 115 82
108 116 4
108 117 75
108 118 76
108 119 4
108 120 19
108 122 54
108 124 15
108 125 31
108 126 40
108 127 23
108 129 2
108 130 26
108 132 25
108 134 56
108 136 61
108 137 100
108 138 24
108 141 44
108 142 32
108 144 55
108 145 44
108 147 18
108 150 17
109 111 75
109 113 40
109 120 74
109 121 14
109 122 14
109 123 95
109 125 19
109 128 66
109 131 13
109 134 75
109 136 3
109 137 81
109 138 99
109 141 62
109 142 18
109 145 90
109 146 72
109 148 44
110 116 88
110 121 81
110 124 99
110 125 80
110 126 70
110 133 32
110 134 27
110 137 18
110 138 63
110 139 93
110 142 64
110 143 94
110 146 88
110 147 75
110 149 79
111 112 86
111 114 43
111 115 100
111 116 79
111 121 1
111 129 51
111 130 97
111 133 40
111 135 15
111 136 46
111 137 53
111 138 93
111 139 99
111 140 44
111 142 91
111 146 73
112 114 33
112 116 45
112 117 45
112 118 46
112 122 71
112 124 37
112 128 3
112 131 73
112 134 10
112 137 100
112 142 7
112 143 56
112 144 97
113 115 46
113 116 55
113 123 50
113 124 76
113 125 17
113 126 39
113 127 12
113 128 23
113 131 100
113 137 25
113 139 8
113 140 32
113 143 51
114 117 74
114 118 72
114 119 34
114 121 71
114 122 26
114 130 15
114 131 42
114 133 27
114 135 29
114 138 9
114 141 51
114 144 9
114 145 49
115 117 6
115 121 98
115 122 2
115 123 66
115 127 72
115 137 87
115 138 17
115 139 75
115 144 20
115 149 82
116 117 97
116 119 66
116 121 3
116 123 2
116 124 19
116 125 78
116 127 42
116 134 88
116 138 45
116 141 50
116 144 28
116 146 73
116 147 8
116 150 41
117 119 31
117 121 11
117 123 10
117 124 41
117 126 51
117 128 80
117 130 34
117 133 60
117 135 63
117 136 92
117 137 72
117 142 85
117 147 29
117 148 30
118 120 9
118 121 30
118 126 28
118 128 20
118 130 74
118 131 54
118 133 59
118 135 25
118 136 61
118 137 57
118 139 2
118 141 51
118 144 27
118 146 47
118 148 20
118 149 56
118 150 33
119 125 37
119 127 57
119 128 48
119 132 1
119 134 20
119 135 22
119 136 34
119 138 94
119 139 16
119 141 64
119 142 91
119 144 98
119 146 18
119 147 5
120 122 45
120 127 52
120 128 39
120 130 90
120 132 76
120 134 63
120 135 60
120 136 94
120 137 83
120 139 80
120 142 91
120 144 27
120 147 25
120 149 17
121 126 28
121 127 67
121 129 33
121 132 76
121 138 70
121 141 21
121 143 53
121 144 4
121 145 93
121 149 24
121 150 1
122 123 96
122 125 94
122 126 11
122 129 95
122 130 68
122 132 77
122 134 26
122 136 97
122 137 24
122 140 28
122 141 76
123 130 88
123 132 59
123 133 49
123 134 82
123 136 80
123 137 51
123 138 20
123 139 68
123 143 81
123 149 52
124 135 90
124 138 9
124 139 55
124 146 41
125 126 35
125 127 88
125 128 26
125 135 33
125 136 18
125 140 9
125 143 92
125 145 3
125 148 94
125 149 44
126 127 98
126 129 6
126 134 76
126 135 15
126 136 97
126 137 23
126 138 59
126 144 45
126 145 87
126 147 31
126 149 28
127 129 4
127 130 35
127 132 91
127 135 45
127 136 64
127 138 43
127 143 68
128 130 8
128 131 16
128 132 91
128 136 62
128 137 18
128 139 11
128 142 72
128 145 16
128 149 79
128 150 58
129 130 35
129 132 12
129 134 18
129 137 68
129 139 86
129 143 6
129 144 2
129 146 1
129 149 23
130 133 4
130 135 80
130 140 40
130 144 3
130 146 56
130 147 71
131 134 1
131 135 47
131 136 95
131 138 67
131 139 25
131 143 32
131 146 80
131 147 6
131 148 87
131 150 79
132 134 30
132 139 91
132 142 51
132 143 79
132 147 98
133 137 77
133 140 71
133 141 10
133 142 97
133 144 15
133 146 65
133 150 36
134 136 14
134 142 67
134 143 60
134 144 3
134 146 60
134 150 26
135 137 45
135 138 26
135 140 51
135 141 5
135 143 99
135 148 65
136 137 81
136 139 67
136 146 59
136 147 12
136 148 47
137 138 55
137 139 60
137 143 48
137 144 67
137 146 49
137 149 70
137 150 18
138 139 36
138 143 30
138 144 34
138 145 40
138 147 33
138 148 57
138 150 26
139 140 15
139 141 14
139 146 2
139 148 6
139 149 53
140 147 75
140 148 53
140 149 60
141 148 75
141 150 21
142 143 64
142 144 29
142 146 94
142 147 41
142 148 58
142 149 56
142 150 90
143 144 95
143 145 11
143 147 52
143 148 48
144 148 69
144 150 27
145 147 3
146 148 63
146 149 15
146 150 19
147 149 5
147 150 7
148 149 83
148 150 83
149 150 28
1 2 27
1 3 37
1 8 82
1 9 46
1 10 47
1 11 63
1 13 3
1 15 80
1 22 87
1 25 72
1 26 70
1 27 42
1 30 33
1 31 8
1 34 42
1 37 59
1 38 13
1 39 5
1 41 23
1 42 43
1 43 70
1 44 32
1 46 44
1 50 87
1 51 4
1 53 88
1 56 55
1 58 42
1 62 38
1 64 30
1 71 92
1 75 47
1 80 65
1 82 42
1 87 78
1 89 49
1 90 91
1 92 28
1 98 18
1 101 6
1 105 63
1 108 51
1 109 48
1 111 84
1 112 1
1 113 57
1 118 31
1 121 100
1 122 35
1 125 96
1 131 58
1 132 16
1 133 1
1 135 48
1 138 70
1 140 2
1 142 50
2 3 61
2 5 71
2 9 100
2 13 94
2 18 42
2 25 11
2 27 50
2 28 40
2 30 18
2 35 5
2 36 32
2 39 67
2 45 73
2 47 64
2 48 81
2 51 92
2 52 50
2 53 7
2 54 4
2 55 3
2 57 2
2 59 33
2 62 8
2 65 69
2 67 11
2 68 46
2 69 95
2 75 25
2 79 56
2 82 38
2 83 96
2 84 99
2 100 11
2 104 85
2 105 29
2 106 31
2 107 75
2 111 36
2 112 22
2 114 14
2 115 31
2 117 92
2 118 37
2 121 3
2 123 26
2 124 11
2 135 27
2 136 89
2 140 9
2 148 72
2 149 49
2 150 88
3 9 1
3 10 98
3 11 50
3 12 74
3 13 43
3 15 18
3 20 60
3 24 59
3 25 25
3 29 21
3 32 5
3 33 61
3 34 26
3 36 4
3 38 93
3 41 89
3 42 100
3 43 44
3 47 38
3 52 32
3 53 75
3 54 39
3 56 52
3 57 28
3 58 82
3 64 58
3 68 18
3 72 32
3 75 84
3 77 83
3 78 96
3 81 86
3 82 32
3 85 7
3 86 34
3 89 81
3 92 36
3 93 4
3 96 78
3 97 10
3 102 25
3 103 56
3 104 77
3 111 27
3 112 86
3 115 23
3 116 94
3 123 47
3 124 32
3 126 38
3 127 76
3 131 71
3 136 78
3 137 12
3 140 67
3 142 84
3 144 99
4 5 55
4 6 100
4 7 16
4 9 6
4 10 87
4 11 8
4 14 61
4 18 29
4 19 86
4 20 46
4 23 58
4 24 77
4 25 31
4 27 11
4 32 26
4 34 38
4 35 88
4 37 17
4 38 32
4 39 71
4 41 23
4 43 6
4 46 60
4 47 36
4 48 85
4 50 29
4 51 48
4 54 62
4 56 25
4 62 58
4 63 28
4 64 66
4 65 84
4 68 3
4 73 14
4 75 87
4 76 19
4 78 36
4 82 71
4 84 24
4 85 23
4 87 8
4 88 5
4 89 29
4 91 27
4 93 99
4 100 96
4 101 90
4 102 54
4 104 28
4 106 52
4 107 47
4 108 50
4 109 47
4 111 94
4 120 50
4 121 57
4 123 79
4 125 76
4 126 83
4 128 63
4 133 97
4 136 28
4 147 82
5 7 95
5 8 92
5 14 61
5 15 46
5 21 55
5 23 47
5 26 6
5 30 28
5 31 50
5 32 58
5 36 84
5 38 2
5 39 28
5 41 94
5 42 65
5 43 9
5 45 45
5 47 61
5 49 11
5 51 86
5 54 13
5 58 24
5 59 6
5 60 79
5 63 20
5 66 18
5 68 67
5 69 76
5 72 36
5 73 24
5 78 81
5 79 33
5 87 51
5 88 34
5 89 44
5 94 49
5 96 30
5 97 65
5 98 2
5 103 87
5 104 35
5 105 8
5 109 48
5 110 77
5 111 69
5 117 61
5 118 100
5 119 22
5 121 89
5 122 31
5 123 6
5 126 37
5 129 64
5 131 27
5 132 8
5 136 78
5 137 98
5 139 11
5 141 3
6 7 67
6 8 66
6 9 78
6 10 34
6 12 65
6 14 85
6 15 4
6 17 40
6 19 73
6 23 3
6 25 78
6 26 89
6 27 54
6 29 76
6 32 19
6 38 97
6 40 3
6 41 38
6 43 90
6 46 11
6 48 7
6 49 20
6 53 100
6 54 10
6 57 76
6 61 89
6 74 65
6 75 84
6 77 18
6 85 90
6 87 12
6 96 40
6 98 74
6 100 74
6 101 97
6 107 16
6 113 81
6 116 18
6 117 18
6 119 42
6 120 17
6 121 99
6 132 20
6 134 1
6 136 84
6 140 78
6 141 74
6 144 54
6 145 19
6 149 66
6 150 82
7 11 7
7 12 2
7 13 2
7 17 84
7 19 98
7 21 32
7 24 94
7 26 15
7 27 17
7 31 90
7 35 60
7 41 99
7 43 100
7 46 77
7 47 70
7 48 94
7 50 48
7 52 15
7 54 32
7 58 75
7 59 70
7 63 87
7 64 76
7 65 49
7 70 23
7 73 75
7 77 52
7 78 65
7 80 30
7 81 72
7 87 99
7 88 13
7 92 64
7 97 17
7 98 25
7 99 1
7 104 7
7 106 93
7 107 99
7 109 56
7 112 13
7 113 99
7 115 55
7 118 68
7 122 83
7 124 55
7 126 79
7 131 25
7 133 69
7 134 6
7 139 60
7 141 62
7 144 30
7 146 30
7 148 31
8 10 48
8 12 81
8 13 76
8 14 45
8 15 31
8 18 29
8 24 58
8 26 35
8 27 97
8 28 83
8 34 99
8 35 85
8 36 12
8 37 22
8 38 78
8 40 8
8 44 26
8 46 9
8 47 41
8 49 76
8 50 59
8 51 67
8 52 29
8 56 13
8 57 42
8 60 99
8 61 17
8 65 74
8 67 4
8 68 87
8 70 80
8 73 4
8 74 24
8 75 15
8 78 17
8 79 85
8 80 77
8 82 42
8 83 75
8 84 69
8 85 38
8 87 31
8 89 75
8 90 31
8 93 77
8 95 100
8 98 87
8 102 53
8 106 55
8 107 71
8 108 70
8 109 95
8 110 19
8 111 54
8 115 76
8 118 48
8 120 55
8 121 71
8 126 93
8 128 100
8 129 76
8 135 20
8 136 99
8 139 94
8 141 32
8 143 57
8 147 44
8 148 1
8 149 66
9 14 66
9 16 40
9 17 54
9 18 36
9 20 88
9 21 49
9 22 49
9 30 87
9 31 84
9 32 29
9 36 5
9 38 16
9 45 55
9 49 45
9 51 63
9 54 44
9 56 12
9 58 97
9 65 41
9 66 83
9 68 65
9 69 19
9 73 24
9 75 43
9 76 42
9 77 23
9 78 22
9 81 8
9 83 4
9 84 58
9 85 92
9 88 98
9 89 52
9 93 46
9 95 20
9 96 82
9 97 82
9 101 26
9 102 80
9 103 95
9 105 71
9 107 21
9 109 36
9 110 56
9 111 13
9 112 51
9 113 32
9 114 17
9 117 70
9 118 99
9 120 30
9 125 43
9 126 38
9 128 38
9 133 18
9 134 88
9 135 28
9 145 28
9 146 37
9 147 22
9 148 2
9 149 43
9 150 32
10 13 5
10 21 76
10 22 12
10 23 63
10 27 27
10 28 53
10 33 76
10 35 8
10 45 50
10 49 20
10 55 16
10 56 74
10 58 96
10 59 19
10 60 36
10 61 41
10 63 84
10 69 49
10 71 10
10 75 57
10 76 65
10 78 31
10 82 70
10 83 91
10 85 27
10 87 84
10 90 78
10 91 74
10 93 26
10 97 32
10 99 7
10 102 1
10 103 14
10 106 37
10 107 10
10 108 83
10 109 21
10 116 24
10 122 13
10 126 23
10 127 43
10 132 23
10 133 27
10 134 89
10 137 86
10 138 78
10 141 3
10 142 98
10 146 83
10 149 50
11 17 40
11 20 93
11 24 84
11 31 25
11 34 59
11 40 97
11 42 70
11 43 55
11 45 2
11 51 31
11 52 85
11 53 45
11 57 75
11 59 29
11 65 29
11 67 83
11 70 82
11 73 61
11 76 85
11 86 97
11 88 72
11 89 61
11 90 64
11 97 51
11 104 52
11 107 28
11 112 2
11 114 93
11 115 43
11 118 70
11 119 93
11 120 39
11 121 56
11 122 85
11 124 10
11 125 62
11 127 48
11 129 1
11 131 18
11 132 15
11 134 96
11 135 81
11 137 83
11 138 80
11 140 8
11 142 90
11 144 91
11 146 72
11 149 79
11 150 10
12 14 17
12 17 32
12 18 78
12 19 55
12 21 33
12 22 37
12 23 36
12 25 17
12 27 19
12 30 85
12 33 57
12 34 2
12 35 40
12 36 7
12 37 72
12 38 79
12 46 25
12 47 43
12 52 89
12 53 83
12 54 94
12 56 16
12 57 6
12 59 33
12 60 9
12 62 7
12 66 40
12 69 7
12 73 99
12 75 36
12 76 27
12 77 8
12 78 24
12 81 34
12 85 45
12 86 76
12 92 4
12 93 29
12 97 54
12 98 76
12 100 63
12 102 55
12 107 80
12 110 54
12 112 6
12 113 24
12 120 30
12 122 57
12 124 64
12 125 24
12 127 56
12 129 25
12 130 29
12 132 1
12 134 32
12 135 46
12 137 36
12 141 35
12 143 59
12 144 65
12 149 49
13 17 61
13 18 73
13 19 29
13 24 36
13 26 1
13 32 98
13 33 55
13 37 5
13 39 94
13 46 48
13 50 21
13 51 16
13 55 37
13 57 70
13 67 93
13 69 91
13 72 77
13 75 80
13 76 42
13 78 33
13 80 87
13 83 71
13 85 85
13 87 77
13 90 54
13 95 80
13 96 83
13 97 40
13 98 50
13 99 61
13 103 17
13 106 45
13 109 39
13 111 98
13 114 72
13 116 15
13 118 89
13 120 90
13 122 61
13 124 99
13 127 43
13 129 32
13 134 86
13 137 8
13 142 57
13 143 85
13 147 96
13 149 9
13 150 34
14 15 39
14 16 12
14 18 14
14 21 76
14 22 85
14 23 67
14 25 15
14 27 49
14 30 88
14 35 37
14 36 25
14 45 58
14 46 37
14 47 90
14 48 33
14 49 47
14 53 5
14 55 90
14 58 62
14 60 87
14 66 32
14 68 16
14 69 77
14 72 15
14 73 28
14 74 25
14 75 55
14 78 2
14 79 85
14 80 6
14 85 21
14 86 29
14 88 43
14 89 25
14 91 3
14 92 55
14 93 3
14 94 11
14 96 73
14 98 93
14 99 36
14 100 91
14 105 50
14 106 35
14 107 71
14 108 20
14 109 25
14 112 65
14 114 27
14 116 61
14 117 52
14 118 68
14 120 11
14 123 13
14 124 91
14 127 57
14 128 99
14 130 19
14 132 33
14 134 83
14 140 43
14 141 69
14 143 28
14 145 48
14 147 25
14 149 35
15 17 98
15 20 52
15 25 2
15 26 27
15 27 64
15 28 91
15 32 14
15 35 75
15 36 22
15 38 16
15 42 12
15 44 76
15 48 59
15 49 67
15 52 4
15 65 66
15 66 22
15 70 48
15 71 51
15 80 18
15 81 9
15 84 88
15 86 11
15 87 89
15 89 8
15 91 57
15 92 20
15 93 40
15 94 8
15 100 74
15 103 90
15 104 19
15 106 43
15 112 48
15 113 8
15 114 40
15 115 52
15 120 5
15 124 91
15 131 10
15 136 98
15 142 11
15 143 21
15 146 58
15 147 60
15 148 90
16 19 23
16 24 5
16 28 19
16 33 85
16 36 61
16 37 33
16 42 41
16 44 56
16 45 70
16 46 14
16 48 5
16 50 29
16 52 44
16 55 71
16 57 5
16 58 37
16 60 88
16 61 87
16 66 76
16 68 78
16 76 39
16 77 54
16 79 43
16 82 41
16 83 74
16 87 73
16 88 4
16 90 46
16 93 32
16 95 34
16 97 57
16 98 58
16 104 22
16 106 31
16 109 46
16 110 16
16 112 92
16 113 95
16 114 65
16 119 57
16 120 76
16 123 13
16 125 96
16 127 75
16 129 28
16 133 11
16 135 32
16 137 28
16 139 48
16 141 87
16 144 65
16 149 9
16 150 40
17 20 43
17 21 97
17 23 100
17 24 19
17 26 13
17 28 67
17 29 36
17 30 22
17 31 31
17 34 53
17 35 31
17 37 94
17 38 38
17 42 94
17 45 65
17 46 20
17 48 28
17 49 79
17 50 60
17 51 22
17 52 83
17 53 53
17 58 22
17 59 66
17 63 16
17 64 5
17 67 39
17 68 12
17 75 7
17 77 47
17 78 94
17 79 33
17 81 54
17 82 50
17 89 100
17 91 70
17 93 96
17 94 22
17 96 63
17 97 86
17 104 76
17 107 21
17 113 89
17 118 24
17 119 93
17 122 70
17 124 92
17 125 85
17 127 14
17 129 84
17 130 92
17 133 7
17 137 53
17 138 69
17 139 63
17 140 49
17 143 60
17 144 87
17 146 85
17 148 6
18 19 54
18 24 79
18 26 100
18 32 61
18 35 63
18 50 41
18 56 33
18 60 14
18 61 85
18 66 42
18 72 13
18 74 34
18 76 14
18 77 45
18 79 6
18 80 61
18 83 64
18 85 63
18 86 38
18 89 39
18 90 43
18 93 80
18 95 38
18 98 63
18 106 92
18 109 96
18 110 1
18 112 36
18 113 25
18 114 26
18 117 43
18 120 65
18 122 64
18 124 74
18 127 17
18 130 82
18 133 28
18 134 91
18 140 57
18 141 51
18 142 19
18 143 66
18 144 32
18 145 81
18 147 42
18 148 29
18 149 51
18 150 60
19 21 65
19 22 66
19 24 43
19 26 24
19 28 88
19 36 26
19 40 89
19 43 42
19 45 17
19 46 54
19 49 8
19 52 68
19 53 52
19 57 39
19 60 85
19 61 29
19 69 58
19 71 71
19 73 45
19 76 22
19 77 32
19 81 67
19 82 7
19 85 71
19 89 5
19 94 64
19 98 3
19 99 58
19 101 62
19 102 27
19 104 57
19 107 15
19 108 29
19 110 49
19 111 39
19 112 18
19 115 90
19 116 91
19 119 27
19 120 1
19 121 82
19 122 56
19 124 82
19 125 56
19 127 88
19 141 46
19 142 49
19 143 16
19 144 56
19 148 65
19 149 73
20 21 28
20 22 80
20 25 70
20 27 30
20 28 83
20 29 30
20 30 54
20 36 34
20 37 45
20 40 41
20 41 76
20 47 79
20 48 60
20 54 39
20 55 19
20 59 32
20 60 66
20 64 99
20 66 54
20 69 69
20 72 56
20 76 7
20 79 47
20 81 32
20 82 36
20 86 40
20 101 23
20 105 16
20 109 62
20 116 86
20 117 55
20 120 25
20 121 86
20 122 34
20 124 30
20 125 6
20 126 41
20 131 34
20 138 10
20 140 87
20 144 49
21 24 68
21 25 78
21 26 29
21 33 68
21 35 30
21 40 75
21 43 89
21 46 64
21 49 30
21 50 78
21 51 50
21 53 76
21 54 86
21 59 3
21 61 62
21 62 33
21 64 66
21 65 53
21 67 35
21 70 41
21 71 48
21 74 28
21 75 82
21 78 70
21 81 24
21 82 35
21 84 69
21 87 34
21 88 19
21 91 73
21 94 91
21 102 88
21 105 30
21 108 64
21 109 49
21 112 40
21 113 83
21 114 5
21 117 42
21 118 17
21 119 39
21 121 1
21 122 2
21 123 34
21 124 74
21 128 37
21 129 26
21 133 11
21 134 47
21 135 70
21 139 15
21 142 47
21 143 49
21 146 31
22 27 27
22 30 52
22 32 79
22 34 77
22 36 74
22 37 56
22 40 18
22 41 60
22 42 54
22 44 9
22 47 80
22 48 40
22 53 66
22 55 45
22 59 35
22 61 93
22 64 84
22 67 19
22 68 19
22 69 83
22 70 78
22 72 95
22 73 20
22 74 70
22 75 100
22 80 47
22 81 80
22 82 47
22 83 45
22 86 81
22 87 45
22 90 74
22 91 36
22 92 85
22 100 6
22 106 70
22 108 65
22 110 66
22 111 35
22 113 38
22 114 69
22 115 10
22 116 52
22 121 93
22 125 7
22 129 84
22 133 57
22 136 9
22 139 2
22 141 93
22 142 51
22 143 4
22 144 78
22 145 4
22 148 12
23 24 12
23 26 13
23 27 59
23 31 7
23 32 15
23 33 92
23 34 11
23 39 43
23 43 100
23 46 65
23 48 64
23 52 33
23 53 100
23 54 15
23 57 97
23 59 74
23 60 78
23 61 93
23 64 39
23 67 39
23 71 94
23 80 96
23 83 77
23 84 92
23 85 31
23 89 49
23 91 3
23 96 21
23 97 41
23 98 93
23 100 50
23 101 58
23 104 77
23 105 54
23 107 39
23 110 11
23 112 54
23 113 51
23 114 10
23 115 49
23 116 73
23 119 90
23 120 73
23 121 48
23 122 88
23 125 93
23 127 98
23 129 13
23 133 85
23 135 14
23 139 73
23 146 95
23 149 33
23 150 36
24 27 12
24 28 77
24 29 38
24 30 71
24 32 12
24 33 31
24 36 96
24 38 88
24 41 47
24 42 62
24 44 89
24 50 89
24 52 32
24 54 57
24 59 18
24 62 3
24 64 85
24 67 14
24 68 97
24 72 46
24 73 72
24 77 28
24 80 51
24 81 77
24 83 8
24 84 69
24 88 98
24 91 18
24 95 40
24 97 32
24 99 9
24 100 63
24 101 61
24 102 75
24 106 33
24 108 3
24 109 4
24 110 48
24 112 77
24 114 22
24 116 88
24 119 85
24 122 97
24 129 26
24 130 18
24 132 30
24 133 44
24 138 76
24 144 32
24 145 4
24 146 55
24 149 69
24 150 10
25 28 18
25 30 44
25 36 92
25 38 99
25 39 94
25 41 100
25 42 98
25 43 25
25 44 2
25 45 17
25 47 6
25 48 74
25 50 38
25 56 30
25 59 69
25 60 79
25 61 80
25 63 42
25 65 73
25 69 46
25 70 65
25 71 73
25 72 6
25 76 15
25 77 88
25 78 98
25 80 30
25 84 85
25 85 1
25 86 34
25 87 50
25 91 22
25 92 84
25 96 92
25 97 48
25 98 53
25 100 12
25 104 22
25 105 80
25 110 58
25 111 19
25 113 33
25 118 100
25 120 74
25 121 19
25 128 79
25 131 38
25 132 81
25 133 53
25 146 94
25 148 23
26 29 14
26 32 90
26 33 16
26 35 53
26 38 39
26 39 50
26 40 4
26 46 84
26 47 14
26 48 15
26 50 63
26 53 21
26 56 10
26 57 60
26 58 9
26 64 41
26 65 65
26 69 95
26 71 13
26 73 14
26 74 19
26 77 70
26 78 39
26 80 63
26 81 24
26 82 37
26 84 97
26 85 66
26 86 58
26 87 35
26 89 45
26 91 87
26 92 64
26 93 16
26 95 32
26 96 72
26 99 41
26 100 35
26 112 50
26 113 6
26 115 100
26 116 58
26 117 53
26 118 31
26 119 37
26 120 34
26 121 81
26 123 16
26 126 10
26 133 65
26 136 63
26 137 84
26 147 47
26 148 72
26 150 92
27 28 72
27 30 68
27 31 5
27 34 95
27 36 95
27 38 32
27 39 4
27 41 5
27 45 87
27 46 95
27 49 10
27 50 52
27 53 49
27 54 26
27 55 69
27 57 67
27 60 43
27 61 62
27 63 19
27 67 24
27 70 3
27 76 11
27 79 60
27 81 21
27 83 87
27 84 55
27 85 1
27 86 75
27 88 96
27 90 27
27 91 90
27 96 45
27 100 1
27 101 39
27 104 45
27 107 33
27 108 31
27 114 99
27 118 23
27 119 65
27 124 30
27 125 86
27 126 100
27 128 3
27 130 15
27 132 23
27 134 12
27 137 17
27 139 53
27 142 5
27 143 44
27 144 6
27 145 2
27 150 17
28 29 85
28 30 47
28 31 46
28 34 41
28 37 57
28 41 49
28 42 81
28 43 11
28 45 92
28 46 86
28 50 24
28 53 2
28 62 73
28 65 9
28 66 97
28 67 68
28 73 7
28 75 18
28 76 28
28 77 28
28 82 32
28 84 81
28 86 99
28 89 55
28 91 31
28 93 8
28 97 96
28 101 91
28 102 63
28 106 100
28 108 17
28 110 41
28 111 59
28 114 100
28 121 23
28 133 3
28 138 93
28 140 75
28 142 80
28 148 16
29 30 44
29 40 53
29 41 89
29 43 94
29 46 26
29 48 59
29 50 82
29 52 99
29 53 96
29 55 99
29 56 93
29 57 17
29 64 7
29 66 99
29 70 31
29 71 80
29 75 70
29 82 35
29 85 69
29 87 80
29 91 38
29 93 34
29 94 27
29 97 23
29 103 90
29 107 13
29 115 71
29 116 94
29 117 33
29 118 39
29 119 41
29 121 23
29 122 72
29 124 49
29 127 73
29 129 87
29 130 9
29 133 70
29 135 44
29 136 23
29 142 65
29 145 63
29 146 25
29 147 47
29 150 73
30 33 100
30 35 79
30 43 95
30 53 74
30 56 12
30 57 26
30 59 33
30 61 8
30 62 42
30 63 4
30 65 57
30 67 48
30 75 98
30 77 93
30 79 92
30 81 71
30 83 48
30 84 27
30 87 25
30 90 28
30 92 2
30 95 23
30 98 85
30 99 51
30 101 57
30 103 95
30 104 16
30 108 85
30 109 66
30 110 90
30 111 53
30 113 15
30 116 84
30 119 60
30 128 29
30 129 71
30 130 53
30 136 42
30 138 95
30 143 87
30 144 38
30 147 12
30 149 100
31 32 1
31 35 85
31 36 65
31 38 47
31 41 15
31 42 60
31 51 32
31 54 86
31 56 60
31 60 97
31 62 18
31 66 83
31 70 15
31 71 45
31 75 37
31 80 36
31 81 85
31 82 91
31 84 87
31 87 24
31 91 26
31 96 61
31 98 19
31 100 91
31 101 3
31 106 64
31 108 97
31 109 58
31 110 83
31 114 78
31 116 8
31 123 53
31 127 25
31 128 57
31 133 45
31 136 44
31 137 93
31 139 90
31 140 62
31 142 99
31 144 36
31 145 63
31 146 72
31 148 12
31 149 49
31 150 35
32 33 85
32 34 47
32 39 84
32 40 54
32 42 36
32 43 53
32 44 52
32 45 78
32 48 39
32 51 23
32 52 39
32 57 56
32 60 13
32 63 13
32 66 73
32 69 29
32 74 27
32 77 87
32 78 35
32 80 100
32 84 60
32 86 47
32 88 6
32 91 26
32 93 52
32 96 73
32 97 31
32 98 33
32 103 20
32 104 70
32 105 66
32 106 28
32 109 97
32 110 16
32 111 69
32 116 45
32 117 54
32 121 1
32 122 15
32 129 15
32 131 18
32 133 74
32 134 75
32 135 35
32 136 69
32 141 29
32 142 64
32 143 44
32 146 19
32 147 89
32 148 26
32 149 56
33 35 80
33 42 48
33 43 53
33 44 30
33 45 10
33 46 26
33 47 14
33 49 4
33 51 8
33 54 87
33 55 28
33 58 12
33 60 36
33 61 43
33 63 30
33 66 69
33 69 28
33 72 60
33 75 43
33 76 28
33 77 26
33 82 10
33 83 60
33 88 6
33 92 77
33 94 54
33 97 81
33 99 85
33 100 6
33 101 50
33 105 6
33 108 53
33 109 93
33 114 26
33 116 27
33 118 8
33 121 93
33 122 72
33 124 85
33 135 26
33 139 84
33 147 4
33 150 2
34 36 79
34 38 68
34 42 29
34 43 2
34 47 98
34 48 93
34 49 83
34 50 85
34 51 42
34 53 30
34 54 8
34 56 52
34 58 36
34 59 61
34 64 7
34 66 82
34 67 40
34 71 49
34 74 52
34 76 79
34 78 59
34 79 97
34 81 94
34 84 36
34 86 93
34 90 63
34 91 7
34 102 45
34 104 9
34 110 42
34 112 49
34 114 73
34 116 3
34 117 100
34 119 19
34 120 4
34 125 41
34 126 57
34 127 81
34 134 18
34 139 67
34 142 42
34 147 5
34 148 60
34 149 15
34 150 13
35 38 98
35 45 90
35 46 99
35 50 56
35 51 30
35 59 71
35 60 35
35 61 69
35 62 1
35 63 22
35 65 24
35 66 91
35 68 67
35 69 47
35 71 77
35 74 53
35 77 33
35 81 96
35 83 48
35 90 69
35 91 45
35 92 64
35 94 36
35 98 14
35 102 11
35 105 50
35 106 64
35 107 26
35 108 17
35 109 24
35 113 33
35 115 96
35 116 25
35 117 42
35 119 40
35 122 11
35 126 24
35 128 63
35 134 1
35 135 60
35 138 6
35 140 71
35 146 31
35 148 47
35 150 94
36 43 41
36 44 9
36 46 75
36 48 19
36 49 44
36 51 29
36 52 93
36 57 53
36 59 81
36 66 81
36 68 38
36 69 8
36 70 95
36 71 85
36 72 34
36 75 25
36 76 95
36 79 1
36 80 78
36 87 90
36 88 100
36 89 76
36 90 32
36 98 55
36 101 23
36 103 63
36 104 60
36 105 32
36 109 4
36 110 40
36 111 59
36 113 90
36 116 24
36 117 43
36 118 74
36 121 94
36 123 42
36 126 71
36 128 31
36 131 17
36 133 55
36 134 53
36 139 92
36 141 52
36 143 95
36 145 46
36 147 5
37 39 13
37 42 24
37 43 100
37 48 64
37 49 41
37 50 62
37 56 56
37 59 15
37 61 57
37 67 61
37 69 96
37 71 9
37 75 42
37 79 99
37 80 36
37 81 99
37 85 7
37 88 92
37 89 26
37 91 6
37 92 75
37 94 19
37 95 88
37 97 66
37 99 38
37 100 41
37 104 39
37 108 4
37 109 88
37 111 24
37 113 65
37 115 62
37 116 51
37 117 56
37 120 28
37 124 93
37 127 78
37 128 76
37 133 53
37 134 82
37 136 89
37 139 82
37 141 52
37 144 21
37 145 82
37 146 49
37 147 66
38 39 4
38 40 12
38 44 19
38 47 73
38 49 57
38 53 76
38 54 38
38 57 44
38 60 89
38 64 58
38 65 72
38 66 5
38 68 29
38 71 81
38 73 61
38 77 98
38 80 3
38 88 91
38 95 57
38 97 70
38 101 96
38 103 83
38 107 84
38 109 30
38 114 70
38 115 38
38 118 7
38 123 95
38 125 99
38 126 14
38 127 49
38 140 70
38 141 69
38 142 15
38 150 9
39 40 3
39 41 26
39 42 93
39 44 31
39 48 98
39 49 31
39 52 65
39 54 6
39 57 94
39 59 82
39 60 12
39 67 59
39 69 89
39 72 86
39 74 73
39 76 100
39 77 6
39 81 98
39 82 82
39 91 18
39 93 67
39 94 29
39 101 10
39 102 79
39 103 26
39 108 69
39 109 21
39 111 94
39 112 17
39 114 15
39 115 36
39 117 97
39 119 36
39 126 95
39 127 42
39 131 86
39 137 8
39 138 22
39 141 1
39 144 97
39 145 22
39 149 49
40 41 53
40 45 7
40 47 35
40 48 43
40 50 68
40 51 91
40 52 80
40 57 71
40 61 57
40 62 67
40 65 34
40 71 4
40 78 77
40 79 98
40 81 1
40 82 44
40 85 89
40 89 72
40 91 53
40 92 64
40 93 87
40 94 93
40 95 70
40 96 100
40 99 82
40 106 89
40 107 78
40 109 38
40 113 91
40 115 90
40 116 91
40 117 76
40 122 64
40 127 89
40 129 76
40 130 65
40 131 23
40 136 85
40 140 46
40 142 22
40 143 4
40 145 10
40 148 27
41 42 4
41 43 37
41 48 78
41 53 97
41 54 55
41 55 26
41 58 56
41 60 98
41 62 44
41 63 94
41 64 4
41 66 24
41 68 62
41 70 37
41 71 95
41 72 56
41 73 32
41 74 56
41 77 93
41 84 11
41 85 56
41 88 31
41 102 48
41 103 32
41 104 75
41 105 89
41 107 9
41 108 85
41 110 14
41 112 76
41 118 59
41 119 91
41 121 59
41 122 94
41 124 100
41 125 25
41 126 44
41 128 21
41 130 50
41 132 15
41 133 55
41 135 78
41 139 10
41 140 38
41 142 84
41 143 8
42 43 78
42 45 45
42 47 77
42 48 19
42 50 42
42 51 36
42 53 77
42 56 61
42 60 53
42 61 94
42 64 7
42 68 94
42 73 47
42 76 61
42 77 83
42 79 13
42 81 87
42 83 67
42 86 60
42 89 28
42 90 44
42 92 49
42 94 77
42 97 66
42 100 72
42 112 37
42 115 33
42 119 22
42 121 28
42 122 58
42 123 38
42 126 19
42 127 10
42 128 64
42 130 76
42 131 94
42 140 43
42 141 78
42 142 99
42 143 95
42 145 55
42 150 19
43 45 92
43 51 49
43 55 44
43 57 92
43 61 75
43 62 82
43 63 10
43 64 97
43 66 5
43 67 97
43 70 6
43 71 38
43 72 65
43 74 60
43 75 90
43 77 1
43 79 67
43 80 42
43 81 54
43 82 36
43 83 95
43 84 60
43 86 65
43 91 9
43 93 7
43 95 48
43 96 5
43 100 48
43 106 73
43 112 63
43 118 36
43 120 20
43 121 59
43 122 79
43 130 65
43 132 78
43 133 98
43 136 15
43 138 6
43 139 66
43 141 99
43 142 78
43 143 17
43 145 77
43 146 96
43 147 46
43 149 10
44 47 98
44 48 27
44 49 67
44 50 22
44 51 26
44 52 93
44 53 98
44 61 39
44 62 94
44 63 19
44 64 27
44 67 38
44 68 71
44 69 5
44 71 17
44 76 50
44 78 97
44 81 58
44 82 60
44 85 70
44 87 91
44 88 20
44 91 37
44 96 41
44 97 26
44 98 93
44 104 63
44 107 30
44 109 2
44 111 27
44 113 74
44 114 23
44 118 27
44 124 76
44 125 98
44 129 92
44 132 31
44 134 49
44 136 43
44 137 90
44 139 23
44 140 14
44 145 48
44 150 22
45 46 79
45 48 91
45 52 80
45 53 40
45 55 23
45 57 71
45 58 92
45 59 6
45 60 73
45 61 4
45 63 64
45 64 28
45 65 38
45 69 75
45 71 85
45 72 7
45 74 43
45 75 16
45 77 9
45 83 71
45 85 3
45 86 60
45 88 4
45 91 27
45 92 56
45 93 81
45 94 56
45 95 11
45 96 25
45 100 29
45 101 99
45 102 26
45 106 83
45 110 23
45 111 78
45 113 93
45 120 37
45 121 83
45 123 11
45 126 67
45 127 87
45 129 66
45 130 66
45 136 75
45 141 36
45 142 93
45 144 84
45 148 2
46 50 74
46 52 31
46 54 54
46 56 85
46 58 16
46 62 78
46 63 78
46 65 73
46 68 4
46 70 9
46 73 40
46 76 9
46 78 82
46 79 15
46 80 66
46 87 77
46 90 48
46 91 43
46 94 36
46 99 60
46 101 11
46 102 23
46 104 59
46 105 97
46 107 39
46 108 91
46 112 13
46 115 58
46 122 17
46 124 62
46 125 38
46 126 69
46 134 90
46 143 80
46 144 44
46 145 39
46 146 16
46 148 84
46 149 44
47 48 62
47 51 67
47 53 45
47 54 44
47 55 100
47 56 12
47 58 46
47 61 76
47 62 70
47 66 89
47 67 15
47 68 21
47 69 34
47 71 88
47 72 38
47 78 49
47 82 99
47 84 13
47 86 60
47 87 70
47 88 81
47 95 25
47 99 63
47 104 71
47 105 2
47 106 50
47 108 39
47 109 70
47 111 29
47 113 88
47 115 74
47 116 94
47 119 49
47 126 67
47 128 48
47 132 72
47 135 92
47 136 16
47 137 9
47 138 51
47 139 19
47 144 69
47 148 51
47 149 87
48 50 56
48 53 61
48 57 42
48 58 80
48 59 54
48 60 86
48 62 39
48 82 84
48 85 64
48 87 12
48 98 28
48 99 76
48 101 64
48 103 55
48 105 37
48 109 89
48 112 13
48 114 43
48 116 37
48 117 39
48 119 50
48 121 9
48 122 77
48 124 82
48 125 60
48 127 51
48 128 87
48 132 13
48 134 80
48 138 62
48 139 91
48 140 16
48 141 79
48 147 78
48 148 87
48 150 93
49 50 78
49 51 21
49 55 81
49 56 68
49 59 46
49 60 68
49 62 97
49 64 53
49 70 3
49 75 6
49 77 20
49 84 14
49 85 65
49 87 91
49 90 67
49 92 35
49 95 51
49 96 82
49 100 29
49 105 5
49 106 51
49 107 50
49 111 36
49 115 31
49 120 44
49 121 58
49 122 56
49 123 8
49 124 12
49 128 80
49 129 33
49 131 93
49 134 73
49 137 59
49 138 97
49 141 85
49 142 15
49 144 37
49 146 45
50 51 28
50 55 93
50 57 37
50 61 70
50 63 95
50 66 66
50 69 22
50 70 31
50 71 57
50 72 21
50 73 91
50 74 43
50 78 46
50 79 75
50 80 64
50 83 94
50 86 14
50 87 75
50 89 21
50 91 67
50 92 83
50 93 87
50 96 5
50 97 52
50 98 44
50 100 64
50 101 81
50 102 59
50 104 81
50 105 14
50 106 56
50 110 60
50 112 96
50 115 4
50 116 83
50 117 40
50 121 3
50 124 25
50 127 62
50 130 93
50 131 61
50 133 38
50 135 67
50 136 55
50 137 85
50 138 26
50 144 59
51 53 67
51 55 29
51 57 25
51 58 29
51 63 55
51 65 74
51 66 83
51 67 73
51 69 32
51 72 38
51 74 30
51 75 47
51 79 38
51 80 86
51 81 77
51 85 89
51 89 49
51 91 1
51 92 10
51 94 21
51 96 3
51 98 72
51 99 1
51 102 30
51 103 61
51 104 30
51 108 27
51 110 73
51 111 18
51 120 88
51 122 38
51 125 30
51 127 92
51 128 91
51 129 26
51 132 59
51 135 59
51 136 94
51 137 74
51 138 93
51 139 94
51 141 89
51 142 45
51 143 92
51 144 61
51 149 63
52 53 80
52 54 65
52 64 58
52 65 44
52 69 18
52 72 54
52 75 60
52 76 32
52 81 14
52 82 97
52 83 44
52 84 34
52 86 87
52 87 92
52 89 47
52 94 54
52 100 61
52 102 25
52 103 85
52 105 51
52 106 85
52 112 40
52 113 69
52 114 14
52 116 71
52 121 75
52 126 48
52 128 37
52 129 13
52 130 92
52 133 22
52 135 81
52 136 25
52 142 76
52 150 19
53 54 79
53 58 1
53 59 37
53 60 77
53 62 47
53 64 54
53 65 16
53 66 36
53 69 27
53 70 99
53 72 67
53 73 94
53 77 41
53 87 88
53 88 62
53 94 6
53 95 27
53 97 50
53 102 17
53 105 29
53 106 8
53 108 89
53 109 55
53 111 70
53 112 94
53 116 26
53 117 29
53 120 94
53 121 15
53 124 56
53 125 24
53 126 56
53 127 55
53 128 37
53 129 58
53 131 82
53 133 56
53 135 66
53 138 100
53 139 78
53 141 63
53 143 24
53 145 18
53 146 36
53 147 83
53 150 9
54 55 58
54 57 75
54 58 48
54 60 72
54 66 6
54 68 22
54 69 3
54 72 44
54 74 35
54 75 24
54 79 17
54 81 31
54 85 97
54 92 98
54 100 62
54 104 11
54 105 68
54 106 54
54 107 44
54 114 17
54 115 28
54 118 37
54 119 68
54 123 15
54 124 36
54 129 59
54 130 45
54 132 5
54 135 40
54 141 55
54 146 6
55 56 88
55 68 23
55 73 17
55 78 59
55 83 23
55 84 2
55 87 7
55 90 51
55 91 32
55 92 71
55 97 9
55 99 20
55 101 100
55 105 30
55 108 12
55 109 1
55 110 70
55 114 9
55 115 13
55 117 41
55 118 87
55 120 26
55 125 16
55 129 93
55 130 12
55 133 15
55 134 92
55 136 49
55 137 38
55 140 20
55 141 87
55 144 62
55 145 92
56 60 7
56 62 61
56 63 95
56 66 83
56 68 56
56 69 57
56 71 10
56 79 71
56 85 10
56 86 92
56 87 28
56 92 65
56 94 61
56 95 50
56 99 17
56 102 73
56 104 77
56 105 81
56 107 82
56 111 10
56 112 2
56 114 80
56 115 76
56 116 33
56 117 83
56 118 70
56 119 96
56 124 64
56 125 97
56 126 45
56 129 91
56 130 40
56 131 91
56 136 40
56 138 34
56 140 61
56 141 28
56 144 86
56 149 67
56 150 61
57 61 83
57 63 94
57 64 67
57 65 43
57 66 99
57 74 75
57 77 83
57 78 3
57 84 5
57 87 34
57 90 86
57 91 61
57 92 6
57 93 21
57 94 68
57 95 97
57 96 76
57 98 31
57 100 54
57 102 3
57 105 64
57 107 72
57 110 63
57 111 63
57 114 34
57 115 15
57 116 65
57 117 46
57 118 61
57 129 85
57 130 11
57 140 31
57 143 42
57 144 59
57 147 59
57 149 75
57 150 66
58 61 58
58 63 9
58 64 16
58 67 69
58 68 17
58 70 69
58 71 62
58 73 28
58 74 96
58 79 65
58 82 31
58 83 51
58 84 55
58 85 6
58 87 26
58 90 63
58 92 6
58 93 27
58 101 51
58 102 33
58 104 59
58 110 79
58 111 63
58 113 65
58 114 4
58 117 22
58 121 33
58 123 63
58 125 25
58 132 80
58 133 16
58 135 62
58 139 12
58 141 77
58 143 78
58 145 17
58 146 26
59 62 23
59 69 39
59 71 66
59 72 98
59 74 35
59 77 27
59 83 59
59 87 2
59 88 23
59 96 27
59 103 59
59 108 67
59 109 53
59 110 65
59 112 12
59 114 27
59 115 61
59 116 51
59 117 48
59 119 46
59 122 17
59 123 4
59 124 84
59 126 37
59 130 98
59 134 45
59 137 66
59 138 41
59 142 55
59 143 2
59 150 76
60 61 55
60 63 43
60 64 57
60 66 18
60 68 99
60 69 2
60 70 23
60 71 95
60 72 32
60 74 58
60 76 42
60 78 94
60 82 3
60 84 51
60 85 98
60 87 68
60 88 73
60 89 57
60 90 60
60 94 32
60 95 7
60 98 17
60 100 17
60 101 18
60 102 12
60 106 32
60 109 42
60 112 30
60 113 18
60 114 93
60 115 57
60 120 95
60 121 82
60 125 64
60 129 35
60 130 8
60 132 37
60 134 28
60 137 29
60 139 1
60 140 88
60 141 62
60 142 29
60 143 45
60 146 37
60 148 84
60 150 78
61 62 10
61 63 31
61 64 53
61 66 10
61 67 97
61 68 4
61 70 18
61 71 17
61 76 59
61 79 90
61 84 43
61 88 2
61 89 67
61 91 16
61 94 42
61 95 98
61 96 100
61 98 70
61 103 68
61 104 10
61 105 96
61 107 54
61 110 99
61 113 6
61 116 15
61 117 49
61 118 95
61 121 91
61 125 85
61 128 64
61 133 27
61 135 31
61 142 70
61 145 51
61 150 35
62 63 35
62 65 79
62 69 85
62 71 3
62 72 91
62 75 6
62 76 11
62 78 49
62 80 29
62 81 30
62 83 40
62 86 34
62 87 39
62 88 46
62 90 76
62 91 65
62 93 62
62 95 21
62 96 52
62 97 4
62 101 29
62 105 31
62 106 93
62 107 99
62 108 20
62 110 31
62 112 16
62 113 81
62 114 37
62 115 6
62 116 44
62 118 97
62 128 3
62 134 97
62 135 27
62 139 61
62 141 88
62 143 8
62 147 21
62 150 39
63 64 6
63 66 100
63 67 96
63 68 10
63 70 36
63 71 91
63 73 13
63 75 22
63 78 95
63 81 32
63 88 6
63 89 4
63 91 71
63 98 50
63 103 51
63 106 29
63 109 15
63 110 24
63 111 81
63 113 47
63 116 36
63 117 19
63 118 19
63 119 12
63 123 31
63 125 12
63 129 45
63 132 8
63 133 14
63 134 94
63 136 91
63 138 41
63 139 38
63 140 44
63 141 84
63 142 68
63 144 24
63 146 17
63 149 82
64 65 92
64 68 18
64 70 53
64 71 25
64 74 65
64 76 30
64 80 72
64 82 3
64 85 76
64 88 85
64 89 100
64 90 18
64 95 24
64 103 43
64 104 20
64 105 31
64 106 42
64 108 85
64 109 62
64 111 82
64 112 38
64 113 9
64 117 71
64 118 88
64 123 47
64 124 42
64 125 16
64 126 68
64 127 54
64 128 94
64 136 60
64 137 60
64 140 19
64 141 61
64 143 51
64 145 18
64 146 81
65 68 12
65 70 74
65 71 91
65 74 83
65 77 90
65 82 61
65 84 30
65 89 58
65 90 75
65 92 58
65 94 37
65 98 96
65 99 80
65 100 95
65 101 47
65 102 38
65 104 18
65 105 35
65 106 96
65 107 4
65 115 92
65 118 56
65 119 80
65 124 55
65 126 40
65 128 79
65 130 56
65 135 22
65 138 91
65 143 76
65 144 8
65 145 74
65 146 90
65 147 77
65 150 81
66 68 65
66 75 97
66 80 48
66 81 54
66 82 30
66 85 2
66 86 97
66 87 48
66 90 73
66 91 42
66 93 10
66 95 20
66 101 16
66 102 9
66 103 7
66 104 23
66 105 38
66 108 68
66 111 65
66 115 28
66 119 48
66 122 67
66 123 9
66 124 95
66 125 54
66 126 85
66 127 54
66 133 30
66 135 26
66 136 54
66 137 60
66 143 25
66 144 2
66 145 61
66 149 41
67 70 24
67 72 88
67 77 31
67 78 44
67 79 65
67 80 51
67 86 3
67 94 79
67 95 88
67 101 18
67 103 30
67 104 97
67 105 88
67 106 72
67 109 35
67 111 26
67 113 58
67 115 84
67 116 66
67 121 27
67 123 78
67 126 66
67 129 64
67 130 13
67 131 18
67 137 15
67 142 14
67 143 60
67 144 45
67 145 6
67 147 19
67 148 46
67 149 63
68 69 13
68 71 79
68 80 71
68 81 99
68 83 88
68 84 28
68 85 30
68 86 19
68 90 17
68 91 58
68 92 8
68 95 8
68 96 76
68 98 19
68 101 94
68 103 56
68 105 36
68 109 75
68 115 18
68 116 43
68 118 36
68 119 58
68 121 55
68 122 14
68 123 22
68 129 63
68 130 9
68 132 15
68 135 44
68 136 100
68 143 72
68 144 66
68 147 24
68 148 51
68 149 66
69 70 39
69 72 3
69 78 1
69 80 100
69 81 37
69 82 63
69 86 38
69 88 14
69 91 24
69 93 3
69 95 94
69 101 12
69 107 89
69 108 43
69 109 42
69 110 20
69 111 100
69 112 62
69 116 21
69 117 90
69 118 36
69 120 56
69 123 20
69 125 18
69 127 68
69 129 56
69 130 89
69 131 7
69 133 79
69 134 66
69 146 23
69 147 63
69 148 15
69 150 82
70 72 8
70 76 31
70 80 44
70 83 94
70 89 56
70 91 6
70 92 86
70 93 27
70 94 8
70 99 48
70 102 73
70 103 50
70 108 28
70 109 95
70 111 75
70 112 20
70 116 76
70 117 13
70 120 30
70 121 83
70 122 4
70 124 31
70 130 7
70 131 86
70 132 37
70 135 90
70 137 26
70 140 2
70 142 91
70 144 15
70 146 92
70 150 82
71 74 94
71 75 66
71 77 4
71 84 37
71 87 1
71 88 93
71 91 13
71 94 79
71 96 63
71 99 90
71 102 44
71 103 62
71 106 8
71 121 46
71 124 67
71 125 72
71 127 94
71 131 29
71 132 27
71 135 32
71 138 87
71 139 60
71 146 3
71 147 40
72 74 82
72 77 93
72 78 83
72 80 42
72 83 15
72 85 42
72 87 52
72 89 4
72 90 55
72 91 79
72 92 50
72 94 82
72 96 12
72 100 90
72 103 57
72 108 86
72 109 78
72 111 32
72 112 76
72 116 95
72 118 12
72 129 31
72 133 42
72 135 68
72 138 51
72 140 78
72 141 90
72 143 76
72 148 21
73 74 19
73 76 15
73 83 30
73 86 4
73 91 35
73 92 72
73 96 87
73 99 28
73 100 29
73 101 52
73 104 80
73 108 53
73 111 15
73 115 90
73 123 24
73 127 88
73 129 69
73 130 49
73 132 30
73 133 94
73 135 30
73 141 1
73 143 33
73 144 17
73 145 24
73 147 94
74 76 5
74 77 91
74 79 67
74 83 24
74 84 36
74 90 96
74 93 17
74 95 9
74 99 39
74 101 85
74 106 32
74 108 55
74 110 5
74 111 22
74 113 52
74 115 3
74 116 77
74 119 53
74 122 21
74 123 27
74 124 49
74 126 5
74 128 11
74 129 11
74 133 16
74 136 1
74 137 61
74 139 5
74 147 35
74 148 59
74 149 78
75 77 77
75 80 32
75 82 7
75 87 88
75 89 71
75 91 98
75 92 75
75 94 100
75 95 85
75 101 48
75 102 84
75 103 60
75 106 5
75 107 7
75 109 67
75 112 3
75 114 37
75 118 34
75 119 29
75 121 32
75 126 43
75 133 28
75 134 36
75 137 100
75 139 23
75 140 36
75 141 66
75 145 1
75 149 38
75 150 96
76 77 64
76 79 93
76 82 6
76 83 90
76 85 61
76 88 63
76 93 20
76 94 12
76 96 23
76 102 13
76 105 74
76 106 63
76 108 94
76 110 29
76 112 49
76 114 73
76 121 15
76 122 58
76 125 88
76 126 48
76 128 30
76 133 78
76 142 75
76 144 14
76 146 17
76 147 71
76 148 43
76 150 26
77 80 24
77 84 50
77 86 26
77 88 68
77 89 96
77 93 83
77 97 70
77 99 49
77 101 34
77 102 31
77 104 70
77 105 18
77 106 10
77 113 9
77 116 2
77 117 74
77 123 63
77 125 91
77 126 8
77 132 53
77 135 19
77 136 4
77 138 43
77 142 25
77 143 78
77 148 22
77 149 28
78 79 8
78 81 20
78 82 43
78 83 28
78 85 9
78 86 67
78 89 12
78 94 14
78 96 18
78 97 76
78 98 3
78 100 79
78 101 80
78 102 37
78 103 22
78 105 2
78 108 29
78 114 75
78 116 77
78 119 37
78 121 23
78 122 87
78 128 64
78 131 47
78 132 78
78 133 79
78 134 57
78 135 57
78 137 60
78 139 93
78 140 48
78 146 65
78 148 36
78 149 9
78 150 34
79 80 34
79 81 69
79 91 95
79 93 70
79 94 27
79 97 23
79 101 34
79 102 22
79 103 91
79 104 100
79 105 49
79 107 78
79 109 91
79 112 76
79 115 53
79 116 16
79 118 47
79 119 96
79 120 34
79 125 29
79 126 10
79 128 18
79 130 83
79 133 9
79 134 84
79 135 61
79 137 31
79 140 28
79 141 64
79 142 71
79 144 88
79 145 44
80 83 67
80 96 31
80 99 61
80 101 81
80 102 97
80 104 64
80 105 74
80 106 67
80 112 32
80 114 92
80 115 46
80 116 57
80 117 79
80 118 2
80 121 37
80 124 1
80 126 54
80 128 59
80 129 81
80 132 26
80 134 21
80 136 85
80 141 42
80 144 82
80 145 1
80 146 87
80 150 26
81 85 30
81 86 64
81 89 14
81 90 4
81 93 65
81 94 61
81 97 75
81 102 32
81 103 82
81 104 63
81 105 81
81 106 40
81 109 42
81 110 50
81 111 93
81 116 94
81 119 11
81 122 16
81 123 9
81 124 74
81 125 39
81 126 46
81 127 86
81 131 80
81 136 73
81 137 24
81 140 71
81 141 29
81 144 49
81 147 20
82 83 42
82 85 57
82 86 80
82 88 16
82 93 47
82 94 22
82 95 92
82 100 41
82 101 69
82 103 54
82 104 17
82 112 90
82 115 30
82 117 32
82 119 10
82 120 36
82 121 14
82 123 14
82 124 99
82 125 62
82 126 45
82 127 77
82 128 10
82 134 56
82 135 52
82 138 74
82 139 55
82 144 76
82 145 70
82 146 99
82 149 17
82 150 80
83 84 80
83 85 24
83 86 97
83 95 99
83 98 59
83 103 42
83 109 79
83 113 24
83 114 62
83 120 46
83 122 24
83 127 44
83 129 56
83 131 91
83 135 31
83 137 41
83 138 48
83 140 6
83 141 23
83 143 58
83 145 13
83 148 91
84 86 22
84 87 35
84 89 49
84 93 68
84 99 81
84 101 60
84 103 25
84 104 30
84 107 70
84 110 96
84 112 44
84 114 10
84 115 36
84 116 30
84 117 44
84 119 98
84 120 25
84 121 6
84 122 68
84 125 11
84 127 7
84 129 51
84 131 34
84 132 22
84 135 9
84 137 16
84 138 76
84 140 88
84 143 63
84 144 74
84 147 54
85 86 79
85 87 97
85 90 42
85 98 58
85 99 78
85 103 40
85 105 79
85 107 19
85 108 57
85 109 26
85 111 56
85 112 84
85 113 85
85 114 55
85 118 69
85 120 16
85 124 77
85 131 87
85 132 39
85 137 94
85 138 73
85 142 42
85 144 56
85 147 65
86 91 34
86 93 42
86 94 86
86 95 8
86 96 50
86 100 79
86 104 41
86 106 41
86 108 83
86 112 46
86 114 69
86 115 71
86 117 56
86 122 21
86 123 86
86 128 18
86 129 65
86 130 99
86 131 40
86 137 45
86 139 62
86 140 52
86 143 40
86 146 51
86 150 71
87 92 77
87 93 35
87 94 70
87 102 93
87 104 70
87 105 39
87 106 61
87 113 10
87 115 74
87 117 87
87 118 12
87 121 14
87 124 51
87 125 75
87 129 82
87 132 23
87 134 70
87 139 66
87 140 27
87 141 52
87 142 75
87 144 10
87 145 40
87 146 45
87 147 19
87 148 85
88 93 84
88 94 100
88 95 22
88 104 54
88 105 94
88 109 11
88 111 100
88 112 73
88 113 6
88 116 27
88 118 80
88 120 59
88 125 86
88 127 26
88 129 64
88 131 73
88 133 6
88 137 17
88 149 87
89 90 50
89 93 26
89 95 53
89 97 10
89 105 65
89 114 67
89 115 26
89 116 17
89 117 67
89 119 45
89 120 61
89 121 74
89 124 98
89 125 76
89 131 76
89 132 59
89 133 47
89 143 58
89 144 13
89 145 53
89 147 92
90 93 57
90 94 14
90 97 89
90 99 7
90 100 76
90 102 20
90 107 69
90 111 74
90 115 57
90 116 56
90 120 70
90 121 1
90 122 68
90 125 24
90 126 21
90 133 36
90 134 87
90 138 19
90 139 57
90 140 54
90 143 27
90 150 45
91 92 73
91 94 40
91 97 96
91 100 90
91 103 54
91 108 82
91 109 52
91 110 19
91 112 6
91 113 88
91 114 97
91 117 5
91 118 41
91 119 57
91 121 63
91 122 97
91 123 90
91 124 61
91 127 81
91 128 16
91 129 37
91 131 30
91 133 88
91 134 47
91 137 88
91 138 82
91 139 98
91 140 43
91 141 63
91 143 78
91 150 32
92 94 63
92 99 11
92 100 70
92 102 94
92 104 80
92 106 94
92 107 64
92 110 23
92 113 90
92 114 40
92 115 59
92 119 13
92 120 20
92 122 10
92 126 24
92 127 50
92 129 37
92 133 47
92 134 42
92 136 84
92 140 85
92 141 52
92 145 81
92 148 66
92 149 86
93 95 61
93 96 92
93 100 38
93 104 19
93 105 10
93 106 90
93 107 9
93 108 94
93 109 12
93 110 49
93 111 91
93 114 56
93 115 22
93 117 7
93 122 81
93 123 93
93 125 53
93 131 77
93 135 34
93 138 1
93 142 85
93 144 45
93 146 8
93 147 38
94 96 89
94 98 26
94 100 34
94 101 15
94 103 56
94 104 95
94 106 80
94 109 1
94 113 41
94 115 39
94 119 96
94 120 61
94 121 3
94 122 36
94 125 99
94 127 45
94 128 84
94 131 82
94 132 99
94 133 78
94 140 77
94 141 6
94 143 82
94 144 2
94 145 86
95 99 65
95 101 85
95 103 9
95 109 36
95 110 38
95 114 62
95 116 71
95 118 21
95 119 77
95 121 51
95 123 64
95 125 66
95 127 96
95 128 64
95 130 59
95 131 100
95 134 8
95 136 93
95 137 63
95 138 5
95 139 21
95 142 54
95 143 77
95 147 34
96 97 63
96 98 83
96 99 61
96 101 91
96 108 95
96 112 67
96 114 14
96 115 100
96 116 65
96 123 74
96 125 70
96 127 77
96 128 4
96 129 18
96 137 37
96 138 59
96 139 78
96 141 55
96 144 100
96 148 74
96 149 55
96 150 15
97 98 5
97 99 99
97 101 9
97 105 52
97 107 28
97 108 71
97 110 40
97 114 29
97 115 30
97 116 95
97 119 39
97 120 62
97 121 94
97 123 13
97 124 89
97 126 89
97 128 6
97 129 65
97 135 32
97 136 94
97 139 6
97 140 12
97 141 7
97 149 96
97 150 13
98 99 50
98 100 46
98 102 48
98 103 58
98 106 35
98 108 35
98 111 68
98 112 12
98 113 1
98 118 28
98 122 80
98 123 53
98 124 76
98 125 33
98 126 41
98 127 82
98 131 36
98 132 27
98 133 13
98 135 83
98 138 63
98 139 99
98 140 56
98 142 69
98 143 73
98 144 56
98 150 43
99 100 51
99 102 84
99 105 73
99 106 21
99 108 50
99 111 41
99 112 6
99 114 67
99 118 51
99 119 45
99 123 5
99 124 16
99 125 62
99 127 30
99 129 58
99 131 54
99 133 55
99 136 46
99 137 85
99 138 84
99 150 23
100 101 10
100 102 81
100 104 65
100 109 71
100 115 4
100 116 50
100 117 34
100 119 31
100 122 8
100 124 94
100 130 11
100 132 37
100 140 20
100 141 2
100 142 92
100 144 61
100 146 43
100 148 20
100 150 48
101 102 11
101 103 38
101 104 62
101 106 43
101 112 20
101 113 99
101 116 51
101 121 19
101 124 23
101 128 25
101 129 13
101 131 10
101 132 65
101 138 35
101 139 73
101 141 76
101 142 78
101 143 52
101 147 88
101 148 38
101 150 5
102 106 93
102 112 92
102 115 15
102 116 49
102 120 19
102 121 42
102 125 23
102 130 22
102 131 92
102 135 32
102 136 42
102 137 76
102 142 91
102 143 26
102 147 27
102 149 60
102 150 38
103 107 78
103 111 2
103 113 84
103 114 97
103 116 84
103 120 11
103 122 61
103 123 37
103 124 19
103 130 3
103 131 84
103 137 37
103 138 93
103 139 87
103 140 6
103 142 32
103 146 20
103 147 89
103 150 38
104 110 50
104 114 49
104 115 24
104 116 59
104 119 64
104 121 25
104 122 13
104 127 61
104 129 83
104 132 60
104 133 43
104 134 89
104 138 81
104 141 68
104 143 53
104 144 100
104 146 90
104 150 54
105 106 40
105 107 100
105 111 21
105 113 89
105 114 16
105 116 39
105 121 20
105 125 70
105 126 99
105 127 7
105 129 5
105 139 37
105 140 2
105 145 81
105 146 35
105 147 96
105 149 78
105 150 48
106 107 70
106 113 39
106 118 81
106 122 94
106 128 37
106 131 1
106 132 56
106 134 9
106 138 20
106 139 85
106 143 81
106 146 97
106 149 99
106 150 6
107 109 87
107 110 42
107 115 89
107 117 4
107 118 6
107 121 9
107 125 96
107 127 98
107 129 69
107 136 28
107 141 68
107 142 64
107 150 89
108 110 44
108 112 10
108 113 68
108 117 25
108 119 63
108 121 45
108 123 70
108 125 59
108 127 89
108 129 86
108 132 97
108 134 29
108 135 59
108 139 48
108 141 1
108 142 39
108 143 97
108 146 37
108 149 10
109 111 100
109 115 59
109 120 66
109 123 20
109 124 23
109 125 36
109 126 75
109 129 4
109 130 37
109 131 23
109 134 81
109 136 1
109 138 68
109 140 8
109 141 40
109 142 64
109 146 12
109 148 5
109 149 57
109 150 63
110 116 65
110 118 61
110 119 98
110 120 94
110 121 67
110 122 44
110 123 35
110 127 33
110 130 3
110 131 21
110 135 21
110 137 13
110 143 74
111 115 75
111 116 71
111 118 53
111 119 70
111 120 87
111 121 15
111 124 34
111 129 92
111 130 2
111 131 66
111 134 69
111 135 84
111 136 15
111 137 17
111 139 30
111 147 47
111 148 72
111 149 32
112 118 48
112 121 90
112 122 69
112 123 50
112 124 42
112 125 92
112 126 11
112 129 70
112 130 37
112 132 31
112 135 17
112 136 16
112 141 36
112 143 64
112 147 7
112 149 51
113 123 99
113 124 35
113 125 17
113 127 52
113 128 78
113 131 89
113 134 73
113 135 41
113 136 82
113 137 64
113 139 66
113 144 23
113 145 23
113 149 66
114 116 44
114 120 42
114 122 65
114 125 80
114 129 88
114 132 5
114 133 66
114 135 4
114 136 30
114 138 21
114 139 11
114 140 14
114 143 73
114 144 35
115 116 51
115 119 41
115 121 30
115 135 48
115 138 75
115 141 81
115 143 18
115 150 99
116 118 20
116 119 20
116 121 60
116 126 20
116 128 9
116 129 87
116 132 86
116 139 22
116 141 97
116 143 82
116 145 31
116 146 18
116 150 10
117 118 19
117 123 20
117 124 100
117 125 81
117 140 54
117 141 30
117 142 51
117 147 42
117 148 16
118 123 39
118 126 14
118 130 19
118 131 72
118 132 44
118 135 18
118 137 14
118 138 4
118 146 52
118 147 67
119 120 100
119 121 81
119 125 58
119 127 28
119 128 6
119 130 26
119 137 25
119 138 89
119 139 99
119 142 9
120 121 38
120 123 70
120 124 100
120 131 31
120 136 99
120 137 97
120 138 17
120 139 21
120 140 22
120 142 34
120 144 33
120 146 91
120 147 92
120 148 71
121 122 22
121 123 93
121 124 63
121 125 45
121 126 5
121 127 100
121 129 65
121 132 14
121 133 53
121 134 26
121 136 72
121 137 38
121 138 91
121 139 48
121 140 46
121 143 49
121 144 21
121 145 34
121 147 25
121 148 22
122 123 39
122 125 6
122 126 3
122 127 26
122 132 48
122 135 56
122 137 54
122 139 60
122 142 59
122 144 39
122 145 46
122 146 12
123 124 98
123 127 57
123 130 1
123 132 37
123 133 20
123 134 79
123 136 35
123 138 69
123 141 56
123 142 52
123 146 95
123 148 8
123 149 10
124 126 31
124 128 56
124 129 98
124 130 85
124 131 3
124 132 34
124 133 93
124 136 70
124 137 94
124 139 73
124 142 13
124 144 57
124 146 25
124 148 16
124 149 59
125 126 27
125 131 12
125 132 58
125 134 86
125 135 57
125 136 46
125 137 66
125 138 9
125 139 20
125 140 18
125 142 42
125 145 53
126 127 9
126 131 36
126 134 62
126 136 98
126 137 4
126 139 56
126 140 42
126 141 57
126 143 58
126 146 14
126 147 96
126 149 27
127 128 89
127 129 84
127 133 23
127 134 34
127 137 11
127 139 55
127 140 62
127 143 44
127 146 64
127 150 9
128 129 26
128 130 4
128 133 52
128 134 33
128 135 5
128 141 55
128 143 87
128 144 68
128 145 67
129 130 32
129 132 48
129 134 1
129 136 13
129 143 81
129 145 73
129 147 22
129 149 32
129 150 81
130 133 22
130 135 71
130 136 90
130 138 81
130 144 26
130 146 36
130 148 85
130 149 84
130 150 51
131 134 8
131 141 74
131 143 4
131 149 73
131 150 35
132 133 1
132 136 65
132 137 52
132 138 28
132 140 94
132 146 27
132 150 4
133 134 17
133 136 58
133 139 62
133 140 9
133 145 51
133 146 39
133 147 3
133 148 23
133 150 65
134 136 18
134 139 18
134 140 24
134 141 56
134 145 56
134 146 62
134 148 34
135 138 71
135 141 68
135 145 8
135 146 75
135 147 94
135 149 96
135 150 64
136 138 40
136 142 14
136 144 10
136 148 5
136 149 58
136 150 21
137 143 29
137 145 26
138 139 60
138 140 30
138 141 95
138 142 56
138 143 60
138 145 89
138 147 91
138 148 100
139 142 21
139 144 82
139 146 62
139 147 11
139 149 93
140 144 53
140 145 50
140 150 22
141 142 21
141 143 89
141 144 8
141 147 83
141 150 63
143 149 50
144 145 39
144 146 72
144 147 99
144 148 42
144 149 92
144 150 7
145 146 59
145 148 15
145 149 87
148 149 92
148 150 58
1 2 13
1 10 35
1 11 54
1 12 75
1 13 77
1 15 81
1 16 51
1 20 19
1 24 19
1 26 18
1 30 32
1 31 15
1 32 11
1 37 4
1 39 11
1 40 38
1 45 57
1 46 2
1 48 73
1 49 88
1 50 61
1 55 40
1 67 56
1 71 16
1 72 78
1 74 52
1 76 3
1 77 57
1 79 25
1 81 87
1 82 78
1 84 69
1 85 60
1 87 70
1 88 72
1 89 66
1 90 78
1 97 24
1 98 95
1 100 87
1 104 90
1 105 5
1 106 43
1 111 61
1 114 40
1 116 69
1 117 73
1 119 88
1 121 52
1 123 69
1 128 1
1 131 33
1 132 89
1 135 13
1 142 33
1 148 65
1 149 9
2 3 79
2 5 5
2 9 10
2 12 91
2 16 73
2 20 89
2 21 77
2 23 17
2 25 69
2 28 77
2 34 7
2 36 66
2 37 20
2 39 60
2 40 74
2 42 79
2 44 3
2 47 78
2 50 34
2 53 45
2 54 6
2 56 80
2 57 68
2 58 99
2 59 3
2 70 80
2 73 9
2 75 81
2 78 20
2 80 6
2 85 51
2 86 93
2 94 90
2 95 24
2 97 46
2 106 48
2 107 1
2 108 22
2 110 55
2 115 36
2 116 69
2 117 95
2 118 26
2 119 89
2 120 94
2 121 73
2 122 100
2 123 60
2 125 100
2 126 88
2 128 60
2 130 55
2 133 43
2 134 62
2 135 69
2 144 17
2 146 70
2 147 41
3 7 46
3 9 60
3 11 25
3 12 10
3 15 64
3 18 14
3 20 39
3 21 68
3 22 78
3 23 12
3 25 79
3 28 35
3 30 41
3 31 81
3 32 53
3 33 34
3 35 17
3 36 74
3 37 37
3 38 46
3 42 93
3 43 66
3 45 26
3 50 89
3 54 60
3 56 5
3 57 48
3 60 20
3 64 18
3 65 85
3 68 54
3 70 87
3 72 20
3 79 19
3 80 25
3 84 31
3 85 31
3 88 51
3 89 22
3 92 100
3 97 64
3 98 20
3 99 84
3 107 61
3 108 66
3 109 38
3 114 38
3 120 41
3 122 56
3 123 93
3 124 80
3 125 67
3 126 27
3 135 64
3 136 42
3 137 94
3 142 40
3 144 59
3 146 65
4 6 55
4 13 57
4 16 5
4 21 3
4 22 70
4 28 77
4 37 62
4 39 81
4 45 80
4 47 79
4 48 71
4 61 21
4 66 10
4 70 45
4 72 8
4 73 61
4 74 65
4 76 77
4 79 61
4 80 36
4 81 20
4 85 86
4 86 88
4 88 25
4 89 97
4 90 26
4 91 12
4 99 3
4 100 91
4 101 25
4 107 20
4 112 30
4 113 7
4 114 63
4 116 93
4 117 48
4 119 11
4 120 94
4 121 98
4 122 20
4 123 51
4 124 60
4 126 78
4 129 30
4 131 22
4 134 79
4 137 69
4 140 90
4 141 64
4 143 61
4 146 50
5 6 55
5 8 49
5 14 52
5 15 14
5 16 63
5 20 78
5 27 54
5 28 85
5 33 68
5 34 7
5 37 60
5 45 71
5 49 23
5 53 61
5 54 58
5 58 83
5 60 93
5 61 17
5 65 27
5 67 55
5 68 15
5 72 1
5 75 52
5 76 93
5 78 8
5 81 94
5 84 53
5 85 11
5 86 11
5 87 70
5 90 56
5 93 60
5 95 68
5 98 90
5 99 89
5 104 53
5 105 80
5 107 54
5 112 7
5 115 82
5 116 97
5 119 91
5 120 71
5 121 38
5 124 13
5 127 24
5 129 91
5 130 85
5 131 92
5 134 30
5 135 34
5 137 15
5 139 54
5 141 11
5 142 99
5 143 30
5 144 87
5 145 4
5 149 73
6 8 91
6 10 41
6 11 69
6 16 44
6 17 17
6 21 26
6 24 58
6 26 61
6 32 41
6 34 25
6 42 68
6 48 1
6 53 93
6 57 60
6 58 72
6 61 50
6 64 29
6 65 13
6 66 24
6 70 55
6 72 74
6 73 85
6 75 94
6 77 78
6 79 47
6 81 66
6 90 76
6 91 19
6 93 25
6 94 82
6 95 93
6 99 14
6 103 60
6 104 41
6 105 92
6 110 50
6 114 13
6 117 98
6 120 28
6 123 23
6 125 13
6 133 69
6 138 21
6 139 17
6 142 63
6 144 93
6 150 28
7 12 96
7 13 58
7 26 43
7 27 16
7 28 90
7 30 36
7 32 19
7 33 70
7 34 80
7 35 91
7 36 7
7 37 16
7 38 3
7 40 64
7 42 99
7 44 7
7 47 69
7 48 34
7 49 83
7 51 12
7 53 49
7 55 84
7 57 15
7 61 43
7 63 37
7 65 53
7 66 3
7 68 3
7 69 62
7 70 86
7 74 23
7 77 59
7 83 52
7 86 92
7 87 32
7 88 67
7 89 42
7 93 93
7 97 23
7 100 98
7 102 54
7 105 51
7 106 67
7 107 49
7 108 90
7 111 86
7 112 92
7 113 47
7 115 76
7 117 8
7 121 69
7 124 43
7 125 67
7 126 17
7 127 75
7 128 98
7 129 80
7 131 68
7 132 70
7 136 15
7 139 89
7 140 68
7 143 29
7 144 68
7 145 4
7 148 61
7 149 43
8 9 61
8 10 57
8 11 85
8 13 57
8 15 78
8 16 89
8 24 21
8 27 14
8 30 14
8 33 99
8 34 29
8 36 66
8 41 38
8 48 52
8 49 33
8 54 45
8 55 29
8 57 62
8 65 51
8 67 35
8 69 44
8 70 86
8 73 87
8 76 3
8 77 28
8 81 64
8 82 43
8 85 25
8 91 91
8 93 94
8 94 19
8 97 79
8 98 12
8 99 60
8 107 84
8 108 23
8 109 16
8 111 64
8 112 19
8 113 69
8 118 39
8 121 58
8 125 94
8 127 85
8 129 94
8 131 30
8 136 8
8 137 58
8 139 45
8 140 94
8 143 69
8 144 86
8 145 78
9 11 25
9 12 16
9 13 81
9 16 82
9 17 19
9 18 96
9 21 87
9 25 100
9 30 86
9 34 54
9 37 55
9 38 26
9 40 52
9 41 92
9 42 30
9 47 3
9 48 64
9 49 23
9 50 85
9 51 68
9 52 79
9 54 80
9 56 98
9 61 99
9 69 56
9 70 13
9 73 1
9 75 41
9 81 58
9 82 61
9 85 76
9 86 79
9 91 62
9 92 65
9 93 50
9 95 80
9 96 94
9 99 18
9 101 7
9 102 76
9 108 15
9 109 1
9 110 72
9 111 15
9 114 88
9 116 70
9 117 38
9 118 52
9 122 36
9 123 21
9 125 81
9 129 68
9 135 100
9 136 70
9 140 88
9 141 82
9 142 66
9 143 34
9 144 89
9 145 80
9 146 96
9 148 65
10 13 92
10 15 51
10 17 90
10 21 74
10 23 7
10 25 10
10 26 30
10 29 25
10 30 90
10 38 92
10 43 47
10 45 33
10 49 76
10 50 62
10 54 47
10 61 81
10 63 90
10 68 71
10 72 54
10 74 86
10 76 94
10 77 10
10 82 12
10 83 26
10 84 79
10 94 34
10 95 20
10 96 47
10 109 7
10 110 48
10 121 2
10 123 7
10 124 27
10 126 55
10 127 72
10 132 64
10 135 97
10 137 28
10 139 84
10 140 69
10 141 2
10 142 75
10 144 33
10 146 89
10 150 44
11 12 90
11 13 33
11 14 28
11 15 47
11 16 82
11 17 53
11 18 38
11 22 99
11 23 60
11 25 97
11 28 77
11 30 59
11 32 75
11 35 8
11 36 40
11 40 77
11 43 27
11 44 3
11 45 39
11 46 3
11 50 59
11 51 22
11 54 68
11 59 64
11 60 74
11 63 75
11 66 13
11 74 84
11 76 99
11 78 31
11 79 91
11 81 39
11 83 22
11 84 94
11 85 74
11 86 31
11 87 72
11 89 88
11 96 64
11 98 92
11 102 86
11 103 3
11 108 20
11 109 82
11 111 51
11 112 60
11 114 36
11 117 85
11 118 83
11 120 58
11 121 46
11 123 55
11 124 44
11 125 24
11 126 43
11 128 95
11 129 92
11 131 9
11 132 62
11 133 67
11 139 81
11 140 41
11 141 45
11 142 56
11 146 20
11 148 55
11 150 76
12 19 72
12 20 70
12 26 21
12 30 10
12 34 56
12 37 71
12 39 43
12 40 30
12 42 35
12 43 46
12 46 12
12 49 6
12 52 45
12 53 6
12 54 71
12 61 98
12 65 21
12 68 45
12 70 78
12 74 57
12 75 57
12 76 33
12 78 90
12 79 61
12 80 95
12 81 14
12 86 72
12 87 4
12 91 71
12 93 30
12 95 97
12 99 74
12 100 85
12 103 46
12 106 24
12 110 26
12 117 65
12 118 49
12 122 88
12 124 61
12 128 18
12 129 25
12 131 75
12 137 40
12 138 32
12 143 18
12 144 24
12 146 9
13 16 6
13 18 47
13 23 88
13 28 68
13 29 98
13 31 82
13 34 53
13 37 26
13 39 65
13 41 24
13 43 68
13 47 73
13 48 89
13 49 74
13 52 27
13 53 6
13 55 36
13 56 64
13 59 51
13 60 46
13 61 96
13 62 92
13 64 34
13 65 60
13 67 30
13 70 39
13 72 7
13 79 88
13 80 85
13 81 10
13 82 96
13 83 90
13 85 77
13 88 79
13 93 75
13 103 95
13 104 90
13 113 38
13 114 85
13 117 37
13 120 6
13 124 47
13 125 73
13 126 30
13 132 41
13 135 91
13 136 31
13 137 4
13 144 1
13 147 60
13 149 6
14 15 17
14 16 54
14 21 54
14 24 96
14 25 19
14 26 51
14 28 86
14 29 76
14 31 23
14 32 8
14 41 54
14 42 35
14 43 5
14 44 62
14 45 57
14 50 91
14 51 62
14 53 68
14 57 75
14 59 27
14 61 94
14 64 89
14 65 23
14 69 97
14 70 5
14 71 24
14 73 52
14 74 56
14 78 45
14 80 32
14 83 77
14 84 83
14 85 29
14 87 2
14 88 35
14 94 47
14 95 16
14 99 46
14 103 10
14 105 76
14 108 49
14 111 8
14 113 6
14 116 21
14 119 51
14 121 99
14 126 93
14 127 7
14 129 1
14 130 55
14 131 92
14 136 2
14 137 32
14 139 35
14 140 89
14 143 62
14 145 52
14 146 17
15 16 26
15 20 10
15 21 75
15 23 70
15 27 55
15 28 12
15 32 35
15 37 71
15 40 89
15 46 41
15 52 12
15 53 4
15 56 42
15 59 86
15 62 65
15 63 11
15 66 93
15 68 97
15 72 9
15 81 64
15 82 100
15 83 48
15 84 24
15 86 43
15 87 38
15 90 16
15 92 45
15 97 6
15 100 1
15 106 97
15 107 22
15 108 61
15 109 100
15 111 67
15 115 51
15 117 34
15 119 37
15 120 98
15 121 27
15 123 42
15 124 38
15 125 8
15 127 89
15 133 23
15 134 83
15 136 2
15 140 58
15 145 66
15 149 42
16 21 97
16 27 96
16 29 8
16 32 13
16 37 71
16 41 89
16 43 13
16 50 4
16 51 99
16 53 25
16 54 85
16 55 57
16 57 28
16 58 44
16 59 23
16 66 46
16 67 27
16 68 1
16 69 2
16 76 71
16 78 62
16 79 13
16 81 53
16 84 24
16 85 83
16 87 59
16 89 22
16 93 98
16 95 46
16 97 91
16 98 28
16 100 29
16 102 8
16 105 35
16 116 20
16 117 20
16 121 47
16 122 44
16 123 12
16 125 47
16 128 83
16 132 78
16 134 64
16 136 40
16 144 84
16 150 9
17 20 63
17 22 39
17 24 76
17 25 61
17 26 68
17 28 45
17 30 52
17 32 40
17 37 20
17 38 37
17 39 86
17 40 95
17 43 84
17 45 69
17 47 58
17 50 46
17 51 82
17 56 95
17 58 95
17 59 26
17 63 30
17 66 38
17 69 73
17 70 30
17 72 62
17 74 84
17 75 46
17 78 47
17 84 37
17 87 86
17 89 62
17 91 92
17 92 74
17 93 22
17 95 58
17 96 70
17 97 33
17 98 61
17 99 7
17 101 44
17 104 26
17 105 76
17 107 13
17 108 100
17 110 78
17 111 31
17 120 21
17 122 96
17 123 60
17 130 67
17 132 37
17 134 86
17 135 45
17 136 97
17 138 56
17 143 58
17 144 32
17 145 20
17 148 58
17 150 36
18 22 49
18 23 43
18 26 16
18 29 68
18 39 89
18 41 15
18 46 89
18 48 69
18 54 94
18 55 92
18 57 50
18 60 80
18 61 59
18 65 52
18 67 31
18 68 30
18 74 66
18 76 7
18 77 17
18 80 52
18 81 1
18 84 77
18 85 1
18 89 67
18 96 65
18 97 59
18 98 34
18 100 8
18 104 35
18 106 84
18 108 14
18 109 12
18 112 63
18 113 24
18 114 54
18 118 90
18 120 96
18 122 68
18 135 43
18 136 66
18 138 26
18 143 95
18 144 63
18 145 50
18 146 39
18 147 21
18 148 20
19 22 73
19 33 2
19 35 42
19 36 37
19 40 29
19 42 87
19 47 58
19 48 39
19 52 71
19 54 94
19 55 81
19 56 51
19 58 99
19 61 97
19 62 44
19 69 66
19 71 91
19 73 62
19 76 38
19 78 11
19 80 93
19 81 87
19 85 16
19 88 59
19 90 50
19 91 1
19 92 96
19 93 54
19 94 15
19 98 74
19 100 78
19 103 54
19 108 25
19 110 80
19 111 49
19 112 9
19 119 92
19 121 21
19 124 37
19 125 81
19 126 39
19 128 100
19 131 94
19 132 55
19 133 21
19 135 32
19 136 96
19 137 78
19 138 49
19 142 27
19 144 49
19 147 55
19 148 22
20 21 26
20 26 95
20 27 21
20 28 90
20 29 36
20 33 91
20 35 79
20 41 83
20 46 98
20 47 41
20 48 37
20 50 36
20 51 23
20 56 45
20 60 39
20 61 84
20 64 44
20 65 17
20 66 7
20 67 48
20 69 64
20 70 8
20 73 26
20 74 75
20 80 90
20 83 11
20 84 68
20 85 68
20 89 43
20 91 28
20 92 27
20 93 20
20 94 15
20 97 98
20 104 24
20 105 48
20 112 13
20 113 68
20 114 100
20 116 32
20 119 84
