150 10058 1
1 8 28
1 9 17
1 12 44
1 17 38
1 18 2
1 19 67
1 24 88
1 26 22
1 28 19
1 31 83
1 34 53
1 36 53
1 38 12
1 39 48
1 41 31
1 44 63
1 47 80
1 49 81
1 51 81
1 55 6
1 56 63
1 58 38
1 59 1
1 60 27
1 61 84
1 63 32
1 70 11
1 71 96
1 76 95
1 81 9
1 82 58
1 85 48
1 87 29
1 88 43
1 90 31
1 95 3
1 96 34
1 101 56
1 103 62
1 105 47
1 106 43
1 108 20
1 109 40
1 110 81
1 111 34
1 117 44
1 118 58
1 119 63
1 121 61
1 124 7
1 129 83
1 136 31
1 137 73
1 138 45
1 142 29
1 147 21
1 150 84
2 3 89
2 5 91
2 6 10
2 7 9
2 8 22
2 10 66
2 13 5
2 14 67
2 15 9
2 17 46
2 20 3
2 22 66
2 26 10
2 27 29
2 29 67
2 30 69
2 31 22
2 33 100
2 34 15
2 37 20
2 38 49
2 40 71
2 42 27
2 43 62
2 45 69
2 46 41
2 48 74
2 55 72
2 57 63
2 61 100
2 62 99
2 65 17
2 66 84
2 71 66
2 73 20
2 74 88
2 75 79
2 76 19
2 81 7
2 84 87
2 87 55
2 91 37
2 100 1
2 103 18
2 106 77
2 107 31
2 108 45
2 109 42
2 112 76
2 113 42
2 114 83
2 117 85
2 120 36
2 121 43
2 122 69
2 126 70
2 127 94
2 132 51
2 136 13
2 144 43
2 147 53
3 5 76
3 10 95
3 16 47
3 18 89
3 19 48
3 22 12
3 25 67
3 26 66
3 29 65
3 32 6
3 33 1
3 34 70
3 39 51
3 41 48
3 43 64
3 44 62
3 46 14
3 48 66
3 51 36
3 55 46
3 56 40
3 63 8
3 67 16
3 68 96
3 70 36
3 80 33
3 83 85
3 87 70
3 91 29
3 93 64
3 94 45
3 97 9
3 99 67
3 100 21
3 101 40
3 102 22
3 103 43
3 104 14
3 107 88
3 108 78
3 109 1
3 111 29
3 113 30
3 117 61
3 119 46
3 120 98
3 133 55
3 136 80
3 137 79
3 141 76
3 142 72
3 144 7
3 145 46
3 146 20
3 147 58
4 5 40
4 6 19
4 7 82
4 9 7
4 11 93
4 12 72
4 15 29
4 16 70
4 18 31
4 19 30
4 22 92
4 27 95
4 28 2
4 29 17
4 30 87
4 32 25
4 37 98
4 39 88
4 41 15
4 44 68
4 47 44
4 48 88
4 50 60
4 51 41
4 53 93
4 56 56
4 58 79
4 63 14
4 69 82
4 70 6
4 76 45
4 80 32
4 83 64
4 84 24
4 87 55
4 90 93
4 94 11
4 97 100
4 98 15
4 104 36
4 105 59
4 106 90
4 109 19
4 110 62
4 112 29
4 116 26
4 117 97
4 119 53
4 121 66
4 124 45
4 125 17
4 130 24
4 132 77
4 135 35
4 137 3
4 146 22
4 147 20
5 6 66
5 11 26
5 14 75
5 15 57
5 21 53
5 22 66
5 25 47
5 26 26
5 28 53
5 29 55
5 33 20
5 36 3
5 38 13
5 40 4
5 42 90
5 47 53
5 48 55
5 50 66
5 63 48
5 64 27
5 65 49
5 66 37
5 69 75
5 70 55
5 71 86
5 72 59
5 73 16
5 76 40
5 77 30
5 80 98
5 82 32
5 85 18
5 89 85
5 92 32
5 96 6
5 99 95
5 104 26
5 107 58
5 108 94
5 110 58
5 113 90
5 114 50
5 119 46
5 123 45
5 126 16
5 131 62
5 133 94
5 136 30
5 137 68
5 138 45
5 139 31
5 141 9
5 142 90
5 144 94
5 149 7
6 8 55
6 9 86
6 10 5
6 13 65
6 14 30
6 15 21
6 19 53
6 21 31
6 22 33
6 23 88
6 24 85
6 28 62
6 30 45
6 32 48
6 35 84
6 36 14
6 38 47
6 42 17
6 46 41
6 47 55
6 52 53
6 63 27
6 67 19
6 69 86
6 71 31
6 72 48
6 74 59
6 75 39
6 76 84
6 77 24
6 78 34
6 82 16
6 86 81
6 87 69
6 89 66
6 92 29
6 93 1
6 94 2
6 96 14
6 102 25
6 104 50
6 106 18
6 110 96
6 116 67
6 118 74
6 124 55
6 125 12
6 128 17
6 129 37
6 133 48
6 137 26
6 139 47
6 140 61
6 142 8
6 143 74
6 144 94
6 145 53
7 8 29
7 9 81
7 13 17
7 14 12
7 16 78
7 24 90
7 29 51
7 37 13
7 38 80
7 39 17
7 40 90
7 44 21
7 46 21
7 50 18
7 51 21
7 53 28
7 60 56
7 61 49
7 64 37
7 66 89
7 67 63
7 68 97
7 69 6
7 71 44
7 72 7
7 73 78
7 76 26
7 77 61
7 80 31
7 82 57
7 84 16
7 85 37
7 86 45
7 88 62
7 91 25
7 93 99
7 95 38
7 97 21
7 99 90
7 103 97
7 106 87
7 107 38
7 116 9
7 123 73
7 124 22
7 129 24
7 132 58
7 137 37
7 140 38
7 143 68
7 144 33
7 148 99
7 149 52
7 150 54
8 13 71
8 16 47
8 17 16
8 19 26
8 20 99
8 21 24
8 23 51
8 24 12
8 27 79
8 30 9
8 31 55
8 32 84
8 34 22
8 36 90
8 37 19
8 39 39
8 41 29
8 43 69
8 44 83
8 47 58
8 49 44
8 54 73
8 55 10
8 57 47
8 58 10
8 59 66
8 62 27
8 64 63
8 65 62
8 66 100
8 70 99
8 72 25
8 73 43
8 74 29
8 76 59
8 77 43
8 78 97
8 79 29
8 88 38
8 92 53
8 97 37
8 98 43
8 99 79
8 100 70
8 101 5
8 102 90
8 106 79
8 108 93
8 110 38
8 111 14
8 112 51
8 114 36
8 116 64
8 117 44
8 118 54
8 121 98
8 122 56
8 128 54
8 131 92
8 133 16
8 135 37
8 140 46
8 141 41
8 142 3
8 143 30
8 147 8
9 12 67
9 14 44
9 15 96
9 17 64
9 18 82
9 22 59
9 23 65
9 24 9
9 25 80
9 26 8
9 27 62
9 28 60
9 31 31
9 34 45
9 36 48
9 37 24
9 38 46
9 43 59
9 44 20
9 53 16
9 54 61
9 56 19
9 57 86
9 58 61
9 61 82
9 63 17
9 72 16
9 73 1
9 85 2
9 94 99
9 95 11
9 96 65
9 102 3
9 105 70
9 108 62
9 110 69
9 114 36
9 115 75
9 116 77
9 121 1
9 122 91
9 132 31
9 135 47
9 137 76
9 138 22
9 143 16
9 145 32
9 148 18
9 149 70
10 15 63
10 16 25
10 22 19
10 23 63
10 27 1
10 34 5
10 35 91
10 37 49
10 39 43
10 41 18
10 42 4
10 44 49
10 47 81
10 50 59
10 51 70
10 56 24
10 57 69
10 60 48
10 61 74
10 64 58
10 75 88
10 77 76
10 85 20
10 88 22
10 90 77
10 93 33
10 94 64
10 95 42
10 97 39
10 98 62
10 101 42
10 106 27
10 107 44
10 108 76
10 109 41
10 112 68
10 113 15
10 116 32
10 119 29
10 120 43
10 122 26
10 123 97
10 125 14
10 130 8
10 131 30
10 133 29
10 134 72
10 135 98
10 138 69
10 140 73
10 141 38
10 142 34
10 146 52
10 147 56
10 148 85
10 149 34
11 13 76
11 15 23
11 16 49
11 18 51
11 20 4
11 24 54
11 25 1
11 27 78
11 31 80
11 35 29
11 36 3
11 37 92
11 38 59
11 43 71
11 44 19
11 48 75
11 50 21
11 53 23
11 55 28
11 59 94
11 61 22
11 62 78
11 64 69
11 66 71
11 67 60
11 72 96
11 73 13
11 75 5
11 76 53
11 77 1
11 78 37
11 83 42
11 84 37
11 85 100
11 86 100
11 90 2
11 91 60
11 92 25
11 96 20
11 98 64
11 102 8
11 103 9
11 105 73
11 106 89
11 107 48
11 112 37
11 113 23
11 115 95
11 117 9
11 118 39
11 119 4
11 124 57
11 126 79
11 128 25
11 129 93
11 130 24
11 136 65
11 139 100
11 144 35
11 145 48
11 146 88
11 149 39
12 13 65
12 16 82
12 17 68
12 18 5
12 19 26
12 27 86
12 29 56
12 30 58
12 34 99
12 38 20
12 45 54
12 46 44
12 47 80
12 48 49
12 49 46
12 52 47
12 55 89
12 65 54
12 69 66
12 75 10
12 76 24
12 82 41
12 88 86
12 90 68
12 92 39
12 94 34
12 96 81
12 97 84
12 99 19
12 101 84
12 103 93
12 105 23
12 106 87
12 107 16
12 111 5
12 112 86
12 115 43
12 117 72
12 120 35
12 123 11
12 125 35
12 126 44
12 127 61
12 131 69
12 133 55
12 135 56
12 141 27
12 144 90
12 145 24
12 149 14
12 150 100
13 18 38
13 19 81
13 20 74
13 22 77
13 23 14
13 26 71
13 28 23
13 29 27
13 33 89
13 34 81
13 35 83
13 36 7
13 39 91
13 41 48
13 43 8
13 46 8
13 47 48
13 50 90
13 51 45
13 52 23
13 53 24
13 55 16
13 56 59
13 59 65
13 65 94
13 66 10
13 67 55
13 70 81
13 74 31
13 75 37
13 77 99
13 78 85
13 79 10
13 80 46
13 81 60
13 84 91
13 87 56
13 88 26
13 92 46
13 93 77
13 97 17
13 98 73
13 101 86
13 102 52
13 108 20
13 112 47
13 115 51
13 116 99
13 118 79
13 120 82
13 124 78
13 126 25
13 130 60
13 131 80
13 133 70
13 147 92
13 148 33
13 149 9
13 150 95
14 16 29
14 19 96
14 20 26
14 22 39
14 25 8
14 26 94
14 31 77
14 34 66
14 35 95
14 36 29
14 39 25
14 40 93
14 41 26
14 46 3
14 48 72
14 49 25
14 50 55
14 54 100
14 55 11
14 57 34
14 62 76
14 63 28
14 67 21
14 68 10
14 69 50
14 72 54
14 74 17
14 82 36
14 86 22
14 88 20
14 90 1
14 93 14
14 95 55
14 100 43
14 102 89
14 106 62
14 107 15
14 109 41
14 110 12
14 111 95
14 113 100
14 117 92
14 118 24
14 119 95
14 122 42
14 123 41
14 127 88
14 128 26
14 133 6
14 136 54
14 137 91
14 138 25
14 143 94
14 146 14
14 147 22
14 148 60
15 16 29
15 19 34
15 23 96
15 27 2
15 34 72
15 38 5
15 41 44
15 42 7
15 43 78
15 44 79
15 45 89
15 47 14
15 51 90
15 55 82
15 57 72
15 60 100
15 61 59
15 62 88
15 63 68
15 66 86
15 69 43
15 70 92
15 72 96
15 76 44
15 78 47
15 84 97
15 86 79
15 87 92
15 88 69
15 89 48
15 91 65
15 93 56
15 96 49
15 103 46
15 104 22
15 110 49
15 111 27
15 112 23
15 113 12
15 114 4
15 117 6
15 125 98
15 131 25
15 132 83
15 134 76
15 137 7
15 139 58
15 141 78
15 142 72
15 144 58
15 146 24
15 149 53
15 150 56
16 24 84
16 25 45
16 27 14
16 29 86
16 30 72
16 34 35
16 38 6
16 41 70
16 43 98
16 47 3
16 49 99
16 50 1
16 52 37
16 53 61
16 61 34
16 65 42
16 66 43
16 67 36
16 69 100
16 71 16
16 74 85
16 76 84
16 78 26
16 80 81
16 82 93
16 85 39
16 88 77
16 89 63
16 91 97
16 93 62
16 96 25
16 98 13
16 99 38
16 100 75
16 102 9
16 104 26
16 105 18
16 106 29
16 107 73
16 108 50
16 109 38
16 110 59
16 113 89
16 115 29
16 116 53
16 117 80
16 120 3
16 121 29
16 122 34
16 123 30
16 125 84
16 131 13
16 132 19
16 144 48
16 145 7
16 146 18
16 149 32
16 150 77
17 19 6
17 20 98
17 23 81
17 24 86
17 25 100
17 28 97
17 33 77
17 34 79
17 36 65
17 40 72
17 44 28
17 50 76
17 52 61
17 54 71
17 60 11
17 64 26
17 69 42
17 70 77
17 72 28
17 73 78
17 79 57
17 91 94
17 95 39
17 96 64
17 98 94
17 99 47
17 100 71
17 103 25
17 106 29
17 110 67
17 114 44
17 115 31
17 121 22
17 122 97
17 124 46
17 125 9
17 128 8
17 131 50
17 133 19
17 134 97
17 135 81
17 145 65
17 146 3
17 147 91
17 150 49
18 19 66
18 26 35
18 27 55
18 28 40
18 29 8
18 38 3
18 45 28
18 48 49
18 49 73
18 51 48
18 52 89
18 55 5
18 56 68
18 57 7
18 58 71
18 61 60
18 62 46
18 63 67
18 66 65
18 67 98
18 72 94
18 73 23
18 77 52
18 82 27
18 88 52
18 94 8
18 98 37
18 101 97
18 103 16
18 104 90
18 107 67
18 110 94
18 112 6
18 113 21
18 116 6
18 121 67
18 125 40
18 130 78
18 131 33
18 135 93
18 136 88
18 137 34
18 138 39
18 139 7
18 142 15
18 143 90
18 148 86
18 149 49
19 22 36
19 23 95
19 24 45
19 28 60
19 34 86
19 35 23
19 37 48
19 38 60
19 40 50
19 43 51
19 46 23
19 48 94
19 49 56
19 50 19
19 51 1
19 53 43
19 54 85
19 57 34
19 61 43
19 62 48
19 63 49
19 65 87
19 66 21
19 67 98
19 68 76
19 70 60
19 72 91
19 78 63
19 79 48
19 82 87
19 85 46
19 90 45
19 93 43
19 97 72
19 101 1
19 103 93
19 104 9
19 106 9
19 110 55
19 113 31
19 122 86
19 123 69
19 124 46
19 126 34
19 127 9
19 129 30
19 130 9
19 134 22
19 136 99
19 139 10
19 144 64
19 147 87
19 148 87
20 21 96
20 23 84
20 26 45
20 30 17
20 35 64
20 43 25
20 45 51
20 46 72
20 47 56
20 49 36
20 52 87
20 54 53
20 59 24
20 63 66
20 66 24
20 68 65
20 73 13
20 74 73
20 75 46
20 78 91
20 84 11
20 86 43
20 89 86
20 90 64
20 92 63
20 93 13
20 94 96
20 96 22
20 99 3
20 103 71
20 108 61
20 109 13
20 112 32
20 115 22
20 116 63
20 117 50
20 120 62
20 123 21
20 125 41
20 126 9
20 129 24
20 133 92
20 137 78
20 138 16
20 139 44
20 140 29
20 141 46
20 143 50
20 144 94
20 145 80
20 146 47
20 148 46
21 26 32
21 28 20
21 31 44
21 32 29
21 42 37
21 44 87
21 50 16
21 51 44
21 53 31
21 54 95
21 57 78
21 58 33
21 59 54
21 60 33
21 63 92
21 67 45
21 69 40
21 70 10
21 72 53
21 77 59
21 78 69
21 82 72
21 83 39
21 84 26
21 86 100
21 87 12
21 90 86
21 92 66
21 96 53
21 97 82
21 100 77
21 104 40
21 107 37
21 109 87
21 112 38
21 113 73
21 115 60
21 119 57
21 120 61
21 124 82
21 125 44
21 126 75
21 128 84
21 131 17
21 132 13
21 134 22
21 135 60
21 137 55
21 144 95
21 148 89
22 26 40
22 27 53
22 29 29
22 30 10
22 31 8
22 34 93
22 37 29
22 38 44
22 40 100
22 43 40
22 44 24
22 45 73
22 49 10
22 65 74
22 71 5
22 80 98
22 81 75
22 84 9
22 88 73
22 90 30
22 91 68
22 93 17
22 96 61
22 99 3
22 104 21
22 105 87
22 106 64
22 109 82
22 110 16
22 118 39
22 119 94
22 120 64
22 122 52
22 124 78
22 126 83
22 127 15
22 134 73
22 135 55
22 137 69
22 141 63
22 142 38
22 144 24
22 145 81
22 146 45
22 149 4
23 24 35
23 26 79
23 27 79
23 28 80
23 29 45
23 30 56
23 31 72
23 34 54
23 38 12
23 39 92
23 40 25
23 43 55
23 48 84
23 50 79
23 52 92
23 53 92
23 54 49
23 55 46
23 57 73
23 58 45
23 68 21
23 69 44
23 72 32
23 74 95
23 76 83
23 77 74
23 80 14
23 82 81
23 83 99
23 91 42
23 92 64
23 93 7
23 97 30
23 99 34
23 101 69
23 108 56
23 112 60
23 115 41
23 117 24
23 119 45
23 120 44
23 121 60
23 122 52
23 124 76
23 125 92
23 127 13
23 128 86
23 132 71
23 133 42
23 134 32
23 135 62
23 138 51
23 143 85
23 144 64
23 145 51
24 28 56
24 31 48
24 33 35
24 34 6
24 36 87
24 37 44
24 40 44
24 41 19
24 42 49
24 44 34
24 46 13
24 49 57
24 51 80
24 52 48
24 53 71
24 54 10
24 61 2
24 65 16
24 66 10
24 67 74
24 72 75
24 76 64
24 77 59
24 84 16
24 85 32
24 88 61
24 90 19
24 92 50
24 94 97
24 97 9
24 98 37
24 102 77
24 103 28
24 104 41
24 106 73
24 108 9
24 111 65
24 114 11
24 118 55
24 120 52
24 121 45
24 122 18
24 126 30
24 127 22
24 128 38
24 129 67
24 130 34
24 131 58
24 136 6
24 143 46
24 148 61
24 149 59
24 150 75
25 26 40
25 27 53
25 28 47
25 30 63
25 33 51
25 39 45
25 40 17
25 42 35
25 46 3
25 50 22
25 52 53
25 54 87
25 55 56
25 56 72
25 60 52
25 64 3
25 65 46
25 67 78
25 70 26
25 74 97
25 79 70
25 81 61
25 84 96
25 85 82
25 87 40
25 90 72
25 92 9
25 102 5
25 105 89
25 107 72
25 110 18
25 112 21
25 113 98
25 114 97
25 116 31
25 117 29
25 118 3
25 120 20
25 125 45
25 127 39
25 129 94
25 131 66
25 132 12
25 136 43
25 139 63
25 140 11
25 142 92
25 145 5
25 146 64
25 147 89
26 27 95
26 28 74
26 31 63
26 32 57
26 33 42
26 39 10
26 41 50
26 45 82
26 47 21
26 51 66
26 55 24
26 62 1
26 64 82
26 67 22
26 69 83
26 71 9
26 76 27
26 77 9
26 78 92
26 79 31
26 81 82
26 82 100
26 83 96
26 84 37
26 89 29
26 90 87
26 92 63
26 94 83
26 95 48
26 103 64
26 105 2
26 106 52
26 108 95
26 109 88
26 110 6
26 111 74
26 113 78
26 116 37
26 117 99
26 121 7
26 125 75
26 128 43
26 129 49
26 130 65
26 135 40
26 140 22
26 141 45
26 142 34
26 143 68
26 146 41
26 150 63
27 29 15
27 33 88
27 36 23
27 38 69
27 39 64
27 43 57
27 44 12
27 47 76
27 48 20
27 50 90
27 52 39
27 53 82
27 55 6
27 56 16
27 59 72
27 60 41
27 61 59
27 64 50
27 66 12
27 67 26
27 68 12
27 72 54
27 73 76
27 75 95
27 76 72
27 82 43
27 83 84
27 84 42
27 90 47
27 91 64
27 92 95
27 95 23
27 96 53
27 106 48
27 107 16
27 108 92
27 110 35
27 112 96
27 115 3
27 116 58
27 118 89
27 121 39
27 123 94
27 126 79
27 127 11
27 129 56
27 132 93
27 133 18
27 134 10
27 135 4
27 144 85
27 148 18
27 149 56
28 29 73
28 34 49
28 37 66
28 39 83
28 41 33
28 44 34
28 45 76
28 46 4
28 50 83
28 51 19
28 52 11
28 55 57
28 60 22
28 61 64
28 62 85
28 65 24
28 66 26
28 70 96
28 71 8
28 76 49
28 79 24
28 80 18
28 83 48
28 87 97
28 90 89
28 97 49
28 104 88
28 105 34
28 109 38
28 113 6
28 115 35
28 116 1
28 123 50
28 124 11
28 127 99
28 128 73
28 129 80
28 131 63
28 132 47
28 133 62
28 135 95
28 138 26
28 140 33
29 32 58
29 33 50
29 38 93
29 43 95
29 46 25
29 47 58
29 48 57
29 51 94
29 57 89
29 58 58
29 59 55
29 60 73
29 62 92
29 65 76
29 68 89
29 72 30
29 74 85
29 76 5
29 79 38
29 81 65
29 84 50
29 85 55
29 87 59
29 88 55
29 89 52
29 90 99
29 98 56
29 103 21
29 106 96
29 107 71
29 109 92
29 111 53
29 113 69
29 114 49
29 117 67
29 123 1
29 125 10
29 126 88
29 127 40
29 129 23
29 131 50
29 132 6
29 133 48
29 135 94
29 137 16
29 138 99
29 143 49
29 145 13
29 147 50
29 148 91
30 31 31
30 33 60
30 35 53
30 40 28
30 42 30
30 44 13
30 47 11
30 51 99
30 53 52
30 56 71
30 58 55
30 62 37
30 63 26
30 64 12
30 66 13
30 67 38
30 72 67
30 75 98
30 81 48
30 84 19
30 86 83
30 89 95
30 95 68
30 97 66
30 101 70
30 102 19
30 110 12
30 112 99
30 113 94
30 115 8
30 118 32
30 119 75
30 120 54
30 122 93
30 130 97
30 132 43
30 133 10
30 134 99
30 135 87
30 138 10
30 139 22
30 140 17
30 142 34
30 143 71
30 144 73
30 145 59
31 32 90
31 34 94
31 43 42
31 46 96
31 47 83
31 48 74
31 50 34
31 52 65
31 53 70
31 58 84
31 60 89
31 61 61
31 63 89
31 65 41
31 68 26
31 69 76
31 71 27
31 75 33
31 78 96
31 96 94
31 98 23
31 99 69
31 100 71
31 106 78
31 108 100
31 109 67
31 110 77
31 113 8
31 116 75
31 117 42
31 118 49
31 120 43
31 121 83
31 122 51
31 123 28
31 124 51
31 131 27
31 133 67
31 134 14
31 135 57
31 136 49
31 139 98
31 142 32
31 143 78
31 144 25
31 146 98
31 148 22
32 35 18
32 37 53
32 42 74
32 43 67
32 45 25
32 48 19
32 50 47
32 52 100
32 53 13
32 54 5
32 58 21
32 59 38
32 60 87
32 61 46
32 62 5
32 63 3
32 66 3
32 68 39
32 74 53
32 76 4
32 81 99
32 85 5
32 89 37
32 90 48
32 95 99
32 97 88
32 100 82
32 106 62
32 109 51
32 111 27
32 113 16
32 114 98
32 115 71
32 121 45
32 123 59
32 124 4
32 127 19
32 131 49
32 132 26
32 133 78
32 134 90
32 135 17
32 142 27
32 147 51
32 149 20
33 34 6
33 38 16
33 40 70
33 41 21
33 42 35
33 46 36
33 48 94
33 50 46
33 51 15
33 59 42
33 62 49
33 63 17
33 64 72
33 66 95
33 69 25
33 71 47
33 75 52
33 76 90
33 77 76
33 78 23
33 81 31
33 82 17
33 86 7
33 90 83
33 93 83
33 94 28
33 95 64
33 100 27
33 101 26
33 103 6
33 109 20
33 112 60
33 116 22
33 117 88
33 118 85
33 121 93
33 123 27
33 125 37
33 128 12
33 132 80
33 133 13
33 139 20
33 141 81
33 146 98
33 147 92
33 149 94
34 35 76
34 39 11
34 45 25
34 47 97
34 49 38
34 50 64
34 53 65
34 54 2
34 55 57
34 56 86
34 57 26
34 64 98
34 65 57
34 69 92
34 71 89
34 78 45
34 79 69
34 81 16
34 82 99
34 83 98
34 84 50
34 85 1
34 86 31
34 87 90
34 88 4
34 89 21
34 91 20
34 92 4
34 94 32
34 100 32
34 101 19
34 105 50
34 108 46
34 113 6
34 117 96
34 124 63
34 125 79
34 133 87
34 135 89
34 136 1
34 137 64
34 139 67
34 140 78
34 141 24
34 145 1
34 146 65
34 147 96
34 150 6
35 36 9
35 39 70
35 40 85
35 42 88
35 49 73
35 53 59
35 54 42
35 55 87
35 57 43
35 58 20
35 69 22
35 71 49
35 74 80
35 76 57
35 78 26
35 81 80
35 83 20
35 85 77
35 87 39
35 89 61
35 90 88
35 91 32
35 94 57
35 95 44
35 98 37
35 100 99
35 102 52
35 109 68
35 112 3
35 113 3
35 117 83
35 126 86
35 127 62
35 128 43
35 129 16
35 131 50
35 132 24
35 136 13
35 137 89
35 140 10
35 147 40
35 149 53
35 150 6
36 40 54
36 45 76
36 49 35
36 50 44
36 53 73
36 55 85
36 56 14
36 58 5
36 59 35
36 60 28
36 61 78
36 62 53
36 64 21
36 67 82
36 70 8
36 74 31
36 75 77
36 78 42
36 79 51
36 83 35
36 84 91
36 85 39
36 86 77
36 93 35
36 95 22
36 97 75
36 98 11
36 99 53
36 100 88
36 101 5
36 103 83
36 104 52
36 108 30
36 109 71
36 115 48
36 125 62
36 127 12
36 128 83
36 132 40
36 134 61
36 135 43
36 141 50
36 146 97
36 148 5
36 150 79
37 40 39
37 42 46
37 45 62
37 46 21
37 52 14
37 53 17
37 57 29
37 59 67
37 60 57
37 62 78
37 64 40
37 65 28
37 68 56
37 72 45
37 73 89
37 76 34
37 80 93
37 81 31
37 83 28
37 87 5
37 88 3
37 89 98
37 90 86
37 92 3
37 94 86
37 95 88
37 98 65
37 100 72
37 105 4
37 106 90
37 107 98
37 116 7
37 121 8
37 125 83
37 128 33
37 132 31
37 133 24
37 135 98
37 138 23
37 141 54
37 142 71
37 143 28
37 144 28
37 148 33
37 149 97
37 150 87
38 42 65
38 44 76
38 46 24
38 48 14
38 50 14
38 53 45
38 55 34
38 59 18
38 61 97
38 62 36
38 63 11
38 65 96
38 67 38
38 69 2
38 72 68
38 73 60
38 75 99
38 77 51
38 92 41
38 94 52
38 97 44
38 99 66
38 101 76
38 103 6
38 108 66
38 113 18
38 115 47
38 116 57
38 121 22
38 126 54
38 129 37
38 132 40
38 135 38
38 136 71
38 137 49
38 139 17
38 141 15
38 143 83
38 145 31
38 146 8
38 147 25
38 148 44
39 41 100
39 42 100
39 43 59
39 45 81
39 49 64
39 50 3
39 51 55
39 52 36
39 54 48
39 56 14
39 64 100
39 65 67
39 66 30
39 67 11
39 77 70
39 80 17
39 82 28
39 84 38
39 85 34
39 86 22
39 87 43
39 89 84
39 90 83
39 95 77
39 98 50
39 100 96
39 102 18
39 103 52
39 107 37
39 108 52
39 110 83
39 112 97
39 115 56
39 116 2
39 120 62
39 121 33
39 125 93
39 126 19
39 127 2
39 130 71
39 132 43
39 133 29
39 138 4
39 139 98
39 142 90
39 143 62
39 146 8
39 149 82
40 41 52
40 47 36
40 53 89
40 54 5
40 57 93
40 58 24
40 59 62
40 62 80
40 64 76
40 65 56
40 67 46
40 70 39
40 75 44
40 77 12
40 78 84
40 79 80
40 84 26
40 86 36
40 89 69
40 91 72
40 97 86
40 100 75
40 101 97
40 103 78
40 105 39
40 107 16
40 108 87
40 109 24
40 111 35
40 113 88
40 118 71
40 121 14
40 124 35
40 125 62
40 128 37
40 129 32
40 136 78
40 138 78
40 139 60
40 144 35
40 145 13
40 146 92
40 147 32
40 148 84
40 149 40
40 150 100
41 42 50
41 43 47
41 47 31
41 49 52
41 55 42
41 58 27
41 59 64
41 62 64
41 70 17
41 72 47
41 73 34
41 74 97
41 75 32
41 77 13
41 83 67
41 84 4
41 93 20
41 96 99
41 97 70
41 103 95
41 104 47
41 105 58
41 107 5
41 110 61
41 111 80
41 112 94
41 114 87
41 115 16
41 117 26
41 121 93
41 124 85
41 134 65
41 138 38
41 140 60
41 149 78
41 150 52
42 51 71
42 55 46
42 63 14
42 64 26
42 65 20
42 68 49
42 69 26
42 72 87
42 78 28
42 82 26
42 84 13
42 85 9
42 88 49
42 90 55
42 93 78
42 94 36
42 95 84
42 96 28
42 98 77
42 107 52
42 108 13
42 115 52
42 124 90
42 126 75
42 127 34
42 128 84
42 129 80
42 131 71
42 137 5
42 142 1
42 143 43
42 146 33
42 147 8
43 44 94
43 46 72
43 48 96
43 51 51
43 56 9
43 58 21
43 59 63
43 60 70
43 62 55
43 63 69
43 69 29
43 81 61
43 82 16
43 83 67
43 84 54
43 88 21
43 90 76
43 92 17
43 94 13
43 97 74
43 98 89
43 99 90
43 109 69
43 110 24
43 115 62
43 116 18
43 117 73
43 118 16
43 123 9
43 125 24
43 126 7
43 128 46
43 130 35
43 134 25
43 135 70
43 136 47
43 137 99
43 139 23
43 140 41
43 147 15
43 149 91
44 47 82
44 49 55
44 52 10
44 56 99
44 59 95
44 60 36
44 62 45
44 64 36
44 68 4
44 69 46
44 70 75
44 73 85
44 75 6
44 77 3
44 79 30
44 80 14
44 82 46
44 83 63
44 85 16
44 88 97
44 91 94
44 95 96
44 97 53
44 98 73
44 99 18
44 104 77
44 107 83
44 108 56
44 112 80
44 114 95
44 116 23
44 120 43
44 123 2
44 125 26
44 130 90
44 132 47
44 133 51
44 135 6
44 137 38
44 141 43
44 142 61
44 144 72
44 145 10
44 147 82
44 150 62
45 47 25
45 48 52
45 49 47
45 54 86
45 56 39
45 57 19
45 59 28
45 61 97
45 66 72
45 67 18
45 69 3
45 72 99
45 73 21
45 76 70
45 77 22
45 79 44
45 80 28
45 81 44
45 82 8
45 85 4
45 86 82
45 87 26
45 95 96
45 97 93
45 99 19
45 100 43
45 101 69
45 102 42
45 105 70
45 106 6
45 109 36
45 113 62
45 114 91
45 116 11
45 118 33
45 121 1
45 122 42
45 126 98
45 127 10
45 128 52
45 129 32
45 130 27
45 131 81
45 132 63
45 134 76
45 137 30
45 142 62
45 146 16
45 147 39
45 149 45
46 54 13
46 57 92
46 59 38
46 63 62
46 69 60
46 73 15
46 77 68
46 78 91
46 80 98
46 83 39
46 89 65
46 91 65
46 92 54
46 93 5
46 94 97
46 103 46
46 107 64
46 110 25
46 115 95
46 117 15
46 120 78
46 121 65
46 125 51
46 126 30
46 127 32
46 129 25
46 131 11
46 133 76
46 135 4
46 138 40
46 145 80
47 48 96
47 49 54
47 50 75
47 55 42
47 60 1
47 61 91
47 63 68
47 72 71
47 73 38
47 76 26
47 80 82
47 85 77
47 88 92
47 93 33
47 94 58
47 98 57
47 104 9
47 107 72
47 110 70
47 111 9
47 112 76
47 120 98
47 121 86
47 122 8
47 125 85
47 127 82
47 128 71
47 129 27
47 134 77
47 135 89
47 137 15
47 141 66
47 142 53
47 143 43
47 148 55
47 150 66
48 49 35
48 50 68
48 56 8
48 57 3
48 59 23
48 62 98
48 70 10
48 71 16
48 76 34
48 79 85
48 81 59
48 82 98
48 83 81
48 87 86
48 88 61
48 92 4
48 93 35
48 96 93
48 97 76
48 99 61
48 102 89
48 108 23
48 112 100
48 113 8
48 114 23
48 119 4
48 120 93
48 123 75
48 124 83
48 127 7
48 129 93
48 130 90
48 131 72
48 132 82
48 146 73
49 55 38
49 58 55
49 61 22
49 63 9
49 69 31
49 71 89
49 72 65
49 73 69
49 75 63
49 77 47
49 79 17
49 80 4
49 83 98
49 85 100
49 88 24
49 90 91
49 92 96
49 93 96
49 95 57
49 100 60
49 107 89
49 108 79
49 111 60
49 112 63
49 114 8
49 115 32
49 118 51
49 120 10
49 122 36
49 125 28
49 126 12
49 128 67
49 130 21
49 134 89
49 135 40
49 138 32
49 140 40
49 145 43
49 146 48
49 149 8
49 150 26
50 51 89
50 52 84
50 54 71
50 55 20
50 58 66
50 61 60
50 64 28
50 65 31
50 66 12
50 72 52
50 73 71
50 78 6
50 82 83
50 83 84
50 85 78
50 87 33
50 88 73
50 89 56
50 91 83
50 93 83
50 101 87
50 106 23
50 108 96
50 111 75
50 112 30
50 115 7
50 119 100
50 120 76
50 125 30
50 129 40
50 132 89
50 134 42
50 135 48
50 137 55
50 139 38
50 142 62
50 143 43
50 145 19
50 149 32
50 150 11
51 54 57
51 55 58
51 57 18
51 64 13
51 65 92
51 70 27
51 71 92
51 77 13
51 82 58
51 83 36
51 86 93
51 87 57
51 90 60
51 91 32
51 93 36
51 94 26
51 95 49
51 98 70
51 102 61
51 105 41
51 111 19
51 114 18
51 115 47
51 116 76
51 117 78
51 119 55
51 121 64
51 123 91
51 126 68
51 128 12
51 130 25
51 137 33
51 138 21
51 139 32
51 142 91
51 143 83
51 144 75
51 145 18
51 147 69
52 54 3
52 55 58
52 64 46
52 66 67
52 67 11
52 70 23
52 75 75
52 83 57
52 84 88
52 85 59
52 88 47
52 90 7
52 91 12
52 92 34
52 96 64
52 97 48
52 100 25
52 102 2
52 104 3
52 106 71
52 107 91
52 109 20
52 110 44
52 112 63
52 114 88
52 115 22
52 116 50
52 117 8
52 120 19
52 121 99
52 122 54
52 123 51
52 124 28
52 125 80
52 126 10
52 128 39
52 131 98
52 132 71
52 134 89
52 138 10
52 141 59
52 144 13
52 145 81
52 149 38
53 55 69
53 57 57
53 58 23
53 62 17
53 63 48
53 68 95
53 69 26
53 75 67
53 81 11
53 85 99
53 86 65
53 88 19
53 94 50
53 95 32
53 97 73
53 103 61
53 104 3
53 110 3
53 112 29
53 116 8
53 120 11
53 122 27
53 123 22
53 125 23
53 127 21
53 129 22
53 132 91
53 134 38
53 135 33
53 138 34
53 139 3
53 140 50
53 144 9
53 147 84
53 149 37
53 150 23
54 56 41
54 57 30
54 62 72
54 65 68
54 66 53
54 67 42
54 68 98
54 73 78
54 74 12
54 75 43
54 76 53
54 79 31
54 80 95
54 81 11
54 85 3
54 87 14
54 89 55
54 92 18
54 99 68
54 103 17
54 106 92
54 110 22
54 112 24
54 114 24
54 120 11
54 123 74
54 127 1
54 128 5
54 129 43
54 131 74
54 133 82
54 134 28
54 135 8
54 136 78
54 137 72
54 139 24
54 140 61
54 141 46
54 142 95
54 144 93
54 147 24
55 56 8
55 58 22
55 59 1
55 62 91
55 67 7
55 69 64
55 74 34
55 77 62
55 82 24
55 83 78
55 85 72
55 86 86
55 87 8
55 88 94
55 89 99
55 91 29
55 92 80
55 93 52
55 94 19
55 95 69
55 96 74
55 101 90
55 103 14
55 104 60
55 106 92
55 112 86
55 113 36
55 114 85
55 116 18
55 117 76
55 121 92
55 124 27
55 125 54
55 127 4
55 128 69
55 129 68
55 132 27
55 133 80
55 134 22
55 136 55
55 137 72
55 139 93
55 140 2
55 142 61
55 143 94
55 146 58
55 148 53
56 58 42
56 63 5
56 64 20
56 66 96
56 67 22
56 70 54
56 75 98
56 76 31
56 77 82
56 83 52
56 87 24
56 88 14
56 90 73
56 94 39
56 96 65
56 97 88
56 100 52
56 102 1
56 103 84
56 104 86
56 105 97
56 107 38
56 109 23
56 114 45
56 117 23
56 119 5
56 121 15
56 122 65
56 124 71
56 126 27
56 128 8
56 130 65
56 135 81
56 137 40
56 139 32
56 140 4
56 142 40
56 145 88
56 147 68
56 148 53
57 63 2
57 65 27
57 68 93
57 69 73
57 70 82
57 72 79
57 73 60
57 74 80
57 75 12
57 78 44
57 79 57
57 89 98
57 91 27
57 93 26
57 96 36
57 99 36
57 102 33
57 103 9
57 107 61
57 110 29
57 111 64
57 116 44
57 117 37
57 125 56
57 127 33
57 133 94
57 138 96
57 142 28
57 143 63
57 144 43
57 145 30
57 146 71
57 147 99
58 62 41
58 63 87
58 64 77
58 66 65
58 67 71
58 68 77
58 70 63
58 71 29
58 83 44
58 85 29
58 86 15
58 88 65
58 89 64
58 91 90
58 96 25
58 97 71
58 101 72
58 103 22
58 104 20
58 109 20
58 111 15
58 118 47
58 123 68
58 125 21
58 132 94
58 135 82
58 138 37
58 143 16
59 60 40
59 62 22
59 68 82
59 69 5
59 72 74
59 77 82
59 78 86
59 80 91
59 82 15
59 88 12
59 89 40
59 90 36
59 91 41
59 92 32
59 94 37
59 95 4
59 96 22
59 98 35
59 106 3
59 109 20
59 110 66
59 111 56
59 113 2
59 117 69
59 118 21
59 119 30
59 121 15
59 124 64
59 131 73
59 132 78
59 136 25
59 137 38
59 138 26
59 147 39
59 148 16
60 62 10
60 63 84
60 65 20
60 72 94
60 75 32
60 76 83
60 81 58
60 84 89
60 85 3
60 89 55
60 90 30
60 91 71
60 93 83
60 95 38
60 97 41
60 100 76
60 105 90
60 106 6
60 108 24
60 109 100
60 111 43
60 113 26
60 115 69
60 116 3
60 126 11
60 127 36
60 129 37
60 130 93
60 131 49
60 136 98
60 139 1
60 140 33
60 147 25
60 148 93
61 63 58
61 66 87
61 68 13
61 70 95
61 71 48
61 72 76
61 74 11
61 76 33
61 77 12
61 78 80
61 79 56
61 83 64
61 86 85
61 87 81
61 89 37
61 93 11
61 100 71
61 101 55
61 104 4
61 107 49
61 116 99
61 119 51
61 121 93
61 126 93
61 127 70
61 128 5
61 131 31
61 132 15
61 140 97
61 144 75
61 149 49
62 65 51
62 70 27
62 75 60
62 76 42
62 77 44
62 79 50
62 82 33
62 84 81
62 86 20
62 87 85
62 93 87
62 94 24
62 96 38
62 97 96
62 99 11
62 100 53
62 101 97
62 102 25
62 105 26
62 106 82
62 108 52
62 111 5
62 113 94
62 115 15
62 117 34
62 118 88
62 119 37
62 121 29
62 122 27
62 126 6
62 130 3
62 131 50
62 133 31
62 134 75
62 135 1
62 136 86
62 137 55
62 140 65
62 141 64
62 145 20
62 146 95
62 148 68
63 66 80
63 71 83
63 75 57
63 79 21
63 84 98
63 85 25
63 93 67
63 98 9
63 102 26
63 104 49
63 107 81
63 110 79
63 113 91
63 114 54
63 115 68
63 116 59
63 121 63
63 123 58
63 128 37
63 136 67
63 139 25
63 142 28
63 144 29
63 145 5
63 150 88
64 66 29
64 69 71
64 73 51
64 74 18
64 77 72
64 81 17
64 82 58
64 83 97
64 86 81
64 87 86
64 90 83
64 91 71
64 92 49
64 94 83
64 95 55
64 100 31
64 102 34
64 103 22
64 105 19
64 108 59
64 110 15
64 111 79
64 112 43
64 113 74
64 115 27
64 116 14
64 117 31
64 123 24
64 128 1
64 133 91
64 134 3
64 135 92
64 138 48
64 143 40
64 145 32
64 146 48
64 148 89
64 150 44
65 67 40
65 75 85
65 76 92
65 79 29
65 81 39
65 82 54
65 84 71
65 85 19
65 86 82
65 90 39
65 96 54
65 101 82
65 103 47
65 104 64
65 105 33
65 106 86
65 107 41
65 112 47
65 114 88
65 115 55
65 116 75
65 119 95
65 120 84
65 121 99
65 123 25
65 126 30
65 127 31
65 128 1
65 129 67
65 130 23
65 132 3
65 133 65
65 134 71
65 142 25
65 144 87
65 145 26
65 147 4
65 148 9
66 67 38
66 70 92
66 71 9
66 73 81
66 79 67
66 80 8
66 82 57
66 86 29
66 87 78
66 92 58
66 94 24
66 96 14
66 97 92
66 100 87
66 103 59
66 107 27
66 113 48
66 114 22
66 115 93
66 116 77
66 117 70
66 119 90
66 120 94
66 121 54
66 125 17
66 128 35
66 131 77
66 132 45
66 134 73
66 138 93
66 139 21
66 140 69
66 141 70
67 70 78
67 71 74
67 74 64
67 82 22
67 83 42
67 84 98
67 85 86
67 88 74
67 90 43
67 91 26
67 96 2
67 101 29
67 106 39
67 108 46
67 109 6
67 111 94
67 116 13
67 118 46
67 119 67
67 132 64
67 135 55
67 136 58
67 138 9
67 139 59
67 143 75
67 145 88
67 147 97
67 148 18
67 149 23
68 69 88
68 70 54
68 72 77
68 73 12
68 78 79
68 80 64
68 81 39
68 82 42
68 83 77
68 85 79
68 87 2
68 89 82
68 90 77
68 94 90
68 96 18
68 97 3
68 98 6
68 100 96
68 101 18
68 103 72
68 104 75
68 107 33
68 117 29
68 119 27
68 121 3
68 128 47
68 130 33
68 131 35
68 132 94
68 137 28
68 141 39
69 74 90
69 77 69
69 78 100
69 79 12
69 85 90
69 87 24
69 88 66
69 93 12
69 96 18
69 100 44
69 104 100
69 114 19
69 118 1
69 119 19
69 120 4
69 121 90
69 125 4
69 127 88
69 131 58
69 133 35
69 134 74
69 135 30
69 138 38
69 139 28
69 140 31
69 150 13
70 71 74
70 78 74
70 82 52
70 83 65
70 86 86
70 89 86
70 90 28
70 91 96
70 93 57
70 94 89
70 96 63
70 97 45
70 98 40
70 103 8
70 108 70
70 110 1
70 111 85
70 113 14
70 117 1
70 118 90
70 119 13
70 122 73
70 126 93
70 128 11
70 131 67
70 136 16
70 138 54
70 139 24
70 141 83
70 142 77
70 143 20
70 144 67
70 150 52
71 72 2
71 74 40
71 75 21
71 76 19
71 81 16
71 83 100
71 84 16
71 85 69
71 88 26
71 89 36
71 91 35
71 92 28
71 93 71
71 97 70
71 98 43
71 101 44
71 102 93
71 104 32
71 106 65
71 108 28
71 110 94
71 111 99
71 116 85
71 117 46
71 119 92
71 121 20
71 123 20
71 130 82
71 134 35
71 137 77
71 141 84
71 142 84
71 143 55
71 144 60
71 145 39
71 146 85
71 147 83
72 79 57
72 83 3
72 84 1
72 90 23
72 92 82
72 93 37
72 95 74
72 97 72
72 101 67
72 109 81
72 111 34
72 114 86
72 116 88
72 122 25
72 124 99
72 127 10
72 128 71
72 129 56
72 131 99
72 132 73
72 133 68
72 135 56
72 138 58
72 145 28
72 146 20
73 74 12
73 80 36
73 85 44
73 90 24
73 91 8
73 96 69
73 97 10
73 98 88
73 99 35
73 101 72
73 109 38
73 110 68
73 111 7
73 113 18
73 116 61
73 124 53
73 125 60
73 127 17
73 130 68
73 131 10
73 132 75
73 134 59
73 136 3
73 137 18
73 139 67
73 140 84
73 143 88
73 144 36
73 145 29
73 150 54
74 76 25
74 78 74
74 79 11
74 80 50
74 82 68
74 85 7
74 87 81
74 90 28
74 91 23
74 93 58
74 94 1
74 95 42
74 96 62
74 97 91
74 98 70
74 99 90
74 101 86
74 105 89
74 108 95
74 109 98
74 119 68
74 120 37
74 122 39
74 125 61
74 130 72
74 132 15
74 134 6
74 137 44
74 140 44
74 142 39
74 145 68
74 146 64
75 76 99
75 78 15
75 80 48
75 83 2
75 88 19
75 90 88
75 91 83
75 92 32
75 93 100
75 94 75
75 97 28
75 99 90
75 102 52
75 104 65
75 105 56
75 110 85
75 111 55
75 112 67
75 113 70
75 115 13
75 116 12
75 120 86
75 123 73
75 127 59
75 128 80
75 129 48
75 130 64
75 131 35
75 132 37
75 133 42
75 138 6
75 145 93
75 146 91
75 147 84
75 150 48
76 77 27
76 80 1
76 82 9
76 83 53
76 90 85
76 91 75
76 93 76
76 97 23
76 102 33
76 104 86
76 109 21
76 110 54
76 112 85
76 116 100
76 117 35
76 118 12
76 120 73
76 122 92
76 123 71
76 125 7
76 127 6
76 128 55
76 132 39
76 133 45
76 135 75
76 137 33
76 139 26
76 142 82
76 147 67
76 149 49
77 78 35
77 79 100
77 81 39
77 83 5
77 85 77
77 87 77
77 88 48
77 90 6
77 100 37
77 108 97
77 115 1
77 117 69
77 121 58
77 123 21
77 124 20
77 130 91
77 134 73
77 136 80
77 140 45
77 145 68
77 146 80
77 147 22
78 79 97
78 80 47
78 82 39
78 88 84
78 95 92
78 97 24
78 98 59
78 100 53
78 102 25
78 105 63
78 107 4
78 109 72
78 110 16
78 111 61
78 112 73
78 113 37
78 115 6
78 116 43
78 120 68
78 122 46
78 125 99
78 126 55
78 127 64
78 128 27
78 129 63
78 132 13
78 133 49
78 135 97
78 140 52
78 141 46
78 143 92
78 145 15
78 150 92
79 82 66
79 84 4
79 87 96
79 88 57
79 89 74
79 90 91
79 93 28
79 94 79
79 95 53
79 99 36
79 106 69
79 109 30
79 110 3
79 114 18
79 116 45
79 118 17
79 125 42
79 126 73
79 128 81
79 130 32
79 133 19
79 134 15
79 135 6
79 136 73
79 140 2
79 141 48
79 142 90
79 147 15
79 150 67
80 82 48
80 84 94
80 87 84
80 90 26
80 91 60
80 93 56
80 96 69
80 99 27
80 102 98
80 104 79
80 106 54
80 108 77
80 110 47
80 111 3
80 112 65
80 116 36
80 119 49
80 127 51
80 128 1
80 129 54
80 131 72
80 132 47
80 133 52
80 139 31
80 140 26
80 143 80
80 146 81
80 147 32
81 82 26
81 85 4
81 89 7
81 90 25
81 94 48
81 97 29
81 98 35
81 100 93
81 102 26
81 103 72
81 105 98
81 106 57
81 107 65
81 111 52
81 113 61
81 114 52
81 115 36
81 117 10
81 121 66
81 124 30
81 127 95
81 130 28
81 131 9
81 136 61
81 141 44
81 143 11
81 145 16
81 148 7
81 149 51
82 83 94
82 86 78
82 87 39
82 91 59
82 96 37
82 99 54
82 100 62
82 107 28
82 109 34
82 119 36
82 121 53
82 122 96
82 124 85
82 130 53
82 132 1
82 134 10
82 138 1
82 139 85
82 142 33
82 143 32
82 146 31
82 149 74
83 85 72
83 87 58
83 95 85
83 96 10
83 97 39
83 98 35
83 99 12
83 101 22
83 102 43
83 104 59
83 106 26
83 107 68
83 110 93
83 114 3
83 116 49
83 117 11
83 121 22
83 126 67
83 129 100
83 131 20
83 133 52
83 136 11
83 142 56
83 143 52
83 147 11
83 150 36
84 87 37
84 88 37
84 89 2
84 100 21
84 103 88
84 104 29
84 110 19
84 112 88
84 123 17
84 127 4
84 128 16
84 129 11
84 131 35
84 132 25
84 133 49
84 134 47
84 141 49
84 142 35
84 146 9
84 147 98
84 149 70
85 86 8
85 87 98
85 88 19
85 91 86
85 92 15
85 93 40
85 94 72
85 96 45
85 101 71
85 102 91
85 108 13
85 111 100
85 113 75
85 115 54
85 117 54
85 121 87
85 122 18
85 123 22
85 124 42
85 125 54
85 132 41
85 133 45
85 134 23
85 135 31
85 138 33
85 142 42
85 150 100
86 87 2
86 88 38
86 89 23
86 90 30
86 95 86
86 98 73
86 99 93
86 105 24
86 106 87
86 110 98
86 114 90
86 117 50
86 119 15
86 120 64
86 121 91
86 123 14
86 124 55
86 131 33
86 133 64
86 134 4
86 135 62
86 139 32
86 140 40
86 141 13
86 150 92
87 89 77
87 91 9
87 94 78
87 97 93
87 102 58
87 103 23
87 107 49
87 108 28
87 112 15
87 119 47
87 120 9
87 127 70
87 129 48
87 133 30
87 134 63
87 135 16
87 142 66
87 147 96
87 149 94
88 90 97
88 91 98
88 93 25
88 95 38
88 99 40
88 101 98
88 104 99
88 109 46
88 112 19
88 113 3
88 115 48
88 123 3
88 131 93
88 132 57
88 134 60
88 135 70
88 142 80
88 143 52
88 145 25
88 146 43
88 147 53
88 148 24
88 149 36
89 98 100
89 99 78
89 109 64
89 110 31
89 111 8
89 112 59
89 113 38
89 115 54
89 116 79
89 119 79
89 120 66
89 121 16
89 123 60
89 124 8
89 128 71
89 132 68
89 135 20
89 137 20
89 138 84
89 142 79
89 143 6
89 144 59
89 148 63
90 92 87
90 93 67
90 102 85
90 103 71
90 104 58
90 105 1
90 106 26
90 108 65
90 109 50
90 110 13
90 112 20
90 114 9
90 115 55
90 116 37
90 118 75
90 119 28
90 121 73
90 122 6
90 123 31
90 125 50
90 127 17
90 132 100
90 133 57
90 134 30
90 137 36
90 140 80
90 141 75
90 142 50
90 147 22
91 92 27
91 96 63
91 97 68
91 98 34
91 100 69
91 102 76
91 105 73
91 107 89
91 108 64
91 109 88
91 111 92
91 112 29
91 116 33
91 117 94
91 123 16
91 126 74
91 127 82
91 129 26
91 133 39
91 134 62
91 136 29
91 137 35
91 139 88
91 145 38
91 148 30
92 94 63
92 102 68
92 103 94
92 106 80
92 109 37
92 111 58
92 115 38
92 117 21
92 120 21
92 121 51
92 124 79
92 126 95
92 128 58
92 132 25
92 133 25
92 134 83
92 137 39
92 139 72
92 140 35
92 142 11
92 146 2
92 150 36
93 94 11
93 100 89
93 101 75
93 110 67
93 112 46
93 114 86
93 115 10
93 116 36
93 118 81
93 125 2
93 129 18
93 130 75
93 132 21
93 135 36
93 136 97
93 139 80
93 140 58
93 141 13
93 142 1
93 145 24
93 148 87
93 150 93
94 97 51
94 100 72
94 103 67
94 104 49
94 105 93
94 106 77
94 108 97
94 110 42
94 111 77
94 116 74
94 117 63
94 124 44
94 127 52
94 132 12
94 134 51
94 135 79
94 139 63
94 143 30
94 146 15
95 96 57
95 98 35
95 100 12
95 102 15
95 107 93
95 109 88
95 110 27
95 111 39
95 113 26
95 117 10
95 125 60
95 126 71
95 128 100
95 129 16
95 130 43
95 132 25
95 133 16
95 134 33
95 136 54
95 139 80
95 140 100
95 141 35
95 143 14
95 144 89
95 145 67
95 146 48
95 149 29
96 98 60
96 101 7
96 102 23
96 104 3
96 106 89
96 112 22
96 123 97
96 127 55
96 128 60
96 132 23
96 134 63
96 135 95
96 137 15
96 139 80
96 142 69
96 143 36
96 144 46
96 145 66
96 147 62
96 149 13
97 100 72
97 101 96
97 103 17
97 104 48
97 107 45
97 108 34
97 109 71
97 110 84
97 114 21
97 116 84
97 117 84
97 120 77
97 122 34
97 123 38
97 132 76
97 135 73
97 139 49
97 140 36
97 141 15
97 142 90
97 143 64
97 144 50
97 146 10
97 150 64
98 99 84
98 102 68
98 106 62
98 109 15
98 113 2
98 115 78
98 117 91
98 118 83
98 119 72
98 122 2
98 126 77
98 129 70
98 130 71
98 132 84
98 135 61
98 136 67
98 137 71
98 141 55
98 145 67
98 149 96
99 101 54
99 103 16
99 104 96
99 105 33
99 107 73
99 111 84
99 112 9
99 115 67
99 116 79
99 118 91
99 119 24
99 121 19
99 122 40
99 124 71
99 125 50
99 126 20
99 129 15
99 134 62
99 137 10
99 144 80
99 146 84
99 148 81
99 150 1
100 103 77
100 107 1
100 114 12
100 115 100
100 117 1
100 121 59
100 127 56
100 128 17
100 133 15
100 134 57
100 137 10
100 139 93
100 141 90
100 144 31
100 145 35
100 146 61
100 147 10
100 149 86
101 102 92
101 103 49
101 106 25
101 107 29
101 108 47
101 109 91
101 110 77
101 112 82
101 117 7
101 119 45
101 123 61
101 124 72
101 128 27
101 130 51
101 131 35
101 133 80
101 135 42
101 136 81
101 146 76
101 148 65
101 149 61
102 103 63
102 106 37
102 112 54
102 117 58
102 119 57
102 120 20
102 126 65
102 129 3
102 135 54
102 136 39
102 137 55
102 138 11
102 139 99
102 140 75
102 141 89
102 143 16
102 145 33
102 148 30
102 150 97
103 104 54
103 105 71
103 106 55
103 107 10
103 111 71
103 114 22
103 115 28
103 118 16
103 119 30
103 123 76
103 124 17
103 127 6
103 128 80
103 130 46
103 134 12
103 137 66
103 139 32
103 141 51
103 144 18
103 145 7
103 146 27
103 149 88
104 105 83
104 106 71
104 109 72
104 111 49
104 112 76
104 113 48
104 115 48
104 116 49
104 120 57
104 121 38
104 122 99
104 125 97
104 126 94
104 129 36
104 132 24
104 133 59
104 135 31
104 136 16
104 142 54
104 144 36
104 145 65
104 146 23
105 108 82
105 110 17
105 111 70
105 112 49
105 114 9
105 116 14
105 118 96
105 122 59
105 124 25
105 131 54
105 136 86
105 137 60
105 138 85
105 139 63
105 141 72
105 142 67
105 148 10
105 149 8
106 109 61
106 113 69
106 114 64
106 116 16
106 122 29
106 126 72
106 127 16
106 128 70
106 130 47
106 134 82
106 138 37
106 139 88
106 140 54
106 145 92
106 147 22
106 148 54
107 109 26
107 113 90
107 115 100
107 120 11
107 121 78
107 122 45
107 123 69
107 124 84
107 125 40
107 126 67
107 130 39
107 132 79
107 134 29
107 136 90
107 138 17
107 139 15
107 140 68
107 141 63
107 142 71
107 143 90
107 145 12
107 147 85
107 150 11
108 109 72
108 110 50
108 114 83
108 115 96
108 116 65
108 122 62
108 134 69
108 135 58
108 138 65
108 143 86
108 144 65
108 145 16
108 147 28
108 149 46
108 150 64
109 111 33
109 112 25
109 115 51
109 117 80
109 120 11
109 121 77
109 122 14
109 124 39
109 126 44
109 127 63
109 129 72
109 131 56
109 133 14
109 137 19
109 138 98
109 140 7
109 141 49
109 144 75
109 147 9
109 148 50
110 114 22
110 115 36
110 116 12
110 117 84
110 118 39
110 126 1
110 129 73
110 130 81
110 131 66
110 132 55
110 137 98
110 146 23
110 148 70
110 149 69
110 150 93
111 118 52
111 121 1
111 122 83
111 126 65
111 135 52
111 142 32
111 143 38
111 146 85
112 115 22
112 118 96
112 119 3
112 120 32
112 121 68
112 127 85
112 130 84
112 134 70
112 135 18
112 143 71
112 144 17
112 145 92
112 146 77
112 149 25
113 115 37
113 117 7
113 120 71
113 121 90
113 122 62
113 126 12
113 128 41
113 133 52
113 140 15
113 141 28
113 142 94
113 143 33
113 145 98
113 147 75
113 148 68
113 149 51
113 150 10
114 115 69
114 122 3
114 123 49
114 124 90
114 126 32
114 127 89
114 129 16
114 134 14
114 135 68
114 138 61
114 145 54
114 147 93
114 150 41
115 117 83
115 119 23
115 120 5
115 122 75
115 124 66
115 130 81
115 133 61
115 134 26
115 135 97
115 136 28
115 138 7
115 140 51
115 141 33
115 143 46
115 144 75
115 149 82
115 150 76
116 118 10
116 122 64
116 124 40
116 125 77
116 126 100
116 127 41
116 128 73
116 131 82
116 136 38
116 140 30
116 147 70
116 149 40
117 118 79
117 120 67
117 121 26
117 128 92
117 129 51
117 130 77
117 131 49
117 132 25
117 133 96
117 134 64
117 139 44
117 140 74
117 141 41
117 142 67
117 145 61
117 146 21
117 148 97
118 119 20
118 122 85
118 123 41
118 124 93
118 127 38
118 128 88
118 134 16
118 136 82
118 137 95
118 140 33
118 141 14
118 142 46
118 143 3
118 145 35
118 146 46
119 120 45
119 121 52
119 122 49
119 123 44
119 126 54
119 128 31
119 130 27
119 131 91
119 132 3
119 135 51
119 136 42
119 142 54
119 143 80
119 145 33
119 148 26
119 150 19
120 125 42
120 132 33
120 133 58
120 136 74
120 137 38
120 140 46
120 141 89
120 143 17
120 144 66
120 146 43
120 147 31
120 150 68
121 122 67
121 127 13
121 130 9
121 138 27
121 139 88
121 140 20
121 141 10
121 142 34
121 143 87
121 144 28
121 147 53
121 148 77
122 123 4
122 129 21
122 135 4
122 139 44
122 141 66
122 143 77
122 145 79
122 146 14
122 147 5
123 124 50
123 125 65
123 130 8
123 132 2
123 133 1
123 136 26
123 138 49
123 141 87
123 142 59
123 144 5
123 146 85
123 150 83
124 127 69
124 129 76
124 133 89
124 134 41
124 142 61
124 150 42
125 126 91
125 128 52
125 129 16
125 131 24
125 132 82
125 135 71
125 137 34
125 139 81
125 143 4
125 147 8
125 150 42
126 127 19
126 129 85
126 133 34
126 134 85
126 139 1
126 140 52
126 141 16
126 142 54
126 145 5
127 128 65
127 129 87
127 130 32
127 131 10
127 132 45
127 139 56
127 142 1
127 146 50
127 147 97
127 150 71
128 130 34
128 132 19
128 141 58
128 144 28
128 145 72
128 147 22
128 149 14
128 150 27
129 134 47
129 136 93
129 138 57
129 141 45
129 142 99
129 144 82
129 148 61
130 131 24
130 132 61
130 137 46
130 138 86
130 139 98
130 141 76
130 142 55
130 145 39
130 149 27
131 132 33
131 133 80
131 134 32
131 140 12
131 141 4
131 142 29
131 143 56
131 146 76
131 148 4
131 150 70
132 133 60
132 137 83
132 139 87
132 140 82
132 141 71
132 144 66
132 150 98
133 135 30
133 136 50
133 137 16
133 140 100
133 141 70
133 142 50
133 144 58
133 145 14
133 148 45
134 135 27
134 136 11
134 140 74
134 142 20
134 144 69
134 146 34
134 147 35
134 148 31
135 136 73
135 137 65
135 140 57
135 142 38
135 149 57
135 150 59
136 140 56
136 142 35
136 145 11
136 148 14
136 149 39
136 150 96
137 140 19
137 142 89
137 143 37
137 144 20
137 147 12
137 148 48
137 150 88
138 142 98
138 144 44
138 146 26
139 143 71
139 147 71
139 148 90
139 149 93
140 142 50
140 143 97
140 147 10
140 150 79
141 144 23
141 145 5
141 147 3
141 148 87
141 149 25
142 143 84
142 146 60
142 147 91
142 150 91
143 145 23
143 146 48
143 149 85
144 146 68
144 147 30
144 150 64
145 146 99
145 147 37
145 149 99
146 148 60
146 150 56
147 149 63
147 150 89
148 149 25
1 2 45
1 3 97
1 4 80
1 7 79
1 8 1
1 9 16
1 11 71
1 16 99
1 17 12
1 19 67
1 20 99
1 21 60
1 22 96
1 23 97
1 28 45
1 30 42
1 31 49
1 33 87
1 35 84
1 41 42
1 43 45
1 45 87
1 47 42
1 48 48
1 49 61
1 50 12
1 51 96
1 52 9
1 54 9
1 55 72
1 56 51
1 60 48
1 61 3
1 62 82
1 72 24
1 79 35
1 81 11
1 87 39
1 93 76
1 102 79
1 107 97
1 111 53
1 112 44
1 113 32
1 115 79
1 119 24
1 123 35
1 129 81
1 130 60
1 132 25
1 135 37
1 138 20
1 144 97
1 145 68
1 146 20
1 147 25
1 148 99
1 149 87
2 17 61
2 21 18
2 23 32
2 27 17
2 30 58
2 33 57
2 34 2
2 37 29
2 38 14
2 39 39
2 40 56
2 42 63
2 43 55
2 47 83
2 49 11
2 52 16
2 53 14
2 55 9
2 56 21
2 57 63
2 59 98
2 63 43
2 68 80
2 70 22
2 71 76
2 72 35
2 73 50
2 75 35
2 77 49
2 78 54
2 83 55
2 85 56
2 89 72
2 90 51
2 92 6
2 94 91
2 97 30
2 99 23
2 101 40
2 102 26
2 103 3
2 112 31
2 113 77
2 114 36
2 118 100
2 120 72
2 127 12
2 131 98
2 134 91
2 144 25
2 146 66
2 147 84
2 148 34
3 4 83
3 5 26
3 6 85
3 7 14
3 9 1
3 10 44
3 11 8
3 14 70
3 17 39
3 19 79
3 21 9
3 22 41
3 27 73
3 28 99
3 29 67
3 30 22
3 31 76
3 32 95
3 33 26
3 34 95
3 35 87
3 37 45
3 38 17
3 39 18
3 40 27
3 42 40
3 46 5
3 52 15
3 53 54
3 55 94
3 59 5
3 61 3
3 64 91
3 65 65
3 70 24
3 71 34
3 72 35
3 76 41
3 79 40
3 83 42
3 84 69
3 85 48
3 88 19
3 91 86
3 94 17
3 95 47
3 96 38
3 102 48
3 104 97
3 107 96
3 109 56
3 111 5
3 115 89
3 123 83
3 125 34
3 126 29
3 127 71
3 128 29
3 134 79
3 138 41
3 139 39
3 141 29
3 144 88
3 145 57
4 6 16
4 7 69
4 12 37
4 14 69
4 16 76
4 19 22
4 20 47
4 22 54
4 25 19
4 26 2
4 27 100
4 29 46
4 30 90
4 36 61
4 38 43
4 41 37
4 43 61
4 48 99
4 58 18
4 61 24
4 67 35
4 68 96
4 72 10
4 75 34
4 76 84
4 81 38
4 82 33
4 84 15
4 87 50
4 91 8
4 94 81
4 95 29
4 99 14
4 104 40
4 106 31
4 109 62
4 111 48
4 113 45
4 116 12
4 122 24
4 126 3
4 128 77
4 131 37
4 134 3
4 140 30
4 142 76
4 144 15
4 145 8
4 148 9
4 150 74
5 6 32
5 9 19
5 11 63
5 16 65
5 17 65
5 18 56
5 20 87
5 25 87
5 31 2
5 34 79
5 36 66
5 39 87
5 49 91
5 53 53
5 60 37
5 61 38
5 64 10
5 65 35
5 69 18
5 74 62
5 75 89
5 77 50
5 78 91
5 80 30
5 84 11
5 85 7
5 86 61
5 90 55
5 91 1
5 92 10
5 95 84
5 97 78
5 102 42
5 110 19
5 111 69
5 112 50
5 113 90
5 114 65
5 115 87
5 116 51
5 117 91
5 120 79
5 122 95
5 123 22
5 134 20
5 141 25
5 145 88
5 147 61
5 148 70
6 8 100
6 10 82
6 11 96
6 14 30
6 16 10
6 17 85
6 18 94
6 21 48
6 24 44
6 27 4
6 30 23
6 31 46
6 38 69
6 41 73
6 51 35
6 52 51
6 53 57
6 55 81
6 58 40
6 59 18
6 61 48
6 62 4
6 66 48
6 71 71
6 72 72
6 76 75
6 77 21
6 81 99
6 82 60
6 83 43
6 85 63
6 87 95
6 89 78
6 92 90
6 94 29
6 95 52
6 98 78
6 101 66
6 103 99
6 104 25
6 107 61
6 109 65
6 110 57
6 115 87
6 118 36
6 120 75
6 121 11
6 122 41
6 125 36
6 132 19
6 139 99
6 143 3
6 145 5
6 148 69
6 149 5
7 8 25
7 15 49
7 16 78
7 22 28
7 23 70
7 24 11
7 25 10
7 26 42
7 27 1
7 28 47
7 29 48
7 32 46
7 39 28
7 43 85
7 49 1
7 50 34
7 51 89
7 54 15
7 60 99
7 61 14
7 63 97
7 71 67
7 73 26
7 74 53
7 79 15
7 80 58
7 86 21
7 89 3
7 90 32
7 92 41
7 94 36
7 95 96
7 98 43
7 100 100
7 101 79
7 108 9
7 109 98
7 113 64
7 114 28
7 115 77
7 116 27
7 120 64
7 125 43
7 127 83
7 128 46
7 130 54
7 132 35
7 135 29
7 136 3
7 140 27
7 142 47
7 150 100
8 10 9
8 11 14
8 12 84
8 13 80
8 14 43
8 21 4
8 22 27
8 26 81
8 30 82
8 34 8
8 37 96
8 38 24
8 40 44
8 41 64
8 42 7
8 43 37
8 44 93
8 47 61
8 51 24
8 56 74
8 58 77
8 61 52
8 62 40
8 65 21
8 66 58
8 70 58
8 74 26
8 75 28
8 78 59
8 84 91
8 85 44
8 87 42
8 89 73
8 93 46
8 95 54
8 96 3
8 97 58
8 100 31
8 105 50
8 106 12
8 107 73
8 109 32
8 111 66
8 113 46
8 116 82
8 117 76
8 118 70
8 120 48
8 121 96
8 122 37
8 123 50
8 126 1
8 128 86
8 129 37
8 134 80
8 135 31
8 136 5
8 137 65
8 141 25
8 143 7
8 146 10
8 147 98
8 148 18
9 12 50
9 14 41
9 15 27
9 18 56
9 19 30
9 21 19
9 22 31
9 23 46
9 24 51
9 26 23
9 29 52
9 32 38
9 33 63
9 36 48
9 37 27
9 41 34
9 44 6
9 50 72
9 52 3
9 53 50
9 55 3
9 56 38
9 57 28
9 58 73
9 60 51
9 63 97
9 66 79
9 67 41
9 69 85
9 71 32
9 73 59
9 74 67
9 76 35
9 79 11
9 80 76
9 82 38
9 83 33
9 93 80
9 95 36
9 101 60
9 102 88
9 105 39
9 106 74
9 107 13
9 109 98
9 111 78
9 115 42
9 116 33
9 117 94
9 119 13
9 122 37
9 125 53
9 127 100
9 129 53
9 130 43
9 132 100
9 138 60
9 139 18
9 145 35
10 11 16
10 17 66
10 18 21
10 21 70
10 23 32
10 24 8
10 26 85
10 28 27
10 31 5
10 32 15
10 35 95
10 42 77
10 44 93
10 45 84
10 46 35
10 50 97
10 51 53
10 60 91
10 61 51
10 62 42
10 63 41
10 66 83
10 68 42
10 72 79
10 75 37
10 76 87
10 79 80
10 80 31
10 81 10
10 96 12
10 98 94
10 109 14
10 110 80
10 113 45
10 114 96
10 115 23
10 117 89
10 119 56
10 120 64
10 122 60
10 124 46
10 126 67
10 132 98
10 133 18
10 134 49
10 135 26
10 136 89
10 140 88
10 148 5
11 16 19
11 18 71
11 19 37
11 20 80
11 23 93
11 24 24
11 28 81
11 30 30
11 31 20
11 37 93
11 38 45
11 41 64
11 42 37
11 48 25
11 49 68
11 52 62
11 53 94
11 57 15
11 58 56
11 59 84
11 60 97
11 66 9
11 68 25
11 75 24
11 78 56
11 80 69
11 81 74
11 84 56
11 85 77
11 97 3
11 101 3
11 104 46
11 109 83
11 110 50
11 113 15
11 114 18
11 115 87
11 116 7
11 117 55
11 119 42
11 122 18
11 123 65
11 124 86
11 125 36
11 126 7
11 129 69
11 134 93
11 137 54
11 138 20
11 141 99
11 143 82
11 144 66
11 146 44
11 147 70
12 14 34
12 16 34
12 17 45
12 20 71
12 28 75
12 29 2
12 31 28
12 32 8
12 33 8
12 35 11
12 38 21
12 41 36
12 43 10
12 46 46
12 47 23
12 48 28
12 51 90
12 53 82
12 54 18
12 57 51
12 58 28
12 63 11
12 66 10
12 67 25
12 69 68
12 70 37
12 72 32
12 74 67
12 76 75
12 78 50
12 81 17
12 83 74
12 84 27
12 87 47
12 88 22
12 94 91
12 95 95
12 100 3
12 101 77
12 103 57
12 107 77
12 108 67
12 114 32
12 117 39
12 122 34
12 124 11
12 125 71
12 128 81
12 130 60
12 138 66
12 139 43
12 141 67
12 142 70
13 15 5
13 23 22
13 25 91
13 26 56
13 32 7
13 34 17
13 36 83
13 37 45
13 39 13
13 42 44
13 43 54
13 45 41
13 49 17
13 50 93
13 52 9
13 53 100
13 54 60
13 56 2
13 57 88
13 58 1
13 59 16
13 61 65
13 62 19
13 64 8
13 69 42
13 71 43
13 72 47
13 73 48
13 74 35
13 79 48
13 81 24
13 83 13
13 88 45
13 90 71
13 91 82
13 95 88
13 96 8
13 97 38
13 99 20
13 100 96
13 101 4
13 104 14
13 105 62
13 107 49
13 109 83
13 111 35
13 114 71
13 117 27
13 118 9
13 122 13
13 124 65
13 125 13
13 127 1
13 131 31
13 133 43
13 135 87
13 136 71
13 137 43
13 141 57
13 143 87
13 147 11
14 15 13
14 17 45
14 19 14
14 20 31
14 22 52
14 24 73
14 26 28
14 28 92
14 30 6
14 32 32
14 33 96
14 35 29
14 39 20
14 41 22
14 42 28
14 43 93
14 46 39
14 48 78
14 51 20
14 55 59
14 56 4
14 57 65
14 65 29
14 67 12
14 68 90
14 69 34
14 70 23
14 71 20
14 73 34
14 75 7
14 76 50
14 78 11
14 81 26
14 87 57
14 90 38
14 92 73
14 96 36
14 97 78
14 99 3
14 100 91
14 102 93
14 106 19
14 107 23
14 112 96
14 113 19
14 114 46
14 122 20
14 123 21
14 124 83
14 130 55
14 131 66
14 134 28
14 137 12
14 140 24
14 141 63
14 142 31
14 145 27
14 147 31
15 18 45
15 22 76
15 23 47
15 25 100
15 28 63
15 29 47
15 31 18
15 32 50
15 35 4
15 37 48
15 39 24
15 42 55
15 43 78
15 46 19
15 48 5
15 50 72
15 56 94
15 57 70
15 58 50
15 61 81
15 62 21
15 65 10
15 66 63
15 70 74
15 72 98
15 73 78
15 80 45
15 81 23
15 85 17
15 89 15
15 97 31
15 100 59
15 101 86
15 102 71
15 104 79
15 112 88
15 119 78
15 121 45
15 122 90
15 128 89
15 129 39
15 134 87
15 136 40
15 137 71
15 145 57
15 148 98
15 149 25
16 18 26
16 21 55
16 22 14
16 24 24
16 26 31
16 29 41
16 33 3
16 36 30
16 42 23
16 43 87
16 45 89
16 47 15
16 49 46
16 54 4
16 56 72
16 60 17
16 61 63
16 62 91
16 63 59
16 65 50
16 70 10
16 71 100
16 76 3
16 78 55
16 79 69
16 80 97
16 85 98
16 88 30
16 94 28
16 98 18
16 103 72
16 104 21
16 106 85
16 107 36
16 108 78
16 115 55
16 119 4
16 125 74
16 126 29
16 127 37
16 128 81
16 130 34
16 131 4
16 133 66
16 134 21
16 136 42
16 137 69
16 139 54
16 141 20
16 143 93
16 146 31
17 18 78
17 19 76
17 20 96
17 23 74
17 26 91
17 27 61
17 31 96
17 35 94
17 40 25
17 46 32
17 48 43
17 52 73
17 53 69
17 55 35
17 57 90
17 59 47
17 61 64
17 63 11
17 64 85
17 68 4
17 70 26
17 73 43
17 74 92
17 76 85
17 77 86
17 81 87
17 83 10
17 84 10
17 87 7
17 90 73
17 91 33
17 96 33
17 105 71
17 108 26
17 110 36
17 111 41
17 114 27
17 116 99
17 117 31
17 119 94
17 121 59
17 123 14
17 128 62
17 129 9
17 130 26
17 131 14
17 132 53
17 133 43
17 139 31
17 143 68
17 148 40
17 150 99
18 19 21
18 21 33
18 31 46
18 37 30
18 38 5
18 40 93
18 41 59
18 43 9
18 44 73
18 46 22
18 51 82
18 52 84
18 53 48
18 54 36
18 58 38
18 60 20
18 61 13
18 66 79
18 67 60
18 69 83
18 71 66
18 72 17
18 74 43
18 80 80
18 83 46
18 84 77
18 85 38
18 86 81
18 89 97
18 92 15
18 96 39
18 97 51
18 99 98
18 101 88
18 104 100
18 106 30
18 114 43
18 119 33
18 120 64
18 124 84
18 126 4
18 129 42
18 131 24
18 133 54
18 136 15
18 138 22
18 139 47
18 143 24
18 144 41
18 147 38
18 150 17
19 23 50
19 24 99
19 27 11
19 29 12
19 33 53
19 34 76
19 38 89
19 40 66
19 42 92
19 44 34
19 45 9
19 49 48
19 52 41
19 55 24
19 57 82
19 59 18
19 60 57
19 62 82
19 63 11
19 66 12
19 68 67
19 74 92
19 75 100
19 80 77
19 82 2
19 88 14
19 91 82
19 92 24
19 93 49
19 94 70
19 96 38
19 97 75
19 98 50
19 100 24
19 101 92
19 104 1
19 105 58
19 107 64
19 109 83
19 110 72
19 113 6
19 114 41
19 118 5
19 121 68
19 122 45
19 123 57
19 124 76
19 128 72
19 129 46
19 135 50
19 136 23
19 137 23
19 140 23
19 144 83
19 147 93
19 149 86
20 23 15
20 24 76
20 25 84
20 27 55
20 28 19
20 35 23
20 37 80
20 41 90
20 44 87
20 51 99
20 54 79
20 55 18
20 59 50
20 60 81
20 62 49
20 64 41
20 67 80
20 70 61
20 71 51
20 79 79
20 82 96
20 85 7
20 86 47
20 104 50
20 107 96
20 108 93
20 109 8
20 114 59
20 116 44
20 118 99
20 119 34
20 120 48
20 121 93
20 125 9
20 128 54
20 132 49
20 134 26
20 141 83
20 146 53
21 24 1
21 26 91
21 28 67
21 29 5
21 30 93
21 31 72
21 33 96
21 34 74
21 36 20
21 40 37
21 43 45
21 44 24
21 48 60
21 50 37
21 51 16
21 52 57
21 55 84
21 62 85
21 64 63
21 65 36
21 66 7
21 72 33
21 75 48
21 78 15
21 79 84
21 83 65
21 86 78
21 91 68
21 92 1
21 95 37
21 96 57
21 98 60
21 99 9
21 102 46
21 106 38
21 121 24
21 122 14
21 125 33
21 128 28
21 130 62
21 131 15
21 139 34
21 143 35
21 146 6
21 147 18
21 148 70
22 23 13
22 26 49
22 28 66
22 30 16
22 31 81
22 32 50
22 33 34
22 34 30
22 35 22
22 37 95
22 43 55
22 44 40
22 45 45
22 47 45
22 48 5
22 50 53
22 52 1
22 53 29
22 55 15
22 62 78
22 63 62
22 64 57
22 65 16
22 67 58
22 74 28
22 75 98
22 77 76
22 80 72
22 82 42
22 91 14
22 93 11
22 98 93
22 102 91
22 105 68
22 107 84
22 114 37
22 117 70
22 118 56
22 122 55
22 125 39
22 130 47
22 137 8
22 138 22
22 140 78
22 146 86
22 148 37
22 150 43
23 25 66
23 26 3
23 27 15
23 28 89
23 33 70
23 35 37
23 37 25
23 39 60
23 40 46
23 41 52
23 44 33
23 46 1
23 47 56
23 49 29
23 51 85
23 55 91
23 57 58
23 59 18
23 60 41
23 63 87
23 64 93
23 67 81
23 69 63
23 70 24
23 73 4
23 74 2
23 75 97
23 78 17
23 82 41
23 85 22
23 86 39
23 88 96
23 90 74
23 91 11
23 95 60
23 97 85
23 101 37
23 102 38
23 105 84
23 106 86
23 107 38
23 108 63
23 113 20
23 119 93
23 120 60
23 123 57
23 125 37
23 127 3
23 128 11
23 129 62
23 130 8
23 133 45
23 137 11
23 138 58
23 140 74
23 141 3
23 143 2
23 144 70
23 145 76
24 29 33
24 30 12
24 32 69
24 34 55
24 40 5
24 41 45
24 43 94
24 44 39
24 46 10
24 47 12
24 48 62
24 52 36
24 54 77
24 61 33
24 63 19
24 69 5
24 72 32
24 77 22
24 78 87
24 85 22
24 90 43
24 91 23
24 95 72
24 96 5
24 98 69
24 102 30
24 103 80
24 104 95
24 106 94
24 107 46
24 109 3
24 112 29
24 113 64
24 115 32
24 121 17
24 124 92
24 126 35
24 137 52
24 139 100
24 140 35
24 141 50
24 143 57
24 146 14
24 150 77
25 28 83
25 29 74
25 33 46
25 37 90
25 45 83
25 47 94
25 50 28
25 53 9
25 54 88
25 58 61
25 59 43
25 60 59
25 64 26
25 66 70
25 68 55
25 69 4
25 72 41
25 75 7
25 76 11
25 77 13
25 81 10
25 83 58
25 85 1
25 89 62
25 94 62
25 99 41
25 100 48
25 101 29
25 102 85
25 103 51
25 104 51
25 105 55
25 113 60
25 118 89
25 119 7
25 120 4
25 121 38
25 123 9
25 127 96
25 130 49
25 132 66
25 134 22
25 136 35
25 137 40
25 138 29
25 145 32
25 146 10
25 147 44
25 148 39
26 27 64
26 31 95
26 32 88
26 33 77
26 37 70
26 38 94
26 40 28
26 42 83
26 44 37
26 45 29
26 46 23
26 49 76
26 52 2
26 53 73
26 54 93
26 55 92
26 62 95
26 66 63
26 67 27
26 71 62
26 79 53
26 80 72
26 83 73
26 86 47
26 89 42
26 90 53
26 93 4
26 94 49
26 98 46
26 99 53
26 101 25
26 109 10
26 110 81
26 112 38
26 116 33
26 117 65
26 120 51
26 121 21
26 122 46
26 125 90
26 126 24
26 127 57
26 128 11
26 134 80
26 135 73
26 136 32
26 137 34
26 138 12
26 142 78
26 145 2
26 146 23
27 28 14
27 30 44
27 31 19
27 32 63
27 33 11
27 34 70
27 36 29
27 38 99
27 40 61
27 41 34
27 42 48
27 43 47
27 46 71
27 47 86
27 52 64
27 56 7
27 60 47
27 62 39
27 63 80
27 68 26
27 70 47
27 72 9
27 79 60
27 80 94
27 82 84
27 83 26
27 84 92
27 85 11
27 87 27
27 90 66
27 93 59
27 96 81
27 97 70
27 98 25
27 99 48
27 101 63
27 102 56
27 106 11
27 107 17
27 110 51
27 112 20
27 116 24
27 118 68
27 120 4
27 121 91
27 126 99
27 129 20
27 131 58
27 134 22
27 135 68
27 136 98
27 137 53
27 142 9
27 148 84
27 150 80
28 31 58
28 33 12
28 35 69
28 36 39
28 37 43
28 40 87
28 41 19
28 43 92
28 45 99
28 46 56
28 47 60
28 50 45
28 61 20
28 62 15
28 63 79
28 66 86
28 67 58
28 72 36
28 77 3
28 81 20
28 82 48
28 83 10
28 84 96
28 86 71
28 87 44
28 89 66
28 91 36
28 92 55
28 93 29
28 95 24
28 100 4
28 102 69
28 103 73
28 105 59
28 107 57
28 108 35
28 109 50
28 110 72
28 115 57
28 121 2
28 123 50
28 124 53
28 128 9
28 129 13
28 130 6
28 132 44
28 134 51
28 135 85
28 136 19
28 138 26
28 139 67
28 140 6
28 142 82
28 143 69
28 145 84
28 146 9
28 147 8
28 150 74
29 31 28
29 38 17
29 41 31
29 42 76
29 46 97
29 50 98
29 51 77
29 53 6
29 54 53
29 55 37
29 56 91
29 60 90
29 63 75
29 66 55
29 69 9
29 72 84
29 77 66
29 79 16
29 87 85
29 88 64
29 89 44
29 92 32
29 93 32
29 107 45
29 112 67
29 116 89
29 117 31
29 118 90
29 120 91
29 122 88
29 123 15
29 126 58
29 128 77
29 129 56
29 130 99
29 133 62
29 143 2
29 144 35
29 148 65
29 149 20
30 31 17
30 37 8
30 39 24
30 41 52
30 45 99
30 47 92
30 48 39
30 49 15
30 50 31
30 51 3
30 60 61
30 64 30
30 66 34
30 67 80
30 69 24
30 71 53
30 73 57
30 76 23
30 78 4
30 79 97
30 80 29
30 82 13
30 83 65
30 88 5
30 89 1
30 91 55
30 94 58
30 96 67
30 97 53
30 101 8
30 102 47
30 103 75
30 107 88
30 108 27
30 109 91
30 110 24
30 111 8
30 112 41
30 114 80
30 115 96
30 116 87
30 119 70
30 121 92
30 122 40
30 123 40
30 124 70
30 125 34
30 128 35
30 129 40
30 132 90
30 133 74
30 138 21
30 139 72
30 140 56
30 144 65
30 148 29
30 150 51
31 33 72
31 37 76
31 40 1
31 42 46
31 50 46
31 51 53
31 55 83
31 56 96
31 57 52
31 60 4
31 62 2
31 63 18
31 64 29
31 66 41
31 69 52
31 82 93
31 86 1
31 88 97
31 91 65
31 94 81
31 95 90
31 96 93
31 97 69
31 100 47
31 101 60
31 102 13
31 105 34
31 106 39
31 108 40
31 112 84
31 121 92
31 124 61
31 125 45
31 127 2
31 130 85
31 132 82
31 135 27
31 139 56
31 140 56
31 145 49
31 147 20
31 150 60
32 34 39
32 38 33
32 39 30
32 46 12
32 51 49
32 52 44
32 53 44
32 54 34
32 56 61
32 57 61
32 60 62
32 66 16
32 67 47
32 69 91
32 70 51
32 71 62
32 72 40
32 75 34
32 77 27
32 78 17
32 83 48
32 89 25
32 91 42
32 92 31
32 93 21
32 95 51
32 96 72
32 98 44
32 100 3
32 102 61
32 107 11
32 108 78
32 109 63
32 112 34
32 114 74
32 122 86
32 125 99
32 130 81
32 133 10
32 134 1
32 135 33
32 136 82
32 138 47
32 144 80
32 150 11
33 41 3
33 45 62
33 49 92
33 50 73
33 52 39
33 53 79
33 54 70
33 55 54
33 56 5
33 60 94
33 61 30
33 63 39
33 65 98
33 68 62
33 69 14
33 78 58
33 79 73
33 80 49
33 84 95
33 85 13
33 91 8
33 94 26
33 97 44
33 101 22
33 103 33
33 104 75
33 105 64
33 107 29
33 109 53
33 110 1
33 111 83
33 119 46
33 120 76
33 122 57
33 124 8
33 125 37
33 126 73
33 130 1
33 132 97
33 135 37
33 140 11
33 145 90
33 146 94
34 36 6
34 37 1
34 39 91
34 42 82
34 43 77
34 48 77
34 49 76
34 52 82
34 53 48
34 58 63
34 59 82
34 61 82
34 64 92
34 66 100
34 69 70
34 71 2
34 72 44
34 73 36
34 75 51
34 77 25
34 78 68
34 81 72
34 83 97
34 87 69
34 89 61
34 90 47
34 91 62
34 92 44
34 93 61
34 94 80
34 95 40
34 100 72
34 101 12
34 105 56
34 109 5
34 110 29
34 111 76
34 114 17
34 116 52
34 119 33
34 120 56
34 123 55
34 130 69
34 131 60
34 134 13
34 138 90
34 139 58
34 140 28
34 146 32
34 147 35
34 148 46
35 37 57
35 39 44
35 45 68
35 48 65
35 49 40
35 53 93
35 54 37
35 56 10
35 60 98
35 61 78
35 62 49
35 64 24
35 69 34
35 70 84
35 71 82
35 73 84
35 78 40
35 84 51
35 87 62
35 93 68
35 94 50
35 96 53
35 100 84
35 102 55
35 103 37
35 104 71
35 106 95
35 108 38
35 113 19
35 114 100
35 118 33
35 123 91
35 124 27
35 126 68
35 127 100
35 129 83
35 131 70
35 136 81
35 138 33
35 140 44
35 141 5
35 143 80
35 146 31
35 149 55
35 150 78
36 38 41
36 40 46
36 41 25
36 47 26
36 48 99
36 49 5
36 50 50
36 51 21
36 56 75
36 58 59
36 59 74
36 60 95
36 62 65
36 63 28
36 66 24
36 69 84
36 74 57
36 77 79
36 78 47
36 79 98
36 84 81
36 89 66
36 92 1
36 93 1
36 97 28
36 99 24
36 102 39
36 106 99
36 107 15
36 110 70
36 111 24
36 112 41
36 115 71
36 116 14
36 118 96
36 119 62
36 121 34
36 123 71
36 124 65
36 126 71
36 128 48
36 130 96
36 133 35
36 137 28
36 140 46
36 141 95
36 142 77
36 143 53
36 145 34
36 150 44
37 39 76
37 41 77
37 42 46
37 46 32
37 47 1
37 48 10
37 49 82
37 52 16
37 56 60
37 57 42
37 59 42
37 60 13
37 61 48
37 63 59
37 64 20
37 66 26
37 67 94
37 69 99
37 70 27
37 72 82
37 73 59
37 75 42
37 76 80
37 79 67
37 82 34
37 83 85
37 90 33
37 92 95
37 95 51
37 96 83
37 98 23
37 99 51
37 101 89
37 102 3
37 105 95
37 106 92
37 107 24
37 109 87
37 111 67
37 114 49
37 116 54
37 118 48
37 120 51
37 123 91
37 129 48
37 130 14
37 140 92
37 144 67
37 146 8
37 147 38
37 149 39
38 41 14
38 43 48
38 44 48
38 46 25
38 49 6
38 54 35
38 55 23
38 58 18
38 59 7
38 65 62
38 66 83
38 72 37
38 76 58
38 78 20
38 80 37
38 81 83
38 83 26
38 85 15
38 87 58
38 88 97
38 89 41
38 93 93
38 94 94
38 95 65
38 96 9
38 97 100
38 100 53
38 105 25
38 107 68
38 108 15
38 110 82
38 112 32
38 114 78
38 118 11
38 123 48
38 126 26
38 128 67
38 129 33
38 130 53
38 131 100
38 133 28
38 135 10
38 138 79
38 141 95
38 143 80
38 145 27
38 146 43
39 40 52
39 43 92
39 44 76
39 45 47
39 46 66
39 47 62
39 48 60
39 49 74
39 50 21
39 51 58
39 52 37
39 53 94
39 54 31
39 56 75
39 57 28
39 58 9
39 60 20
39 62 72
39 65 6
39 67 71
39 74 72
39 78 72
39 80 83
39 81 52
39 84 91
39 86 80
39 90 82
39 94 96
39 99 65
39 100 56
39 102 70
39 106 64
39 107 95
39 109 75
39 110 79
39 112 7
39 116 22
39 117 21
39 119 41
39 120 83
39 121 4
39 126 68
39 128 73
39 129 75
39 130 18
39 131 47
39 133 52
39 134 16
39 135 30
39 137 61
39 138 49
39 140 47
39 144 34
39 146 91
40 44 7
40 45 23
40 48 69
40 49 25
40 51 78
40 53 41
40 56 55
40 58 63
40 60 29
40 62 64
40 63 43
40 67 40
40 68 70
40 73 17
40 77 59
40 80 24
40 81 28
40 82 50
40 83 60
40 84 77
40 85 70
40 88 13
40 91 29
40 92 2
40 94 28
40 100 5
40 102 48
40 105 5
40 109 60
40 110 86
40 111 64
40 116 73
40 120 61
40 123 84
40 128 1
40 129 56
40 130 79
40 134 2
40 135 3
40 136 79
40 138 80
40 139 81
40 141 57
40 142 54
40 145 2
40 147 89
41 42 85
41 43 18
41 47 95
41 50 60
41 53 10
41 55 30
41 62 91
41 69 81
41 70 54
41 71 85
41 73 92
41 75 29
41 79 100
41 80 1
41 82 19
41 85 100
41 90 78
41 91 29
41 95 82
41 98 93
41 100 58
41 101 99
41 103 58
41 109 85
41 113 87
41 115 66
41 116 45
41 120 86
41 121 92
41 122 64
41 125 50
41 126 67
41 129 13
41 131 72
41 132 56
41 133 50
41 137 25
41 139 88
41 147 38
41 148 82
41 150 18
42 46 1
42 49 75
42 52 58
42 54 87
42 56 89
42 57 26
42 59 15
42 60 66
42 61 99
42 65 53
42 67 26
42 70 4
42 72 99
42 73 67
42 74 34
42 75 75
42 78 51
42 82 36
42 85 77
42 86 14
42 89 32
42 95 50
42 98 22
42 100 4
42 101 22
42 102 64
42 104 49
42 106 2
42 107 99
42 108 71
42 110 70
42 116 66
42 117 58
42 119 23
42 122 21
42 123 37
42 124 98
42 125 68
42 129 10
42 131 57
42 132 60
42 134 40
42 139 92
42 140 2
42 142 21
42 143 5
42 147 78
42 148 59
43 44 99
43 45 22
43 48 77
43 49 71
43 52 2
43 56 61
43 58 37
43 61 100
43 62 22
43 63 26
43 66 10
43 67 31
43 70 7
43 71 54
43 74 38
43 76 86
43 78 65
43 81 78
43 84 16
43 92 14
43 93 29
43 94 37
43 99 13
43 101 13
43 102 96
43 103 75
43 105 71
43 107 28
43 110 55
43 116 43
43 117 71
43 119 83
43 126 72
43 130 18
43 131 38
43 132 72
43 134 36
43 141 90
43 142 74
43 143 2
44 45 17
44 46 95
44 48 74
44 59 30
44 62 66
44 65 82
44 66 74
44 68 58
44 70 74
44 71 76
44 78 35
44 79 60
44 81 49
44 82 41
44 83 29
44 84 32
44 87 75
44 91 73
44 93 44
44 96 39
44 97 65
44 98 3
44 99 72
44 104 79
44 106 96
44 111 63
44 112 19
44 114 64
44 118 72
44 123 58
44 125 6
44 127 40
44 131 43
44 133 88
44 137 25
44 138 29
44 139 25
44 141 17
44 142 73
44 146 84
44 148 31
44 149 32
44 150 64
45 47 52
45 50 38
45 52 74
45 53 65
45 60 46
45 64 86
45 65 11
45 67 26
45 72 78
45 76 86
45 78 23
45 80 94
45 83 78
45 87 57
45 97 71
45 100 100
45 102 43
45 105 100
45 106 21
45 109 8
45 110 93
45 113 93
45 114 93
45 116 32
45 121 13
45 123 3
45 124 89
45 125 62
45 130 88
45 134 32
45 138 31
45 140 97
45 142 22
45 144 25
45 147 99
45 148 65
46 49 59
46 53 31
46 56 38
46 57 70
46 58 42
46 59 23
46 61 58
46 62 61
46 64 100
46 67 85
46 68 34
46 71 10
46 72 16
46 76 75
46 79 82
46 80 62
46 86 90
46 89 28
46 90 55
46 91 30
46 93 98
46 96 73
46 98 57
46 100 22
46 104 19
46 105 90
46 107 11
46 108 53
46 109 15
46 111 92
46 112 76
46 115 21
46 121 4
46 123 64
46 125 51
46 132 18
46 133 90
46 135 41
46 137 19
46 139 19
46 142 27
46 144 14
46 145 4
46 148 61
46 149 76
47 48 31
47 52 69
47 54 1
47 57 22
47 60 32
47 64 48
47 66 31
47 69 14
47 71 19
47 75 70
47 76 86
47 79 1
47 80 18
47 81 38
47 85 65
47 88 58
47 90 20
47 93 17
47 95 31
47 100 46
47 106 75
47 107 36
47 108 98
47 110 81
47 112 2
47 115 74
47 116 54
47 117 53
47 118 37
47 122 24
47 123 52
47 124 12
47 130 76
47 132 6
47 137 49
47 144 91
47 145 60
47 147 78
47 148 90
48 54 88
48 56 30
48 57 40
48 61 17
48 63 75
48 64 67
48 66 28
48 67 5
48 69 17
48 70 34
48 72 49
48 74 52
48 76 57
48 79 2
48 80 9
48 82 61
48 84 68
48 85 5
48 86 76
48 91 56
48 92 48
48 94 52
48 95 31
48 96 92
48 97 53
48 101 7
48 104 58
48 105 15
48 109 51
48 115 74
48 116 70
48 117 80
48 128 93
48 131 49
48 135 8
48 137 17
48 138 87
48 141 50
48 143 9
48 144 54
48 145 44
48 146 81
48 148 17
48 150 37
49 50 41
49 53 96
49 57 17
49 58 21
49 60 6
49 62 60
49 64 79
49 65 18
49 68 46
49 71 54
49 75 40
49 76 73
49 78 25
49 80 3
49 81 57
49 82 80
49 83 15
49 84 19
49 86 36
49 87 65
49 88 36
49 89 33
49 93 7
49 97 53
49 104 99
49 105 22
49 108 57
49 110 52
49 112 61
49 115 52
49 116 88
49 121 7
49 122 82
49 123 39
49 125 75
49 127 88
49 128 45
49 129 43
49 130 82
49 137 10
49 141 85
49 144 25
49 146 100
49 147 65
49 149 15
50 51 50
50 53 52
50 55 7
50 56 77
50 60 19
50 65 26
50 67 99
50 68 63
50 72 3
50 73 39
50 74 5
50 76 17
50 77 70
50 80 76
50 82 49
50 89 87
50 90 46
50 92 15
50 93 21
50 95 40
50 98 50
50 105 38
50 111 11
50 114 58
50 116 16
50 125 9
50 127 3
50 131 46
50 134 44
50 145 75
50 146 64
50 149 67
50 150 23
51 52 91
51 54 44
51 59 2
51 61 29
51 64 100
51 74 78
51 79 80
51 81 26
51 82 30
51 84 33
51 88 46
51 91 4
51 92 24
51 93 70
51 94 31
51 95 87
51 96 17
51 100 46
51 101 72
51 102 24
51 105 26
51 111 42
51 114 69
51 115 24
51 116 39
51 118 48
51 119 27
51 120 50
51 122 49
51 123 82
51 124 69
51 128 20
51 129 90
51 130 8
51 132 36
51 135 24
51 136 86
51 137 80
51 139 74
51 143 28
51 144 15
51 145 60
51 147 38
52 54 15
52 57 69
52 59 37
52 60 38
52 63 57
52 65 54
52 67 48
52 71 78
52 72 25
52 75 51
52 76 27
52 78 50
52 80 76
52 81 32
52 83 27
52 84 14
52 87 93
52 88 61
52 95 36
52 96 7
52 100 97
52 101 83
52 104 1
52 109 55
52 111 57
52 115 8
52 118 4
52 120 7
52 122 16
52 123 49
52 126 34
52 129 95
52 130 92
52 133 62
52 134 38
52 137 97
52 138 12
52 140 46
52 141 2
52 142 11
52 143 59
52 145 95
52 146 30
52 149 3
53 54 34
53 57 47
53 64 60
53 67 41
53 69 58
53 71 30
53 73 27
53 74 77
53 76 20
53 77 87
53 79 100
53 81 34
53 82 87
53 84 8
53 93 75
53 94 64
53 95 29
53 97 93
53 100 43
53 106 19
53 108 92
53 109 56
53 111 20
53 114 81
53 116 23
53 120 33
53 122 54
53 125 54
53 127 79
53 131 48
53 132 25
53 137 9
53 138 38
53 142 44
53 143 82
53 144 13
53 146 76
53 150 15
54 55 90
54 57 50
54 59 23
54 61 5
54 62 98
54 63 94
54 64 54
54 66 48
54 67 43
54 71 10
54 74 22
54 84 70
54 87 54
54 88 3
54 89 90
54 93 46
54 94 10
54 101 85
54 102 27
54 105 20
54 106 8
54 108 29
54 111 14
54 113 59
54 116 93
54 117 16
54 121 95
54 125 66
54 129 2
54 130 50
54 131 4
54 134 28
54 140 94
54 141 69
54 148 30
55 56 24
55 57 57
55 61 90
55 63 30
55 65 50
55 66 38
55 67 26
55 68 88
55 69 70
55 70 59
55 71 65
55 72 12
55 73 79
55 75 41
55 76 2
55 82 36
55 83 88
55 84 65
55 86 51
55 89 83
55 95 15
55 98 49
55 100 30
55 101 86
55 103 53
55 104 26
55 105 10
55 108 79
55 109 87
55 112 55
55 115 1
55 117 63
55 118 66
55 119 65
55 121 90
55 124 24
55 126 10
55 133 4
55 135 43
55 137 58
55 138 95
55 139 28
55 140 21
55 144 82
55 147 85
55 149 11
56 58 79
56 62 84
56 69 98
56 70 50
56 76 79
56 79 53
56 80 95
56 83 9
56 86 78
56 87 37
56 92 46
56 93 16
56 94 12
56 96 60
56 97 18
56 99 100
56 104 1
56 108 6
56 112 42
56 117 63
56 119 30
56 124 35
56 125 68
56 126 48
56 131 94
56 134 49
56 141 72
56 142 99
56 146 34
56 147 59
56 148 72
57 58 1
57 59 50
57 60 62
57 65 10
57 69 55
57 70 37
57 73 24
57 74 84
57 81 62
57 84 41
57 86 53
57 91 56
57 92 63
57 96 99
57 98 64
57 100 98
57 105 40
57 106 5
57 114 54
57 117 25
57 121 54
57 122 54
57 123 72
57 124 82
57 126 57
57 127 95
57 128 91
57 129 73
57 130 77
57 133 27
57 134 58
57 138 65
57 139 33
57 141 1
57 145 28
57 148 65
57 149 66
57 150 69
58 60 98
58 61 1
58 62 67
58 73 62
58 76 8
58 77 36
58 78 55
58 80 63
58 84 97
58 86 53
58 92 28
58 96 57
58 97 78
58 102 95
58 104 69
58 106 52
58 109 18
58 114 87
58 118 74
58 120 58
58 121 31
58 125 33
58 128 50
58 130 75
58 132 74
58 137 79
58 140 7
58 142 95
58 144 28
58 146 11
58 147 87
58 149 54
59 63 68
59 64 76
59 66 51
59 67 4
59 71 51
59 72 94
59 75 94
59 76 32
59 79 24
59 82 82
59 83 66
59 84 27
59 85 67
59 87 22
59 89 46
59 93 34
59 96 5
59 99 93
59 102 5
59 105 17
59 107 96
59 108 71
59 110 99
59 112 72
59 113 75
59 115 18
59 118 98
59 120 97
59 121 17
59 122 30
59 123 48
59 124 77
59 125 24
59 130 76
59 134 24
59 135 33
59 137 29
59 144 29
59 146 23
59 149 48
60 63 50
60 66 51
60 67 27
60 70 7
60 73 2
60 76 69
60 81 64
60 84 67
60 85 88
60 86 6
60 92 16
60 93 69
60 95 34
60 96 69
60 97 77
60 98 47
60 99 97
60 102 54
60 103 92
60 107 48
60 110 5
60 115 17
60 116 80
60 118 57
60 119 69
60 122 52
60 127 61
60 129 7
60 130 1
60 131 66
60 137 80
60 138 85
60 141 38
60 147 35
61 62 26
61 63 72
61 69 88
61 71 60
61 73 93
61 76 52
61 77 53
61 78 72
61 80 63
61 81 56
61 83 6
61 84 32
61 87 70
61 91 93
61 96 4
61 97 76
61 98 4
61 104 12
61 105 70
61 106 85
61 107 86
61 109 31
61 110 6
61 113 34
61 114 62
61 117 63
61 124 6
61 127 66
61 128 96
61 129 54
61 130 21
61 131 92
61 133 47
61 136 2
61 138 42
61 139 18
61 143 9
61 147 97
61 150 48
62 63 82
62 64 3
62 66 25
62 67 77
62 68 50
62 76 45
62 79 54
62 82 84
62 83 51
62 87 73
62 92 9
62 94 46
62 103 84
62 107 36
62 108 81
62 109 31
62 110 100
62 113 74
62 116 29
62 117 53
62 126 91
62 129 16
62 132 65
62 134 17
62 137 33
62 142 9
62 144 73
62 147 91
62 148 41
62 150 33
63 65 2
63 68 28
63 71 56
63 72 71
63 74 48
63 77 81
63 81 97
63 82 59
63 86 83
63 87 94
63 88 38
63 89 17
63 91 7
63 92 43
63 93 34
63 99 62
63 100 3
63 101 94
63 103 78
63 115 46
63 120 63
63 121 42
63 122 21
63 127 4
63 129 59
63 130 31
63 131 23
63 132 39
63 134 26
63 136 34
63 138 79
63 141 62
64 66 86
64 67 97
64 68 51
64 69 99
64 72 18
64 74 59
64 75 85
64 79 76
64 80 82
64 82 82
64 85 98
64 86 99
64 87 75
64 88 11
64 89 31
64 90 11
64 92 20
64 93 79
64 97 65
64 98 65
64 100 49
64 102 71
64 103 25
64 105 80
64 111 31
64 112 60
64 113 81
64 114 18
64 118 68
64 119 6
64 121 19
64 125 39
64 129 86
64 132 53
64 137 92
64 146 31
64 147 66
64 148 88
64 149 13
65 69 9
65 71 13
65 75 51
65 76 61
65 83 35
65 84 59
65 85 88
65 86 93
65 89 54
65 90 99
65 92 59
65 94 81
65 98 36
65 99 50
65 100 83
65 104 100
65 105 9
65 106 55
65 113 53
65 114 18
65 117 62
65 122 17
65 124 61
65 125 85
65 126 83
65 130 57
65 145 45
65 147 61
65 149 17
65 150 41
66 69 19
66 74 59
66 76 99
66 78 80
66 85 88
66 87 7
66 89 81
66 90 54
66 91 83
66 94 47
66 98 26
66 102 28
66 104 50
66 107 80
66 109 36
66 110 33
66 112 7
66 115 49
66 116 81
66 119 34
66 121 22
66 130 98
66 132 82
66 135 61
66 136 73
66 137 71
66 140 21
66 141 87
66 144 9
67 69 19
67 71 12
67 72 23
67 74 29
67 77 29
67 78 7
67 79 41
67 80 64
67 81 17
67 87 24
67 89 56
67 92 99
67 94 85
67 95 99
67 98 16
67 99 13
67 102 38
67 103 78
67 105 51
67 107 55
67 108 27
67 111 97
67 117 2
67 119 61
67 120 36
67 125 96
67 130 68
67 132 67
67 136 61
67 137 60
67 138 16
67 140 60
67 141 25
67 143 67
67 144 81
67 145 98
67 147 10
67 148 100
67 149 79
67 150 59
68 71 78
68 72 17
68 76 81
68 77 86
68 81 48
68 82 93
68 84 33
68 85 95
68 86 91
68 88 45
68 90 38
68 92 43
68 93 32
68 96 26
68 99 1
68 101 76
68 102 22
68 106 97
68 114 33
68 115 69
68 116 72
68 118 79
68 119 6
68 121 27
68 122 79
68 125 15
68 127 25
68 129 56
68 130 54
68 135 53
68 136 53
68 140 34
68 142 74
68 144 16
68 150 41
69 70 73
69 72 86
69 73 89
69 82 69
69 84 42
69 86 96
69 87 13
69 88 22
69 89 81
69 92 80
69 93 77
69 94 6
69 97 99
69 98 37
69 100 53
69 101 98
69 104 24
69 106 76
69 111 45
69 113 64
69 116 54
69 119 34
69 121 10
69 123 80
69 125 71
69 126 29
69 127 83
69 128 85
69 130 4
69 131 84
69 136 84
69 138 27
69 145 42
69 148 56
70 76 25
70 78 20
70 82 13
70 84 43
70 90 55
70 92 3
70 94 46
70 96 30
70 99 96
70 102 95
70 105 22
70 107 52
70 109 94
70 113 16
70 114 97
70 118 36
70 120 98
70 123 35
70 128 53
70 131 9
70 132 4
70 134 65
70 137 74
70 139 59
70 150 11
71 74 64
71 78 51
71 79 11
71 80 94
71 81 32
71 82 41
71 83 98
71 85 38
71 86 92
71 89 91
71 91 3
71 92 82
71 95 9
71 96 51
71 98 8
71 103 67
71 106 13
71 108 61
71 111 12
71 115 58
71 116 3
71 117 67
71 121 16
71 122 44
71 126 59
71 127 34
71 128 38
71 130 65
71 133 99
71 135 30
71 136 94
71 137 14
71 139 90
71 142 44
71 143 54
71 145 19
71 146 73
71 147 97
71 148 34
71 149 1
72 76 28
72 80 31
72 83 83
72 84 84
72 86 33
72 87 98
72 90 48
72 97 62
72 103 37
72 105 7
72 107 88
72 109 31
72 111 82
72 112 89
72 113 70
72 115 42
72 116 5
72 118 79
72 119 40
72 120 24
72 126 61
72 129 80
72 132 13
72 135 68
72 136 83
72 139 16
72 140 8
72 141 100
72 142 87
72 144 83
72 145 59
72 146 18
72 148 58
72 150 94
73 74 86
73 75 81
73 80 9
73 84 86
73 85 4
73 87 80
73 88 52
73 89 44
73 91 50
73 96 36
73 101 68
73 102 8
73 103 21
73 108 36
73 112 72
73 115 49
73 118 63
73 120 85
73 121 42
73 128 77
73 130 24
73 132 16
73 134 60
73 136 20
73 138 91
73 139 59
73 141 55
73 146 83
73 148 68
74 78 25
74 79 51
74 80 65
74 86 44
74 87 53
74 88 13
74 91 32
74 93 58
74 95 31
74 97 95
74 108 21
74 110 85
74 113 89
74 114 13
74 116 4
74 117 5
74 118 80
74 122 34
74 123 75
74 127 49
74 129 13
74 130 97
74 131 45
74 139 9
74 142 83
74 143 99
74 144 93
74 148 94
74 149 35
74 150 62
75 82 33
75 87 4
75 88 45
75 89 98
75 92 46
75 100 40
75 102 90
75 103 72
75 106 35
75 107 4
75 111 3
75 112 26
75 120 64
75 124 62
75 125 62
75 131 47
75 132 17
75 139 31
75 146 80
75 147 30
75 149 84
76 79 91
76 80 43
76 83 18
76 85 100
76 87 80
76 88 83
76 89 96
76 95 31
76 100 72
76 106 88
76 110 29
76 112 87
76 113 82
76 116 24
76 118 67
76 119 35
76 122 76
76 125 37
76 133 9
76 138 79
76 139 13
76 140 82
76 142 36
76 144 71
76 145 64
76 146 81
76 150 18
77 78 95
77 80 54
77 81 74
77 88 94
77 91 60
77 93 35
77 97 44
77 98 55
77 100 2
77 102 62
77 108 33
77 111 34
77 112 97
77 113 95
77 117 73
77 119 51
77 122 9
77 124 28
77 128 50
77 129 64
77 132 17
77 136 54
77 140 7
77 141 71
77 145 68
77 146 62
77 148 87
77 149 83
77 150 3
78 79 11
78 84 57
78 85 45
78 86 3
78 87 28
78 91 68
78 95 91
78 97 98
78 106 27
78 108 69
78 109 75
78 110 17
78 111 77
78 116 78
78 119 2
78 122 70
78 129 51
78 131 100
78 132 10
78 134 10
78 135 17
78 138 2
78 141 39
78 143 12
78 144 25
78 146 90
78 147 14
78 148 17
78 149 37
79 80 57
79 83 98
79 89 95
79 90 51
79 91 24
79 92 79
79 94 84
79 96 63
79 98 23
79 99 57
79 100 68
79 101 97
79 104 95
79 110 78
79 111 50
79 113 51
79 116 25
79 120 13
79 121 62
79 124 22
79 126 63
79 131 41
79 132 1
79 134 33
79 138 77
79 141 71
79 143 60
79 144 90
79 145 58
79 147 38
79 150 75
80 81 77
80 82 45
80 83 80
80 85 56
80 87 17
80 90 67
80 94 98
80 96 15
80 97 20
80 103 65
80 107 50
80 108 83
80 112 41
80 114 19
80 115 68
80 120 16
80 121 5
80 122 89
80 123 84
80 124 81
80 135 88
80 137 49
80 139 77
80 140 69
80 148 29
80 150 67
81 82 94
81 83 78
81 84 79
81 86 56
81 88 7
81 89 7
81 90 32
81 92 78
81 94 81
81 98 40
81 99 90
81 100 91
81 107 76
81 108 11
81 110 28
81 112 20
81 113 38
81 114 49
81 120 46
81 122 56
81 127 69
81 128 18
81 142 3
81 144 25
81 146 26
81 147 75
81 148 66
81 149 72
81 150 8
82 84 13
82 90 50
82 92 53
82 98 12
82 101 26
82 102 79
82 104 74
82 105 15
82 110 32
82 113 99
82 114 67
82 115 6
82 116 76
82 120 46
82 123 74
82 124 93
82 127 13
82 128 2
82 129 23
82 131 80
82 133 25
82 134 49
82 137 34
82 140 61
82 141 62
82 143 100
82 144 76
82 146 39
82 149 86
83 84 74
83 88 33
83 90 65
83 92 29
83 96 82
83 101 86
83 103 36
83 104 28
83 107 64
83 108 63
83 109 3
83 113 16
83 116 49
83 119 6
83 120 30
83 122 20
83 123 87
83 125 18
83 129 47
83 131 3
83 132 31
83 134 55
83 135 49
83 137 11
83 139 33
83 140 87
83 141 9
83 143 81
83 145 16
83 146 4
83 148 82
83 149 75
84 86 14
84 88 19
84 89 5
84 90 83
84 92 3
84 93 56
84 97 22
84 98 4
84 101 19
84 102 27
84 104 15
84 105 54
84 106 50
84 109 2
84 111 27
84 113 9
84 115 41
84 117 85
84 119 41
84 125 67
84 127 36
84 129 73
84 131 97
84 133 12
84 134 64
84 135 21
84 137 14
84 141 39
84 142 5
84 143 8
84 145 90
84 146 55
84 147 70
84 148 34
85 86 28
85 88 2
85 90 2
85 92 10
85 94 6
85 98 35
85 99 79
85 100 7
85 102 4
85 106 57
85 108 5
85 109 5
85 110 93
85 111 89
85 113 76
85 116 65
85 117 31
85 119 69
85 126 45
85 128 37
85 132 69
85 135 73
85 137 46
85 138 17
85 142 29
85 145 83
85 146 37
85 150 53
86 91 72
86 92 3
86 94 79
86 96 15
86 98 60
86 102 70
86 103 46
86 105 39
86 108 83
86 109 29
86 113 56
86 115 14
86 117 94
86 120 72
86 121 38
86 122 82
86 123 44
86 124 3
86 127 98
86 129 31
86 135 54
86 138 31
86 139 34
86 144 49
86 145 62
86 147 100
86 150 88
87 88 97
87 91 83
87 93 27
87 97 86
87 99 12
87 104 12
87 106 59
87 108 71
87 109 86
87 113 18
87 114 26
87 119 53
87 120 32
87 121 1
87 124 31
87 125 94
87 129 52
87 131 82
87 141 24
87 142 96
87 146 16
87 148 44
88 91 40
88 96 9
88 102 55
88 104 48
88 106 23
88 107 72
88 108 4
88 109 63
88 112 26
88 115 93
88 117 70
88 120 28
88 123 54
88 125 95
88 127 88
88 130 88
88 131 51
88 134 7
88 136 45
88 137 33
88 140 78
88 141 99
88 143 42
88 146 14
88 147 29
88 148 96
89 90 81
89 91 46
89 97 17
89 103 21
89 105 42
89 106 50
89 107 31
89 110 82
89 111 13
89 112 48
89 113 62
89 114 30
89 116 7
89 117 16
89 120 5
89 123 92
89 125 10
89 126 52
89 128 15
89 130 7
89 131 42
89 132 33
89 135 88
89 137 22
89 140 80
89 142 19
89 143 87
89 147 86
89 148 29
89 149 92
89 150 7
90 91 18
90 93 10
90 95 95
90 102 90
90 104 36
90 106 48
90 109 91
90 110 23
90 112 31
90 118 36
90 119 76
90 121 60
90 123 19
90 126 58
90 128 29
90 133 35
90 134 62
90 135 35
90 136 92
90 138 77
90 139 71
90 142 79
90 145 43
90 147 19
90 148 89
90 150 92
91 94 91
91 96 22
91 98 13
91 99 73
91 101 68
91 102 60
91 103 70
91 104 40
91 105 78
91 107 54
91 108 88
91 117 22
91 118 23
91 121 16
91 122 79
91 124 49
91 125 1
91 127 97
91 130 58
91 134 72
91 137 56
91 138 59
91 142 47
91 143 68
91 145 14
91 150 60
92 93 25
92 94 67
92 95 70
92 97 9
92 106 49
92 107 33
92 111 87
92 113 21
92 114 20
92 115 78
92 117 46
92 119 38
92 120 47
92 122 56
92 123 10
92 124 49
92 131 91
92 132 7
92 142 61
92 144 83
92 145 6
92 148 61
92 149 48
92 150 33
93 94 9
93 95 95
93 97 81
93 102 83
93 104 30
93 108 98
93 110 87
93 111 6
93 113 93
93 114 9
93 117 74
93 118 52
93 123 95
93 128 23
93 129 14
93 131 15
93 134 41
93 137 55
93 143 13
93 145 54
93 147 16
93 149 81
94 96 70
94 99 5
94 102 28
94 105 15
94 115 51
94 116 51
94 117 78
94 119 14
94 121 14
94 122 40
94 123 7
94 124 20
94 125 81
94 127 45
94 132 61
94 138 93
94 142 75
94 143 89
94 145 85
94 148 67
95 96 90
95 97 18
95 98 65
95 101 32
95 103 3
95 104 13
95 106 83
95 112 81
95 113 97
95 117 91
95 120 18
95 121 31
95 125 89
95 126 89
95 129 23
95 130 42
95 133 19
95 136 98
95 137 3
95 138 94
95 140 91
95 143 72
95 144 27
95 145 85
95 147 40
95 148 22
96 100 22
96 101 19
96 103 55
96 104 72
96 108 18
96 109 21
96 111 52
96 112 72
96 117 8
96 119 29
96 120 13
96 124 9
96 126 26
96 127 79
96 128 32
96 129 3
96 131 78
96 139 31
96 144 29
96 146 5
96 149 12
96 150 52
97 99 94
97 101 27
97 103 65
97 115 24
97 117 16
97 118 61
97 119 82
97 120 59
97 122 13
97 123 7
97 125 44
97 128 76
97 130 91
97 136 57
97 138 98
97 140 21
97 147 96
97 150 33
98 99 13
98 100 33
98 104 96
98 105 66
98 107 21
98 108 21
98 110 89
98 115 82
98 117 98
98 121 32
98 125 36
98 126 84
98 127 12
98 130 20
98 132 91
98 133 56
98 136 28
98 137 55
98 139 15
98 140 91
98 141 47
98 142 37
98 143 62
98 145 63
98 148 60
98 149 53
99 100 72
99 102 92
99 106 60
99 107 85
99 108 46
99 109 4
99 110 67
99 114 14
99 115 64
99 116 29
99 117 67
99 119 18
99 120 17
99 121 33
99 123 46
99 128 80
99 130 99
99 131 54
99 135 5
99 137 58
99 138 7
99 142 22
99 144 70
99 145 75
99 146 10
99 147 87
99 148 40
99 150 78
100 101 58
100 104 19
100 107 19
100 108 92
100 113 8
100 116 81
100 118 33
100 124 59
100 126 12
100 127 9
100 129 93
100 130 66
100 132 21
100 136 16
100 138 60
100 139 20
100 141 11
100 147 12
100 149 53
100 150 30
101 106 45
101 107 24
101 108 26
101 109 43
101 113 24
101 114 46
101 115 8
101 116 82
101 119 27
101 120 69
101 121 66
101 122 11
101 123 71
101 124 37
101 127 50
101 129 57
101 131 11
101 134 17
101 135 53
101 140 98
101 144 49
101 145 73
101 146 67
101 150 83
102 103 44
102 106 96
102 108 70
102 111 76
102 112 31
102 118 47
102 119 45
102 120 27
102 124 99
102 127 25
102 128 32
102 130 23
102 132 4
102 133 3
102 136 89
102 137 16
102 139 18
102 140 57
102 143 4
102 145 69
102 146 75
103 104 43
103 109 37
103 111 9
103 119 26
103 121 49
103 123 65
103 126 85
103 129 64
103 131 92
103 132 68
103 133 5
103 136 100
103 137 92
103 141 37
103 142 85
103 143 90
103 144 11
103 146 16
103 148 75
104 109 18
104 115 71
104 117 82
104 119 9
104 124 92
104 125 6
104 128 72
104 130 67
104 132 11
104 134 98
104 139 40
104 141 62
104 142 21
104 144 32
105 113 23
105 114 9
105 117 19
105 118 52
105 119 39
105 121 77
105 122 11
105 134 46
105 136 70
105 137 80
105 140 87
105 142 86
105 144 52
105 145 82
105 148 11
105 149 36
105 150 32
106 108 79
106 110 97
106 112 96
106 119 84
106 120 100
106 122 82
106 125 96
106 130 30
106 131 15
106 133 64
106 134 92
106 136 86
106 137 51
106 138 78
106 139 17
106 140 73
106 144 24
106 145 36
106 149 27
107 108 89
107 114 45
107 117 27
107 120 30
107 124 7
107 125 1
107 126 62
107 127 80
107 130 69
107 132 24
107 134 16
107 137 42
107 138 81
107 142 32
107 146 42
108 110 60
108 116 58
108 119 68
108 128 32
108 129 86
108 132 49
108 133 76
108 137 28
108 138 89
108 140 10
108 143 10
108 145 6
108 146 8
108 147 23
108 149 30
108 150 61
109 110 61
109 112 47
109 114 27
109 116 20
109 120 31
109 124 18
109 125 18
109 126 78
109 130 6
109 131 96
109 136 62
109 137 35
109 138 7
109 140 56
109 141 98
109 150 19
110 111 40
110 115 26
110 118 78
110 119 9
110 120 88
110 128 41
110 130 5
110 133 95
110 141 87
110 146 46
110 149 94
111 112 68
111 115 38
111 116 9
111 117 66
111 118 100
111 119 55
111 125 33
111 130 45
111 131 24
111 133 42
111 135 64
111 142 18
111 146 86
111 147 96
112 114 61
112 115 79
112 116 63
112 118 2
112 126 25
112 127 72
112 141 64
112 143 91
112 145 45
112 146 95
112 147 79
112 148 41
113 114 60
113 115 3
113 118 35
113 119 89
113 125 98
113 126 99
113 128 21
113 129 25
113 131 64
113 132 79
113 135 65
113 136 94
113 138 98
113 141 26
113 147 9
114 116 52
114 117 33
114 120 92
114 122 51
114 126 8
114 129 78
114 133 1
114 138 57
114 139 55
114 143 20
114 146 91
114 147 18
114 149 87
115 118 78
115 119 62
115 122 41
115 124 97
115 125 30
115 126 75
115 130 73
115 131 32
115 135 74
115 136 35
115 144 5
115 145 25
115 148 41
116 123 99
116 127 4
116 128 12
116 130 75
116 131 91
116 138 59
116 140 22
116 147 60
117 118 14
117 119 62
117 128 93
117 130 70
117 131 68
117 132 85
117 136 39
117 137 37
117 138 13
117 141 99
117 142 94
117 145 10
117 147 1
118 120 96
118 121 63
118 123 98
118 132 26
118 137 54
118 138 98
118 139 71
118 142 3
118 143 46
118 146 89
118 147 56
118 148 58
118 150 1
119 120 55
119 121 9
119 126 84
119 128 33
119 136 47
119 137 8
119 139 7
119 140 7
119 143 26
119 144 53
119 150 97
120 121 38
120 125 53
120 126 47
120 127 18
120 128 14
120 130 86
120 131 44
120 132 66
120 133 27
120 138 81
120 140 16
120 141 49
120 142 68
120 146 10
120 149 22
120 150 62
121 122 18
121 123 27
121 124 67
121 131 33
121 132 96
121 134 90
121 136 64
121 137 15
121 138 1
121 140 43
121 142 37
121 145 69
121 146 9
121 147 49
121 148 100
122 124 43
122 132 16
122 135 90
122 141 25
122 144 99
123 124 56
123 127 75
123 131 88
123 132 16
123 136 48
123 137 95
123 138 68
123 140 87
123 141 81
123 142 12
123 143 43
123 146 61
123 149 97
124 125 38
124 128 16
124 132 34
124 133 23
124 135 94
124 137 59
124 139 91
124 143 81
124 146 84
124 148 76
125 128 82
125 135 1
125 136 15
125 137 5
125 138 13
125 139 46
125 142 56
125 146 77
126 136 94
126 140 42
126 141 36
126 142 2
126 143 15
126 144 75
126 145 79
126 147 7
126 148 73
126 149 47
126 150 4
127 129 9
127 131 85
127 136 16
127 138 51
127 141 70
127 143 24
127 144 56
127 148 38
127 149 13
128 130 83
128 131 57
128 134 3
128 135 56
128 137 37
128 138 5
128 141 70
128 145 80
128 149 31
128 150 93
129 130 47
129 145 84
129 146 21
130 131 11
130 134 98
130 135 94
130 141 7
130 142 11
130 145 85
130 146 19
130 148 61
130 149 61
131 132 40
131 133 47
131 134 39
131 140 100
131 142 51
131 143 34
131 146 96
131 150 46
132 138 70
132 139 59
132 141 30
132 143 41
133 134 59
133 136 97
133 137 95
133 138 41
133 140 18
133 142 90
133 143 79
133 144 34
133 147 15
133 150 73
134 136 90
134 137 91
134 140 7
134 144 84
134 145 6
134 147 75
134 148 97
134 150 86
135 137 38
135 138 94
135 139 91
135 141 92
135 143 16
135 147 68
135 149 32
136 138 61
136 140 61
136 141 55
136 142 83
136 145 45
136 146 12
136 147 82
136 150 36
137 141 55
137 146 35
137 148 2
138 140 99
138 143 6
138 145 93
138 147 15
138 148 9
138 149 62
139 140 24
139 142 82
139 146 78
139 147 33
140 141 37
140 142 36
140 146 19
140 147 78
140 149 71
141 142 14
141 146 35
141 148 24
142 146 48
142 149 27
143 145 7
143 148 49
144 147 23
145 146 5
145 147 73
146 148 86
146 149 19
147 148 73
148 150 32
1 5 58
1 6 34
1 7 19
1 10 89
1 13 44
1 16 52
1 20 29
1 21 24
1 22 45
1 28 66
1 34 37
1 35 8
1 36 78
1 47 25
1 48 55
1 63 11
1 65 73
1 66 25
1 67 26
1 68 29
1 77 98
1 80 52
1 81 78
1 82 7
1 84 47
1 85 74
1 92 22
1 97 96
1 99 53
1 100 31
1 106 99
1 107 4
1 108 75
1 110 55
1 113 54
1 115 51
1 117 24
1 120 74
1 121 44
1 122 20
1 129 93
1 131 42
1 137 40
1 138 63
1 141 72
1 146 17
1 148 84
1 149 76
1 150 93
2 3 94
2 5 36
2 10 52
2 11 68
2 15 97
2 16 63
2 24 8
2 27 94
2 29 34
2 30 97
2 31 12
2 34 44
2 35 55
2 36 21
2 38 77
2 39 47
2 42 23
2 43 65
2 44 51
2 47 18
2 49 50
2 53 44
2 57 89
2 58 4
2 61 62
2 62 6
2 66 89
2 67 20
2 70 17
2 71 47
2 72 93
2 74 32
2 75 26
2 76 67
2 78 3
2 84 39
2 86 90
2 91 58
2 95 15
2 102 79
2 103 80
2 106 79
2 107 51
2 108 28
2 109 4
2 110 20
2 111 99
2 112 11
2 114 46
2 115 55
2 116 22
2 117 53
2 121 52
2 128 27
2 129 91
2 130 90
2 132 16
2 135 71
2 146 13
2 148 28
2 150 64
3 4 90
3 5 89
3 6 74
3 8 65
3 9 16
3 11 56
3 12 95
3 19 49
3 20 59
3 23 69
3 24 99
3 25 40
3 28 19
3 31 82
3 36 35
3 37 58
3 41 66
3 44 50
3 45 43
3 46 48
3 48 25
3 51 3
3 57 56
3 58 90
3 60 20
3 63 77
3 64 25
3 67 18
3 70 43
3 71 71
3 72 61
3 74 53
3 77 75
3 79 33
3 80 81
3 82 17
3 83 38
3 86 24
3 89 27
3 91 9
3 97 97
3 99 58
3 100 79
3 101 17
3 104 86
3 105 11
3 112 11
3 114 37
3 120 72
3 123 68
3 124 61
3 125 83
3 129 22
3 130 12
3 135 30
3 139 33
3 142 87
3 143 47
3 146 18
3 147 37
3 149 13
3 150 84
4 6 28
4 7 83
4 9 53
4 12 97
4 13 51
4 14 16
4 15 70
4 17 81
4 19 16
4 25 52
4 29 99
4 31 12
4 36 33
4 37 47
4 40 12
4 44 71
4 47 10
4 49 8
4 54 30
4 55 58
4 57 36
4 58 15
4 59 88
4 61 85
4 63 8
4 64 77
4 68 56
4 69 12
4 70 10
4 73 65
4 78 86
4 79 22
4 80 96
4 81 1
4 89 89
4 90 30
4 92 93
4 94 65
4 98 53
4 100 29
4 101 63
4 102 82
4 108 23
4 111 49
4 117 90
4 118 71
4 123 96
4 125 54
4 126 35
4 127 3
4 128 70
4 129 14
4 130 77
4 132 91
4 134 63
4 137 47
4 141 16
4 142 80
4 144 4
4 146 32
4 148 73
4 150 98
5 6 20
5 10 22
5 12 71
5 14 75
5 16 56
5 17 26
5 19 33
5 20 49
5 25 40
5 26 71
5 28 67
5 29 98
5 34 53
5 35 10
5 36 85
5 37 7
5 43 51
5 45 39
5 46 72
5 48 25
5 51 80
5 52 79
5 53 36
5 54 37
5 57 53
5 58 50
5 60 19
5 61 66
5 66 90
5 68 45
5 76 12
5 77 40
5 79 98
5 82 72
5 87 94
5 93 60
5 94 71
5 97 63
5 98 41
5 99 82
5 103 75
5 105 86
5 106 74
5 107 94
5 108 42
5 109 28
5 113 7
5 114 73
5 117 58
5 121 80
5 122 47
5 123 77
5 124 31
5 125 71
5 130 80
5 136 17
5 137 21
5 138 48
5 140 11
5 143 9
5 145 21
5 148 47
6 7 25
6 11 72
6 12 46
6 15 19
6 16 47
6 19 61
6 20 4
6 23 19
6 28 53
6 29 4
6 32 50
6 35 41
6 36 11
6 38 10
6 41 20
6 44 41
6 45 53
6 51 10
6 53 4
6 55 10
6 56 71
6 59 40
6 63 29
6 64 5
6 66 49
6 68 12
6 72 85
6 74 99
6 75 19
6 77 57
6 78 7
6 80 31
6 82 28
6 91 97
6 92 94
6 93 86
6 94 19
6 95 50
6 101 81
6 103 93
6 106 27
6 110 79
6 111 29
6 113 88
6 115 97
6 121 72
6 126 87
6 129 45
6 131 10
6 138 39
6 139 37
6 140 75
6 142 94
6 148 74
7 9 91
7 10 49
7 15 19
7 17 77
7 20 93
7 22 33
7 23 96
7 27 50
7 34 73
7 35 41
7 40 82
7 43 76
7 47 23
7 51 80
7 54 33
7 58 66
7 64 39
7 69 33
7 72 66
7 75 26
7 79 51
7 87 45
7 88 31
7 89 15
7 95 28
7 96 10
7 101 62
7 103 90
7 104 33
7 106 36
7 108 64
7 109 20
7 110 31
7 111 67
7 113 7
7 114 16
7 115 81
7 118 84
7 120 84
7 122 81
7 125 12
7 128 31
7 129 54
7 131 56
7 132 9
7 133 6
7 134 36
7 135 41
7 138 83
7 143 1
7 145 9
7 147 85
7 148 62
7 150 30
8 11 58
8 15 16
8 22 48
8 23 86
8 25 56
8 26 72
8 30 52
8 34 73
8 36 56
8 38 74
8 40 89
8 44 50
8 49 43
8 55 83
8 56 1
8 71 62
8 74 31
8 76 11
8 78 74
8 85 40
8 86 52
8 87 1
8 91 79
8 94 29
8 96 95
8 100 34
8 106 13
8 114 75
8 117 4
8 119 91
8 122 36
8 123 35
8 125 99
8 126 6
8 127 83
8 129 36
8 130 4
8 133 31
8 134 71
8 136 53
8 139 31
8 140 79
8 142 84
8 143 47
8 145 78
8 146 78
8 147 91
8 148 65
9 10 90
9 11 63
9 12 100
9 15 37
9 17 71
9 20 51
9 29 4
9 31 98
9 39 14
9 43 81
9 46 8
9 47 50
9 48 82
9 49 40
9 51 3
9 52 7
9 58 78
9 60 90
9 65 39
9 67 64
9 68 33
9 69 15
9 73 8
9 74 14
9 77 7
9 83 65
9 84 54
9 85 60
9 90 4
9 91 94
9 94 32
9 95 35
9 98 83
9 99 60
9 101 18
9 104 38
9 108 80
9 109 12
9 110 90
9 111 11
9 115 14
9 125 12
9 129 12
9 130 20
9 132 41
9 133 17
9 136 66
9 140 32
9 149 96
9 150 93
10 11 62
10 15 6
10 16 84
10 17 73
10 18 42
10 19 76
10 20 89
10 21 10
10 23 29
10 27 49
10 28 37
10 29 51
10 35 8
10 36 38
10 40 26
10 42 29
10 43 11
10 50 68
10 51 70
10 54 33
10 57 34
10 59 22
10 61 19
10 62 44
10 64 79
10 68 7
10 74 9
10 75 54
10 76 60
10 79 97
10 86 47
10 87 69
10 89 100
10 91 83
10 93 1
10 95 98
10 96 14
10 97 30
10 100 77
10 103 99
10 105 13
10 109 98
10 114 77
10 120 59
10 122 40
10 127 23
10 129 58
10 134 83
10 139 40
10 145 99
10 148 89
10 150 74
11 13 16
11 17 5
11 21 47
11 25 58
11 27 19
11 28 88
11 30 20
11 33 34
11 34 11
11 36 51
11 40 2
11 49 60
11 50 97
11 57 47
11 58 27
11 61 16
11 65 43
11 66 38
11 67 38
11 68 88
11 72 21
11 75 3
11 76 92
11 80 11
11 81 95
11 82 88
11 83 29
11 89 61
11 93 68
11 94 31
11 97 30
11 99 68
11 104 43
11 105 51
11 107 44
11 108 5
11 109 44
11 111 71
11 114 89
11 115 98
11 116 64
11 119 40
11 123 17
11 127 77
11 128 49
11 129 74
11 130 97
11 132 98
11 134 41
11 137 12
11 142 62
11 143 22
11 145 79
11 148 39
12 15 11
12 21 40
12 22 50
12 23 16
12 24 22
12 25 28
12 26 53
12 29 84
12 32 30
12 34 4
12 36 68
12 39 92
12 41 21
12 44 65
12 45 42
12 46 78
12 50 58
12 51 62
12 53 98
12 54 74
12 61 52
12 63 43
12 64 40
12 65 86
12 66 67
12 67 19
12 68 59
12 69 73
12 71 33
12 72 37
12 79 44
12 80 43
12 83 15
12 84 38
12 86 22
12 89 31
12 92 18
12 95 31
12 97 55
12 98 36
12 100 86
12 102 52
12 106 8
12 107 33
12 108 77
12 110 17
12 111 62
12 112 90
12 118 48
12 128 80
12 129 82
12 130 62
12 132 43
12 133 37
12 136 2
12 137 11
12 139 89
12 143 15
12 144 32
12 145 60
12 147 100
12 148 42
12 149 66
12 150 24
13 20 37
13 22 59
13 25 42
13 28 14
13 30 43
13 33 53
13 35 83
13 37 36
13 41 13
13 43 15
13 44 5
13 47 12
13 52 9
13 58 39
13 62 39
13 63 10
13 65 35
13 66 37
13 67 45
13 69 23
13 70 63
13 73 64
13 77 15
13 78 98
13 79 92
13 81 92
13 85 43
13 86 19
13 88 37
13 89 18
13 90 77
13 92 41
13 95 72
13 98 33
13 100 7
13 101 44
13 102 93
13 105 33
13 110 5
13 111 34
13 113 11
13 114 95
13 116 28
13 118 38
13 122 60
13 123 94
13 125 88
13 129 71
13 130 73
13 131 73
13 132 83
13 133 50
13 134 47
13 135 36
13 139 18
13 144 7
13 146 97
13 147 68
13 150 27
14 15 68
14 18 64
14 20 4
14 21 17
14 22 30
14 24 72
14 31 62
14 33 57
14 38 69
14 41 79
14 42 27
14 43 41
14 44 25
14 46 79
14 49 90
14 52 94
14 55 33
14 58 87
14 59 93
14 62 70
14 64 49
14 66 38
14 68 92
14 69 48
14 71 76
14 73 78
14 80 85
14 83 34
14 84 18
14 90 87
14 91 97
14 96 61
14 98 78
14 102 53
14 103 54
14 105 34
14 109 44
14 111 64
14 114 58
14 116 5
14 119 19
14 120 84
14 123 60
14 130 47
14 131 74
14 134 58
14 141 79
14 144 77
14 148 19
14 149 20
14 150 48
15 16 35
15 17 92
15 21 40
15 23 54
15 29 1
15 31 68
15 33 11
15 36 67
15 37 77
15 38 31
15 39 6
15 41 36
15 42 100
15 43 87
15 45 85
15 47 28
15 50 3
15 51 82
15 58 20
15 59 43
15 62 21
15 66 79
15 67 59
15 70 8
15 78 94
15 79 32
15 81 11
15 82 70
15 83 21
15 85 20
15 87 15
15 90 34
15 91 29
15 98 5
15 99 58
15 101 78
15 102 87
15 104 75
15 105 68
15 106 78
15 108 30
15 118 82
15 120 71
15 127 75
15 128 71
15 129 89
15 130 33
15 132 27
15 133 70
15 135 61
15 136 81
15 137 3
15 138 99
15 139 78
15 141 41
15 142 55
15 143 90
15 144 27
15 146 68
15 149 36
15 150 45
16 17 98
16 20 92
16 24 14
16 27 25
16 28 8
16 31 45
16 33 5
16 36 94
16 40 75
16 41 60
16 44 99
16 48 48
16 50 76
16 51 7
16 52 28
16 53 28
16 55 68
16 56 72
16 57 31
16 58 35
16 60 41
16 61 32
16 63 5
16 64 43
16 72 50
16 74 14
16 76 43
16 78 47
16 82 20
16 85 80
16 86 5
16 87 74
16 89 29
16 91 78
16 92 92
16 93 76
16 94 69
16 102 47
16 107 48
16 112 57
16 113 4
16 123 11
16 127 23
16 128 45
16 129 11
16 132 69
16 134 21
16 136 55
16 137 82
16 141 16
16 142 2
16 143 18
16 144 4
16 145 100
16 146 56
16 147 42
16 148 30
16 149 5
17 18 100
17 19 13
17 20 60
17 22 28
17 28 13
17 29 32
17 30 95
17 31 29
17 33 49
17 35 24
17 36 5
17 37 48
17 38 84
17 43 50
17 44 64
17 45 38
17 46 48
17 50 36
17 52 38
17 53 80
17 54 99
17 55 44
17 57 82
17 58 9
17 61 80
17 63 7
17 65 66
17 67 66
17 70 21
17 71 58
17 77 84
17 84 55
17 85 5
17 87 81
17 88 20
17 90 34
17 93 10
17 94 94
17 98 69
17 100 26
17 108 4
17 109 12
17 119 13
17 121 89
17 122 1
17 124 88
17 126 39
17 129 68
17 131 15
17 132 9
17 140 100
17 142 19
17 143 52
17 144 43
17 145 20
18 19 19
18 20 13
18 23 100
18 24 75
18 30 29
18 37 61
18 40 94
18 41 26
18 43 74
18 48 58
18 50 15
18 54 29
18 56 11
18 57 15
18 59 60
18 62 21
18 63 97
18 71 31
18 72 58
18 75 32
18 76 34
18 78 85
18 80 12
18 82 72
18 85 27
18 90 97
18 93 37
18 96 58
18 97 11
18 99 1
18 100 63
18 102 43
18 103 44
18 106 2
18 107 44
18 109 91
18 110 75
18 114 85
18 116 95
18 117 55
18 118 64
18 125 29
18 129 97
18 133 76
18 136 90
18 137 9
18 143 31
19 27 19
19 28 72
19 29 68
19 31 89
19 32 63
19 34 80
19 37 68
19 41 45
19 42 85
19 47 36
19 49 3
19 51 76
19 53 59
19 54 63
19 56 98
19 58 17
19 63 69
19 65 68
19 67 91
19 68 28
19 72 21
19 74 6
19 75 20
19 78 11
19 85 56
19 86 89
19 90 70
19 91 99
19 92 84
19 93 59
19 94 20
19 95 16
19 97 46
19 98 65
19 99 33
19 102 47
19 106 36
19 109 6
19 110 56
19 111 67
19 113 59
19 114 61
19 115 79
19 120 10
19 123 49
19 124 81
19 127 90
19 129 3
19 130 53
19 132 80
19 135 96
19 141 45
19 143 70
19 145 1
19 147 85
20 21 44
20 23 31
20 27 75
20 28 2
20 29 66
20 30 89
20 32 55
20 34 46
20 35 42
20 38 89
20 39 16
20 40 89
20 42 49
20 44 26
20 45 92
20 46 83
20 47 54
20 49 82
20 50 17
20 51 58
20 52 51
20 56 51
20 57 19
20 58 37
20 59 2
20 60 96
20 62 18
20 64 96
20 69 43
20 71 12
20 75 74
20 78 40
20 88 46
20 90 72
20 92 32
20 93 32
20 99 34
20 102 27
20 110 72
20 111 45
20 113 17
20 119 36
20 120 14
20 122 20
20 124 5
20 126 13
20 129 100
20 131 98
20 132 50
20 135 64
20 136 50
20 139 60
20 140 2
20 148 26
20 150 13
21 25 17
21 28 94
21 31 80
21 34 47
21 36 58
21 39 1
21 40 24
21 43 5
21 46 24
21 47 9
21 48 58
21 51 89
21 52 74
21 53 11
21 56 47
21 57 45
21 59 81
21 61 33
21 63 9
21 64 46
21 70 26
21 71 61
21 73 1
21 75 92
21 77 92
21 79 78
21 84 25
21 85 79
21 87 10
21 90 43
21 93 78
21 95 18
21 99 50
21 101 14
21 102 54
21 104 82
21 109 71
21 124 3
21 126 31
21 127 55
21 129 56
21 130 41
21 132 37
21 133 65
21 134 92
21 136 90
21 142 90
22 24 14
22 26 47
22 28 66
22 30 35
22 31 90
22 38 72
22 42 53
22 45 91
22 48 29
22 52 73
