150 10058 1
1 2 74
1 3 23
1 9 4
1 12 27
1 14 31
1 15 3
1 17 91
1 20 1
1 21 62
1 26 95
1 29 27
1 30 65
1 33 54
1 35 53
1 36 11
1 38 28
1 40 49
1 43 28
1 44 18
1 45 84
1 46 16
1 50 20
1 51 80
1 57 77
1 58 83
1 59 14
1 62 84
1 63 30
1 65 54
1 71 81
1 72 11
1 73 65
1 75 78
1 77 98
1 79 71
1 82 91
1 87 80
1 89 24
1 91 58
1 94 84
1 97 36
1 99 59
1 101 69
1 103 27
1 104 71
1 105 41
1 106 57
1 109 30
1 110 83
1 111 37
1 112 89
1 115 97
1 116 8
1 119 23
1 120 58
1 121 52
1 124 88
1 125 13
1 126 60
1 127 27
1 128 41
1 132 41
1 137 46
1 140 97
1 144 10
1 145 58
1 150 24
2 4 75
2 5 25
2 7 38
2 8 99
2 12 36
2 13 11
2 15 18
2 16 60
2 19 51
2 24 7
2 25 58
2 28 90
2 32 84
2 33 76
2 34 73
2 38 85
2 41 40
2 43 73
2 47 47
2 52 44
2 55 60
2 58 23
2 60 73
2 63 92
2 64 5
2 69 83
2 71 96
2 74 76
2 77 9
2 80 5
2 82 58
2 85 7
2 87 83
2 88 84
2 89 46
2 91 10
2 96 40
2 97 5
2 100 78
2 102 83
2 112 11
2 113 16
2 120 42
2 121 53
2 122 92
2 124 90
2 128 41
2 134 77
2 137 52
2 141 79
2 142 50
2 144 85
2 146 7
2 148 50
2 149 24
3 4 6
3 5 54
3 11 60
3 17 48
3 19 77
3 20 93
3 24 66
3 30 33
3 36 82
3 37 19
3 38 12
3 39 40
3 42 4
3 49 60
3 50 90
3 56 10
3 61 23
3 65 95
3 67 43
3 68 65
3 69 17
3 71 4
3 73 98
3 74 43
3 75 1
3 77 65
3 82 99
3 83 86
3 86 59
3 89 60
3 90 19
3 91 4
3 92 92
3 93 54
3 95 45
3 96 59
3 97 89
3 98 17
3 100 94
3 109 11
3 111 23
3 112 41
3 113 83
3 116 3
3 117 51
3 118 85
3 121 33
3 128 2
3 130 17
3 135 41
3 136 8
3 138 21
3 140 59
3 143 18
3 146 80
3 147 96
3 148 10
4 5 28
4 10 8
4 13 6
4 14 54
4 16 28
4 21 89
4 23 15
4 26 92
4 27 68
4 28 67
4 29 8
4 30 56
4 32 77
4 35 20
4 37 68
4 40 13
4 44 35
4 45 93
4 46 91
4 47 98
4 48 72
4 49 19
4 52 92
4 59 52
4 60 91
4 62 12
4 63 48
4 64 61
4 70 16
4 74 14
4 80 48
4 81 22
4 92 86
4 94 7
4 95 77
4 97 12
4 100 64
4 113 58
4 114 80
4 116 26
4 119 36
4 120 99
4 122 47
4 124 30
4 125 72
4 128 38
4 130 45
4 131 81
4 133 8
4 136 80
4 138 18
4 141 67
4 142 22
4 144 75
4 145 56
4 147 18
4 149 31
5 8 24
5 10 47
5 11 48
5 12 4
5 13 40
5 16 28
5 18 92
5 20 87
5 23 2
5 24 18
5 25 54
5 27 5
5 30 84
5 31 28
5 36 60
5 39 42
5 43 89
5 44 10
5 46 31
5 47 97
5 48 77
5 52 30
5 54 71
5 55 67
5 56 23
5 62 15
5 69 93
5 73 11
5 75 25
5 76 76
5 77 72
5 78 99
5 80 94
5 83 88
5 85 10
5 90 73
5 94 26
5 96 94
5 98 29
5 104 97
5 105 5
5 107 39
5 109 70
5 110 56
5 111 69
5 115 41
5 116 29
5 117 72
5 119 61
5 120 89
5 123 58
5 124 48
5 126 27
5 129 37
5 130 69
5 132 31
5 133 51
5 134 90
5 140 55
5 141 29
5 142 91
5 149 99
5 150 95
6 8 36
6 10 13
6 13 73
6 14 57
6 15 16
6 18 78
6 19 78
6 23 50
6 24 35
6 25 23
6 26 60
6 27 50
6 28 68
6 29 41
6 32 99
6 33 97
6 36 55
6 43 84
6 44 41
6 45 8
6 46 46
6 47 54
6 49 47
6 54 99
6 55 92
6 61 22
6 62 47
6 63 91
6 66 89
6 67 18
6 69 42
6 70 31
6 71 2
6 74 36
6 77 4
6 78 18
6 81 42
6 89 83
6 90 55
6 94 47
6 95 70
6 96 94
6 98 30
6 100 16
6 101 6
6 102 82
6 104 87
6 109 21
6 114 71
6 115 68
6 117 83
6 118 2
6 120 42
6 122 87
6 126 100
6 128 71
6 130 18
6 133 35
6 135 6
6 139 55
6 140 69
6 141 91
6 143 78
6 150 93
7 8 14
7 11 17
7 12 35
7 17 27
7 22 76
7 23 78
7 24 88
7 27 77
7 28 42
7 32 6
7 33 42
7 35 91
7 37 59
7 40 69
7 43 89
7 46 78
7 47 67
7 48 18
7 49 44
7 51 10
7 55 59
7 59 32
7 67 77
7 68 37
7 69 99
7 75 51
7 79 96
7 80 100
7 81 68
7 84 3
7 86 97
7 89 31
7 94 34
7 95 13
7 96 88
7 97 33
7 100 65
7 101 54
7 102 56
7 103 68
7 105 3
7 108 87
7 109 13
7 113 17
7 114 8
7 117 88
7 118 48
7 119 83
7 121 58
7 122 92
7 125 1
7 128 82
7 129 42
7 131 24
7 132 70
7 133 87
7 135 6
7 138 21
7 140 22
7 142 7
7 144 73
7 147 53
7 148 19
7 149 74
7 150 93
8 9 4
8 10 92
8 13 14
8 16 39
8 18 50
8 22 52
8 23 21
8 29 27
8 30 59
8 31 11
8 32 1
8 33 9
8 35 66
8 36 77
8 37 25
8 38 55
8 41 6
8 43 55
8 44 37
8 45 5
8 47 81
8 55 48
8 58 67
8 60 45
8 61 88
8 62 1
8 64 31
8 66 44
8 67 70
8 73 69
8 75 56
8 76 49
8 79 66
8 80 41
8 81 99
8 82 88
8 85 16
8 90 97
8 91 22
8 92 70
8 96 34
8 97 46
8 99 41
8 101 25
8 106 35
8 107 51
8 111 32
8 112 65
8 122 95
8 124 32
8 130 85
8 132 13
8 133 47
8 136 91
8 137 31
8 138 36
8 141 59
8 143 20
8 147 30
9 11 71
9 14 96
9 15 59
9 16 54
9 19 92
9 22 88
9 23 98
9 24 39
9 25 41
9 30 42
9 38 18
9 39 18
9 40 3
9 41 44
9 44 96
9 52 2
9 56 53
9 57 72
9 60 76
9 61 21
9 66 29
9 67 90
9 69 92
9 72 27
9 73 12
9 75 56
9 79 89
9 82 3
9 83 2
9 85 57
9 87 97
9 88 59
9 92 100
9 101 52
9 105 58
9 106 53
9 107 48
9 109 87
9 110 17
9 115 72
9 117 56
9 118 65
9 123 73
9 124 44
9 126 96
9 127 9
9 128 56
9 129 86
9 131 40
9 132 65
9 135 47
9 141 72
9 143 38
9 144 21
9 147 67
9 150 32
10 13 48
10 15 89
10 16 28
10 18 34
10 19 93
10 21 58
10 22 90
10 24 6
10 26 13
10 30 84
10 35 81
10 36 78
10 38 18
10 40 99
10 45 56
10 51 93
10 55 30
10 58 9
10 62 39
10 67 45
10 68 27
10 71 100
10 74 19
10 75 18
10 79 69
10 81 20
10 83 15
10 85 11
10 86 10
10 87 15
10 91 36
10 94 40
10 98 48
10 99 34
10 100 5
10 101 15
10 102 90
10 103 63
10 105 70
10 106 31
10 109 63
10 112 86
10 114 12
10 115 81
10 116 10
10 118 56
10 120 32
10 121 6
10 124 62
10 129 42
10 130 9
10 132 92
10 135 4
10 137 26
10 139 43
11 14 94
11 15 46
11 20 3
11 24 71
11 25 56
11 30 34
11 31 13
11 33 8
11 36 70
11 43 16
11 48 46
11 50 46
11 51 85
11 52 97
11 62 61
11 68 78
11 69 34
11 71 43
11 72 92
11 76 73
11 79 13
11 83 24
11 88 82
11 89 23
11 91 86
11 92 82
11 93 40
11 94 98
11 96 80
11 100 56
11 104 32
11 106 18
11 107 12
11 109 94
11 110 31
11 116 80
11 122 17
11 126 86
11 129 46
11 132 98
11 138 13
11 141 30
11 143 77
11 146 66
11 147 60
11 149 67
11 150 75
12 14 73
12 21 7
12 23 8
12 24 58
12 28 77
12 29 29
12 32 62
12 33 49
12 34 83
12 38 30
12 41 18
12 43 68
12 49 95
12 51 84
12 52 28
12 53 65
12 57 89
12 60 18
12 61 83
12 67 88
12 72 14
12 74 70
12 75 1
12 76 92
12 77 43
12 78 39
12 79 53
12 80 38
12 84 88
12 91 16
12 92 27
12 96 99
12 101 9
12 102 62
12 103 3
12 105 63
12 109 92
12 110 82
12 112 92
12 114 31
12 118 25
12 121 10
12 122 75
12 124 86
12 125 10
12 126 2
12 127 64
12 131 53
12 132 69
12 134 80
12 136 56
12 144 18
12 145 26
12 147 89
12 149 63
13 18 40
13 20 1
13 25 35
13 26 24
13 32 52
13 39 51
13 40 56
13 41 60
13 43 55
13 44 78
13 45 41
13 49 92
13 50 75
13 51 16
13 52 85
13 53 44
13 56 59
13 57 100
13 60 6
13 61 64
13 64 85
13 69 87
13 72 26
13 76 73
13 79 28
13 80 73
13 81 55
13 82 53
13 85 91
13 92 68
13 95 83
13 96 88
13 100 64
13 103 81
13 105 25
13 106 72
13 110 42
13 117 74
13 120 21
13 122 66
13 125 6
13 126 19
13 134 17
13 135 20
13 137 91
13 138 26
13 140 4
13 141 40
13 145 18
13 149 41
13 150 58
14 15 48
14 16 5
14 18 3
14 20 19
14 22 19
14 24 36
14 29 40
14 31 45
14 33 66
14 37 13
14 38 86
14 39 59
14 40 61
14 42 83
14 44 52
14 45 68
14 47 43
14 50 85
14 51 1
14 52 49
14 54 39
14 58 11
14 63 76
14 69 5
14 72 47
14 73 10
14 74 21
14 77 39
14 80 98
14 82 10
14 94 67
14 96 87
14 97 49
14 98 71
14 99 26
14 100 17
14 105 46
14 108 37
14 112 97
14 113 78
14 115 13
14 125 82
14 128 50
14 131 66
14 132 73
14 133 43
14 134 51
14 138 29
14 139 100
14 141 8
14 150 31
15 17 80
15 18 80
15 20 71
15 25 30
15 29 5
15 30 70
15 31 1
15 39 74
15 40 34
15 44 95
15 45 43
15 46 29
15 49 17
15 50 91
15 56 45
15 57 13
15 60 8
15 62 42
15 63 93
15 65 93
15 66 18
15 73 97
15 76 69
15 78 66
15 80 67
15 81 83
15 84 16
15 85 64
15 87 86
15 88 29
15 89 33
15 90 60
15 91 69
15 92 13
15 96 37
15 99 28
15 103 91
15 107 48
15 111 31
15 112 28
15 119 35
15 121 70
15 124 20
15 126 26
15 129 34
15 132 56
15 134 57
15 135 9
15 136 13
15 142 57
15 144 49
15 146 14
15 147 9
16 20 8
16 22 71
16 23 10
16 30 88
16 34 36
16 45 69
16 46 41
16 51 37
16 54 54
16 57 90
16 60 58
16 61 91
16 63 21
16 64 63
16 65 1
16 67 59
16 68 14
16 70 54
16 71 64
16 74 52
16 76 75
16 77 51
16 86 98
16 87 66
16 91 79
16 93 5
16 96 19
16 101 44
16 105 87
16 107 100
16 108 15
16 109 9
16 112 88
16 119 67
16 121 17
16 122 75
16 125 72
16 127 98
16 128 28
16 131 46
16 133 1
16 136 98
16 137 2
16 142 20
16 144 97
17 19 81
17 21 99
17 23 68
17 29 23
17 38 67
17 43 46
17 49 13
17 51 24
17 53 47
17 54 21
17 59 49
17 64 5
17 66 98
17 67 58
17 73 1
17 76 21
17 77 54
17 79 45
17 82 41
17 83 2
17 88 28
17 92 13
17 95 50
17 98 29
17 103 42
17 104 20
17 105 11
17 106 19
17 110 80
17 111 78
17 114 86
17 117 91
17 120 41
17 124 20
17 125 45
17 129 14
17 130 95
17 131 59
17 133 70
17 140 24
17 141 86
17 142 60
17 143 29
17 145 45
17 146 10
17 149 16
18 22 16
18 23 29
18 25 77
18 26 20
18 29 69
18 30 69
18 33 68
18 35 93
18 37 59
18 39 10
18 42 91
18 43 12
18 44 34
18 46 91
18 49 73
18 50 14
18 51 49
18 53 66
18 56 80
18 62 49
18 64 64
18 65 16
18 67 58
18 69 26
18 70 97
18 72 76
18 74 53
18 76 80
18 77 20
18 78 85
18 79 45
18 80 88
18 82 49
18 85 55
18 87 45
18 89 31
18 95 85
18 99 17
18 101 65
18 102 68
18 103 12
18 104 48
18 105 10
18 106 98
18 108 60
18 109 5
18 112 1
18 113 55
18 116 81
18 117 89
18 119 96
18 120 4
18 121 8
18 122 24
18 123 42
18 129 12
18 130 53
18 132 8
18 135 1
18 136 88
18 141 30
18 142 42
18 145 28
19 20 12
19 23 5
19 29 73
19 30 14
19 32 33
19 36 51
19 37 5
19 38 12
19 40 9
19 41 34
19 42 64
19 46 82
19 48 88
19 49 11
19 53 32
19 54 63
19 55 2
19 62 36
19 63 32
19 64 38
19 70 79
19 72 65
19 77 90
19 79 34
19 83 45
19 87 93
19 89 2
19 90 24
19 95 85
19 96 10
19 97 80
19 100 14
19 101 65
19 106 51
19 113 39
19 115 97
19 117 12
19 118 37
19 123 99
19 124 15
19 125 76
19 128 90
19 131 30
19 138 34
19 143 8
19 145 4
19 146 52
19 147 13
19 148 51
19 150 35
20 21 22
20 24 30
20 33 2
20 34 70
20 37 3
20 38 53
20 39 90
20 43 34
20 44 44
20 46 88
20 51 57
20 53 48
20 54 88
20 60 48
20 62 62
20 63 43
20 67 46
20 69 76
20 71 48
20 77 27
20 79 65
20 80 17
20 81 36
20 83 36
20 85 33
20 87 6
20 88 73
20 90 41
20 91 54
20 92 41
20 93 99
20 97 6
20 98 71
20 99 55
20 103 84
20 104 98
20 107 12
20 111 59
20 114 29
20 117 38
20 119 77
20 121 71
20 122 46
20 124 4
20 126 67
20 127 48
20 128 71
20 130 50
20 137 30
20 139 49
20 145 89
20 147 24
20 149 8
20 150 86
21 22 69
21 24 78
21 26 33
21 32 2
21 35 6
21 36 39
21 37 25
21 39 12
21 40 1
21 42 56
21 45 5
21 47 37
21 48 24
21 49 10
21 53 42
21 55 56
21 56 42
21 59 33
21 62 61
21 63 24
21 68 84
21 71 58
21 74 39
21 77 31
21 80 11
21 82 86
21 86 9
21 88 16
21 94 23
21 100 38
21 101 8
21 104 37
21 105 17
21 106 87
21 107 34
21 111 20
21 114 25
21 120 25
21 123 36
21 124 3
21 125 82
21 128 47
21 129 79
21 130 87
21 135 80
21 138 28
21 139 87
21 140 99
21 141 64
21 143 35
21 146 98
21 147 78
21 150 84
22 23 17
22 27 53
22 30 30
22 31 39
22 33 77
22 41 56
22 43 23
22 44 27
22 47 85
22 49 90
22 52 91
22 55 16
22 57 89
22 60 54
22 62 35
22 63 34
22 65 61
22 70 48
22 71 83
22 75 35
22 78 97
22 80 52
22 85 71
22 86 29
22 88 74
22 90 2
22 91 90
22 92 89
22 93 61
22 97 50
22 98 97
22 99 27
22 102 45
22 104 91
22 106 96
22 107 31
22 108 68
22 109 78
22 110 19
22 117 28
22 118 24
22 119 100
22 126 87
22 134 90
22 149 73
23 24 24
23 34 76
23 35 17
23 36 43
23 37 10
23 39 83
23 40 14
23 44 61
23 48 14
23 52 12
23 54 99
23 55 19
23 59 36
23 70 83
23 74 39
23 75 24
23 79 28
23 80 73
23 82 18
23 84 34
23 86 12
23 87 10
23 89 93
23 92 65
23 94 98
23 98 7
23 100 39
23 105 17
23 108 41
23 116 64
23 118 25
23 119 33
23 121 25
23 122 30
23 125 27
23 126 29
23 128 5
23 136 31
23 138 39
23 139 42
23 140 30
23 141 73
23 144 66
23 145 64
23 146 87
23 150 27
24 26 75
24 27 97
24 30 7
24 37 25
24 40 81
24 42 40
24 44 9
24 46 1
24 47 30
24 49 15
24 50 18
24 57 80
24 58 69
24 60 37
24 61 17
24 63 85
24 64 36
24 66 6
24 67 79
24 71 4
24 72 11
24 80 60
24 82 74
24 84 67
24 85 54
24 88 63
24 89 88
24 92 6
24 93 91
24 95 59
24 96 43
24 98 62
24 99 33
24 103 40
24 104 60
24 105 52
24 106 48
24 107 61
24 108 56
24 112 91
24 115 37
24 116 67
24 118 33
24 120 96
24 125 13
24 126 23
24 127 67
24 128 62
24 130 13
24 131 67
24 133 68
24 135 32
24 136 68
24 137 65
24 138 52
24 142 10
24 143 10
24 148 10
25 26 100
25 27 33
25 33 4
25 38 50
25 39 9
25 42 97
25 46 93
25 47 32
25 48 7
25 53 34
25 54 5
25 57 66
25 58 82
25 60 69
25 61 8
25 64 17
25 65 3
25 76 13
25 79 51
25 80 82
25 81 59
25 84 28
25 86 75
25 92 43
25 96 46
25 103 87
25 104 59
25 107 99
25 110 35
25 111 77
25 115 65
25 120 3
25 121 93
25 124 2
25 126 75
25 133 29
25 136 14
25 138 13
25 142 93
25 143 39
25 145 86
25 146 44
25 148 96
25 150 29
26 27 16
26 29 25
26 30 51
26 32 50
26 34 59
26 35 74
26 36 3
26 40 58
26 49 16
26 52 77
26 53 9
26 56 35
26 57 45
26 59 100
26 61 16
26 62 40
26 63 51
26 64 45
26 65 9
26 66 72
26 69 20
26 73 99
26 75 61
26 76 95
26 77 28
26 79 91
26 80 84
26 81 86
26 84 7
26 91 14
26 93 41
26 95 47
26 100 58
26 101 70
26 102 31
26 103 7
26 105 75
26 106 77
26 108 17
26 110 70
26 116 61
26 117 77
26 119 40
26 121 69
26 122 58
26 124 73
26 125 16
26 127 59
26 128 22
26 131 51
26 133 84
26 138 24
26 140 24
26 141 30
26 144 14
26 145 100
26 148 68
26 149 65
26 150 99
27 30 14
27 32 34
27 34 16
27 38 65
27 41 24
27 45 70
27 48 85
27 50 1
27 51 18
27 53 37
27 55 11
27 56 16
27 57 48
27 65 24
27 67 35
27 70 43
27 71 79
27 75 26
27 76 15
27 78 28
27 87 13
27 89 37
27 90 22
27 91 50
27 94 9
27 95 9
27 97 21
27 98 94
27 99 31
27 100 77
27 102 92
27 104 64
27 107 44
27 109 86
27 110 95
27 111 77
27 112 42
27 115 75
27 116 58
27 118 36
27 128 14
27 131 4
27 134 19
27 135 53
27 139 1
27 140 61
27 141 82
27 143 28
27 145 82
27 146 1
27 148 65
27 149 30
28 30 58
28 32 54
28 35 42
28 36 64
28 38 82
28 41 9
28 42 93
28 46 17
28 47 21
28 49 1
28 50 64
28 51 75
28 53 22
28 57 22
28 58 38
28 60 32
28 61 72
28 63 81
28 67 88
28 69 25
28 71 14
28 74 47
28 76 52
28 80 3
28 82 98
28 83 49
28 86 65
28 90 5
28 91 55
28 97 61
28 106 28
28 110 75
28 117 68
28 121 21
28 125 62
28 135 49
28 137 13
28 143 60
28 145 1
28 146 89
28 148 9
29 31 71
29 33 66
29 36 72
29 38 28
29 41 83
29 43 43
29 48 70
29 50 29
29 51 79
29 52 48
29 58 89
29 62 54
29 63 58
29 64 92
29 67 85
29 69 12
29 75 9
29 76 77
29 79 95
29 80 32
29 82 38
29 83 78
29 84 100
29 90 4
29 92 88
29 93 96
29 96 70
29 97 78
29 98 98
29 99 80
29 102 54
29 105 17
29 106 29
29 107 12
29 110 22
29 112 5
29 113 25
29 117 43
29 118 7
29 120 17
29 121 7
29 122 19
29 124 79
29 127 93
29 128 2
29 129 28
29 130 94
29 134 7
29 137 58
29 139 87
29 141 21
29 143 74
29 146 36
30 32 75
30 33 24
30 35 14
30 36 89
30 39 85
30 42 94
30 43 72
30 44 51
30 45 100
30 48 58
30 52 28
30 55 15
30 56 70
30 57 23
30 59 23
30 64 69
30 65 31
30 70 45
30 73 99
30 79 71
30 81 74
30 82 14
30 84 14
30 87 10
30 88 63
30 89 8
30 90 16
30 91 29
30 96 11
30 97 37
30 98 13
30 100 27
30 101 33
30 102 32
30 103 31
30 107 18
30 115 27
30 116 14
30 117 47
30 121 72
30 122 51
30 123 36
30 125 55
30 126 24
30 127 98
30 129 70
30 130 96
30 133 73
30 134 60
30 135 43
30 136 3
30 143 27
30 145 36
30 147 43
30 148 87
30 150 69
31 32 9
31 35 37
31 37 27
31 40 79
31 42 30
31 48 62
31 49 17
31 54 77
31 56 59
31 64 54
31 66 42
31 68 31
31 70 2
31 71 4
31 72 22
31 73 91
31 74 52
31 80 36
31 81 27
31 85 12
31 86 45
31 87 94
31 93 80
31 100 94
31 105 3
31 111 95
31 112 88
31 114 58
31 115 36
31 121 53
31 130 74
31 131 53
31 132 75
31 136 72
31 137 42
31 140 99
31 141 99
31 143 26
31 144 8
31 145 48
31 146 41
31 147 75
31 149 63
32 33 32
32 35 69
32 36 1
32 37 12
32 39 6
32 42 34
32 46 26
32 47 30
32 49 89
32 50 33
32 58 74
32 63 47
32 64 100
32 65 58
32 66 72
32 68 87
32 69 83
32 70 74
32 74 56
32 75 52
32 76 19
32 81 60
32 83 71
32 84 16
32 86 74
32 87 12
32 88 75
32 91 74
32 95 35
32 99 4
32 101 26
32 102 30
32 103 49
32 104 33
32 105 36
32 106 11
32 107 72
32 113 50
32 115 37
32 118 78
32 121 66
32 134 15
32 138 46
32 139 39
32 144 74
32 145 10
32 146 58
32 147 17
32 149 59
33 34 34
33 37 61
33 39 76
33 42 51
33 43 52
33 44 71
33 47 38
33 48 34
33 49 65
33 50 75
33 52 66
33 53 56
33 55 67
33 57 64
33 60 31
33 63 45
33 66 11
33 70 64
33 75 54
33 80 83
33 81 49
33 84 21
33 85 11
33 86 85
33 88 7
33 94 45
33 95 26
33 98 97
33 100 100
33 102 26
33 105 96
33 109 18
33 110 63
33 111 22
33 113 91
33 115 76
33 117 12
33 118 1
33 121 80
33 123 80
33 124 79
33 127 99
33 130 18
33 131 42
33 133 13
33 135 51
33 139 41
33 147 80
33 148 37
33 149 89
34 36 98
34 39 4
34 42 6
34 45 43
34 46 43
34 47 17
34 50 13
34 54 22
34 56 89
34 57 88
34 59 29
34 60 30
34 64 6
34 67 44
34 69 35
34 71 15
34 72 57
34 73 27
34 74 14
34 79 39
34 81 59
34 83 85
34 86 31
34 87 79
34 90 19
34 91 29
34 92 55
34 93 48
34 96 96
34 100 45
34 102 93
34 105 3
34 106 41
34 109 29
34 110 34
34 113 77
34 116 6
34 124 63
34 125 43
34 126 78
34 128 72
34 129 18
34 135 13
34 138 96
34 144 94
34 148 88
34 150 8
35 36 20
35 38 16
35 43 10
35 52 55
35 53 88
35 54 29
35 57 27
35 59 72
35 68 45
35 77 18
35 79 91
35 80 21
35 81 10
35 82 1
35 85 44
35 87 21
35 88 63
35 89 71
35 92 33
35 94 64
35 95 98
35 96 78
35 103 21
35 105 36
35 108 27
35 111 45
35 112 84
35 113 36
35 115 92
35 116 44
35 119 9
35 122 96
35 124 80
35 125 64
35 126 58
35 127 33
35 129 8
35 130 45
35 135 14
35 137 44
35 147 8
36 38 47
36 39 97
36 41 7
36 47 77
36 48 90
36 49 65
36 52 26
36 53 21
36 55 62
36 57 63
36 58 23
36 61 60
36 65 58
36 66 54
36 71 58
36 72 54
36 74 30
36 76 97
36 79 79
36 81 61
36 82 84
36 83 6
36 84 86
36 86 89
36 89 74
36 92 99
36 97 96
36 99 36
36 100 29
36 101 15
36 103 50
36 105 79
36 109 99
36 114 60
36 115 21
36 120 81
36 126 55
36 127 95
36 129 57
36 133 7
36 134 78
36 135 34
36 137 68
36 140 46
36 142 67
36 145 26
36 146 93
36 149 37
36 150 84
37 38 9
37 44 94
37 47 54
37 48 73
37 49 60
37 54 57
37 55 37
37 57 40
37 58 70
37 63 38
37 65 55
37 68 60
37 71 84
37 74 99
37 75 75
37 76 82
37 78 12
37 81 54
37 84 88
37 86 18
37 91 49
37 92 15
37 93 70
37 94 96
37 97 55
37 98 54
37 99 53
37 100 75
37 101 38
37 102 95
37 104 48
37 105 43
37 109 41
37 111 1
37 113 50
37 115 97
37 117 43
37 118 71
37 122 83
37 123 36
37 124 27
37 125 43
37 130 2
37 135 2
37 136 100
37 139 76
37 140 16
37 142 96
37 145 78
37 147 49
37 148 17
38 39 43
38 40 84
38 42 60
38 48 23
38 51 6
38 53 25
38 54 80
38 55 59
38 56 81
38 57 49
38 61 16
38 64 30
38 66 15
38 68 24
38 69 100
38 70 27
38 71 20
38 74 40
38 77 46
38 80 44
38 83 57
38 85 32
38 86 100
38 88 81
38 89 44
38 91 13
38 94 36
38 97 89
38 100 60
38 105 11
38 106 65
38 109 48
38 110 2
38 112 62
38 113 28
38 118 86
38 119 68
38 121 88
38 122 34
38 123 37
38 124 14
38 125 21
38 126 64
38 128 47
38 129 47
38 130 90
38 133 96
38 135 76
38 139 5
38 140 85
38 141 42
38 145 36
38 147 69
38 148 16
39 41 85
39 43 39
39 46 75
39 54 62
39 55 3
39 65 33
39 68 29
39 69 18
39 70 13
39 75 79
39 76 51
39 78 70
39 83 76
39 84 94
39 85 32
39 86 9
39 88 43
39 90 69
39 93 45
39 101 75
39 102 90
39 107 55
39 114 32
39 116 55
39 124 43
39 130 37
39 131 88
39 132 53
39 134 66
39 139 10
39 142 50
39 146 23
39 147 93
39 148 76
39 149 53
40 45 5
40 46 78
40 47 100
40 52 83
40 53 58
40 56 63
40 57 95
40 58 27
40 63 45
40 66 45
40 67 62
40 68 41
40 69 82
40 70 25
40 71 52
40 79 51
40 83 93
40 85 70
40 90 7
40 94 1
40 96 18
40 102 46
40 103 100
40 104 88
40 107 3
40 109 33
40 110 95
40 113 99
40 119 100
40 121 3
40 129 100
40 130 28
40 131 11
40 135 79
40 138 58
40 142 81
40 145 61
40 148 61
40 149 71
41 44 59
41 45 3
41 47 84
41 49 34
41 51 88
41 52 48
41 53 99
41 54 57
41 55 40
41 59 49
41 60 97
41 63 61
41 65 95
41 68 90
41 74 76
41 77 74
41 78 96
41 79 26
41 82 25
41 86 99
41 92 63
41 96 7
41 97 42
41 98 51
41 99 86
41 100 44
41 103 68
41 109 33
41 110 43
41 117 71
41 118 59
41 119 34
41 125 14
41 129 98
41 132 76
41 134 34
41 135 51
41 138 78
41 139 25
41 140 27
41 141 49
41 142 4
41 145 73
41 146 53
41 147 88
41 149 72
42 43 24
42 44 56
42 45 27
42 47 89
42 48 58
42 49 33
42 50 97
42 52 75
42 54 21
42 61 4
42 64 59
42 67 89
42 70 93
42 75 47
42 78 19
42 81 44
42 82 38
42 85 72
42 90 94
42 94 62
42 95 86
42 96 83
42 98 48
42 99 52
42 102 45
42 103 13
42 105 9
42 107 93
42 108 26
42 110 28
42 111 35
42 117 42
42 118 74
42 120 76
42 122 19
42 125 74
42 127 82
42 129 23
42 136 2
42 139 32
42 140 10
42 143 92
42 144 72
42 146 53
43 44 4
43 46 50
43 49 94
43 51 77
43 53 12
43 59 84
43 63 67
43 66 85
43 67 48
43 68 15
43 69 2
43 71 89
43 73 63
43 74 59
43 77 62
43 84 82
43 87 58
43 96 50
43 104 31
43 110 27
43 112 64
43 113 75
43 114 64
43 118 98
43 120 69
43 122 68
43 124 59
43 125 74
43 126 57
43 128 18
43 130 53
43 132 80
43 138 18
43 139 24
43 143 94
43 144 22
43 146 9
43 147 11
43 148 34
43 149 54
44 49 32
44 50 77
44 53 63
44 54 94
44 56 64
44 57 23
44 58 55
44 65 71
44 67 99
44 70 84
44 72 65
44 75 29
44 76 67
44 78 21
44 80 64
44 84 14
44 85 36
44 86 39
44 87 58
44 88 70
44 89 92
44 90 75
44 91 28
44 92 9
44 93 63
44 94 5
44 95 1
44 97 1
44 99 4
44 101 83
44 107 100
44 108 52
44 109 70
44 110 89
44 114 10
44 118 57
44 119 3
44 121 60
44 125 98
44 127 58
44 129 30
44 131 20
44 135 68
44 138 96
44 140 64
44 141 64
44 143 64
44 144 18
44 145 6
44 146 32
44 150 54
45 46 85
45 48 8
45 52 27
45 54 35
45 56 69
45 57 35
45 58 22
45 59 57
45 60 13
45 61 15
45 64 43
45 66 45
45 67 68
45 68 77
45 70 55
45 72 14
45 74 73
45 76 3
45 78 13
45 80 20
45 85 59
45 86 26
45 87 74
45 88 51
45 89 22
45 93 36
45 97 97
45 99 20
45 100 62
45 101 21
45 102 51
45 103 92
45 110 40
45 112 24
45 113 58
45 115 38
45 117 73
45 121 1
45 122 36
45 126 71
45 129 59
45 131 41
45 132 94
45 133 88
45 136 92
45 139 33
45 141 18
45 146 7
45 148 17
45 149 19
46 47 50
46 48 57
46 49 76
46 51 82
46 52 90
46 54 52
46 55 31
46 56 92
46 58 70
46 63 39
46 69 87
46 70 91
46 71 64
46 73 33
46 76 10
46 77 72
46 78 88
46 80 20
46 84 27
46 85 44
46 89 72
46 92 46
46 93 36
46 94 57
46 96 58
46 101 79
46 104 20
46 105 98
46 106 21
46 107 39
46 109 58
46 112 87
46 113 75
46 116 66
46 118 12
46 120 72
46 122 34
46 123 43
46 127 34
46 132 13
46 135 97
46 137 8
46 139 81
46 141 60
46 146 73
46 148 96
47 48 56
47 55 51
47 59 50
47 62 9
47 67 8
47 69 88
47 70 9
47 71 68
47 74 65
47 76 70
47 77 95
47 80 14
47 86 1
47 87 15
47 88 56
47 90 82
47 94 90
47 97 93
47 102 98
47 106 19
47 107 68
47 109 90
47 113 56
47 116 86
47 119 47
47 122 75
47 124 15
47 126 29
47 127 9
47 128 13
47 134 36
47 139 70
47 141 32
47 142 1
47 146 8
47 147 99
47 150 60
48 49 3
48 51 84
48 54 91
48 56 29
48 58 65
48 59 10
48 61 72
48 65 13
48 70 70
48 71 66
48 72 74
48 73 36
48 75 63
48 78 93
48 83 38
48 85 76
48 86 75
48 88 91
48 89 29
48 90 57
48 92 37
48 93 37
48 95 29
48 97 63
48 99 95
48 100 98
48 113 95
48 116 13
48 117 53
48 118 96
48 124 64
48 125 80
48 126 91
48 129 26
48 131 11
48 134 92
48 136 17
48 137 68
48 141 2
48 143 88
48 145 49
48 146 52
48 148 77
49 50 16
49 54 27
49 55 63
49 56 7
49 64 79
49 65 50
49 67 33
49 68 59
49 72 38
49 75 45
49 78 92
49 79 86
49 80 45
49 82 43
49 86 7
49 87 64
49 88 55
49 92 50
49 93 42
49 102 7
49 103 75
49 104 90
49 105 51
49 108 91
49 116 1
49 117 84
49 120 50
49 124 4
49 127 14
49 128 59
49 129 25
49 132 97
49 133 87
49 134 88
49 137 95
49 139 22
49 141 12
49 142 48
49 143 34
49 146 36
49 150 31
50 53 37
50 55 87
50 57 75
50 58 25
50 60 89
50 62 78
50 64 56
50 69 12
50 70 17
50 73 63
50 75 84
50 78 67
50 80 66
50 81 90
50 86 33
50 88 11
50 90 89
50 93 49
50 95 21
50 99 40
50 101 75
50 102 48
50 117 41
50 118 100
50 119 63
50 126 90
50 130 28
50 132 29
50 136 76
50 139 3
50 141 33
50 142 88
50 144 49
50 147 79
50 149 25
50 150 65
51 52 46
51 53 63
51 59 76
51 60 58
51 62 59
51 65 45
51 67 68
51 68 87
51 71 93
51 72 24
51 74 72
51 75 23
51 76 3
51 77 18
51 78 79
51 79 42
51 83 43
51 88 35
51 89 93
51 90 79
51 92 17
51 93 76
51 94 79
51 95 89
51 97 87
51 99 74
51 100 72
51 101 11
51 106 55
51 107 91
51 115 53
51 117 4
51 121 3
51 122 69
51 125 19
51 127 71
51 128 90
51 129 55
51 130 63
51 135 56
51 136 48
51 141 14
51 143 56
51 144 7
51 145 14
51 147 16
51 149 57
51 150 61
52 56 29
52 57 6
52 58 20
52 60 44
52 64 2
52 66 90
52 70 20
52 71 9
52 73 10
52 82 5
52 84 28
52 85 90
52 86 36
52 88 53
52 93 75
52 101 46
52 103 16
52 105 98
52 106 20
52 107 71
52 108 55
52 112 99
52 114 51
52 117 2
52 120 64
52 121 20
52 127 65
52 129 43
52 130 83
52 131 13
52 133 72
52 136 60
52 137 64
52 138 10
52 140 72
52 141 67
52 142 98
52 146 70
52 148 24
53 55 41
53 57 17
53 63 72
53 67 60
53 70 66
53 75 14
53 76 83
53 79 24
53 84 49
53 86 65
53 87 39
53 90 38
53 91 44
53 93 71
53 97 86
53 99 73
53 104 26
53 110 40
53 114 70
53 115 77
53 116 53
53 117 22
53 120 91
53 124 2
53 135 48
53 137 26
53 139 48
53 140 79
53 144 98
53 147 39
53 149 65
54 56 87
54 57 48
54 62 20
54 64 16
54 67 68
54 69 15
54 71 98
54 79 11
54 80 69
54 81 41
54 82 35
54 83 54
54 87 26
54 88 35
54 91 72
54 92 97
54 93 93
54 94 27
54 95 29
54 97 22
54 99 100
54 100 34
54 102 91
54 104 62
54 105 23
54 106 91
54 108 42
54 111 48
54 112 32
54 113 29
54 114 57
54 116 93
54 118 62
54 119 50
54 124 74
54 126 97
54 132 78
54 133 62
54 134 22
54 138 35
54 140 17
54 143 50
54 145 35
54 146 98
55 56 4
55 59 77
55 61 85
55 64 36
55 66 15
55 68 74
55 73 65
55 75 69
55 77 88
55 81 41
55 83 93
55 84 76
55 87 18
55 92 25
55 96 67
55 98 4
55 101 9
55 103 3
55 104 53
55 110 83
55 111 22
55 112 47
55 115 21
55 116 50
55 118 78
55 122 87
55 124 44
55 125 50
55 126 4
55 127 48
55 128 23
55 130 27
55 132 87
55 136 6
55 137 19
55 138 71
55 140 41
55 141 86
55 144 38
55 146 17
55 148 62
56 64 15
56 65 89
56 67 50
56 73 36
56 81 57
56 83 15
56 97 81
56 101 55
56 103 66
56 104 4
56 105 64
56 107 51
56 113 12
56 115 20
56 116 14
56 117 91
56 119 60
56 121 75
56 122 56
56 128 24
56 130 18
56 132 92
56 134 77
56 135 24
56 136 79
56 141 16
56 144 33
56 147 42
56 148 58
57 63 9
57 64 49
57 65 81
57 68 76
57 71 49
57 73 43
57 75 61
57 76 97
57 78 43
57 82 70
57 84 62
57 85 71
57 86 93
57 87 33
57 88 25
57 91 94
57 92 28
57 98 82
57 103 8
57 105 80
57 106 97
57 107 90
57 108 39
57 110 29
57 112 24
57 117 26
57 129 34
57 130 5
57 131 21
57 133 39
57 134 81
57 143 23
57 144 34
57 147 59
58 62 86
58 64 92
58 66 21
58 68 35
58 70 61
58 71 43
58 72 60
58 74 23
58 75 7
58 76 31
58 79 56
58 85 54
58 86 53
58 88 47
58 89 11
58 90 35
58 91 45
58 95 28
58 96 85
58 97 87
58 99 29
58 100 78
58 102 57
58 103 49
58 105 67
58 108 30
58 111 36
58 117 39
58 119 88
58 128 4
58 129 67
58 130 99
58 132 75
58 135 71
58 136 48
58 137 86
58 138 97
58 139 56
58 141 74
58 143 58
59 60 41
59 63 13
59 67 3
59 68 42
59 69 12
59 74 12
59 76 23
59 77 92
59 78 46
59 81 71
59 86 85
59 87 96
59 88 72
59 89 12
59 98 23
59 99 72
59 103 48
59 107 13
59 109 12
59 110 92
59 111 99
59 121 69
59 123 87
59 124 82
59 125 14
59 126 11
59 129 2
59 132 20
59 133 43
59 135 85
59 137 37
59 140 41
59 142 11
59 146 61
59 147 77
59 148 71
59 150 47
60 61 37
60 62 26
60 66 64
60 69 37
60 70 79
60 71 78
60 72 61
60 73 12
60 76 49
60 78 77
60 79 100
60 87 50
60 88 2
60 90 75
60 91 46
60 97 80
60 98 51
60 100 57
60 102 27
60 103 99
60 105 85
60 110 89
60 112 99
60 116 86
60 117 91
60 118 74
60 122 29
60 123 19
60 125 70
60 126 48
60 130 6
60 132 59
60 133 43
60 134 13
60 135 26
60 136 36
60 138 55
60 139 49
60 141 61
60 142 11
60 143 83
60 144 31
60 145 70
60 147 57
60 148 79
61 64 78
61 74 46
61 76 51
61 79 30
61 81 84
61 85 79
61 87 8
61 88 65
61 90 27
61 93 97
61 98 26
61 99 100
61 100 2
61 101 50
61 106 96
61 107 46
61 108 13
61 110 12
61 115 50
61 116 3
61 122 57
61 124 30
61 126 4
61 129 41
61 131 100
61 132 90
61 134 10
61 141 86
61 142 6
61 146 13
62 63 30
62 66 67
62 74 45
62 75 34
62 78 69
62 79 17
62 80 96
62 87 22
62 88 92
62 91 100
62 96 97
62 100 81
62 101 66
62 102 88
62 104 75
62 109 94
62 110 80
62 111 52
62 114 93
62 115 33
62 117 61
62 118 4
62 119 33
62 121 49
62 132 65
62 133 59
62 134 30
62 138 10
62 143 45
62 144 71
62 147 85
63 64 58
63 65 90
63 66 52
63 69 33
63 70 39
63 76 60
63 79 30
63 80 18
63 83 12
63 87 42
63 88 45
63 96 70
63 100 72
63 102 46
63 108 59
63 109 100
63 129 98
63 130 38
63 133 7
63 134 90
63 138 46
63 141 1
63 143 14
63 144 86
63 146 74
63 147 67
63 150 50
64 66 89
64 68 52
64 70 55
64 71 74
64 72 82
64 76 41
64 82 32
64 87 96
64 88 79
64 90 33
64 92 80
64 96 49
64 103 50
64 108 31
64 109 84
64 113 17
64 115 88
64 117 31
64 122 4
64 124 23
64 126 55
64 128 66
64 133 81
64 134 25
64 135 20
64 137 84
64 144 39
64 145 92
64 150 36
65 66 21
65 67 49
65 68 64
65 69 43
65 70 76
65 71 21
65 72 70
65 74 7
65 78 1
65 79 69
65 85 30
65 87 64
65 88 75
65 99 82
65 100 23
65 102 41
65 107 91
65 108 81
65 110 10
65 113 85
65 114 30
65 117 4
65 118 10
65 119 44
65 122 48
65 124 59
65 127 36
65 129 21
65 132 20
65 136 12
65 139 56
65 140 67
65 145 26
65 150 41
66 70 15
66 75 86
66 79 68
66 81 5
66 84 13
66 90 37
66 94 89
66 95 62
66 97 11
66 98 20
66 99 27
66 100 48
66 104 94
66 105 54
66 108 45
66 109 25
66 112 61
66 114 97
66 116 56
66 117 39
66 118 88
66 120 24
66 122 64
66 123 21
66 124 17
66 129 83
66 132 72
66 134 50
66 135 82
66 136 37
66 137 54
66 138 14
66 140 84
66 143 90
66 148 71
67 68 72
67 70 83
67 72 11
67 73 70
67 76 17
67 80 17
67 82 26
67 84 58
67 89 21
67 90 29
67 93 50
67 94 95
67 97 82
67 100 8
67 101 70
67 104 26
67 106 27
67 107 15
67 113 16
67 114 97
67 115 62
67 116 51
67 118 93
67 119 18
67 121 13
67 125 13
67 127 21
67 129 76
67 131 23
67 133 60
67 135 42
67 140 48
67 141 37
67 142 34
67 145 63
67 147 92
67 148 14
67 149 75
67 150 43
68 74 96
68 76 14
68 80 54
68 85 97
68 86 12
68 90 36
68 96 64
68 97 21
68 98 48
68 102 1
68 103 87
68 106 16
68 108 12
68 110 23
68 111 39
68 113 8
68 115 35
68 116 72
68 120 92
68 121 70
68 125 98
68 134 31
68 137 78
68 138 75
68 146 5
68 147 2
68 148 56
68 150 33
69 71 65
69 75 96
69 76 94
69 78 42
69 84 92
69 86 23
69 87 74
69 89 79
69 96 61
69 99 20
69 100 71
69 104 79
69 105 46
69 106 48
69 112 83
69 115 76
69 116 1
69 117 77
69 118 76
69 127 6
69 128 44
69 131 98
69 133 57
69 135 23
69 139 33
69 142 87
69 143 25
69 144 32
69 146 8
69 147 64
69 148 53
69 150 28
70 71 42
70 72 10
70 79 16
70 80 23
70 82 3
70 88 72
70 90 83
70 91 57
70 103 57
70 104 98
70 105 62
70 111 73
70 113 71
70 121 68
70 122 15
70 123 50
70 126 71
70 127 37
70 128 56
70 130 70
70 131 49
70 132 95
70 133 6
70 134 55
70 135 23
70 137 35
70 141 29
70 142 49
70 144 48
70 145 18
70 148 97
70 149 71
71 72 14
71 73 3
71 74 77
71 75 71
71 80 10
71 81 96
71 82 46
71 83 88
71 84 9
71 87 85
71 89 49
71 90 30
71 91 43
71 92 5
71 94 58
71 99 69
71 103 90
71 104 19
71 106 98
71 107 58
71 112 96
71 113 36
71 114 26
71 115 87
71 116 9
71 119 54
71 128 8
71 131 6
71 134 53
71 135 82
71 136 25
71 137 49
71 139 24
71 145 59
71 148 45
71 150 2
72 75 10
72 77 34
72 79 82
72 80 81
72 82 53
72 84 43
72 87 1
72 92 65
72 96 26
72 100 6
72 101 51
72 102 71
72 105 32
72 109 64
72 110 80
72 112 15
72 113 23
72 115 68
72 117 51
72 121 4
72 122 69
72 123 37
72 124 36
72 126 31
72 129 78
72 130 9
72 138 98
72 139 64
72 140 13
72 141 89
72 147 92
72 150 51
73 74 51
73 78 89
73 80 8
73 81 15
73 82 98
73 83 55
73 84 15
73 85 32
73 86 90
73 89 77
73 99 95
73 101 61
73 102 6
73 103 78
73 104 81
73 105 62
73 108 75
73 109 94
73 112 2
73 114 5
73 117 66
73 118 18
73 120 45
73 121 8
73 122 8
73 123 98
73 126 58
73 127 21
73 131 91
73 135 66
73 136 44
73 137 17
73 138 47
73 144 31
73 150 90
74 79 82
74 81 95
74 82 12
74 85 46
74 87 58
74 88 24
74 92 92
74 94 58
74 99 49
74 100 12
74 102 72
74 111 71
74 115 36
74 119 2
74 123 91
74 124 36
74 125 80
74 128 19
74 132 56
74 135 87
74 139 53
74 145 86
74 148 19
75 77 73
75 80 39
75 83 37
75 84 97
75 87 16
75 90 100
75 91 6
75 92 2
75 94 88
75 102 23
75 104 16
75 105 50
75 107 73
75 109 43
75 112 23
75 114 5
75 121 73
75 122 2
75 123 7
75 126 3
75 127 61
75 128 16
75 130 50
75 131 57
75 132 24
75 133 92
75 138 84
75 150 89
76 77 22
76 82 6
76 84 86
76 85 53
76 86 3
76 87 53
76 91 77
76 100 54
76 103 26
76 104 57
76 110 27
76 112 3
76 113 68
76 116 22
76 120 52
76 122 71
76 123 98
76 128 50
76 129 24
76 130 27
76 131 91
76 133 39
76 134 41
76 135 88
76 140 88
76 142 66
76 150 19
77 80 32
77 82 70
77 84 50
77 85 85
77 87 91
77 95 54
77 99 92
77 100 5
77 101 46
77 103 63
77 106 42
77 110 17
77 112 95
77 115 39
77 116 57
77 117 64
77 120 63
77 125 98
77 128 30
77 132 5
77 135 36
77 138 87
77 139 10
77 141 62
77 144 93
77 145 95
77 146 11
77 147 85
77 150 15
78 81 38
78 84 14
78 90 96
78 92 45
78 93 31
78 94 1
78 95 13
78 96 44
78 101 94
78 103 42
78 104 56
78 105 31
78 106 59
78 110 69
78 111 91
78 113 50
78 116 35
78 120 3
78 123 82
78 124 36
78 125 65
78 127 4
78 128 3
78 130 12
78 133 99
78 135 61
78 138 20
78 140 65
78 142 85
78 146 13
78 147 84
78 148 72
78 149 67
78 150 46
79 80 78
79 83 1
79 84 94
79 87 91
79 92 76
79 97 85
79 99 43
79 103 72
79 104 20
79 106 96
79 109 1
79 110 79
79 112 24
79 113 3
79 115 87
79 123 84
79 124 82
79 128 36
79 129 65
79 131 46
79 132 23
79 134 46
79 136 67
79 142 33
79 149 47
80 82 9
80 86 46
80 87 3
80 89 96
80 91 78
80 93 59
80 95 7
80 96 21
80 97 78
80 99 41
80 100 42
80 103 8
80 105 56
80 111 99
80 114 45
80 118 46
80 119 83
80 120 4
80 121 19
80 122 3
80 129 43
80 134 21
80 135 72
80 141 21
80 142 46
80 149 2
81 82 27
81 90 23
81 93 47
81 97 76
81 103 100
81 109 82
81 113 20
81 114 57
81 116 25
81 124 96
81 125 33
81 126 50
81 129 94
81 130 52
81 131 90
81 132 22
81 138 26
81 145 27
81 146 38
81 147 81
81 150 2
82 83 70
82 85 78
82 87 47
82 89 72
82 92 5
82 94 2
82 96 64
82 98 37
82 100 43
82 101 45
82 108 97
82 109 6
82 112 29
82 114 70
82 116 84
82 123 84
82 124 94
82 125 76
82 129 18
82 131 92
82 132 91
82 141 44
82 144 48
82 146 16
82 147 67
82 148 67
82 150 54
83 85 33
83 87 92
83 89 22
83 92 79
83 93 20
83 97 10
83 98 61
83 99 20
83 102 50
83 105 33
83 107 70
83 109 28
83 110 77
83 111 73
83 112 44
83 113 4
83 114 15
83 118 80
83 119 44
83 123 79
83 126 76
83 127 6
83 129 53
83 131 46
83 133 9
83 135 98
83 136 76
83 138 51
83 149 66
83 150 45
84 85 84
84 87 82
84 88 99
84 90 88
84 92 75
84 94 5
84 95 78
84 97 95
84 98 96
84 99 74
84 101 85
84 103 62
84 104 81
84 105 12
84 107 6
84 109 61
84 110 89
84 114 74
84 115 10
84 117 99
84 118 74
84 119 95
84 125 41
84 127 61
84 128 3
84 129 50
84 130 32
84 131 56
84 132 68
84 133 38
84 134 60
84 138 70
84 139 59
84 141 76
84 144 96
84 145 22
84 147 100
84 148 75
85 88 68
85 92 41
85 95 79
85 99 62
85 101 66
85 102 78
85 106 56
85 111 66
85 113 60
85 118 39
85 120 51
85 121 47
85 123 20
85 125 76
85 127 1
85 130 66
85 131 75
85 132 90
85 136 100
85 145 78
85 146 83
85 148 71
86 87 34
86 92 75
86 94 89
86 97 58
86 98 65
86 99 9
86 103 77
86 106 81
86 108 50
86 110 11
86 117 62
86 121 49
86 122 94
86 123 29
86 125 18
86 126 2
86 131 35
86 135 12
86 136 99
86 138 15
86 141 19
86 142 42
86 145 8
86 147 37
86 148 9
86 149 24
86 150 56
87 91 82
87 93 15
87 95 52
87 99 26
87 101 86
87 106 83
87 109 30
87 112 30
87 114 77
87 120 99
87 126 70
87 127 62
87 130 38
87 132 13
87 135 72
87 142 61
87 146 8
87 149 69
87 150 15
88 89 21
88 90 73
88 93 45
88 103 92
88 108 39
88 110 70
88 111 56
88 112 14
88 113 9
88 114 49
88 115 51
88 118 8
88 120 19
88 122 52
88 126 29
88 127 7
88 130 89
88 133 40
88 134 43
88 136 28
88 140 45
88 143 47
88 144 65
88 147 50
88 150 6
89 97 33
89 105 4
89 109 7
89 111 86
89 113 7
89 118 30
89 122 18
89 123 11
89 130 67
89 134 97
89 136 51
89 137 64
89 143 93
89 147 2
89 149 36
89 150 36
90 91 60
90 92 58
90 96 80
90 97 86
90 98 3
90 100 95
90 101 53
90 102 43
90 108 24
90 110 89
90 111 98
90 114 68
90 115 30
90 116 22
90 118 74
90 121 58
90 123 20
90 127 62
90 129 47
90 132 95
90 135 44
90 137 96
90 138 23
90 139 30
90 144 2
91 93 24
91 95 66
91 97 77
91 105 16
91 106 79
91 108 41
91 109 83
91 114 15
91 117 6
91 119 51
91 120 61
91 125 9
91 127 5
91 131 15
91 134 71
91 135 37
91 136 54
91 142 91
91 143 94
91 147 87
91 148 13
92 96 7
92 98 6
92 101 63
92 103 41
92 104 33
92 105 56
92 108 99
92 109 33
92 111 75
92 115 73
92 116 14
92 118 38
92 119 25
92 121 95
92 122 72
92 126 86
92 129 64
92 130 93
92 131 93
92 132 12
92 135 64
92 136 20
92 138 84
92 140 15
92 141 67
92 147 70
92 148 9
92 149 65
92 150 75
93 95 39
93 96 24
93 97 38
93 102 1
93 108 44
93 111 99
93 114 15
93 120 35
93 121 95
93 123 32
93 128 34
93 130 75
93 131 74
93 132 27
93 134 71
93 138 38
93 140 86
93 146 71
93 147 91
93 148 23
94 95 64
94 96 49
94 98 28
94 100 78
94 101 17
94 102 1
94 104 73
94 105 44
94 107 86
94 109 29
94 110 98
94 113 2
94 114 53
94 118 42
94 122 26
94 124 57
94 127 100
94 128 54
94 133 60
94 134 15
94 136 76
94 138 72
94 141 93
94 142 37
94 143 58
94 145 66
94 146 7
94 150 81
95 98 93
95 100 23
95 101 3
95 105 73
95 106 29
95 108 37
95 109 97
95 110 17
95 111 18
95 112 61
95 115 93
95 118 26
95 119 65
95 127 16
95 129 79
95 130 10
95 133 49
95 134 4
95 135 28
95 140 2
95 141 83
95 146 33
95 147 58
96 99 42
96 101 91
96 103 44
96 106 18
96 107 28
96 112 87
96 113 39
96 114 6
96 116 23
96 119 6
96 120 93
96 122 8
96 123 49
96 125 83
96 127 61
96 128 47
96 136 51
96 138 83
96 143 65
96 145 78
96 147 81
96 149 71
97 107 76
97 110 57
97 114 76
97 116 56
97 117 90
97 118 79
97 119 24
97 120 87
97 125 87
97 128 80
97 129 89
97 130 82
97 131 61
97 132 43
97 136 88
97 137 71
97 139 6
97 141 44
97 144 52
97 146 49
97 147 79
97 149 69
98 100 43
98 106 61
98 107 81
98 110 82
98 113 48
98 114 89
98 118 50
98 119 67
98 127 32
98 130 3
98 131 34
98 133 100
98 135 94
98 137 85
98 138 85
98 139 86
98 140 24
98 141 72
98 142 69
98 143 93
98 145 9
98 149 90
98 150 21
99 101 82
99 103 33
99 109 70
99 110 87
99 114 34
99 119 82
99 121 38
99 122 41
99 123 1
99 125 77
99 127 37
99 128 29
99 130 52
99 132 77
99 135 73
99 137 92
99 138 68
99 139 66
99 142 91
99 143 14
99 147 40
99 149 56
99 150 29
100 101 84
100 103 69
100 105 64
100 110 2
100 111 3
100 114 29
100 115 82
100 116 7
100 117 24
100 118 27
100 119 65
100 120 32
100 123 12
100 127 82
100 129 83
100 133 38
100 134 37
100 135 49
100 137 4
100 138 40
100 142 4
100 148 89
100 149 60
100 150 71
101 104 95
101 105 56
101 106 90
101 107 66
101 113 24
101 117 27
101 120 98
101 122 94
101 124 86
101 126 96
101 129 18
101 134 53
101 136 97
101 141 61
101 142 79
101 143 18
101 147 32
101 149 32
102 107 62
102 111 3
102 113 39
102 114 30
102 116 87
102 117 27
102 118 68
102 119 82
102 121 39
102 123 37
102 125 98
102 128 82
102 129 49
102 132 74
102 133 48
102 135 59
102 138 48
102 139 76
102 140 23
102 141 66
102 142 45
102 143 79
102 144 68
102 146 35
102 148 6
103 104 29
103 106 82
103 111 87
103 115 19
103 117 6
103 119 9
103 120 26
103 121 74
103 124 58
103 127 97
103 128 56
103 129 16
103 133 84
103 134 32
103 139 50
103 140 83
103 144 63
103 145 31
103 146 97
103 147 3
104 106 72
104 108 93
104 109 26
104 112 6
104 114 41
104 115 92
104 116 53
104 118 13
104 120 93
104 121 1
104 125 5
104 127 93
104 130 84
104 133 68
104 134 98
104 139 51
104 140 50
104 142 32
104 146 8
104 147 2
104 149 2
105 110 57
105 113 12
105 116 100
105 118 7
105 122 49
105 123 92
105 125 64
105 129 28
105 131 24
105 132 34
105 137 48
105 139 95
105 142 99
105 145 71
105 147 69
105 148 22
106 107 37
106 109 46
106 111 15
106 112 73
106 113 68
106 114 73
106 115 3
106 116 56
106 117 42
106 118 20
106 121 90
106 124 40
106 126 92
106 128 30
106 130 6
106 132 86
106 133 29
106 135 49
106 140 49
106 143 65
106 149 72
106 150 94
107 109 3
107 111 41
107 114 19
107 120 34
107 122 66
107 126 42
107 130 66
107 131 52
107 135 77
107 137 15
107 140 74
107 141 34
107 144 65
107 149 42
107 150 28
108 111 3
108 115 42
108 116 76
108 119 12
108 120 46
108 125 27
108 128 18
108 135 6
108 137 1
108 138 79
108 139 82
108 140 55
108 146 38
108 147 66
108 149 19
109 110 46
109 111 54
109 115 23
109 117 20
109 118 41
109 119 96
109 123 94
109 125 100
109 126 6
109 128 45
109 129 17
109 130 61
109 134 57
109 137 56
109 140 79
109 141 48
109 143 20
109 148 45
109 150 66
110 111 31
110 113 80
110 114 25
110 116 24
110 118 68
110 121 52
110 123 12
110 125 100
110 126 12
110 127 98
110 128 13
110 129 48
110 132 54
110 133 70
110 137 41
110 142 53
111 112 32
111 114 8
111 115 99
111 116 78
111 118 6
111 121 61
111 122 28
111 125 91
111 130 86
111 139 32
111 149 31
112 113 4
112 114 48
112 120 11
112 125 26
112 128 10
112 130 18
112 131 100
112 136 64
112 138 96
112 140 63
112 149 100
112 150 85
113 116 22
113 121 27
113 129 8
113 130 96
113 132 22
113 136 96
113 140 39
113 141 27
113 142 32
113 145 15
113 146 21
113 147 1
114 116 19
114 119 14
114 121 25
114 122 65
114 123 86
114 124 12
114 125 9
114 126 48
114 127 24
114 128 50
114 129 32
114 134 23
114 138 82
114 142 34
114 143 32
114 146 42
114 147 53
114 149 70
115 117 75
115 118 2
115 121 66
115 123 27
115 124 43
115 127 88
115 131 89
115 133 40
115 135 23
115 142 75
115 143 87
115 147 93
115 149 23
116 122 55
116 124 90
116 125 90
116 129 88
116 130 39
116 132 75
116 135 8
116 137 90
116 138 77
116 139 22
116 142 10
116 145 59
116 146 64
116 147 46
116 148 28
116 149 95
116 150 21
117 119 5
117 122 100
117 125 33
117 126 71
117 127 47
117 131 20
117 140 91
117 147 95
117 148 84
118 119 78
118 120 27
118 123 16
118 128 26
118 129 26
118 130 71
118 132 80
118 135 95
118 137 56
118 144 67
118 148 84
118 149 36
118 150 70
119 124 55
119 125 100
119 127 71
119 131 53
119 136 31
119 137 6
119 142 39
119 145 93
120 125 51
120 126 17
120 127 95
120 128 9
120 133 80
120 136 11
120 137 96
120 138 69
120 140 11
120 142 39
120 145 25
120 146 35
120 149 4
121 122 73
121 124 89
121 128 67
121 129 74
121 131 16
121 133 4
121 134 74
121 135 34
121 137 43
121 141 21
121 142 88
121 144 87
121 145 75
121 146 82
121 149 65
122 123 40
122 126 15
122 128 37
122 130 62
122 132 17
122 134 23
122 135 7
122 137 18
122 138 57
122 139 13
122 140 1
122 141 25
122 143 93
122 144 76
122 145 19
123 124 82
123 126 49
123 127 29
123 128 72
123 132 8
123 138 93
123 139 42
123 141 92
123 142 1
124 130 66
124 139 43
124 141 35
124 145 77
124 148 100
124 149 6
125 126 50
125 127 88
125 128 95
125 129 59
125 135 4
125 136 58
125 137 50
125 139 5
125 140 85
125 141 71
125 142 97
125 148 74
126 129 71
126 134 1
126 137 64
126 138 8
126 141 6
126 145 84
126 147 91
127 129 24
127 130 60
127 131 40
127 132 59
127 133 38
127 134 23
127 135 19
127 137 60
127 138 26
127 139 60
127 144 69
127 145 25
127 146 70
127 147 98
127 148 84
127 149 91
128 132 61
128 133 86
128 137 92
128 139 99
128 144 63
128 146 14
128 147 16
128 149 55
129 132 71
129 133 73
129 134 39
129 136 57
129 139 26
129 141 35
129 148 90
129 150 45
130 140 24
130 141 85
130 143 25
130 149 39
131 132 3
131 133 43
131 134 47
131 135 90
131 136 34
131 137 72
131 138 73
131 148 36
131 149 82
131 150 69
132 133 70
132 135 83
132 139 52
132 142 91
132 143 61
132 147 28
132 148 8
132 149 75
133 141 86
133 145 69
133 146 57
133 150 89
134 135 48
134 137 88
134 138 1
134 141 23
134 142 36
134 147 83
134 149 7
135 136 27
135 139 62
135 142 29
135 146 63
135 149 16
136 137 48
136 138 72
136 140 73
136 141 63
136 142 46
136 143 27
136 147 4
137 139 61
137 142 27
137 144 13
137 145 94
137 146 33
138 139 52
138 140 71
138 141 60
138 143 83
138 150 59
139 140 33
139 141 10
139 142 33
139 146 74
139 148 25
139 150 30
140 142 85
140 143 34
140 144 72
140 145 7
140 147 25
140 148 76
140 149 60
141 144 99
141 145 59
141 147 75
141 150 60
142 143 14
142 145 24
142 146 37
142 147 11
142 148 5
142 149 76
143 145 66
143 146 88
143 147 3
143 148 25
144 146 36
144 148 16
145 146 66
145 147 17
145 148 32
145 149 94
146 148 47
146 150 77
147 148 45
147 149 11
1 2 65
1 5 77
1 6 8
1 13 53
1 14 85
1 16 65
1 17 88
1 20 85
1 22 16
1 31 41
1 37 96
1 40 65
1 41 84
1 53 11
1 54 78
1 56 11
1 57 28
1 59 75
1 60 50
1 62 38
1 64 24
1 65 63
1 66 13
1 67 9
1 68 92
1 69 7
1 71 91
1 73 20
1 74 52
1 79 55
1 83 44
1 84 32
1 86 10
1 88 8
1 89 56
1 90 30
1 92 55
1 94 3
1 95 34
1 101 20
1 102 16
1 106 90
1 107 18
1 114 1
1 115 100
1 116 58
1 118 82
1 124 90
1 125 54
1 127 44
1 128 10
1 129 56
1 134 10
1 135 29
1 137 1
1 138 34
1 139 87
1 140 92
1 142 4
1 146 52
1 149 42
2 5 48
2 19 2
2 20 39
2 21 97
2 24 44
2 25 98
2 26 91
2 28 65
2 29 80
2 32 60
2 37 32
2 38 37
2 42 24
2 43 33
2 45 11
2 46 1
2 51 13
2 52 85
2 53 55
2 55 78
2 57 3
2 62 92
2 70 48
2 71 26
2 72 81
2 73 68
2 78 55
2 80 47
2 85 5
2 87 76
2 88 13
2 89 20
2 90 40
2 94 75
2 96 42
2 97 30
2 98 40
2 108 56
2 112 21
2 113 67
2 123 11
2 124 24
2 126 26
2 127 1
2 129 24
2 130 73
2 132 13
2 135 16
2 137 42
2 138 30
2 140 19
2 141 53
2 142 68
2 143 95
2 150 43
3 7 53
3 11 9
3 15 62
3 19 15
3 28 23
3 29 93
3 31 58
3 35 34
3 36 92
3 45 8
3 52 5
3 54 25
3 57 41
3 58 24
3 62 69
3 66 84
3 68 87
3 76 52
3 77 43
3 82 88
3 87 90
3 90 14
3 91 26
3 95 89
3 96 29
3 98 66
3 104 23
3 114 26
3 115 15
3 117 84
3 121 95
3 125 77
3 129 36
3 130 26
3 131 73
3 132 10
3 133 44
3 134 60
3 135 18
3 137 85
3 145 33
3 147 12
3 148 8
4 5 68
4 7 29
4 11 61
4 15 23
4 17 21
4 20 41
4 24 2
4 26 12
4 31 22
4 33 81
4 34 24
4 35 36
4 44 7
4 46 99
4 47 95
4 48 100
4 49 26
4 53 36
4 55 23
4 56 84
4 57 44
4 58 67
4 59 95
4 61 40
4 63 75
4 65 36
4 67 74
4 70 64
4 76 85
4 80 68
4 84 79
4 85 67
4 88 58
4 92 8
4 94 10
4 95 66
4 97 56
4 98 94
4 99 95
4 103 61
4 110 54
4 116 55
4 118 48
4 125 88
4 129 15
4 130 98
4 134 70
4 138 57
4 140 5
4 141 26
4 143 24
4 144 57
4 145 95
4 148 7
5 8 79
5 9 26
5 10 71
5 13 47
5 17 50
5 21 77
5 25 15
5 26 66
5 29 22
5 30 3
5 33 9
5 34 58
5 35 94
5 36 89
5 38 65
5 40 88
5 43 58
5 44 15
5 50 92
5 51 51
5 53 52
5 56 38
5 58 3
5 61 65
5 62 82
5 63 18
5 65 1
5 66 4
5 68 34
5 70 47
5 78 27
5 79 35
5 80 51
5 83 10
5 84 48
5 88 58
5 89 67
5 95 56
5 98 84
5 99 15
5 100 36
5 102 52
5 103 68
5 109 88
5 110 71
5 111 63
5 118 98
5 124 48
5 125 73
5 126 36
5 127 50
5 128 24
5 129 43
5 131 30
5 136 100
5 139 53
5 142 60
5 145 84
5 150 58
6 7 77
6 10 27
6 14 61
6 18 34
6 19 49
6 25 92
6 29 12
6 30 16
6 31 84
6 32 43
6 33 55
6 36 99
6 37 2
6 40 15
6 41 13
6 42 8
6 52 73
6 55 81
6 56 89
6 58 31
6 63 50
6 65 27
6 69 37
6 70 64
6 73 27
6 74 35
6 77 87
6 79 43
6 81 63
6 82 43
6 84 8
6 89 81
6 91 2
6 92 36
6 93 44
6 95 40
6 97 82
6 100 45
6 101 32
6 102 56
6 103 9
6 104 95
6 107 47
6 108 45
6 110 67
6 114 3
6 115 37
6 116 90
6 118 60
6 119 9
6 120 35
6 126 34
6 127 77
6 128 17
6 132 22
6 134 26
6 136 93
6 138 84
6 139 80
6 140 54
6 141 97
6 144 79
6 145 39
6 146 53
6 148 30
6 150 53
7 12 33
7 13 28
7 16 72
7 18 9
7 21 60
7 22 86
7 25 3
7 26 74
7 30 18
7 36 66
7 42 31
7 45 59
7 49 20
7 50 57
7 51 8
7 60 89
7 61 41
7 65 93
7 66 63
7 67 67
7 68 87
7 77 28
7 78 8
7 79 91
7 80 2
7 82 93
7 83 56
7 88 59
7 89 10
7 90 80
7 91 31
7 92 39
7 93 94
7 94 53
7 101 81
7 107 90
7 110 13
7 111 85
7 115 26
7 118 4
7 119 67
7 120 49
7 121 78
7 124 39
7 126 45
7 127 49
7 136 33
7 139 86
7 140 83
7 144 83
7 148 67
8 10 37
8 13 56
8 15 45
8 16 23
8 20 47
8 23 16
8 26 83
8 29 68
8 30 8
8 42 37
8 45 58
8 50 94
8 51 94
8 53 64
8 58 62
8 62 2
8 63 99
8 66 62
8 67 81
8 72 81
8 74 5
8 76 50
8 78 56
8 79 55
8 80 62
8 81 3
8 83 38
8 85 69
8 87 13
8 88 70
8 91 51
8 95 36
8 97 14
8 112 70
8 115 34
8 122 16
8 124 28
8 131 18
8 132 52
8 140 82
8 141 57
8 142 1
8 143 98
8 144 77
8 148 70
8 149 67
9 11 55
9 14 17
9 16 63
9 19 3
9 24 86
9 25 75
9 26 54
9 28 84
9 35 8
9 37 76
9 38 1
9 39 26
9 41 42
9 44 3
9 47 40
9 48 46
9 49 41
9 50 85
9 52 60
9 58 94
9 59 65
9 60 56
9 63 50
9 65 9
9 66 95
9 67 54
9 69 75
9 74 33
9 76 39
9 78 86
9 81 100
9 83 31
9 84 50
9 86 99
9 88 90
9 89 68
9 90 18
9 91 9
9 92 33
9 94 92
9 95 74
9 96 65
9 97 31
9 100 76
9 104 82
9 109 31
9 110 47
9 112 81
9 114 82
9 115 35
9 116 81
9 117 10
9 121 39
9 126 94
9 128 58
9 132 13
9 136 27
9 137 80
9 138 73
9 139 83
9 142 53
9 145 64
9 150 44
10 13 11
10 16 69
10 19 77
10 21 43
10 26 28
10 32 62
10 33 87
10 37 23
10 39 39
10 40 36
10 41 7
10 43 79
10 45 3
10 48 71
10 49 2
10 52 82
10 56 54
10 58 1
10 59 70
10 60 59
10 61 12
10 63 86
10 65 91
10 66 63
10 67 18
10 68 24
10 69 67
10 72 54
10 77 19
10 79 78
10 82 56
10 83 35
10 84 36
10 85 99
10 87 78
10 90 77
10 91 55
10 93 22
10 95 24
10 100 66
10 103 49
10 105 7
10 110 24
10 112 35
10 114 57
10 116 44
10 120 51
10 121 65
10 123 16
10 124 69
10 127 85
10 128 41
10 131 53
10 135 73
10 143 46
10 145 93
10 146 80
11 14 2
11 16 81
11 19 3
11 20 56
11 24 14
11 27 42
11 28 97
11 29 34
11 30 83
11 31 31
11 35 53
11 42 28
11 44 65
11 46 25
11 49 99
11 50 33
11 55 63
11 56 67
11 57 41
11 64 30
11 65 27
11 66 4
11 74 81
11 77 66
11 78 16
11 80 15
11 81 13
11 86 15
11 87 96
11 89 87
11 91 31
11 94 45
11 98 57
11 99 88
11 101 71
11 103 96
11 106 30
11 107 71
11 109 23
11 111 16
11 113 86
11 114 55
11 116 88
11 120 32
11 121 27
11 123 17
11 125 25
11 126 26
11 127 92
11 130 70
11 131 87
11 132 51
11 133 82
11 135 6
11 137 40
11 139 73
11 142 98
11 148 99
12 19 30
12 28 77
12 29 79
12 31 97
12 32 27
12 34 5
12 35 42
12 36 4
12 38 10
12 41 40
12 42 7
12 44 49
12 46 88
12 50 98
12 55 67
12 57 75
12 58 87
12 60 62
12 61 78
12 65 34
12 68 86
12 71 96
12 74 71
12 75 19
12 79 16
12 80 60
12 83 67
12 89 100
12 90 76
12 91 10
12 93 86
12 95 81
12 97 76
12 102 4
12 103 66
12 105 93
12 107 17
12 109 3
12 112 21
12 113 30
12 117 90
12 119 72
12 121 71
12 122 89
12 124 35
12 134 31
12 136 88
12 139 22
12 141 100
12 144 21
12 145 73
12 148 92
12 149 36
13 15 20
13 17 90
13 18 5
13 20 40
13 21 30
13 23 55
13 24 42
13 25 58
13 29 67
13 31 24
13 33 66
13 37 79
13 38 64
13 46 44
13 51 43
13 53 72
13 54 86
13 56 7
13 57 42
13 58 75
13 59 15
13 64 44
13 69 84
13 75 44
13 79 90
13 84 3
13 89 34
13 91 89
13 92 62
13 93 48
13 97 90
13 102 47
13 108 12
13 109 67
13 117 3
13 118 57
13 119 7
13 122 72
13 125 14
13 136 87
13 137 65
13 138 25
13 139 84
13 143 3
13 148 33
13 150 76
14 15 29
14 16 91
14 29 48
14 30 18
14 33 76
14 38 53
14 39 45
14 42 28
14 43 56
14 44 1
14 45 6
14 46 45
14 48 61
14 49 36
14 52 85
14 54 94
14 55 62
14 56 6
14 65 76
14 69 82
14 72 86
14 75 9
14 76 33
14 77 63
14 79 47
14 81 91
14 82 14
14 85 58
14 86 78
14 87 100
14 90 62
14 92 3
14 95 23
14 96 91
14 102 46
14 104 45
14 105 29
14 109 25
14 110 100
14 112 47
14 114 84
14 116 2
14 119 44
14 123 23
14 126 15
14 128 100
14 129 12
14 130 91
14 131 64
14 134 66
14 136 12
14 140 47
14 141 9
14 144 79
14 145 54
14 148 11
14 149 38
14 150 67
15 16 1
15 17 60
15 22 5
15 23 58
15 25 76
15 26 83
15 31 91
15 33 2
15 37 9
15 38 9
15 39 89
15 41 44
15 43 72
15 48 33
15 49 50
15 50 68
15 53 46
15 58 37
15 61 58
15 62 4
15 64 44
15 65 45
15 67 51
15 68 73
15 74 70
15 79 17
15 80 95
15 83 14
15 85 6
15 88 37
15 89 45
15 90 23
15 91 97
15 93 33
15 94 26
15 101 28
15 103 79
15 110 23
15 111 87
15 113 15
15 119 50
15 121 93
15 127 77
15 132 53
15 133 72
15 134 3
15 140 85
15 143 74
15 148 51
15 150 3
16 17 67
16 19 23
16 20 78
16 21 14
16 22 97
16 24 46
16 27 34
16 32 87
16 40 55
16 47 67
16 52 57
16 57 41
16 58 75
16 60 12
16 61 14
16 63 12
16 69 67
16 70 3
16 73 56
16 78 97
16 79 29
16 82 2
16 85 57
16 86 53
16 87 49
16 92 56
16 93 82
16 100 48
16 103 46
16 104 44
16 111 55
16 112 48
16 113 70
16 115 88
16 117 20
16 121 12
16 122 71
16 123 66
16 124 13
16 125 61
16 128 20
16 129 69
16 134 81
16 136 73
16 142 19
16 149 21
16 150 94
17 18 35
17 19 81
17 26 62
17 27 38
17 30 70
17 34 74
17 35 86
17 36 29
17 43 31
17 46 22
17 48 80
17 53 37
17 54 45
17 55 89
17 58 75
17 61 29
17 62 28
17 64 73
17 65 28
17 68 50
17 71 63
17 72 1
17 73 15
17 75 41
17 78 46
17 79 62
17 84 82
17 89 58
17 92 28
17 95 32
17 97 64
17 99 63
17 104 7
17 106 36
17 109 91
17 110 46
17 113 84
17 114 54
17 116 55
17 123 3
17 127 29
17 129 27
17 131 28
17 132 27
17 134 36
17 135 19
17 136 30
17 139 55
17 141 79
17 144 75
17 145 39
17 146 56
17 150 55
18 21 14
18 23 59
18 30 97
18 34 40
18 35 92
18 39 40
18 41 5
18 42 10
18 43 61
18 47 95
18 49 9
18 53 1
18 55 81
18 56 51
18 58 65
18 59 90
18 62 51
18 63 94
18 65 36
18 66 54
18 67 82
18 68 34
18 71 20
18 73 32
18 74 84
18 81 81
18 82 42
18 83 73
18 84 52
18 88 94
18 89 61
18 97 48
18 99 67
18 101 26
18 102 3
18 106 23
18 107 83
18 110 15
18 111 58
18 112 51
18 113 86
18 114 41
18 115 74
18 116 74
18 120 67
18 122 56
18 125 14
18 127 93
18 128 94
18 129 45
18 130 47
18 132 88
18 135 25
18 136 12
18 137 56
18 139 82
18 140 19
18 144 92
18 146 76
18 147 2
18 150 91
19 22 89
19 23 57
19 26 59
19 29 63
19 30 57
19 33 47
19 34 80
19 37 34
19 38 59
19 39 91
19 42 39
19 47 51
19 48 16
19 49 40
19 51 96
19 56 72
19 58 24
19 60 88
19 66 31
19 67 68
19 72 28
19 73 95
19 75 39
19 76 40
19 77 60
19 79 35
19 82 25
19 83 35
19 86 20
19 88 51
19 89 48
19 92 63
19 96 27
19 98 49
19 103 72
19 104 62
19 108 88
19 111 26
19 113 2
19 114 56
19 115 21
19 116 97
19 119 91
19 121 32
19 123 82
19 126 97
19 130 31
19 133 53
19 134 48
19 136 42
19 137 15
19 138 71
19 139 77
19 142 32
19 145 92
19 147 82
19 148 77
19 150 47
20 25 40
20 30 58
20 32 15
20 36 15
20 39 86
20 43 74
20 45 12
20 48 86
20 50 59
20 58 100
20 60 6
20 62 48
20 63 22
20 65 30
20 66 86
20 67 35
20 71 1
20 75 35
20 77 92
20 84 28
20 85 25
20 87 91
20 90 2
20 96 83
20 97 37
20 99 4
20 101 32
20 104 12
20 105 89
20 107 90
20 108 80
20 111 85
20 112 4
20 113 13
20 114 35
20 115 4
20 119 96
20 128 78
20 130 82
20 131 47
20 137 67
20 138 47
20 139 43
20 142 62
20 143 61
20 144 29
20 145 8
20 147 82
20 149 15
21 22 43
21 26 88
21 29 41
21 30 98
21 35 77
21 36 85
21 37 35
21 38 28
21 43 88
21 44 65
21 50 18
21 51 89
21 52 4
21 54 51
21 56 70
21 58 1
21 59 51
21 61 68
21 62 91
21 66 32
21 67 42
21 72 48
21 73 76
21 75 50
21 81 1
21 82 93
21 84 17
21 85 73
21 86 66
21 96 54
21 100 5
21 101 82
21 102 20
21 107 89
21 108 13
21 109 26
21 112 83
21 115 15
21 116 69
21 117 78
21 123 77
21 128 97
21 131 18
21 134 88
21 135 21
21 143 65
21 145 22
21 148 52
22 23 31
22 29 63
22 30 32
22 33 16
22 35 33
22 36 79
22 37 43
22 40 69
22 46 71
22 52 22
22 53 85
22 55 38
22 58 30
22 60 12
22 65 18
22 66 87
22 69 68
22 74 93
22 77 6
22 86 1
22 87 15
22 89 10
22 92 41
22 98 93
22 101 80
22 102 51
22 104 88
22 113 96
22 116 60
22 117 9
22 120 83
22 122 4
22 123 68
22 125 10
22 126 73
22 128 39
22 129 65
22 132 36
22 135 47
22 136 59
22 141 93
22 142 45
22 145 48
22 146 15
22 148 19
22 149 38
23 25 54
23 26 8
23 29 85
23 32 2
23 35 68
23 36 10
23 37 90
23 38 25
23 45 59
23 46 56
23 49 79
23 52 6
23 53 56
23 60 45
23 62 71
23 63 2
23 64 35
23 70 12
23 71 86
23 75 14
23 76 86
23 79 16
23 91 82
23 92 35
23 94 10
23 106 57
23 109 56
23 114 93
23 118 25
23 120 31
23 126 21
23 128 59
23 133 7
23 136 89
23 138 72
23 149 12
23 150 67
24 32 95
24 34 25
24 35 41
24 37 58
24 39 4
24 41 85
24 44 98
24 47 27
24 50 39
24 52 3
24 53 65
24 57 85
24 58 5
24 60 22
24 62 18
24 65 71
24 66 20
24 69 51
24 75 90
24 76 61
24 82 66
24 83 56
24 85 64
24 90 36
24 91 55
24 92 72
24 97 19
24 99 69
24 102 45
24 103 51
24 105 46
24 110 6
24 111 45
24 112 52
24 117 100
24 126 73
24 129 95
24 131 77
24 132 11
24 133 58
24 135 56
24 136 45
24 137 38
24 142 32
24 143 6
24 144 25
24 145 63
24 146 84
24 149 32
24 150 42
25 32 37
25 33 31
25 37 93
25 38 94
25 40 64
25 44 7
25 46 47
25 47 87
25 50 24
25 52 76
25 54 33
25 55 82
25 59 54
25 61 93
25 64 42
25 67 57
25 68 22
25 72 86
25 73 59
25 76 53
25 77 85
25 78 59
25 79 56
25 80 93
25 82 38
25 88 66
25 89 37
25 90 44
25 93 26
25 99 25
25 103 92
25 106 35
25 110 72
25 122 50
25 123 26
25 125 89
25 126 37
25 138 32
25 140 84
25 150 67
26 28 40
26 31 45
26 32 20
26 33 69
26 34 54
26 35 46
26 37 71
26 38 55
26 40 15
26 41 12
26 44 85
26 52 87
26 53 41
26 57 49
26 58 75
26 61 18
26 62 54
26 63 74
26 64 82
26 65 77
26 66 86
26 68 96
26 69 54
26 72 50
26 73 79
26 74 84
26 77 22
26 79 32
26 80 33
26 84 14
26 85 76
26 86 66
26 87 56
26 89 36
26 90 86
26 92 4
26 95 81
26 96 47
26 97 31
26 99 27
26 100 67
26 103 63
26 105 15
26 107 83
26 108 23
26 117 51
26 120 93
26 121 45
26 125 27
26 127 21
26 129 82
26 130 58
26 131 51
26 132 100
26 138 30
26 140 73
26 142 77
26 143 33
26 147 9
26 148 96
26 149 69
27 29 78
27 30 64
27 31 4
27 36 32
27 37 3
27 44 95
27 52 60
27 58 27
27 59 67
27 62 74
27 64 20
27 68 78
27 70 25
27 71 47
27 72 100
27 73 58
27 74 19
27 75 84
27 79 8
27 81 10
27 85 25
27 86 20
27 87 50
27 88 1
27 89 4
27 92 99
27 93 81
27 98 75
27 100 97
27 106 36
27 109 27
27 110 54
27 112 56
27 113 22
27 116 96
27 118 53
27 119 86
27 124 42
27 127 60
27 128 10
27 130 25
27 131 66
27 133 41
27 138 95
27 139 24
27 144 41
27 147 79
27 149 12
28 31 75
28 39 24
28 41 62
28 43 55
28 44 88
28 47 26
28 51 52
28 52 24
28 53 92
28 54 62
28 55 51
28 56 9
28 60 94
28 61 7
28 64 35
28 65 78
28 70 86
28 71 89
28 75 83
28 79 46
28 82 37
28 87 98
28 93 58
28 94 48
28 96 63
28 98 95
28 108 97
28 109 86
28 111 97
28 114 85
28 117 20
28 118 52
28 127 31
28 130 30
28 131 83
28 132 3
28 135 11
28 139 41
28 142 93
28 145 82
28 147 76
29 30 82
29 35 16
29 39 16
29 46 8
29 51 86
29 52 24
29 53 56
29 54 95
29 58 54
29 59 66
29 61 35
29 62 4
29 67 41
29 71 73
29 72 58
29 78 53
29 79 94
29 83 58
29 88 59
29 90 41
29 92 84
29 94 53
29 95 85
29 97 77
29 98 94
29 99 25
29 100 38
29 104 1
29 105 54
29 106 34
29 107 92
29 112 46
29 114 49
29 118 80
29 119 24
29 120 70
29 123 91
29 125 61
29 132 31
29 133 30
29 134 77
29 135 58
29 139 20
29 141 91
29 143 49
29 145 47
29 147 54
29 148 22
30 31 78
30 37 45
30 40 65
30 41 43
30 42 30
30 43 63
30 46 41
30 47 7
30 48 43
30 50 26
30 52 55
30 53 42
30 54 72
30 55 16
30 56 71
30 57 36
30 58 75
30 61 62
30 62 7
30 68 81
30 69 73
30 76 59
30 78 70
30 80 62
30 81 76
30 86 34
30 88 62
30 90 45
30 91 44
30 92 97
30 94 51
30 97 33
30 98 23
30 101 94
30 105 78
30 107 43
30 109 2
30 110 28
30 111 4
30 112 5
30 117 85
30 121 38
30 123 63
30 128 64
30 129 66
30 131 47
30 133 20
30 134 39
30 135 10
30 141 81
30 142 56
30 144 54
30 145 97
30 147 34
30 148 88
30 149 24
31 32 20
31 37 34
31 39 19
31 43 23
31 45 57
31 46 80
31 60 17
31 62 93
31 64 19
31 65 80
31 66 84
31 67 37
31 70 30
31 71 20
31 74 71
31 77 19
31 82 83
31 84 67
31 87 78
31 89 11
31 90 67
31 91 43
31 92 33
31 94 86
31 98 58
31 104 60
31 105 95
31 107 85
31 108 53
31 111 87
31 112 14
31 117 14
31 118 48
31 119 28
31 120 13
31 122 35
31 123 68
31 128 12
31 129 50
31 136 88
31 137 75
31 140 76
31 141 13
31 145 76
31 146 71
31 148 48
31 149 64
32 36 67
32 37 3
32 39 86
32 42 53
32 44 17
32 46 89
32 47 64
32 50 69
32 51 63
32 54 32
32 55 84
32 56 71
32 66 99
32 68 46
32 70 26
32 71 42
32 72 38
32 73 5
32 76 97
32 79 6
32 81 29
32 83 49
32 86 10
32 88 31
32 92 67
32 96 15
32 99 13
32 100 32
32 101 96
32 104 50
32 112 27
32 113 83
32 114 48
32 115 89
32 122 84
32 123 88
32 128 28
32 131 9
32 133 47
32 136 38
32 137 48
32 139 16
32 141 47
32 142 15
32 146 1
32 148 34
32 149 20
33 37 13
33 38 51
33 39 92
33 44 98
33 45 34
33 49 18
33 56 64
33 62 81
33 65 88
33 66 69
33 72 40
33 74 45
33 75 77
33 80 26
33 83 66
33 84 23
33 88 14
33 90 4
33 92 55
33 96 89
33 97 80
33 101 33
33 108 81
33 112 67
33 113 97
33 114 76
33 116 19
33 119 10
33 120 37
33 121 33
33 122 16
33 123 92
33 124 99
33 129 92
33 131 61
33 132 75
33 133 55
33 135 61
33 140 76
33 145 1
33 146 56
34 36 98
34 41 83
34 44 24
34 47 33
34 48 67
34 50 18
34 52 11
34 54 53
34 55 51
34 60 80
34 61 26
34 65 74
34 66 71
34 72 25
34 73 19
34 74 31
34 82 95
34 83 74
34 84 36
34 85 32
34 89 21
34 90 85
34 91 65
34 93 47
34 94 31
34 95 26
34 96 56
34 97 65
34 98 79
34 102 38
34 105 98
34 107 84
34 111 56
34 113 7
34 120 84
34 122 36
34 125 54
34 127 41
34 128 40
34 137 83
34 140 78
34 141 55
34 142 66
34 146 31
34 147 97
35 37 28
35 38 53
35 40 83
35 41 67
35 44 5
35 45 20
35 46 92
35 47 67
35 50 48
35 53 91
35 56 71
35 60 7
35 62 57
35 63 98
35 65 18
35 68 72
35 69 57
35 72 68
35 73 81
35 77 10
35 80 73
35 84 100
35 86 4
35 88 28
35 91 29
35 92 49
35 93 12
35 94 64
35 96 28
35 97 13
35 98 62
35 99 79
35 100 26
35 102 65
35 105 46
35 108 81
35 110 89
35 114 25
35 121 96
35 126 74
35 129 52
35 134 51
35 136 10
35 140 73
35 143 84
35 148 11
36 38 44
36 41 40
36 43 18
36 45 5
36 48 39
36 49 51
36 50 18
36 55 53
36 58 13
36 59 45
36 62 36
36 64 57
36 65 78
36 68 85
36 70 70
36 72 49
36 74 57
36 76 61
36 78 23
36 80 50
36 82 25
36 83 26
36 86 50
36 87 70
36 91 44
36 93 36
36 94 87
36 97 48
36 101 12
36 103 52
36 104 29
36 105 17
36 108 42
36 109 67
36 112 37
36 113 81
36 114 56
36 118 62
36 120 86
36 121 58
36 122 73
36 123 22
36 125 30
36 126 97
36 129 82
36 134 65
36 139 3
36 140 65
36 142 88
36 143 79
36 146 69
36 148 9
36 149 41
37 38 41
37 39 48
37 40 31
37 41 36
37 43 91
37 45 71
37 46 99
37 48 60
37 49 56
37 51 30
37 53 68
37 54 21
37 56 97
37 57 40
37 61 40
37 63 36
37 64 64
37 68 20
37 72 49
37 73 26
37 75 39
37 81 62
37 90 28
37 94 88
37 98 44
37 100 30
37 101 93
37 105 44
37 106 32
37 119 65
37 122 52
37 124 2
37 125 94
37 126 15
37 127 81
37 128 46
37 130 29
37 132 10
37 133 98
37 134 84
37 135 36
37 137 89
37 139 40
37 140 81
37 143 38
37 146 76
37 147 84
37 148 28
37 149 15
38 40 25
38 41 88
38 45 25
38 50 58
38 53 78
38 55 64
38 59 12
38 63 30
38 65 45
38 66 31
38 67 10
38 79 38
38 80 90
38 81 63
38 82 97
38 84 10
38 85 18
38 88 25
38 89 22
38 91 68
38 92 72
38 93 35
38 99 3
38 102 17
38 103 93
38 104 9
38 105 32
38 106 10
38 111 26
38 112 12
38 115 41
38 117 6
38 120 90
38 123 44
38 129 97
38 132 82
38 136 87
38 138 35
38 142 70
38 143 32
38 144 34
39 42 94
39 46 31
39 47 100
39 49 87
39 51 96
39 56 14
39 59 30
39 60 40
39 61 14
39 62 55
39 65 36
39 68 25
39 70 36
39 74 83
39 75 65
39 78 83
39 79 54
39 80 77
39 81 51
39 82 44
39 87 46
39 91 99
39 92 67
39 93 77
39 95 7
39 100 39
39 101 88
39 103 25
39 105 68
39 106 43
39 116 76
39 120 38
39 123 63
39 124 75
39 125 43
39 127 26
39 129 97
39 130 3
39 135 30
39 136 38
39 140 94
39 146 6
39 148 23
39 149 36
40 42 19
40 43 69
40 45 34
40 46 64
40 47 63
40 48 55
40 50 57
40 52 15
40 53 50
40 54 81
40 58 96
40 66 35
40 70 3
40 79 99
40 82 73
40 83 57
40 90 83
40 91 75
40 92 45
40 94 52
40 98 46
40 103 14
40 111 82
40 114 10
40 117 52
40 118 76
40 119 29
40 121 42
40 122 43
40 124 2
40 125 79
40 127 6
40 129 88
40 130 14
40 131 17
40 132 80
40 134 89
40 137 5
40 138 53
40 142 15
40 146 10
40 147 14
41 42 74
41 44 27
41 47 30
41 50 16
41 55 75
41 58 48
41 63 27
41 66 40
41 67 42
41 68 62
41 69 71
41 70 23
41 71 7
41 74 80
41 75 85
41 76 79
41 77 80
41 78 12
41 79 51
41 80 63
41 81 36
41 87 13
41 89 64
41 94 23
41 95 79
41 102 100
41 103 89
41 104 65
41 106 53
41 109 12
41 110 93
41 112 9
41 114 67
41 118 47
41 121 78
41 129 5
41 131 12
41 132 65
41 134 17
41 138 9
41 140 85
41 141 22
41 147 19
41 148 76
41 149 32
42 43 44
42 45 18
42 48 32
42 52 39
42 53 40
42 55 90
42 59 43
42 63 11
42 64 37
42 67 7
42 72 61
42 73 86
42 74 59
42 76 77
42 77 47
42 78 75
42 84 60
42 87 16
42 89 82
42 90 23
42 96 53
42 98 38
42 102 82
42 108 51
42 117 7
42 118 21
42 120 10
42 121 5
42 122 11
42 124 36
42 125 56
42 126 96
42 128 46
42 132 71
42 134 25
42 135 43
42 136 15
42 138 94
42 140 43
42 141 83
42 146 28
43 45 66
43 46 80
43 49 31
43 53 90
43 56 59
43 57 95
43 58 18
43 60 89
43 61 79
43 63 54
43 74 59
43 75 23
43 76 32
43 81 97
43 83 65
43 84 55
43 89 58
43 95 69
43 97 17
43 102 90
43 107 4
43 108 44
43 109 29
43 110 58
43 114 26
43 116 8
43 117 9
43 118 10
43 120 3
43 123 99
43 124 7
43 125 1
43 129 32
43 130 25
43 133 59
43 141 44
43 147 50
44 48 19
44 51 24
44 52 77
44 53 24
44 54 50
44 57 4
44 61 27
44 62 24
44 63 60
44 65 6
44 67 91
44 69 30
44 73 77
44 75 70
44 76 14
44 82 5
44 83 92
44 88 85
44 89 35
44 93 93
44 97 41
44 114 9
44 115 35
44 119 86
44 121 15
44 124 40
44 125 45
44 127 69
44 130 96
44 136 55
44 140 1
45 53 23
45 55 54
45 57 68
45 58 13
45 60 18
45 64 16
45 65 7
45 68 16
45 69 51
45 73 15
45 74 21
45 75 19
45 86 68
45 87 9
45 89 71
45 91 80
45 95 33
45 96 20
45 99 95
45 102 13
45 111 51
45 113 50
45 114 43
45 119 2
45 121 24
45 122 24
45 124 14
45 125 31
45 126 33
45 127 68
45 131 63
45 136 95
45 138 29
45 143 5
45 147 84
46 48 51
46 49 32
46 50 44
46 51 77
46 53 44
46 55 88
46 59 3
46 65 80
46 68 26
46 69 62
46 70 91
46 72 31
46 73 48
46 76 52
46 77 44
46 78 89
46 81 96
46 89 86
46 95 84
46 96 53
46 97 14
46 103 61
46 104 24
46 106 46
46 108 17
46 110 9
46 112 48
46 114 47
46 122 47
46 123 5
46 124 80
46 125 26
46 131 82
46 132 1
46 139 30
46 141 14
46 142 47
46 144 39
46 146 87
46 147 53
46 150 77
47 49 39
47 50 90
47 51 18
47 53 87
47 55 9
47 56 33
47 60 39
47 61 61
47 63 14
47 64 95
47 68 55
47 69 17
47 70 90
47 71 5
47 72 85
47 79 42
47 81 24
47 83 8
47 85 9
47 87 24
47 88 89
47 92 51
47 94 69
47 95 35
47 96 80
47 97 86
47 102 56
47 109 59
47 110 18
47 112 6
47 114 73
47 118 2
47 124 88
47 125 47
47 135 91
47 147 74
47 148 8
48 50 62
48 51 82
48 54 99
48 57 14
48 58 31
48 60 29
48 61 99
48 63 71
48 66 53
48 67 65
48 68 77
48 69 18
48 73 44
48 82 2
48 84 13
48 85 89
48 86 49
48 88 42
48 89 22
48 90 68
48 92 50
48 94 27
48 99 26
48 101 39
48 102 87
48 107 30
48 109 2
48 111 43
48 116 1
48 127 54
48 131 59
48 143 39
48 144 7
48 145 1
48 149 12
49 50 47
49 51 40
49 52 89
49 54 28
49 55 7
49 59 90
49 60 16
49 64 36
49 68 39
49 70 84
49 71 4
49 74 93
49 80 26
49 81 84
49 85 90
49 87 31
49 88 76
49 90 51
49 94 80
49 95 26
49 99 18
49 102 26
49 104 1
49 108 2
49 109 36
49 111 12
49 113 73
49 114 39
49 118 94
49 119 21
49 122 72
49 125 21
49 126 87
49 127 29
49 128 46
49 129 17
49 131 57
49 132 44
49 135 52
49 136 7
49 137 8
49 139 38
49 140 59
49 141 53
49 142 99
49 143 18
49 144 14
49 146 48
49 147 89
49 150 23
50 51 11
50 53 72
50 55 33
50 56 45
50 58 98
50 61 73
50 64 88
50 65 64
50 68 62
50 69 59
50 71 14
50 74 37
50 79 2
50 81 48
50 84 68
50 96 85
50 98 47
50 100 35
50 101 6
50 108 62
50 109 38
50 110 93
50 114 36
50 118 2
50 122 25
50 123 37
50 125 39
50 126 92
50 127 59
50 128 91
50 134 58
50 135 65
50 138 60
50 141 33
50 142 88
50 147 15
50 150 23
51 52 62
51 56 75
51 59 36
51 63 63
51 64 69
51 65 19
51 68 32
51 69 43
51 70 8
51 71 15
51 74 57
51 75 28
51 78 90
51 79 34
51 80 88
51 82 38
51 85 44
51 88 92
51 90 25
51 91 17
51 94 33
51 98 63
51 99 10
51 102 66
51 103 80
51 104 54
51 114 7
51 118 70
51 119 27
51 123 15
51 126 35
51 127 32
51 128 72
51 129 99
51 137 29
51 140 2
51 141 14
51 145 87
51 146 34
51 147 50
51 149 97
52 53 40
52 57 40
52 60 95
52 62 45
52 63 68
52 64 70
52 65 1
52 66 95
52 67 33
52 70 5
52 78 56
52 80 84
52 82 80
52 83 67
52 84 20
52 86 33
52 89 10
52 91 54
52 94 59
52 95 21
52 99 80
52 101 56
52 102 4
52 104 76
52 105 90
52 106 30
52 107 97
52 109 12
52 110 19
52 111 33
52 112 8
52 115 87
52 117 69
52 118 15
52 121 51
52 122 95
52 124 17
52 126 47
52 127 41
52 129 70
52 131 68
52 139 72
52 141 59
52 149 4
53 54 21
53 58 69
53 59 45
53 60 73
53 64 61
53 65 65
53 67 53
53 77 23
53 81 100
53 82 97
53 84 92
53 87 72
53 88 51
53 91 92
53 92 93
53 93 93
53 98 26
53 99 38
53 100 88
53 102 52
53 105 48
53 108 11
53 110 12
53 111 50
53 114 64
53 116 18
53 117 75
53 119 25
53 122 65
53 123 44
53 124 41
53 125 70
53 126 83
53 133 33
53 134 51
53 136 23
53 142 10
53 144 36
53 147 64
53 148 90
53 149 4
53 150 86
54 57 55
54 61 75
54 69 36
54 71 6
54 72 84
54 73 99
54 74 16
54 80 23
54 81 21
54 83 42
54 84 12
54 90 19
54 91 16
54 94 33
54 95 8
54 96 97
54 97 29
54 98 46
54 106 29
54 107 82
54 108 34
54 109 87
54 110 69
54 114 69
54 122 2
54 124 74
54 125 23
54 126 29
54 127 1
54 129 12
54 130 6
54 133 32
54 135 50
54 139 98
54 143 75
54 147 5
55 58 88
55 59 36
55 67 83
55 68 69
55 72 40
55 73 33
55 75 43
55 76 52
55 80 41
55 83 65
55 85 14
55 86 100
55 88 93
55 89 74
55 93 50
55 94 29
55 95 2
55 100 59
55 103 84
55 104 18
55 105 48
55 108 22
55 110 79
55 112 94
55 114 44
55 115 40
55 119 67
55 121 13
55 124 94
55 125 57
55 127 73
55 133 65
55 143 65
55 145 19
55 147 40
55 149 10
56 58 65
56 59 74
56 64 55
56 66 98
56 68 20
56 69 78
56 71 24
56 73 93
56 76 7
56 78 46
56 79 33
56 83 20
56 84 70
56 86 88
56 90 100
56 92 70
56 94 33
56 98 66
56 100 79
56 101 48
56 106 12
56 109 33
56 115 63
56 116 51
56 118 4
56 120 62
56 124 24
56 125 5
56 129 61
56 132 80
56 134 65
56 141 41
56 145 63
56 147 48
56 150 93
57 60 7
57 61 81
57 64 56
57 67 90
57 69 8
57 73 98
57 76 62
57 77 83
57 79 83
57 81 6
57 82 94
57 90 46
57 91 23
57 93 26
57 95 50
57 99 93
57 101 61
57 103 5
57 105 65
57 106 42
57 107 82
57 108 91
57 109 18
57 110 81
57 114 77
57 115 22
57 118 49
57 119 65
57 120 59
57 127 9
57 130 93
57 131 46
57 132 1
57 136 51
57 138 85
57 139 73
57 142 53
57 147 97
57 148 22
58 59 67
58 62 3
58 63 39
58 67 79
58 73 33
58 76 13
58 78 37
58 79 69
58 84 99
58 85 96
58 87 56
58 92 22
58 94 55
58 101 29
58 104 27
58 110 13
58 116 64
58 117 34
58 125 66
58 126 7
58 129 95
58 130 6
58 134 81
58 137 13
58 141 85
58 143 1
58 146 80
58 147 14
58 148 24
58 150 70
59 61 50
59 62 46
59 63 42
59 64 40
59 65 73
59 67 56
59 70 83
59 72 5
59 74 81
59 75 30
59 76 61
59 80 77
59 83 69
59 84 76
59 85 60
59 86 31
59 87 99
59 89 63
59 90 100
59 91 40
59 93 17
59 95 68
59 101 53
59 104 94
59 112 19
59 113 100
59 116 90
59 119 70
59 121 99
59 125 27
59 127 37
59 128 31
59 129 29
59 130 66
59 133 14
59 135 21
59 140 97
59 141 67
59 144 99
59 146 82
59 147 73
60 61 16
60 64 62
60 67 46
60 68 1
60 69 76
60 70 86
60 71 80
60 74 12
60 75 73
60 77 67
60 80 33
60 83 33
60 85 64
60 86 78
60 87 41
60 89 93
60 90 11
60 91 15
60 95 77
60 99 4
60 102 16
60 103 97
60 104 79
60 106 71
60 113 78
60 114 6
60 115 95
60 119 50
60 122 96
60 127 23
60 129 85
60 131 69
60 133 1
60 135 76
60 141 86
60 146 83
60 149 35
61 63 9
61 65 15
61 66 81
61 69 23
61 70 99
61 78 4
61 79 99
61 84 44
61 85 77
61 87 10
61 92 27
61 96 87
61 99 61
61 102 4
61 104 36
61 108 25
61 110 46
61 111 90
61 112 58
61 115 40
61 116 31
61 120 11
61 121 45
61 125 67
61 127 52
61 132 92
61 136 79
61 139 75
61 141 35
61 142 47
61 145 25
61 146 22
61 150 89
62 64 11
62 67 19
62 69 83
62 70 34
62 77 30
62 80 72
62 81 79
62 83 28
62 84 26
62 88 68
62 92 70
62 95 99
62 96 60
62 102 94
62 103 5
62 110 10
62 113 29
62 120 50
62 122 42
62 124 98
62 125 1
62 126 92
62 127 36
62 128 6
62 130 69
62 131 37
62 132 44
62 133 35
62 135 9
62 136 6
62 137 34
62 144 20
62 147 32
62 148 80
62 150 70
63 68 76
63 69 16
63 72 63
63 75 66
63 76 60
63 80 21
63 83 68
63 84 16
63 88 45
63 89 74
63 91 88
63 96 30
63 97 95
63 98 67
63 100 4
63 102 78
63 104 9
63 106 62
63 108 3
63 109 32
63 111 25
63 116 9
63 120 3
63 122 84
63 123 12
63 124 18
63 125 77
63 130 83
63 134 8
63 136 34
63 137 6
63 138 11
63 144 3
63 145 88
63 147 98
63 150 43
64 65 29
64 72 46
64 73 33
64 75 45
64 76 52
64 77 50
64 81 12
64 82 11
64 83 61
64 84 81
64 85 93
64 86 6
64 88 18
64 90 91
64 91 16
64 95 20
64 96 64
64 100 49
64 106 94
64 109 92
64 111 59
64 112 44
64 115 88
64 116 17
64 120 6
64 124 52
64 126 51
64 128 75
64 131 71
64 132 95
64 133 56
64 134 99
64 135 30
64 138 23
64 139 95
64 141 11
64 144 47
64 148 71
64 149 1
64 150 58
65 68 23
65 69 35
65 70 61
65 73 91
65 75 89
65 77 99
65 86 90
65 87 31
65 90 8
65 94 46
65 96 15
65 97 24
65 98 84
65 106 91
65 107 64
65 110 42
65 119 100
65 120 48
65 121 58
65 124 69
65 126 23
65 129 18
65 131 32
65 134 84
65 135 85
65 139 86
65 140 63
65 141 38
65 142 67
65 143 33
65 144 44
65 149 82
66 67 88
66 69 19
66 71 2
66 72 35
66 74 64
66 76 73
66 77 18
66 78 76
66 80 40
66 82 81
66 85 13
66 86 58
66 93 58
66 94 33
66 99 39
66 101 80
66 104 58
66 105 6
66 106 100
66 107 86
66 108 3
66 111 46
66 113 60
66 114 17
66 125 84
66 126 90
66 128 48
66 129 65
66 132 49
66 134 75
66 135 15
66 137 69
66 139 14
66 143 94
66 146 26
66 149 43
67 71 27
67 72 65
67 74 26
67 75 23
67 76 99
67 78 55
67 79 19
67 82 30
67 86 78
67 87 80
67 88 27
67 89 90
67 91 69
67 92 97
67 93 90
67 94 56
67 106 63
67 108 68
67 111 20
67 114 79
67 118 67
67 121 49
67 126 66
67 130 7
67 131 27
67 142 86
67 144 79
67 147 99
67 148 85
68 72 71
68 73 7
68 77 98
68 80 47
68 83 79
68 84 59
68 92 87
68 94 44
68 97 77
68 99 76
68 100 73
68 103 49
68 106 33
68 113 86
68 114 82
68 120 60
68 125 99
68 127 94
68 131 5
68 132 35
68 133 39
68 137 84
68 138 33
68 139 2
68 143 43
68 145 33
68 149 66
69 71 97
69 72 43
69 78 30
69 79 56
69 82 84
69 83 1
69 87 62
69 88 33
69 91 35
69 93 18
69 95 23
69 99 64
69 100 91
69 102 71
69 106 92
69 108 64
69 111 28
69 112 51
69 116 86
69 118 47
69 136 76
69 137 52
69 138 64
69 139 51
69 140 78
69 141 60
69 143 17
69 145 26
69 146 50
69 147 23
69 150 34
70 71 44
70 73 27
70 76 41
70 80 70
70 82 8
70 86 3
70 94 98
70 98 83
70 104 22
70 105 13
70 106 5
70 107 31
70 109 42
70 110 34
70 111 65
70 113 24
70 116 12
70 118 40
70 119 92
70 121 97
70 122 57
70 123 28
70 125 42
70 131 19
70 134 38
70 141 27
70 142 99
70 145 54
70 146 72
70 147 15
70 150 10
71 72 29
71 73 81
71 75 99
71 81 19
71 84 99
71 85 59
71 87 21
71 89 10
71 90 87
71 91 69
71 95 28
71 99 70
71 103 62
71 105 98
71 108 54
71 110 30
71 111 92
71 114 10
71 115 46
71 126 83
71 128 24
71 135 24
71 137 2
71 141 84
71 146 38
71 147 24
72 77 3
72 79 90
72 83 18
72 84 96
72 86 36
72 87 10
72 90 41
72 92 69
72 93 70
72 97 75
72 99 30
72 101 12
72 102 20
72 105 87
72 106 43
72 110 14
72 116 91
72 123 30
72 125 12
72 128 2
72 134 55
72 137 11
72 141 87
72 143 75
72 144 71
72 145 21
72 148 50
72 149 24
73 76 16
73 78 92
73 86 97
73 87 36
73 88 39
73 95 88
73 96 44
73 106 14
73 107 93
73 116 45
73 117 9
73 118 90
73 119 77
73 122 49
73 123 53
73 127 2
73 130 94
73 133 28
73 134 39
73 135 80
73 141 58
73 150 34
74 80 60
74 82 96
74 89 19
74 92 14
74 96 99
74 99 71
74 102 45
74 103 93
74 104 25
74 111 90
74 113 59
74 115 16
74 118 30
74 119 75
74 123 28
74 126 96
74 128 31
74 129 42
74 140 62
74 144 40
74 146 41
74 148 28
75 79 42
75 84 23
75 85 63
75 86 31
75 87 58
75 88 30
75 92 49
75 98 72
75 99 2
75 100 81
75 104 46
75 106 25
75 110 83
75 111 42
75 115 99
75 116 77
75 118 43
75 119 66
75 121 58
75 128 23
75 129 26
75 130 6
75 132 15
75 133 60
75 136 64
75 139 98
75 141 17
75 142 66
75 143 63
75 144 43
75 148 62
75 149 46
76 77 30
76 79 34
76 82 75
76 86 75
76 88 98
76 89 20
76 93 24
76 94 71
76 97 70
76 99 34
76 104 79
76 114 80
76 116 83
76 117 88
76 119 58
76 122 45
76 126 42
76 130 29
76 132 38
76 133 35
76 135 3
76 137 52
76 139 89
76 140 80
76 141 23
76 143 55
76 146 73
76 149 16
77 79 1
77 84 29
77 85 18
77 88 55
77 89 56
77 92 16
77 93 51
77 94 62
77 95 27
77 98 15
77 100 47
77 116 1
77 117 59
77 119 50
77 123 63
77 126 54
77 129 99
77 130 92
77 131 11
77 134 21
77 140 79
77 141 4
77 142 79
77 143 58
77 147 72
77 150 38
78 80 44
78 83 92
78 84 50
78 85 34
78 86 80
78 92 58
78 93 76
78 98 6
78 102 59
78 103 42
78 104 97
78 111 73
78 115 67
78 116 17
78 120 56
78 123 59
78 126 59
78 129 74
78 130 3
78 136 27
78 137 58
78 138 43
78 139 98
78 145 78
78 146 38
78 149 1
78 150 89
79 81 97
79 83 1
79 84 55
79 86 19
79 87 14
79 90 65
79 94 42
79 95 34
79 96 42
79 99 8
79 100 46
79 104 74
79 107 58
79 109 27
79 113 38
79 123 63
79 124 94
79 125 20
79 126 48
79 129 86
79 135 21
79 136 63
79 140 9
79 141 61
79 142 7
79 145 99
79 147 75
79 148 26
80 81 29
80 83 2
80 88 17
80 94 2
80 97 27
80 99 95
80 104 45
80 108 37
80 114 39
80 119 95
80 126 21
80 128 95
80 131 55
80 133 90
80 135 43
80 146 13
80 147 67
80 149 92
80 150 80
81 86 72
81 87 60
81 90 68
81 101 82
81 110 82
81 111 28
81 113 67
81 118 6
81 119 96
81 127 6
81 131 49
81 133 69
81 134 81
81 135 39
81 136 86
81 140 82
81 141 5
81 144 45
81 146 80
81 148 83
81 149 4
81 150 47
82 83 17
82 84 73
82 86 61
82 89 80
82 90 37
82 91 87
82 93 56
82 94 86
82 97 89
82 98 29
82 100 15
82 102 4
82 103 13
82 108 50
82 111 52
82 112 51
82 113 22
82 115 96
82 119 78
82 126 23
82 130 99
82 131 81
82 132 21
82 133 37
82 136 33
82 137 71
82 140 77
82 143 74
82 144 13
82 147 9
82 148 65
82 150 61
83 84 11
83 88 55
83 89 67
83 90 45
83 91 11
83 92 89
83 93 52
83 96 17
83 97 4
83 99 29
83 101 46
83 104 10
83 105 76
83 106 33
83 107 36
83 108 11
83 112 38
83 114 48
83 116 83
83 118 1
83 120 52
83 121 82
83 122 99
83 125 67
83 126 11
83 127 78
83 131 21
83 139 52
83 141 68
83 143 38
83 145 53
84 86 98
84 88 49
84 91 16
84 95 15
84 97 86
84 98 15
84 102 91
84 104 65
84 105 9
84 106 54
84 107 75
84 109 46
84 116 55
84 117 70
84 124 12
84 127 19
84 128 4
84 130 21
84 131 88
84 135 93
84 137 91
84 139 99
84 147 85
84 148 17
84 149 13
85 88 10
85 89 27
85 90 87
85 91 6
85 94 38
85 95 1
85 98 63
85 100 88
85 101 16
85 104 47
85 105 18
85 106 56
85 110 63
85 111 73
85 112 54
85 113 46
85 114 3
85 117 9
85 119 81
85 127 1
85 128 51
85 132 73
85 135 7
85 137 11
85 139 3
85 140 49
85 141 14
85 142 90
85 143 28
85 145 56
85 149 80
85 150 100
86 89 63
86 94 45
86 95 87
86 96 40
86 98 32
86 99 77
86 103 97
86 104 99
86 106 96
86 109 52
86 110 76
86 117 51
86 118 29
86 120 98
86 122 31
86 123 54
86 124 3
86 127 58
86 130 40
86 131 72
86 132 5
86 133 81
86 136 68
86 138 35
86 140 4
86 141 50
86 142 33
86 145 69
86 146 64
86 147 39
86 149 47
86 150 37
87 88 18
87 91 7
87 99 36
87 101 20
87 110 78
87 111 96
87 116 7
87 121 95
87 123 74
87 142 51
87 143 2
87 144 100
87 146 24
87 147 59
87 150 71
88 91 9
88 93 42
88 96 63
88 101 100
88 103 67
88 104 12
88 108 44
88 110 27
88 111 88
88 112 18
88 114 26
88 119 68
88 121 17
88 125 4
88 126 13
88 130 26
88 131 24
88 132 8
88 133 78
88 140 40
88 142 28
88 146 73
88 147 97
88 149 17
89 90 90
89 91 18
89 92 69
89 93 68
89 94 22
89 113 60
89 116 94
89 121 30
89 122 91
89 124 73
89 126 92
89 129 32
89 130 53
89 131 22
89 134 85
89 138 16
89 139 62
89 142 20
89 143 25
89 145 39
89 146 29
90 96 96
90 100 92
90 101 66
90 104 31
90 105 99
90 106 28
90 107 9
90 111 20
90 114 4
90 115 79
90 117 49
90 123 5
90 124 70
90 126 90
90 127 57
90 128 19
90 129 79
90 130 48
90 137 91
90 138 81
90 142 83
90 143 73
90 147 35
91 92 99
91 95 39
91 96 28
91 100 18
91 103 31
91 105 98
91 112 1
91 114 89
91 116 55
91 119 65
91 120 30
91 121 59
91 122 63
91 124 10
91 126 14
91 128 20
91 129 6
91 132 94
91 134 5
91 138 17
91 139 98
91 141 36
91 144 95
91 147 100
91 149 24
91 150 25
92 98 43
92 101 11
92 104 72
92 109 44
92 112 73
92 114 71
92 116 84
92 120 77
92 121 80
92 122 58
92 124 36
92 126 89
92 127 79
92 128 94
92 129 44
92 133 82
92 140 79
92 145 80
92 148 35
92 149 30
93 103 13
93 104 79
93 108 67
93 112 16
93 115 80
93 117 7
93 118 60
93 119 55
93 120 93
93 121 70
93 123 19
93 127 45
93 130 25
93 131 22
93 141 62
93 142 65
93 143 95
93 146 96
93 150 14
94 97 30
94 99 96
94 101 77
94 102 39
94 103 25
94 104 41
94 107 26
94 109 29
94 110 68
94 111 15
94 112 60
94 113 42
94 119 25
94 120 86
94 121 37
94 124 44
94 127 11
94 132 79
94 133 8
94 138 54
94 139 67
94 140 58
94 141 78
94 144 64
94 145 12
95 97 3
95 99 61
95 101 57
95 104 100
95 105 64
95 106 52
95 108 13
95 121 80
95 123 86
95 124 4
95 125 52
95 128 80
95 129 1
95 130 45
95 132 1
95 135 83
95 139 65
95 140 40
95 141 22
95 146 40
95 148 65
96 98 7
96 99 75
96 100 22
96 104 88
96 105 47
96 107 49
96 109 35
96 112 93
96 113 51
96 117 87
96 118 87
96 119 11
96 121 55
96 123 99
96 124 20
96 126 94
96 130 46
96 131 56
96 133 94
96 139 50
96 141 33
97 98 50
97 99 35
97 102 14
97 103 35
97 105 2
97 107 3
97 108 78
97 109 10
97 112 93
97 115 63
97 120 79
97 123 6
97 128 94
97 135 39
97 136 52
97 137 26
97 138 93
97 142 52
97 143 24
97 146 48
98 99 67
98 100 93
98 106 81
98 107 80
98 108 70
98 109 32
98 118 94
98 119 45
98 120 36
98 121 79
98 122 61
98 123 56
98 124 73
98 126 29
98 129 27
98 130 92
98 132 66
98 139 18
98 142 75
98 145 4
98 146 59
98 150 91
99 100 10
99 103 68
99 108 39
99 111 10
99 112 90
99 120 12
99 121 22
99 126 61
99 129 47
99 130 20
99 135 39
99 137 10
99 138 59
99 139 18
99 140 67
99 142 94
99 143 17
99 145 47
99 146 20
99 149 63
100 101 29
100 103 62
100 104 99
100 106 62
100 110 13
100 111 58
100 113 41
100 116 20
100 117 5
100 121 18
100 122 19
100 124 98
100 128 82
100 132 50
100 134 21
100 142 32
100 146 28
100 149 7
101 104 74
101 112 83
101 116 75
101 118 91
101 119 66
101 121 80
101 123 37
101 124 18
101 125 86
101 127 12
101 129 5
101 130 91
101 132 7
101 133 31
101 134 39
101 140 10
101 142 86
101 143 29
101 149 43
101 150 76
102 103 5
102 104 61
102 105 94
102 112 47
102 113 30
102 117 62
102 118 3
102 122 94
102 123 4
102 127 34
102 130 17
102 132 90
102 136 67
102 138 66
102 139 96
102 143 13
102 145 98
103 104 92
103 105 16
103 107 80
103 111 36
103 112 78
103 114 83
103 116 30
103 117 12
103 118 2
103 122 57
103 124 5
103 125 10
103 127 61
103 129 33
103 133 3
103 135 40
103 146 72
103 147 87
103 148 18
104 106 49
104 107 69
104 109 6
104 111 49
104 113 45
104 115 53
104 116 12
104 119 11
104 124 5
104 126 90
104 127 62
104 129 84
104 131 77
104 135 87
104 138 62
104 139 66
104 140 20
104 143 23
104 147 46
104 148 26
104 149 28
105 106 82
105 110 79
105 111 81
105 113 25
105 115 6
105 119 26
105 130 10
105 133 6
105 134 12
105 138 18
105 145 50
105 149 74
106 107 38
106 109 50
106 110 4
106 114 78
106 115 3
106 116 32
106 119 75
106 120 60
106 123 44
106 125 37
106 126 92
106 127 2
106 130 94
106 131 20
106 133 97
106 138 43
106 142 9
106 144 71
106 148 73
107 109 52
107 114 72
107 115 96
107 117 47
107 122 28
107 123 60
107 125 97
107 129 94
107 130 45
107 134 80
107 135 57
107 136 86
107 143 32
107 144 89
107 145 33
107 147 46
107 148 14
108 110 63
108 111 57
108 113 79
108 117 25
108 120 48
108 123 38
108 124 64
108 125 67
108 126 67
108 127 56
108 131 87
108 134 65
108 135 3
108 138 39
108 139 20
108 141 25
108 145 66
108 146 81
108 148 58
108 150 4
109 112 80
109 113 9
109 120 40
109 121 26
109 126 44
109 128 48
109 131 99
109 132 37
109 133 62
109 134 90
109 135 11
109 138 61
109 141 34
109 143 44
109 144 64
109 145 42
109 146 72
109 148 89
110 113 63
110 114 4
110 118 29
110 119 85
110 120 21
110 124 43
110 125 54
110 127 86
110 132 8
110 135 25
110 136 4
110 146 100
110 147 45
110 150 93
111 114 98
111 116 51
111 118 38
111 119 5
111 122 100
111 123 18
111 125 98
111 127 44
111 128 8
111 136 90
111 137 97
111 139 49
111 146 98
111 147 26
111 149 21
112 118 52
112 119 54
112 120 91
112 121 78
112 122 44
112 125 48
112 126 43
112 130 19
112 134 93
112 136 58
112 139 19
112 141 7
112 144 47
112 145 91
112 149 41
113 116 100
113 124 89
113 125 13
113 126 1
113 128 75
113 129 96
113 140 39
114 116 57
114 118 69
114 120 81
114 121 70
114 122 63
114 127 99
114 128 89
114 131 50
114 132 18
114 133 46
114 136 33
114 139 86
114 140 27
114 142 19
114 145 73
114 146 33
114 149 85
115 116 60
115 119 100
115 120 80
115 123 62
115 124 35
115 125 38
115 126 77
115 128 44
115 130 1
115 131 78
115 132 12
115 138 17
115 144 69
115 146 81
115 150 12
116 120 73
116 121 20
116 123 78
116 124 52
116 125 26
116 126 100
116 128 74
116 129 51
116 132 45
116 133 69
116 137 31
116 140 21
116 148 59
116 149 34
116 150 2
117 118 76
117 119 37
117 121 44
117 122 78
117 125 42
117 126 42
117 128 32
117 132 13
117 133 79
117 141 99
117 142 35
117 144 13
117 147 56
117 148 49
117 149 34
118 131 14
118 135 48
118 137 23
118 141 20
118 142 53
118 145 43
118 146 69
118 147 23
118 148 93
118 149 15
118 150 29
119 123 59
119 125 70
119 126 61
119 128 75
119 129 58
119 131 23
119 133 34
119 135 8
119 140 12
119 141 94
119 142 39
119 143 6
119 146 85
119 147 30
120 123 70
120 124 27
120 125 37
120 126 81
120 129 41
120 130 97
120 131 88
120 134 81
120 136 41
120 137 62
120 141 23
120 144 62
120 147 26
121 122 2
121 123 27
121 127 50
121 130 38
121 133 64
121 135 99
121 136 40
121 143 25
121 150 93
122 129 71
122 130 56
122 131 3
122 132 42
122 136 65
122 137 68
122 138 35
122 139 12
122 140 1
122 148 81
122 149 3
123 124 79
123 126 99
123 127 59
123 130 38
123 134 66
123 135 20
123 138 1
123 140 12
123 142 7
123 146 72
123 147 35
124 125 98
124 133 46
124 134 55
124 135 10
124 138 26
124 139 24
124 143 54
124 144 72
124 145 5
124 147 48
124 148 10
124 149 99
124 150 65
125 126 89
125 129 88
125 130 80
125 133 13
125 138 35
125 140 66
125 143 39
125 144 47
125 146 36
125 148 43
125 150 3
126 129 51
126 136 44
126 138 1
126 140 21
126 142 69
126 146 73
126 147 92
127 128 32
127 131 58
127 137 99
127 138 59
127 139 15
127 140 72
127 148 14
128 130 43
128 131 43
128 132 67
128 134 90
128 138 83
128 145 83
128 148 41
128 150 77
129 134 59
129 136 53
129 140 93
129 141 37
129 144 83
129 147 9
129 150 100
130 132 2
130 141 50
130 142 20
130 148 53
130 149 98
131 132 74
131 138 94
131 139 37
131 141 38
131 142 90
131 148 81
132 133 41
132 136 8
132 137 96
132 139 66
132 142 43
132 144 58
132 145 92
132 146 83
132 148 92
132 150 44
133 135 89
133 141 93
133 145 68
133 147 9
134 135 33
134 136 4
134 139 80
134 141 50
134 142 92
134 147 51
135 137 12
135 138 28
135 139 94
135 140 84
135 144 89
135 146 39
135 148 11
136 137 41
136 140 34
136 141 99
136 142 6
136 146 56
136 147 45
136 148 77
136 149 33
137 138 90
137 140 82
137 144 44
137 145 40
137 149 65
137 150 39
138 142 30
138 143 19
138 144 88
138 145 47
138 147 77
139 140 15
139 143 89
139 146 71
139 147 57
139 148 49
139 150 62
140 141 57
140 144 28
140 147 58
140 149 83
141 144 1
141 147 53
141 148 14
142 145 37
142 150 73
143 150 94
144 145 47
144 146 4
144 149 61
145 149 51
146 147 56
146 149 75
147 148 9
149 150 74
1 4 16
1 6 25
1 9 74
1 13 50
1 14 36
1 16 47
1 17 75
1 18 71
1 19 92
1 20 64
1 24 33
1 26 18
1 28 86
1 30 43
1 33 77
1 36 89
1 41 74
1 42 87
1 43 68
1 44 1
1 46 53
1 49 65
1 50 40
1 51 31
1 52 46
1 54 6
1 56 6
1 59 59
1 61 50
1 64 62
1 69 64
1 72 61
1 75 47
1 79 63
1 80 3
1 82 33
1 83 48
1 86 50
1 89 38
1 91 18
1 96 96
1 100 66
1 103 37
1 106 4
1 110 47
1 112 32
1 114 98
1 115 79
1 116 95
1 119 54
1 121 78
1 122 60
1 124 58
1 128 85
1 132 15
1 135 14
1 136 30
1 138 15
1 142 61
1 143 84
1 144 32
1 145 45
1 148 31
1 149 44
2 4 37
2 5 47
2 6 37
2 8 53
2 11 52
2 12 92
2 13 28
2 19 21
2 21 77
2 24 78
2 25 93
2 33 12
2 37 69
2 38 65
2 40 13
2 41 67
2 42 6
2 44 77
2 47 49
2 51 50
2 52 68
2 53 55
2 54 71
2 55 14
2 61 96
2 62 30
2 63 76
2 64 75
2 68 42
2 71 14
2 72 33
2 74 39
2 75 81
2 76 46
2 77 73
2 78 99
2 79 59
2 85 34
2 88 1
2 89 67
2 96 48
2 98 94
2 99 61
2 100 13
2 102 33
2 103 29
2 104 11
2 105 9
2 107 98
2 108 69
2 110 84
2 112 64
2 113 75
2 114 32
2 116 55
2 118 45
2 119 4
2 120 82
2 126 97
2 127 26
2 130 39
2 134 10
2 135 83
2 139 96
2 140 92
2 141 95
2 142 49
2 143 80
2 145 88
2 146 7
2 147 93
2 148 4
3 4 9
3 7 56
3 9 4
3 13 93
3 14 43
3 16 48
3 22 36
3 25 63
3 26 12
3 28 87
3 29 96
3 35 65
3 37 17
3 38 96
3 39 36
3 40 51
3 45 99
3 46 87
3 48 10
3 49 68
3 50 84
3 51 75
3 53 48
3 54 48
3 55 50
3 60 44
3 66 63
3 68 35
3 71 29
3 73 96
3 75 7
3 77 62
3 78 49
3 79 62
3 80 57
3 85 31
3 88 85
3 89 67
3 91 16
3 97 72
3 98 7
3 105 25
3 106 70
3 108 49
3 109 43
3 115 15
3 116 14
3 122 39
3 123 69
3 128 34
3 134 73
3 135 51
3 140 81
3 141 48
3 144 25
4 7 21
4 10 37
4 13 93
4 14 63
4 15 83
4 17 29
4 19 53
4 21 23
4 22 65
4 23 32
4 24 91
4 25 66
4 31 91
4 35 28
4 42 30
4 43 73
4 44 40
4 46 26
4 47 93
4 48 82
4 51 99
4 52 40
4 53 27
4 54 38
4 60 31
4 62 51
4 63 21
4 67 44
4 69 26
4 71 34
4 76 80
4 78 92
4 83 15
4 86 68
4 90 94
4 91 79
4 92 80
4 93 5
4 96 76
4 98 8
4 99 76
4 103 89
4 104 74
4 106 23
4 107 27
4 109 35
4 111 30
4 112 11
4 118 39
4 119 64
4 121 47
4 124 40
4 130 26
4 131 50
4 134 61
4 135 31
4 136 46
4 137 74
4 138 22
4 145 15
4 150 16
5 7 37
5 8 41
5 9 17
5 11 59
5 13 20
5 19 72
5 25 40
5 26 87
5 27 61
5 32 9
5 36 62
5 37 74
5 38 50
5 39 41
5 44 5
5 45 57
5 46 38
5 47 95
5 48 58
5 50 60
5 51 64
5 52 73
5 53 57
5 55 65
5 57 96
5 58 59
5 69 23
5 71 19
5 72 16
5 76 36
5 81 69
5 86 21
5 87 85
5 89 5
5 91 62
5 92 43
5 95 9
5 97 75
5 98 100
5 101 94
5 102 67
5 104 49
5 115 21
5 118 64
5 123 7
5 124 38
5 126 71
5 127 79
5 129 84
5 132 39
5 133 81
5 135 55
5 140 88
5 147 28
5 148 43
6 9 10
6 11 3
6 12 99
6 13 90
6 14 21
6 21 57
6 22 49
6 24 13
6 27 91
6 28 25
6 32 83
6 38 86
6 40 87
6 46 99
6 54 96
6 60 5
6 64 25
6 65 24
6 66 14
6 71 45
6 72 94
6 74 17
6 76 24
6 79 22
6 80 9
6 89 12
6 91 65
6 92 10
6 94 42
6 95 63
6 97 53
6 98 98
6 99 36
6 102 90
6 109 98
6 110 10
6 112 92
6 113 27
6 114 8
6 115 51
6 117 69
6 120 47
6 122 45
6 126 33
6 127 12
6 129 72
6 131 56
6 135 76
6 137 82
6 139 72
6 143 48
6 148 97
6 149 11
7 8 20
7 12 87
7 13 40
7 18 63
7 21 50
7 22 1
7 23 54
7 25 78
7 26 75
7 27 22
7 30 90
7 37 95
7 39 69
7 45 74
7 47 85
7 48 18
7 49 47
7 50 10
7 52 28
7 55 76
7 58 53
7 60 52
7 62 8
7 64 4
7 65 67
7 69 95
7 70 52
7 79 93
7 82 90
7 84 20
7 94 52
7 96 75
7 104 87
7 108 82
7 109 39
7 114 11
7 116 31
7 117 99
7 118 42
7 122 12
7 123 31
7 130 31
7 131 49
7 133 16
7 134 5
7 135 43
7 136 89
7 137 40
7 143 18
7 147 18
7 148 69
7 150 20
8 9 41
8 11 55
8 14 37
8 16 31
8 19 22
8 21 52
8 24 65
8 25 38
8 27 30
8 28 52
8 30 47
8 33 30
8 37 64
8 43 42
8 44 97
8 45 49
8 46 8
8 48 83
8 50 29
8 51 23
8 52 7
8 53 83
8 56 42
8 57 87
8 61 67
8 63 29
8 65 53
8 66 56
8 67 70
8 68 48
8 69 97
8 71 33
8 72 84
8 74 8
8 75 67
8 79 40
8 81 81
8 82 11
8 84 38
8 86 30
8 90 30
8 92 2
8 94 41
8 95 52
8 98 57
8 101 82
8 102 31
8 110 7
8 111 82
8 113 39
8 115 2
8 119 59
8 121 3
8 123 23
8 125 14
8 127 35
8 129 95
8 130 39
8 131 40
8 135 18
8 138 92
8 142 51
8 149 28
9 10 53
9 15 2
9 17 9
9 18 18
9 21 45
9 22 27
9 25 53
9 26 33
9 29 54
9 30 61
9 31 92
9 33 73
9 37 51
9 38 60
9 40 27
9 42 16
9 44 55
9 47 68
9 49 43
9 50 13
9 62 94
9 65 92
9 66 46
9 67 39
9 68 95
9 70 26
9 71 57
9 74 17
9 76 54
9 80 97
9 83 7
9 86 85
9 87 46
9 89 58
9 96 8
9 99 75
9 102 95
9 103 39
9 105 15
9 107 21
9 111 43
9 114 58
9 118 92
9 121 25
9 122 31
9 126 80
9 127 6
9 131 32
9 137 66
9 148 98
9 149 95
10 13 52
10 14 17
10 19 7
10 21 11
10 23 58
10 26 58
10 27 95
10 28 87
10 29 15
10 30 15
10 31 32
10 32 16
10 33 5
10 34 39
10 41 86
10 49 24
10 57 79
10 59 75
10 60 73
10 62 25
10 65 16
10 68 37
10 69 84
10 70 26
10 72 60
10 77 82
10 78 8
10 81 12
10 82 52
10 90 31
10 91 62
10 93 32
10 94 29
10 95 61
10 98 99
10 103 44
10 104 80
10 106 26
10 109 10
10 114 35
10 115 54
10 118 17
10 120 86
10 122 87
10 123 72
10 124 70
10 126 52
10 129 56
10 132 79
10 142 23
10 148 40
10 150 67
11 13 20
11 15 47
11 18 95
11 21 16
11 22 48
11 26 96
11 30 52
11 31 48
11 32 13
11 33 64
11 35 96
11 40 44
11 42 55
11 44 32
11 45 54
11 49 1
11 50 41
11 53 71
11 57 59
11 58 8
11 59 9
11 64 15
11 67 74
11 69 23
11 70 93
11 71 89
11 73 86
11 74 84
11 75 2
11 76 27
11 77 70
11 78 76
11 81 23
11 82 32
11 83 59
11 101 35
11 103 65
11 104 35
11 109 41
11 113 21
11 115 4
11 118 99
11 121 78
11 123 70
11 125 11
11 128 42
11 129 47
11 130 10
11 143 65
11 146 35
12 13 24
12 18 66
12 19 80
12 23 86
12 25 85
12 26 14
12 28 85
12 32 59
12 34 77
12 37 69
12 40 70
12 41 57
12 43 76
12 44 52
12 47 12
12 48 97
12 50 30
12 52 71
12 53 58
12 54 2
12 55 28
12 64 16
12 68 96
12 73 24
12 74 96
12 75 19
12 76 15
12 78 73
12 80 31
12 82 1
12 85 3
12 92 70
12 96 100
12 99 51
12 100 52
12 103 35
12 106 98
12 123 35
12 124 46
12 128 33
12 129 84
12 130 21
12 132 98
12 133 86
12 135 100
12 137 64
12 139 50
12 144 82
12 147 79
12 149 44
13 16 91
13 24 17
13 25 63
13 26 29
13 29 5
13 31 19
13 34 32
13 38 46
13 39 63
13 41 98
13 47 22
13 48 3
13 52 11
13 58 27
13 65 48
13 68 30
13 69 31
13 70 87
13 71 8
13 77 94
13 81 75
13 84 12
13 85 79
13 86 97
13 88 60
13 90 29
13 92 99
13 94 35
13 95 59
13 96 59
13 102 99
13 110 87
13 112 71
13 114 39
13 117 89
13 118 31
13 121 70
13 124 29
13 125 73
13 128 29
13 129 54
13 130 2
13 134 59
13 138 48
13 140 52
13 142 14
13 147 92
14 18 70
14 21 78
14 22 19
14 25 59
14 26 3
14 27 41
14 28 2
14 30 66
14 32 90
14 33 27
14 37 77
14 39 96
14 40 100
14 47 44
14 49 63
14 50 41
14 51 91
14 52 81
14 58 90
14 62 85
14 63 28
14 72 33
14 75 93
14 77 38
14 79 36
14 80 12
14 82 97
14 84 4
14 89 50
14 92 17
14 93 66
14 95 54
14 98 2
14 99 18
14 101 56
14 102 93
14 103 17
14 104 56
14 106 34
14 113 6
14 114 4
14 115 37
14 116 21
14 119 33
14 124 50
14 125 76
14 128 74
14 134 17
14 135 89
14 138 88
14 141 23
14 143 60
14 144 76
14 145 64
14 148 70
15 17 67
15 18 92
15 19 58
15 22 27
15 25 87
15 26 24
15 28 67
15 29 73
15 31 52
15 32 96
15 33 55
15 34 99
15 37 27
15 39 12
15 40 2
15 42 43
15 46 30
15 50 85
15 51 42
15 52 82
15 53 48
15 55 59
15 56 16
15 66 48
15 73 21
15 74 86
15 76 72
15 85 61
15 86 45
15 88 76
15 89 51
15 91 45
15 102 2
15 104 4
15 105 61
15 106 23
15 110 41
15 115 17
15 119 44
15 123 35
15 124 81
15 125 57
15 126 11
15 127 80
15 128 33
15 129 77
15 130 46
15 131 87
15 132 18
15 138 21
15 141 80
15 143 100
15 144 67
15 145 78
15 148 44
15 149 85
16 18 55
16 20 92
16 26 72
16 27 57
16 29 89
16 32 98
16 34 32
16 38 97
16 41 63
16 44 91
16 48 22
16 50 65
16 51 88
16 52 76
16 53 62
16 54 31
16 55 47
16 57 53
16 58 79
16 61 27
16 67 49
16 70 51
16 74 47
16 76 76
16 80 86
16 81 57
16 86 69
16 89 61
16 91 82
16 92 55
16 93 26
16 94 39
16 96 70
16 98 34
16 99 97
16 103 34
16 105 80
16 108 34
16 116 67
16 121 45
16 126 8
16 128 74
16 129 42
16 130 100
16 131 81
16 140 46
16 141 95
16 146 84
16 147 58
16 148 28
16 150 28
17 18 35
17 20 45
17 23 72
17 25 99
17 28 62
17 34 92
17 36 17
17 37 19
17 40 96
17 43 59
17 44 69
17 45 54
17 46 92
17 51 10
17 55 73
17 56 92
17 57 24
17 59 64
17 62 61
17 67 54
17 69 68
17 70 93
17 71 4
17 77 58
17 83 85
17 88 57
17 92 42
17 93 53
17 94 75
17 95 66
17 98 10
17 100 41
17 102 62
17 103 71
17 106 24
17 108 63
17 116 100
17 121 55
17 125 100
17 126 33
17 130 43
17 136 82
17 137 95
17 141 47
17 142 98
17 144 4
17 145 67
18 20 39
18 28 87
18 31 99
18 34 82
18 35 60
18 37 65
18 39 40
18 40 17
18 41 62
18 44 30
18 45 44
18 47 41
18 49 4
18 50 12
18 51 8
18 55 63
18 57 67
18 64 66
18 69 21
18 73 76
18 75 46
18 76 72
18 80 53
18 83 94
18 84 51
18 86 19
18 87 20
18 88 70
18 92 35
18 94 73
18 96 68
18 97 25
18 98 52
18 102 66
18 103 91
18 104 87
18 107 41
18 108 12
18 111 72
18 116 96
18 118 8
18 122 26
18 125 12
18 129 17
18 133 76
18 134 83
18 135 49
18 137 58
18 138 4
18 141 52
18 142 46
18 143 88
18 144 97
18 146 2
18 148 92
19 23 45
19 24 80
19 25 2
19 26 53
19 27 62
19 29 15
19 30 76
19 31 18
19 32 65
19 33 10
19 35 20
19 36 45
19 45 91
19 47 69
19 48 40
19 49 47
19 52 43
19 53 67
19 56 89
19 59 59
19 69 6
19 71 91
19 78 85
19 81 58
19 82 27
19 83 62
19 84 71
19 87 44
19 88 38
19 93 41
19 100 31
19 101 58
19 102 35
19 103 100
19 105 11
19 109 65
19 111 37
19 112 86
19 115 98
19 116 22
19 117 38
19 118 30
19 120 10
19 124 2
19 131 83
19 132 33
19 133 76
19 136 85
19 137 14
19 144 61
19 147 66
19 148 1
19 150 61
20 31 70
20 34 58
20 35 54
20 40 43
20 42 17
20 44 29
20 55 62
20 57 37
20 61 95
20 64 45
20 67 28
20 70 48
20 71 78
20 74 11
20 75 70
20 76 70
20 78 64
20 80 24
20 82 58
20 84 37
20 87 30
20 89 88
20 91 87
20 98 56
20 104 93
20 105 45
20 107 93
20 109 99
20 111 25
20 116 50
20 119 54
20 120 12
20 127 50
20 131 87
20 132 91
20 136 37
20 144 75
20 146 22
20 149 16
20 150 7
21 22 50
21 25 24
21 30 95
21 31 38
21 35 56
21 38 34
21 41 50
21 43 38
21 44 67
21 47 18
21 53 13
21 59 49
21 60 89
21 61 24
21 62 79
21 63 26
21 64 67
21 65 93
21 66 79
21 67 78
21 68 75
21 69 30
21 74 94
21 75 90
21 77 41
21 82 42
21 83 13
21 84 99
21 85 95
21 88 61
21 89 63
21 90 85
21 93 3
21 94 82
21 95 76
21 104 72
21 105 84
21 107 27
21 109 77
21 113 7
21 114 8
21 115 18
21 116 52
21 122 90
21 124 67
21 127 1
21 130 93
21 133 34
21 137 26
21 141 100
21 145 23
21 146 9
21 148 89
21 150 45
22 24 52
22 28 35
22 29 19
22 30 59
22 32 20
22 33 49
22 34 84
22 35 91
22 37 34
22 38 3
22 41 69
22 43 87
22 44 1
22 47 100
22 48 8
22 49 69
22 50 70
22 52 12
22 54 16
22 57 78
22 58 75
22 60 100
22 61 63
22 63 70
22 66 23
22 74 66
22 75 96
22 76 45
22 79 51
22 83 36
22 84 79
22 85 97
22 89 35
22 91 32
22 94 71
22 101 68
22 104 30
22 108 8
22 110 58
22 113 43
22 117 90
22 118 81
22 119 38
22 120 69
22 122 7
22 123 7
22 124 86
22 126 24
22 128 78
22 130 85
22 131 22
22 132 10
22 133 78
22 137 2
22 139 96
22 147 31
22 149 12
23 25 18
23 26 92
23 31 74
23 32 43
23 35 98
23 37 65
23 38 1
23 39 77
23 41 70
23 42 78
23 50 48
23 51 97
23 53 15
23 54 76
23 55 7
23 56 98
23 64 92
23 67 74
23 68 63
23 73 52
23 74 16
23 75 7
23 77 26
23 83 75
23 85 7
23 86 40
23 89 68
23 90 11
23 92 50
23 93 31
23 95 88
23 98 62
23 106 24
23 107 60
23 110 85
23 111 44
23 117 81
23 118 26
23 120 90
23 121 22
23 125 47
23 127 32
23 131 53
