150 10058 1
1 2 25
1 8 7
1 10 8
1 14 17
1 15 23
1 16 69
1 22 32
1 24 41
1 29 72
1 37 56
1 38 75
1 40 99
1 44 89
1 48 51
1 49 41
1 51 20
1 58 12
1 61 60
1 63 60
1 64 97
1 68 13
1 71 19
1 73 16
1 74 94
1 76 2
1 77 80
1 87 92
1 89 13
1 91 20
1 92 77
1 94 34
1 96 76
1 100 92
1 106 24
1 109 60
1 115 48
1 119 63
1 131 5
1 132 64
1 141 90
1 144 88
2 8 94
2 9 65
2 13 36
2 15 12
2 16 19
2 17 14
2 18 9
2 20 79
2 21 1
2 25 17
2 29 84
2 30 85
2 31 48
2 33 14
2 43 44
2 46 28
2 50 63
2 51 78
2 53 89
2 57 98
2 58 92
2 60 53
2 62 34
2 63 65
2 64 77
2 69 89
2 70 45
2 71 18
2 83 47
2 85 72
2 88 44
2 96 60
2 98 44
2 100 12
2 101 54
2 102 68
2 105 36
2 106 44
2 110 71
2 112 78
2 113 19
2 115 11
2 116 2
2 118 18
2 122 94
2 123 36
2 128 39
2 130 59
2 133 80
2 135 60
2 136 3
2 142 92
2 146 12
2 147 6
2 149 80
2 150 58
3 4 13
3 6 7
3 7 69
3 9 33
3 10 53
3 11 33
3 13 35
3 14 69
3 15 10
3 16 80
3 17 54
3 19 42
3 21 53
3 26 48
3 27 11
3 29 19
3 35 71
3 37 63
3 38 17
3 41 92
3 45 9
3 46 28
3 49 56
3 59 79
3 60 40
3 61 53
3 64 4
3 66 17
3 67 98
3 68 100
3 75 19
3 78 35
3 79 98
3 82 25
3 83 8
3 84 38
3 89 36
3 94 10
3 95 17
3 100 11
3 101 49
3 102 46
3 103 97
3 104 18
3 106 60
3 107 24
3 108 71
3 110 59
3 113 65
3 115 1
3 116 63
3 117 7
3 120 19
3 121 97
3 123 28
3 131 76
3 132 76
3 135 22
3 138 34
3 139 92
3 140 64
3 145 47
3 148 38
4 7 29
4 9 48
4 11 36
4 13 74
4 14 77
4 15 93
4 17 62
4 24 20
4 31 57
4 32 98
4 34 75
4 36 63
4 37 43
4 38 53
4 39 26
4 40 61
4 41 38
4 43 31
4 44 29
4 45 81
4 47 20
4 51 37
4 52 77
4 54 19
4 57 51
4 60 59
4 65 88
4 67 67
4 68 85
4 69 53
4 72 12
4 74 64
4 77 9
4 78 2
4 79 50
4 81 96
4 84 28
4 85 71
4 86 48
4 89 46
4 91 35
4 93 88
4 96 94
4 99 92
4 100 89
4 103 84
4 105 40
4 106 95
4 107 50
4 109 83
4 111 99
4 112 29
4 113 71
4 114 92
4 115 86
4 116 25
4 118 63
4 120 69
4 122 21
4 126 12
4 129 56
4 131 53
4 132 95
4 135 87
4 137 31
4 139 53
4 141 46
4 145 59
4 147 91
4 150 30
5 6 57
5 7 91
5 9 10
5 10 93
5 12 9
5 14 60
5 15 73
5 16 14
5 21 47
5 24 60
5 26 61
5 27 35
5 30 91
5 31 49
5 36 47
5 37 63
5 44 23
5 45 75
5 47 23
5 48 11
5 49 91
5 53 64
5 55 25
5 56 8
5 59 53
5 61 43
5 62 49
5 64 25
5 65 94
5 68 36
5 71 29
5 73 51
5 76 86
5 78 95
5 79 14
5 81 40
5 82 100
5 83 70
5 86 49
5 88 48
5 89 43
5 91 45
5 93 94
5 94 98
5 96 54
5 100 13
5 103 41
5 104 18
5 105 29
5 106 50
5 108 28
5 110 69
5 113 83
5 114 60
5 115 85
5 117 9
5 118 53
5 120 3
5 123 50
5 124 17
5 125 53
5 127 94
5 130 71
5 134 71
5 136 38
5 137 46
5 138 48
5 140 94
5 141 91
5 147 40
5 149 39
5 150 97
6 7 24
6 9 68
6 11 2
6 12 68
6 14 46
6 18 36
6 19 97
6 22 42
6 24 63
6 27 97
6 29 12
6 34 16
6 36 70
6 37 73
6 38 20
6 39 78
6 40 27
6 41 41
6 42 98
6 43 67
6 47 14
6 48 80
6 49 81
6 50 94
6 52 4
6 53 63
6 58 66
6 60 87
6 61 69
6 62 40
6 66 85
6 67 88
6 69 95
6 71 76
6 73 52
6 76 51
6 77 96
6 81 24
6 82 35
6 84 45
6 86 76
6 92 8
6 94 72
6 96 13
6 98 12
6 100 97
6 101 97
6 104 50
6 105 6
6 106 3
6 107 19
6 113 17
6 115 78
6 117 24
6 118 66
6 119 1
6 124 24
6 128 4
6 131 83
6 134 51
6 138 56
6 140 73
6 141 85
6 143 57
6 144 25
6 145 59
6 146 40
6 147 73
6 149 13
7 8 55
7 9 78
7 10 51
7 21 62
7 23 56
7 25 49
7 29 36
7 37 48
7 40 91
7 43 4
7 44 91
7 46 42
7 49 90
7 53 100
7 58 74
7 61 28
7 64 30
7 69 98
7 74 21
7 78 72
7 79 13
7 84 81
7 85 32
7 90 72
7 94 59
7 97 43
7 99 76
7 101 47
7 102 87
7 103 13
7 105 2
7 106 18
7 107 97
7 113 52
7 116 8
7 119 61
7 125 90
7 127 10
7 129 70
7 133 86
7 134 79
7 135 35
7 139 59
7 145 24
7 146 78
8 10 11
8 11 99
8 13 59
8 18 53
8 21 22
8 24 100
8 25 87
8 29 55
8 32 60
8 34 82
8 37 55
8 39 20
8 42 44
8 43 26
8 44 70
8 45 10
8 47 39
8 48 59
8 53 77
8 54 4
8 55 6
8 56 55
8 58 80
8 59 26
8 60 44
8 65 51
8 66 99
8 67 30
8 79 88
8 82 25
8 83 92
8 84 43
8 89 52
8 91 22
8 93 65
8 96 21
8 98 18
8 112 36
8 119 4
8 127 48
8 131 45
8 132 45
8 136 33
8 137 53
8 138 17
8 143 22
8 144 13
8 145 17
8 148 34
8 149 3
9 12 81
9 15 97
9 23 68
9 24 90
9 25 3
9 29 4
9 35 29
9 38 22
9 40 97
9 41 28
9 43 22
9 55 32
9 56 76
9 58 36
9 64 25
9 68 99
9 69 2
9 70 99
9 71 78
9 72 9
9 73 91
9 76 85
9 80 96
9 82 61
9 83 27
9 84 82
9 89 34
9 90 22
9 92 76
9 94 54
9 95 86
9 96 41
9 98 8
9 99 56
9 102 13
9 105 21
9 106 23
9 109 43
9 113 89
9 115 4
9 124 79
9 126 9
9 128 29
9 133 55
9 135 3
9 137 50
9 141 72
9 144 59
9 145 94
9 149 78
9 150 38
10 13 73
10 15 39
10 16 73
10 17 60
10 20 60
10 24 30
10 27 14
10 32 21
10 33 98
10 36 25
10 43 14
10 45 46
10 46 5
10 50 59
10 51 79
10 53 58
10 54 49
10 58 75
10 61 94
10 62 13
10 63 70
10 65 53
10 70 87
10 74 30
10 75 84
10 76 40
10 79 59
10 81 38
10 85 78
10 88 14
10 89 66
10 90 12
10 92 38
10 95 83
10 96 67
10 100 81
10 101 24
10 104 43
10 105 67
10 109 54
10 111 41
10 112 76
10 114 87
10 116 50
10 123 59
10 125 19
10 128 95
10 131 65
10 132 20
10 135 26
10 137 20
10 138 19
10 139 96
10 142 54
10 144 49
10 147 59
11 12 39
11 16 55
11 17 36
11 27 74
11 29 76
11 33 90
11 36 18
11 37 15
11 39 10
11 40 74
11 43 100
11 47 61
11 49 95
11 50 17
11 54 17
11 56 23
11 57 53
11 60 33
11 61 59
11 68 100
11 70 98
11 71 94
11 72 62
11 73 62
11 75 9
11 79 56
11 80 21
11 81 15
11 84 58
11 85 66
11 87 87
11 91 40
11 93 80
11 95 38
11 97 55
11 98 95
11 100 18
11 101 15
11 104 2
11 105 8
11 110 47
11 111 96
11 112 3
11 113 61
11 117 30
11 121 50
11 124 9
11 126 38
11 134 39
11 136 5
11 137 56
11 143 15
11 144 75
11 145 39
11 148 64
11 150 57
12 13 26
12 17 21
12 21 73
12 22 24
12 24 3
12 26 13
12 27 1
12 30 28
12 36 4
12 39 92
12 40 92
12 43 23
12 44 85
12 54 47
12 57 100
12 58 3
12 60 59
12 61 70
12 62 49
12 65 80
12 69 13
12 71 52
12 72 80
12 73 89
12 77 73
12 79 33
12 84 33
12 85 93
12 87 71
12 89 46
12 92 33
12 95 99
12 96 91
12 99 96
12 100 92
12 101 29
12 102 81
12 103 44
12 107 58
12 119 57
12 125 98
12 129 25
12 139 98
12 149 14
13 14 77
13 18 31
13 20 5
13 21 94
13 25 12
13 26 89
13 28 81
13 29 30
13 31 83
13 32 13
13 34 69
13 39 94
13 40 4
13 41 83
13 46 66
13 48 82
13 50 41
13 52 38
13 54 73
13 59 25
13 60 40
13 63 75
13 69 92
13 72 66
13 73 94
13 78 61
13 82 63
13 84 60
13 85 47
13 87 74
13 91 77
13 94 60
13 96 8
13 97 28
13 98 81
13 99 67
13 106 59
13 107 63
13 110 43
13 114 50
13 117 27
13 120 61
13 121 55
13 122 81
13 124 75
13 125 63
13 127 47
13 129 80
13 131 76
13 134 43
13 144 60
13 146 35
13 148 75
13 149 66
14 17 97
14 20 8
14 21 6
14 25 72
14 26 11
14 33 83
14 34 81
14 36 20
14 40 30
14 44 38
14 45 10
14 53 88
14 56 62
14 60 7
14 61 41
14 62 30
14 63 6
14 64 33
14 66 52
14 67 20
14 68 55
14 70 88
14 73 75
14 75 96
14 76 38
14 77 52
14 78 14
14 79 59
14 82 9
14 85 18
14 86 4
14 90 24
14 92 35
14 95 2
14 96 99
14 100 94
14 104 90
14 108 69
14 110 31
14 114 41
14 115 22
14 117 65
14 124 80
14 125 96
14 126 56
14 129 25
14 130 13
14 133 92
14 135 10
14 140 52
14 141 45
14 146 86
14 147 65
14 148 89
15 16 54
15 17 24
15 18 86
15 22 59
15 26 2
15 29 8
15 32 56
15 33 66
15 37 28
15 40 71
15 41 94
15 43 66
15 44 59
15 46 32
15 47 62
15 50 66
15 62 97
15 64 75
15 65 91
15 66 57
15 68 84
15 69 87
15 71 26
15 72 57
15 78 55
15 80 11
15 82 20
15 84 84
15 85 25
15 86 57
15 89 51
15 92 42
15 93 73
15 96 85
15 97 41
15 98 27
15 101 48
15 103 99
15 107 90
15 108 89
15 109 76
15 111 96
15 112 14
15 113 58
15 115 96
15 116 56
15 119 21
15 121 97
15 125 37
15 126 65
15 128 91
15 130 39
15 133 85
15 134 37
15 145 100
15 148 96
15 149 43
15 150 28
16 17 73
16 18 67
16 19 17
16 25 74
16 28 35
16 29 76
16 30 29
16 31 86
16 33 7
16 36 59
16 37 51
16 38 15
16 42 95
16 43 15
16 45 34
16 46 93
16 47 8
16 48 44
16 51 9
16 52 53
16 53 91
16 55 86
16 56 80
16 59 39
16 60 98
16 63 10
16 65 63
16 66 24
16 69 6
16 70 11
16 71 51
16 75 33
16 76 76
16 78 47
16 79 54
16 80 37
16 81 36
16 83 94
16 86 41
16 87 79
16 88 23
16 90 46
16 93 87
16 94 93
16 96 55
16 98 51
16 99 64
16 101 7
16 102 1
16 103 68
16 104 99
16 107 38
16 109 24
16 118 11
16 119 40
16 121 21
16 123 49
16 124 44
16 125 53
16 126 16
16 127 10
16 129 23
16 131 68
16 133 2
16 137 14
16 138 53
16 139 49
16 141 91
16 142 71
16 144 21
16 145 4
16 146 60
17 21 65
17 22 24
17 24 16
17 28 28
17 29 5
17 30 81
17 31 17
17 33 47
17 34 5
17 35 82
17 36 38
17 38 98
17 40 79
17 41 90
17 43 88
17 46 43
17 50 46
17 51 65
17 52 58
17 54 82
17 60 59
17 61 71
17 62 86
17 65 26
17 69 35
17 70 89
17 71 30
17 73 97
17 78 35
17 79 23
17 80 100
17 82 71
17 83 57
17 86 47
17 88 46
17 89 19
17 94 54
17 95 80
17 98 86
17 101 67
17 104 14
17 106 72
17 109 1
17 111 52
17 112 47
17 113 99
17 114 69
17 116 81
17 123 62
17 124 68
17 126 5
17 127 16
17 128 50
17 131 49
17 134 11
17 138 58
17 139 49
17 141 29
17 145 39
17 147 37
17 149 87
18 19 41
18 20 34
18 21 76
18 22 12
18 23 84
18 31 26
18 33 67
18 35 46
18 36 86
18 42 39
18 49 5
18 60 43
18 65 95
18 66 64
18 67 97
18 69 16
18 70 2
18 76 86
18 79 49
18 83 95
18 84 40
18 89 82
18 94 2
18 95 73
18 97 83
18 98 83
18 101 14
18 104 28
18 108 30
18 111 56
18 112 36
18 114 86
18 115 73
18 116 96
18 120 9
18 121 76
18 122 82
18 125 35
18 126 100
18 131 100
18 135 43
18 140 10
18 146 26
18 149 11
19 20 72
19 21 59
19 23 86
19 25 19
19 28 59
19 29 5
19 30 50
19 34 5
19 35 11
19 37 21
19 39 47
19 41 56
19 42 58
19 43 1
19 44 98
19 45 98
19 46 9
19 47 17
19 51 96
19 53 23
19 54 94
19 56 26
19 58 96
19 61 55
19 64 100
19 66 11
19 72 98
19 73 62
19 76 12
19 77 72
19 79 88
19 80 47
19 81 97
19 84 22
19 85 5
19 88 22
19 89 3
19 92 14
19 93 12
19 94 96
19 96 58
19 98 38
19 102 10
19 104 84
19 108 69
19 109 7
19 110 96
19 111 14
19 114 55
19 116 11
19 123 97
19 125 93
19 130 35
19 137 32
19 138 41
19 140 59
19 141 90
19 145 31
19 148 67
20 24 57
20 25 17
20 26 97
20 27 2
20 29 26
20 31 81
20 34 60
20 36 46
20 41 52
20 42 78
20 43 89
20 44 49
20 55 93
20 57 42
20 59 33
20 61 18
20 62 84
20 63 47
20 64 40
20 66 8
20 71 53
20 75 81
20 76 20
20 77 46
20 78 86
20 80 55
20 82 96
20 83 62
20 84 59
20 88 99
20 89 31
20 98 49
20 99 73
20 101 37
20 102 69
20 103 89
20 104 23
20 107 80
20 109 39
20 112 17
20 114 27
20 115 75
20 123 91
20 128 44
20 130 37
20 131 3
20 132 10
20 133 84
20 134 41
20 135 22
20 136 91
20 142 46
20 143 24
20 145 36
20 147 28
21 24 79
21 29 41
21 32 79
21 34 55
21 35 19
21 36 72
21 37 75
21 39 20
21 41 79
21 42 29
21 44 33
21 46 18
21 54 52
21 56 24
21 57 79
21 60 75
21 62 84
21 63 85
21 64 27
21 65 84
21 66 48
21 69 50
21 73 83
21 74 91
21 77 55
21 79 70
21 80 67
21 87 10
21 88 82
21 90 40
21 92 5
21 94 26
21 95 79
21 98 5
21 101 80
21 102 50
21 106 36
21 109 78
21 111 59
21 114 11
21 117 83
21 118 17
21 120 98
21 125 57
21 126 3
21 129 20
21 133 23
21 139 45
21 141 1
21 144 59
21 145 41
21 147 47
21 150 12
22 25 4
22 27 69
22 28 34
22 31 76
22 32 90
22 33 58
22 35 52
22 39 5
22 41 70
22 42 39
22 44 82
22 46 31
22 51 6
22 52 45
22 54 67
22 59 5
22 63 98
22 64 90
22 65 70
22 70 12
22 74 99
22 78 95
22 79 43
22 80 7
22 84 86
22 86 7
22 88 61
22 89 99
22 90 2
22 92 89
22 93 81
22 94 77
22 98 36
22 108 3
22 109 54
22 112 81
22 114 81
22 118 33
22 119 38
22 125 56
22 128 67
22 129 66
22 130 42
22 136 73
22 137 76
22 143 1
22 147 19
22 150 91
23 29 34
23 33 98
23 34 26
23 35 73
23 36 69
23 44 96
23 45 83
23 46 14
23 52 84
23 53 66
23 54 60
23 63 35
23 64 86
23 69 92
23 70 87
23 72 11
23 73 59
23 76 41
23 83 39
23 85 56
23 86 23
23 91 38
23 92 28
23 93 25
23 98 83
23 99 10
23 102 42
23 107 74
23 113 6
23 115 98
23 116 93
23 117 41
23 118 77
23 121 9
23 123 30
23 125 80
23 126 43
23 128 23
23 138 67
23 139 27
23 140 35
23 142 30
23 143 82
23 148 98
23 150 64
24 28 5
24 29 86
24 30 86
24 33 51
24 36 25
24 41 27
24 45 97
24 46 89
24 48 25
24 49 12
24 55 80
24 57 31
24 58 17
24 60 74
24 62 14
24 64 57
24 68 2
24 69 69
24 72 97
24 74 34
24 75 34
24 76 8
24 78 96
24 80 88
24 82 82
24 84 3
24 86 58
24 88 12
24 89 49
24 90 80
24 91 53
24 92 79
24 93 28
24 95 59
24 96 1
24 97 76
24 104 94
24 109 15
24 110 81
24 112 18
24 113 33
24 114 63
24 116 91
24 117 57
24 120 65
24 123 67
24 124 85
24 125 92
24 127 80
24 129 72
24 130 22
24 133 80
24 134 82
24 136 73
24 140 69
24 141 37
24 148 44
25 26 13
25 32 13
25 34 41
25 35 19
25 36 59
25 38 39
25 42 28
25 43 17
25 45 72
25 48 85
25 49 35
25 50 76
25 51 2
25 55 79
25 60 47
25 65 22
25 66 43
25 69 54
25 70 19
25 78 85
25 79 42
25 80 68
25 81 31
25 82 47
25 83 7
25 86 62
25 87 96
25 89 93
25 91 94
25 92 79
25 97 16
25 98 16
25 99 93
25 101 52
25 105 39
25 108 85
25 109 32
25 110 27
25 113 28
25 118 78
25 121 37
25 127 59
25 128 14
25 130 36
25 131 96
25 134 25
25 135 78
25 140 23
25 141 32
25 143 30
25 150 69
26 28 76
26 30 57
26 31 25
26 32 80
26 37 77
26 38 70
26 40 86
26 44 83
26 47 58
26 55 92
26 56 21
26 70 7
26 74 32
26 76 74
26 77 91
26 78 84
26 80 49
26 81 27
26 83 79
26 84 35
26 85 96
26 90 91
26 94 49
26 95 96
26 96 28
26 99 73
26 100 82
26 104 25
26 105 7
26 113 45
26 116 75
26 117 66
26 122 37
26 124 43
26 127 53
26 130 62
26 140 16
26 143 48
26 147 43
26 150 24
27 29 39
27 30 64
27 31 30
27 36 16
27 38 85
27 46 55
27 49 65
27 52 54
27 54 36
27 58 14
27 59 36
27 60 28
27 61 49
27 63 71
27 69 95
27 73 69
27 75 84
27 76 50
27 78 33
27 83 1
27 85 9
27 86 80
27 88 82
27 93 60
27 99 97
27 102 16
27 110 27
27 112 30
27 116 95
27 118 71
27 119 97
27 120 79
27 121 16
27 122 91
27 124 53
27 125 50
27 126 20
27 128 95
27 129 66
27 135 20
27 137 94
27 141 13
27 143 56
27 144 41
27 146 76
27 148 53
27 150 86
28 29 92
28 32 4
28 34 91
28 36 60
28 37 100
28 38 28
28 40 34
28 42 57
28 44 10
28 50 38
28 53 25
28 55 67
28 58 47
28 61 51
28 64 42
28 65 58
28 66 33
28 67 29
28 68 28
28 69 53
28 70 63
28 72 21
28 75 18
28 76 87
28 77 26
28 81 36
28 82 38
28 85 56
28 88 52
28 92 13
28 95 94
28 96 35
28 97 57
28 99 63
28 103 27
28 104 24
28 106 94
28 108 80
28 109 26
28 110 16
28 111 70
28 114 50
28 121 50
28 126 28
28 128 22
28 129 87
28 130 24
28 132 22
28 134 66
28 135 3
28 136 9
28 137 71
28 138 53
28 142 79
28 144 47
28 147 84
28 148 58
28 149 67
28 150 73
29 30 77
29 33 2
29 38 75
29 39 63
29 40 39
29 41 46
29 43 29
29 46 16
29 48 21
29 52 54
29 57 81
29 58 90
29 60 46
29 66 52
29 68 79
29 69 95
29 70 13
29 71 30
29 72 36
29 75 46
29 76 88
29 77 81
29 78 75
29 79 65
29 80 67
29 83 29
29 86 57
29 91 95
29 93 15
29 96 15
29 100 73
29 104 47
29 105 95
29 111 57
29 113 24
29 115 70
29 120 85
29 121 63
29 123 54
29 124 36
29 127 90
29 128 42
29 129 55
29 130 8
29 138 100
29 142 57
29 143 74
29 145 49
29 147 6
29 149 12
29 150 98
30 31 6
30 33 14
30 35 6
30 37 11
30 41 80
30 44 78
30 46 77
30 47 79
30 51 88
30 53 74
30 56 73
30 58 59
30 62 44
30 63 63
30 66 67
30 68 14
30 70 32
30 71 58
30 72 18
30 74 32
30 75 99
30 77 13
30 81 53
30 83 55
30 85 6
30 86 25
30 89 85
30 90 43
30 91 57
30 92 26
30 93 58
30 95 58
30 98 27
30 99 36
30 101 57
30 102 100
30 104 30
30 105 65
30 108 51
30 109 61
30 114 80
30 116 60
30 117 48
30 119 66
30 120 43
30 123 71
30 126 36
30 127 63
30 130 76
30 134 41
30 135 14
30 137 85
30 138 60
30 142 74
30 143 67
30 144 16
30 146 55
30 147 77
30 148 57
30 150 51
31 35 68
31 37 72
31 39 33
31 43 4
31 44 18
31 45 91
31 50 22
31 52 35
31 58 58
31 61 56
31 63 43
31 64 27
31 68 22
31 69 20
31 70 32
31 71 1
31 78 30
31 79 55
31 80 74
31 81 91
31 86 90
31 87 51
31 92 25
31 93 17
31 94 95
31 98 90
31 101 71
31 102 85
31 104 26
31 106 74
31 113 72
31 114 12
31 115 89
31 116 15
31 117 95
31 119 64
31 122 28
31 123 54
31 124 68
31 131 17
31 139 4
31 140 55
31 142 84
31 145 100
31 146 78
31 147 1
31 149 23
32 35 36
32 41 39
32 42 91
32 43 13
32 45 56
32 46 34
32 47 77
32 49 55
32 53 76
32 54 77
32 55 19
32 57 7
32 59 23
32 62 83
32 66 9
32 70 15
32 72 12
32 74 71
32 75 55
32 77 33
32 78 25
32 80 44
32 81 57
32 83 39
32 84 62
32 87 64
32 88 93
32 89 87
32 90 70
32 92 21
32 94 5
32 95 36
32 97 79
32 100 93
32 105 72
32 107 99
32 111 54
32 112 26
32 113 86
32 117 1
32 119 78
32 120 32
32 121 2
32 122 80
32 123 45
32 132 63
32 134 38
32 135 13
32 140 89
32 142 92
32 143 78
32 145 41
33 35 82
33 36 98
33 37 20
33 39 69
33 41 78
33 46 80
33 47 78
33 48 33
33 51 69
33 52 46
33 53 71
33 55 21
33 57 93
33 61 96
33 63 25
33 64 96
33 66 17
33 67 90
33 69 54
33 70 95
33 71 27
33 74 50
33 78 50
33 81 29
33 83 63
33 84 75
33 85 14
33 87 69
33 88 4
33 92 94
33 93 50
33 96 88
33 97 63
33 104 14
33 106 32
33 107 47
33 111 47
33 112 57
33 113 23
33 116 96
33 117 22
33 118 38
33 119 15
33 120 15
33 121 61
33 126 84
33 129 62
33 130 15
33 131 86
33 136 53
33 139 73
33 140 90
33 143 51
33 144 93
33 145 1
33 147 64
34 35 41
34 38 57
34 40 76
34 42 61
34 43 48
34 44 59
34 51 68
34 55 10
34 65 13
34 66 8
34 71 42
34 72 78
34 77 61
34 79 77
34 86 60
34 87 48
34 90 33
34 91 58
34 93 64
34 97 87
34 99 82
34 100 60
34 103 15
34 104 100
34 105 63
34 109 76
34 113 25
34 114 87
34 115 30
34 118 38
34 119 62
34 120 37
34 124 27
34 127 30
34 128 2
34 129 36
34 130 48
34 132 46
34 137 42
34 139 13
34 141 90
34 142 84
34 146 100
34 148 66
34 149 57
34 150 7
35 37 37
35 38 71
35 39 28
35 40 79
35 47 41
35 52 69
35 53 87
35 54 46
35 55 36
35 56 13
35 59 61
35 60 2
35 62 82
35 64 59
35 70 37
35 73 33
35 77 36
35 79 7
35 80 53
35 82 89
35 85 91
35 89 30
35 94 5
35 97 8
35 99 50
35 100 52
35 101 17
35 103 5
35 106 65
35 108 64
35 110 20
35 111 70
35 113 41
35 115 14
35 120 98
35 125 83
35 126 5
35 128 18
35 130 72
35 132 63
35 138 25
35 147 62
36 40 31
36 44 26
36 45 94
36 49 64
36 50 60
36 52 34
36 53 91
36 57 25
36 59 21
36 60 61
36 65 75
36 66 54
36 72 2
36 74 35
36 75 87
36 76 46
36 77 16
36 78 34
36 80 20
36 91 59
36 96 60
36 97 22
36 98 15
36 100 86
36 103 76
36 108 6
36 110 63
36 113 24
36 116 17
36 118 83
36 119 96
36 122 27
36 125 11
36 126 55
36 128 8
36 129 90
36 131 10
36 132 65
36 133 33
36 135 14
36 136 43
36 140 36
36 142 8
36 145 9
36 148 47
37 38 38
37 43 49
37 46 82
37 47 10
37 48 53
37 56 14
37 63 86
37 66 39
37 68 25
37 69 92
37 70 96
37 71 71
37 73 26
37 74 17
37 75 28
37 77 93
37 78 23
37 79 74
37 82 38
37 83 7
37 85 41
37 90 47
37 91 42
37 92 86
37 98 66
37 99 58
37 101 62
37 107 16
37 109 14
37 113 6
37 114 29
37 115 40
37 116 9
37 118 43
37 120 12
37 121 42
37 122 89
37 123 34
37 125 84
37 126 63
37 132 83
37 133 93
37 137 57
37 139 64
37 140 65
37 141 4
37 142 27
37 143 20
37 147 96
38 39 16
38 40 59
38 43 34
38 49 9
38 54 61
38 63 23
38 65 34
38 67 52
38 68 36
38 70 19
38 71 100
38 75 58
38 76 11
38 77 43
38 78 4
38 83 55
38 85 91
38 86 74
38 100 99
38 105 25
38 110 9
38 116 62
38 119 42
38 124 8
38 125 29
38 130 25
38 132 62
38 134 83
38 136 79
38 141 80
38 143 48
38 144 52
38 148 81
38 149 37
39 40 97
39 42 30
39 43 68
39 45 100
39 47 72
39 49 96
39 56 81
39 58 18
39 67 58
39 69 99
39 74 2
39 75 3
39 79 63
39 83 12
39 85 15
39 89 21
39 90 63
39 93 34
39 95 64
39 99 18
39 104 45
39 108 14
39 109 81
39 110 24
39 120 21
39 121 53
39 122 66
39 123 87
39 124 19
39 126 2
39 129 91
39 131 9
39 134 58
39 139 16
39 141 86
39 142 100
39 145 7
39 146 96
39 147 92
39 150 71
40 48 66
40 49 27
40 51 28
40 54 23
40 55 69
40 57 35
40 60 46
40 67 79
40 70 89
40 71 61
40 73 90
40 74 23
40 82 64
40 83 55
40 87 24
40 93 55
40 95 22
40 97 48
40 99 85
40 100 14
40 104 87
40 105 85
40 106 96
40 108 54
40 109 34
40 112 39
40 113 35
40 114 60
40 116 8
40 120 93
40 121 4
40 125 60
40 126 75
40 127 67
40 131 21
40 135 98
40 138 86
40 140 54
40 141 14
40 146 84
40 148 51
41 43 24
41 46 88
41 47 72
41 48 14
41 55 11
41 58 49
41 64 39
41 72 48
41 74 16
41 75 40
41 78 37
41 81 66
41 85 53
41 86 26
41 87 86
41 89 58
41 90 97
41 91 11
41 92 66
41 94 97
41 96 92
41 97 13
41 99 9
41 100 12
41 101 72
41 103 59
41 105 82
41 108 73
41 123 36
41 127 15
41 130 88
41 133 81
41 137 96
41 138 17
41 139 22
41 142 86
41 144 49
41 145 15
41 147 73
41 148 15
42 46 73
42 49 68
42 51 22
42 53 14
42 55 60
42 56 21
42 58 67
42 62 54
42 63 58
42 66 63
42 71 12
42 72 24
42 73 20
42 75 73
42 78 24
42 79 81
42 80 72
42 82 80
42 84 76
42 86 85
42 87 31
42 88 48
42 90 12
42 91 57
42 93 88
42 100 72
42 103 18
42 106 92
42 123 3
42 126 29
42 127 97
42 128 10
42 129 84
42 132 50
42 138 96
42 139 7
42 140 41
42 143 88
42 145 93
42 146 18
42 147 73
42 149 32
42 150 46
43 45 47
43 46 67
43 51 93
43 55 68
43 57 4
43 61 64
43 62 64
43 64 35
43 67 2
43 74 35
43 75 99
43 78 97
43 81 33
43 85 2
43 86 70
43 90 94
43 95 66
43 96 15
43 105 77
43 107 36
43 108 21
43 114 29
43 115 82
43 118 85
43 122 65
43 123 49
43 126 39
43 127 7
43 129 85
43 131 24
43 135 95
43 136 40
43 138 75
43 140 86
43 146 76
43 147 42
43 149 66
44 46 1
44 47 15
44 49 91
44 58 22
44 61 96
44 63 19
44 68 36
44 70 18
44 75 82
44 76 6
44 80 5
44 82 16
44 88 79
44 90 84
44 93 59
44 94 69
44 95 54
44 97 58
44 99 60
44 103 26
44 104 72
44 105 35
44 112 79
44 114 4
44 115 54
44 118 17
44 121 13
44 122 9
44 123 87
44 127 13
44 132 95
44 133 47
44 134 53
44 135 9
44 139 14
44 141 77
44 143 72
44 144 94
45 48 48
45 51 34
45 58 37
45 59 91
45 61 18
45 64 56
45 65 14
45 67 50
45 70 85
45 72 28
45 73 85
45 76 31
45 78 36
45 81 94
45 82 84
45 84 31
45 85 23
45 87 23
45 89 80
45 94 27
45 97 43
45 99 43
45 100 98
45 101 42
45 103 89
45 105 34
45 106 17
45 107 8
45 114 85
45 115 74
45 116 88
45 119 12
45 120 85
45 124 23
45 127 43
45 130 70
45 132 13
45 137 71
45 138 42
45 139 96
45 140 35
45 142 51
45 144 83
45 147 38
45 149 28
46 49 89
46 52 20
46 53 87
46 56 26
46 57 27
46 58 72
46 59 83
46 61 33
46 62 22
46 63 18
46 66 21
46 73 3
46 74 10
46 75 85
46 76 91
46 77 32
46 79 27
46 88 73
46 89 46
46 93 8
46 94 84
46 98 39
46 102 38
46 103 65
46 104 54
46 108 30
46 109 56
46 112 80
46 115 32
46 116 20
46 119 81
46 125 27
46 129 41
46 134 72
46 136 83
46 139 70
46 140 99
46 141 12
46 148 61
46 149 79
47 48 15
47 49 53
47 50 5
47 51 84
47 53 98
47 55 25
47 58 27
47 59 87
47 60 2
47 62 18
47 68 93
47 69 62
47 70 21
47 71 35
47 72 44
47 74 79
47 75 54
47 85 41
47 88 64
47 93 96
47 98 9
47 101 100
47 104 46
47 106 83
47 112 24
47 115 32
47 117 5
47 118 2
47 119 93
47 122 95
47 128 96
47 132 95
47 133 25
47 134 76
47 136 16
47 138 90
47 141 91
47 143 83
47 145 79
47 149 10
48 49 16
48 50 91
48 52 25
48 54 38
48 55 1
48 56 75
48 57 93
48 62 94
48 63 84
48 64 2
48 67 22
48 68 21
48 73 30
48 74 92
48 76 85
48 82 7
48 83 57
48 84 77
48 86 25
48 88 19
48 89 73
48 96 16
48 106 56
48 107 37
48 108 10
48 109 84
48 112 94
48 116 10
48 117 38
48 119 92
48 121 27
48 122 75
48 123 8
48 129 90
48 132 7
48 136 96
48 138 21
48 140 93
48 141 59
48 148 59
48 150 81
49 50 28
49 51 25
49 54 71
49 57 24
49 61 64
49 64 80
49 65 50
49 66 6
49 70 83
49 74 69
49 78 22
49 79 78
49 83 64
49 84 15
49 85 36
49 88 50
49 89 55
49 91 7
49 93 84
49 99 20
49 102 19
49 106 28
49 108 35
49 114 18
49 116 1
49 117 100
49 118 4
49 121 16
49 122 70
49 124 3
49 127 7
49 128 55
49 130 45
49 131 1
49 132 95
49 135 14
49 137 2
49 143 44
49 147 22
49 148 64
49 149 40
49 150 92
50 55 50
50 56 83
50 57 37
50 62 41
50 65 96
50 69 45
50 70 68
50 71 47
50 72 3
50 73 75
50 74 31
50 75 61
50 76 72
50 78 99
50 79 25
50 80 40
50 82 70
50 83 22
50 84 79
50 85 27
50 87 54
50 93 30
50 94 2
50 96 31
50 97 69
50 98 85
50 105 32
50 110 89
50 111 40
50 113 52
50 116 2
50 119 34
50 120 37
50 122 33
50 124 2
50 131 71
50 133 90
50 138 8
50 140 58
50 143 24
50 144 45
50 148 85
50 149 44
50 150 65
51 52 35
51 54 94
51 55 23
51 56 73
51 62 49
51 64 24
51 67 13
51 71 25
51 77 72
51 78 13
51 86 79
51 89 37
51 94 68
51 97 75
51 98 38
51 100 33
51 102 58
51 106 67
51 110 91
51 115 29
51 116 3
51 117 10
51 119 51
51 123 16
51 126 14
51 129 92
51 130 75
51 133 69
51 135 49
51 140 31
51 143 11
51 144 22
51 145 29
51 148 8
51 150 63
52 53 24
52 55 87
52 56 54
52 57 56
52 58 34
52 62 70
52 65 89
52 67 49
52 69 62
52 71 55
52 72 40
52 80 32
52 84 75
52 85 15
52 86 85
52 88 76
52 89 46
52 90 87
52 95 8
52 96 55
52 98 82
52 101 8
52 103 91
52 108 100
52 113 60
52 114 80
52 121 90
52 123 92
52 124 36
52 129 44
52 131 26
52 135 95
52 137 3
52 138 23
52 139 3
52 141 66
52 142 47
52 143 91
52 145 55
52 150 26
53 55 20
53 59 34
53 60 15
53 61 36
53 63 6
53 66 20
53 67 5
53 70 70
53 72 11
53 75 3
53 76 90
53 77 74
53 80 4
53 82 79
53 85 48
53 86 38
53 88 87
53 89 49
53 90 35
53 91 52
53 92 65
53 94 58
53 96 20
53 105 58
53 106 3
53 107 96
53 110 80
53 112 89
53 113 70
53 114 51
53 117 100
53 125 34
53 132 38
53 133 96
53 135 7
53 141 14
53 143 92
53 145 10
53 148 77
53 150 96
54 57 78
54 59 59
54 63 86
54 64 58
54 68 21
54 69 58
54 70 29
54 71 29
54 73 78
54 77 10
54 79 50
54 80 72
54 82 25
54 83 11
54 85 52
54 87 42
54 88 49
54 93 52
54 94 3
54 99 75
54 101 38
54 102 59
54 103 6
54 105 50
54 106 6
54 112 82
54 113 7
54 114 27
54 115 89
54 116 80
54 117 28
54 118 68
54 120 14
54 121 46
54 122 74
54 123 34
54 125 52
54 126 56
54 128 23
54 130 93
54 132 6
54 134 93
54 135 13
54 136 57
54 140 39
54 141 83
54 143 67
54 144 96
55 56 33
55 63 12
55 65 78
55 67 20
55 69 34
55 70 86
55 71 3
55 73 20
55 76 15
55 78 17
55 83 40
55 85 42
55 87 60
55 89 97
55 92 6
55 96 33
55 98 69
55 100 7
55 103 47
55 105 10
55 107 39
55 111 66
55 112 96
55 116 67
55 122 58
55 126 90
55 127 5
55 128 88
55 129 76
55 130 87
55 131 63
55 132 36
55 135 48
55 136 4
55 139 20
55 142 46
55 145 45
55 146 65
55 147 96
56 57 8
56 60 17
56 61 90
56 62 90
56 64 69
56 66 74
56 67 58
56 71 12
56 75 4
56 81 83
56 84 41
56 85 18
56 87 18
56 88 76
56 89 48
56 92 56
56 96 62
56 100 53
56 107 11
56 109 20
56 115 100
56 118 84
56 119 5
56 121 73
56 125 15
56 128 6
56 129 6
56 132 5
56 134 87
56 136 26
56 138 100
56 139 74
56 142 74
56 143 41
56 144 69
56 146 13
56 149 46
56 150 100
57 58 12
57 59 20
57 60 18
57 63 87
57 64 1
57 71 65
57 72 78
57 73 52
57 75 16
57 79 68
57 80 14
57 82 97
57 87 20
57 88 4
57 92 74
57 93 53
57 95 30
57 96 37
57 99 21
57 100 24
57 106 20
57 107 23
57 109 36
57 110 23
57 111 83
57 114 28
57 115 31
57 116 8
57 117 15
57 121 8
57 122 46
57 124 60
57 126 4
57 127 67
57 132 40
57 133 77
57 135 12
57 139 66
57 141 81
57 144 74
57 145 4
57 147 94
57 148 7
58 61 44
58 67 12
58 69 40
58 73 43
58 75 87
58 76 86
58 78 61
58 79 57
58 81 81
58 82 66
58 85 66
58 87 16
58 91 29
58 96 10
58 97 1
58 100 39
58 101 35
58 105 91
58 106 43
58 107 63
58 110 31
58 111 83
58 112 11
58 114 96
58 115 25
58 117 96
58 118 42
58 124 41
58 125 23
58 126 65
58 127 51
58 128 56
58 129 8
58 130 15
58 131 48
58 134 24
58 136 53
58 137 43
58 139 71
58 141 58
58 143 25
58 144 36
58 145 72
58 150 88
59 61 23
59 64 22
59 66 92
59 69 57
59 71 93
59 72 29
59 75 69
59 76 75
59 78 40
59 79 84
59 82 58
59 83 73
59 86 96
59 87 7
59 88 10
59 89 92
59 90 80
59 96 48
59 100 54
59 101 90
59 103 69
59 108 14
59 113 82
59 114 47
59 116 70
59 118 8
59 122 72
59 123 97
59 124 73
59 130 70
59 133 23
59 135 26
59 136 71
59 138 40
59 139 82
59 142 1
59 144 92
59 146 36
59 147 17
60 62 13
60 63 62
60 64 21
60 65 73
60 66 26
60 70 40
60 73 55
60 77 62
60 80 75
60 82 52
60 84 88
60 85 91
60 86 40
60 89 92
60 96 47
60 97 99
60 100 10
60 102 19
60 104 3
60 107 4
60 109 77
60 111 93
60 114 81
60 116 51
60 120 3
60 121 32
60 124 47
60 125 58
60 126 75
60 130 11
60 134 81
60 137 99
60 138 96
60 139 88
60 147 89
61 62 70
61 67 55
61 68 96
61 69 36
61 72 27
61 73 68
61 74 31
61 76 36
61 78 7
61 79 21
61 82 4
61 87 12
61 88 72
61 89 86
61 92 22
61 93 18
61 95 100
61 97 32
61 98 34
61 108 2
61 109 86
61 111 55
61 112 9
61 113 64
61 115 47
61 116 35
61 117 98
61 119 34
61 131 80
61 133 70
61 134 71
61 135 98
61 140 46
61 144 19
61 145 64
61 146 33
61 148 41
61 149 21
62 63 72
62 68 59
62 70 76
62 72 71
62 75 98
62 76 13
62 77 75
62 81 78
62 84 82
62 85 98
62 88 65
62 92 81
62 96 61
62 97 58
62 102 90
62 108 93
62 109 7
62 111 7
62 113 7
62 115 62
62 118 60
62 121 33
62 122 90
62 124 9
62 125 41
62 126 24
62 127 87
62 131 86
62 132 59
62 135 47
62 136 78
62 139 65
62 140 45
62 144 90
62 146 67
62 147 12
62 148 32
63 64 58
63 66 45
63 71 26
63 72 50
63 75 19
63 79 11
63 80 73
63 81 72
63 83 35
63 86 38
63 92 64
63 93 20
63 96 4
63 101 20
63 107 91
63 108 38
63 110 50
63 114 25
63 115 13
63 116 97
63 121 80
63 124 58
63 127 42
63 128 70
63 136 37
63 137 13
63 139 45
63 140 100
63 141 7
63 142 79
63 144 2
63 149 25
64 65 100
64 66 65
64 69 47
64 73 82
64 75 78
64 77 22
64 79 9
64 85 86
64 86 92
64 89 34
64 91 95
64 94 34
64 95 71
64 96 92
64 98 57
64 99 23
64 101 31
64 104 14
64 106 42
64 107 62
64 113 6
64 114 35
64 115 76
64 123 84
64 126 51
64 128 86
64 132 80
64 137 31
64 138 86
64 141 29
64 142 34
64 144 93
64 147 94
65 67 79
65 68 58
65 69 84
65 70 26
65 72 51
65 76 80
65 77 45
65 80 76
65 85 45
65 87 32
65 89 14
65 91 20
65 92 2
65 95 13
65 96 92
65 98 74
65 102 10
65 103 91
65 104 75
65 108 86
65 109 34
65 115 42
65 117 68
65 118 78
65 119 6
65 123 58
65 125 80
65 130 47
65 132 95
65 133 6
65 135 46
65 136 24
65 138 13
65 140 100
65 143 79
65 147 87
65 149 35
65 150 93
66 67 94
66 71 68
66 73 1
66 77 86
66 78 93
66 79 72
66 81 2
66 86 64
66 89 63
66 93 48
66 97 61
66 98 5
66 99 72
66 102 56
66 105 29
66 106 51
66 107 72
66 108 35
66 111 72
66 113 69
66 114 69
66 115 26
66 120 91
66 122 89
66 124 1
66 130 11
66 132 22
66 134 93
66 135 3
66 136 96
66 137 11
66 138 32
67 68 97
67 75 49
67 76 9
67 77 75
67 82 76
67 89 28
67 90 67
67 95 1
67 96 35
67 102 11
67 103 20
67 104 77
67 105 57
67 106 63
67 109 53
67 111 92
67 114 18
67 115 1
67 120 56
67 123 94
67 125 24
67 127 27
67 129 9
67 131 16
67 133 59
67 137 10
67 139 60
67 145 35
67 147 10
67 150 53
68 72 73
68 76 44
68 78 62
68 79 30
68 82 48
68 86 91
68 87 86
68 88 38
68 89 78
68 94 92
68 95 57
68 98 74
68 104 62
68 108 3
68 111 92
68 112 68
68 115 88
68 117 51
68 119 55
68 121 49
68 124 23
68 126 20
68 127 44
68 133 90
68 136 50
68 138 45
68 142 32
68 144 73
68 147 21
68 149 45
69 72 96
69 74 57
69 79 22
69 81 72
69 86 52
69 89 97
69 94 44
69 100 47
69 101 72
69 102 93
69 103 64
69 106 25
69 107 81
69 114 79
69 115 45
69 116 58
69 117 55
69 127 17
69 129 88
69 133 29
69 134 74
69 135 76
69 140 10
69 142 73
70 73 48
70 74 95
70 75 72
70 78 1
70 79 77
70 80 95
70 83 9
70 84 78
70 87 91
70 89 12
70 90 29
70 92 57
70 96 40
70 104 51
70 107 88
70 108 13
70 111 87
70 112 60
70 113 13
70 119 68
70 121 13
70 122 33
70 123 61
70 124 82
70 126 97
70 128 38
70 129 37
70 132 93
70 134 33
70 138 42
70 143 18
70 145 78
70 148 43
70 150 75
71 73 34
71 74 74
71 75 78
71 76 90
71 77 22
71 86 54
71 88 66
71 92 50
71 94 68
71 95 72
71 97 42
71 99 82
71 100 60
71 108 100
71 110 66
71 114 44
71 115 74
71 117 81
71 118 97
71 119 85
71 121 62
71 125 51
71 126 60
71 131 50
71 137 32
71 139 9
71 140 45
71 142 30
71 150 55
72 74 68
72 76 89
72 77 90
72 78 32
72 81 23
72 82 72
72 83 76
72 84 14
72 89 21
72 97 91
72 99 82
72 100 40
72 101 65
72 103 2
72 105 29
72 106 69
72 112 5
72 121 22
72 124 32
72 131 94
72 136 52
72 138 23
72 139 17
72 141 97
72 143 79
72 146 21
72 147 72
72 150 3
73 75 91
73 76 90
73 78 54
73 80 68
73 81 28
73 84 51
73 92 34
73 97 98
73 100 82
73 102 48
73 103 99
73 108 64
73 109 89
73 111 21
73 112 3
73 113 3
73 114 35
73 115 59
73 116 86
73 123 88
73 124 85
73 125 5
73 127 23
73 128 69
73 130 13
73 133 76
73 136 71
73 138 40
73 140 32
73 141 63
73 143 76
73 147 57
73 148 89
73 149 90
74 78 7
74 80 88
74 83 23
74 90 84
74 94 1
74 98 18
74 103 28
74 108 26
74 110 84
74 113 14
74 115 77
74 116 88
74 117 22
74 118 93
74 121 84
74 122 39
74 123 87
74 125 86
74 126 94
74 127 41
74 129 96
74 130 43
74 133 65
74 137 69
74 138 59
74 141 64
74 142 25
74 144 23
74 145 12
74 146 43
74 147 57
74 149 15
74 150 67
75 76 29
75 81 20
75 82 99
75 83 99
75 87 34
75 88 14
75 89 45
75 90 42
75 94 61
75 97 79
75 99 6
75 100 83
75 101 74
75 103 76
75 106 67
75 110 95
75 111 69
75 113 22
75 117 76
75 119 10
75 120 45
75 124 49
75 127 57
75 128 8
75 129 5
75 132 34
75 134 6
75 138 1
75 143 69
75 145 9
75 147 47
75 149 87
75 150 69
76 77 71
76 79 62
76 81 53
76 82 28
76 84 86
76 85 77
76 87 80
76 89 11
76 96 28
76 99 65
76 100 70
76 103 26
76 104 41
76 109 96
76 112 33
76 118 12
76 119 89
76 120 24
76 122 24
76 123 18
76 124 99
76 126 55
76 129 55
76 133 92
76 137 55
76 140 7
76 141 40
76 143 5
76 147 87
76 148 35
77 80 37
77 88 44
77 91 2
77 97 92
77 98 37
77 100 35
77 105 53
77 107 94
77 111 25
77 118 85
77 122 43
77 127 4
77 129 79
77 131 26
77 140 72
77 142 36
77 145 34
77 150 25
78 79 32
78 80 33
78 82 83
78 86 96
78 87 72
78 91 53
78 92 44
78 93 93
78 96 36
78 100 40
78 103 32
78 108 99
78 111 33
78 112 46
78 113 56
78 115 40
78 118 27
78 119 1
78 120 77
78 121 24
78 128 91
78 131 71
78 132 10
78 136 63
78 138 87
78 141 84
78 144 29
78 146 26
78 147 18
78 148 41
79 80 92
79 81 50
79 84 86
79 85 79
79 88 50
79 93 61
79 94 44
79 98 99
79 99 9
79 104 20
79 105 50
79 106 48
79 109 72
79 110 41
79 111 75
79 114 51
79 115 17
79 117 14
79 120 81
79 122 73
79 130 79
79 145 13
79 149 49
79 150 81
80 84 2
80 85 68
80 88 41
80 89 96
80 90 43
80 93 36
80 94 79
80 103 80
80 104 32
80 105 17
80 106 11
80 108 63
80 109 73
80 113 72
80 117 37
80 118 35
80 122 20
80 124 92
80 125 82
80 128 92
80 130 43
80 135 37
80 138 85
80 140 15
80 143 75
80 144 11
80 149 80
81 87 2
81 88 29
81 89 48
81 90 45
81 91 87
81 92 41
81 93 78
81 98 98
81 107 52
81 108 60
81 114 7
81 116 1
81 121 81
81 122 87
81 123 41
81 124 69
81 126 32
81 129 11
81 131 51
81 132 74
81 133 33
81 136 76
81 137 10
81 138 69
81 141 59
81 142 87
81 143 39
81 146 20
82 83 42
82 86 82
82 93 78
82 96 69
82 98 82
82 103 50
82 104 67
82 105 37
82 106 25
82 108 89
82 110 41
82 113 67
82 115 30
82 116 1
82 117 21
82 119 94
82 120 60
82 121 57
82 122 58
82 129 28
82 130 74
82 135 18
82 137 21
82 141 49
82 142 18
82 143 96
82 150 17
83 87 39
83 92 85
83 94 88
83 95 96
83 97 47
83 98 60
83 99 81
83 100 56
83 103 57
83 106 44
83 107 20
83 108 96
83 111 25
83 112 75
83 113 97
83 114 5
83 115 87
83 117 12
83 119 80
83 126 34
83 128 33
83 131 63
83 132 18
83 133 49
83 138 53
83 139 8
83 145 51
83 148 100
84 85 9
84 86 89
84 92 50
84 94 11
84 96 5
84 99 31
84 100 63
84 101 29
84 106 11
84 112 59
84 114 97
84 115 56
84 117 76
84 121 62
84 124 24
84 125 30
84 127 85
84 129 12
84 131 98
84 137 98
84 138 74
84 140 1
84 144 92
84 145 95
84 149 67
85 87 47
85 89 37
85 94 32
85 98 58
85 99 19
85 104 46
85 105 90
85 108 32
85 110 92
85 112 5
85 113 50
85 115 89
85 116 95
85 121 36
85 123 32
85 125 98
85 131 76
85 132 13
85 134 10
85 135 47
85 137 80
85 143 92
85 144 5
85 145 39
85 150 9
86 89 12
86 92 12
86 93 57
86 101 62
86 105 3
86 109 97
86 110 32
86 111 83
86 114 69
86 116 43
86 119 37
86 123 38
86 127 6
86 132 24
86 134 68
86 136 87
86 138 81
86 142 93
86 146 97
86 148 96
87 90 18
87 91 62
87 93 39
87 95 23
87 99 37
87 105 63
87 107 72
87 108 3
87 112 14
87 113 99
87 118 47
87 120 49
87 123 48
87 128 76
87 130 30
87 132 46
87 133 78
87 137 70
87 142 54
87 145 16
87 146 61
87 148 79
88 93 4
88 95 45
88 97 68
88 99 41
88 100 51
88 101 49
88 103 91
88 104 6
88 106 18
88 111 88
88 112 24
88 115 67
88 117 39
88 118 73
88 120 25
88 121 28
88 126 76
88 127 58
88 130 16
88 138 53
88 139 91
88 140 44
88 141 69
88 142 99
88 144 6
88 145 95
88 147 18
89 92 19
89 102 8
89 103 98
89 105 5
89 112 93
89 113 21
89 114 29
89 115 69
89 116 76
89 118 17
89 119 46
89 121 37
89 122 23
89 124 77
89 131 20
89 132 41
89 136 60
89 137 27
89 141 76
89 142 18
90 92 37
90 95 35
90 99 82
90 100 11
90 101 22
90 105 77
90 107 26
90 109 48
90 110 34
90 111 77
90 112 52
90 113 88
90 118 34
90 119 84
90 121 76
90 126 30
90 128 11
90 130 34
90 134 38
90 138 19
90 140 14
90 143 28
90 147 99
90 148 5
91 95 70
91 97 16
91 105 66
91 108 13
91 111 98
91 115 87
91 126 3
91 128 15
91 130 39
91 133 4
91 134 42
91 136 26
91 138 65
91 139 100
91 140 85
91 142 68
91 146 30
91 148 18
91 149 42
91 150 61
92 94 28
92 101 7
92 106 46
92 107 67
92 110 54
92 114 62
92 115 89
92 117 97
92 118 37
92 120 50
92 121 85
92 126 94
92 131 67
92 135 29
92 136 24
92 137 24
92 140 69
92 143 59
92 144 81
92 146 30
92 150 56
93 94 81
93 95 25
93 97 5
93 100 23
93 101 83
93 107 7
93 109 10
93 110 84
93 114 72
93 115 21
93 116 61
93 117 60
93 123 14
93 124 61
93 129 16
93 130 21
93 131 89
93 132 86
93 137 79
93 144 33
93 145 41
94 96 22
94 97 47
94 98 31
94 104 53
94 105 26
94 107 52
94 109 51
94 110 4
94 112 82
94 113 86
94 115 17
94 117 98
94 121 58
94 123 25
94 125 90
94 127 8
94 133 56
94 134 46
94 136 82
94 137 84
94 139 34
94 141 41
94 144 3
94 150 93
95 96 58
95 98 39
95 100 32
95 101 52
95 103 73
95 108 61
95 110 2
95 116 40
95 118 68
95 119 70
95 120 79
95 123 11
95 124 32
95 125 76
95 127 68
95 129 92
95 130 22
95 132 58
95 133 72
95 134 40
95 135 35
95 136 75
95 141 8
95 142 57
95 150 38
96 99 69
96 100 18
96 101 26
96 102 73
96 105 30
96 106 35
96 107 25
96 113 44
96 115 57
96 116 4
96 119 25
96 120 26
96 124 53
96 125 81
96 129 2
96 132 29
96 133 44
96 135 77
96 137 72
96 142 17
96 146 2
96 148 30
96 149 61
97 98 18
97 103 86
97 104 54
97 105 37
97 111 67
97 112 29
97 113 79
97 115 65
97 117 15
97 118 93
97 119 59
97 123 93
97 124 87
97 127 19
97 128 94
97 129 43
97 133 1
97 137 86
97 139 50
97 141 72
97 142 59
97 143 30
97 144 69
97 145 17
97 150 13
98 101 98
98 102 46
98 103 51
98 107 15
98 109 81
98 113 81
98 120 5
98 123 47
98 124 56
98 126 33
98 127 9
98 129 71
98 131 64
98 133 4
98 134 90
98 135 7
98 136 87
98 138 37
98 139 28
98 143 91
98 145 79
98 149 68
99 100 54
99 101 18
99 102 4
99 104 41
99 105 38
99 106 29
99 107 24
99 112 55
99 115 38
99 116 53
99 117 27
99 118 57
99 121 17
99 123 6
99 124 76
99 125 81
99 137 85
99 144 97
99 147 30
100 102 2
100 104 56
100 105 94
100 106 5
100 108 27
100 109 65
100 112 75
100 114 25
100 115 11
100 117 66
100 123 39
100 125 96
100 126 94
100 127 85
100 129 82
100 131 79
100 132 69
100 133 99
100 138 95
100 140 59
100 141 7
100 143 36
100 149 62
101 103 35
101 105 38
101 106 87
101 109 2
101 111 33
101 114 52
101 115 39
101 119 59
101 123 70
101 125 12
101 126 73
101 129 9
101 133 93
101 136 64
101 138 74
101 139 71
101 143 13
101 144 24
101 145 96
101 147 34
101 149 38
101 150 12
102 103 13
102 105 6
102 107 53
102 110 59
102 111 82
102 112 13
102 113 100
102 116 88
102 117 45
102 118 84
102 119 53
102 120 63
102 121 90
102 130 76
102 131 17
102 132 69
102 134 26
102 136 37
102 142 34
102 143 93
102 146 66
103 104 93
103 107 63
103 108 64
103 109 96
103 113 50
103 116 23
103 118 79
103 119 100
103 121 52
103 125 42
103 126 55
103 128 60
103 129 22
103 134 6
103 137 97
103 138 70
103 143 88
103 146 86
103 147 33
103 150 81
104 107 89
104 113 37
104 115 77
104 117 4
104 118 4
104 119 67
104 122 30
104 125 7
104 133 51
104 135 90
104 138 48
104 141 40
104 146 81
104 147 10
104 150 10
105 106 82
105 108 83
105 111 24
105 115 47
105 116 76
105 117 93
105 119 84
105 124 58
105 125 50
105 126 73
105 131 6
105 132 94
105 134 52
105 138 85
105 141 94
105 145 51
105 147 90
105 149 32
105 150 7
106 107 87
106 110 18
106 111 2
106 113 44
106 117 52
106 119 88
106 122 83
106 127 67
106 130 97
106 133 55
106 134 61
106 135 67
106 137 47
106 138 13
106 140 47
106 141 79
106 144 31
106 150 12
107 109 22
107 110 73
107 111 49
107 113 60
107 114 52
107 117 40
107 124 5
107 125 44
107 129 89
107 131 55
107 132 91
107 133 34
107 135 55
107 136 79
107 137 60
107 139 79
107 141 83
107 142 78
107 146 16
107 147 20
107 148 64
108 109 30
108 110 55
108 115 30
108 116 32
108 126 43
108 129 89
108 134 1
108 136 15
108 137 42
108 138 71
108 139 83
108 142 84
108 144 94
108 145 23
108 149 12
109 111 8
109 112 10
109 113 77
109 114 91
109 115 14
109 116 34
109 117 47
109 120 48
109 122 64
109 123 30
109 125 96
109 127 53
109 128 60
109 130 74
109 132 48
109 135 47
109 137 43
109 140 14
109 141 28
109 145 61
109 147 18
109 149 2
110 117 34
110 121 42
110 122 36
110 127 63
110 128 5
110 130 83
110 131 96
110 132 25
110 137 97
110 147 93
111 112 94
111 114 98
111 120 46
111 121 89
111 122 29
111 125 5
111 128 12
111 129 6
111 132 60
111 135 76
111 136 40
111 144 64
111 147 92
111 150 32
112 114 32
112 116 88
112 117 52
112 119 99
112 122 18
112 123 4
112 124 99
112 127 25
112 129 3
112 131 46
112 134 99
112 135 9
112 136 98
112 140 83
112 145 7
112 149 10
113 117 74
113 118 91
113 125 32
113 127 90
113 128 72
113 133 61
113 134 45
113 136 59
113 138 66
113 140 39
113 141 46
113 142 14
113 146 40
113 148 48
113 150 87
114 118 65
114 119 47
114 123 27
114 124 31
114 128 59
114 131 80
114 146 35
114 149 52
115 117 77
115 119 31
115 123 40
115 124 58
115 126 46
115 128 73
115 129 2
115 130 21
115 132 63
115 134 70
115 141 92
115 148 46
115 149 55
116 120 70
116 121 40
116 123 37
116 127 25
116 135 40
116 136 29
116 140 44
116 144 66
116 147 11
117 119 37
117 121 10
117 122 12
117 124 7
117 125 52
117 126 68
117 128 5
117 129 93
117 136 70
117 137 92
117 139 13
117 141 37
117 142 1
117 145 26
117 147 18
117 148 82
118 121 60
118 123 36
118 127 2
118 128 44
118 130 27
118 132 4
118 134 16
118 136 49
118 137 31
118 138 31
118 150 88
119 120 13
119 125 32
119 127 83
119 129 99
119 130 93
119 133 47
119 134 15
119 135 6
119 138 20
119 141 75
119 142 82
119 143 15
119 145 49
119 147 22
119 150 98
120 122 8
120 123 63
120 127 7
120 129 3
120 132 11
120 134 60
120 138 14
120 139 79
120 140 46
120 141 79
120 142 92
120 143 29
120 144 62
120 150 46
121 125 65
121 126 78
121 127 21
121 128 89
121 133 65
121 134 59
121 136 13
121 137 63
121 141 97
121 142 47
121 143 31
121 146 17
121 147 72
121 148 47
121 149 5
121 150 64
122 128 40
122 133 29
122 134 25
122 138 2
122 140 37
122 141 48
122 142 82
122 143 11
122 144 33
122 149 18
123 125 68
123 127 75
123 130 46
123 131 67
123 133 54
123 134 34
123 135 57
123 137 69
123 144 37
123 146 33
123 147 37
123 149 74
123 150 14
124 125 69
124 126 26
124 128 99
124 131 27
124 141 32
124 144 65
124 145 62
125 128 97
125 129 21
125 130 3
125 131 27
125 134 97
125 138 35
125 139 76
125 140 84
125 142 12
125 144 41
125 145 56
125 149 36
126 134 48
126 138 86
126 139 58
126 143 58
126 146 38
126 147 78
126 148 53
126 149 42
126 150 88
127 129 88
127 133 49
127 138 21
127 140 92
127 141 57
127 142 42
127 143 60
127 144 32
128 129 20
128 131 11
128 134 85
128 135 95
128 137 18
128 141 58
128 144 86
128 146 39
128 148 50
128 149 39
129 131 67
129 132 66
129 135 8
129 137 76
129 144 65
129 147 11
129 150 92
130 131 90
130 135 56
130 139 92
130 140 53
130 142 92
130 143 61
130 149 21
130 150 99
131 133 15
131 139 6
131 140 84
131 148 9
131 149 30
131 150 78
132 134 14
132 135 64
132 139 3
132 141 56
132 143 67
132 149 60
132 150 99
133 134 6
133 136 56
133 137 38
133 139 53
133 140 46
133 141 24
133 143 65
133 147 48
133 150 100
134 135 61
134 136 31
134 138 20
134 139 62
134 140 22
134 143 87
134 144 62
134 145 17
134 147 33
134 148 56
135 138 10
135 142 24
135 144 59
135 145 6
135 146 79
135 147 99
135 148 18
135 150 63
136 137 42
136 140 21
136 141 60
136 142 78
136 146 49
136 147 41
136 148 54
137 138 28
137 140 91
137 142 5
137 144 1
137 150 2
138 141 40
138 142 39
138 147 18
139 145 74
139 149 98
140 142 70
140 144 81
140 145 56
140 146 60
140 147 38
140 150 1
141 142 10
141 143 69
141 148 49
142 143 6
142 145 75
142 147 45
142 149 67
142 150 11
143 147 88
143 150 27
144 145 11
144 146 55
144 149 85
145 146 27
146 148 28
146 149 95
147 148 72
147 149 85
149 150 72
1 4 65
1 7 80
1 8 23
1 14 58
1 16 72
1 17 30
1 23 45
1 25 33
1 27 45
1 28 52
1 30 5
1 33 61
1 34 94
1 38 63
1 40 59
1 41 37
1 45 90
1 47 88
1 52 89
1 55 100
1 57 77
1 59 95
1 64 64
1 65 6
1 66 68
1 69 18
1 75 78
1 77 32
1 79 97
1 80 88
1 82 28
1 84 28
1 85 59
1 86 59
1 89 76
1 95 21
1 105 53
1 106 44
1 114 42
1 115 47
1 117 45
1 118 59
1 122 6
1 123 31
1 129 91
1 134 90
1 135 22
1 137 79
1 140 28
1 142 57
1 144 47
1 145 53
1 147 21
1 148 53
2 3 44
2 5 89
2 7 89
2 8 61
2 13 78
2 15 25
2 17 62
2 19 76
2 21 60
2 22 96
2 24 86
2 26 83
2 32 36
2 34 9
2 39 57
2 47 16
2 48 58
2 50 82
2 54 15
2 60 62
2 63 2
2 65 65
2 69 86
2 73 30
2 74 1
2 76 46
2 82 33
2 86 26
2 93 66
2 96 100
2 103 100
2 104 74
2 109 15
2 110 78
2 111 37
2 115 8
2 116 18
2 118 25
2 119 60
2 120 38
2 123 29
2 132 16
2 133 21
2 136 82
2 137 98
2 142 74
2 143 59
2 145 11
2 146 62
2 147 57
2 148 46
3 5 84
3 6 23
3 9 65
3 13 58
3 14 79
3 15 66
3 21 4
3 24 64
3 26 39
3 27 34
3 29 44
3 31 40
3 33 87
3 37 32
3 38 9
3 40 48
3 41 68
3 45 18
3 47 64
3 49 78
3 51 60
3 52 64
3 56 77
3 67 83
3 68 57
3 69 9
3 71 98
3 77 25
3 81 70
3 84 28
3 85 81
3 89 68
3 90 57
3 92 68
3 97 74
3 101 81
3 102 11
3 103 78
3 104 29
3 105 1
3 108 48
3 109 18
3 112 94
3 115 1
3 117 17
3 121 52
3 122 62
3 123 19
3 125 5
3 126 9
3 127 72
3 128 1
3 132 68
3 134 38
3 136 15
3 138 83
3 141 4
3 142 26
3 147 21
3 150 52
4 6 43
4 7 64
4 8 87
4 9 3
4 11 50
4 12 100
4 15 46
4 16 80
4 19 28
4 24 65
4 28 10
4 36 8
4 37 94
4 39 56
4 40 9
4 42 62
4 44 5
4 45 94
4 47 23
4 50 66
4 51 52
4 52 81
4 53 77
4 54 56
4 58 84
4 60 42
4 66 12
4 69 79
4 73 26
4 74 31
4 76 84
4 77 23
4 80 84
4 82 11
4 85 65
4 88 90
4 94 21
4 98 38
4 99 7
4 101 53
4 102 56
4 103 31
4 105 55
4 108 65
4 110 69
4 112 50
4 113 52
4 115 44
4 117 75
4 120 42
4 123 15
4 124 89
4 128 35
4 135 40
4 141 34
4 146 35
4 149 51
5 7 80
5 10 17
5 15 24
5 17 21
5 23 61
5 25 96
5 27 35
5 30 53
5 36 62
5 37 53
5 38 89
5 39 75
5 43 60
5 46 47
5 48 69
5 50 26
5 51 88
5 53 52
5 54 44
5 56 49
5 57 27
5 59 40
5 61 22
5 68 31
5 73 69
5 76 3
5 81 89
5 84 37
5 88 59
5 90 61
5 92 4
5 93 94
5 98 93
5 99 22
5 102 58
5 107 20
5 108 70
5 114 94
5 115 46
5 116 84
5 118 86
5 119 35
5 122 38
5 123 87
5 128 43
5 130 44
5 131 1
5 134 43
5 135 24
5 137 28
5 139 19
5 140 97
5 143 19
5 144 31
5 145 43
5 146 69
5 147 96
5 149 62
6 9 92
6 12 66
6 15 65
6 16 93
6 17 6
6 25 82
6 26 47
6 28 76
6 33 63
6 36 52
6 37 17
6 44 76
6 45 20
6 46 24
6 47 9
6 49 43
6 52 6
6 55 51
6 58 46
6 59 55
6 60 96
6 65 82
6 66 48
6 70 35
6 73 55
6 76 94
6 78 62
6 82 97
6 86 56
6 88 83
6 89 98
6 92 76
6 93 61
6 95 26
6 96 15
6 97 48
6 98 90
6 99 94
6 100 43
6 104 53
6 107 76
6 108 53
6 110 59
6 115 84
6 116 85
6 120 45
6 122 64
6 130 12
6 134 10
6 135 90
6 138 27
6 140 63
6 141 90
6 150 7
7 8 83
7 9 30
7 11 30
7 13 37
7 14 42
7 16 20
7 17 37
7 20 89
7 27 72
7 28 63
7 29 46
7 34 51
7 35 1
7 36 62
7 38 59
7 41 59
7 42 34
7 45 91
7 46 22
7 48 99
7 54 26
7 55 79
7 56 21
7 57 58
7 63 55
7 70 42
7 73 71
7 74 17
7 76 80
7 77 68
7 78 4
7 79 68
7 81 99
7 82 33
7 84 12
7 85 86
7 89 50
7 91 56
7 94 9
7 95 95
7 96 96
7 99 67
7 100 92
7 101 32
7 102 86
7 103 50
7 105 7
7 110 40
7 111 56
7 112 47
7 113 96
7 114 52
7 117 13
7 119 15
7 120 11
7 121 58
7 127 53
7 129 6
7 131 6
7 132 24
7 136 38
7 138 22
7 143 8
7 144 31
7 145 25
7 146 96
8 13 44
8 17 4
8 20 47
8 21 57
8 22 5
8 24 34
8 33 97
8 39 8
8 40 59
8 41 18
8 43 11
8 44 79
8 45 2
8 46 88
8 48 28
8 54 23
8 62 44
8 64 87
8 70 10
8 71 21
8 73 20
8 75 88
8 76 5
8 81 11
8 88 57
8 90 76
8 91 98
8 93 72
8 98 29
8 102 70
8 104 50
8 105 29
8 110 15
8 112 62
8 114 79
8 115 86
8 116 15
8 117 15
8 118 85
8 121 82
8 122 57
8 127 8
8 128 35
8 129 71
8 136 31
8 137 86
8 143 28
8 144 62
8 147 80
8 149 9
8 150 58
9 11 53
9 12 58
9 13 23
9 17 7
9 18 28
9 19 59
9 22 53
9 23 87
9 24 26
9 28 48
9 30 73
9 31 42
9 33 29
9 36 89
9 37 51
9 38 29
9 39 21
9 44 36
9 46 61
9 47 60
9 50 74
9 51 24
9 53 37
9 55 46
9 61 32
9 65 82
9 66 97
9 68 34
9 69 87
9 74 79
9 77 76
9 82 74
9 83 51
9 85 73
9 91 31
9 99 27
9 100 3
9 101 59
9 103 65
9 105 57
9 106 61
9 107 5
9 109 63
9 111 51
9 113 85
9 114 28
9 115 21
9 117 48
9 119 94
9 120 19
9 122 55
9 125 60
9 126 48
9 130 46
9 131 95
9 133 36
9 135 94
9 137 41
9 138 23
9 141 52
9 142 70
10 11 24
10 12 35
10 16 19
10 17 73
10 19 57
10 20 92
10 21 76
10 25 48
10 30 82
10 31 17
10 36 92
10 41 71
10 47 37
10 49 91
10 57 25
10 60 28
10 61 34
10 62 7
10 66 45
10 67 39
10 69 45
10 71 85
10 73 35
10 74 53
10 77 18
10 78 13
10 79 60
10 83 32
10 84 8
10 86 48
10 90 69
10 94 90
10 96 78
10 97 31
10 99 51
10 100 19
10 103 65
10 105 84
10 108 45
10 109 85
10 111 87
10 112 77
10 114 46
10 116 83
10 120 46
10 121 3
10 123 35
10 126 83
10 128 27
10 129 54
10 131 70
10 132 70
10 133 24
10 135 32
10 142 30
10 143 13
10 144 86
10 145 65
11 12 5
11 14 62
11 16 43
11 19 89
11 20 28
11 23 3
11 26 97
11 27 27
11 31 85
11 34 94
11 37 88
11 41 21
11 43 41
11 46 94
11 50 41
11 52 70
11 54 56
11 55 52
11 56 27
11 60 23
11 61 81
11 64 75
11 65 49
11 66 79
11 67 81
11 69 51
11 74 46
11 75 29
11 76 89
11 77 72
11 78 94
11 79 5
11 82 3
11 84 96
11 86 10
11 87 85
11 91 15
11 93 79
11 94 70
11 97 56
11 98 96
11 100 98
11 104 93
11 105 1
11 108 25
11 111 69
11 112 76
11 117 83
11 120 13
11 121 1
11 122 40
11 124 58
11 126 41
11 134 64
11 137 79
11 141 88
11 143 4
11 145 27
11 148 23
11 149 75
11 150 88
12 14 60
12 19 27
12 20 90
12 21 74
12 23 17
12 25 62
12 31 41
12 32 70
12 33 37
12 37 80
12 38 98
12 39 93
12 41 57
12 48 66
12 49 23
12 50 11
12 54 3
12 59 52
12 60 40
12 65 14
12 69 94
12 70 53
12 71 26
12 73 84
12 75 97
12 76 61
12 79 93
12 83 75
12 84 80
12 86 37
12 87 86
12 88 94
12 90 11
12 91 18
12 93 36
12 98 1
12 100 24
12 101 61
12 105 43
12 106 89
12 109 55
12 110 13
12 111 59
12 115 4
12 119 34
12 122 88
12 123 44
12 124 64
12 125 3
12 127 79
12 128 8
12 130 26
12 132 46
12 137 45
12 138 91
12 140 89
12 141 50
12 145 62
13 19 42
13 21 28
13 24 66
13 25 68
13 26 17
13 31 21
13 34 43
13 35 27
13 39 82
13 41 53
13 44 54
13 45 85
13 47 96
13 51 21
13 53 30
13 56 13
13 60 55
13 61 66
13 63 41
13 64 64
13 65 98
13 70 46
13 73 38
13 75 60
13 76 71
13 85 49
13 89 45
13 92 44
13 95 58
13 97 90
13 99 12
13 103 48
13 107 15
13 108 1
13 109 77
13 110 22
13 113 79
13 118 47
13 124 65
13 125 86
13 126 81
13 128 71
13 131 84
13 133 24
13 134 34
13 135 82
13 140 18
13 141 60
13 142 38
13 143 55
13 144 96
13 149 60
14 15 78
14 16 80
14 17 22
14 22 100
14 25 91
14 26 94
14 27 23
14 35 41
14 38 80
14 40 7
14 41 68
14 43 55
14 48 96
14 49 87
14 55 51
14 59 9
14 62 32
14 67 54
14 68 96
14 69 34
14 70 42
14 72 96
14 73 79
14 74 38
14 75 49
14 77 49
14 79 53
14 83 50
14 84 32
14 87 55
14 88 7
14 89 71
14 90 43
14 92 16
14 93 64
14 94 99
14 95 74
14 97 31
14 100 16
14 106 96
14 109 44
14 110 67
14 111 35
14 114 61
14 117 74
14 119 17
14 127 91
14 131 10
14 136 21
14 138 77
14 139 95
14 140 38
14 144 60
14 146 94
14 147 12
14 148 82
14 149 55
14 150 98
15 17 17
15 21 24
15 24 6
15 27 84
15 28 54
15 32 98
15 39 98
15 41 95
15 43 47
15 44 58
15 53 92
15 58 67
15 61 55
15 62 87
15 63 31
15 66 5
15 67 77
15 70 89
15 72 45
15 76 44
15 77 7
15 78 23
15 80 77
15 83 43
15 84 68
15 91 26
15 96 95
15 99 42
15 102 8
15 106 13
15 107 40
15 110 32
15 111 91
15 115 84
15 119 1
15 120 80
15 121 64
15 122 15
15 123 18
15 124 4
15 125 60
15 127 64
15 128 79
15 129 85
15 132 36
15 136 1
15 138 49
15 139 78
15 146 49
15 150 15
16 18 10
16 22 10
16 24 19
16 26 78
16 27 21
16 30 6
16 34 88
16 37 50
16 39 65
16 41 77
16 46 25
16 48 60
16 50 43
16 54 59
16 60 1
16 65 89
16 68 94
16 69 68
16 71 52
16 72 48
16 74 32
16 75 49
16 78 18
16 79 16
16 83 61
16 92 35
16 95 76
16 97 74
16 98 45
16 101 29
16 103 37
16 108 99
16 109 10
16 110 30
16 112 7
16 113 1
16 116 4
16 119 7
16 121 63
16 122 24
16 124 80
16 125 45
16 130 9
16 133 10
16 134 28
16 135 49
16 137 73
16 139 52
16 140 15
16 142 63
16 144 50
16 146 48
16 147 97
16 150 8
17 20 39
17 22 27
17 28 33
17 30 62
17 31 11
17 37 3
17 40 75
17 41 99
17 43 44
17 44 56
17 47 15
17 48 67
17 49 90
17 51 36
17 56 77
17 60 50
17 61 19
17 68 96
17 71 37
17 75 17
17 76 23
17 77 3
17 78 93
17 82 42
17 86 98
17 87 94
17 90 83
17 91 49
17 93 65
17 96 76
17 99 85
17 100 94
17 103 8
17 110 9
17 113 89
17 114 6
17 119 71
17 122 5
17 126 96
17 128 1
17 129 34
17 130 25
17 137 31
17 138 47
17 139 10
17 141 75
17 143 98
17 145 48
18 19 95
18 24 55
18 35 98
18 40 37
18 46 38
18 49 4
18 51 63
18 54 86
18 55 58
18 56 25
18 59 62
18 60 52
18 61 33
18 66 61
18 72 97
18 73 82
18 74 70
18 77 27
18 80 3
18 81 67
18 82 16
18 83 20
18 84 78
18 94 61
18 95 15
18 98 9
18 102 58
18 105 12
18 107 12
18 110 79
18 112 97
18 114 9
18 118 68
18 119 26
18 122 12
18 124 92
18 127 55
18 130 100
18 131 30
18 133 14
18 139 43
18 140 21
18 142 64
18 144 81
18 145 48
18 146 79
18 147 69
18 150 28
19 22 10
19 24 43
19 27 97
19 29 97
19 30 9
19 32 22
19 33 34
19 36 82
19 40 60
19 41 9
19 42 85
19 45 92
19 48 31
19 51 71
19 54 54
19 58 4
19 59 12
19 60 59
19 62 34
19 63 43
19 66 14
19 67 59
19 70 29
19 74 57
19 76 95
19 81 88
19 86 80
19 87 82
19 93 57
19 94 59
19 101 67
19 103 23
19 107 44
19 111 10
19 113 61
19 116 14
19 118 69
19 131 47
19 132 44
19 133 11
19 135 59
19 140 98
19 142 7
19 143 9
19 146 69
19 150 9
20 23 43
20 27 88
20 32 50
20 35 49
20 37 49
20 39 67
20 43 70
20 47 62
20 49 94
20 50 100
20 51 75
20 53 70
20 57 68
20 59 28
20 60 98
20 64 86
20 67 87
20 69 59
20 71 59
20 72 87
20 76 34
20 77 22
20 79 16
20 87 62
20 88 30
20 96 48
20 97 16
20 101 84
20 103 41
20 104 99
20 108 15
20 114 98
20 116 51
20 120 85
20 127 50
20 130 89
20 132 74
20 133 38
20 135 83
20 136 96
20 139 96
20 141 78
20 142 43
20 143 97
20 147 33
20 149 35
20 150 64
21 23 30
21 24 46
21 30 84
21 32 33
21 38 99
21 39 64
21 45 19
21 48 100
21 53 48
21 54 7
21 55 71
21 56 10
21 57 5
21 60 3
21 62 62
21 65 19
21 68 95
21 69 1
21 72 70
21 75 45
21 79 100
21 84 37
21 85 99
21 86 90
21 87 22
21 88 28
21 89 97
21 94 42
21 95 41
21 102 83
21 103 54
21 105 39
21 108 69
21 110 6
21 111 32
21 114 3
21 117 96
21 119 1
21 121 94
21 122 53
21 123 3
21 124 10
21 127 35
21 128 10
21 129 34
21 130 62
21 134 34
21 135 19
21 142 70
21 143 19
22 23 3
22 24 39
22 25 72
22 26 41
22 30 34
22 32 37
22 42 36
22 43 60
22 45 3
22 49 33
22 51 81
22 57 68
22 59 44
22 63 85
22 64 86
22 68 76
22 72 17
22 73 96
22 75 72
22 76 52
22 78 52
22 79 68
22 87 99
22 88 26
22 91 13
22 92 44
22 94 96
22 95 91
22 98 40
22 99 76
22 101 40
22 102 83
22 106 89
22 107 32
22 108 47
22 109 76
22 112 76
22 115 15
22 118 30
22 122 15
22 123 95
22 124 2
22 127 76
22 128 83
22 129 99
22 132 23
22 133 17
22 137 4
22 139 82
22 140 48
22 143 51
22 146 91
22 147 31
22 150 28
23 25 23
23 30 29
23 33 97
23 35 28
23 38 88
23 40 93
23 42 1
23 43 15
23 44 80
23 47 74
23 50 83
23 52 55
23 54 80
23 57 16
23 58 65
23 59 61
23 62 44
23 68 55
23 69 63
23 70 44
23 71 62
23 72 8
23 73 91
23 74 19
23 76 81
23 80 35
23 81 63
23 83 20
23 84 72
23 86 54
23 88 68
23 91 80
23 93 60
23 96 71
23 102 33
23 103 10
23 106 75
23 108 96
23 109 26
23 112 3
23 113 32
23 115 71
23 116 97
23 118 25
23 122 25
23 125 14
23 128 30
23 131 88
23 138 65
23 144 14
23 147 94
23 149 60
24 32 50
24 35 77
24 36 100
24 40 83
24 42 13
24 43 97
24 44 7
24 49 77
24 51 16
24 54 5
24 59 11
24 62 35
24 69 98
24 72 64
24 73 47
24 74 56
24 76 66
24 78 87
24 79 42
24 80 69
24 82 56
24 85 86
24 86 50
24 88 97
24 90 63
24 91 59
24 93 61
24 94 77
24 96 6
24 97 63
24 100 9
24 101 21
24 104 41
24 108 70
24 109 73
24 112 15
24 116 56
24 117 5
24 122 46
24 123 99
24 124 3
24 126 18
24 129 12
24 130 26
24 131 11
24 132 58
24 133 8
24 135 8
24 136 26
24 138 47
24 143 18
24 145 89
24 149 28
24 150 33
25 29 57
25 31 93
25 34 22
25 35 26
25 36 6
25 39 95
25 41 89
25 43 76
25 44 47
25 46 15
25 48 81
25 49 47
25 51 22
25 54 5
25 56 16
25 58 87
25 61 70
25 62 28
25 63 75
25 64 83
25 70 12
25 71 80
25 80 26
25 84 52
25 85 14
25 90 44
25 91 54
25 92 24
25 93 4
25 94 71
25 95 93
25 101 44
25 102 13
25 103 56
25 105 84
25 106 71
25 108 69
25 109 62
25 122 99
25 126 6
25 127 76
25 133 68
25 135 91
25 137 3
25 139 24
25 142 21
25 147 22
25 150 61
26 27 6
26 29 64
26 32 80
26 35 87
26 36 95
26 38 15
26 41 78
26 42 88
26 44 56
26 45 71
26 52 3
26 55 3
26 56 21
26 58 29
26 59 1
26 60 47
26 61 82
26 63 63
26 68 39
26 72 36
26 74 100
26 75 69
26 77 94
26 81 8
26 84 22
26 86 86
26 89 20
26 90 98
26 91 89
26 92 66
26 97 15
26 100 9
26 104 41
26 106 78
26 107 65
26 111 18
26 112 80
26 115 70
26 116 60
26 119 56
26 121 39
26 123 21
26 125 5
26 128 45
26 132 22
26 144 48
26 146 69
26 147 42
26 148 96
27 28 73
27 34 33
27 37 76
27 38 55
27 40 29
27 43 77
27 44 29
27 46 97
27 48 71
27 49 73
27 52 35
27 54 60
27 56 42
27 59 7
27 61 38
27 63 20
27 65 64
27 66 30
27 70 53
27 82 96
27 87 4
27 88 2
27 90 49
27 93 92
27 95 78
27 98 49
27 99 4
27 102 84
27 104 41
27 108 23
27 109 14
27 115 45
27 116 56
27 118 17
27 119 32
27 121 24
27 122 59
27 124 1
27 125 81
27 130 27
27 132 45
27 134 58
27 135 81
27 136 81
27 137 50
27 143 21
27 144 87
27 148 85
28 30 81
28 34 82
28 37 16
28 40 87
28 43 92
28 44 64
28 46 36
28 49 97
28 50 41
28 53 38
28 54 97
28 55 47
28 57 93
28 63 11
28 64 30
28 65 17
28 67 13
28 68 63
28 69 12
28 71 16
28 72 23
28 76 95
28 81 75
28 82 89
28 83 65
28 84 88
28 89 51
28 94 95
28 97 68
28 101 22
28 102 24
28 105 22
28 107 47
28 112 54
28 114 52
28 118 34
28 127 46
28 128 9
28 130 34
28 135 92
28 137 3
28 138 65
28 141 28
28 143 40
28 145 99
29 38 65
29 41 3
29 48 88
29 49 40
29 51 21
29 52 100
29 53 85
29 58 43
29 63 16
29 64 54
29 66 49
29 67 43
29 69 60
29 71 68
29 77 5
29 78 3
29 80 7
29 84 74
29 85 41
29 89 95
29 90 19
29 91 68
29 94 38
29 96 77
29 99 33
29 104 42
29 108 62
29 111 29
29 113 18
29 116 45
29 117 83
29 119 26
29 120 73
29 122 16
29 123 52
29 126 19
29 127 10
29 128 93
29 129 96
29 130 77
29 132 56
29 133 50
29 134 21
29 135 1
29 137 67
29 140 95
29 142 81
30 32 53
30 37 65
30 38 77
30 42 44
30 44 60
30 46 8
30 47 72
30 49 70
30 54 85
30 55 90
30 58 37
30 59 24
30 61 21
30 62 56
30 63 92
30 66 23
30 68 50
30 69 36
30 70 47
30 72 87
30 77 10
30 80 72
30 82 61
30 85 53
30 94 7
30 100 3
30 106 69
30 108 86
30 110 81
30 112 12
30 113 54
30 114 79
30 115 16
30 117 36
30 118 67
30 119 65
30 120 41
30 122 76
30 124 89
30 131 91
30 132 45
30 133 72
30 134 64
30 135 67
30 139 24
30 141 37
30 142 80
30 143 34
30 144 23
30 146 4
30 147 45
30 148 46
31 32 14
31 33 11
31 38 79
31 39 82
31 46 76
31 50 95
31 51 35
31 52 92
31 53 49
31 54 13
31 55 8
31 58 66
31 60 92
31 62 55
31 63 46
31 66 54
31 71 79
31 75 79
31 76 43
31 77 21
31 82 29
31 87 66
31 89 75
31 92 53
31 94 88
31 95 72
31 96 79
31 97 39
31 98 43
31 99 100
31 100 66
31 105 79
31 111 73
31 114 8
31 116 56
31 117 34
31 120 20
31 122 3
31 125 77
31 130 8
31 133 81
31 134 54
31 139 67
31 142 66
31 143 88
31 147 40
31 148 30
31 149 94
32 35 86
32 36 64
32 42 88
32 43 90
32 45 81
32 46 68
32 49 60
32 50 90
32 52 68
32 58 83
32 59 27
32 60 18
32 70 14
32 71 40
32 73 46
32 74 22
32 75 81
32 76 91
32 80 70
32 88 71
32 89 26
32 95 15
32 96 50
32 97 97
32 107 33
32 108 34
32 110 6
32 111 57
32 112 79
32 114 41
32 115 79
32 116 14
32 123 5
32 125 87
32 127 97
32 128 61
32 132 36
32 133 32
32 137 81
32 140 36
32 148 74
32 149 58
33 40 53
33 43 97
33 48 88
33 53 31
33 54 33
33 56 72
33 59 26
33 66 51
33 69 96
33 71 4
33 73 81
33 75 13
33 76 69
33 82 28
33 86 74
33 88 7
33 89 71
33 90 14
33 91 66
33 93 97
33 98 47
33 99 32
33 102 95
33 104 76
33 108 82
33 115 100
33 117 25
33 119 49
33 122 96
33 128 88
33 132 64
33 138 26
33 139 71
33 144 17
33 145 35
34 36 98
34 37 45
34 38 86
34 39 53
34 42 43
34 44 49
34 51 46
34 53 62
34 55 47
34 57 26
34 58 8
34 59 49
34 60 87
34 69 65
34 70 28
34 71 54
34 72 99
34 75 42
34 76 20
34 78 20
34 79 81
34 80 2
34 82 99
34 83 16
34 85 56
34 87 6
34 91 67
34 92 72
34 93 51
34 94 39
34 99 11
34 100 14
34 101 23
34 102 70
34 104 11
34 107 64
34 108 87
34 111 90
34 112 85
34 113 75
34 115 36
34 116 49
34 118 97
34 119 48
34 125 33
34 132 74
34 134 21
34 136 88
34 140 20
34 141 39
34 142 11
34 143 10
34 145 63
34 147 74
35 37 69
35 40 88
35 41 79
35 42 39
35 43 12
35 44 8
35 49 38
35 51 33
35 54 69
35 56 12
35 57 50
35 58 30
35 59 14
35 64 48
35 67 1
35 70 3
35 72 4
35 73 67
35 74 46
35 75 11
35 81 16
35 84 64
35 85 69
35 87 53
35 88 88
35 89 52
35 90 23
35 91 74
35 92 31
35 94 37
35 97 45
35 102 59
35 105 13
35 106 41
35 109 6
35 112 55
35 115 29
35 119 89
35 121 31
35 122 62
35 123 79
35 124 62
35 126 3
35 128 84
35 130 8
35 132 79
35 133 95
35 138 69
35 139 91
35 140 48
35 142 16
35 143 75
35 147 15
35 148 72
36 39 34
36 40 41
36 48 53
36 52 55
36 55 89
36 56 77
36 57 80
36 59 79
36 61 89
36 63 69
36 64 65
36 66 69
36 69 38
36 72 53
36 73 78
36 76 36
36 77 70
36 78 55
36 81 90
36 83 70
36 84 3
36 85 42
36 89 85
36 94 31
36 95 28
36 96 27
36 98 46
36 99 92
36 100 64
36 101 1
36 102 23
36 107 73
36 109 69
36 110 56
36 116 91
36 122 97
36 135 64
36 139 68
36 141 31
36 142 68
36 144 51
36 145 91
36 146 28
36 147 85
36 150 80
37 38 63
37 42 44
37 43 68
37 46 6
37 48 4
37 50 54
37 51 32
37 55 52
37 63 87
37 64 90
37 69 4
37 70 33
37 71 36
37 72 10
37 73 70
37 75 100
37 78 29
37 79 18
37 80 47
37 82 35
37 86 81
37 88 5
37 89 65
37 91 39
37 94 16
37 97 67
37 98 40
37 100 14
37 105 32
37 108 14
37 113 2
37 115 3
37 117 50
37 118 27
37 120 69
37 124 30
37 126 37
37 127 11
37 129 78
37 132 5
37 135 12
37 137 88
37 138 93
37 142 79
37 149 5
38 39 30
38 40 29
38 42 75
38 45 86
38 46 70
38 47 94
38 54 6
38 57 58
38 58 93
38 60 15
38 71 95
38 73 66
38 74 28
38 76 72
38 77 53
38 78 70
38 84 51
38 85 80
38 90 60
38 99 27
38 106 23
38 110 52
38 111 35
38 112 62
38 115 5
38 118 85
38 119 27
38 123 75
38 124 15
38 125 10
38 127 99
38 128 77
38 130 2
38 133 54
38 135 87
38 138 2
38 139 82
38 141 14
38 143 17
38 144 4
38 145 90
38 147 62
38 148 50
39 41 87
39 42 35
39 44 30
39 45 99
39 50 18
39 51 51
39 52 37
39 54 90
39 56 95
39 57 72
39 61 43
39 64 84
39 67 63
39 68 96
39 70 79
39 71 35
39 72 25
39 73 74
39 74 20
39 76 93
39 78 97
39 80 74
39 81 2
39 82 47
39 83 70
39 84 66
39 85 64
39 86 39
39 87 55
39 89 64
39 91 19
39 103 65
39 104 57
39 105 18
39 106 49
39 110 30
39 114 38
39 115 78
39 117 1
39 118 89
39 120 21
39 122 31
39 123 69
39 124 98
39 125 68
39 128 82
39 129 71
39 138 96
39 139 42
39 142 30
39 143 15
39 144 83
39 146 86
39 147 54
39 149 17
40 41 49
40 42 76
40 45 29
40 46 52
40 49 46
40 52 72
40 53 52
40 55 27
40 56 57
40 63 84
40 67 42
40 69 99
40 70 34
40 72 9
40 73 95
40 76 7
40 78 9
40 80 82
40 82 97
40 83 77
40 85 94
40 86 53
40 87 73
40 88 71
40 94 98
40 95 78
40 99 42
40 101 50
40 103 66
40 104 5
40 106 42
40 107 34
40 110 21
40 112 12
40 115 85
40 119 49
40 120 65
40 123 69
40 124 82
40 127 51
40 130 99
40 133 65
40 134 42
40 137 71
40 138 7
40 141 73
40 142 20
40 145 81
40 146 83
40 149 44
41 46 11
41 48 90
41 49 90
41 51 54
41 54 60
41 56 39
41 57 69
41 58 74
41 60 74
41 62 57
41 65 35
41 66 69
41 72 42
41 76 68
41 80 77
41 84 40
41 91 54
41 94 70
41 95 13
41 97 34
41 98 43
41 106 33
41 112 47
41 114 79
41 115 83
41 116 69
41 117 22
41 121 26
41 124 90
41 125 14
41 126 43
41 132 69
41 136 77
41 137 11
41 138 67
41 139 17
41 144 95
41 145 96
41 146 55
41 147 28
41 149 97
42 47 57
42 48 56
42 50 72
42 52 39
42 53 64
42 56 44
42 58 69
42 61 56
42 62 30
42 66 82
42 67 8
42 70 65
42 73 65
42 77 45
42 80 62
42 83 10
42 84 82
42 86 46
42 87 28
42 91 80
42 92 25
42 93 22
42 99 12
42 100 68
42 101 12
42 104 7
42 106 27
42 111 30
42 112 4
42 113 96
42 114 13
42 116 77
42 118 57
42 122 40
42 125 93
42 126 55
42 128 32
42 131 79
42 133 94
42 134 63
42 137 77
42 139 77
42 141 32
42 149 34
43 45 100
43 46 49
43 47 25
43 50 97
43 51 30
43 52 100
43 53 10
43 60 60
43 63 47
43 66 81
43 68 88
43 69 62
43 70 38
43 71 59
43 72 13
43 76 23
43 77 30
43 79 92
43 83 69
43 97 86
43 101 1
43 105 46
43 106 1
43 107 56
43 108 84
43 109 94
43 111 52
43 112 32
43 114 47
43 116 7
43 117 65
43 120 66
43 122 23
43 123 50
43 127 7
43 131 25
43 132 23
43 134 60
43 137 29
43 138 6
43 146 89
44 45 5
44 48 44
44 49 95
44 50 18
44 52 21
44 56 59
44 57 17
44 61 67
44 63 9
44 69 15
44 73 50
44 74 25
44 75 12
44 76 58
44 80 89
44 81 3
44 82 40
44 84 2
44 86 62
44 90 42
44 94 31
44 95 3
44 96 37
44 98 45
44 102 68
44 103 90
44 104 58
44 106 53
44 108 45
44 112 13
44 114 73
44 116 87
44 117 53
44 120 43
44 124 32
44 125 91
44 126 65
44 128 21
44 134 57
44 135 24
44 136 46
44 137 40
44 141 67
44 144 97
44 145 97
44 146 4
44 150 38
45 48 24
45 49 14
45 51 61
45 64 70
45 65 87
45 67 78
45 69 99
45 70 78
45 76 19
45 78 75
45 82 24
45 83 84
45 84 30
45 86 45
45 89 8
45 90 91
45 94 98
45 97 37
45 98 64
45 100 39
45 101 78
45 102 26
45 103 73
45 105 33
45 107 22
45 110 53
45 113 71
45 116 25
45 122 72
45 124 52
45 133 86
45 134 36
45 137 25
45 138 73
45 140 86
45 143 13
45 144 28
45 146 49
45 149 4
46 52 3
46 54 79
46 56 87
46 59 47
46 60 74
46 61 89
46 69 20
46 71 16
46 75 46
46 76 43
46 78 70
46 81 61
46 82 7
46 83 68
46 85 22
46 86 99
46 89 68
46 91 42
46 92 93
46 96 67
46 100 63
46 103 11
46 104 55
46 105 87
46 106 3
46 109 83
46 114 29
46 116 93
46 117 76
46 118 83
46 119 14
46 125 21
46 129 85
46 132 1
46 133 15
46 135 79
46 137 66
46 138 26
46 139 24
46 140 35
46 143 26
46 144 81
46 146 11
46 148 51
47 49 87
47 51 9
47 55 88
47 57 76
47 58 61
47 59 30
47 63 20
47 80 18
47 81 63
47 82 22
47 87 74
47 89 89
47 94 53
47 96 85
47 97 21
47 99 36
47 102 85
47 103 10
47 104 67
47 109 38
47 110 13
47 113 90
47 114 72
47 118 33
47 119 36
47 120 99
47 123 89
47 124 22
47 126 51
47 127 42
47 128 52
47 134 44
47 135 6
47 137 99
47 140 25
47 146 67
47 150 99
48 50 86
48 52 71
48 56 99
48 58 85
48 59 82
48 66 12
48 67 57
48 71 21
48 74 96
48 76 95
48 82 46
48 83 10
48 90 19
48 97 17
48 102 60
48 106 45
48 107 49
48 109 77
48 113 33
48 115 95
48 119 3
48 123 57
48 124 3
48 125 98
48 126 75
48 128 22
48 130 57
48 133 20
48 134 75
48 135 89
48 136 85
48 138 63
48 140 98
48 141 68
48 142 36
48 146 29
48 147 68
49 50 66
49 53 3
49 55 26
49 57 33
49 59 40
49 67 18
49 70 45
49 73 45
49 76 65
49 78 19
49 79 61
49 82 54
49 83 21
49 87 44
49 88 88
49 89 2
49 90 91
49 92 30
49 94 69
49 95 54
49 96 80
49 100 85
49 101 71
49 107 75
49 109 17
49 110 22
49 111 94
49 113 91
49 114 52
49 116 32
49 119 72
49 121 76
49 123 97
49 124 28
49 126 48
49 129 16
49 131 32
49 140 82
49 141 51
49 143 38
49 145 56
49 147 58
49 148 2
50 53 36
50 54 100
50 55 70
50 60 74
50 61 86
50 63 78
50 64 34
50 66 90
50 67 9
50 72 46
50 73 72
50 77 68
50 80 72
50 81 100
50 82 30
50 85 91
50 86 75
50 87 89
50 88 66
50 90 25
50 97 96
50 101 40
50 104 91
50 106 15
50 107 30
50 109 88
50 112 87
50 119 79
50 123 78
50 126 69
50 129 93
50 135 76
50 136 67
50 138 12
50 140 13
50 142 6
50 144 49
50 147 31
50 150 48
51 56 30
51 60 94
51 62 85
51 64 75
51 65 53
51 67 76
51 69 57
51 71 15
51 74 46
51 77 57
51 85 26
51 87 37
51 90 56
51 92 84
51 95 92
51 98 13
51 100 65
51 101 18
51 105 74
51 108 60
51 109 49
51 110 6
51 112 33
51 113 22
51 114 41
51 116 82
51 117 56
51 118 99
51 119 88
51 120 14
51 126 13
51 128 48
51 130 57
51 132 47
51 137 67
51 138 28
51 142 82
51 143 67
51 146 90
51 147 82
51 148 8
51 149 50
52 54 60
52 55 52
52 57 8
52 59 42
52 60 1
52 61 67
52 63 35
52 71 13
52 73 71
52 74 62
52 76 79
52 77 12
52 80 88
52 82 29
52 86 16
52 89 100
52 90 71
52 92 99
52 96 68
52 101 45
52 103 15
52 106 93
52 108 5
52 109 49
52 110 51
52 113 94
52 115 12
52 116 8
52 117 26
52 120 99
52 123 55
52 124 14
52 128 45
52 129 14
52 131 15
52 138 78
52 140 89
52 142 65
52 143 62
52 145 69
52 148 56
52 149 24
53 55 96
53 58 30
53 59 40
53 61 54
53 62 66
53 65 82
53 67 79
53 68 66
53 69 36
53 72 38
53 73 96
53 74 13
53 77 78
53 79 20
53 81 97
53 83 43
53 85 86
53 91 55
53 93 88
53 97 77
53 98 9
53 101 77
53 103 75
53 106 27
53 109 88
53 114 4
53 117 96
53 120 36
53 122 32
53 125 85
53 126 96
53 128 53
53 130 34
53 134 52
53 138 35
53 139 91
53 142 68
53 143 95
53 144 59
53 145 54
53 148 26
54 55 76
54 56 97
54 60 78
54 62 38
54 65 73
54 66 47
54 71 71
54 72 63
54 75 69
54 76 26
54 82 94
54 88 44
54 90 100
54 97 98
54 100 99
54 103 89
54 107 21
54 112 73
54 115 45
54 116 1
54 126 75
54 127 71
54 130 39
54 131 52
54 132 5
54 140 15
54 141 79
54 146 71
54 147 70
54 148 67
55 59 11
55 60 35
55 64 87
55 65 71
55 70 48
55 71 49
55 72 94
55 73 49
55 76 60
55 80 11
55 81 98
55 83 14
55 85 64
55 86 50
55 88 19
55 89 3
55 92 100
55 94 40
55 98 55
55 100 1
55 104 2
55 105 27
55 108 35
55 109 26
55 111 80
55 112 54
55 115 99
55 117 92
55 118 23
55 119 43
55 120 70
55 122 53
55 128 9
55 134 11
55 137 94
55 138 17
55 140 8
55 145 8
55 150 10
56 60 71
56 61 33
56 66 70
56 69 89
56 71 32
56 73 17
56 74 94
56 77 8
56 78 92
56 82 88
56 83 86
56 85 40
56 87 12
56 91 66
56 93 45
56 94 17
56 96 22
56 98 6
56 100 73
56 101 43
56 103 61
56 106 80
56 112 60
56 116 63
56 117 97
56 121 13
56 123 20
56 125 38
56 126 41
56 130 56
56 132 5
56 139 60
56 140 7
56 141 98
56 143 20
56 145 37
56 148 72
56 149 92
56 150 1
57 60 29
57 66 98
57 67 44
57 71 90
57 73 52
57 74 76
57 76 15
57 77 90
57 79 93
57 80 67
57 81 90
57 85 44
57 86 72
57 87 74
57 92 54
57 93 33
57 95 94
57 96 57
57 98 74
57 100 8
57 102 11
57 103 8
57 106 100
57 109 70
57 110 29
57 116 35
57 117 78
57 118 33
57 121 43
57 123 100
57 125 25
57 127 95
57 138 30
57 140 29
57 142 58
57 147 45
57 148 36
57 149 62
58 59 41
58 64 43
58 65 9
58 70 89
58 72 76
58 73 16
58 74 84
58 75 21
58 80 60
58 82 93
58 83 78
58 84 80
58 85 50
58 88 3
58 89 16
58 90 14
58 96 19
58 97 78
58 98 82
58 99 25
58 100 31
58 102 8
58 106 10
58 108 33
58 109 73
58 110 93
58 111 21
58 113 40
58 116 89
58 118 12
58 120 35
58 122 99
58 125 14
58 126 99
58 127 5
58 129 83
58 133 14
58 134 20
58 136 29
58 137 29
58 138 40
58 139 35
58 145 43
58 149 9
59 60 30
59 64 76
59 67 94
59 68 68
59 70 8
59 71 15
59 72 46
59 73 84
59 74 98
59 80 9
59 81 99
59 82 53
59 83 100
59 86 98
59 87 36
59 89 98
59 94 5
59 96 23
59 98 47
59 100 62
59 101 88
59 103 95
59 105 9
59 110 92
59 114 46
59 116 72
59 120 14
59 124 73
59 126 39
59 128 46
59 131 71
59 134 54
59 137 68
59 144 22
59 150 70
60 63 73
60 66 71
60 67 48
60 69 70
60 70 1
60 73 74
60 76 96
60 77 55
60 78 44
60 79 8
60 81 75
60 87 58
60 97 86
60 106 95
60 112 70
60 115 77
60 117 74
60 118 100
60 119 14
60 121 81
60 122 71
60 124 5
60 125 16
60 128 84
60 133 57
60 135 78
60 137 91
60 138 35
60 143 51
60 144 76
60 147 36
60 149 54
61 63 21
61 64 30
61 65 92
61 69 81
61 71 66
61 72 5
61 74 39
61 75 86
61 78 77
61 79 35
61 82 2
61 83 4
61 84 59
61 86 38
61 88 51
61 91 62
61 93 43
61 100 77
61 101 2
61 102 51
61 103 95
61 106 52
61 108 51
61 110 56
61 111 38
61 113 64
61 115 56
61 121 42
61 123 58
61 125 86
61 129 86
61 130 14
61 131 84
61 132 26
61 133 51
61 139 41
61 144 55
61 145 44
61 149 75
62 65 60
62 67 30
62 69 77
62 71 44
62 74 92
62 75 59
62 79 43
62 85 42
62 86 50
62 87 4
62 90 20
62 94 61
62 95 14
62 96 63
62 97 54
62 98 71
62 99 82
62 100 56
62 102 29
62 103 52
62 108 4
62 109 37
62 110 1
62 111 15
62 116 51
62 120 6
62 122 14
62 124 39
62 132 29
62 134 11
62 135 22
62 136 91
62 137 100
62 140 68
62 141 91
62 145 20
62 150 76
63 64 53
63 66 79
63 70 78
63 72 66
63 78 36
63 79 53
63 81 27
63 82 9
63 84 75
63 86 66
63 88 16
63 89 46
63 93 21
63 95 81
63 96 88
63 97 88
63 99 85
63 101 17
63 105 50
63 107 78
63 109 96
63 110 65
63 112 90
63 114 94
63 122 43
63 128 6
63 129 85
63 133 83
63 136 18
63 138 100
63 139 71
63 140 41
63 141 5
63 142 44
63 143 87
63 145 60
63 147 39
64 65 67
64 68 84
64 69 7
64 74 19
64 75 97
64 78 6
64 82 88
64 84 81
64 88 70
64 89 12
64 91 18
64 92 40
64 93 61
64 94 68
64 96 55
64 98 47
64 99 63
64 100 8
64 101 10
64 102 23
64 103 51
64 104 73
64 105 61
64 106 79
64 108 40
64 109 18
64 110 89
64 111 22
64 112 39
64 113 47
64 114 61
64 118 36
64 119 99
64 123 19
64 127 77
64 129 52
64 131 31
64 132 7
64 133 98
64 134 76
64 136 17
64 137 90
64 138 99
64 139 30
64 140 19
64 142 12
64 144 41
64 145 55
64 150 64
65 66 71
65 67 6
65 68 42
65 69 100
65 71 11
65 72 32
65 73 70
65 74 78
65 76 15
65 77 31
65 83 37
65 87 29
65 88 87
65 91 22
65 92 29
65 93 76
65 97 61
65 102 32
65 103 9
65 107 6
65 108 89
65 112 13
65 114 80
65 116 80
65 119 24
65 122 26
65 123 30
65 124 97
65 127 38
65 130 13
65 133 89
65 138 44
65 139 86
65 140 50
65 141 56
65 143 60
65 144 42
65 145 21
65 148 15
66 73 47
66 75 39
66 79 76
66 81 41
66 83 99
66 84 14
66 85 21
66 87 14
66 89 7
66 91 45
66 92 46
66 94 59
66 95 88
66 96 74
66 97 41
66 102 39
66 108 3
66 114 32
66 115 77
66 118 45
66 130 40
66 133 51
66 135 59
66 136 45
66 137 93
66 142 78
67 68 80
67 69 67
67 71 99
67 77 39
67 82 9
67 83 16
67 87 45
67 88 51
67 90 67
67 92 60
67 93 76
67 95 69
67 96 5
67 102 5
67 105 38
67 107 90
67 110 90
67 112 5
67 114 88
67 115 90
67 116 9
67 128 73
67 129 67
67 132 39
67 134 15
67 135 90
67 137 43
67 139 1
67 141 19
67 143 60
68 69 47
68 70 92
68 73 65
68 74 96
68 78 100
68 89 32
68 90 36
68 93 63
68 97 38
68 99 45
68 100 84
68 106 1
68 107 41
68 109 25
68 111 82
68 114 63
68 117 24
68 118 84
68 121 38
68 122 83
68 125 52
68 127 97
68 129 41
68 130 28
68 131 14
68 132 21
68 133 46
68 135 19
68 136 37
68 137 95
68 139 21
68 142 41
68 146 31
69 70 69
69 71 45
69 74 98
69 75 13
69 76 11
69 77 17
69 80 95
69 81 90
69 83 4
69 85 78
69 87 59
69 88 27
69 90 16
69 91 58
69 94 28
69 96 32
69 98 86
69 102 97
69 105 67
69 106 30
69 108 61
69 110 80
69 112 37
69 113 13
69 115 92
69 117 70
69 127 18
69 129 55
69 130 57
69 136 70
69 137 19
69 138 98
69 145 12
69 146 65
69 150 40
70 72 57
70 73 17
70 74 48
70 75 85
70 80 30
70 81 50
70 86 40
70 87 30
70 89 37
70 90 60
70 92 73
70 96 14
70 97 12
70 99 33
70 100 19
70 104 69
70 107 49
70 110 14
70 111 19
70 112 99
70 113 12
70 117 60
70 120 87
70 121 95
70 123 7
70 127 19
70 128 90
70 129 85
70 134 100
70 135 49
70 137 67
70 143 90
70 145 79
70 148 49
71 72 27
71 76 12
71 78 11
71 82 8
71 86 42
71 87 20
71 89 19
71 95 94
71 97 85
71 98 98
71 101 83
71 104 64
71 107 22
71 108 32
71 109 76
71 112 48
71 115 83
71 116 51
71 117 52
71 126 36
71 129 29
71 130 40
71 139 44
71 141 74
71 143 50
71 144 79
71 148 40
71 150 1
72 73 52
72 79 82
72 80 80
72 81 90
72 82 4
72 83 78
72 90 30
72 91 42
72 94 18
72 98 65
72 99 35
72 103 10
72 105 54
72 107 30
72 111 64
72 112 37
72 115 92
72 116 7
72 120 16
72 123 36
72 126 28
72 127 17
72 130 28
72 131 33
72 133 51
72 138 41
72 139 71
72 143 34
72 145 68
72 147 6
73 76 57
73 78 9
73 88 38
73 97 47
73 99 31
73 103 10
73 105 11
73 109 10
73 110 24
73 112 52
73 113 22
73 121 8
73 127 22
73 130 23
73 131 23
73 132 74
73 134 68
73 135 1
73 139 5
73 142 55
73 147 11
73 149 17
73 150 47
74 77 72
74 79 49
74 80 87
74 81 2
74 82 63
74 86 68
74 90 96
74 92 64
74 93 54
74 95 30
74 96 17
74 99 3
74 100 83
74 101 28
74 102 15
74 104 13
74 106 2
74 107 79
74 111 52
74 112 10
74 113 15
74 114 8
74 115 51
74 118 78
74 119 74
74 120 49
74 124 24
74 127 67
74 130 34
74 131 60
74 132 95
74 133 69
74 136 1
74 138 85
74 141 72
74 142 43
74 143 5
74 147 93
74 148 74
74 149 26
75 77 42
75 80 95
75 81 86
75 82 35
75 84 5
75 88 90
75 92 21
75 94 76
75 95 78
75 96 28
75 97 38
75 100 97
75 101 25
75 102 47
75 107 91
75 108 81
75 115 15
75 117 6
75 118 29
75 120 67
75 125 24
75 128 77
75 132 22
75 133 50
75 134 92
75 135 48
75 141 47
75 142 92
75 144 10
76 79 81
76 80 19
76 83 29
76 86 26
76 91 1
76 94 23
76 96 67
76 98 39
76 99 5
76 103 76
76 105 1
76 107 85
76 108 61
76 110 19
76 111 100
76 113 86
76 114 79
76 118 77
76 128 34
76 133 59
76 135 1
76 137 55
76 141 38
76 146 59
76 147 67
76 148 18
77 84 61
77 88 77
77 89 73
77 91 1
77 93 34
77 94 69
77 99 9
77 101 87
77 105 44
77 113 71
77 116 87
77 122 68
77 124 52
77 127 76
77 131 87
77 135 10
77 137 21
77 138 31
77 140 95
77 143 70
77 145 31
77 147 42
77 148 41
78 79 68
78 83 83
78 84 14
78 85 96
78 92 3
78 95 20
78 97 14
78 99 26
78 100 32
78 102 45
78 104 37
78 106 2
78 113 51
78 117 10
78 119 83
78 126 86
78 128 94
78 132 55
78 135 29
78 136 15
78 141 69
78 144 36
78 148 20
78 149 64
78 150 93
79 80 85
79 81 46
79 84 4
79 87 32
79 92 91
79 93 27
79 95 51
79 97 53
79 98 99
79 106 70
79 107 4
79 108 66
79 110 43
79 112 89
79 117 64
79 119 5
79 121 39
79 123 35
79 124 12
79 125 26
79 130 100
79 134 71
79 136 48
79 138 77
79 140 19
79 141 86
79 143 56
79 144 44
79 145 42
79 147 55
79 150 79
80 82 13
80 83 90
80 87 68
80 89 11
80 90 75
80 94 62
80 98 81
80 102 50
80 104 19
80 107 2
80 109 9
80 112 80
80 113 77
80 114 85
80 115 90
80 116 58
80 123 100
80 127 97
80 133 38
80 134 68
80 137 23
80 140 34
80 141 61
80 143 77
80 144 54
80 149 48
80 150 69
81 83 7
81 85 8
81 87 96
81 89 73
81 92 48
81 93 87
81 94 3
81 95 6
81 96 23
81 97 62
81 101 41
81 103 23
81 105 81
81 108 2
81 110 62
81 111 93
81 113 31
81 114 16
81 115 46
81 117 58
81 120 71
81 121 44
81 122 1
81 124 72
81 125 20
81 126 76
81 128 44
81 131 32
81 137 70
81 143 36
81 146 6
82 85 26
82 86 87
82 93 16
82 97 4
82 105 25
82 106 33
82 108 4
82 109 75
82 111 98
82 113 64
82 119 63
82 120 25
82 123 76
82 125 81
82 129 9
82 130 56
82 131 7
82 132 94
82 133 20
82 135 10
82 141 43
82 143 49
82 144 65
82 145 72
83 86 95
83 87 69
83 90 90
83 92 46
83 103 70
83 107 53
83 108 16
83 109 91
83 112 2
83 114 38
83 118 69
83 124 44
83 126 20
83 128 94
83 129 18
83 134 76
83 135 18
83 138 70
83 142 30
83 148 96
84 85 30
84 86 56
84 89 53
84 90 5
84 91 91
84 97 18
84 100 72
84 103 57
84 105 28
84 106 32
84 108 80
84 109 4
84 111 50
84 115 3
84 116 55
84 124 78
84 130 31
84 131 7
84 135 6
84 137 76
84 138 61
84 140 5
84 142 83
84 145 58
84 147 49
84 150 65
85 86 70
85 88 61
85 89 38
85 91 98
85 92 56
85 93 71
85 94 60
85 95 2
85 96 41
85 99 21
85 100 84
85 102 70
85 103 89
85 107 12
85 110 65
85 114 54
85 115 30
85 118 37
85 125 41
85 126 43
85 128 14
85 130 21
85 132 92
85 134 38
85 136 7
85 137 39
85 141 66
85 144 85
85 147 32
85 148 99
86 89 94
86 94 1
86 96 55
86 103 92
86 106 43
86 108 71
86 109 2
86 110 74
86 111 39
86 113 38
86 117 10
86 121 22
86 124 98
86 126 49
86 131 70
86 134 12
86 137 91
86 140 85
86 142 63
86 143 65
86 144 31
86 146 1
86 147 47
86 149 68
86 150 46
87 88 95
87 93 63
87 94 10
87 100 29
87 104 19
87 105 64
87 106 29
87 107 44
87 109 58
87 113 67
87 116 99
87 118 10
87 120 42
87 122 87
87 123 37
87 124 41
87 127 1
87 129 35
87 131 55
87 134 71
87 135 25
87 143 35
87 147 47
88 89 75
88 90 83
88 95 82
88 96 81
88 99 35
88 105 12
88 106 71
88 107 5
88 109 44
88 110 97
88 111 26
88 112 1
88 114 30
88 117 50
88 119 89
88 120 1
88 122 45
88 125 30
88 126 27
88 127 33
88 128 35
88 132 98
88 133 75
88 136 34
88 140 51
88 142 66
88 143 26
88 144 58
88 145 23
88 146 90
88 148 50
88 150 30
89 93 59
89 94 84
89 95 75
89 96 62
89 98 54
89 99 36
89 101 24
89 106 62
89 107 89
89 113 87
89 115 94
89 116 41
89 117 2
89 119 58
89 123 9
89 124 81
89 130 8
89 131 79
89 133 24
89 137 69
89 141 27
89 143 49
89 144 26
90 92 77
90 94 35
90 96 42
90 98 30
90 102 24
90 104 97
90 105 32
90 107 70
90 112 8
90 113 49
90 114 50
90 115 55
90 116 72
90 118 10
90 120 67
90 124 63
90 128 95
90 132 79
90 134 9
90 137 1
90 139 26
90 140 72
90 145 38
90 147 52
91 93 49
91 95 65
91 96 37
91 99 4
91 101 31
91 105 60
91 106 34
91 107 74
91 109 22
91 110 70
91 111 1
91 114 75
91 115 34
91 116 22
91 117 19
91 118 3
91 120 67
91 121 40
91 124 61
91 128 72
91 130 66
91 131 74
91 136 56
91 137 39
91 138 19
91 139 45
91 140 78
91 141 87
91 142 37
91 146 76
91 150 43
92 95 45
92 100 100
92 101 40
92 102 87
92 103 74
92 111 100
92 113 99
92 115 81
92 116 10
92 117 64
92 119 78
92 122 5
92 126 90
92 128 61
92 129 53
92 131 92
92 137 4
92 140 7
92 141 13
92 143 99
92 146 57
92 150 36
93 94 86
93 105 27
93 106 16
93 107 59
93 111 95
93 118 15
93 121 79
93 124 5
93 126 75
93 127 68
93 130 69
93 132 3
93 134 61
93 136 23
93 137 34
93 144 68
93 147 11
93 148 77
94 95 100
94 99 64
94 102 53
94 105 4
94 108 75
94 109 78
94 111 82
94 112 52
94 119 55
94 120 38
94 121 86
94 122 8
94 123 59
94 124 75
94 126 16
94 128 51
94 130 33
94 136 17
94 138 39
94 139 23
94 140 62
94 141 24
94 144 68
94 145 85
94 148 66
95 98 44
95 102 11
95 103 26
95 104 12
95 105 9
95 106 18
95 107 39
95 110 13
95 111 35
95 112 22
95 114 14
95 116 60
95 120 52
95 121 89
95 122 67
95 127 60
95 132 3
95 134 28
95 136 85
95 137 72
95 138 18
95 139 77
95 140 7
95 141 70
95 144 83
95 145 69
95 147 15
95 149 56
96 101 99
96 104 54
96 105 91
96 106 6
96 107 71
96 108 23
96 109 20
96 112 91
96 113 64
96 114 15
96 116 99
96 120 97
96 121 69
96 123 79
96 124 71
96 126 66
96 133 54
96 136 69
96 141 78
96 142 90
96 143 40
96 144 38
96 147 34
96 148 4
97 102 13
97 106 54
97 110 57
97 111 94
97 114 59
97 118 95
97 121 87
97 128 59
97 130 49
97 131 86
97 134 31
97 136 17
97 137 96
97 142 22
97 143 2
97 148 31
97 149 40
98 101 43
98 102 2
98 105 89
98 107 21
98 108 81
98 109 71
98 110 31
98 113 80
98 114 62
98 118 88
98 123 58
98 125 37
98 129 11
98 131 91
98 139 41
98 143 89
98 144 56
98 145 14
98 146 6
98 149 44
99 100 57
99 101 86
99 102 26
99 107 28
99 109 39
99 110 20
99 112 41
99 113 28
99 115 49
99 117 50
99 119 84
99 123 60
99 124 16
99 127 19
99 129 80
99 131 12
99 138 59
99 142 55
99 143 19
99 145 31
100 101 3
100 102 18
100 103 86
100 109 80
100 116 33
100 117 4
100 122 88
100 124 44
100 126 27
100 128 54
100 130 11
100 133 48
100 136 81
100 145 98
100 148 11
101 106 12
101 115 80
101 117 100
101 119 14
101 120 54
101 122 99
101 125 36
101 127 75
101 128 91
101 131 5
101 135 22
101 138 44
101 140 8
101 141 28
101 143 42
101 146 45
101 148 86
101 149 93
101 150 19
102 106 88
102 111 94
102 113 99
102 115 45
102 116 95
102 117 48
102 118 17
102 124 17
102 126 2
102 129 34
102 130 40
102 131 84
102 132 17
102 134 39
102 135 16
102 136 97
102 137 25
102 139 11
102 140 37
102 142 80
102 143 95
102 144 90
102 148 91
102 150 34
103 107 70
103 108 15
103 109 83
103 110 67
103 113 20
103 116 23
103 124 18
103 127 51
103 128 18
103 129 70
103 132 55
103 133 40
103 134 61
103 135 23
103 138 81
103 139 90
103 140 26
103 143 57
103 144 63
103 146 73
103 150 12
104 105 77
104 107 35
104 109 80
104 110 85
104 111 42
104 114 30
104 120 100
104 124 53
104 127 69
104 135 16
104 138 95
104 139 65
104 140 95
104 141 45
104 144 75
104 146 87
104 150 24
105 106 55
105 107 42
105 108 61
105 110 15
105 111 86
105 112 38
105 119 10
105 120 10
105 121 76
105 122 1
105 124 52
105 127 80
105 130 16
105 132 15
105 134 41
105 136 74
105 139 97
105 141 85
105 142 40
105 145 81
105 148 94
105 150 81
106 118 63
106 119 41
106 120 45
106 122 52
106 123 38
106 124 57
106 125 31
106 128 45
106 132 59
106 134 41
106 135 67
106 139 94
106 143 44
106 145 53
107 108 50
107 110 92
107 113 52
107 116 80
107 118 77
107 126 58
107 127 7
107 128 90
107 130 43
107 131 57
107 135 9
107 137 76
107 140 47
107 142 9
107 147 91
108 109 75
108 112 17
108 114 24
108 115 96
108 116 89
108 117 84
108 118 56
108 119 15
108 121 67
108 123 25
108 126 84
108 128 26
108 131 93
108 132 46
108 134 59
108 135 9
108 136 34
108 139 96
108 144 43
108 145 28
108 147 51
109 110 32
109 113 73
109 115 74
109 116 25
109 117 67
109 119 91
109 121 83
109 122 89
109 126 50
109 132 83
109 134 3
109 140 29
109 142 91
109 144 24
109 145 98
109 147 23
110 111 39
110 113 18
110 114 19
110 115 10
110 116 59
110 122 16
110 127 2
110 129 60
110 130 55
110 132 48
110 134 56
110 136 23
110 137 41
110 138 63
110 140 86
110 143 62
110 146 60
110 148 92
110 149 5
110 150 22
111 116 43
111 119 17
111 120 78
111 123 72
111 124 1
111 127 18
111 131 80
111 133 81
111 134 80
111 136 12
111 137 29
111 138 25
111 140 1
111 141 73
111 142 33
111 144 71
111 147 94
112 113 82
112 117 64
112 120 72
112 123 73
112 126 89
112 128 87
112 129 55
112 131 23
112 133 63
112 134 17
112 137 8
112 139 93
112 140 48
112 141 95
112 142 83
112 143 89
112 147 62
112 149 33
112 150 97
113 114 41
113 117 100
113 118 91
113 122 40
113 123 1
113 125 18
113 126 34
113 127 98
113 131 7
113 135 46
113 137 45
113 138 64
113 139 68
113 141 86
113 145 48
113 146 64
114 115 17
114 117 54
114 119 83
114 123 12
114 127 79
114 128 97
114 134 54
114 135 39
114 136 17
114 137 45
114 146 30
114 147 69
114 148 98
114 149 48
115 116 94
115 120 7
115 121 50
115 122 96
115 123 40
115 126 95
115 131 61
115 139 100
115 148 23
116 117 77
116 120 75
116 121 18
116 122 36
116 129 7
116 131 34
116 132 45
116 137 39
116 138 78
116 139 43
116 141 12
116 143 8
117 122 98
117 123 85
117 127 61
117 133 69
117 136 28
117 139 63
117 140 12
117 143 14
117 146 17
117 147 61
117 149 12
118 122 38
118 124 13
118 126 82
118 127 3
118 128 17
118 129 77
118 130 30
118 132 76
118 133 86
118 139 85
118 140 7
118 141 56
118 143 74
118 144 89
118 145 98
118 148 6
119 121 64
119 124 13
119 134 28
119 137 60
119 143 31
119 146 13
119 149 66
120 121 15
120 125 54
120 127 44
120 131 63
120 139 55
120 140 3
120 141 84
120 149 88
120 150 88
121 123 77
121 124 13
121 125 53
121 128 67
121 131 77
121 134 44
121 135 14
121 142 76
121 145 2
121 148 16
121 149 37
121 150 76
122 123 30
122 124 9
122 125 13
122 126 30
122 127 79
122 135 77
122 136 29
122 137 62
122 144 8
122 147 17
123 124 63
123 125 36
123 126 46
123 130 73
123 131 66
123 132 33
123 133 69
123 134 33
123 135 39
123 136 92
123 137 25
123 138 72
123 140 73
123 143 26
123 144 31
123 148 84
124 125 96
124 127 35
124 133 81
124 134 49
124 138 64
124 140 15
124 142 100
124 146 88
125 126 93
125 128 49
125 131 47
125 133 5
125 134 4
125 136 49
125 137 43
125 148 85
125 150 5
126 127 88
126 130 29
126 133 68
126 140 56
126 141 46
126 142 50
126 143 55
126 147 40
127 129 82
127 130 99
127 131 96
127 133 43
127 134 4
127 137 6
127 141 73
127 144 51
127 146 43
127 147 17
127 150 8
128 133 19
128 135 48
128 138 36
128 144 93
128 150 74
129 135 76
129 136 66
129 137 59
129 138 88
129 142 23
129 145 79
129 146 94
129 148 78
130 147 85
130 149 76
131 133 90
131 135 46
131 140 79
131 142 53
131 143 12
131 144 33
131 146 76
131 148 20
131 149 24
132 134 55
132 135 65
132 136 44
132 139 22
132 141 45
132 144 7
132 147 92
132 148 25
132 149 11
132 150 30
133 134 8
133 138 69
133 139 2
133 140 61
133 141 79
133 146 89
133 147 14
133 149 94
134 138 48
134 139 50
134 140 40
134 141 91
134 142 50
134 148 92
134 149 54
135 137 2
135 140 38
135 144 75
135 148 60
135 149 12
136 138 83
136 145 56
136 148 48
136 149 14
137 140 49
137 142 1
137 144 32
137 148 29
137 149 20
138 142 31
138 144 6
138 146 84
138 148 42
138 149 73
138 150 68
139 140 61
139 142 10
139 144 59
139 146 25
140 141 9
140 142 17
140 143 57
140 144 70
140 145 93
140 147 51
141 144 52
141 145 78
141 150 73
142 147 23
142 148 46
142 149 20
143 144 36
143 145 90
143 146 29
143 148 13
143 150 79
144 145 25
144 146 30
145 146 93
145 147 22
145 148 33
145 150 60
146 150 49
147 148 44
147 149 67
147 150 6
148 149 4
149 150 50
1 5 94
1 6 76
1 9 49
1 24 24
1 26 18
1 34 81
1 36 34
1 37 67
1 40 33
1 42 17
1 44 26
1 45 75
1 46 44
1 49 39
1 51 34
1 57 43
1 58 84
1 59 43
1 60 37
1 61 17
1 62 28
1 64 70
1 65 86
1 74 39
1 79 31
1 81 1
1 82 76
1 84 41
1 85 56
1 87 54
1 88 50
1 96 74
1 99 51
1 100 24
1 101 72
1 102 82
1 106 81
1 107 69
1 112 24
1 114 23
1 118 61
1 119 13
1 120 30
1 122 96
1 125 3
1 126 91
1 128 99
1 131 87
1 132 89
1 133 31
1 135 76
1 137 34
1 138 31
1 140 91
1 142 31
1 146 20
2 4 61
2 6 41
2 8 12
2 9 62
2 10 85
2 11 46
2 15 77
2 16 10
2 17 50
2 18 8
2 24 15
2 26 44
2 27 35
2 28 37
2 42 70
2 47 20
2 48 15
2 55 88
2 57 76
2 58 20
2 65 86
2 67 90
2 69 35
2 72 17
2 74 97
2 76 66
2 77 62
2 80 99
2 83 61
2 84 19
2 85 32
2 87 2
2 89 91
2 90 33
2 94 59
2 96 38
2 98 86
2 99 19
2 100 36
2 103 36
2 106 27
2 107 53
2 108 50
2 110 76
2 112 48
2 114 57
2 116 12
2 117 34
2 118 65
2 120 67
2 123 46
2 128 40
2 129 93
2 131 45
2 136 13
2 140 50
2 147 55
2 148 3
2 149 62
3 4 30
3 6 83
3 8 60
3 10 18
3 11 46
3 13 95
3 17 11
3 19 4
3 26 12
3 28 48
3 30 75
3 31 45
3 34 40
3 35 15
3 36 72
3 39 36
3 43 72
3 47 16
3 48 83
3 50 89
3 52 29
3 54 100
3 55 73
3 57 28
3 58 31
3 59 74
3 65 58
3 66 43
3 69 18
3 70 62
3 71 40
3 73 58
3 77 35
3 78 56
3 84 44
3 87 78
3 91 47
3 96 2
3 97 20
3 102 45
3 103 55
3 104 18
3 106 45
3 116 60
3 122 63
3 129 94
3 132 35
3 134 43
3 139 89
3 140 8
3 142 61
3 144 19
3 146 26
3 148 35
3 149 72
4 10 97
4 13 38
4 14 79
4 18 53
4 20 30
4 26 76
4 29 4
4 30 26
4 31 5
4 33 30
4 35 9
4 37 21
4 38 33
4 39 87
4 40 96
4 41 65
4 42 35
4 46 31
4 48 86
4 50 6
4 51 96
4 52 50
4 55 15
4 56 10
4 57 75
4 59 58
4 60 39
4 63 66
4 64 63
4 69 38
4 71 90
4 76 100
4 80 40
4 83 94
4 84 78
4 85 51
4 86 66
4 89 43
4 90 34
4 93 47
4 94 73
4 95 54
4 98 86
4 101 87
4 102 90
4 103 33
4 104 50
4 105 50
4 107 69
4 108 25
4 109 30
4 111 69
4 112 33
4 114 13
4 116 70
4 118 44
4 119 11
4 124 72
4 125 35
4 126 94
4 130 90
4 131 97
4 132 36
4 145 36
4 148 12
5 6 31
5 7 20
5 8 90
5 9 37
5 11 52
5 13 58
5 15 11
5 16 35
5 17 72
5 20 2
5 21 18
5 22 70
5 27 82
5 30 6
5 31 100
5 32 98
5 37 55
5 38 83
5 39 46
5 40 41
5 42 25
5 46 15
5 47 38
5 49 2
5 50 11
5 51 16
5 52 89
5 55 44
5 56 42
5 59 83
5 61 35
5 62 35
5 63 82
5 65 39
5 68 56
5 71 49
5 72 42
5 76 82
5 78 76
5 79 59
5 82 92
5 86 98
5 87 39
5 88 57
5 90 5
5 93 81
5 94 92
5 96 74
5 100 50
5 103 75
5 104 76
5 105 89
5 111 56
5 112 29
5 122 95
5 123 8
5 124 1
5 126 71
5 132 63
5 139 70
5 140 13
5 141 84
5 143 98
5 145 83
5 150 94
6 8 99
6 10 84
6 11 47
6 14 91
6 15 5
6 17 100
6 18 33
6 20 8
6 23 87
6 25 80
6 26 18
6 27 40
6 30 84
6 36 71
6 38 29
6 42 86
6 43 84
6 45 32
6 46 38
6 48 81
6 49 3
6 51 90
6 54 20
6 58 59
6 60 42
6 61 94
6 65 34
6 67 93
6 68 17
6 69 6
6 70 69
6 73 19
6 76 19
6 79 12
6 80 4
6 86 9
6 87 47
6 88 28
6 91 43
6 94 32
6 95 29
6 96 100
6 97 74
6 100 66
6 103 6
6 105 78
6 108 7
6 109 36
6 110 87
6 111 67
6 113 87
6 114 50
6 117 58
6 120 69
6 122 13
6 123 55
6 125 68
6 126 47
6 127 52
6 128 72
6 131 45
6 132 98
6 137 38
6 139 13
6 143 75
6 146 61
6 147 47
6 148 64
6 150 22
7 11 65
7 12 33
7 17 81
7 22 99
7 26 46
7 27 36
7 29 6
7 32 24
7 36 29
7 37 41
7 40 22
7 43 76
7 44 57
7 45 34
7 46 5
7 50 43
7 51 2
7 53 37
7 54 7
7 55 76
7 57 44
7 58 34
7 59 49
7 61 32
7 62 18
7 63 30
7 64 40
7 65 84
7 66 64
7 69 95
7 70 100
7 71 21
7 73 34
7 74 1
7 75 100
7 77 18
7 78 18
7 81 90
7 82 71
7 89 23
7 90 29
7 91 65
7 93 13
7 96 12
7 98 88
7 100 93
7 103 69
7 105 84
7 108 21
7 112 56
7 113 60
7 118 94
7 119 70
7 120 63
7 121 95
7 126 46
7 128 81
7 129 70
7 130 100
7 132 14
7 133 21
7 135 64
7 136 28
7 137 64
7 140 29
7 142 78
7 143 25
7 144 55
7 145 73
7 148 64
7 150 80
8 9 26
8 14 99
8 17 15
8 19 62
8 20 19
8 21 93
8 22 37
8 26 52
8 27 85
8 31 17
8 33 99
8 36 44
8 37 61
8 39 85
8 42 39
8 49 61
8 50 60
8 51 75
8 53 52
8 55 96
8 57 17
8 60 72
8 62 15
8 63 4
8 64 83
8 65 86
8 66 27
8 68 93
8 70 8
8 72 20
8 75 81
8 76 23
8 78 52
8 81 44
8 84 100
8 87 95
8 88 66
8 92 69
8 93 17
8 94 93
8 95 81
8 97 61
8 98 86
8 100 90
8 102 52
8 104 97
8 105 62
8 107 36
8 110 3
8 111 31
8 112 35
8 113 49
8 114 60
8 115 37
8 116 87
8 117 98
8 119 93
8 123 90
8 125 82
8 126 94
8 128 55
8 129 21
8 130 34
8 131 39
8 132 39
8 138 84
8 144 46
8 145 68
8 148 83
8 149 57
8 150 61
9 13 90
9 14 28
9 19 13
9 20 14
9 22 51
9 23 100
9 24 10
9 25 13
9 26 9
9 27 23
9 30 28
9 33 47
9 34 90
9 35 67
9 36 33
9 39 88
9 40 14
9 44 95
9 45 66
9 48 74
9 50 81
9 54 13
9 56 5
9 60 62
9 62 61
9 63 42
9 69 96
9 72 19
9 75 96
9 78 52
9 81 62
9 82 86
9 84 27
9 85 3
9 86 59
9 87 97
9 91 98
9 94 94
9 95 50
9 100 99
9 104 44
9 105 82
9 106 57
9 109 85
9 110 34
9 116 8
9 117 22
9 119 56
9 126 30
9 128 86
9 129 45
9 131 36
9 132 75
9 133 45
9 135 65
9 137 61
9 139 23
9 143 11
9 147 65
9 150 47
10 13 38
10 15 83
10 16 89
10 19 31
10 21 1
10 23 78
10 25 11
10 28 69
10 29 75
10 30 25
10 36 7
10 40 17
10 41 52
10 45 3
10 54 89
10 55 35
10 63 84
10 67 58
10 70 100
10 72 95
10 74 52
10 79 93
10 81 50
10 82 1
10 84 61
10 85 49
10 88 79
10 89 92
10 91 89
10 94 22
10 96 16
10 97 27
10 99 54
10 100 47
10 103 67
10 105 99
10 108 42
10 109 2
10 111 13
10 113 32
10 115 78
10 117 13
10 118 41
10 119 82
10 120 76
10 123 63
10 125 34
10 128 44
10 132 51
10 133 68
10 138 38
10 142 99
10 143 24
10 144 73
10 145 65
10 146 57
10 148 67
10 149 20
11 13 28
11 14 27
11 15 23
11 21 56
11 22 2
11 25 80
11 30 10
11 35 11
11 39 5
11 41 32
11 45 92
11 48 5
11 51 9
11 54 96
11 56 29
11 62 4
11 65 61
11 70 6
11 71 87
11 73 62
11 74 62
11 76 89
11 77 3
11 78 90
11 83 82
11 91 1
11 96 53
11 99 20
11 100 62
11 102 56
11 105 79
11 106 33
11 107 45
11 109 50
11 110 40
11 111 61
11 112 50
11 113 92
11 119 97
11 120 60
11 122 88
11 124 59
11 125 54
11 126 42
11 128 70
11 129 72
11 130 79
11 131 80
11 132 97
11 133 77
11 137 31
11 139 54
11 140 58
11 142 53
11 143 17
11 145 12
11 149 63
12 13 20
12 14 95
12 16 25
12 21 65
12 23 30
12 24 10
12 25 8
12 27 31
12 28 38
12 29 11
12 34 74
12 35 58
12 36 55
12 38 7
12 39 63
12 40 88
12 44 38
12 45 3
12 46 73
12 47 76
12 48 81
12 51 6
12 52 78
12 56 17
12 58 61
12 61 58
12 62 77
12 64 36
12 65 13
12 67 86
12 73 33
12 77 62
12 79 17
12 80 81
12 88 33
12 90 3
12 92 22
12 94 84
12 96 7
12 99 47
12 100 75
12 102 5
12 103 51
12 104 62
12 105 48
12 107 40
12 108 40
12 110 71
12 111 34
12 113 36
12 121 85
12 123 72
12 125 99
12 129 1
12 134 17
12 135 78
12 140 71
12 141 1
12 142 64
12 144 70
12 145 46
12 149 40
13 20 83
13 25 11
13 35 2
13 39 47
13 40 5
13 41 16
13 42 39
13 45 10
13 48 2
13 53 25
13 54 38
13 57 87
13 61 76
13 65 29
13 66 8
13 67 17
13 69 79
13 71 26
13 80 40
13 83 47
13 84 74
13 85 83
13 87 82
13 88 48
13 90 96
13 92 62
13 95 74
13 96 77
13 106 26
13 108 67
13 111 80
13 112 91
13 113 10
13 114 47
13 122 34
13 123 25
13 126 6
13 127 38
13 128 86
13 130 20
13 133 98
13 134 54
13 140 96
13 141 89
13 143 62
13 145 70
13 146 35
13 149 15
14 15 63
14 16 69
14 20 10
14 21 98
14 24 20
14 26 83
14 30 85
14 32 8
14 38 1
14 39 19
14 42 10
14 44 87
14 47 6
14 48 19
14 50 69
14 52 74
14 54 40
14 55 69
14 59 41
14 62 4
14 64 95
14 65 6
14 66 52
14 68 73
14 72 27
14 74 38
14 75 59
14 76 5
14 77 7
14 81 87
14 82 46
14 84 25
14 85 51
14 86 75
14 87 18
14 89 19
14 90 24
14 94 25
14 96 97
14 98 33
14 104 61
14 105 52
14 107 17
14 108 17
14 111 71
14 112 98
14 115 55
14 116 39
14 129 88
14 131 69
14 132 44
14 140 62
14 144 85
14 145 74
14 147 39
14 148 69
14 149 83
15 16 50
15 18 71
15 19 98
15 20 40
15 21 10
15 24 8
15 25 7
15 27 49
15 32 77
15 37 32
15 39 30
15 40 77
15 41 61
15 42 84
15 43 29
15 44 30
15 45 23
15 46 30
15 48 45
15 49 26
15 51 54
15 52 14
15 53 96
15 54 25
15 57 51
15 66 94
15 69 24
15 73 6
15 74 33
15 75 100
15 79 37
15 80 18
15 86 39
15 90 48
15 94 72
15 95 9
15 100 7
15 101 15
15 106 47
15 107 89
15 109 85
15 111 43
15 113 43
15 116 24
15 117 62
15 118 69
15 122 32
15 124 1
15 129 54
15 133 35
15 137 60
15 140 46
15 141 91
15 142 64
15 146 8
15 147 90
16 17 55
16 19 13
16 21 91
16 22 97
16 24 18
16 26 70
16 28 72
16 32 63
16 38 10
16 41 41
16 42 33
16 43 34
16 44 51
16 49 57
16 52 17
16 54 46
16 58 89
16 59 20
16 61 36
16 64 4
16 67 33
16 70 59
16 79 92
16 82 40
16 83 29
16 85 72
16 88 56
16 89 94
16 91 4
16 95 13
16 97 32
16 99 94
16 100 96
16 104 66
16 105 56
16 106 63
16 107 22
16 112 91
16 116 94
16 119 57
16 120 38
16 126 83
16 135 62
16 136 94
16 137 61
16 140 8
16 144 53
16 145 75
16 146 19
16 147 97
16 148 68
17 19 92
17 20 53
17 27 59
17 35 85
17 36 10
17 40 100
17 44 24
17 52 69
17 53 84
17 58 92
17 60 39
17 61 30
17 63 75
17 65 68
17 68 78
17 70 66
17 74 28
17 75 38
17 76 97
17 77 77
17 82 61
17 84 98
17 85 3
17 86 11
17 87 57
17 89 63
17 91 9
17 94 15
17 95 25
17 99 29
17 104 95
17 109 77
17 115 52
17 117 32
17 119 9
17 121 90
17 123 27
17 129 7
17 133 42
17 136 46
17 137 87
17 139 59
17 141 45
17 142 57
17 143 72
17 144 40
17 146 49
17 147 42
17 149 83
17 150 13
18 19 40
18 20 52
18 21 51
18 24 42
18 26 29
18 33 81
18 36 96
18 37 80
18 39 76
18 41 17
18 42 17
18 45 89
18 47 17
18 49 88
18 51 28
18 53 69
18 55 54
18 56 38
18 57 3
18 58 98
18 59 19
18 63 75
18 65 50
18 68 64
18 70 55
18 71 13
18 73 17
18 75 92
18 79 74
18 82 79
18 87 76
18 91 48
18 95 45
18 96 28
18 97 68
18 98 24
18 99 94
18 101 46
18 102 58
18 103 2
18 105 77
18 106 19
18 111 1
18 114 92
18 115 19
18 117 40
18 120 22
18 121 51
18 123 33
18 129 26
18 131 48
18 132 32
18 133 86
18 134 30
18 137 86
18 138 33
18 141 97
18 142 91
18 144 8
18 149 28
19 20 29
19 22 24
19 23 67
19 25 56
19 28 35
19 29 64
19 31 41
19 33 28
19 34 61
19 36 68
19 38 4
19 39 65
19 42 79
19 45 48
19 48 15
19 49 73
19 50 41
19 51 79
19 54 96
19 59 85
19 60 8
19 61 78
19 62 72
19 65 61
19 66 5
19 67 93
19 68 59
19 70 25
19 71 62
19 73 72
19 74 43
19 75 66
19 79 24
19 83 40
19 84 99
