150 10058 1
1 4 64
1 6 31
1 8 77
1 9 16
1 10 51
1 11 70
1 12 98
1 21 83
1 23 87
1 25 76
1 30 3
1 31 11
1 32 42
1 34 21
1 37 94
1 40 44
1 43 24
1 47 36
1 52 61
1 54 38
1 56 68
1 58 51
1 59 87
1 62 81
1 63 55
1 64 99
1 67 70
1 70 90
1 72 92
1 74 84
1 75 56
1 76 36
1 77 34
1 78 27
1 79 80
1 80 11
1 82 89
1 90 40
1 91 14
1 97 81
1 103 73
1 104 21
1 106 17
1 110 31
1 111 75
1 120 11
1 122 1
1 132 50
1 133 46
1 134 85
1 137 25
1 139 14
1 140 50
1 141 70
1 145 43
1 147 23
1 148 23
1 150 38
2 7 61
2 11 51
2 12 69
2 13 75
2 16 40
2 17 18
2 20 40
2 21 2
2 23 71
2 24 73
2 25 50
2 27 11
2 28 86
2 31 6
2 34 86
2 36 46
2 40 8
2 41 35
2 44 42
2 51 91
2 54 45
2 57 74
2 58 95
2 64 19
2 65 94
2 67 63
2 69 86
2 75 93
2 77 19
2 78 59
2 88 87
2 95 71
2 99 38
2 101 8
2 109 61
2 111 25
2 112 89
2 115 29
2 118 83
2 120 29
2 122 45
2 124 13
2 126 49
2 128 62
2 129 86
2 136 10
2 138 90
2 139 7
2 141 8
2 144 23
2 145 1
2 146 53
2 147 89
2 149 33
3 5 27
3 9 34
3 13 23
3 14 17
3 15 39
3 17 76
3 18 16
3 23 68
3 24 90
3 27 37
3 35 81
3 36 48
3 39 44
3 41 65
3 43 61
3 45 96
3 48 24
3 49 93
3 53 100
3 54 11
3 62 1
3 63 49
3 64 56
3 66 15
3 69 91
3 71 9
3 72 46
3 73 57
3 76 52
3 77 68
3 80 26
3 82 67
3 83 88
3 84 60
3 87 50
3 89 42
3 91 84
3 94 90
3 95 13
3 98 42
3 105 75
3 106 35
3 109 54
3 110 68
3 117 7
3 118 85
3 119 79
3 124 14
3 126 84
3 130 23
3 137 93
3 139 59
3 143 32
3 147 13
3 149 26
4 6 65
4 7 25
4 8 44
4 10 100
4 18 37
4 19 54
4 21 73
4 22 7
4 25 70
4 26 14
4 29 73
4 31 66
4 34 17
4 36 34
4 37 12
4 38 19
4 39 30
4 40 28
4 42 93
4 43 98
4 44 3
4 47 73
4 53 70
4 54 68
4 55 86
4 57 77
4 59 99
4 60 15
4 68 46
4 71 46
4 74 28
4 77 85
4 79 55
4 86 5
4 87 91
4 88 85
4 91 50
4 92 76
4 95 73
4 98 55
4 100 8
4 102 22
4 104 85
4 107 42
4 108 52
4 110 70
4 115 86
4 116 33
4 118 14
4 119 2
4 120 90
4 121 66
4 124 28
4 125 82
4 128 72
4 131 7
4 137 30
4 139 29
4 143 57
4 145 36
5 6 85
5 7 55
5 12 70
5 13 93
5 14 72
5 18 40
5 19 76
5 22 86
5 24 68
5 27 69
5 34 77
5 41 13
5 43 59
5 44 46
5 45 80
5 48 53
5 51 48
5 52 12
5 58 46
5 62 17
5 64 86
5 65 78
5 66 3
5 67 55
5 71 29
5 76 36
5 81 14
5 83 90
5 87 36
5 92 82
5 93 21
5 94 19
5 100 55
5 101 31
5 103 83
5 104 27
5 111 69
5 116 68
5 121 58
5 126 24
5 131 75
5 133 61
5 138 22
5 143 80
5 144 68
5 148 74
5 149 22
6 8 91
6 9 52
6 10 86
6 13 37
6 15 91
6 17 23
6 19 30
6 24 81
6 25 76
6 26 8
6 28 99
6 30 3
6 33 96
6 35 20
6 41 2
6 47 31
6 48 77
6 49 81
6 50 57
6 51 29
6 59 20
6 60 4
6 63 77
6 65 42
6 67 57
6 71 60
6 74 49
6 76 9
6 78 81
6 82 75
6 83 54
6 84 86
6 88 20
6 89 99
6 90 43
6 91 47
6 98 29
6 102 50
6 104 41
6 105 18
6 108 29
6 109 93
6 115 28
6 116 44
6 117 97
6 127 8
6 129 61
6 130 68
6 131 26
6 133 64
6 135 3
6 138 86
6 146 60
6 147 55
6 149 41
7 11 64
7 13 61
7 15 11
7 20 70
7 21 97
7 25 40
7 28 54
7 33 46
7 35 79
7 36 83
7 40 58
7 43 96
7 44 3
7 46 32
7 47 96
7 49 19
7 58 57
7 61 66
7 63 82
7 64 33
7 68 97
7 70 98
7 71 35
7 73 16
7 79 63
7 80 69
7 82 92
7 84 16
7 85 33
7 87 69
7 89 38
7 90 68
7 94 58
7 96 83
7 97 12
7 98 47
7 100 11
7 101 17
7 102 37
7 105 11
7 109 43
7 110 54
7 113 49
7 114 56
7 115 59
7 117 51
7 119 28
7 121 78
7 124 24
7 125 18
7 135 4
7 136 38
7 141 65
7 144 22
7 145 10
7 146 82
7 147 53
7 150 26
8 17 61
8 18 64
8 19 20
8 25 63
8 26 23
8 29 61
8 30 26
8 32 96
8 36 94
8 38 79
8 39 31
8 43 81
8 44 90
8 47 29
8 48 33
8 55 49
8 56 34
8 57 63
8 59 47
8 60 75
8 62 68
8 65 69
8 66 64
8 69 59
8 71 79
8 72 10
8 73 68
8 76 5
8 79 54
8 80 23
8 84 55
8 85 90
8 86 21
8 90 69
8 93 22
8 94 61
8 95 52
8 100 56
8 102 14
8 105 26
8 109 54
8 113 89
8 114 58
8 116 73
8 119 47
8 122 26
8 123 7
8 127 30
8 128 64
8 131 84
8 132 34
8 133 88
8 136 87
8 137 79
8 138 74
8 139 79
8 142 34
8 144 26
8 145 70
8 147 46
9 12 41
9 18 96
9 21 80
9 26 22
9 30 17
9 31 55
9 34 49
9 39 7
9 40 19
9 41 60
9 45 2
9 47 49
9 53 95
9 54 18
9 56 72
9 58 65
9 60 65
9 70 57
9 76 45
9 80 72
9 81 92
9 82 65
9 85 20
9 86 40
9 88 20
9 93 99
9 95 11
9 97 85
9 105 93
9 112 42
9 114 74
9 115 90
9 116 79
9 119 75
9 121 34
9 129 95
9 132 71
9 133 38
9 139 96
9 141 3
9 143 68
9 146 84
9 147 75
9 148 41
9 149 6
10 12 55
10 13 92
10 26 36
10 30 89
10 32 29
10 34 74
10 36 72
10 37 80
10 43 100
10 44 27
10 45 29
10 49 83
10 50 29
10 51 28
10 58 33
10 68 81
10 73 15
10 74 67
10 76 73
10 77 62
10 78 54
10 79 86
10 81 68
10 86 90
10 91 77
10 94 33
10 97 30
10 98 50
10 99 53
10 100 48
10 102 29
10 109 98
10 110 4
10 111 21
10 122 60
10 123 16
10 127 56
10 129 23
10 132 57
10 133 64
10 135 23
10 136 13
10 141 39
10 142 54
10 144 48
10 149 8
11 15 68
11 16 61
11 18 25
11 19 60
11 20 65
11 21 43
11 22 29
11 23 13
11 24 45
11 28 54
11 32 61
11 35 84
11 37 77
11 40 8
11 41 42
11 46 67
11 50 65
11 55 15
11 58 20
11 61 72
11 63 42
11 65 26
11 68 17
11 70 56
11 72 22
11 74 93
11 75 19
11 79 52
11 81 20
11 84 36
11 86 34
11 87 47
11 89 30
11 90 67
11 93 41
11 99 16
11 103 81
11 108 59
11 110 7
11 112 80
11 113 69
11 118 74
11 119 35
11 122 55
11 124 29
11 127 74
11 129 56
11 137 87
11 140 35
11 147 2
11 148 92
12 16 21
12 20 98
12 25 31
12 26 96
12 29 82
12 33 6
12 41 10
12 42 81
12 46 36
12 49 73
12 50 38
12 52 99
12 54 99
12 55 76
12 56 57
12 58 5
12 65 60
12 71 52
12 74 12
12 77 37
12 80 89
12 81 1
12 84 48
12 86 65
12 90 38
12 91 12
12 92 7
12 93 3
12 95 28
12 101 96
12 102 58
12 103 28
12 104 80
12 106 85
12 108 1
12 109 16
12 110 21
12 112 41
12 113 88
12 114 5
12 118 99
12 119 29
12 120 69
12 126 83
12 127 77
12 128 45
12 130 68
12 132 96
12 134 31
12 138 47
12 140 47
12 141 87
12 142 75
12 145 41
12 146 68
12 147 16
12 149 97
12 150 84
13 14 32
13 16 69
13 20 54
13 21 40
13 22 82
13 23 44
13 24 4
13 28 58
13 29 21
13 31 32
13 32 3
13 33 54
13 35 25
13 37 32
13 39 4
13 43 22
13 56 15
13 60 41
13 62 73
13 64 37
13 65 47
13 70 46
13 71 87
13 73 44
13 74 46
13 77 27
13 78 40
13 79 32
13 80 86
13 82 11
13 84 78
13 85 37
13 87 95
13 88 42
13 91 29
13 92 43
13 95 38
13 97 33
13 99 37
13 100 87
13 104 22
13 106 60
13 107 8
13 109 67
13 112 39
13 115 71
13 116 95
13 117 85
13 120 63
13 123 87
13 124 75
13 127 30
13 131 33
13 132 32
13 134 86
13 136 45
13 137 68
13 138 74
13 140 82
13 141 6
13 142 41
13 145 1
13 147 27
13 149 26
14 15 69
14 19 59
14 24 63
14 25 39
14 27 36
14 28 39
14 29 55
14 34 67
14 37 72
14 38 52
14 40 20
14 42 59
14 44 66
14 53 51
14 58 81
14 61 17
14 63 99
14 64 56
14 65 55
14 68 57
14 71 80
14 72 31
14 74 31
14 78 34
14 79 30
14 86 80
14 88 3
14 89 58
14 90 66
14 91 77
14 100 35
14 101 15
14 104 14
14 105 83
14 108 63
14 109 39
14 112 88
14 114 100
14 115 55
14 117 27
14 118 43
14 121 83
14 125 96
14 126 95
14 128 86
14 131 66
14 133 1
14 134 62
14 135 42
14 138 55
14 141 54
14 142 12
14 144 90
14 145 6
14 147 42
14 148 91
14 149 17
15 19 98
15 21 83
15 22 1
15 23 33
15 24 26
15 27 84
15 30 37
15 31 21
15 32 38
15 33 66
15 35 89
15 36 37
15 37 32
15 38 30
15 41 41
15 43 59
15 47 6
15 57 57
15 62 24
15 64 15
15 66 50
15 71 89
15 72 18
15 73 1
15 76 75
15 77 93
15 78 76
15 84 33
15 86 48
15 90 65
15 92 21
15 97 77
15 99 98
15 102 75
15 105 95
15 106 11
15 109 88
15 114 61
15 116 29
15 117 56
15 122 93
15 129 59
15 131 42
15 134 100
15 135 3
15 136 86
15 138 3
15 139 14
15 141 64
15 142 6
15 149 96
15 150 6
16 21 26
16 22 81
16 23 37
16 28 6
16 29 14
16 31 82
16 32 72
16 34 89
16 36 71
16 40 79
16 44 70
16 46 52
16 48 6
16 50 71
16 52 39
16 53 41
16 65 45
16 67 45
16 68 44
16 71 66
16 73 6
16 75 46
16 76 75
16 77 62
16 78 69
16 79 15
16 80 54
16 84 64
16 89 96
16 92 74
16 94 75
16 95 57
16 99 95
16 100 95
16 101 10
16 102 3
16 112 67
16 115 50
16 116 76
16 117 90
16 118 26
16 123 39
16 124 79
16 126 53
16 128 31
16 129 96
16 130 58
16 132 16
16 142 2
16 143 36
16 145 46
16 147 87
16 149 60
16 150 20
17 21 3
17 24 15
17 27 71
17 31 77
17 34 79
17 37 48
17 40 47
17 42 59
17 43 20
17 44 9
17 46 15
17 54 90
17 58 3
17 59 44
17 67 76
17 68 90
17 69 71
17 71 22
17 72 18
17 73 66
17 75 36
17 77 66
17 81 12
17 82 58
17 83 4
17 84 42
17 86 67
17 87 100
17 89 54
17 90 11
17 91 84
17 92 70
17 94 34
17 95 26
17 96 64
17 98 53
17 99 44
17 100 77
17 104 62
17 111 87
17 112 42
17 113 4
17 115 51
17 116 87
17 120 31
17 130 88
17 136 74
17 137 67
17 141 75
17 143 76
17 145 64
17 148 75
18 19 51
18 23 12
18 25 10
18 26 38
18 27 49
18 32 58
18 35 47
18 36 97
18 38 15
18 39 11
18 41 61
18 47 85
18 50 62
18 51 20
18 52 26
18 58 90
18 60 64
18 62 98
18 70 67
18 72 22
18 73 89
18 75 12
18 76 56
18 80 29
18 84 54
18 85 49
18 87 14
18 92 40
18 93 18
18 99 96
18 100 45
18 105 31
18 107 45
18 110 9
18 111 23
18 113 57
18 115 75
18 125 38
18 130 92
18 134 56
18 138 19
18 139 92
18 140 83
18 141 26
18 143 46
18 145 55
18 146 4
18 150 75
19 20 15
19 23 20
19 24 58
19 27 97
19 30 14
19 31 45
19 33 71
19 35 81
19 39 49
19 40 41
19 42 8
19 45 42
19 48 46
19 49 3
19 51 74
19 53 81
19 55 93
19 57 29
19 58 77
19 59 63
19 60 10
19 61 2
19 65 41
19 66 40
19 69 88
19 74 40
19 78 29
19 80 22
19 81 43
19 83 97
19 84 89
19 88 18
19 89 10
19 91 8
19 92 91
19 96 32
19 97 19
19 99 24
19 100 40
19 101 26
19 107 93
19 111 91
19 116 89
19 118 95
19 121 42
19 127 86
19 128 100
19 137 9
19 139 26
19 142 37
19 146 15
19 147 94
19 149 90
19 150 31
20 22 12
20 23 74
20 24 19
20 27 58
20 30 66
20 32 33
20 36 84
20 38 69
20 39 83
20 42 87
20 44 9
20 45 34
20 51 63
20 52 65
20 54 49
20 55 33
20 57 12
20 58 9
20 59 28
20 60 60
20 63 74
20 64 98
20 65 32
20 67 73
20 71 67
20 73 99
20 76 13
20 78 98
20 80 82
20 81 47
20 83 75
20 85 25
20 89 39
20 96 58
20 98 60
20 100 94
20 105 40
20 111 46
20 116 73
20 118 22
20 119 22
20 121 55
20 123 26
20 127 99
20 131 30
20 134 1
20 135 36
20 137 67
20 140 75
20 141 19
20 142 97
20 144 24
20 145 65
20 146 33
20 148 99
20 149 89
21 22 45
21 23 58
21 24 10
21 27 71
21 30 2
21 31 25
21 35 37
21 37 32
21 40 35
21 41 57
21 43 27
21 49 33
21 50 66
21 56 12
21 57 18
21 59 8
21 61 71
21 63 43
21 64 68
21 67 47
21 69 58
21 70 63
21 73 22
21 75 85
21 78 95
21 84 77
21 86 52
21 87 43
21 88 53
21 92 2
21 95 74
21 98 10
21 99 69
21 102 59
21 105 81
21 107 22
21 108 72
21 110 69
21 111 66
21 113 99
21 117 25
21 120 74
21 123 34
21 126 56
21 128 49
21 131 29
21 133 67
21 136 69
21 137 7
21 138 82
21 139 42
21 142 98
21 147 52
21 150 97
22 23 100
22 24 69
22 29 81
22 31 43
22 35 84
22 37 14
22 39 92
22 42 70
22 44 2
22 46 80
22 47 55
22 52 70
22 53 41
22 55 29
22 57 4
22 59 81
22 61 29
22 62 96
22 63 49
22 64 42
22 69 27
22 71 58
22 74 57
22 75 26
22 76 48
22 79 40
22 81 59
22 87 61
22 88 66
22 90 41
22 95 45
22 96 22
22 99 60
22 101 39
22 106 52
22 107 8
22 108 24
22 111 89
22 116 18
22 117 60
22 118 63
22 120 40
22 130 70
22 134 73
22 135 50
22 137 53
22 141 54
22 142 43
22 144 49
22 148 18
23 24 21
23 28 61
23 29 93
23 30 66
23 31 31
23 33 68
23 36 73
23 49 27
23 50 24
23 53 93
23 54 35
23 59 17
23 60 70
23 61 58
23 62 44
23 63 73
23 65 92
23 66 12
23 69 56
23 70 47
23 71 7
23 72 34
23 73 79
23 76 5
23 79 95
23 80 77
23 84 47
23 86 58
23 87 29
23 89 3
23 91 98
23 92 39
23 94 90
23 104 4
23 105 2
23 106 68
23 115 64
23 116 16
23 120 68
23 121 9
23 122 53
23 127 85
23 131 56
23 132 53
23 135 33
23 139 57
23 141 19
23 145 4
23 148 69
24 33 21
24 43 3
24 45 3
24 46 47
24 52 30
24 54 76
24 55 38
24 63 20
24 64 44
24 66 69
24 68 10
24 71 29
24 73 61
24 76 55
24 77 93
24 79 68
24 81 25
24 83 87
24 86 78
24 93 17
24 99 11
24 105 84
24 109 36
24 111 56
24 113 68
24 121 21
24 122 18
24 126 42
24 128 13
24 129 26
24 130 65
24 136 3
24 137 80
24 139 28
24 144 41
24 146 28
24 148 33
25 27 19
25 29 29
25 30 21
25 33 14
25 36 15
25 37 58
25 38 94
25 40 37
25 42 98
25 44 38
25 45 62
25 47 15
25 51 20
25 52 11
25 55 71
25 56 20
25 58 76
25 60 53
25 62 88
25 66 65
25 71 4
25 74 89
25 77 96
25 80 3
25 82 19
25 84 15
25 85 92
25 88 80
25 90 77
25 94 55
25 96 69
25 97 49
25 100 25
25 102 28
25 103 77
25 104 66
25 106 19
25 110 36
25 112 34
25 114 67
25 115 74
25 117 26
25 118 69
25 120 22
25 121 83
25 122 95
25 127 94
25 129 69
25 140 60
25 142 3
25 143 97
25 147 74
25 148 92
25 150 70
26 27 98
26 28 20
26 30 72
26 33 18
26 35 76
26 36 51
26 37 24
26 39 65
26 43 55
26 49 68
26 50 76
26 52 15
26 55 54
26 56 87
26 57 83
26 59 6
26 65 6
26 74 59
26 78 80
26 79 40
26 80 60
26 81 91
26 84 6
26 86 26
26 87 20
26 96 42
26 98 39
26 104 35
26 106 28
26 107 43
26 108 84
26 110 7
26 115 2
26 118 50
26 119 72
26 121 52
26 122 88
26 124 36
26 131 63
26 134 73
26 137 23
26 139 14
26 142 7
26 143 76
26 149 87
27 29 24
27 30 90
27 31 82
27 34 66
27 36 42
27 42 73
27 44 58
27 45 11
27 48 54
27 54 85
27 61 49
27 64 68
27 65 95
27 67 71
27 69 16
27 70 97
27 71 98
27 76 74
27 77 47
27 80 97
27 81 29
27 82 31
27 84 83
27 85 74
27 88 25
27 97 74
27 99 35
27 101 38
27 102 68
27 112 76
27 113 94
27 114 64
27 115 22
27 120 62
27 123 47
27 124 51
27 126 59
27 127 58
27 130 43
27 133 80
27 135 19
27 139 72
27 140 28
27 145 2
27 148 18
27 150 44
28 30 46
28 32 71
28 33 71
28 39 83
28 40 79
28 41 8
28 46 90
28 47 67
28 49 56
28 50 38
28 63 98
28 64 2
28 65 56
28 67 55
28 68 41
28 72 3
28 73 69
28 74 53
28 75 25
28 77 39
28 78 29
28 79 58
28 80 15
28 83 32
28 84 16
28 86 84
28 87 2
28 88 37
28 92 1
28 96 98
28 102 54
28 104 22
28 106 53
28 108 18
28 111 67
28 112 48
28 115 12
28 116 33
28 117 80
28 119 19
28 121 61
28 122 28
28 124 9
28 128 62
28 129 7
28 130 38
28 136 17
28 138 39
28 139 25
28 141 40
28 143 54
28 150 99
29 30 19
29 37 54
29 38 71
29 40 44
29 43 8
29 44 20
29 53 38
29 54 11
29 55 50
29 57 53
29 58 31
29 62 38
29 65 12
29 66 2
29 70 24
29 76 75
29 78 78
29 86 88
29 87 54
29 88 76
29 94 67
29 95 24
29 97 41
29 98 52
29 99 56
29 100 54
29 101 27
29 103 87
29 105 84
29 109 21
29 110 6
29 113 43
29 114 88
29 116 98
29 117 100
29 118 87
29 124 36
29 127 81
29 129 17
29 131 9
29 132 68
29 133 31
29 139 25
29 140 11
29 143 68
29 147 53
29 148 11
30 31 31
30 32 65
30 38 16
30 43 4
30 45 48
30 47 67
30 49 81
30 50 19
30 53 90
30 54 62
30 55 8
30 56 59
30 57 12
30 61 32
30 63 85
30 69 81
30 71 75
30 73 41
30 74 27
30 76 63
30 84 3
30 88 86
30 92 14
30 93 93
30 98 51
30 101 91
30 102 78
30 111 26
30 113 13
30 114 44
30 115 40
30 117 92
30 119 76
30 120 59
30 121 34
30 123 13
30 124 41
30 128 61
30 133 19
30 136 52
30 137 39
30 141 63
30 143 53
30 146 65
30 149 63
31 34 80
31 39 61
31 43 76
31 44 9
31 45 83
31 46 46
31 47 58
31 53 36
31 54 47
31 56 56
31 59 82
31 60 100
31 61 56
31 65 34
31 74 76
31 78 71
31 82 50
31 83 57
31 87 19
31 95 51
31 96 86
31 98 34
31 101 13
31 104 20
31 106 5
31 109 62
31 112 35
31 114 31
31 117 63
31 120 84
31 124 69
31 126 59
31 131 79
31 132 94
31 134 1
31 138 20
31 139 46
31 140 15
31 144 13
31 145 55
31 146 7
31 147 30
31 149 81
32 33 12
32 37 14
32 43 71
32 44 68
32 45 29
32 46 5
32 47 89
32 48 54
32 52 39
32 53 27
32 56 3
32 57 92
32 58 37
32 59 10
32 62 33
32 73 13
32 83 31
32 85 34
32 86 62
32 87 70
32 89 34
32 90 1
32 93 81
32 98 31
32 99 17
32 100 64
32 105 60
32 107 3
32 110 8
32 113 80
32 114 17
32 115 6
32 116 86
32 120 61
32 123 46
32 125 86
32 128 30
32 129 48
32 133 24
32 137 85
32 140 20
32 142 17
32 143 55
32 145 21
33 34 93
33 37 28
33 38 93
33 39 60
33 41 82
33 42 68
33 44 8
33 46 1
33 51 98
33 52 7
33 53 46
33 55 57
33 59 62
33 61 67
33 62 43
33 68 92
33 74 60
33 76 28
33 78 29
33 81 77
33 82 92
33 87 32
33 88 60
33 90 63
33 92 89
33 94 60
33 96 73
33 101 24
33 106 95
33 110 67
33 114 48
33 115 6
33 116 76
33 117 36
33 118 89
33 119 57
33 121 78
33 123 18
33 125 54
33 126 32
33 129 44
33 130 93
33 131 29
33 134 37
33 135 12
33 140 34
33 141 73
33 143 47
33 148 93
33 149 88
34 36 8
34 37 64
34 38 25
34 39 48
34 40 87
34 45 71
34 46 15
34 47 1
34 53 90
34 54 7
34 56 61
34 57 87
34 58 33
34 60 14
34 63 45
34 66 56
34 76 51
34 78 13
34 79 12
34 80 99
34 81 14
34 82 63
34 85 11
34 88 70
34 92 95
34 99 17
34 100 80
34 102 52
34 105 8
34 107 69
34 108 99
34 109 45
34 110 69
34 111 86
34 115 25
34 116 57
34 119 47
34 122 78
34 123 17
34 124 59
34 128 67
34 134 86
34 135 76
34 138 77
34 139 42
34 140 7
34 141 55
34 143 70
34 144 74
34 149 35
35 37 83
35 41 29
35 43 56
35 45 27
35 49 88
35 50 61
35 53 32
35 54 57
35 62 81
35 66 27
35 68 48
35 69 83
35 71 52
35 77 59
35 79 54
35 82 41
35 84 75
35 88 52
35 90 3
35 98 48
35 103 87
35 104 57
35 107 6
35 108 54
35 110 3
35 112 97
35 114 90
35 115 5
35 116 94
35 117 55
35 118 26
35 120 22
35 121 68
35 122 39
35 123 88
35 127 1
35 135 65
35 138 38
35 139 73
35 140 99
35 143 92
35 144 38
35 146 86
35 148 84
36 37 90
36 38 92
36 39 84
36 40 3
36 43 49
36 47 79
36 56 99
36 59 15
36 63 22
36 64 30
36 66 47
36 71 55
36 73 34
36 74 2
36 75 26
36 77 15
36 81 5
36 83 56
36 84 4
36 85 10
36 89 43
36 90 50
36 92 72
36 93 61
36 99 47
36 100 45
36 107 39
36 111 49
36 112 49
36 113 72
36 116 58
36 127 79
36 130 62
36 131 31
36 134 75
36 136 37
36 137 53
36 138 99
36 142 93
36 145 1
37 40 93
37 41 84
37 42 78
37 44 71
37 48 2
37 50 58
37 51 26
37 53 66
37 54 9
37 62 13
37 65 65
37 69 95
37 72 45
37 73 7
37 74 60
37 78 27
37 81 8
37 82 82
37 83 57
37 84 80
37 87 44
37 88 18
37 92 80
37 93 95
37 96 83
37 103 34
37 107 17
37 109 71
37 111 54
37 112 100
37 114 83
37 115 12
37 118 2
37 121 13
37 122 5
37 123 8
37 131 44
37 132 37
37 133 13
37 135 42
37 138 19
37 140 28
37 142 76
37 145 35
37 150 44
38 39 40
38 40 17
38 41 68
38 42 38
38 44 92
38 46 89
38 49 56
38 50 64
38 56 90
38 59 83
38 60 61
38 66 72
38 68 26
38 69 29
38 70 11
38 76 73
38 83 100
38 86 11
38 87 60
38 88 67
38 90 49
38 91 44
38 93 16
38 95 46
38 96 46
38 100 17
38 101 99
38 102 74
38 104 37
38 106 8
38 110 73
38 113 21
38 114 18
38 116 94
38 119 12
38 124 26
38 129 74
38 134 99
38 140 10
38 143 49
38 145 58
39 40 21
39 41 67
39 43 65
39 45 10
39 54 74
39 55 31
39 56 71
39 59 100
39 60 87
39 63 14
39 64 94
39 65 24
39 70 72
39 71 31
39 72 41
39 74 78
39 76 59
39 83 64
39 85 29
39 88 69
39 92 76
39 97 57
39 101 93
39 102 38
39 104 50
39 105 11
39 107 23
39 108 93
39 109 40
39 111 87
39 115 8
39 117 85
39 118 48
39 119 31
39 121 37
39 128 5
39 132 61
39 137 75
39 141 44
39 148 42
40 42 96
40 43 54
40 45 20
40 47 55
40 54 27
40 58 83
40 60 12
40 63 9
40 64 46
40 65 6
40 69 9
40 71 12
40 72 6
40 80 86
40 82 13
40 83 26
40 84 13
40 86 91
40 87 36
40 91 31
40 105 32
40 107 50
40 108 98
40 112 100
40 113 20
40 115 62
40 116 45
40 117 65
40 119 45
40 120 31
40 124 92
40 125 58
40 131 65
40 132 21
40 135 47
40 136 28
40 137 85
40 139 93
40 143 65
40 147 37
41 42 27
41 43 63
41 53 36
41 55 45
41 56 52
41 60 9
41 62 5
41 67 34
41 68 79
41 72 80
41 73 52
41 75 51
41 76 47
41 77 91
41 79 54
41 80 36
41 81 63
41 82 39
41 83 34
41 86 43
41 87 1
41 89 90
41 96 80
41 97 37
41 99 93
41 100 25
41 101 93
41 103 77
41 105 86
41 106 87
41 107 51
41 109 15
41 110 69
41 111 92
41 113 61
41 115 49
41 117 57
41 119 65
41 121 66
41 126 3
41 129 70
41 135 69
41 138 73
41 139 91
41 140 80
41 141 85
41 142 85
41 144 7
41 146 98
41 147 31
42 43 18
42 46 11
42 49 63
42 52 70
42 53 2
42 54 3
42 58 60
42 59 38
42 61 45
42 62 21
42 64 89
42 65 50
42 66 46
42 67 17
42 68 32
42 69 55
42 70 24
42 77 77
42 79 51
42 80 93
42 88 59
42 92 77
42 97 65
42 98 6
42 100 36
42 103 87
42 105 31
42 107 27
42 108 74
42 110 23
42 112 25
42 115 23
42 117 63
42 119 100
42 122 87
42 123 3
42 128 63
42 129 11
42 130 89
42 133 79
42 134 60
42 135 57
42 138 48
42 144 77
42 147 9
42 148 11
42 149 52
43 48 81
43 49 50
43 51 50
43 52 92
43 53 97
43 57 73
43 58 30
43 59 31
43 60 26
43 62 85
43 66 72
43 72 48
43 73 14
43 74 27
43 75 59
43 78 64
43 80 46
43 86 27
43 87 28
43 89 51
43 90 7
43 91 43
43 92 57
43 93 88
43 94 59
43 95 98
43 100 58
43 101 5
43 102 42
43 104 17
43 108 24
43 115 9
43 117 23
43 118 27
43 121 98
43 125 12
43 126 90
43 127 85
43 128 97
43 129 99
43 130 87
43 131 26
43 133 54
43 134 93
43 135 71
43 140 3
43 142 87
43 144 88
43 145 6
43 146 30
44 47 85
44 49 79
44 52 43
44 53 59
44 57 45
44 59 3
44 64 96
44 71 100
44 72 67
44 74 82
44 77 79
44 78 89
44 84 52
44 86 3
44 90 46
44 91 18
44 93 33
44 94 76
44 97 75
44 98 2
44 100 16
44 103 16
44 105 58
44 106 47
44 107 6
44 108 71
44 109 73
44 110 76
44 112 94
44 113 57
44 121 45
44 122 53
44 124 40
44 129 63
44 132 58
44 134 80
44 138 90
44 141 34
44 147 93
45 47 37
45 50 95
45 51 4
45 52 90
45 55 87
45 56 78
45 64 38
45 66 21
45 68 55
45 74 42
45 76 6
45 77 43
45 79 4
45 87 18
45 89 62
45 90 44
45 91 6
45 94 95
45 95 48
45 96 38
45 98 92
45 99 72
45 100 94
45 113 16
45 114 93
45 116 10
45 117 71
45 120 72
45 122 89
45 125 75
45 127 79
45 129 8
45 132 93
45 133 72
45 134 78
45 138 36
45 141 33
45 143 63
45 144 3
45 146 10
46 50 41
46 53 16
46 56 91
46 60 4
46 67 85
46 68 17
46 70 100
46 74 95
46 75 67
46 76 24
46 79 62
46 80 23
46 82 34
46 83 27
46 84 69
46 85 61
46 86 21
46 91 73
46 92 43
46 93 5
46 97 7
46 100 92
46 110 42
46 111 41
46 112 18
46 113 76
46 114 31
46 115 23
46 119 1
46 123 48
46 127 69
46 129 63
46 130 54
46 133 78
46 134 93
46 139 95
46 142 42
46 147 100
46 148 29
46 149 4
47 48 92
47 49 56
47 52 39
47 53 91
47 57 26
47 59 22
47 60 92
47 65 12
47 68 49
47 70 39
47 72 17
47 74 71
47 75 91
47 76 16
47 79 48
47 83 32
47 86 50
47 87 27
47 88 59
47 93 92
47 94 63
47 96 50
47 98 52
47 101 84
47 102 34
47 104 69
47 105 45
47 108 8
47 109 94
47 112 77
47 113 56
47 115 63
47 117 40
47 118 23
47 122 49
47 123 46
47 124 58
47 125 85
47 126 9
47 127 96
47 128 46
47 130 80
47 132 86
47 136 39
47 139 93
47 144 36
47 145 34
47 147 65
47 149 73
48 50 41
48 52 36
48 59 90
48 60 36
48 64 7
48 66 45
48 71 5
48 72 10
48 73 50
48 74 11
48 75 44
48 77 95
48 82 23
48 83 76
48 84 18
48 87 4
48 89 28
48 90 49
48 91 6
48 95 37
48 97 29
48 98 99
48 99 97
48 100 47
48 101 5
48 103 28
48 105 43
48 112 16
48 113 28
48 114 76
48 115 73
48 116 74
48 119 22
48 120 61
48 122 82
48 123 45
48 124 46
48 126 54
48 130 65
48 131 67
48 132 59
48 136 78
48 137 54
48 143 41
48 144 87
48 145 3
48 147 80
48 148 45
49 51 56
49 55 9
49 59 82
49 61 43
49 62 36
49 65 93
49 74 81
49 76 78
49 77 70
49 79 80
49 82 68
49 86 10
49 87 2
49 88 73
49 89 4
49 90 41
49 94 27
49 98 68
49 100 72
49 102 21
49 103 22
49 108 90
49 110 61
49 113 40
49 114 60
49 116 12
49 121 46
49 130 1
49 132 65
49 140 48
49 144 5
49 145 32
50 52 98
50 55 87
50 60 73
50 62 59
50 63 33
50 66 59
50 69 35
50 72 17
50 73 87
50 74 2
50 75 81
50 77 83
50 80 51
50 89 26
50 90 35
50 91 7
50 94 31
50 95 46
50 102 70
50 105 55
50 107 45
50 108 26
50 111 98
50 114 83
50 115 19
50 116 54
50 127 77
50 128 33
50 129 76
50 130 65
50 133 73
50 135 41
50 136 72
50 137 14
50 140 12
50 141 49
50 142 79
50 143 39
50 147 15
51 55 22
51 57 38
51 59 20
51 60 80
51 63 36
51 65 48
51 66 46
51 70 53
51 71 21
51 72 85
51 74 78
51 77 15
51 80 33
51 81 80
51 83 9
51 89 82
51 90 68
51 96 3
51 99 20
51 100 39
51 105 10
51 107 49
51 108 66
51 109 54
51 112 87
51 113 26
51 118 18
51 121 62
51 122 86
51 123 95
51 128 42
51 129 76
51 135 30
51 141 83
51 149 53
52 54 75
52 58 82
52 59 43
52 65 27
52 67 15
52 69 24
52 72 54
52 76 15
52 77 35
52 78 57
52 79 62
52 82 3
52 85 5
52 90 4
52 91 16
52 92 46
52 95 45
52 99 72
52 105 67
52 106 27
52 107 17
52 109 78
52 110 99
52 111 84
52 113 74
52 116 54
52 117 73
52 120 60
52 121 10
52 122 18
52 128 45
52 130 41
52 131 84
52 132 26
52 133 28
52 139 66
52 141 5
52 143 21
52 147 41
53 64 21
53 65 92
53 68 94
53 69 74
53 71 60
53 73 99
53 76 34
53 77 47
53 78 43
53 81 75
53 83 27
53 85 88
53 90 8
53 101 78
53 103 41
53 105 61
53 106 13
53 109 27
53 110 32
53 114 55
53 117 77
53 122 80
53 129 63
53 133 48
53 136 77
53 140 9
53 146 4
53 148 81
54 55 9
54 56 43
54 57 41
54 59 69
54 60 36
54 61 76
54 63 41
54 64 28
54 65 38
54 68 61
54 70 95
54 72 45
54 76 75
54 81 86
54 83 12
54 85 2
54 86 71
54 92 2
54 96 89
54 99 61
54 101 60
54 104 97
54 107 61
54 109 66
54 111 80
54 116 100
54 117 29
54 118 26
54 119 78
54 120 56
54 121 16
54 122 99
54 123 49
54 124 12
54 126 55
54 129 95
54 131 20
54 132 57
54 136 57
54 138 63
54 145 70
54 148 55
54 149 81
55 62 34
55 66 13
55 68 27
55 69 80
55 71 30
55 74 9
55 75 60
55 76 91
55 77 26
55 78 58
55 82 55
55 83 21
55 86 41
55 92 14
55 95 2
55 96 36
55 100 91
55 109 47
55 112 25
55 118 58
55 121 22
55 125 6
55 131 89
55 137 86
55 141 69
55 142 53
55 144 17
55 145 35
55 146 15
55 147 83
55 150 44
56 61 79
56 68 49
56 72 53
56 74 3
56 77 67
56 80 32
56 81 92
56 82 3
56 88 39
56 89 10
56 92 3
56 93 66
56 98 33
56 99 80
56 101 32
56 105 63
56 107 5
56 108 21
56 109 48
56 111 63
56 115 38
56 116 77
56 117 46
56 120 46
56 122 100
56 125 7
56 126 86
56 131 39
56 135 53
56 136 91
56 144 55
56 145 28
56 146 76
56 148 53
56 149 69
57 61 58
57 62 63
57 69 5
57 71 54
57 76 95
57 77 35
57 80 64
57 82 79
57 85 49
57 87 28
57 88 9
57 91 55
57 97 32
57 101 62
57 102 14
57 105 15
57 106 21
57 111 59
57 112 60
57 116 30
57 121 37
57 124 85
57 125 12
57 130 5
57 131 86
57 132 57
57 134 100
57 136 78
57 140 80
57 146 55
57 147 77
57 148 80
57 150 93
58 59 3
58 61 52
58 63 83
58 64 40
58 65 86
58 66 57
58 68 79
58 71 24
58 74 17
58 76 4
58 77 37
58 78 87
58 79 45
58 80 43
58 81 71
58 82 92
58 83 95
58 84 65
58 85 59
58 87 60
58 88 37
58 89 100
58 90 27
58 93 28
58 96 54
58 100 89
58 104 91
58 106 86
58 107 88
58 112 50
58 113 31
58 114 89
58 115 58
58 120 6
58 121 43
58 122 5
58 123 26
58 124 6
58 125 91
58 126 16
58 129 1
58 131 36
58 132 72
58 133 77
58 134 93
58 137 72
58 139 3
58 140 40
58 142 66
58 145 86
58 146 16
58 149 4
59 61 3
59 63 67
59 67 33
59 76 48
59 78 34
59 79 47
59 80 61
59 82 58
59 83 1
59 87 18
59 90 95
59 91 33
59 94 33
59 95 77
59 99 4
59 100 47
59 106 2
59 110 78
59 112 38
59 113 96
59 115 62
59 116 83
59 122 66
59 123 60
59 125 36
59 126 74
59 130 48
59 131 90
59 133 71
59 137 94
59 140 10
59 142 19
59 144 87
59 145 87
59 147 92
60 62 24
60 63 56
60 65 95
60 66 78
60 67 67
60 70 23
60 71 25
60 77 29
60 81 19
60 82 89
60 85 50
60 86 46
60 87 82
60 90 57
60 94 48
60 96 68
60 97 19
60 101 89
60 102 30
60 105 22
60 106 24
60 109 94
60 115 19
60 116 5
60 121 3
60 122 71
60 127 43
60 132 37
60 134 63
60 136 72
60 138 47
60 148 69
61 62 53
61 64 55
61 68 68
61 72 68
61 78 7
61 79 60
61 80 72
61 82 58
61 87 17
61 88 14
61 91 85
61 93 9
61 99 70
61 102 72
61 103 65
61 104 14
61 109 36
61 111 14
61 113 70
61 117 48
61 121 5
61 122 87
61 123 49
61 124 1
61 130 21
61 131 49
61 132 74
61 136 78
61 138 83
61 140 93
61 141 18
61 142 55
61 146 33
61 147 28
61 148 90
61 149 32
62 64 8
62 66 33
62 67 77
62 69 49
62 70 10
62 71 14
62 77 11
62 78 53
62 79 33
62 81 97
62 82 13
62 85 86
62 86 24
62 88 9
62 89 16
62 91 39
62 94 46
62 95 16
62 97 57
62 98 70
62 99 50
62 102 13
62 107 7
62 108 67
62 111 47
62 116 42
62 120 4
62 125 69
62 126 62
62 127 17
62 129 22
62 130 16
62 136 32
62 138 100
62 140 40
62 142 93
62 143 10
62 146 1
62 148 60
63 75 19
63 76 52
63 77 3
63 78 64
63 79 77
63 81 26
63 86 27
63 91 25
63 98 22
63 99 14
63 101 97
63 102 54
63 103 30
63 105 26
63 112 25
63 115 68
63 116 19
63 119 84
63 122 84
63 123 14
63 125 63
63 126 94
63 127 18
63 132 44
63 134 36
63 138 38
63 139 16
63 147 75
64 66 79
64 67 98
64 68 82
64 71 10
64 72 56
64 75 57
64 77 10
64 79 37
64 81 32
64 82 61
64 83 65
64 85 49
64 86 59
64 88 29
64 90 42
64 97 12
64 101 58
64 103 9
64 105 89
64 106 36
64 107 63
64 112 80
64 114 51
64 115 37
64 116 70
64 119 65
64 121 73
64 122 47
64 126 17
64 132 33
64 133 15
64 141 95
64 147 43
65 66 50
65 72 100
65 73 3
65 74 73
65 76 2
65 79 97
65 81 93
65 83 31
65 87 99
65 89 95
65 90 68
65 93 27
65 95 18
65 96 39
65 102 25
65 107 40
65 111 4
65 116 38
65 117 8
65 119 97
65 120 54
65 122 44
65 126 9
65 127 1
65 131 12
65 132 37
65 133 90
65 134 36
65 137 54
65 139 74
65 140 85
65 142 65
65 144 83
65 146 52
65 147 40
65 149 90
66 69 99
66 76 91
66 77 22
66 82 87
66 83 52
66 86 50
66 88 17
66 89 49
66 91 34
66 92 50
66 94 47
66 95 77
66 97 73
66 103 23
66 104 77
66 106 36
66 110 92
66 112 64
66 117 91
66 120 70
66 121 56
66 124 51
66 125 64
66 126 90
66 132 18
66 134 94
66 136 67
66 141 62
66 148 53
66 150 64
67 68 84
67 69 32
67 70 90
67 71 97
67 75 45
67 78 16
67 79 69
67 80 73
67 82 70
67 86 38
67 87 46
67 88 76
67 89 73
67 94 3
67 95 29
67 96 84
67 101 68
67 102 57
67 125 85
67 127 98
67 130 63
67 133 39
67 135 18
67 142 48
67 143 86
67 144 8
67 145 52
67 146 24
67 147 16
67 148 23
67 149 32
68 70 72
68 72 85
68 75 45
68 78 66
68 82 95
68 86 86
68 88 97
68 92 57
68 93 56
68 94 46
68 96 21
68 97 8
68 98 14
68 99 22
68 100 18
68 101 9
68 103 68
68 104 29
68 105 75
68 107 96
68 111 51
68 112 31
68 114 69
68 120 56
68 126 37
68 130 61
68 134 79
68 135 8
68 136 57
68 140 5
68 141 67
68 145 27
69 70 35
69 78 9
69 79 17
69 85 72
69 88 6
69 89 48
69 90 40
69 99 67
69 100 29
69 108 40
69 111 87
69 114 75
69 115 54
69 119 35
69 120 33
69 122 25
69 123 20
69 124 29
69 128 89
69 130 76
69 131 99
69 132 56
69 133 96
69 134 2
69 137 51
69 142 73
69 143 9
69 144 97
69 146 7
70 73 28
70 74 67
70 75 92
70 78 97
70 79 91
70 81 62
70 85 20
70 87 40
70 91 61
70 92 25
70 93 56
70 96 84
70 105 87
70 107 28
70 108 2
70 110 17
70 111 13
70 112 76
70 114 63
70 115 84
70 121 67
70 128 22
70 129 86
70 131 75
70 135 25
70 139 58
70 141 26
70 142 45
70 143 76
70 145 66
70 146 93
70 147 10
70 148 83
70 150 15
71 74 17
71 76 10
71 79 44
71 80 25
71 81 99
71 89 76
71 96 42
71 102 88
71 104 85
71 105 1
71 106 18
71 107 56
71 115 90
71 119 46
71 124 70
71 126 34
71 128 14
71 130 2
71 133 23
71 134 22
71 136 23
71 137 26
71 140 18
71 143 70
72 76 79
72 77 56
72 80 56
72 81 23
72 82 5
72 84 68
72 88 20
72 95 10
72 97 1
72 101 35
72 102 92
72 105 4
72 107 33
72 118 42
72 119 29
72 120 28
72 123 67
72 124 66
72 125 35
72 127 37
72 128 27
72 134 35
72 135 66
72 136 51
72 139 91
72 140 20
72 144 68
72 150 6
73 74 100
73 75 16
73 77 31
73 78 10
73 81 35
73 83 66
73 90 7
73 93 50
73 96 63
73 97 37
73 98 46
73 100 84
73 101 72
73 103 71
73 108 23
73 113 69
73 122 11
73 125 75
73 126 26
73 129 81
73 130 22
73 133 98
73 134 28
73 135 65
73 136 21
73 138 23
73 140 67
73 141 29
73 143 34
73 149 42
74 76 34
74 77 32
74 78 73
74 83 27
74 85 61
74 89 2
74 91 60
74 94 85
74 95 37
74 97 40
74 98 26
74 99 10
74 100 97
74 106 13
74 107 2
74 112 34
74 114 95
74 116 39
74 120 71
74 121 53
74 122 76
74 125 57
74 126 72
74 133 12
74 136 98
74 137 46
74 138 47
74 142 13
74 144 32
74 146 43
74 147 79
74 149 68
75 76 93
75 77 82
75 78 24
75 81 28
75 84 43
75 86 60
75 89 41
75 90 98
75 93 80
75 94 27
75 95 69
75 96 21
75 98 57
75 100 39
75 101 75
75 102 52
75 112 96
75 113 64
75 114 90
75 118 24
75 120 89
75 121 75
75 129 58
75 130 16
75 131 31
75 135 79
75 136 34
75 137 37
75 139 26
75 144 75
75 150 15
76 77 56
76 80 94
76 81 20
76 99 8
76 101 15
76 104 35
76 110 38
76 115 7
76 124 69
76 126 92
76 127 5
76 129 81
76 130 67
76 133 86
76 136 90
76 141 57
76 145 79
76 149 9
76 150 44
77 78 2
77 83 12
77 86 69
77 87 41
77 90 8
77 93 3
77 96 40
77 97 17
77 98 97
77 100 94
77 103 21
77 108 47
77 110 71
77 111 10
77 114 27
77 117 72
77 119 43
77 122 92
77 124 10
77 126 37
77 130 87
77 139 45
77 140 87
77 141 70
77 143 28
77 144 99
77 145 17
77 146 83
77 150 15
78 79 50
78 82 44
78 84 70
78 89 40
78 90 31
78 92 9
78 94 13
78 97 8
78 99 57
78 103 42
78 104 43
78 107 91
78 110 52
78 112 10
78 115 88
78 116 28
78 117 46
78 119 82
78 120 90
78 121 43
78 123 50
78 135 92
78 143 100
78 145 74
78 147 7
78 149 70
79 81 14
79 82 83
79 84 92
79 87 24
79 90 93
79 91 25
79 94 70
79 98 18
79 102 81
79 103 55
79 106 79
79 107 37
79 108 24
79 111 3
79 114 94
79 116 85
79 118 68
79 120 86
79 125 5
79 127 22
79 129 30
79 130 21
79 132 38
79 133 70
79 137 22
79 139 79
79 140 93
79 141 28
79 146 86
79 147 100
80 81 85
80 83 95
80 85 15
80 88 66
80 89 52
80 90 7
80 93 37
80 95 17
80 99 30
80 101 93
80 103 63
80 105 78
80 111 37
80 112 88
80 113 2
80 118 2
80 119 77
80 121 97
80 122 49
80 124 89
80 125 15
80 129 14
80 134 96
80 135 71
80 137 11
80 146 93
80 147 1
80 148 32
81 86 2
81 89 41
81 91 93
81 93 52
81 94 91
81 97 73
81 104 39
81 106 84
81 108 20
81 113 58
81 123 40
81 126 19
81 128 49
81 129 42
81 131 37
81 133 99
81 135 59
81 137 30
81 141 92
81 142 66
81 145 92
81 149 24
81 150 72
82 83 50
82 85 19
82 86 28
82 87 4
82 88 85
82 93 95
82 102 65
82 104 66
82 106 88
82 107 33
82 108 27
82 112 58
82 114 46
82 115 3
82 127 64
82 133 32
82 135 84
82 141 19
82 142 37
82 145 53
83 86 73
83 89 8
83 94 11
83 97 14
83 98 50
83 99 40
83 101 24
83 102 68
83 105 53
83 106 2
83 108 8
83 110 64
83 116 63
83 117 88
83 119 39
83 121 1
83 122 60
83 123 56
83 124 19
83 129 92
83 130 63
83 131 20
83 133 62
83 134 19
83 135 70
83 140 54
83 142 45
83 143 66
83 146 72
83 147 88
84 85 38
84 91 44
84 92 91
84 96 53
84 98 84
84 100 6
84 101 48
84 104 43
84 105 86
84 106 37
84 107 52
84 108 31
84 109 24
84 115 36
84 119 100
84 122 50
84 127 13
84 129 9
84 131 87
84 134 45
84 135 98
84 137 49
84 141 48
84 143 58
84 145 37
84 146 22
84 148 85
84 149 97
85 90 51
85 91 99
85 92 9
85 93 79
85 94 29
85 97 14
85 99 62
85 101 29
85 106 50
85 107 11
85 110 24
85 113 28
85 117 70
85 119 87
85 128 86
85 129 96
85 130 12
85 131 15
85 132 95
85 136 18
85 139 85
85 140 17
85 141 97
85 145 40
85 148 96
86 90 59
86 91 1
86 93 89
86 96 95
86 97 56
86 100 79
86 102 53
86 105 95
86 108 14
86 112 85
86 113 37
86 117 56
86 118 87
86 119 8
86 122 11
86 124 60
86 125 18
86 130 3
86 131 68
86 136 77
86 137 73
86 143 64
87 89 27
87 92 87
87 97 68
87 100 37
87 101 19
87 103 43
87 110 24
87 112 68
87 114 21
87 118 89
87 120 94
87 124 73
87 125 90
87 126 58
87 128 26
87 130 11
87 132 34
87 134 73
87 135 59
87 139 34
87 142 84
87 148 79
87 150 32
88 92 16
88 94 8
88 95 42
88 98 16
88 99 96
88 100 91
88 101 62
88 102 62
88 108 11
88 110 90
88 111 2
88 112 87
88 113 1
88 115 12
88 118 100
88 124 22
88 125 7
88 129 43
88 130 89
88 132 99
88 137 4
88 141 86
88 142 74
88 144 39
89 90 94
89 91 7
89 96 84
89 97 54
89 98 86
89 109 100
89 110 58
89 111 6
89 112 81
89 114 53
89 116 17
89 120 53
89 122 96
89 123 23
89 124 30
89 125 82
89 129 37
89 133 69
89 134 31
89 135 36
89 139 25
89 143 62
89 144 68
89 146 64
89 150 46
90 91 52
90 93 90
90 95 8
90 100 31
90 102 72
90 107 17
90 108 9
90 117 7
90 118 70
90 119 23
90 123 76
90 124 23
90 125 12
90 127 14
90 128 87
90 131 37
90 134 23
90 136 75
90 137 50
90 138 54
90 139 63
90 140 32
90 141 66
90 143 86
90 144 98
90 145 29
90 147 61
91 95 10
91 97 94
91 102 51
91 103 50
91 105 64
91 106 83
91 109 49
91 112 20
91 114 14
91 116 47
91 121 55
91 122 80
91 129 97
91 132 27
91 133 29
91 134 48
91 135 17
91 136 27
91 139 35
91 142 16
91 143 100
91 146 19
91 149 81
92 93 16
92 95 52
92 97 99
92 98 73
92 99 9
92 100 84
92 103 77
92 104 22
92 107 62
92 109 93
92 112 35
92 116 31
92 117 57
92 118 96
92 121 16
92 122 19
92 123 46
92 129 63
92 131 1
92 132 74
92 134 31
92 136 29
92 137 90
92 138 42
92 139 91
92 141 8
92 142 66
92 150 83
93 95 93
93 98 11
93 101 36
93 102 67
93 105 20
93 107 28
93 108 68
93 110 78
93 111 48
93 112 18
93 113 22
93 119 31
93 122 55
93 123 93
93 124 23
93 127 45
93 128 10
93 130 88
93 131 80
93 132 35
93 138 73
93 139 51
93 143 7
93 145 29
93 146 98
93 147 36
93 148 51
94 96 63
94 97 40
94 99 88
94 100 40
94 105 74
94 106 13
94 107 72
94 115 36
94 116 59
94 118 53
94 122 42
94 125 67
94 127 64
94 132 67
94 133 53
94 136 15
94 141 91
94 143 37
94 145 26
94 146 53
94 148 93
94 149 57
94 150 49
95 96 39
95 98 23
95 100 37
95 102 94
95 104 52
95 109 8
95 110 44
95 113 82
95 114 43
95 115 95
95 116 6
95 118 68
95 119 9
95 121 52
95 124 93
95 125 57
95 126 97
95 135 39
95 143 98
95 146 58
95 148 65
95 150 33
96 98 72
96 99 4
96 103 89
96 104 25
96 105 59
96 108 90
96 111 55
96 112 23
96 116 78
96 119 21
96 120 64
96 122 92
96 123 10
96 124 53
96 125 18
96 127 25
96 129 75
96 131 19
96 135 4
96 136 13
96 137 25
96 138 7
96 142 20
96 143 61
96 150 3
97 98 59
97 100 42
97 103 92
97 104 21
97 105 28
97 111 55
97 112 83
97 114 31
97 115 98
97 116 54
97 117 70
97 118 61
97 122 54
97 124 7
97 125 31
97 127 24
97 134 15
97 135 87
97 137 47
97 143 29
97 146 30
97 148 20
97 150 67
98 101 76
98 102 51
98 103 18
98 105 85
98 106 95
98 107 44
98 110 11
98 111 64
98 113 61
98 117 7
98 119 48
98 121 29
98 124 58
98 128 94
98 129 30
98 131 20
98 134 40
98 135 59
98 138 9
98 143 7
98 144 92
98 146 77
98 147 17
98 148 89
99 100 25
99 101 35
99 105 55
99 106 81
99 107 24
99 109 26
99 113 92
99 119 84
99 120 15
99 123 51
99 125 11
99 127 45
99 132 66
99 133 55
99 134 25
99 135 22
99 139 73
99 140 3
99 145 65
99 148 19
99 149 66
100 104 93
100 110 47
100 113 91
100 114 81
100 121 5
100 128 83
100 133 47
100 135 49
100 137 60
100 139 24
100 140 96
100 146 42
100 147 45
100 148 4
100 149 17
100 150 4
101 106 70
101 107 64
101 108 75
101 110 67
101 112 13
101 114 28
101 115 87
101 117 90
101 119 4
101 120 60
101 122 25
101 124 15
101 125 58
101 128 50
101 132 12
101 133 86
101 136 11
101 140 6
101 145 31
101 146 88
101 147 61
102 105 83
102 106 68
102 112 79
102 113 10
102 114 53
102 117 93
102 118 29
102 119 33
102 120 30
102 122 8
102 124 26
102 128 79
102 131 81
102 133 17
102 135 71
102 136 24
102 137 91
102 140 80
102 141 85
102 143 44
102 146 83
102 149 99
103 106 24
103 109 87
103 111 49
103 115 25
103 118 33
103 119 2
103 121 44
103 123 63
103 127 16
103 129 43
103 130 98
103 131 39
103 135 84
103 136 12
103 138 78
103 140 55
103 142 68
103 143 26
104 107 64
104 109 1
104 110 86
104 112 57
104 115 11
104 117 98
104 119 4
104 129 88
104 131 42
104 132 83
104 142 76
104 143 20
104 150 91
105 106 65
105 108 50
105 109 78
105 113 62
105 117 57
105 120 44
105 121 32
105 123 34
105 125 59
105 127 58
105 129 93
105 133 29
105 135 77
105 137 29
105 142 34
105 143 11
105 145 52
105 149 24
106 108 87
106 112 42
106 113 81
106 117 16
106 118 12
106 123 38
106 125 97
106 128 40
106 129 69
106 132 8
106 138 69
106 139 59
106 140 86
106 141 63
106 142 15
106 143 67
106 144 2
106 146 48
106 148 10
107 112 48
107 115 36
107 121 17
107 122 56
107 127 22
107 130 46
107 132 55
107 137 99
107 139 75
107 142 38
107 147 68
107 148 61
108 111 77
108 112 14
108 113 95
108 114 8
108 115 59
108 117 21
108 122 17
108 123 50
108 124 31
108 128 29
108 130 40
108 132 60
108 136 21
108 137 50
108 140 19
108 141 68
108 144 28
108 149 4
109 110 44
109 111 74
109 113 20
109 115 9
109 116 53
109 119 45
109 120 81
109 121 37
109 123 90
109 125 26
109 128 97
109 130 12
109 132 80
109 136 13
109 137 30
109 141 35
110 113 55
110 114 52
110 115 10
110 117 79
110 121 94
110 125 47
110 126 29
110 130 20
110 132 95
110 133 38
110 134 99
110 135 51
110 140 15
110 143 92
110 144 30
110 146 77
110 147 79
110 150 43
111 112 99
111 115 93
111 117 43
111 121 55
111 123 32
111 125 38
111 128 59
111 129 85
111 134 43
111 136 71
111 137 60
111 146 43
111 149 3
112 114 4
112 115 61
112 116 97
112 121 58
112 124 70
112 126 75
112 127 16
112 128 55
112 130 26
112 133 6
112 135 53
112 137 28
112 138 46
112 140 7
112 145 37
112 146 78
112 147 54
113 115 7
113 120 62
113 122 58
113 123 66
113 124 82
113 126 61
113 130 50
113 133 95
113 136 90
113 139 34
113 140 12
113 141 82
113 144 2
113 149 31
114 121 59
114 122 29
114 123 23
114 132 47
114 135 93
114 137 10
114 138 75
114 142 49
114 144 82
114 148 50
114 150 19
115 117 88
115 118 4
115 120 76
115 122 21
115 123 18
115 124 51
115 125 81
115 133 44
115 134 43
115 142 92
115 145 4
115 146 38
115 147 16
116 117 86
116 118 49
116 121 96
116 122 50
116 123 33
116 125 38
116 126 55
116 127 63
116 128 25
116 129 60
116 132 81
116 135 59
116 136 45
116 138 18
116 141 7
116 144 35
116 147 50
116 150 29
117 120 9
117 122 13
117 123 44
117 124 77
117 126 82
117 127 25
117 129 10
117 130 44
117 131 3
117 133 11
117 134 83
117 135 71
117 140 62
117 141 79
117 145 17
117 147 6
117 150 77
118 120 56
118 121 95
118 126 64
118 130 91
118 131 33
118 134 6
118 135 22
118 136 30
118 137 17
118 144 42
118 146 40
118 147 95
119 122 83
119 125 52
119 128 2
119 133 46
119 134 100
119 139 89
119 144 2
119 146 20
119 148 47
119 149 75
120 121 51
120 127 86
120 129 78
120 131 55
120 133 60
120 136 16
120 139 5
120 143 67
120 144 19
120 147 2
120 148 60
120 149 28
120 150 30
121 126 60
121 128 63
121 134 92
121 136 96
121 139 68
121 140 81
121 143 51
121 144 49
121 145 85
121 146 100
121 147 96
121 148 88
122 123 96
122 124 48
122 125 50
122 126 94
122 127 68
122 128 54
122 131 56
122 132 13
122 133 23
122 134 77
122 143 89
122 145 68
122 149 28
122 150 37
123 126 24
123 127 35
123 128 22
123 134 76
123 135 38
123 136 51
123 142 66
123 145 14
123 147 76
123 148 62
123 150 67
124 126 6
124 133 76
124 141 25
124 142 5
124 143 49
124 145 36
124 147 45
124 148 19
124 149 48
125 126 96
125 131 32
125 133 10
125 141 36
125 146 20
125 150 46
126 129 26
126 130 5
126 137 70
126 140 13
126 141 64
126 142 93
126 143 73
126 145 45
126 147 57
126 148 51
127 128 38
127 132 38
127 133 85
127 134 67
127 135 74
127 136 46
127 137 30
127 138 26
127 139 93
127 140 38
127 141 86
127 142 78
127 143 89
127 149 89
127 150 79
128 129 59
128 130 4
128 140 56
128 141 45
128 142 43
128 146 99
128 148 45
129 130 88
129 132 79
129 135 48
129 139 47
129 140 95
129 142 56
129 144 42
129 145 72
129 146 57
129 149 36
129 150 74
130 135 85
130 137 64
130 140 72
130 143 11
130 146 88
130 147 88
130 149 72
131 133 92
131 135 44
131 138 12
131 140 85
131 141 70
131 145 43
131 146 70
131 147 37
131 148 95
131 150 24
132 135 79
132 136 33
132 145 86
132 147 95
132 148 15
133 135 3
133 136 83
133 137 29
133 141 74
133 142 31
133 144 32
133 145 52
133 146 94
133 148 23
133 150 82
134 135 91
134 142 67
134 145 79
135 137 25
135 139 34
135 141 56
135 142 49
135 143 77
135 149 58
136 137 43
136 141 25
136 142 54
136 143 78
136 145 41
136 146 75
136 147 93
136 148 54
136 149 39
137 138 18
137 142 76
137 147 62
137 149 72
138 142 71
138 145 31
138 149 52
139 140 65
139 148 14
139 149 28
140 141 14
140 142 15
140 144 67
140 145 1
140 147 68
141 142 34
141 143 98
141 144 86
141 145 70
141 148 50
142 143 38
142 144 32
142 145 25
142 149 77
143 144 50
143 147 11
144 146 13
145 146 65
145 149 72
146 147 54
146 148 71
147 148 18
148 149 11
148 150 48
149 150 78
1 4 33
1 8 3
1 11 9
1 14 2
1 17 51
1 20 55
1 28 85
1 30 66
1 31 29
1 32 23
1 35 6
1 36 37
1 39 21
1 40 69
1 43 30
1 45 66
1 47 85
1 49 94
1 58 72
1 59 21
1 60 90
1 61 35
1 64 43
1 66 41
1 71 79
1 73 61
1 76 10
1 79 42
1 81 27
1 85 97
1 87 35
1 88 66
1 89 36
1 90 62
1 96 19
1 97 13
1 98 53
1 99 14
1 102 30
1 104 41
1 108 46
1 109 86
1 114 90
1 115 68
1 117 39
1 118 23
1 123 22
1 127 61
1 128 9
1 129 63
1 134 89
1 140 33
1 142 94
1 144 98
1 145 62
1 148 68
2 3 63
2 6 33
2 7 97
2 8 1
2 9 91
2 12 72
2 20 5
2 25 83
2 27 26
2 28 58
2 30 64
2 32 54
2 33 89
2 34 43
2 36 68
2 37 90
2 40 94
2 44 99
2 49 70
2 52 64
2 56 66
2 61 53
2 64 22
2 66 2
2 68 67
2 75 16
2 76 75
2 80 84
2 81 40
2 82 80
2 85 2
2 86 28
2 95 48
2 97 40
2 104 99
2 108 41
2 109 83
2 110 66
2 113 67
2 115 37
2 116 88
2 117 95
2 119 83
2 121 44
2 122 53
2 123 52
2 124 76
2 127 58
2 128 60
2 132 1
2 133 11
2 134 99
2 139 70
2 146 26
2 147 73
2 148 31
3 5 5
3 7 1
3 8 54
3 11 85
3 13 34
3 14 76
3 16 72
3 22 6
3 24 68
3 25 69
3 26 32
3 27 48
3 28 88
3 29 41
3 33 56
3 35 36
3 38 28
3 40 36
3 43 10
3 44 37
3 48 27
3 49 7
3 50 9
3 53 72
3 54 77
3 63 33
3 64 1
3 65 15
3 67 12
3 68 27
3 69 67
3 70 41
3 71 84
3 74 44
3 75 23
3 78 83
3 79 35
3 80 8
3 88 47
3 90 9
3 91 58
3 92 83
3 94 39
3 96 63
3 102 80
3 103 29
3 109 10
3 110 91
3 112 4
3 113 90
3 117 49
3 118 59
3 120 16
3 121 45
3 124 65
3 125 67
3 129 69
3 133 77
3 135 61
3 136 11
3 138 80
3 140 7
3 141 36
3 144 88
4 9 72
4 13 13
4 14 70
4 16 15
4 20 13
4 26 99
4 27 71
4 29 44
4 30 95
4 31 82
4 33 49
4 35 27
4 41 42
4 45 79
4 49 75
4 50 66
4 51 34
4 52 91
4 53 20
4 57 26
4 58 6
4 60 13
4 61 92
4 62 15
4 63 62
4 64 44
4 65 28
4 66 41
4 67 18
4 70 24
4 74 55
4 75 93
4 78 83
4 79 76
4 81 28
4 82 7
4 84 34
4 85 37
4 87 75
4 88 86
4 92 87
4 93 88
4 94 4
4 99 81
4 100 63
4 102 2
4 105 59
4 107 89
4 108 17
4 109 71
4 110 52
4 112 25
4 115 21
4 116 99
4 117 32
4 121 2
4 124 12
4 126 23
4 130 93
4 131 90
4 135 75
4 136 35
4 137 95
4 138 33
4 139 97
4 144 12
4 145 75
4 146 18
4 149 33
4 150 89
5 9 23
5 10 2
5 11 49
5 12 70
5 14 1
5 15 78
5 16 76
5 18 59
5 19 31
5 20 33
5 21 53
5 22 46
5 23 38
5 25 6
5 27 2
5 29 66
5 32 61
5 36 30
5 37 82
5 39 56
5 41 78
5 44 86
5 46 46
5 48 38
5 53 39
5 54 94
5 56 14
5 58 1
5 64 20
5 65 96
5 66 87
5 67 3
5 71 27
5 77 4
5 78 31
5 79 50
5 80 30
5 82 20
5 85 60
5 88 33
5 89 36
5 93 49
5 94 20
5 96 36
5 97 19
5 98 95
5 102 22
5 106 19
5 109 13
5 110 44
5 111 90
5 118 57
5 120 41
5 121 21
5 123 28
5 126 10
5 131 47
5 133 20
5 134 72
5 135 4
5 137 70
5 140 32
5 143 91
5 145 26
5 147 91
6 8 5
6 9 31
6 10 11
6 12 56
6 14 23
6 18 64
6 22 87
6 28 79
6 34 58
6 36 79
6 38 27
6 41 1
6 48 71
6 53 50
6 55 89
6 56 49
6 62 44
6 63 60
6 64 77
6 71 3
6 73 80
6 75 5
6 78 54
6 79 31
6 82 79
6 83 62
6 85 85
6 86 63
6 89 89
6 90 81
6 92 55
6 96 19
6 99 75
6 100 35
6 103 86
6 104 44
6 105 79
6 106 42
6 110 93
6 111 52
6 114 69
6 115 100
6 117 6
6 118 23
6 122 70
6 123 1
6 128 48
6 129 94
6 130 8
6 133 64
6 135 38
6 138 99
6 139 35
6 140 14
6 141 63
6 142 52
6 143 98
6 146 41
6 149 13
7 10 89
7 15 47
7 16 11
7 18 49
7 20 6
7 23 3
7 27 47
7 29 90
7 32 88
7 34 63
7 40 72
7 42 38
7 43 52
7 47 15
7 48 97
7 51 59
7 54 20
7 56 56
7 57 97
7 58 99
7 59 16
7 62 40
7 63 41
7 64 67
7 68 45
7 70 64
7 73 77
7 76 36
7 79 30
7 83 37
7 90 72
7 93 52
7 97 41
7 98 35
7 99 33
7 100 81
7 101 93
7 102 72
7 103 20
7 107 40
7 108 86
7 111 87
7 112 6
7 114 40
7 115 94
7 117 57
7 119 28
7 120 65
7 121 72
7 125 30
7 126 7
7 127 32
7 128 84
7 129 58
7 134 10
7 137 18
7 142 94
7 144 18
7 147 62
7 149 63
8 14 61
8 17 89
8 18 37
8 19 84
8 22 99
8 23 19
8 26 2
8 28 7
8 30 50
8 31 6
8 32 91
8 33 82
8 35 55
8 36 87
8 41 65
8 42 21
8 46 1
8 50 32
8 51 14
8 52 90
8 53 33
8 55 22
8 60 70
8 61 22
8 62 53
8 64 56
8 66 7
8 69 12
8 71 85
8 73 31
8 74 5
8 76 3
8 82 1
8 84 68
8 86 51
8 87 72
8 89 97
8 95 91
8 100 90
8 101 93
8 102 49
8 103 26
8 104 81
8 106 94
8 111 25
8 112 21
8 114 73
8 117 10
8 123 84
8 125 30
8 131 81
8 134 73
8 142 27
8 145 35
8 146 92
8 149 28
8 150 35
9 10 81
9 12 89
9 22 19
9 23 14
9 25 94
9 29 90
9 30 99
9 32 59
9 34 64
9 36 61
9 37 8
9 38 54
9 39 48
9 41 46
9 42 4
9 43 96
9 44 6
9 45 98
9 49 54
9 50 68
9 51 76
9 54 80
9 55 17
9 56 69
9 58 29
9 61 9
9 63 4
9 68 86
9 78 16
9 85 29
9 88 90
9 91 78
9 95 1
9 99 6
9 103 1
9 104 54
9 106 79
9 111 50
9 115 20
9 120 96
9 122 53
9 123 28
9 126 38
9 127 84
9 128 87
9 130 46
9 132 51
9 134 39
9 137 99
9 138 56
9 141 27
9 142 90
9 143 38
9 144 88
9 148 36
10 11 77
10 13 19
10 15 3
10 17 66
10 18 1
10 21 55
10 27 83
10 28 11
10 29 52
10 32 61
10 35 97
10 36 16
10 37 26
10 46 21
10 50 51
10 52 85
10 57 87
10 61 77
10 65 68
10 68 61
10 73 4
10 75 64
10 76 16
10 79 61
10 83 33
10 85 98
10 86 26
10 88 33
10 93 59
10 94 83
10 97 79
10 99 80
10 102 69
10 105 7
10 108 23
10 109 11
10 110 11
10 111 24
10 112 96
10 113 9
10 114 54
10 118 26
10 119 31
10 121 50
10 122 75
10 125 52
10 126 58
10 127 50
10 128 61
10 129 25
10 135 23
10 138 95
10 142 34
10 144 97
10 147 25
10 148 68
10 149 19
10 150 59
11 12 74
11 14 20
11 15 17
11 20 27
11 24 41
11 27 98
11 30 33
11 33 37
11 35 77
11 36 36
11 37 54
11 46 11
11 48 41
11 49 54
11 53 78
11 57 98
11 60 92
11 62 51
11 63 59
11 65 25
11 66 77
11 67 99
11 69 35
11 71 25
11 73 29
11 74 70
11 75 28
11 76 90
11 80 86
11 81 84
11 82 69
11 84 88
11 86 85
11 90 71
11 96 21
11 97 16
11 103 74
11 108 97
11 112 72
11 113 40
11 118 85
11 119 66
11 120 12
11 123 55
11 125 53
11 126 49
11 127 74
11 128 56
11 129 21
11 131 35
11 132 36
11 133 16
11 134 72
11 136 39
11 138 21
11 139 34
11 142 93
11 145 18
11 146 48
11 149 2
11 150 61
12 13 98
12 14 87
12 19 95
12 20 32
12 24 78
12 25 57
12 26 35
12 28 63
12 30 13
12 32 28
12 33 38
12 36 26
12 37 75
12 40 63
12 42 55
12 43 66
12 45 72
12 47 94
12 49 52
12 52 27
12 53 63
12 55 55
12 58 62
12 62 6
12 63 27
12 66 96
12 68 13
12 69 45
12 74 57
12 76 34
12 77 1
12 78 83
12 79 4
12 81 85
12 82 95
12 84 95
12 85 63
12 88 74
12 89 5
12 94 85
12 96 56
12 101 70
12 109 48
12 110 40
12 111 58
12 118 82
12 122 96
12 123 59
12 124 54
12 125 85
12 127 24
12 129 23
12 130 90
12 133 94
12 143 89
12 144 98
12 145 80
12 146 46
12 148 72
13 19 57
13 22 46
13 23 1
13 25 7
13 26 29
13 29 97
13 35 64
13 37 62
13 39 69
13 43 83
13 45 95
13 48 93
13 54 38
13 56 33
13 58 78
13 59 61
13 61 23
13 62 41
13 64 29
13 66 88
13 71 94
13 72 44
13 74 28
13 76 79
13 78 66
13 80 11
13 90 41
13 92 44
13 95 66
13 96 77
13 103 75
13 105 28
13 106 75
13 107 13
13 111 20
13 112 33
13 117 24
13 119 90
13 123 66
13 125 84
13 126 8
13 128 90
13 131 79
13 132 93
13 134 27
13 138 52
13 140 10
13 142 34
13 144 46
13 145 75
13 147 94
14 15 2
14 17 65
14 19 46
14 23 30
14 24 15
14 25 54
14 27 15
14 29 38
14 31 91
14 33 28
14 37 9
14 38 54
14 39 93
14 40 83
14 42 21
14 43 1
14 44 4
14 45 14
14 46 34
14 49 26
14 52 78
14 53 66
14 54 77
14 56 44
14 58 68
14 64 12
14 68 52
14 70 6
14 73 14
14 74 12
14 75 77
14 77 94
14 79 67
14 81 97
14 84 10
14 85 63
14 88 95
14 97 21
14 101 16
14 105 2
14 106 37
14 108 7
14 109 41
14 114 75
14 115 93
14 117 22
14 118 76
14 120 53
14 121 4
14 124 24
14 126 22
14 129 23
14 130 28
14 133 76
14 134 74
14 135 50
14 136 31
14 137 46
14 138 51
14 141 4
14 142 74
14 146 42
14 148 2
14 149 47
14 150 77
15 16 22
15 17 21
15 21 66
15 22 96
15 27 47
15 31 60
15 32 61
15 34 2
15 36 88
15 38 16
15 39 80
15 40 47
15 41 94
15 42 81
15 44 20
15 47 94
15 48 32
15 49 74
15 51 80
15 53 37
15 55 75
15 57 39
15 62 24
15 65 31
15 69 60
15 71 35
15 72 67
15 73 100
15 74 83
15 78 55
15 82 63
15 83 97
15 84 36
15 86 46
15 87 4
15 88 57
15 89 76
15 91 19
15 99 38
15 100 60
15 101 17
15 103 85
15 105 54
15 107 100
15 111 31
15 113 65
15 114 13
15 115 21
15 117 79
15 119 62
15 125 32
15 128 32
15 129 82
15 131 37
15 134 39
15 135 56
15 139 92
15 140 26
15 141 28
15 144 42
15 146 80
15 150 77
16 22 41
16 24 55
16 27 75
16 31 55
16 33 82
16 38 7
16 39 69
16 40 12
16 43 70
16 45 27
16 46 48
16 47 53
16 48 15
16 49 58
16 50 49
16 53 90
16 54 24
16 55 8
16 56 6
16 58 92
16 61 64
16 62 73
16 63 73
16 64 17
16 65 11
16 66 8
16 70 92
16 71 24
16 77 12
16 79 68
16 80 62
16 87 58
16 89 60
16 90 34
16 91 47
16 94 66
16 96 30
16 97 28
16 100 73
16 101 49
16 102 81
16 103 49
16 109 17
16 112 75
16 113 77
16 115 53
16 118 48
16 119 89
16 124 24
16 129 53
16 130 48
16 134 2
16 135 17
16 136 36
16 137 85
16 138 83
16 140 33
16 141 21
16 142 98
16 143 14
16 145 5
16 146 97
16 148 40
16 149 53
16 150 13
17 18 9
17 19 33
17 22 25
17 23 57
17 25 50
17 27 51
17 30 97
17 32 38
17 34 65
17 35 68
17 36 73
17 37 93
17 38 39
17 40 64
17 45 50
17 50 14
17 51 1
17 53 52
17 55 41
17 56 40
17 57 1
17 65 11
17 66 57
17 67 72
17 70 1
17 71 74
17 78 37
17 80 24
17 82 9
17 85 93
17 86 65
17 88 61
17 89 22
17 92 3
17 93 27
17 96 19
17 97 20
17 98 83
17 103 72
17 104 35
17 106 10
17 110 9
17 111 92
17 115 91
17 116 46
17 117 22
17 119 99
17 120 78
17 121 91
17 122 62
17 123 100
17 138 40
17 140 55
17 142 12
17 143 28
17 144 63
17 146 86
17 147 66
17 148 52
17 150 48
18 19 40
18 21 67
18 24 65
18 28 84
18 31 82
18 32 11
18 33 91
18 36 67
18 42 72
18 44 59
18 45 2
18 47 34
18 48 35
18 51 5
18 53 46
18 56 85
18 58 7
18 62 81
18 65 46
18 67 55
18 68 45
18 69 30
18 70 56
18 72 93
18 73 66
18 74 76
18 76 6
18 79 25
18 86 20
18 88 20
18 89 7
18 92 22
18 95 74
18 97 99
18 98 88
18 102 57
18 106 20
18 108 13
18 109 42
18 112 66
18 114 15
18 117 87
18 118 22
18 120 47
18 125 66
18 130 98
18 131 43
18 132 100
18 134 96
18 135 61
18 138 100
18 143 29
18 144 64
18 147 36
18 148 97
18 149 59
19 22 75
19 25 62
19 26 58
19 34 39
19 35 53
19 36 59
19 37 20
19 38 72
19 39 43
19 41 39
19 44 52
19 47 73
19 48 46
19 50 37
19 51 26
19 52 17
19 57 45
19 60 57
19 61 32
19 62 73
19 63 96
19 65 50
19 66 65
19 67 94
19 69 40
19 73 85
19 74 49
19 75 99
19 87 38
19 88 97
19 89 99
19 90 26
19 91 97
19 92 61
19 93 17
19 94 22
19 96 17
19 99 78
19 103 100
19 106 47
19 108 16
19 109 13
19 114 44
19 115 66
19 119 52
19 122 70
19 123 96
19 124 100
19 125 18
19 127 35
19 130 65
19 131 91
19 133 13
19 134 14
19 135 22
19 136 85
19 137 82
19 138 59
19 141 99
19 142 32
19 143 58
19 144 36
19 150 90
20 22 44
20 23 63
20 24 68
20 26 61
20 28 57
20 30 63
20 32 48
20 34 20
20 35 34
20 36 23
20 38 63
20 42 68
20 44 93
20 45 59
20 47 20
20 49 48
20 50 47
20 51 75
20 53 88
20 54 93
20 55 11
20 57 42
20 60 56
20 61 46
20 64 13
20 65 68
20 67 79
20 76 24
20 77 49
20 79 96
20 80 70
20 81 59
20 84 68
20 90 31
20 92 42
20 98 4
20 100 43
20 101 66
20 103 69
20 104 9
20 105 99
20 106 44
20 107 73
20 119 51
20 120 19
20 121 64
20 122 44
20 125 79
20 126 75
20 127 52
20 128 5
20 130 32
20 132 96
20 133 6
20 138 24
20 141 98
20 142 61
20 143 67
20 144 96
20 145 3
20 148 7
21 23 85
21 24 27
21 25 86
21 26 38
21 31 9
21 32 40
21 33 41
21 34 17
21 36 51
21 38 51
21 39 17
21 46 91
21 47 75
21 51 57
21 56 75
21 57 42
21 58 8
21 59 66
21 61 26
21 64 98
21 65 82
21 67 70
21 69 77
21 73 28
21 75 73
21 79 26
21 80 25
21 82 60
21 83 95
21 87 64
21 91 36
21 92 17
21 93 5
21 94 45
21 96 61
21 97 51
21 102 98
21 103 4
21 104 82
21 105 86
21 109 83
21 110 30
21 111 37
21 113 25
21 117 39
21 122 76
21 128 59
21 130 30
21 134 34
21 135 86
21 136 66
21 137 22
21 139 75
21 141 25
21 144 37
21 145 49
21 146 54
21 147 20
21 148 89
21 150 74
22 24 97
22 26 27
22 28 28
22 29 65
22 38 8
22 43 9
22 44 19
22 47 42
22 49 14
22 51 66
22 60 71
22 64 72
22 66 42
22 68 87
22 69 22
22 73 79
22 75 100
22 76 61
22 77 9
22 79 86
22 84 82
22 85 42
22 89 17
22 90 61
22 91 7
22 96 17
22 97 70
22 104 60
22 105 95
22 108 73
22 111 47
22 112 35
22 113 90
22 118 96
22 120 25
22 123 50
22 124 60
22 129 45
22 130 16
22 131 45
22 133 89
22 134 92
22 137 28
22 138 3
22 140 69
22 141 72
22 145 98
22 150 25
23 36 66
23 41 73
23 43 73
23 44 6
23 45 78
23 46 35
23 51 2
23 55 18
23 58 65
23 59 30
23 61 72
23 65 66
23 67 67
23 68 70
23 69 34
23 71 97
23 72 15
23 73 13
23 74 24
23 75 17
23 78 8
23 80 3
23 82 91
23 85 25
23 86 38
23 87 12
23 89 74
23 90 83
23 91 67
23 94 58
23 95 100
23 96 85
23 97 3
23 99 28
23 100 6
23 101 24
23 102 97
23 109 47
23 117 66
23 118 99
23 121 80
23 122 41
23 123 40
23 124 46
23 128 4
23 131 12
23 132 36
23 140 29
23 142 43
23 144 35
23 148 1
23 149 88
24 27 77
24 28 69
24 31 54
24 34 13
24 40 80
24 41 39
24 44 14
24 46 14
24 47 26
24 48 64
24 49 84
24 50 47
24 53 99
24 54 28
24 55 55
24 59 66
24 61 95
24 62 23
24 63 65
24 67 60
24 69 61
24 75 89
24 76 40
24 77 34
24 79 31
24 80 78
24 82 55
24 83 19
24 86 27
24 88 70
24 90 10
24 91 49
24 92 27
24 93 69
24 94 84
24 95 72
24 109 22
24 115 78
24 116 56
24 121 42
24 125 24
24 129 42
24 130 40
24 133 72
24 134 48
24 135 63
24 138 39
24 142 15
24 147 75
24 149 26
24 150 52
25 26 90
25 27 49
25 28 34
25 29 58
25 30 55
25 31 63
25 32 5
25 34 17
25 35 84
25 39 81
25 41 65
25 42 16
25 44 90
25 48 88
25 53 66
25 55 51
25 57 58
25 62 7
25 63 22
25 64 93
25 66 16
25 68 80
25 69 7
25 71 67
25 72 47
25 74 85
25 80 94
25 81 92
25 83 29
25 84 33
25 87 60
25 88 32
25 89 47
25 93 31
25 96 6
25 98 10
25 99 4
25 100 14
25 102 56
25 108 39
25 111 52
25 112 32
25 116 52
25 118 68
25 119 99
25 120 28
25 121 83
25 124 57
25 127 81
25 130 36
25 131 70
25 134 12
25 135 88
25 137 8
25 139 56
25 140 78
25 145 16
25 148 79
26 30 52
26 31 50
26 33 79
26 35 39
26 36 86
26 37 87
26 43 97
26 44 100
26 47 61
26 50 32
26 53 37
26 55 50
26 57 78
26 58 92
26 60 51
26 67 78
26 68 70
26 69 57
26 70 8
26 71 44
26 76 2
26 77 52
26 79 8
26 80 94
26 86 56
26 87 77
26 88 39
26 89 4
26 91 15
26 93 79
26 94 51
26 96 38
26 102 96
26 103 44
26 104 52
26 107 85
26 110 46
26 111 26
26 115 22
26 116 78
26 124 44
26 126 16
26 127 92
26 128 53
26 129 85
26 135 38
26 136 23
26 142 81
26 144 25
26 145 43
26 148 39
26 150 86
27 30 62
27 34 56
27 37 99
27 43 49
27 46 29
27 47 12
27 49 26
27 50 81
27 51 100
27 54 88
27 56 84
27 57 11
27 60 80
27 61 44
27 63 22
27 68 34
27 69 57
27 70 43
27 74 25
27 75 15
27 77 12
27 79 80
27 80 88
27 82 91
27 89 17
27 90 96
27 92 96
27 93 73
27 95 46
27 96 63
27 97 38
27 100 98
27 101 88
27 109 80
27 113 38
27 114 54
27 115 95
27 116 40
27 119 60
27 129 62
27 131 69
27 132 59
27 134 11
27 135 98
27 137 67
27 147 83
27 148 64
27 149 19
27 150 55
28 30 81
28 32 63
28 38 57
28 39 89
28 41 99
28 46 38
28 47 86
28 48 1
28 52 39
28 54 85
28 60 46
28 63 27
28 65 46
28 66 58
28 68 6
28 70 74
28 72 25
28 73 30
28 74 50
28 75 84
28 78 28
28 79 64
28 81 82
28 82 41
28 90 47
28 94 17
28 95 63
28 99 57
28 100 92
28 101 16
28 102 67
28 104 7
28 105 88
28 108 34
28 111 17
28 114 23
28 117 32
28 119 53
28 126 1
28 130 89
28 132 78
28 135 10
28 138 79
28 142 19
28 143 72
28 147 90
28 148 73
28 149 92
29 33 17
29 35 28
29 36 3
29 37 60
29 39 21
29 40 42
29 41 92
29 42 22
29 44 51
29 45 76
29 46 29
29 48 85
29 49 29
29 52 9
29 55 57
29 56 10
29 57 87
29 61 84
29 62 16
29 65 77
29 68 94
29 71 43
29 77 28
29 78 12
29 79 38
29 80 39
29 86 54
29 87 30
29 88 63
29 89 41
29 90 52
29 91 2
29 93 7
29 94 58
29 95 68
29 96 36
29 98 72
29 105 54
29 110 84
29 113 42
29 116 92
29 117 70
29 119 3
29 127 43
29 132 9
29 134 53
29 136 86
29 137 13
29 138 61
29 140 24
29 143 71
29 145 69
29 149 87
29 150 70
30 33 13
30 34 44
30 36 20
30 37 8
30 38 91
30 41 11
30 43 30
30 46 46
30 47 29
30 51 16
30 52 74
30 54 74
30 55 15
30 56 77
30 59 22
30 60 92
30 61 47
30 68 68
30 71 88
30 74 90
30 76 20
30 82 69
30 83 31
30 88 11
30 89 59
30 94 42
30 95 83
30 98 45
30 99 46
30 101 59
30 105 85
30 108 35
30 112 23
30 116 97
30 117 91
30 119 97
30 120 65
30 123 68
30 131 53
30 132 28
30 134 51
30 136 99
30 138 53
30 142 86
30 145 19
30 147 26
30 148 5
30 150 10
31 37 89
31 41 31
31 42 63
31 43 9
31 48 94
31 52 56
31 53 24
31 57 39
31 58 1
31 60 27
31 61 57
31 64 3
31 65 7
31 67 96
31 68 2
31 69 9
31 70 99
31 73 13
31 74 78
31 75 12
31 90 50
31 91 85
31 92 34
31 94 15
31 96 7
31 98 9
31 100 38
31 101 25
31 102 3
31 103 65
31 107 47
31 108 12
31 111 24
31 112 4
31 114 5
31 115 41
31 116 16
31 119 39
31 120 93
31 123 34
31 125 80
31 128 53
31 130 96
31 133 35
31 134 78
31 136 19
31 137 86
31 138 68
31 144 14
31 148 49
32 33 94
32 35 88
32 36 59
32 39 22
32 45 45
32 48 94
32 55 54
32 56 91
32 62 49
32 67 39
32 70 10
32 71 76
32 73 9
32 78 9
32 79 29
32 80 95
32 82 59
32 85 36
32 88 26
32 91 20
32 92 74
32 93 39
32 95 1
32 99 31
32 103 32
32 104 34
32 108 21
32 113 25
32 114 99
32 117 4
32 118 24
32 119 27
32 120 42
32 121 39
32 122 94
32 126 83
32 127 78
32 129 24
32 130 11
32 134 24
32 135 85
32 136 57
32 137 65
32 140 2
32 141 61
32 145 80
33 36 1
33 37 86
33 38 39
33 39 74
33 44 51
33 46 17
33 47 93
33 48 11
33 49 5
33 50 9
33 51 53
33 53 51
33 54 94
33 56 81
33 57 23
33 59 31
33 64 23
33 66 13
33 68 26
33 69 58
33 75 27
33 78 97
33 79 88
33 80 29
33 81 50
33 85 91
33 86 90
33 87 40
33 93 85
33 95 12
33 97 47
33 102 100
33 103 13
33 105 46
33 106 53
33 107 7
33 109 11
33 111 41
33 112 11
33 120 87
33 121 7
33 122 16
33 123 83
33 125 24
33 129 29
33 130 98
33 133 53
33 134 54
33 137 21
33 139 71
33 140 85
33 145 53
33 146 96
33 148 39
33 150 75
34 37 7
34 39 86
34 42 6
34 43 98
34 48 14
34 50 76
34 51 19
34 55 1
34 57 41
34 59 23
34 63 25
34 65 98
34 69 67
34 73 38
34 77 20
34 78 96
34 79 5
34 80 47
34 82 37
34 86 81
34 90 100
34 93 65
34 98 89
34 101 17
34 102 72
34 104 75
34 109 76
34 113 90
34 114 30
34 117 92
34 120 26
34 122 89
34 124 1
34 125 50
34 126 79
34 130 60
34 132 49
34 133 29
34 135 58
34 136 22
34 138 2
34 139 30
34 140 66
34 144 41
34 145 66
34 148 90
35 37 51
35 40 80
35 49 22
35 51 63
35 52 7
35 53 41
35 56 17
35 57 46
35 59 96
35 62 90
35 66 56
35 67 86
35 75 79
35 76 32
35 77 35
35 83 2
35 84 26
35 85 47
35 87 4
35 91 70
35 93 10
35 96 32
35 98 62
35 99 94
35 100 47
35 102 66
35 104 23
35 107 75
35 110 48
35 111 75
35 114 81
35 115 43
35 117 28
35 120 48
35 123 32
35 129 17
35 130 69
35 133 33
35 135 25
35 137 36
35 141 6
35 143 14
35 150 93
36 37 53
36 40 7
36 42 61
36 43 32
36 44 60
36 46 33
36 49 52
36 52 45
36 58 95
36 60 74
36 61 56
36 64 34
36 69 8
36 70 90
36 71 56
36 73 23
36 80 27
36 82 39
36 85 49
36 91 14
36 95 58
36 97 49
36 99 84
36 100 41
36 102 21
36 107 21
36 109 89
36 111 47
36 114 29
36 116 4
36 117 74
36 118 79
36 123 18
36 125 35
36 129 2
36 132 47
36 133 17
36 137 3
36 140 92
36 147 50
36 149 49
37 39 46
37 40 61
37 43 39
37 44 23
37 48 71
37 51 36
37 55 90
37 56 81
37 57 70
37 59 61
37 60 37
37 62 46
37 64 52
37 65 12
37 67 84
37 74 79
37 75 61
37 76 5
37 80 71
37 82 99
37 83 47
37 84 64
37 85 54
37 87 62
37 88 23
37 89 63
37 90 59
37 93 54
37 94 21
37 98 7
37 100 29
37 102 35
37 103 94
37 105 72
37 109 100
37 110 55
37 114 24
37 115 13
37 118 87
37 119 68
37 128 2
37 129 14
37 131 79
37 133 28
37 136 53
37 137 75
37 139 68
37 140 82
37 141 63
37 143 51
37 145 81
37 146 7
37 147 45
37 149 85
37 150 83
38 43 62
38 46 17
38 48 26
38 51 79
38 53 80
38 54 74
38 55 56
38 56 58
38 57 55
38 60 35
38 62 55
38 63 54
38 66 81
38 67 3
38 75 82
38 86 36
38 95 34
38 99 97
38 100 49
38 105 20
38 107 96
38 108 27
38 109 25
38 112 9
38 114 17
38 116 97
38 120 23
38 122 42
38 123 70
38 124 35
38 127 97
38 130 44
38 135 3
38 137 54
38 138 73
38 139 46
38 140 47
38 141 42
38 145 67
38 148 66
38 149 47
38 150 78
39 40 64
39 43 42
39 45 73
39 46 66
39 48 86
39 49 76
39 52 14
39 53 13
39 54 49
39 55 67
39 56 12
39 57 35
39 58 16
39 60 86
39 61 5
39 63 57
39 64 36
39 65 40
39 70 89
39 76 77
39 78 40
39 79 85
39 86 28
39 87 46
39 89 28
39 91 61
39 92 23
39 93 27
39 94 90
39 96 62
39 99 69
39 100 65
39 102 85
39 103 20
39 109 17
39 115 98
39 117 74
39 119 88
39 122 62
39 124 30
39 127 88
39 128 31
39 130 93
39 132 27
39 135 70
39 136 79
39 137 35
39 140 76
39 143 8
39 144 21
39 146 49
39 147 29
40 41 31
40 45 21
40 46 89
40 51 81
40 52 2
40 58 75
40 59 87
40 61 34
40 62 75
40 64 7
40 65 4
40 66 5
40 70 6
40 72 44
40 73 55
40 75 35
40 76 84
40 77 7
40 79 66
40 82 15
40 83 88
40 87 98
40 95 22
40 98 70
40 101 27
40 104 63
40 107 92
40 108 7
40 109 97
40 112 18
40 118 43
40 119 70
40 120 31
40 121 11
40 124 8
40 128 73
40 133 29
40 135 89
40 142 40
40 144 71
41 42 81
41 43 38
41 44 26
41 47 49
41 49 49
41 50 78
41 52 94
41 53 33
41 54 84
41 55 47
41 57 36
41 61 49
41 65 8
41 68 7
41 75 13
41 79 80
41 80 13
41 83 6
41 85 11
41 88 59
41 89 65
41 91 56
41 96 63
41 101 43
41 109 81
41 112 100
41 115 19
41 123 9
41 126 1
41 130 22
41 134 39
41 135 24
41 138 13
41 141 66
41 145 61
41 146 34
41 149 16
42 44 12
42 46 40
42 47 99
42 49 12
42 50 79
42 51 59
42 52 94
42 54 33
42 55 86
42 56 26
42 60 9
42 61 81
42 62 83
42 65 1
42 66 29
42 68 52
42 72 43
42 73 87
42 75 56
42 76 66
42 77 79
42 78 82
42 81 76
42 84 34
42 86 79
42 92 26
42 95 28
42 98 95
42 102 16
42 107 50
42 108 7
42 111 52
42 112 97
42 117 8
42 120 67
42 121 28
42 122 9
42 125 72
42 127 34
42 131 44
42 133 49
42 135 1
42 137 39
42 140 15
42 142 71
42 143 98
42 144 50
42 146 24
43 46 54
43 47 30
43 55 10
43 56 96
43 57 98
43 61 86
43 63 5
43 66 40
43 69 93
43 70 41
43 83 70
43 84 47
43 87 77
43 93 87
43 95 47
43 100 4
43 101 9
43 104 80
43 110 53
43 112 75
43 113 84
43 117 37
43 118 43
43 120 86
43 122 27
43 125 51
43 127 53
43 131 25
43 132 41
43 133 61
43 134 82
43 135 35
43 137 16
43 140 99
43 141 85
43 142 10
43 145 40
43 147 2
44 47 6
44 49 98
44 51 41
44 52 53
44 58 63
44 64 9
44 66 92
44 69 39
44 71 65
44 73 80
44 75 38
44 77 17
44 82 46
44 89 86
44 91 100
44 92 81
44 93 49
44 97 2
44 100 43
44 101 94
44 102 25
44 103 73
44 104 12
44 109 88
44 110 52
44 112 62
44 121 15
44 124 98
44 130 78
44 131 93
44 132 63
44 133 95
44 134 92
44 136 33
44 138 87
44 139 55
44 142 11
44 143 17
44 144 100
44 146 53
44 147 19
45 46 10
45 47 61
45 48 57
45 50 27
45 51 5
45 52 57
45 55 17
45 56 57
45 58 61
45 60 4
45 62 37
45 64 12
45 65 74
45 66 28
45 67 94
45 69 59
45 71 37
45 73 49
45 76 12
45 84 95
45 85 87
45 90 95
45 96 7
45 97 7
45 98 97
45 99 73
45 101 84
45 102 87
45 105 97
45 109 15
45 111 28
45 117 100
45 119 42
45 120 23
45 126 13
45 127 94
45 128 39
45 129 89
45 136 20
45 137 20
45 138 12
45 143 20
45 144 4
45 145 15
45 147 62
45 149 58
46 47 71
46 48 29
46 52 29
46 53 6
46 55 44
46 61 20
46 62 59
46 63 46
46 64 29
46 65 26
46 66 64
46 67 48
46 68 33
46 71 19
46 73 4
46 77 55
46 78 62
46 79 67
46 82 91
46 83 15
46 84 58
46 85 55
46 87 59
46 88 1
46 93 89
46 96 11
46 97 98
46 100 60
46 103 94
46 104 39
46 107 12
46 111 62
46 114 58
46 121 4
46 125 38
46 126 28
46 129 64
46 135 100
46 138 75
46 141 59
46 143 11
46 147 67
46 148 1
47 49 56
47 51 7
47 52 14
47 60 66
47 64 14
47 68 61
47 69 100
47 77 62
47 81 74
47 82 8
47 84 68
47 85 88
47 88 43
47 89 48
47 95 41
47 101 80
47 104 28
47 112 51
47 114 56
47 119 10
47 122 70
47 127 9
47 129 75
47 134 16
47 137 21
47 138 83
47 139 69
47 141 22
47 145 66
47 147 65
48 51 72
48 53 47
48 55 93
48 57 6
48 63 31
48 66 59
48 67 76
48 68 56
48 70 25
48 76 1
48 78 77
48 82 76
48 83 9
48 85 74
48 86 51
48 87 13
48 88 73
48 89 91
48 91 31
48 92 25
48 103 92
48 106 47
48 107 72
48 109 30
48 111 100
48 112 81
48 113 100
48 118 75
48 120 53
48 125 25
48 126 37
48 127 9
48 133 50
48 134 91
48 136 28
48 138 46
48 139 26
48 140 34
48 147 88
48 148 24
48 149 48
49 53 78
49 56 55
49 60 91
49 61 97
49 62 22
49 63 9
49 66 1
49 67 86
49 69 53
49 72 25
49 74 1
49 78 86
49 81 1
49 82 10
49 83 16
49 84 6
49 88 51
49 90 19
49 93 42
49 95 4
49 97 21
49 98 77
49 99 4
49 100 80
49 105 48
49 109 68
49 113 57
49 115 89
49 121 73
49 123 92
49 124 12
49 125 56
49 126 82
49 129 70
49 133 94
49 137 70
49 141 69
49 144 99
49 145 39
49 146 8
50 52 95
50 53 60
50 55 42
50 57 8
50 58 93
50 61 10
50 65 93
50 67 2
50 68 46
50 69 13
50 75 84
50 76 19
50 78 54
50 80 75
50 82 51
50 85 50
50 88 13
50 89 68
50 92 38
50 94 32
50 95 26
50 97 63
50 100 53
50 103 20
50 105 6
50 106 34
50 108 18
50 112 8
50 113 14
50 122 80
50 123 14
50 125 75
50 129 15
50 130 6
50 131 8
50 133 8
50 134 59
50 137 87
50 139 60
50 141 17
50 143 53
50 144 60
50 150 18
51 53 15
51 54 11
51 55 15
51 57 42
51 58 16
51 61 11
51 64 42
51 65 18
51 70 49
51 77 45
51 83 37
51 84 96
51 87 49
51 92 38
51 93 25
51 94 30
51 97 39
51 102 69
51 109 86
51 110 73
51 114 90
51 116 54
51 117 35
51 122 17
51 124 47
51 126 68
51 135 12
51 136 77
51 137 89
51 140 56
51 145 32
51 146 88
51 147 99
52 54 26
52 55 35
52 56 77
52 63 46
52 70 32
52 74 54
52 77 38
52 80 38
52 85 69
52 87 36
52 88 76
52 89 8
52 91 28
52 97 81
52 99 41
52 101 40
52 102 24
52 104 70
52 108 71
52 110 52
52 111 19
52 112 17
52 114 85
52 118 18
52 119 71
52 126 10
52 129 83
52 133 36
52 134 31
52 135 94
52 140 54
52 148 89
52 150 74
53 54 57
53 58 6
53 59 9
53 66 86
53 71 97
53 72 11
53 74 41
53 78 60
53 79 49
53 80 82
53 84 3
53 86 77
53 91 31
53 93 84
53 94 8
53 96 90
53 98 16
53 100 56
53 101 50
53 107 11
53 108 45
53 112 72
53 113 62
53 115 60
53 117 59
53 119 9
53 120 20
53 121 56
53 122 74
53 123 40
53 129 33
53 132 97
53 133 24
53 136 44
53 138 42
53 141 51
53 142 61
53 143 38
53 144 23
53 147 75
53 149 88
54 57 96
54 62 54
54 63 54
54 65 50
54 66 80
54 67 10
54 69 83
54 73 94
54 74 92
54 75 42
54 76 68
54 77 49
54 79 87
54 82 56
54 84 80
54 85 39
54 89 33
54 90 81
54 91 30
54 92 44
54 93 26
54 94 83
54 95 6
54 97 89
54 98 19
54 101 23
54 103 98
54 104 95
54 105 12
54 106 11
54 107 15
54 109 44
54 110 22
54 111 27
54 114 26
54 124 85
54 125 76
54 126 11
54 127 10
54 131 47
54 136 58
54 137 4
54 139 61
54 140 7
54 141 77
54 149 37
54 150 9
55 56 65
55 59 9
55 61 77
55 64 75
55 68 62
55 69 10
55 73 58
55 75 81
55 76 14
55 78 41
55 79 32
55 80 59
55 81 51
55 83 45
55 85 31
55 87 6
55 88 22
55 89 61
55 90 90
55 92 86
55 94 72
55 95 47
55 96 97
55 97 16
55 98 89
55 99 45
55 100 22
55 106 49
55 113 12
55 114 39
55 116 41
55 119 21
55 123 6
55 129 89
55 134 69
55 136 11
55 137 85
55 142 97
55 143 92
55 147 97
55 149 4
55 150 20
56 57 29
56 60 26
56 62 61
56 64 30
56 67 18
56 69 97
56 73 36
56 75 70
56 77 58
56 81 37
56 84 33
56 87 14
56 88 14
56 89 21
56 90 69
56 91 11
56 93 99
56 97 40
56 98 39
56 101 17
56 104 15
56 105 2
56 106 38
56 110 24
56 111 20
56 112 15
56 119 56
56 123 79
56 124 3
56 126 82
56 128 34
56 129 96
56 130 6
56 131 83
56 133 94
56 134 35
56 136 65
56 137 58
56 138 31
56 143 83
56 145 19
56 147 8
56 148 82
56 149 1
57 58 67
57 60 59
57 61 78
57 62 70
57 63 4
57 64 89
57 65 86
57 66 79
57 68 15
57 70 7
57 72 71
57 73 98
57 75 51
57 76 13
57 77 50
57 79 59
57 80 60
57 87 62
57 90 80
57 91 41
57 92 41
57 94 34
57 95 97
57 96 88
57 97 91
57 98 63
57 99 43
57 104 81
57 106 86
57 107 81
57 108 30
57 114 82
57 121 35
57 122 50
57 123 53
57 124 66
57 125 98
57 133 30
57 136 81
57 137 70
57 139 30
57 143 45
57 146 1
58 64 19
58 66 43
58 71 48
58 72 42
58 78 24
58 81 72
58 82 83
58 86 35
58 88 93
58 89 73
58 90 74
58 92 46
58 96 11
58 99 68
58 103 66
58 104 16
58 105 26
58 106 50
58 111 11
58 112 55
58 117 20
58 118 13
58 121 71
58 122 65
58 123 18
58 125 34
58 127 34
58 129 77
58 130 88
58 131 17
58 132 85
58 133 70
58 134 22
58 137 2
58 139 50
58 140 60
58 143 40
59 61 96
59 63 22
59 64 75
59 65 81
59 67 20
59 68 72
59 69 7
59 70 51
59 79 60
59 80 12
59 82 1
59 83 70
59 85 26
59 87 3
59 93 87
59 96 68
59 99 64
59 104 17
59 107 21
59 108 7
59 109 2
59 114 36
59 116 47
59 120 43
59 121 46
59 122 83
59 124 79
59 125 63
59 126 66
59 127 90
59 132 33
59 133 54
59 136 79
59 142 27
59 143 94
59 145 93
59 146 94
59 148 93
59 150 1
60 62 68
60 64 95
60 68 97
60 69 90
60 74 83
60 75 79
60 76 65
60 79 78
60 85 81
60 86 14
60 87 46
60 89 15
60 94 91
60 99 53
60 100 21
60 101 48
60 102 71
60 103 29
60 105 38
60 109 74
60 110 5
60 112 57
60 114 63
60 115 17
60 119 81
60 126 5
60 129 68
60 131 36
60 133 6
60 144 43
60 147 81
60 149 66
60 150 13
61 64 16
61 65 37
61 69 8
61 70 56
61 77 45
61 78 52
61 79 90
61 81 33
61 82 32
61 85 40
61 89 65
61 91 99
61 94 16
61 97 74
61 98 4
61 101 55
61 105 52
61 106 29
61 107 90
61 111 27
61 116 66
61 117 60
61 118 32
61 120 80
61 121 20
61 122 81
61 123 32
61 125 33
61 126 59
61 128 80
61 129 34
61 131 52
61 133 30
61 135 87
61 138 50
61 139 41
61 145 19
61 146 17
61 147 69
61 150 49
62 64 64
62 65 53
62 66 58
62 68 45
62 74 52
62 77 49
62 78 59
62 79 73
62 82 38
62 83 50
62 86 96
62 90 38
62 93 25
62 96 74
62 103 31
62 105 17
62 108 99
62 109 36
62 110 72
62 112 56
62 113 40
62 115 31
62 118 23
62 121 36
62 122 54
62 128 25
62 130 27
62 136 75
62 137 32
62 140 87
62 141 100
62 144 17
62 145 3
63 66 33
63 68 58
63 71 62
63 72 69
63 73 50
63 74 8
63 76 17
63 77 91
63 80 79
63 82 35
63 89 84
63 90 73
63 95 47
63 99 74
63 100 84
63 101 84
63 102 58
63 103 92
63 104 17
63 107 65
63 109 50
63 113 43
63 114 18
63 115 46
63 120 70
63 123 60
63 124 47
63 125 81
63 127 93
63 129 33
63 130 76
63 131 48
63 132 85
63 133 92
63 136 27
63 139 73
63 141 54
64 66 52
64 70 17
64 74 40
64 76 29
64 79 91
64 84 100
64 85 82
64 90 59
64 93 88
64 95 32
64 98 24
64 100 63
64 101 28
64 102 87
64 107 19
64 110 72
64 113 97
64 119 80
64 120 9
64 124 56
64 126 51
64 129 12
64 137 66
64 139 73
64 140 20
64 142 12
64 143 88
64 144 100
64 148 56
64 149 21
65 66 97
65 68 31
65 74 73
65 75 41
65 81 24
65 83 1
65 85 45
65 86 9
65 87 66
65 90 98
65 94 40
65 95 75
65 99 100
65 101 87
65 102 52
65 103 44
65 105 88
65 107 86
65 108 43
65 111 37
65 112 60
65 113 20
65 115 75
65 117 3
65 118 61
65 119 45
65 124 45
65 125 59
65 126 69
65 127 20
65 128 94
65 129 96
65 130 2
65 137 66
65 139 93
65 140 29
65 142 22
65 146 89
65 147 55
65 148 91
65 150 90
66 67 70
66 69 13
66 70 34
66 71 81
66 73 63
66 74 45
66 77 31
66 78 8
66 79 50
66 83 14
66 84 13
66 90 99
66 91 46
66 93 39
66 94 35
66 96 92
66 101 55
66 103 19
66 104 43
66 110 67
66 112 84
66 114 69
66 115 77
66 117 6
66 118 58
66 120 69
66 123 12
66 129 26
66 130 13
66 131 10
66 132 62
66 134 99
66 138 39
66 142 83
66 145 14
67 68 69
67 69 2
67 70 80
67 71 2
67 72 47
67 73 92
67 74 27
67 78 21
67 84 22
67 85 60
67 87 28
67 89 69
67 90 37
67 91 39
67 93 9
67 98 72
67 99 65
67 100 72
67 101 84
67 103 82
67 104 42
67 108 20
67 109 42
67 110 5
67 112 88
67 115 55
67 118 13
67 120 87
67 121 59
67 122 2
67 133 98
67 141 47
67 144 12
67 145 88
67 146 79
67 147 70
67 149 53
68 72 20
68 74 3
68 78 54
68 80 22
68 81 53
68 82 64
68 84 81
68 86 15
68 91 89
68 93 81
68 95 31
68 97 51
68 98 84
68 99 76
68 103 1
68 104 32
68 105 97
68 106 12
68 108 58
68 109 29
68 116 43
68 117 47
68 126 85
68 128 37
68 130 99
68 133 41
68 135 98
68 136 24
68 138 92
68 143 39
68 144 76
68 146 47
69 71 65
69 75 25
69 76 14
69 78 15
69 79 9
69 80 13
69 81 63
69 83 45
69 84 84
69 85 89
69 90 72
69 93 72
69 97 44
69 101 54
69 104 49
69 106 15
69 109 8
69 111 41
69 114 18
69 120 20
69 122 63
69 129 78
69 134 85
69 135 26
69 137 18
69 138 32
69 140 53
69 141 54
69 144 97
69 147 10
69 149 42
70 71 84
70 74 7
70 76 29
70 79 57
70 80 76
70 81 82
70 85 3
70 88 95
70 92 7
70 94 22
70 97 32
70 100 59
70 101 87
70 102 66
70 103 72
70 105 21
70 109 21
70 117 86
70 120 16
70 121 74
70 122 74
70 123 100
70 124 83
70 125 86
70 127 47
70 129 37
70 141 29
70 148 11
70 149 78
71 72 28
71 79 52
71 80 43
71 82 54
71 84 3
71 85 91
71 89 4
71 93 27
71 95 40
71 96 68
71 100 24
71 108 34
71 113 25
71 114 21
71 115 83
71 117 29
71 118 85
71 123 61
71 124 88
71 127 56
71 128 72
71 129 36
71 132 67
71 134 96
71 144 13
71 148 2
72 74 60
72 75 52
72 76 93
72 79 19
72 80 7
72 81 67
72 82 84
72 87 7
72 93 95
72 95 98
72 103 27
72 107 90
72 111 39
72 112 68
72 113 89
72 116 100
72 119 6
72 120 91
72 124 70
72 128 87
72 131 70
72 132 44
72 135 64
72 137 82
72 139 60
72 143 37
72 149 39
73 74 28
73 75 76
73 78 45
73 79 88
73 81 70
73 85 91
73 88 22
73 89 56
73 92 38
73 94 59
73 95 44
73 96 83
73 99 56
73 100 84
73 102 90
73 103 10
73 105 89
73 107 57
73 109 67
73 110 90
73 111 27
73 113 32
73 114 56
73 117 68
73 118 1
73 123 72
73 125 39
73 131 98
73 134 37
73 135 28
73 137 16
73 139 95
73 146 29
73 150 82
74 76 19
74 77 47
74 82 35
74 84 87
74 85 36
74 87 26
74 90 94
74 93 80
74 96 69
74 98 98
74 100 43
74 104 17
74 108 34
74 109 14
74 111 17
74 113 71
74 115 13
74 117 20
74 118 5
74 119 45
74 123 33
74 125 34
74 130 27
74 134 28
74 141 53
74 145 90
74 148 6
74 149 59
74 150 1
75 76 8
75 78 27
75 82 74
75 83 43
75 85 80
75 86 57
75 92 68
75 93 60
75 94 98
75 97 90
75 100 53
75 102 18
75 107 38
75 109 76
75 110 69
75 117 45
75 118 72
75 119 40
75 122 36
75 128 36
75 129 88
75 131 92
75 136 75
75 138 77
75 140 75
75 144 57
75 145 1
76 78 14
76 80 67
76 83 74
76 84 8
76 85 93
76 92 43
76 94 77
76 95 94
76 97 79
76 98 1
76 101 70
76 103 23
76 108 87
76 112 88
76 114 3
76 115 77
76 119 95
76 123 93
76 127 10
76 129 20
76 134 24
76 141 84
76 142 74
76 144 40
76 145 16
76 146 92
76 147 28
77 81 15
77 82 46
77 83 38
77 84 91
77 85 30
77 86 66
77 87 7
77 89 48
77 91 73
77 92 64
77 93 49
77 94 78
77 96 58
77 99 93
77 100 3
77 102 31
77 103 16
77 104 55
77 106 98
77 110 89
77 112 2
77 114 43
77 117 39
77 118 70
77 120 22
77 122 32
77 131 87
77 132 9
77 138 92
77 141 100
77 143 62
77 146 47
77 148 64
77 149 66
78 80 25
78 81 30
78 82 41
78 83 23
78 86 77
78 87 75
78 88 14
78 89 59
78 90 74
78 94 69
78 95 10
78 98 46
78 99 31
78 101 81
78 102 88
78 107 24
78 108 42
78 109 23
78 112 74
78 113 39
78 116 24
78 117 29
78 118 8
78 119 21
78 121 37
78 123 23
78 125 2
78 126 55
78 127 34
78 132 6
78 140 41
78 141 6
79 81 46
79 88 36
79 91 97
79 93 92
79 99 85
79 101 47
79 104 5
79 105 36
79 107 67
79 108 77
79 110 14
79 112 20
79 118 98
79 122 13
79 129 40
79 132 94
79 135 63
79 141 10
79 142 84
79 144 8
79 145 98
79 146 32
80 81 75
80 92 51
80 100 9
80 102 94
80 103 100
80 104 75
80 110 47
80 111 34
80 112 81
80 114 59
80 115 89
80 118 61
80 120 70
80 122 99
80 125 55
80 129 78
80 132 91
80 139 17
80 145 5
80 146 42
80 147 96
80 148 97
81 83 4
81 84 54
81 85 53
81 88 38
81 89 43
81 99 70
81 100 36
81 102 43
81 103 47
81 108 20
81 110 6
81 115 22
81 116 91
81 119 54
81 120 53
81 124 63
81 127 88
81 130 41
81 131 79
81 132 64
81 133 69
81 136 35
81 138 54
81 141 91
81 142 79
81 146 83
81 148 68
82 84 11
82 86 37
82 90 13
82 91 13
82 95 9
82 97 84
82 98 90
82 101 39
82 103 64
82 105 50
82 107 79
82 110 80
82 112 54
82 113 18
82 114 82
82 116 42
82 122 18
82 123 13
82 124 17
82 125 16
82 128 35
82 130 63
82 133 25
82 135 50
82 137 95
82 140 97
82 141 18
82 144 88
82 145 72
82 147 38
82 148 28
82 149 96
82 150 60
83 84 15
83 89 34
83 90 43
83 91 68
83 93 41
83 101 91
83 104 56
83 105 71
83 106 87
83 108 38
83 112 86
83 116 18
83 117 37
83 119 13
83 123 81
83 124 80
83 127 23
83 131 99
83 133 47
83 134 85
83 135 26
83 138 43
83 142 38
83 143 10
83 144 69
84 85 67
84 86 70
84 88 59
84 94 47
84 99 29
84 102 31
84 105 60
84 107 72
84 109 20
84 110 89
84 111 15
84 113 55
84 115 31
84 116 22
84 117 47
84 121 88
84 123 54
84 129 77
84 131 55
84 135 3
84 136 35
84 138 21
84 141 19
84 146 86
84 147 19
85 89 79
85 91 6
85 94 28
85 95 80
85 97 14
85 98 16
85 99 50
85 100 43
85 103 95
85 104 43
85 108 28
85 109 82
85 110 46
85 111 58
85 113 13
85 115 25
85 117 71
85 119 11
85 120 11
85 121 49
85 124 40
85 127 80
85 129 53
85 134 36
85 135 80
85 136 8
85 137 61
85 138 8
85 141 60
85 146 23
85 149 92
85 150 91
86 89 50
86 91 61
86 99 32
86 101 54
86 103 43
86 105 93
86 107 39
86 109 59
86 120 38
86 121 30
86 122 77
86 126 83
86 127 34
86 129 29
86 136 27
86 142 88
86 143 26
86 144 97
86 145 56
87 91 89
87 92 56
87 94 9
87 95 44
87 99 86
87 102 36
87 105 22
87 107 84
87 109 39
87 110 81
87 116 62
87 120 49
87 121 24
87 124 55
87 134 91
87 135 8
87 137 95
87 138 51
87 140 69
87 141 96
87 143 52
87 145 44
87 150 55
88 98 97
88 100 54
88 103 39
88 113 100
88 114 2
88 115 45
88 116 41
88 117 61
88 118 9
88 120 12
88 122 100
88 128 94
88 129 77
88 131 100
88 134 3
88 137 93
88 139 45
88 142 80
88 147 27
88 149 5
88 150 74
89 90 34
89 91 91
89 92 54
89 93 12
89 94 14
89 96 68
89 100 2
89 101 95
89 105 56
89 107 17
89 108 5
89 111 91
89 114 37
89 116 36
89 118 75
89 119 59
89 120 63
89 123 3
89 124 56
89 127 89
89 129 57
89 130 66
89 135 20
89 137 87
89 139 62
89 140 10
89 149 37
89 150 16
90 92 73
90 93 19
90 97 98
90 98 9
90 103 32
90 107 12
90 110 14
90 115 76
90 118 21
90 119 47
90 120 11
90 121 71
90 123 57
90 126 88
90 127 22
90 129 97
90 130 93
90 131 17
90 132 40
90 135 80
90 137 63
90 140 56
90 141 64
90 142 14
90 143 55
90 144 10
90 147 85
91 93 87
91 94 46
91 95 58
91 97 32
91 102 15
91 104 11
91 106 75
91 107 12
91 112 90
91 113 57
91 115 23
91 118 92
91 119 72
91 123 96
91 124 11
91 126 57
91 127 12
91 128 30
91 131 43
91 136 71
91 137 21
91 140 70
91 141 8
91 145 62
92 93 80
92 99 58
92 100 56
92 103 24
92 106 80
92 109 91
92 111 93
92 113 90
92 116 1
92 120 93
92 121 41
92 125 61
92 127 2
92 128 42
92 129 50
92 134 78
92 135 75
92 139 19
92 140 24
92 141 14
92 143 45
92 146 25
92 150 86
93 94 25
93 97 33
93 99 46
93 100 36
93 102 72
93 104 25
93 113 10
93 117 62
93 122 28
93 127 16
93 129 56
93 133 72
93 136 68
93 138 56
93 139 59
93 143 49
93 145 55
93 147 57
94 95 40
94 97 93
94 106 47
94 107 3
94 113 51
94 114 61
94 116 74
94 117 47
94 118 53
94 120 89
94 121 2
94 122 5
94 126 58
94 132 16
94 133 62
94 135 69
94 141 5
94 143 83
94 146 45
94 147 54
95 96 3
95 97 31
95 100 1
95 101 26
95 103 83
95 105 21
95 107 39
95 111 12
95 112 76
95 113 45
95 116 28
95 120 37
95 121 98
95 122 59
95 123 44
95 125 39
95 132 80
95 137 68
95 139 96
95 141 4
95 142 100
95 145 59
95 147 68
95 148 34
96 98 18
96 100 49
96 104 75
96 105 19
96 106 31
96 109 58
96 112 73
96 113 4
96 115 37
96 116 50
96 117 64
96 118 30
96 121 12
96 122 51
96 123 13
96 130 56
96 134 99
96 135 24
96 136 27
96 138 38
96 140 100
96 142 71
96 144 49
96 146 51
97 98 55
97 100 56
97 101 70
97 102 22
97 105 10
97 109 100
97 111 68
97 113 77
97 114 40
97 116 36
97 117 56
97 121 36
97 126 61
97 128 62
97 130 9
97 131 17
97 132 35
97 140 25
97 141 2
97 142 82
97 145 7
97 149 100
98 100 53
98 101 32
98 102 15
98 107 64
98 112 68
98 117 66
98 118 8
98 119 78
98 122 95
98 123 14
98 124 39
98 126 16
98 131 17
98 132 27
98 136 74
98 144 79
98 148 99
99 100 3
99 101 39
99 108 82
99 113 78
99 114 91
99 117 56
99 118 5
99 120 74
99 125 43
99 126 43
99 128 61
99 130 91
99 131 96
99 133 56
99 137 60
99 138 14
99 142 68
99 145 59
99 146 76
99 147 26
99 149 68
99 150 12
100 104 33
100 106 61
100 107 66
100 108 52
100 111 16
100 112 89
100 113 72
100 114 75
100 116 51
100 117 96
100 122 66
100 126 77
100 128 74
100 129 30
100 133 49
100 137 89
100 138 82
100 141 72
100 142 84
100 143 34
100 146 34
100 147 10
101 103 95
101 106 27
101 107 85
101 108 66
101 109 38
101 110 24
101 111 26
101 115 92
101 119 79
101 122 91
101 124 73
101 126 91
101 127 54
101 129 26
101 130 67
101 134 69
101 137 78
101 138 2
101 140 57
101 145 59
101 147 51
102 107 40
102 108 70
102 111 91
102 114 52
102 115 16
102 116 93
102 119 65
102 120 94
102 121 8
102 123 13
102 124 35
102 129 59
102 133 95
102 134 75
102 136 88
102 137 20
102 145 27
102 147 67
102 148 46
102 150 40
103 106 13
103 107 86
103 112 75
103 113 67
103 114 58
103 115 85
103 120 91
103 121 98
103 126 18
103 127 91
103 129 20
103 130 83
103 132 19
103 143 23
103 145 61
103 149 72
104 106 45
104 107 99
104 108 43
104 110 49
104 111 14
104 116 42
104 118 81
104 119 10
104 121 89
104 131 52
104 137 56
104 138 63
104 142 89
104 143 77
104 145 33
104 148 63
104 149 6
104 150 82
105 106 30
105 109 55
105 114 48
105 115 95
105 116 26
105 117 98
105 119 72
105 120 56
105 122 18
105 124 22
105 127 67
105 132 57
105 135 74
105 136 75
105 138 83
105 140 7
105 144 30
105 149 88
106 108 86
106 109 92
106 114 23
106 116 76
106 120 39
106 124 56
106 125 18
106 127 6
106 128 56
106 132 76
106 133 93
106 137 42
106 138 17
106 139 52
106 141 62
106 146 19
106 147 20
106 149 49
106 150 35
107 109 56
107 111 89
107 112 84
107 116 60
107 117 53
107 121 54
107 124 86
107 125 31
107 126 8
107 128 11
107 133 73
107 137 62
107 140 44
107 141 33
107 143 49
107 145 67
107 147 96
107 150 20
108 110 62
108 111 30
108 112 53
108 113 21
108 116 43
108 117 22
108 120 96
108 121 77
108 122 20
108 123 8
108 124 92
108 127 28
108 128 72
108 129 88
108 131 71
108 136 48
108 137 20
108 140 71
108 143 48
108 144 34
108 146 42
108 150 20
109 118 46
109 119 20
109 120 70
109 123 95
109 124 75
109 125 83
109 127 95
109 131 27
109 133 4
109 135 7
109 137 76
109 138 5
109 147 3
109 148 44
110 116 58
110 118 99
110 121 35
110 125 40
110 128 1
110 130 76
110 132 95
110 133 75
110 135 62
110 138 2
110 139 7
110 140 4
110 141 61
110 143 68
110 145 42
110 147 72
110 148 82
110 150 91
111 112 71
111 116 62
111 119 87
111 120 77
111 122 15
111 125 12
111 129 37
111 130 86
111 133 77
111 134 62
111 136 71
111 139 18
111 141 71
111 146 100
111 150 58
112 113 83
112 115 86
112 116 85
112 117 49
112 120 89
112 122 19
112 129 14
112 133 20
112 134 82
112 136 94
112 139 10
112 140 95
112 141 48
112 144 53
112 147 21
112 148 84
112 149 34
113 119 93
113 120 90
113 121 49
113 122 49
113 126 80
113 131 7
113 132 74
113 133 50
113 137 74
113 139 73
113 141 67
113 142 88
113 144 80
113 145 92
114 117 32
114 120 45
114 122 54
114 123 49
114 125 52
114 127 98
114 128 1
114 129 73
114 130 29
114 131 81
114 134 28
114 135 19
114 136 32
114 138 81
114 139 19
114 140 14
114 144 42
114 149 22
115 118 46
115 119 45
115 121 69
115 122 37
115 128 49
115 130 32
115 132 24
115 133 17
115 139 99
115 146 78
115 149 61
116 117 72
116 118 72
116 121 20
116 123 45
116 125 67
116 129 14
116 132 39
116 136 70
116 137 29
116 138 98
116 140 17
116 142 72
116 150 22
117 126 92
117 127 92
117 128 3
117 134 24
117 137 63
117 139 77
117 141 35
117 142 85
117 143 68
117 146 3
118 121 9
118 122 37
118 123 32
118 124 43
118 125 4
118 126 74
118 134 14
118 135 79
118 138 90
118 139 48
118 140 92
118 143 32
118 144 22
118 145 39
118 149 42
119 120 66
119 122 69
119 123 83
119 125 83
119 126 22
119 129 91
119 131 69
119 133 60
119 136 89
119 138 7
119 140 26
119 145 46
119 148 37
120 121 92
120 122 15
120 123 5
120 124 1
120 125 61
120 127 85
120 128 18
120 138 70
120 140 35
120 145 95
121 122 66
121 123 20
121 126 97
121 130 85
121 131 59
121 132 16
121 133 22
121 135 24
121 136 33
121 140 75
121 141 78
121 142 2
121 143 65
121 144 60
121 147 81
121 149 30
121 150 80
122 123 49
122 124 38
122 125 89
122 129 74
122 131 51
122 133 28
122 139 70
122 140 85
122 143 64
122 144 85
122 148 55
123 126 69
123 132 67
123 135 28
123 136 11
123 140 18
123 145 1
123 146 21
123 147 96
123 148 21
123 149 29
124 125 78
124 126 36
124 127 83
124 129 41
124 132 52
124 133 68
124 134 50
124 136 17
124 137 79
124 139 77
124 141 79
124 143 9
124 145 23
124 147 59
124 148 89
125 126 54
125 127 39
125 128 52
125 131 17
125 136 52
125 137 65
125 138 16
125 141 81
125 150 93
126 128 96
126 131 23
126 132 54
126 140 16
126 141 43
126 146 57
126 148 26
126 149 74
127 133 93
127 134 3
127 137 84
127 141 33
127 142 49
127 143 69
127 148 48
128 130 93
128 132 82
128 134 32
128 136 40
128 139 64
128 140 74
128 141 97
128 142 88
128 145 59
129 132 14
129 136 4
129 138 36
129 140 14
129 141 84
129 142 3
130 132 70
130 133 89
130 134 13
130 138 46
130 141 36
130 142 95
130 143 62
130 149 26
131 134 60
131 140 34
131 141 83
131 142 37
131 143 94
131 148 51
131 149 73
132 135 34
132 138 57
132 140 18
132 144 77
132 145 72
132 147 25
132 148 98
132 149 42
132 150 76
133 138 66
133 141 64
133 143 49
133 144 92
133 145 66
133 146 2
133 147 42
133 150 13
134 140 33
134 147 31
134 150 83
135 136 55
135 137 10
135 140 41
135 141 58
135 143 64
135 146 57
135 148 65
135 149 60
136 137 27
136 140 39
136 142 20
136 148 8
136 149 69
137 140 1
137 142 73
137 144 5
137 150 63
138 139 84
138 140 25
138 141 10
138 143 48
138 146 97
138 147 66
138 148 58
138 149 9
139 140 85
139 144 21
139 147 32
139 148 83
139 149 7
140 141 46
140 142 54
140 146 55
140 148 45
140 150 44
141 147 34
141 148 60
141 149 70
142 145 48
142 149 76
143 144 63
143 147 44
143 148 77
144 145 80
144 147 2
144 148 69
144 149 80
145 146 19
146 149 35
147 149 55
147 150 89
148 150 77
1 6 34
1 8 7
1 9 23
1 10 68
1 11 19
1 12 51
1 14 23
1 18 29
1 19 12
1 20 92
1 28 39
1 31 59
1 32 23
1 34 75
1 35 44
1 37 86
1 39 81
1 44 70
1 45 51
1 46 95
1 48 31
1 49 52
1 53 92
1 54 69
1 57 97
1 63 33
1 64 48
1 67 52
1 68 11
1 74 91
1 78 9
1 80 42
1 82 87
1 83 63
1 85 88
1 91 75
1 96 20
1 98 35
1 100 9
1 106 63
1 111 32
1 114 82
1 116 28
1 117 70
1 118 87
1 122 96
1 123 75
1 124 55
1 131 52
1 132 1
1 133 73
1 135 69
1 147 16
2 3 28
2 6 78
2 7 64
2 9 54
2 12 39
2 13 44
2 15 32
2 16 58
2 20 8
2 23 4
2 24 66
2 26 30
2 29 58
2 33 73
2 36 39
2 39 50
2 40 84
2 42 57
2 43 40
2 44 94
2 48 71
2 54 26
2 59 54
2 60 29
2 61 63
2 63 92
2 64 100
2 65 54
2 66 50
2 68 28
2 69 50
2 70 90
2 73 51
2 74 3
2 77 53
2 80 59
2 81 87
2 83 100
2 85 74
2 86 35
2 87 52
2 92 42
2 94 51
2 96 67
2 98 20
2 102 86
2 104 66
2 109 67
2 110 91
2 111 79
2 112 30
2 120 97
2 124 23
2 125 13
2 132 53
2 133 28
2 136 60
2 137 88
2 141 48
2 144 17
3 7 58
3 9 17
3 10 34
3 12 29
3 13 20
3 16 70
3 21 76
3 23 43
3 28 67
3 30 54
3 33 47
3 34 68
3 41 59
3 42 79
3 46 44
3 47 63
3 56 39
3 59 34
3 60 49
3 62 78
3 63 100
3 64 71
3 69 54
3 70 28
3 71 49
3 74 36
3 77 96
3 85 11
3 88 93
3 90 50
3 98 15
3 100 38
3 105 73
3 106 56
3 107 66
3 108 1
3 110 26
3 111 36
3 112 6
3 114 31
3 115 10
3 116 97
3 117 32
3 118 89
3 124 55
3 130 51
3 133 95
3 134 18
3 137 61
3 140 48
3 144 18
3 145 76
3 146 67
3 150 12
4 6 25
4 14 68
4 15 43
4 17 19
4 18 81
4 23 97
4 25 42
4 29 43
4 30 72
4 32 93
4 33 9
4 37 23
4 39 28
4 40 7
4 41 10
4 42 56
4 49 89
4 50 2
4 52 73
4 54 90
4 56 81
4 59 64
4 60 7
4 61 59
4 64 90
4 65 55
4 71 87
4 75 70
4 79 28
4 81 15
4 83 45
4 87 7
4 88 5
4 89 60
4 92 64
4 93 84
4 94 80
4 95 93
4 99 37
4 100 94
4 102 20
4 103 85
4 107 79
4 109 31
4 115 93
4 119 52
4 122 87
4 123 27
4 126 88
4 127 82
4 130 24
4 134 46
4 135 83
4 138 68
4 139 39
4 142 9
4 144 11
4 146 89
4 149 87
4 150 60
5 7 74
5 11 37
5 15 9
5 16 79
5 17 39
5 18 27
5 19 4
5 21 47
5 23 73
5 24 91
5 26 43
5 32 9
5 38 72
5 39 78
5 42 1
5 46 2
5 48 95
5 50 28
5 58 13
5 60 46
5 64 43
5 66 31
5 67 48
5 68 79
5 69 52
5 71 87
5 73 70
5 76 27
5 78 32
5 79 62
5 82 83
5 86 89
5 87 38
5 93 78
5 94 70
5 96 17
5 99 14
5 100 86
5 104 10
5 109 54
5 112 80
5 115 62
5 118 56
5 119 36
5 121 67
5 125 72
5 126 49
5 130 31
5 134 45
5 139 27
5 140 60
5 141 57
5 142 31
5 143 8
5 144 17
5 146 94
5 147 94
6 7 55
6 8 86
6 12 14
6 14 38
6 17 73
6 21 67
6 25 91
6 27 82
6 29 63
6 35 25
6 43 24
6 44 85
6 45 84
6 46 10
6 48 51
6 52 61
6 61 79
6 62 97
6 63 43
6 64 35
6 66 67
6 67 82
6 68 57
6 69 82
6 70 10
6 72 53
6 76 69
6 80 100
6 85 63
6 87 49
6 91 22
6 92 64
6 93 39
6 100 28
6 104 29
6 106 90
6 108 84
6 109 41
6 110 9
6 118 36
6 121 95
6 123 52
6 128 15
6 129 55
6 134 97
6 136 87
6 138 57
6 140 90
6 150 25
7 13 15
7 15 96
7 16 68
7 17 64
7 19 75
7 21 98
7 23 55
7 32 48
7 35 85
7 38 12
7 42 34
7 46 82
7 48 63
7 50 17
7 51 14
7 52 51
7 53 29
7 56 24
7 57 11
7 58 50
7 60 31
7 62 85
7 63 92
7 65 79
7 68 32
7 70 31
7 73 85
7 76 15
7 78 20
7 79 17
7 81 45
7 82 19
7 84 31
7 85 48
7 86 58
7 89 20
7 97 6
7 99 72
7 101 56
7 103 40
7 104 54
7 108 94
7 111 94
7 112 35
7 113 65
7 115 87
7 118 85
7 119 31
7 123 26
7 132 95
7 136 21
7 137 44
7 138 66
7 139 23
7 140 94
7 141 52
7 146 70
7 150 45
8 11 8
8 12 14
8 14 9
8 17 39
8 18 68
8 19 72
8 26 98
8 28 51
8 30 14
8 31 100
8 33 98
8 37 79
8 38 92
8 42 31
8 46 43
8 50 48
8 51 18
8 52 77
8 54 93
8 55 7
8 58 44
8 61 6
8 63 16
8 65 24
8 67 62
8 71 51
8 74 25
8 75 10
8 76 79
8 77 28
8 78 46
8 82 54
8 85 39
8 86 64
8 93 93
8 97 55
8 98 77
8 101 68
8 104 82
8 106 69
8 112 35
8 114 44
8 118 55
8 120 23
8 123 61
8 124 66
8 132 58
8 137 88
8 138 25
8 142 40
9 11 82
9 15 76
9 20 20
9 21 98
9 23 88
9 24 32
9 31 92
9 32 93
9 35 84
9 36 58
9 38 31
9 48 75
9 50 9
9 51 14
9 52 20
9 54 38
9 55 9
9 56 88
9 58 73
9 59 15
9 60 24
9 61 62
9 62 57
9 65 46
9 66 25
9 68 65
9 69 1
9 73 43
9 75 64
9 77 83
9 78 88
9 79 22
9 80 12
9 82 38
9 83 56
9 88 3
9 89 78
9 90 8
9 91 72
9 96 21
9 97 42
9 98 99
9 104 48
9 105 2
9 106 17
9 109 35
9 112 47
9 113 13
9 114 26
9 115 61
9 118 46
9 121 79
9 122 55
9 123 99
9 124 93
9 127 48
9 131 7
9 136 51
9 142 1
9 144 8
9 146 81
9 150 62
10 12 96
10 14 32
10 16 67
10 17 90
10 18 79
10 19 7
10 21 37
10 22 51
10 28 74
10 29 17
10 30 96
10 31 99
10 32 45
10 36 37
10 37 17
10 38 15
10 41 94
10 42 41
10 43 81
10 45 61
10 47 78
10 49 93
10 50 51
10 55 7
10 58 39
10 59 83
10 61 48
10 70 80
10 71 81
10 77 76
10 79 91
10 80 16
10 82 28
10 85 16
10 88 90
10 96 57
10 101 54
10 104 6
10 109 73
10 111 58
10 117 94
10 124 65
10 125 3
10 127 37
10 130 100
10 131 56
10 133 37
10 139 78
10 145 6
10 150 30
11 12 98
11 14 33
11 20 19
11 22 92
11 25 18
11 28 65
11 29 91
11 30 85
11 33 86
11 35 66
11 36 18
11 40 59
11 41 7
11 48 53
11 50 88
11 53 89
11 55 43
11 58 56
11 59 39
11 67 51
11 71 57
11 72 77
11 73 56
11 76 96
11 77 53
11 81 74
11 83 16
11 85 64
11 87 96
11 89 62
11 90 15
11 95 72
11 99 73
11 100 35
11 104 87
11 105 25
11 107 73
11 109 5
11 110 70
11 114 49
11 116 73
11 120 69
11 121 67
11 123 19
11 132 49
11 136 40
11 138 79
11 139 16
11 140 11
11 141 1
11 143 9
11 144 35
11 146 38
11 147 26
11 149 18
11 150 35
12 13 19
12 14 77
12 18 10
12 19 35
12 20 50
12 24 54
12 29 7
12 32 60
12 33 60
12 36 38
12 38 82
12 39 31
12 46 41
12 49 2
12 50 43
12 53 28
12 54 37
12 55 94
12 57 42
12 58 46
12 59 31
12 60 3
12 63 23
12 66 7
12 70 87
12 71 65
12 78 86
12 80 11
12 82 81
12 83 11
12 85 38
12 88 3
12 90 32
12 92 16
12 100 82
12 105 67
12 108 82
12 109 86
12 111 36
12 113 29
12 114 53
12 115 61
12 116 71
12 118 71
12 128 73
12 129 38
12 132 77
12 134 24
12 137 49
12 138 63
12 141 27
12 142 40
12 146 8
12 147 30
12 149 51
12 150 64
13 15 59
13 16 60
13 17 94
13 21 61
13 23 23
13 24 68
13 25 54
13 31 82
13 35 93
13 39 29
13 40 17
13 41 88
13 50 51
13 52 97
13 54 61
13 56 71
13 59 66
13 64 24
13 67 71
13 69 78
13 70 1
13 74 65
13 76 92
13 77 57
13 80 10
13 82 100
13 85 20
13 86 57
13 88 82
13 94 37
13 95 75
13 96 20
13 97 49
13 98 54
13 103 54
13 104 89
13 106 82
13 107 54
13 110 43
13 111 98
13 112 56
13 114 85
13 116 34
13 118 83
13 126 100
13 128 38
13 131 1
13 133 91
13 135 58
13 137 31
13 141 20
13 148 6
13 149 13
13 150 83
14 29 85
14 31 69
14 32 46
14 33 88
14 35 34
14 36 98
14 45 97
14 46 100
14 49 4
14 55 75
14 57 28
14 58 31
14 60 30
14 65 71
14 66 33
14 69 67
14 71 63
14 73 8
14 78 91
14 82 97
14 83 46
14 84 66
14 85 15
14 87 54
14 89 74
14 90 80
14 91 9
14 93 43
14 107 26
14 108 46
14 109 43
14 110 93
14 111 96
14 114 76
14 119 27
14 122 75
14 124 34
14 125 47
14 129 67
14 131 40
14 132 80
14 133 51
14 135 1
14 137 20
14 138 1
14 143 9
14 144 49
14 146 33
14 147 44
14 148 60
14 149 92
15 18 90
15 20 32
15 21 68
15 23 69
15 24 3
15 25 52
15 28 87
15 29 26
15 34 84
15 39 1
15 41 25
15 43 64
15 44 88
15 46 81
15 49 84
15 55 82
15 56 48
15 57 63
15 59 10
15 60 39
15 62 19
15 64 2
15 68 24
15 72 90
15 73 38
15 77 21
15 83 76
15 85 61
15 86 41
15 87 10
15 95 31
15 96 91
15 97 1
15 99 54
15 100 12
15 101 63
15 105 99
15 106 63
15 107 7
15 109 37
15 110 29
15 111 38
15 113 77
15 114 26
15 116 27
15 117 100
15 119 94
15 120 64
15 122 11
15 125 20
15 127 56
15 130 56
15 131 34
15 135 69
15 139 73
15 142 19
15 143 83
15 144 66
15 145 89
15 146 20
15 147 1
15 150 52
16 18 94
16 20 7
16 26 22
16 28 77
16 30 84
16 31 48
16 32 83
16 36 43
16 38 91
16 39 19
16 40 48
16 42 77
16 43 29
16 44 98
16 45 70
16 46 17
16 47 66
16 49 28
16 50 17
16 51 6
16 54 77
16 55 18
16 56 98
16 59 19
16 62 11
16 63 79
16 65 13
16 67 71
16 68 69
16 69 20
16 74 73
16 75 66
16 80 22
16 83 88
16 84 78
16 88 38
16 92 42
16 93 78
16 95 50
16 98 75
16 99 49
16 101 72
16 106 64
16 108 65
16 109 13
16 110 71
16 111 56
16 112 5
16 113 23
16 116 13
16 117 46
16 119 53
16 129 18
16 130 73
16 131 70
16 132 38
16 134 13
16 135 11
16 138 11
16 144 45
16 145 49
16 146 84
16 147 85
16 150 44
17 19 44
17 20 12
17 28 30
17 29 16
17 30 58
17 31 69
17 33 68
17 34 5
17 37 6
17 38 76
17 41 95
17 42 74
17 44 70
17 45 7
17 54 62
17 55 65
17 63 2
17 64 100
17 65 32
17 69 44
17 75 81
17 77 33
17 82 62
17 85 60
17 86 8
17 87 63
17 89 60
17 91 79
17 94 7
17 95 73
17 97 14
17 98 76
17 105 78
17 107 28
17 108 84
17 110 65
17 111 19
17 117 66
17 119 75
17 122 9
17 125 49
17 126 68
17 129 16
17 132 68
17 140 87
17 142 62
17 144 90
17 145 31
17 147 29
18 21 94
18 22 60
18 29 98
18 30 23
18 31 22
18 32 25
18 36 39
18 46 42
18 50 14
18 52 30
18 55 41
18 56 95
18 57 84
18 61 30
18 62 54
18 65 48
18 69 34
18 74 19
18 76 62
18 77 61
18 79 65
18 81 27
18 85 99
18 87 40
18 91 97
18 93 100
18 95 60
18 98 27
18 100 71
18 103 71
18 104 79
18 105 44
18 106 98
18 107 80
18 108 59
18 109 35
18 110 14
18 114 2
18 116 52
18 120 100
18 128 68
18 133 49
18 134 63
18 138 77
18 140 60
18 141 40
18 143 58
18 144 86
18 145 8
18 146 27
18 148 93
18 150 67
19 21 22
19 22 6
19 23 74
19 24 19
19 27 30
19 29 56
19 30 95
19 31 79
19 32 11
19 33 12
19 34 62
19 36 63
19 37 54
19 42 1
19 45 59
19 46 62
19 47 45
19 50 5
19 56 11
19 61 77
19 65 12
19 72 94
19 78 74
19 79 45
19 80 92
19 81 12
19 82 28
19 83 13
19 84 79
19 85 99
19 89 100
19 90 9
19 91 1
19 94 49
19 95 11
19 100 99
19 102 96
19 106 88
19 107 73
19 110 62
19 112 34
19 113 22
19 116 56
19 119 82
19 122 11
19 127 64
19 128 36
19 130 59
19 134 35
19 135 12
19 137 54
19 139 70
19 142 48
19 143 80
19 144 53
19 145 12
19 146 69
19 147 42
19 149 76
19 150 46
20 21 27
20 22 73
20 23 88
20 28 38
20 29 85
20 31 35
20 43 26
20 46 27
20 49 67
20 50 73
20 51 53
20 52 30
20 53 95
20 56 20
20 59 83
20 61 53
20 62 85
20 65 94
20 72 28
20 73 53
20 75 74
20 77 32
20 78 88
20 80 58
20 83 63
20 88 6
20 89 5
20 90 45
20 94 60
20 95 16
20 100 31
20 105 89
20 106 32
20 109 26
20 113 20
