150 10058 1
1 5 6
1 8 50
1 16 71
1 18 67
1 19 100
1 20 68
1 23 18
1 26 10
1 29 52
1 34 54
1 35 30
1 36 22
1 39 40
1 40 78
1 41 64
1 44 29
1 46 69
1 47 65
1 48 47
1 51 16
1 53 69
1 56 90
1 61 77
1 62 27
1 63 59
1 64 39
1 65 49
1 68 89
1 69 11
1 70 61
1 72 26
1 76 45
1 78 80
1 79 19
1 83 56
1 86 73
1 90 99
1 94 99
1 96 97
1 99 21
1 102 54
1 109 98
1 113 11
1 115 6
1 118 4
1 122 22
1 125 41
1 134 84
1 138 79
1 139 57
1 142 26
1 143 43
1 146 100
2 3 52
2 4 100
2 7 34
2 11 64
2 12 22
2 14 21
2 18 97
2 20 94
2 26 99
2 28 53
2 30 27
2 31 57
2 35 64
2 38 67
2 39 71
2 40 39
2 42 63
2 44 5
2 47 55
2 48 22
2 53 6
2 54 64
2 56 43
2 59 51
2 60 40
2 61 33
2 62 83
2 73 55
2 77 85
2 78 94
2 79 100
2 81 24
2 85 60
2 86 88
2 91 9
2 92 35
2 94 92
2 95 13
2 96 67
2 97 69
2 99 66
2 105 69
2 108 29
2 116 63
2 117 8
2 118 7
2 125 31
2 132 27
2 138 48
2 139 100
2 140 49
2 144 16
2 146 9
2 148 45
2 149 41
3 4 71
3 8 16
3 9 91
3 10 94
3 11 43
3 14 40
3 17 60
3 18 4
3 19 38
3 23 45
3 24 23
3 28 51
3 32 25
3 33 34
3 35 32
3 37 82
3 41 31
3 49 61
3 50 22
3 52 29
3 53 72
3 54 51
3 55 68
3 56 36
3 57 62
3 58 7
3 59 47
3 60 90
3 62 12
3 66 18
3 67 98
3 70 4
3 71 78
3 72 27
3 73 33
3 74 77
3 75 53
3 76 73
3 80 38
3 83 31
3 84 100
3 85 47
3 87 40
3 88 27
3 90 55
3 92 1
3 94 52
3 95 24
3 96 38
3 97 87
3 98 8
3 99 48
3 101 91
3 104 65
3 112 34
3 114 18
3 115 63
3 116 7
3 120 70
3 121 88
3 123 8
3 125 53
3 127 96
3 128 64
3 129 20
3 137 76
3 139 24
3 140 17
3 145 92
3 146 85
3 149 88
3 150 42
4 6 72
4 8 26
4 9 69
4 13 21
4 14 100
4 21 68
4 23 8
4 25 10
4 26 69
4 28 81
4 31 41
4 32 78
4 33 48
4 38 39
4 39 2
4 40 3
4 42 22
4 43 40
4 49 22
4 53 37
4 54 82
4 58 8
4 59 99
4 61 43
4 62 18
4 65 54
4 67 50
4 69 90
4 70 5
4 71 74
4 72 13
4 74 2
4 79 40
4 84 36
4 85 94
4 87 14
4 89 85
4 97 39
4 99 67
4 100 40
4 101 31
4 109 12
4 110 78
4 111 9
4 112 86
4 113 7
4 116 62
4 120 25
4 123 81
4 126 30
4 127 29
4 130 29
4 137 42
4 147 4
4 150 36
5 10 66
5 11 11
5 12 28
5 17 76
5 19 96
5 20 7
5 21 91
5 22 35
5 23 58
5 24 74
5 26 16
5 28 28
5 30 90
5 32 99
5 33 29
5 34 77
5 37 82
5 38 75
5 41 41
5 42 28
5 44 88
5 46 27
5 47 81
5 50 88
5 53 44
5 57 20
5 61 81
5 62 94
5 69 53
5 72 27
5 73 86
5 75 53
5 76 63
5 78 86
5 81 62
5 83 34
5 85 9
5 86 43
5 89 27
5 94 36
5 98 96
5 102 55
5 105 89
5 111 50
5 112 23
5 113 56
5 116 33
5 118 75
5 120 67
5 121 53
5 123 20
5 126 53
5 128 29
5 129 55
5 130 28
5 132 17
5 133 54
5 134 50
5 135 76
5 140 92
5 141 30
5 143 26
5 144 11
6 9 64
6 10 100
6 11 98
6 13 61
6 19 26
6 25 62
6 27 81
6 28 84
6 33 86
6 38 45
6 46 68
6 47 54
6 55 68
6 56 1
6 60 5
6 61 30
6 68 69
6 69 97
6 70 5
6 72 2
6 73 27
6 75 79
6 81 32
6 82 72
6 84 17
6 85 57
6 88 80
6 92 62
6 94 93
6 95 41
6 96 50
6 100 99
6 101 84
6 102 46
6 103 51
6 104 37
6 105 31
6 106 99
6 107 2
6 108 73
6 110 3
6 111 8
6 113 30
6 114 10
6 116 80
6 117 54
6 119 82
6 120 52
6 124 67
6 125 25
6 128 28
6 129 42
6 133 45
6 134 68
6 135 98
6 136 41
6 137 26
6 139 100
6 140 79
6 147 17
6 148 52
7 8 55
7 9 100
7 13 83
7 15 32
7 17 10
7 18 64
7 19 95
7 21 77
7 23 74
7 25 12
7 28 65
7 35 93
7 40 86
7 41 96
7 42 29
7 43 78
7 45 6
7 46 78
7 48 53
7 49 98
7 54 11
7 55 87
7 56 75
7 57 9
7 58 10
7 62 96
7 64 3
7 65 22
7 67 24
7 70 43
7 71 41
7 72 89
7 75 69
7 76 50
7 77 1
7 78 46
7 79 95
7 80 62
7 83 78
7 85 39
7 87 15
7 88 20
7 89 65
7 91 28
7 93 1
7 95 15
7 97 42
7 98 17
7 99 35
7 102 61
7 103 19
7 104 36
7 107 11
7 108 35
7 109 46
7 110 23
7 113 51
7 115 72
7 117 60
7 124 34
7 125 6
7 130 37
7 133 65
7 134 26
7 136 65
7 137 55
7 138 7
7 141 28
7 143 31
7 145 16
7 147 10
8 11 40
8 12 19
8 16 67
8 18 49
8 23 22
8 28 65
8 29 15
8 34 87
8 35 36
8 38 87
8 39 40
8 40 51
8 41 21
8 42 100
8 46 81
8 48 78
8 55 30
8 57 82
8 58 83
8 61 22
8 62 28
8 63 40
8 65 76
8 68 24
8 69 47
8 70 46
8 72 57
8 73 70
8 76 17
8 77 24
8 79 55
8 80 79
8 82 16
8 83 32
8 85 8
8 88 31
8 89 55
8 90 88
8 91 49
8 93 14
8 95 67
8 100 61
8 104 42
8 106 36
8 107 19
8 109 87
8 111 40
8 112 63
8 115 72
8 117 78
8 121 60
8 122 59
8 123 79
8 126 20
8 127 91
8 129 43
8 130 38
8 131 39
8 132 33
8 135 10
8 138 33
8 139 95
8 140 65
8 142 5
8 143 98
8 144 51
8 146 94
8 150 70
9 10 5
9 16 90
9 22 14
9 24 6
9 25 10
9 27 61
9 32 94
9 36 92
9 44 6
9 48 46
9 51 78
9 52 64
9 53 42
9 57 81
9 60 31
9 69 73
9 72 22
9 73 29
9 76 3
9 81 50
9 83 17
9 86 93
9 88 30
9 92 18
9 95 60
9 96 73
9 97 50
9 102 44
9 103 37
9 105 37
9 108 22
9 114 91
9 115 31
9 117 13
9 118 29
9 120 84
9 121 79
9 122 17
9 128 5
9 130 37
9 131 49
9 137 68
9 139 20
9 140 41
9 141 89
9 142 64
9 145 54
9 147 50
10 11 78
10 13 9
10 15 86
10 16 70
10 19 13
10 21 42
10 22 10
10 25 78
10 26 84
10 27 41
10 28 37
10 29 54
10 30 7
10 31 44
10 32 37
10 34 79
10 35 3
10 39 14
10 41 9
10 50 16
10 51 61
10 52 55
10 54 34
10 61 4
10 62 97
10 63 32
10 64 31
10 66 13
10 67 26
10 71 52
10 74 3
10 75 81
10 80 64
10 83 100
10 85 36
10 87 90
10 89 41
10 91 61
10 93 58
10 95 90
10 97 37
10 98 100
10 102 72
10 105 30
10 106 5
10 107 3
10 108 52
10 109 90
10 111 42
10 112 91
10 113 27
10 114 43
10 115 23
10 120 78
10 121 97
10 130 14
10 131 96
10 132 80
10 133 38
10 134 30
10 137 68
10 140 28
10 141 87
10 142 82
10 144 96
10 147 46
10 150 12
11 12 26
11 14 36
11 19 31
11 20 73
11 21 23
11 22 96
11 27 71
11 30 55
11 32 68
11 36 50
11 38 57
11 39 83
11 49 6
11 50 11
11 51 5
11 53 14
11 58 4
11 60 73
11 62 18
11 63 42
11 64 38
11 66 52
11 67 94
11 68 85
11 72 100
11 73 73
11 74 39
11 80 50
11 86 50
11 88 48
11 90 100
11 94 12
11 95 68
11 102 40
11 104 6
11 106 4
11 108 92
11 109 18
11 117 74
11 120 43
11 121 51
11 125 14
11 127 88
11 128 79
11 131 87
11 132 24
11 133 15
11 138 18
11 141 14
11 144 60
11 145 47
11 148 48
11 149 14
11 150 35
12 15 43
12 16 15
12 19 36
12 20 9
12 27 84
12 33 12
12 34 39
12 39 70
12 40 24
12 42 11
12 44 86
12 46 59
12 51 19
12 54 23
12 56 94
12 59 4
12 60 62
12 63 14
12 65 14
12 67 80
12 68 78
12 69 6
12 70 82
12 71 19
12 73 64
12 75 15
12 77 71
12 78 6
12 80 54
12 81 58
12 82 87
12 87 2
12 88 80
12 94 4
12 97 33
12 101 15
12 102 73
12 104 13
12 106 1
12 108 64
12 109 38
12 112 78
12 118 11
12 122 7
12 127 31
12 128 25
12 129 77
12 131 14
12 132 84
12 135 97
12 136 82
12 140 11
12 142 55
12 148 70
13 14 37
13 16 16
13 18 100
13 19 74
13 20 52
13 21 41
13 30 3
13 31 58
13 32 87
13 35 36
13 37 96
13 39 51
13 41 34
13 42 1
13 43 79
13 45 91
13 46 64
13 50 67
13 54 25
13 56 28
13 58 72
13 63 8
13 66 10
13 69 63
13 70 44
13 73 69
13 74 68
13 75 16
13 76 30
13 78 63
13 80 48
13 81 87
13 85 11
13 86 68
13 87 42
13 90 73
13 92 92
13 93 89
13 95 60
13 99 47
13 102 54
13 103 4
13 104 1
13 107 4
13 110 50
13 115 2
13 119 80
13 120 69
13 122 49
13 125 44
13 126 30
13 127 69
13 130 92
13 132 88
13 134 46
13 135 39
13 136 94
13 137 24
13 138 21
13 139 49
13 150 49
14 15 77
14 18 47
14 19 51
14 20 67
14 25 35
14 27 31
14 28 33
14 29 64
14 32 53
14 33 10
14 35 9
14 37 43
14 39 2
14 45 15
14 52 57
14 56 81
14 70 58
14 73 3
14 77 26
14 80 68
14 82 3
14 86 24
14 87 37
14 88 43
14 95 22
14 96 46
14 97 82
14 99 82
14 102 78
14 103 14
14 104 15
14 106 85
14 112 73
14 114 12
14 119 20
14 120 69
14 121 61
14 123 45
14 124 3
14 125 10
14 128 14
14 132 91
14 134 35
14 135 73
14 138 46
14 139 46
14 140 27
14 141 33
14 143 48
14 146 16
14 148 79
14 149 27
15 16 94
15 23 85
15 31 43
15 34 89
15 36 59
15 37 95
15 41 8
15 44 93
15 45 50
15 48 21
15 51 37
15 55 7
15 56 36
15 57 45
15 59 17
15 60 66
15 62 72
15 63 49
15 65 81
15 67 32
15 68 66
15 69 39
15 70 63
15 72 79
15 74 57
15 82 59
15 83 55
15 84 8
15 85 2
15 86 90
15 89 43
15 93 19
15 94 12
15 99 85
15 101 34
15 102 53
15 104 8
15 109 9
15 110 91
15 113 33
15 116 76
15 118 80
15 119 38
15 120 96
15 122 69
15 125 94
15 128 37
15 133 71
15 134 68
15 135 82
15 136 53
15 138 73
15 141 47
15 142 6
15 143 66
15 144 36
15 146 15
15 147 12
15 148 43
16 17 17
16 19 5
16 20 73
16 21 50
16 22 22
16 25 59
16 27 29
16 28 92
16 31 32
16 33 89
16 34 50
16 37 57
16 40 55
16 41 14
16 42 49
16 47 61
16 49 94
16 50 87
16 52 1
16 55 23
16 58 12
16 64 4
16 67 76
16 69 93
16 70 72
16 72 91
16 74 54
16 77 98
16 78 23
16 80 58
16 81 15
16 85 15
16 86 77
16 87 90
16 88 19
16 91 46
16 93 91
16 97 55
16 98 14
16 100 11
16 113 71
16 116 11
16 121 98
16 122 18
16 124 63
16 131 29
16 134 63
16 135 23
16 139 25
16 140 9
16 141 99
16 142 55
16 143 58
16 146 58
17 18 10
17 19 49
17 23 86
17 24 19
17 27 62
17 30 81
17 35 84
17 40 19
17 41 57
17 45 9
17 48 75
17 49 93
17 50 41
17 53 55
17 56 86
17 58 34
17 63 32
17 64 50
17 65 32
17 66 99
17 67 62
17 70 34
17 72 79
17 73 67
17 74 66
17 76 63
17 78 100
17 80 97
17 82 48
17 84 22
17 85 63
17 90 19
17 94 30
17 98 40
17 100 69
17 102 97
17 103 100
17 105 15
17 107 40
17 108 69
17 109 22
17 110 43
17 113 31
17 114 7
17 117 17
17 119 40
17 120 92
17 122 87
17 128 18
17 131 4
17 132 34
17 133 25
17 135 88
17 141 99
17 142 51
17 145 63
17 146 44
17 149 4
18 23 57
18 24 77
18 26 66
18 27 66
18 29 3
18 30 53
18 31 43
18 34 91
18 35 64
18 36 32
18 39 73
18 41 85
18 45 79
18 48 22
18 49 8
18 50 63
18 51 6
18 52 77
18 57 57
18 59 97
18 60 79
18 63 78
18 65 81
18 67 75
18 68 70
18 69 83
18 70 11
18 72 77
18 73 86
18 76 2
18 79 37
18 81 95
18 83 44
18 84 17
18 86 20
18 87 40
18 88 9
18 91 77
18 95 46
18 96 73
18 104 14
18 107 38
18 109 24
18 110 28
18 112 89
18 115 97
18 117 90
18 120 80
18 122 44
18 123 65
18 124 21
18 125 50
18 127 74
18 131 25
18 132 97
18 138 94
18 145 23
18 146 78
18 147 52
18 149 68
19 20 21
19 22 40
19 23 24
19 24 29
19 25 100
19 26 68
19 31 54
19 37 67
19 40 63
19 43 11
19 45 72
19 47 87
19 48 21
19 50 15
19 51 33
19 53 17
19 58 32
19 60 76
19 65 72
19 68 78
19 69 56
19 72 94
19 80 71
19 82 51
19 84 10
19 85 97
19 86 74
19 88 2
19 89 67
19 95 47
19 97 27
19 98 45
19 106 95
19 107 15
19 109 56
19 110 37
19 112 17
19 114 21
19 117 25
19 118 78
19 125 10
19 135 1
19 140 84
19 142 6
19 143 4
19 145 31
20 21 7
20 24 9
20 25 28
20 29 6
20 30 77
20 34 37
20 35 59
20 38 79
20 41 16
20 46 74
20 51 46
20 52 76
20 54 94
20 56 75
20 59 17
20 61 28
20 62 70
20 65 8
20 66 3
20 68 67
20 70 92
20 71 62
20 74 85
20 77 1
20 78 22
20 81 100
20 83 70
20 84 47
20 85 14
20 86 5
20 87 39
20 91 64
20 94 13
20 95 76
20 96 68
20 97 56
20 101 22
20 103 54
20 104 44
20 106 75
20 110 76
20 112 65
20 117 66
20 118 98
20 120 66
20 123 20
20 125 93
20 128 69
20 131 88
20 133 59
20 134 11
20 137 60
20 144 15
20 145 85
20 146 24
20 147 47
20 150 100
21 22 16
21 23 10
21 24 86
21 25 29
21 33 32
21 35 77
21 38 70
21 39 33
21 40 95
21 43 79
21 44 55
21 46 77
21 47 94
21 48 75
21 49 40
21 51 12
21 53 34
21 55 57
21 56 78
21 58 85
21 59 32
21 60 17
21 61 87
21 73 20
21 75 74
21 76 55
21 79 12
21 82 86
21 83 52
21 85 68
21 89 66
21 92 4
21 96 96
21 98 38
21 105 7
21 106 20
21 107 96
21 108 16
21 111 41
21 114 19
21 119 96
21 122 7
21 123 67
21 124 56
21 127 1
21 128 76
21 129 55
21 132 92
21 133 30
21 135 63
21 136 100
21 137 56
21 138 11
21 140 76
21 142 49
21 147 85
21 148 46
22 23 77
22 30 88
22 31 32
22 36 71
22 39 17
22 40 33
22 43 20
22 47 90
22 50 12
22 58 51
22 61 93
22 63 96
22 65 97
22 70 3
22 72 13
22 75 37
22 76 43
22 79 49
22 81 86
22 85 96
22 89 6
22 90 35
22 91 14
22 92 65
22 93 21
22 94 12
22 95 21
22 97 68
22 100 86
22 102 48
22 106 48
22 107 73
22 111 23
22 115 39
22 116 94
22 117 5
22 118 85
22 121 97
22 122 83
22 123 67
22 124 37
22 125 72
22 133 55
22 134 16
22 139 57
22 142 53
22 149 20
22 150 80
23 24 4
23 30 3
23 33 79
23 34 4
23 38 92
23 40 73
23 42 54
23 44 56
23 45 25
23 46 15
23 48 27
23 49 14
23 52 97
23 57 95
23 58 17
23 60 30
23 61 76
23 64 93
23 65 87
23 66 57
23 68 30
23 70 78
23 73 31
23 75 10
23 76 51
23 78 63
23 83 62
23 89 63
23 90 29
23 91 49
23 92 11
23 94 39
23 97 70
23 101 94
23 102 52
23 103 5
23 105 12
23 107 30
23 108 24
23 112 69
23 113 64
23 116 99
23 121 37
23 124 42
23 128 43
23 131 37
23 132 63
23 133 42
23 136 47
23 138 5
23 139 42
23 141 48
23 142 28
23 143 11
23 148 96
23 149 74
24 30 93
24 36 85
24 37 33
24 38 6
24 46 85
24 47 91
24 48 51
24 49 69
24 51 2
24 53 88
24 54 16
24 57 31
24 61 14
24 63 40
24 64 95
24 66 62
24 67 67
24 71 49
24 74 53
24 75 26
24 79 4
24 81 28
24 88 20
24 90 70
24 91 70
24 94 37
24 96 80
24 97 80
24 99 45
24 100 93
24 101 98
24 104 42
24 106 17
24 109 8
24 111 55
24 115 76
24 116 88
24 117 27
24 119 4
24 120 28
24 121 69
24 122 82
24 123 24
24 128 100
24 130 68
24 133 52
24 137 64
24 139 1
24 142 18
24 143 16
24 145 5
24 147 90
24 150 50
25 29 6
25 35 32
25 36 26
25 40 55
25 43 55
25 44 50
25 45 36
25 51 57
25 53 14
25 55 80
25 56 44
25 57 34
25 61 12
25 62 40
25 65 70
25 67 53
25 68 21
25 71 62
25 74 90
25 75 13
25 77 56
25 80 74
25 81 98
25 83 39
25 86 76
25 88 90
25 89 64
25 93 12
25 95 9
25 96 24
25 99 29
25 104 61
25 106 60
25 107 37
25 109 11
25 112 63
25 113 32
25 114 1
25 119 5
25 126 61
25 129 28
25 131 68
25 133 57
25 139 38
25 146 92
25 148 64
25 149 68
25 150 97
26 27 72
26 29 76
26 31 98
26 32 60
26 36 37
26 37 69
26 40 72
26 42 86
26 43 33
26 44 48
26 46 42
26 47 96
26 49 46
26 53 30
26 54 76
26 56 69
26 62 36
26 64 3
26 66 39
26 69 49
26 76 30
26 77 11
26 78 47
26 83 84
26 84 87
26 86 75
26 90 99
26 91 64
26 92 31
26 94 18
26 97 2
26 98 29
26 100 67
26 102 39
26 103 57
26 105 16
26 106 11
26 110 65
26 113 5
26 114 5
26 115 36
26 116 30
26 121 70
26 125 19
26 127 32
26 130 29
26 131 85
26 133 62
26 137 2
26 138 39
26 144 64
26 145 56
26 149 25
27 28 58
27 29 34
27 43 4
27 44 50
27 45 32
27 46 85
27 47 4
27 50 52
27 51 48
27 52 21
27 53 42
27 55 19
27 56 11
27 60 34
27 65 98
27 67 80
27 68 32
27 69 72
27 70 42
27 71 81
27 72 18
27 74 19
27 75 38
27 76 49
27 80 69
27 81 63
27 82 66
27 86 47
27 87 10
27 88 67
27 90 1
27 91 9
27 92 88
27 93 4
27 94 26
27 102 64
27 105 29
27 107 99
27 108 44
27 112 74
27 115 19
27 120 31
27 124 20
27 125 32
27 126 39
27 127 97
27 129 73
27 132 83
27 133 84
27 136 42
27 138 95
27 139 18
27 140 99
27 141 67
27 143 57
27 144 88
27 145 83
27 146 62
27 148 54
28 34 33
28 38 89
28 46 51
28 49 51
28 57 42
28 63 85
28 65 5
28 67 38
28 70 51
28 74 82
28 75 98
28 82 33
28 83 43
28 88 32
28 92 55
28 108 4
28 111 97
28 112 25
28 113 35
28 116 29
28 119 22
28 122 44
28 123 34
28 124 76
28 125 47
28 126 90
28 128 23
28 129 35
28 131 16
28 133 35
28 135 29
28 136 21
28 137 42
28 140 47
28 143 57
28 145 82
28 146 81
28 147 31
28 148 17
28 149 20
29 30 19
29 31 60
29 34 1
29 35 31
29 40 99
29 43 36
29 45 63
29 46 91
29 48 76
29 50 94
29 51 28
29 52 5
29 54 89
29 56 46
29 58 34
29 63 9
29 65 98
29 67 96
29 68 52
29 69 66
29 80 50
29 83 43
29 84 61
29 92 78
29 99 86
29 100 5
29 101 8
29 102 51
29 106 74
29 109 66
29 110 34
29 113 54
29 116 82
29 118 18
29 121 95
29 128 28
29 129 92
29 131 74
29 132 78
29 134 78
29 136 26
29 137 46
29 140 17
29 144 43
29 145 94
29 147 54
29 150 82
30 31 18
30 32 56
30 39 15
30 41 9
30 44 42
30 47 27
30 50 15
30 53 77
30 61 1
30 62 90
30 66 18
30 69 92
30 75 76
30 82 8
30 85 80
30 87 31
30 89 5
30 90 67
30 91 14
30 94 89
30 97 62
30 101 92
30 103 25
30 107 72
30 108 84
30 109 94
30 111 1
30 112 7
30 115 90
30 116 68
30 117 5
30 118 61
30 123 30
30 126 60
30 132 48
30 134 34
30 135 60
30 137 76
30 138 29
30 140 36
30 143 44
30 146 25
30 147 83
30 150 33
31 32 35
31 35 34
31 37 46
31 39 91
31 40 4
31 42 74
31 45 47
31 49 73
31 50 42
31 55 80
31 58 17
31 60 22
31 62 32
31 63 81
31 64 18
31 65 100
31 67 48
31 68 39
31 72 30
31 74 91
31 75 26
31 78 42
31 79 59
31 80 75
31 82 50
31 84 28
31 85 75
31 87 25
31 88 61
31 89 41
31 91 7
31 93 24
31 96 65
31 98 76
31 102 45
31 106 89
31 107 9
31 110 41
31 111 100
31 116 10
31 117 90
31 121 42
31 122 28
31 124 51
31 126 41
31 127 3
31 128 88
31 129 16
31 130 84
31 131 24
31 135 3
31 136 68
31 137 69
31 144 13
31 147 62
31 149 99
32 34 44
32 36 58
32 38 29
32 42 41
32 43 2
32 44 30
32 48 2
32 49 90
32 50 61
32 56 13
32 60 8
32 62 50
32 64 15
32 65 69
32 83 5
32 84 44
32 86 5
32 91 56
32 92 77
32 93 34
32 94 32
32 99 59
32 100 46
32 102 91
32 107 2
32 113 82
32 116 60
32 117 43
32 120 85
32 121 81
32 122 35
32 123 35
32 124 17
32 130 5
32 132 41
32 133 17
32 135 71
32 138 86
32 140 71
32 141 18
32 146 57
32 149 29
32 150 61
33 36 42
33 38 78
33 39 24
33 40 48
33 41 14
33 43 42
33 45 20
33 46 2
33 49 75
33 50 67
33 52 67
33 56 59
33 60 43
33 63 12
33 65 70
33 71 2
33 72 61
33 74 97
33 76 52
33 77 79
33 81 45
33 82 16
33 87 2
33 91 33
33 93 18
33 95 21
33 96 90
33 98 44
33 107 5
33 112 37
33 113 95
33 114 81
33 118 81
33 119 14
33 120 35
33 122 5
33 125 82
33 126 51
33 127 39
33 133 16
33 134 5
33 135 25
33 142 69
33 144 6
33 145 59
33 147 22
33 149 18
34 36 94
34 38 50
34 39 13
34 40 98
34 44 67
34 45 100
34 46 40
34 53 95
34 57 49
34 59 94
34 66 85
34 69 83
34 70 35
34 72 73
34 76 34
34 79 28
34 81 22
34 82 36
34 87 42
34 89 85
34 93 38
34 95 59
34 96 67
34 97 97
34 100 9
34 103 50
34 104 11
34 105 49
34 111 16
34 116 59
34 117 86
34 120 2
34 121 88
34 122 32
34 125 70
34 126 50
34 129 3
34 133 40
34 134 94
34 135 74
34 136 14
34 137 59
34 138 94
34 139 85
34 140 82
34 141 72
34 142 96
34 143 30
34 145 27
34 146 100
34 148 61
34 150 59
35 38 6
35 39 45
35 42 25
35 43 13
35 45 70
35 50 66
35 51 75
35 52 79
35 58 12
35 59 2
35 63 90
35 67 55
35 70 81
35 74 72
35 76 8
35 78 30
35 79 9
35 80 9
35 85 22
35 88 53
35 91 97
35 95 45
35 96 51
35 99 92
35 101 78
35 106 9
35 107 19
35 108 88
35 111 43
35 112 17
35 113 11
35 115 67
35 119 74
35 120 10
35 121 61
35 123 59
35 124 60
35 125 78
35 126 74
35 138 50
35 142 21
35 145 89
35 149 7
36 39 9
36 42 61
36 43 58
36 45 64
36 46 19
36 47 66
36 48 23
36 50 99
36 54 50
36 63 19
36 67 44
36 68 47
36 71 18
36 76 99
36 77 27
36 81 17
36 84 10
36 85 27
36 90 59
36 94 100
36 97 11
36 99 54
36 100 55
36 103 57
36 105 84
36 106 72
36 107 54
36 109 5
36 113 95
36 115 25
36 117 37
36 118 61
36 123 75
36 125 13
36 133 57
36 139 41
36 142 49
36 145 76
36 147 43
36 148 57
37 40 42
37 43 13
37 45 97
37 47 22
37 48 95
37 51 55
37 54 80
37 55 68
37 56 100
37 57 74
37 59 32
37 60 93
37 63 56
37 64 86
37 65 66
37 66 11
37 67 13
37 70 86
37 75 77
37 82 59
37 83 50
37 86 95
37 88 36
37 90 2
37 91 82
37 92 89
37 93 67
37 94 36
37 95 40
37 97 75
37 99 62
37 100 77
37 101 38
37 103 8
37 104 86
37 106 15
37 113 37
37 115 91
37 117 74
37 120 94
37 122 82
37 125 33
37 127 90
37 132 9
37 133 93
37 138 4
37 141 20
37 146 49
38 39 42
38 42 71
38 43 78
38 45 43
38 47 60
38 50 72
38 51 35
38 52 62
38 63 21
38 67 62
38 70 26
38 77 26
38 81 99
38 82 98
38 84 10
38 86 36
38 87 5
38 88 18
38 91 1
38 93 92
38 95 70
38 96 39
38 102 41
38 103 4
38 107 89
38 110 88
38 112 82
38 114 21
38 118 99
38 120 41
38 122 20
38 128 81
38 130 29
38 132 11
38 133 1
38 134 38
38 136 84
38 142 44
38 145 7
38 146 69
38 147 36
38 149 75
39 40 51
39 43 1
39 46 33
39 48 57
39 49 17
39 50 11
39 54 79
39 57 6
39 64 91
39 65 12
39 68 54
39 71 20
39 74 26
39 82 38
39 84 55
39 86 16
39 89 19
39 90 63
39 92 22
39 93 22
39 94 40
39 97 42
39 98 8
39 99 78
39 100 19
39 101 64
39 103 23
39 110 6
39 117 49
39 119 21
39 120 26
39 124 72
39 128 36
39 131 35
39 132 61
39 134 70
39 138 73
39 141 1
39 143 27
39 148 7
39 149 92
39 150 38
40 43 92
40 44 1
40 45 54
40 46 12
40 48 42
40 51 45
40 52 47
40 57 30
40 58 60
40 64 46
40 65 66
40 66 62
40 68 33
40 80 21
40 81 42
40 83 71
40 84 86
40 86 93
40 87 34
40 91 62
40 93 21
40 96 81
40 97 86
40 98 88
40 99 5
40 105 43
40 107 73
40 108 91
40 116 54
40 120 61
40 121 29
40 124 30
40 128 54
40 131 4
40 135 87
40 139 24
40 141 63
40 143 67
40 149 38
40 150 86
41 43 1
41 44 84
41 48 29
41 54 51
41 56 48
41 57 19
41 58 51
41 64 85
41 66 74
41 68 77
41 70 67
41 71 85
41 72 35
41 79 88
41 80 81
41 81 33
41 84 4
41 86 89
41 92 97
41 95 11
41 97 21
41 101 58
41 102 59
41 105 56
41 108 1
41 109 37
41 110 18
41 111 6
41 113 81
41 114 22
41 115 53
41 116 100
41 119 57
41 131 41
41 132 32
41 136 49
41 138 64
41 141 58
41 148 94
42 43 97
42 44 78
42 45 37
42 48 18
42 53 37
42 55 14
42 57 54
42 64 68
42 72 78
42 73 43
42 74 42
42 75 56
42 76 42
42 80 33
42 82 68
42 84 80
42 86 40
42 90 98
42 92 52
42 94 37
42 95 32
42 96 87
42 98 12
42 106 51
42 110 5
42 118 95
42 120 27
42 122 60
42 123 51
42 124 24
42 125 78
42 130 52
42 131 89
42 133 67
42 136 65
42 138 54
42 139 9
42 146 13
42 147 31
42 150 28
43 44 25
43 46 6
43 51 24
43 55 89
43 57 59
43 58 4
43 59 8
43 60 3
43 62 83
43 64 83
43 67 99
43 69 48
43 70 13
43 71 18
43 74 33
43 75 68
43 76 43
43 78 91
43 81 76
43 82 3
43 84 78
43 86 6
43 89 63
43 90 65
43 93 2
43 94 30
43 96 39
43 101 60
43 102 32
43 107 2
43 109 26
43 111 98
43 116 91
43 117 100
43 120 55
43 122 12
43 127 36
43 128 59
43 130 74
43 131 18
43 133 23
43 134 49
43 141 48
43 142 98
43 143 43
43 147 3
43 148 89
43 150 57
44 46 74
44 48 17
44 60 61
44 61 73
44 62 21
44 65 73
44 66 68
44 67 17
44 68 97
44 71 47
44 72 86
44 77 92
44 78 80
44 80 96
44 83 7
44 85 80
44 86 22
44 89 53
44 90 30
44 94 49
44 97 49
44 100 80
44 101 93
44 102 86
44 107 20
44 108 21
44 112 68
44 113 71
44 114 26
44 117 88
44 122 90
44 123 92
44 124 63
44 131 41
44 137 38
44 138 80
44 140 6
44 143 88
45 47 11
45 48 36
45 50 15
45 54 100
45 55 78
45 56 50
45 60 51
45 62 51
45 63 56
45 64 53
45 66 13
45 67 87
45 70 43
45 72 60
45 76 23
45 82 8
45 85 95
45 87 37
45 90 38
45 91 22
45 93 40
45 96 94
45 100 24
45 101 56
45 105 98
45 106 93
45 111 99
45 117 17
45 119 46
45 120 34
45 121 4
45 123 36
45 126 68
45 128 52
45 131 24
45 132 70
45 134 55
45 135 38
45 136 24
45 137 5
45 138 16
45 142 35
45 143 85
45 148 2
46 49 53
46 50 67
46 53 67
46 58 77
46 60 44
46 65 59
46 66 54
46 68 58
46 70 15
46 71 12
46 72 5
46 73 28
46 74 52
46 75 57
46 80 66
46 83 31
46 84 47
46 87 32
46 90 4
46 94 64
46 101 80
46 105 98
46 106 55
46 108 12
46 109 86
46 110 77
46 111 14
46 117 61
46 120 24
46 123 95
46 125 32
46 128 83
46 130 69
46 134 34
46 135 46
46 136 9
46 139 14
46 140 52
46 143 71
46 144 35
47 49 52
47 54 12
47 57 68
47 58 75
47 64 67
47 65 81
47 66 28
47 67 58
47 69 79
47 71 96
47 72 30
47 73 35
47 74 66
47 77 1
47 78 87
47 81 94
47 84 4
47 85 38
47 86 4
47 87 2
47 90 11
47 91 51
47 97 23
47 98 72
47 99 27
47 102 71
47 107 67
47 113 100
47 114 61
47 115 32
47 116 68
47 117 28
47 120 42
47 121 58
47 123 57
47 124 7
47 126 53
47 129 47
47 131 81
47 135 88
47 137 13
47 140 99
47 141 2
47 149 31
48 51 69
48 53 50
48 54 23
48 55 29
48 56 55
48 57 42
48 60 97
48 61 89
48 63 91
48 64 19
48 67 81
48 68 30
48 69 75
48 71 18
48 72 10
48 75 81
48 76 71
48 78 84
48 79 25
48 80 97
48 85 22
48 94 91
48 96 9
48 100 33
48 101 93
48 102 63
48 103 72
48 108 38
48 109 59
48 110 19
48 112 2
48 115 79
48 116 48
48 121 90
48 122 45
48 129 87
48 131 95
48 134 89
48 137 15
48 138 14
48 146 62
48 149 24
48 150 58
49 52 58
49 61 99
49 62 6
49 63 53
49 64 88
49 69 95
49 72 97
49 75 6
49 76 79
49 77 78
49 78 33
49 82 59
49 83 56
49 84 74
49 87 30
49 94 84
49 98 34
49 100 43
49 104 25
49 105 36
49 108 88
49 109 22
49 110 34
49 115 12
49 119 22
49 120 72
49 123 13
49 124 51
49 125 40
49 126 84
49 128 90
49 129 87
49 130 86
49 131 67
49 134 28
49 135 5
49 139 70
49 141 32
49 143 20
49 144 86
49 145 37
49 149 9
50 53 7
50 56 25
50 59 38
50 61 37
50 65 80
50 66 87
50 68 86
50 69 6
50 70 95
50 74 13
50 75 45
50 78 56
50 79 24
50 80 25
50 82 83
50 85 18
50 87 79
50 88 70
50 91 46
50 95 95
50 97 53
50 100 90
50 102 31
50 103 77
50 105 2
50 106 83
50 109 6
50 110 77
50 112 54
50 113 12
50 116 57
50 117 7
50 122 72
50 124 41
50 128 90
50 130 96
50 132 76
50 133 35
50 134 40
50 135 87
50 140 45
50 142 16
50 143 31
50 145 50
50 146 82
50 147 62
50 150 99
51 56 63
51 57 70
51 58 55
51 59 73
51 62 74
51 63 11
51 67 84
51 68 43
51 70 64
51 73 63
51 75 80
51 82 9
51 89 15
51 91 38
51 92 12
51 93 73
51 96 82
51 100 85
51 102 61
51 104 19
51 117 55
51 120 31
51 122 8
51 123 18
51 128 83
51 131 39
51 132 24
51 133 77
51 136 23
51 138 47
51 140 18
51 143 96
51 144 7
51 148 91
51 150 85
52 55 1
52 56 37
52 61 66
52 62 57
52 63 19
52 67 9
52 68 60
52 72 5
52 77 14
52 85 50
52 88 50
52 89 94
52 96 41
52 98 6
52 99 56
52 107 51
52 108 27
52 110 83
52 113 31
52 117 40
52 118 30
52 120 37
52 121 14
52 123 55
52 125 79
52 126 75
52 127 41
52 128 26
52 129 30
52 134 69
52 135 12
52 140 40
52 143 64
52 148 93
52 149 11
53 56 29
53 59 97
53 60 21
53 65 24
53 75 72
53 77 25
53 78 64
53 80 22
53 81 2
53 82 57
53 83 8
53 86 16
53 87 7
53 89 4
53 91 43
53 93 48
53 94 76
53 98 54
53 99 3
53 102 39
53 103 71
53 104 66
53 108 76
53 109 78
53 110 80
53 112 69
53 116 31
53 119 21
53 125 86
53 126 20
53 127 4
53 130 95
53 132 16
53 133 82
53 136 2
53 145 21
53 146 17
54 57 41
54 58 20
54 60 60
54 67 48
54 70 3
54 71 15
54 75 77
54 76 63
54 77 19
54 78 77
54 82 67
54 83 66
54 91 73
54 95 38
54 96 78
54 100 82
54 102 48
54 103 3
54 115 61
54 117 30
54 120 65
54 121 46
54 122 2
54 124 23
54 125 18
54 128 64
54 131 47
54 135 36
54 136 65
54 138 47
54 141 83
54 143 95
54 144 16
54 146 40
54 150 42
55 59 23
55 60 18
55 63 7
55 66 61
55 68 94
55 69 3
55 79 59
55 80 74
55 82 36
55 83 42
55 85 36
55 88 32
55 90 80
55 92 40
55 95 60
55 97 91
55 98 93
55 99 11
55 100 69
55 105 47
55 111 22
55 112 9
55 114 50
55 118 11
55 123 66
55 127 79
55 128 48
55 129 89
55 132 4
55 133 59
55 135 92
55 138 2
55 140 88
55 141 56
55 143 26
55 144 100
55 146 84
55 147 83
55 148 63
55 149 15
56 62 95
56 64 34
56 69 99
56 72 11
56 73 56
56 74 29
56 79 65
56 83 77
56 84 96
56 85 33
56 88 89
56 89 84
56 91 60
56 95 72
56 99 100
56 102 12
56 103 74
56 105 70
56 106 54
56 107 86
56 112 44
56 114 68
56 115 99
56 118 52
56 122 19
56 124 2
56 125 96
56 129 62
56 137 80
56 138 46
56 142 49
56 145 64
56 146 73
56 147 65
56 148 51
57 60 19
57 62 98
57 63 80
57 64 86
57 65 91
57 66 31
57 70 37
57 74 91
57 77 3
57 79 42
57 83 74
57 84 98
57 85 97
57 86 20
57 87 35
57 88 70
57 90 75
57 91 71
57 96 72
57 97 50
57 103 38
57 104 22
57 105 63
57 107 9
57 111 19
57 116 98
57 118 22
57 127 55
57 129 81
57 130 80
57 134 58
57 137 60
57 138 22
57 139 97
57 140 12
57 141 88
57 142 85
57 143 52
57 147 77
57 149 24
58 59 81
58 63 58
58 65 8
58 66 4
58 67 75
58 70 9
58 71 35
58 74 83
58 75 9
58 77 9
58 78 28
58 82 3
58 83 79
58 85 87
58 86 63
58 87 4
58 88 4
58 89 68
58 92 4
58 94 85
58 95 43
58 97 10
58 98 90
58 101 40
58 102 84
58 103 62
58 104 56
58 106 92
58 107 73
58 112 48
58 113 98
58 115 32
58 119 64
58 122 96
58 126 46
58 135 66
58 139 33
58 140 83
58 142 88
58 144 81
58 149 2
59 60 87
59 61 13
59 62 7
59 64 1
59 65 6
59 68 24
59 69 50
59 70 16
59 79 9
59 86 28
59 89 42
59 91 99
59 92 15
59 94 76
59 96 77
59 97 99
59 99 4
59 104 84
59 106 67
59 107 39
59 108 37
59 109 90
59 110 54
59 111 65
59 112 82
59 115 38
59 117 25
59 118 39
59 119 87
59 121 68
59 122 53
59 124 40
59 128 44
59 131 97
59 133 28
59 135 7
59 140 14
59 141 68
59 143 46
59 144 16
59 145 42
59 146 60
59 147 39
59 148 77
60 62 41
60 63 36
60 64 65
60 65 51
60 66 25
60 67 8
60 70 4
60 72 79
60 73 40
60 78 76
60 90 79
60 95 18
60 101 73
60 104 88
60 108 98
60 113 30
60 115 44
60 117 100
60 119 59
60 121 70
60 128 87
60 134 82
60 135 91
60 136 78
60 137 42
60 138 67
60 139 54
60 141 43
60 143 53
60 148 75
61 63 74
61 65 10
61 66 69
61 68 65
61 69 79
61 72 68
61 73 47
61 74 1
61 77 10
61 78 19
61 80 28
61 81 14
61 82 88
61 85 29
61 88 50
61 89 39
61 90 75
61 91 34
61 93 51
61 100 66
61 104 7
61 106 88
61 109 40
61 113 90
61 115 81
61 116 83
61 118 87
61 125 83
61 126 40
61 127 3
61 130 74
61 132 51
61 134 86
61 137 1
61 139 61
61 142 87
61 143 54
61 144 83
61 147 92
61 150 84
62 63 62
62 65 35
62 69 33
62 70 50
62 71 73
62 75 64
62 78 59
62 79 39
62 80 51
62 86 86
62 88 68
62 92 60
62 94 81
62 96 22
62 97 26
62 100 27
62 103 87
62 104 39
62 107 98
62 109 93
62 110 87
62 114 73
62 118 16
62 122 79
62 125 82
62 127 30
62 129 4
62 131 47
62 132 52
62 135 81
62 142 42
62 144 23
62 145 9
62 147 7
62 149 8
63 66 41
63 70 61
63 80 55
63 81 39
63 83 60
63 86 43
63 87 5
63 90 50
63 91 65
63 94 13
63 95 57
63 98 42
63 101 28
63 102 23
63 103 7
63 107 17
63 108 96
63 109 44
63 115 28
63 116 86
63 123 1
63 125 12
63 126 94
63 127 68
63 135 69
63 136 4
63 139 50
63 140 39
63 141 63
63 143 60
63 147 15
64 65 90
64 68 42
64 69 82
64 70 82
64 71 21
64 72 22
64 73 43
64 76 76
64 78 96
64 79 61
64 81 49
64 84 66
64 87 84
64 88 42
64 91 79
64 92 27
64 93 38
64 96 19
64 97 8
64 100 59
64 106 13
64 107 57
64 112 14
64 113 4
64 114 11
64 120 29
64 125 37
64 126 35
64 131 11
64 133 60
64 141 10
64 144 38
64 145 19
64 146 90
64 147 28
64 148 30
65 67 43
65 68 21
65 69 54
65 70 95
65 72 69
65 74 21
65 75 92
65 76 60
65 79 37
65 80 62
65 82 44
65 84 48
65 89 53
65 94 56
65 96 55
65 97 87
65 100 95
65 103 94
65 104 49
65 110 2
65 113 8
65 114 71
65 115 6
65 120 27
65 122 53
65 125 73
65 131 35
65 132 90
65 133 58
65 137 62
65 138 62
65 140 68
65 142 100
65 143 41
65 145 28
65 149 92
66 69 25
66 74 59
66 78 42
66 79 45
66 80 54
66 83 23
66 86 50
66 88 25
66 93 37
66 95 4
66 100 27
66 101 65
66 109 7
66 111 13
66 113 19
66 114 70
66 115 22
66 118 89
66 121 72
66 124 51
66 125 51
66 128 31
66 131 71
66 134 73
66 136 61
66 137 8
66 139 26
66 144 25
66 150 18
67 70 17
67 72 73
67 73 31
67 77 89
67 78 46
67 81 78
67 83 54
67 86 93
67 89 45
67 91 32
67 93 59
67 97 97
67 98 30
67 106 10
67 107 89
67 108 4
67 110 85
67 111 22
67 113 6
67 116 1
67 117 1
67 120 34
67 121 23
67 122 79
67 123 6
67 124 34
67 126 19
67 131 16
67 132 49
67 133 75
67 138 18
67 140 76
67 142 43
67 143 45
67 145 57
67 147 46
67 148 30
68 70 56
68 77 83
68 78 64
68 79 35
68 80 24
68 82 80
68 85 84
68 87 14
68 89 82
68 90 46
68 96 7
68 98 66
68 100 5
68 101 49
68 104 24
68 106 12
68 109 90
68 111 44
68 114 94
68 120 82
68 123 51
68 128 35
68 130 1
68 135 69
68 136 77
68 147 45
68 148 63
69 70 63
69 71 25
69 72 22
69 73 7
69 75 62
69 78 43
69 79 35
69 80 80
69 82 84
69 83 23
69 84 99
69 88 36
69 92 13
69 93 70
69 94 34
69 96 23
69 97 50
69 98 73
69 100 97
69 101 6
69 103 38
69 105 7
69 106 21
69 108 5
69 109 17
69 110 62
69 112 22
69 113 69
69 114 74
69 116 91
69 118 55
69 120 80
69 121 82
69 124 74
69 125 10
69 127 40
69 128 35
69 129 14
69 132 13
69 133 83
69 137 100
69 138 81
69 141 17
69 146 16
69 150 38
70 72 26
70 78 30
70 83 63
70 84 63
70 85 46
70 88 13
70 89 34
70 90 29
70 92 44
70 96 93
70 97 3
70 99 41
70 101 76
70 105 53
70 106 97
70 107 11
70 110 42
70 111 50
70 113 10
70 118 81
70 120 62
70 124 60
70 125 28
70 126 32
70 128 18
70 129 65
70 133 22
70 135 72
70 142 34
70 145 27
70 148 11
70 150 35
71 73 48
71 74 99
71 76 93
71 79 89
71 80 70
71 81 91
71 87 72
71 89 54
71 90 88
71 93 23
71 94 76
71 95 42
71 102 49
71 105 53
71 108 10
71 109 34
71 110 12
71 111 41
71 113 16
71 117 54
71 119 91
71 123 24
71 124 25
71 127 32
71 129 65
71 132 33
71 133 25
71 135 46
71 137 21
71 138 73
71 139 56
71 141 56
71 142 6
71 143 58
71 145 35
71 148 69
71 149 61
72 75 16
72 79 54
72 80 16
72 84 18
72 89 44
72 91 37
72 92 86
72 93 71
72 99 99
72 101 81
72 102 93
72 104 88
72 108 61
72 109 25
72 114 26
72 115 50
72 116 21
72 118 64
72 119 79
72 120 2
72 121 18
72 122 82
72 125 40
72 126 24
72 130 12
72 133 98
72 139 44
72 140 84
72 149 76
72 150 45
73 76 29
73 79 46
73 85 29
73 86 42
73 87 51
73 90 36
73 92 61
73 93 38
73 99 64
73 100 97
73 101 86
73 102 11
73 105 66
73 111 63
73 114 40
73 117 39
73 118 17
73 121 17
73 122 57
73 124 57
73 127 54
73 129 86
73 131 12
73 132 8
73 133 11
73 136 18
73 139 21
73 140 81
73 145 87
73 149 3
74 75 89
74 76 23
74 78 39
74 79 17
74 80 72
74 81 6
74 82 68
74 83 34
74 85 46
74 86 92
74 89 52
74 92 33
74 93 87
74 96 56
74 98 39
74 104 80
74 111 46
74 112 83
74 114 58
74 116 36
74 119 64
74 122 89
74 126 21
74 131 100
74 133 4
74 135 41
74 136 95
74 137 41
74 140 100
74 145 35
74 146 93
74 147 58
75 76 35
75 77 11
75 81 100
75 82 27
75 85 86
75 86 88
75 88 14
75 91 59
75 94 70
75 95 51
75 96 62
75 97 84
75 103 19
75 104 95
75 106 92
75 107 21
75 111 71
75 112 82
75 117 62
75 118 90
75 122 28
75 124 65
75 126 20
75 130 79
75 134 53
75 138 83
75 139 74
75 140 63
75 142 74
75 143 11
75 145 98
75 147 88
75 148 50
76 80 74
76 88 95
76 89 69
76 90 41
76 96 76
76 97 28
76 98 22
76 101 73
76 103 50
76 104 39
76 106 13
76 113 42
76 115 85
76 116 20
76 118 83
76 120 64
76 125 6
76 126 62
76 132 76
76 134 36
76 136 23
76 137 97
76 144 36
76 145 61
76 147 4
76 148 86
77 80 41
77 81 83
77 87 27
77 90 57
77 91 64
77 95 78
77 102 29
77 104 12
77 112 21
77 116 13
77 119 10
77 120 25
77 124 16
77 125 99
77 126 17
77 127 25
77 129 19
77 134 55
77 136 85
77 137 70
77 138 72
77 140 30
77 142 16
77 143 20
77 145 15
77 146 39
77 148 42
77 149 38
78 79 43
78 84 9
78 85 26
78 86 12
78 88 62
78 89 22
78 91 12
78 92 78
78 94 70
78 98 7
78 100 44
78 102 7
78 103 18
78 107 79
78 108 52
78 110 46
78 112 41
78 115 15
78 126 42
78 130 64
78 131 67
78 137 82
78 138 51
78 139 44
78 141 100
78 143 49
78 147 43
78 148 49
78 150 44
79 80 60
79 81 80
79 83 46
79 84 3
79 91 42
79 94 55
79 95 95
79 102 78
79 106 94
79 109 72
79 111 55
79 112 47
79 113 21
79 116 85
79 118 32
79 121 76
79 123 53
79 127 1
79 128 39
79 129 19
79 131 28
79 137 65
79 138 97
79 139 33
79 140 83
79 142 73
79 143 51
79 147 34
79 149 36
79 150 45
80 87 16
80 89 7
80 90 78
80 91 57
80 93 40
80 94 29
80 96 17
80 100 2
80 102 88
80 105 7
80 107 21
80 108 73
80 110 8
80 112 57
80 113 72
80 114 97
80 116 84
80 117 66
80 121 75
80 123 35
80 128 91
80 135 54
80 138 55
80 139 21
80 141 93
80 143 67
80 144 65
80 147 66
80 148 60
80 150 32
81 82 93
81 83 48
81 86 23
81 90 34
81 92 89
81 95 58
81 98 36
81 99 64
81 102 34
81 107 56
81 114 71
81 121 43
81 125 95
81 132 29
81 133 27
81 135 33
81 138 37
81 146 17
81 148 32
81 149 1
82 87 32
82 88 12
82 94 35
82 103 55
82 107 47
82 110 17
82 111 86
82 113 81
82 115 46
82 116 87
82 120 12
82 121 14
82 123 20
82 124 76
82 127 45
82 128 58
82 135 82
82 139 12
82 144 78
82 146 30
82 148 3
82 149 11
83 85 39
83 86 70
83 89 10
83 90 25
83 92 75
83 93 38
83 94 99
83 95 32
83 96 10
83 103 95
83 104 37
83 111 32
83 114 93
83 116 21
83 118 12
83 123 39
83 128 56
83 132 71
83 136 49
83 138 73
83 140 15
83 141 100
83 144 42
83 145 62
83 148 62
83 149 53
83 150 40
84 85 50
84 86 38
84 88 77
84 90 51
84 92 100
84 101 64
84 103 56
84 106 76
84 107 65
84 110 4
84 112 73
84 118 68
84 121 78
84 122 4
84 123 84
84 124 14
84 126 23
84 127 16
84 128 73
84 130 29
84 131 83
84 136 96
84 137 74
84 141 32
84 142 24
84 144 16
84 146 65
84 150 69
85 87 94
85 92 55
85 94 15
85 101 34
85 103 17
85 105 93
85 106 79
85 110 55
85 112 14
85 113 15
85 117 93
85 118 44
85 119 76
85 121 22
85 122 16
85 123 36
85 124 46
85 126 87
85 129 4
85 134 5
85 135 2
85 137 100
85 138 17
85 140 13
85 145 5
85 149 79
86 88 29
86 94 8
86 95 31
86 97 68
86 98 77
86 100 18
86 101 39
86 102 32
86 103 23
86 110 94
86 113 90
86 115 67
86 116 34
86 117 25
86 118 30
86 119 1
86 120 66
86 121 53
86 123 71
86 126 33
86 129 76
86 130 59
86 132 35
86 136 45
86 137 88
86 138 94
86 144 57
86 147 77
86 150 47
87 90 60
87 93 28
87 96 15
87 99 87
87 107 26
87 108 12
87 111 80
87 112 47
87 114 70
87 117 2
87 118 70
87 122 43
87 130 24
87 131 47
87 133 83
87 138 73
87 139 20
87 142 86
87 147 12
87 149 35
87 150 28
88 90 94
88 92 43
88 93 59
88 97 22
88 98 65
88 99 89
88 100 11
88 105 31
88 114 40
88 116 46
88 118 99
88 119 52
88 126 34
88 128 66
88 129 1
88 139 22
88 143 37
88 144 98
88 146 2
88 147 25
88 148 32
88 150 25
89 90 88
89 91 10
89 92 26
89 93 62
89 94 80
89 95 98
89 102 49
89 103 12
89 104 76
89 108 43
89 109 14
89 113 93
89 119 24
89 121 82
89 124 4
89 130 85
89 132 15
89 133 83
89 135 38
89 137 86
89 140 63
89 145 17
89 146 48
89 147 70
89 150 83
90 91 2
90 95 57
90 96 8
90 99 83
90 100 88
90 105 95
90 107 51
90 110 45
90 112 27
90 114 44
90 116 19
90 117 56
90 121 94
90 122 63
90 125 60
90 134 39
90 135 7
90 141 65
90 149 7
91 92 91
91 94 11
91 98 29
91 100 85
91 101 47
91 105 89
91 107 61
91 112 61
91 113 49
91 114 51
91 115 99
91 116 84
91 118 63
91 120 9
91 121 35
91 122 33
91 123 62
91 124 50
91 125 48
91 133 35
91 134 93
91 135 48
91 136 64
91 137 25
91 138 14
91 140 9
91 146 86
91 149 14
92 93 84
92 95 16
92 98 49
92 100 7
92 104 37
92 107 83
92 109 13
92 111 21
92 113 100
92 116 18
92 117 38
92 118 63
92 123 1
92 124 99
92 126 38
92 127 8
92 130 66
92 131 25
92 139 67
92 143 65
92 146 1
92 149 39
93 95 21
93 99 34
93 101 19
93 102 99
93 104 67
93 107 36
93 115 97
93 118 42
93 119 73
93 121 62
93 125 43
93 128 2
93 132 32
93 133 35
93 134 75
93 135 89
93 137 77
93 140 56
93 141 61
93 142 28
93 143 6
93 145 9
93 146 22
93 147 65
93 148 89
93 150 74
94 95 83
94 98 7
94 101 18
94 102 27
94 103 6
94 104 40
94 105 7
94 108 45
94 109 22
94 112 62
94 113 87
94 115 83
94 116 22
94 121 88
94 122 8
94 124 95
94 125 23
94 126 63
94 127 80
94 128 87
94 129 82
94 131 66
94 132 68
94 134 86
94 136 10
94 137 33
94 138 86
94 140 12
94 141 85
94 142 26
94 143 14
94 144 6
94 146 23
94 147 77
94 148 77
94 149 90
95 97 47
95 98 55
95 99 85
95 100 11
95 104 15
95 106 21
95 107 83
95 108 97
95 109 72
95 111 1
95 112 47
95 113 43
95 118 56
95 121 98
95 122 2
95 123 83
95 126 52
95 128 20
95 131 8
95 132 61
95 137 38
95 138 85
95 139 71
95 140 40
95 141 22
95 147 65
95 148 72
95 149 40
96 97 62
96 99 30
96 100 52
96 103 65
96 104 65
96 106 85
96 107 17
96 108 65
96 110 80
96 111 74
96 113 13
96 116 59
96 121 88
96 124 56
96 125 2
96 127 49
96 129 75
96 132 48
96 137 84
96 141 40
96 142 44
96 144 18
96 146 3
96 147 10
96 148 53
97 101 10
97 103 50
97 107 21
97 109 41
97 111 70
97 113 42
97 115 64
97 125 46
97 126 72
97 131 29
97 132 15
97 134 67
97 136 72
97 144 25
97 146 44
97 148 92
97 149 86
98 102 67
98 103 83
98 111 78
98 112 53
98 113 1
98 114 29
98 115 1
98 117 94
98 119 76
98 121 57
98 123 90
98 124 87
98 126 46
98 128 89
98 130 26
98 131 17
98 132 75
98 133 92
98 138 97
98 140 23
98 141 75
98 145 60
98 146 84
98 150 75
99 100 8
99 101 44
99 104 22
99 105 71
99 107 94
99 112 98
99 117 94
99 119 100
99 125 75
99 130 45
99 132 76
99 135 28
99 136 1
99 140 72
99 142 88
99 144 1
99 147 95
100 101 89
100 103 26
100 108 51
100 109 85
100 111 39
100 114 53
100 117 12
100 119 69
100 120 84
100 121 98
100 124 9
100 125 15
100 136 36
100 138 89
100 144 67
100 145 85
100 149 7
101 103 25
101 105 50
101 107 17
101 108 59
101 113 18
101 115 38
101 116 3
101 118 99
101 119 41
101 120 99
101 121 74
101 122 12
101 125 91
101 126 72
101 127 98
101 128 59
101 132 2
101 134 38
101 135 67
101 136 38
101 137 70
101 139 59
101 141 22
101 144 57
101 145 90
101 147 21
101 150 18
102 103 72
102 106 80
102 107 45
102 108 99
102 117 49
102 118 83
102 122 66
102 125 37
102 127 77
102 128 72
102 129 36
102 130 27
102 132 61
102 133 12
102 138 80
102 139 52
102 142 12
102 149 57
102 150 52
103 105 48
103 108 100
103 109 43
103 110 44
103 111 13
103 112 1
103 113 47
103 117 3
103 119 50
103 120 41
103 122 63
103 128 1
103 129 49
103 131 32
103 139 89
103 141 68
103 144 99
103 146 40
103 148 62
104 105 99
104 106 86
104 107 84
104 113 22
104 115 63
104 117 65
104 122 60
104 123 8
104 126 75
104 127 48
104 128 22
104 131 66
104 133 25
104 134 57
104 137 7
104 142 41
104 148 31
104 149 26
105 107 5
105 108 31
105 109 58
105 112 50
105 113 32
105 116 12
105 117 73
105 118 92
105 119 59
105 121 20
105 123 62
105 125 36
105 129 53
105 131 66
105 132 3
105 133 62
105 138 76
105 139 28
105 142 4
105 144 20
105 147 72
106 107 46
106 112 56
106 115 15
106 116 44
106 118 85
106 119 3
106 122 6
106 123 91
106 125 77
106 127 4
106 128 54
106 131 31
106 132 44
106 136 77
106 138 61
106 139 24
106 142 71
106 146 75
106 149 79
106 150 40
107 109 14
107 112 63
107 113 64
107 115 85
107 118 28
107 122 89
107 126 1
107 130 8
107 132 81
107 133 70
107 136 39
107 138 85
107 140 16
107 144 45
107 148 44
107 149 100
108 113 14
108 116 73
108 118 64
108 119 1
108 121 29
108 122 24
108 124 96
108 129 84
108 130 35
108 132 26
108 137 34
108 140 82
108 141 28
108 142 76
108 147 76
109 112 77
109 113 83
109 114 19
109 120 71
109 124 39
109 125 35
109 127 83
109 129 94
109 134 37
109 136 14
109 138 80
109 140 40
109 142 53
109 144 65
109 145 55
109 146 17
109 149 12
109 150 65
110 111 85
110 117 42
110 120 7
110 126 33
110 128 27
110 133 24
110 139 50
110 140 46
110 141 10
110 144 31
110 145 7
110 147 31
110 148 88
111 112 22
111 115 50
111 120 21
111 123 8
111 124 44
111 125 71
111 126 36
111 127 66
111 130 9
111 131 62
111 132 6
111 134 94
111 135 23
111 137 34
111 142 49
111 146 26
111 147 85
111 149 40
111 150 66
112 113 89
112 114 58
112 115 92
112 117 56
112 122 93
112 125 5
112 129 55
112 130 80
112 131 50
112 139 49
112 140 90
112 143 78
112 149 95
112 150 24
113 114 7
113 117 25
113 119 53
113 125 46
113 133 65
113 134 54
113 139 91
113 140 93
113 142 6
113 149 33
113 150 90
114 115 4
114 116 26
114 117 60
114 119 50
114 122 39
114 123 94
114 129 31
114 130 19
114 135 97
114 141 38
114 143 83
114 145 35
114 148 10
115 118 50
115 128 41
115 130 60
115 132 48
115 135 60
115 137 19
115 144 61
115 147 68
116 117 75
116 121 45
116 124 65
116 126 32
116 131 59
116 133 100
116 140 88
116 141 47
116 142 86
116 145 97
116 146 1
116 147 86
117 119 31
117 120 13
117 122 41
117 125 95
117 126 81
117 129 59
117 130 42
117 133 2
117 136 34
117 138 64
117 139 70
117 141 33
117 145 80
117 146 96
117 150 13
118 121 4
118 124 28
118 126 67
118 129 67
118 139 3
118 141 41
118 142 80
118 144 97
118 147 40
118 148 68
119 122 24
119 123 96
119 125 39
119 128 21
119 129 23
119 130 21
119 133 88
119 139 68
119 141 23
119 142 4
119 144 50
119 147 75
119 150 27
120 121 91
120 125 74
120 128 48
120 131 67
120 136 58
120 139 35
120 140 67
120 142 39
120 146 54
120 147 71
120 149 45
121 124 73
121 126 41
121 127 76
121 131 51
121 132 20
121 134 2
121 135 36
121 138 61
121 139 17
121 140 83
121 143 52
121 144 7
121 150 50
122 124 65
122 125 24
122 126 81
122 128 61
122 130 2
122 132 44
122 133 2
122 135 3
122 137 24
122 140 79
122 142 97
122 146 80
122 149 43
123 126 2
123 129 52
123 132 47
123 133 8
123 135 31
123 136 31
123 137 32
123 138 2
123 139 19
123 142 7
123 146 75
123 147 10
123 148 2
123 150 19
124 130 41
124 133 60
124 134 26
124 137 1
124 138 71
124 140 65
124 142 76
124 145 25
124 146 28
124 147 17
124 148 100
125 127 7
125 132 54
125 133 65
125 134 15
125 136 11
125 139 95
125 140 52
125 143 84
125 144 31
125 147 89
125 149 70
125 150 86
126 140 4
126 143 3
126 149 94
127 128 40
127 130 1
127 134 27
127 139 58
127 140 57
127 141 83
127 142 65
127 145 78
127 147 90
127 148 77
127 149 83
127 150 6
128 132 45
128 133 65
128 135 44
128 136 3
128 137 31
128 141 17
128 142 54
128 147 65
128 149 55
129 131 44
129 136 90
129 140 6
129 142 18
129 143 71
129 149 63
130 131 73
130 132 88
130 134 28
130 137 63
130 139 91
130 141 49
130 147 70
130 148 22
131 132 90
131 133 99
131 135 53
131 140 81
131 142 24
131 144 49
131 145 30
131 146 46
131 147 17
131 148 80
132 133 72
132 134 81
132 135 20
132 136 34
132 138 16
132 140 84
132 143 9
132 146 97
132 148 7
132 149 97
132 150 31
133 135 20
133 136 88
133 137 77
133 139 7
133 145 42
133 147 1
134 138 21
134 140 40
134 143 17
134 144 26
134 147 20
134 148 49
135 137 22
135 138 73
135 142 69
135 144 34
135 145 22
135 146 24
135 147 80
135 148 1
135 149 95
135 150 35
136 138 15
136 141 8
136 145 14
136 147 31
136 149 53
137 138 14
137 139 66
137 142 47
137 143 58
137 149 1
138 140 6
138 143 46
138 144 70
138 145 35
138 147 82
138 148 58
138 149 30
138 150 25
139 141 30
139 143 98
139 144 19
139 146 36
139 149 12
139 150 3
140 143 45
140 145 7
140 146 30
140 150 29
141 143 24
141 145 12
141 147 78
142 143 41
142 149 72
143 145 60
143 150 49
144 150 53
145 147 44
145 149 93
146 150 36
147 149 95
147 150 48
148 149 57
1 3 82
1 5 4
1 6 62
1 7 85
1 10 77
1 11 27
1 13 48
1 16 94
1 21 8
1 23 45
1 29 83
1 32 28
1 36 30
1 39 45
1 41 91
1 42 14
1 43 11
1 47 45
1 51 85
1 52 1
1 58 11
1 62 16
1 68 84
1 72 10
1 77 17
1 83 63
1 84 51
1 85 12
1 86 75
1 87 24
1 88 90
1 91 97
1 94 79
1 96 77
1 99 65
1 102 98
1 104 71
1 110 38
1 111 49
1 113 15
1 114 40
1 115 86
1 117 51
1 120 79
1 121 19
1 122 17
1 123 73
1 126 11
1 127 42
1 128 33
1 129 36
1 131 96
1 135 17
1 136 33
1 139 98
1 140 81
1 141 97
1 145 13
1 146 66
1 147 17
1 150 83
2 9 29
2 11 15
2 13 32
2 14 56
2 15 55
2 16 55
2 18 22
2 23 43
2 32 26
2 33 50
2 36 95
2 38 3
2 42 99
2 45 100
2 46 29
2 49 100
2 50 96
2 51 2
2 52 45
2 56 82
2 66 60
2 70 53
2 74 81
2 75 60
2 76 58
2 77 56
2 78 38
2 79 52
2 80 47
2 90 67
2 91 97
2 92 80
2 94 76
2 97 66
2 99 10
2 100 43
2 101 35
2 102 2
2 105 89
2 107 32
2 109 74
2 110 38
2 111 94
2 113 100
2 114 4
2 115 74
2 119 37
2 122 92
2 123 47
2 124 4
2 125 46
2 130 9
2 133 93
2 138 73
2 140 92
2 144 3
2 146 72
2 147 8
3 5 31
3 7 29
3 10 51
3 11 64
3 12 93
3 14 42
3 16 27
3 21 25
3 23 14
3 24 23
3 25 47
3 27 57
3 29 97
3 30 77
3 31 6
3 32 33
3 33 65
3 35 29
3 37 35
3 42 94
3 47 71
3 48 7
3 50 98
3 54 16
3 56 55
3 60 45
3 63 70
3 65 5
3 70 60
3 72 100
3 75 17
3 76 30
3 78 15
3 86 34
3 88 2
3 94 15
3 95 8
3 98 54
3 100 41
3 103 80
3 105 38
3 110 89
3 114 83
3 115 19
3 120 2
3 121 11
3 125 83
3 127 11
3 129 80
3 130 27
3 133 17
3 134 11
3 135 26
3 136 72
3 137 74
3 139 87
3 140 67
3 142 39
3 144 53
3 145 23
3 149 7
3 150 34
4 5 10
4 9 82
4 10 63
4 14 39
4 15 12
4 17 39
4 18 2
4 28 4
4 29 11
4 30 46
4 32 47
4 36 86
4 37 59
4 40 7
4 41 3
4 45 61
4 46 41
4 55 56
4 56 58
4 57 65
4 58 46
4 59 6
4 60 1
4 63 43
4 64 97
4 65 66
4 70 32
4 71 35
4 72 70
4 74 67
4 75 13
4 78 28
4 79 66
4 82 2
4 84 50
4 85 97
4 86 30
4 88 71
4 92 95
4 96 55
4 99 1
4 103 63
4 105 29
4 106 68
4 109 91
4 110 33
4 111 44
4 113 38
4 116 99
4 117 75
4 121 12
4 122 75
4 123 17
4 124 31
4 125 84
4 126 18
4 128 29
4 129 31
4 130 59
4 131 87
4 134 15
4 136 58
4 141 75
4 142 16
4 143 93
4 144 22
4 148 43
5 8 54
5 11 55
5 13 36
5 18 28
5 19 61
5 23 39
5 28 14
5 32 3
5 33 97
5 34 74
5 37 82
5 41 39
5 43 57
5 44 81
5 48 17
5 49 75
5 51 84
5 56 99
5 57 9
5 58 23
5 65 21
5 67 46
5 69 53
5 70 81
5 71 97
5 74 53
5 75 65
5 78 41
5 79 64
5 87 84
5 90 13
5 91 63
5 93 12
5 95 52
5 96 100
5 97 39
5 100 48
5 101 14
5 102 31
5 105 56
5 107 71
5 110 42
5 111 54
5 112 25
5 115 73
5 118 14
5 119 5
5 121 80
5 122 1
5 123 19
5 125 21
5 126 85
5 127 41
5 132 56
5 134 18
5 135 7
5 136 63
5 140 49
5 142 78
5 145 35
5 148 66
5 149 1
6 7 7
6 10 67
6 11 9
6 12 51
6 13 84
6 15 67
6 16 9
6 18 59
6 19 46
6 22 53
6 23 14
6 25 37
6 28 2
6 29 31
6 32 26
6 38 23
6 40 7
6 42 14
6 48 30
6 49 38
6 50 22
6 53 31
6 54 40
6 58 10
6 60 26
6 62 16
6 65 46
6 66 90
6 67 27
6 68 82
6 69 62
6 71 86
6 73 42
6 74 8
6 76 24
6 78 18
6 79 52
6 82 86
6 84 49
6 86 80
6 87 24
6 88 41
6 92 12
6 94 78
6 95 68
6 97 89
6 99 83
6 100 18
6 104 18
6 106 64
6 108 50
6 110 37
6 111 72
6 115 19
6 116 81
6 117 56
6 119 37
6 120 31
6 121 7
6 122 68
6 123 56
6 124 86
6 126 43
6 129 88
6 131 43
6 133 1
6 135 87
6 139 24
6 140 41
6 143 53
6 145 68
6 148 42
6 149 24
6 150 8
7 9 29
7 17 25
7 18 44
7 22 67
7 25 53
7 30 90
7 34 78
7 35 55
7 42 54
7 46 37
7 49 9
7 51 6
7 52 20
7 56 55
7 59 9
7 61 87
7 64 89
7 67 83
7 70 3
7 72 1
7 82 43
7 85 4
7 86 30
7 91 85
7 96 26
7 97 67
7 98 38
7 103 16
7 104 87
7 108 23
7 109 19
7 110 13
7 112 84
7 119 54
7 120 53
7 121 63
7 124 58
7 125 67
7 126 84
7 128 72
7 129 37
7 130 99
7 133 79
7 134 78
7 135 48
7 136 65
7 138 85
7 143 62
7 144 26
7 146 39
7 149 5
7 150 80
8 9 99
8 10 64
8 14 63
8 16 58
8 17 93
8 18 94
8 19 10
8 20 76
8 23 1
8 25 26
8 27 87
8 32 17
8 37 37
8 41 54
8 42 10
8 44 25
8 45 29
8 51 32
8 54 29
8 56 56
8 57 27
8 59 29
8 61 82
8 63 61
8 65 41
8 67 2
8 68 86
8 70 44
8 73 70
8 74 67
8 76 50
8 85 51
8 86 3
8 88 16
8 90 15
8 91 13
8 92 55
8 94 60
8 97 84
8 98 7
8 102 33
8 104 39
8 105 12
8 106 88
8 108 55
8 110 31
8 111 16
8 116 15
8 117 22
8 118 97
8 119 64
8 121 77
8 128 24
8 129 7
8 133 58
8 135 86
8 140 99
8 147 3
9 10 99
9 12 33
9 14 89
9 16 11
9 17 70
9 20 43
9 22 65
9 27 39
9 28 27
9 29 43
9 37 99
9 38 82
9 39 55
9 40 25
9 42 20
9 45 28
9 46 16
9 48 78
9 49 58
9 54 87
9 55 70
9 58 32
9 59 19
9 61 62
9 63 58
9 65 82
9 66 82
9 67 42
9 68 88
9 70 14
9 73 58
9 75 43
9 76 80
9 77 87
9 80 33
9 84 69
9 85 57
9 88 20
9 93 60
9 96 92
9 97 2
9 98 92
9 101 62
9 104 42
9 107 93
9 108 36
9 111 83
9 114 4
9 115 54
9 117 24
9 118 79
9 121 92
9 122 21
9 125 99
9 128 88
9 133 89
9 135 63
9 136 38
9 137 66
9 138 92
9 143 84
9 144 64
9 145 40
9 146 68
9 147 91
10 13 92
10 14 61
10 16 98
10 17 3
10 19 74
10 21 78
10 24 65
10 30 57
10 31 83
10 35 34
10 41 95
10 42 35
10 44 86
10 46 90
10 47 79
10 48 61
10 60 50
10 61 62
10 64 33
10 70 91
10 71 85
10 72 22
10 73 51
10 80 88
10 81 38
10 84 85
10 86 44
10 87 64
10 96 99
10 97 43
10 99 82
10 109 20
10 113 29
10 114 2
10 116 70
10 117 5
10 118 43
10 119 98
10 122 61
10 124 26
10 126 90
10 128 4
10 129 59
10 135 37
10 138 94
10 140 82
10 141 35
10 142 68
10 143 2
11 15 27
11 17 49
11 21 68
11 22 15
11 24 97
11 26 76
11 27 83
11 31 99
11 38 12
11 39 52
11 40 77
11 41 13
11 46 21
11 52 77
11 54 98
11 56 70
11 59 75
11 61 14
11 63 55
11 64 26
11 65 24
11 68 63
11 72 13
11 75 66
11 83 100
11 84 72
11 88 57
11 91 78
11 92 22
11 93 7
11 97 78
11 101 76
11 106 98
11 109 49
11 111 70
11 121 36
11 128 15
11 133 60
11 137 68
11 138 97
11 139 98
11 141 45
11 143 6
11 147 86
11 148 62
11 150 66
12 15 48
12 16 89
12 21 72
12 22 52
12 24 21
12 26 19
12 28 10
12 32 2
12 41 20
12 42 46
12 44 77
12 47 3
12 50 7
12 51 16
12 52 81
12 53 32
12 54 39
12 56 38
12 58 55
12 61 59
12 67 47
12 68 63
12 72 36
12 78 80
12 83 29
12 84 13
12 86 89
12 88 24
12 91 30
12 92 31
12 95 97
12 96 53
12 101 99
12 104 80
12 105 6
12 106 22
12 112 45
12 118 28
12 120 57
12 122 95
12 123 3
12 127 5
12 128 32
12 135 74
12 136 100
12 144 64
12 147 95
12 148 38
13 14 29
13 16 36
13 21 66
13 28 82
13 32 23
13 38 37
13 43 79
13 49 85
13 50 79
13 51 43
13 52 78
13 54 94
13 55 71
13 59 34
13 60 8
13 61 1
13 63 6
13 64 69
13 67 29
13 69 71
13 74 10
13 79 86
13 80 89
13 81 82
13 85 57
13 87 91
13 89 23
13 94 24
13 95 42
13 97 61
13 100 95
13 101 38
13 102 31
13 107 33
13 108 90
13 109 24
13 111 68
13 114 63
13 116 89
13 118 21
13 119 70
13 120 80
13 123 77
13 129 70
13 136 2
13 138 34
13 139 42
13 140 41
13 143 36
13 147 9
14 18 97
14 19 52
14 20 11
14 30 20
14 31 62
14 32 71
14 33 88
14 37 67
14 42 10
14 44 41
14 45 25
14 47 47
14 50 88
14 53 30
14 59 28
14 60 58
14 61 30
14 64 7
14 68 59
14 70 27
14 72 90
14 73 8
14 79 98
14 80 72
14 81 48
14 83 96
14 88 78
14 91 31
14 92 29
14 94 38
14 95 29
14 96 24
14 97 51
14 99 28
14 101 36
14 102 6
14 104 1
14 105 35
14 109 60
14 110 26
14 111 14
14 112 84
14 117 23
14 124 39
14 125 61
14 128 72
14 132 39
14 138 14
14 140 9
14 142 87
14 145 18
15 17 63
15 18 92
15 25 41
15 26 64
15 27 78
15 29 37
15 36 22
15 37 84
15 40 58
15 47 72
15 49 9
15 53 14
15 57 26
15 58 42
15 59 8
15 67 59
15 68 81
15 70 35
15 71 44
15 73 50
15 74 100
15 75 39
15 76 66
15 79 76
15 82 53
15 83 89
15 84 50
15 85 26
15 95 90
15 99 52
15 106 38
15 107 83
15 112 66
15 115 67
15 116 24
15 117 61
15 118 3
15 123 30
15 126 8
15 127 2
15 130 7
15 132 3
15 134 39
15 135 52
15 137 52
15 139 62
15 143 40
15 146 55
15 148 86
15 149 83
16 17 18
16 19 20
16 20 34
16 21 27
16 22 26
16 23 88
16 24 72
16 26 66
16 27 49
16 28 63
16 32 90
16 34 20
16 36 73
16 37 35
16 40 27
16 49 100
16 50 24
16 51 42
16 52 68
16 53 38
16 59 65
16 63 75
16 64 3
16 65 25
16 66 71
16 68 76
16 70 12
16 74 26
16 75 11
16 76 64
16 78 38
16 79 4
16 80 95
16 81 69
16 82 2
16 83 90
16 84 45
16 85 2
16 89 26
16 94 65
16 98 78
16 99 24
16 101 22
16 104 9
16 105 68
16 106 58
16 107 46
16 109 44
16 111 53
16 120 79
16 121 21
16 122 19
16 130 96
16 132 6
16 133 55
16 135 50
16 136 60
16 137 52
16 143 36
16 146 17
16 147 77
16 148 68
17 18 56
17 26 95
17 28 7
17 32 18
17 37 48
17 38 35
17 40 12
17 42 7
17 43 44
17 44 9
17 45 45
17 46 93
17 47 69
17 49 11
17 50 57
17 52 94
17 55 6
17 58 97
17 60 90
17 62 52
17 65 42
17 67 16
17 78 17
17 81 17
17 82 28
17 83 77
17 84 33
17 85 96
17 87 46
17 89 92
17 95 37
17 97 53
17 98 40
17 100 97
17 101 57
17 104 81
17 107 81
17 108 17
17 116 94
17 117 51
17 118 6
17 120 10
17 122 33
17 124 85
17 126 56
17 127 36
17 128 94
17 131 39
17 132 44
17 135 67
17 138 17
17 139 61
17 143 72
17 145 77
18 20 35
18 22 46
18 23 46
18 24 74
18 25 53
18 26 27
18 27 34
18 28 40
18 31 100
18 34 20
18 36 41
18 37 14
18 40 22
18 41 28
18 42 27
18 43 73
18 44 95
18 46 72
18 47 53
18 48 11
18 49 50
18 50 72
18 52 31
18 55 5
18 56 43
18 58 72
18 62 84
18 66 15
18 67 50
18 68 14
18 72 48
18 73 76
18 75 49
18 82 27
18 83 77
18 84 39
18 87 59
18 92 100
18 94 55
18 98 95
18 101 24
18 104 35
18 108 37
18 114 24
18 118 61
18 120 46
18 123 31
18 126 100
18 127 39
18 129 82
18 130 7
18 132 71
18 136 92
18 138 75
18 141 30
18 142 41
18 143 21
18 144 60
18 145 56
19 21 67
19 27 70
19 30 86
19 31 44
19 32 92
19 34 50
19 35 56
19 37 70
19 38 67
19 39 32
19 46 53
19 48 43
19 50 83
19 54 42
19 55 82
19 57 2
19 58 10
19 60 42
19 65 83
19 66 27
19 67 42
19 69 23
19 70 81
19 74 10
19 75 12
19 76 91
19 78 34
19 79 93
19 80 81
19 86 9
19 87 18
19 88 74
19 90 89
19 94 49
19 95 24
19 97 84
19 98 76
19 100 40
19 103 32
19 106 90
19 107 97
19 109 41
19 111 7
19 113 25
19 116 66
19 121 27
19 123 23
19 125 17
19 132 91
19 134 19
19 138 67
19 140 50
19 143 92
19 145 75
19 146 11
19 147 40
20 22 16
20 26 4
20 28 56
20 31 3
20 32 23
20 36 80
20 37 20
20 40 95
20 43 4
20 45 25
20 47 65
20 49 1
20 50 50
20 54 93
20 55 32
20 61 59
20 62 70
20 66 92
20 67 60
20 68 66
20 69 46
20 71 92
20 73 33
20 83 97
20 86 79
20 87 27
20 98 52
20 99 71
20 104 7
20 106 24
20 109 28
20 112 45
20 116 65
20 117 47
20 118 23
20 120 65
20 121 37
20 123 63
20 138 60
20 140 65
20 141 59
20 142 20
20 149 18
21 22 12
21 23 42
21 24 83
21 25 52
21 26 60
21 28 91
21 30 85
21 33 94
21 37 41
21 38 82
21 39 46
21 40 83
21 41 84
21 42 80
21 44 46
21 48 98
21 49 95
21 50 71
21 51 54
21 52 12
21 53 29
21 54 29
21 55 51
21 56 90
21 57 4
21 64 22
21 68 57
21 69 68
21 71 98
21 74 96
21 75 62
21 77 86
21 81 25
21 82 63
21 85 1
21 88 100
21 89 16
21 92 59
21 94 59
21 95 2
21 96 90
21 97 28
21 98 42
21 99 96
21 100 79
21 106 63
21 108 17
21 114 46
21 115 28
21 116 67
21 120 2
21 129 18
21 130 10
21 140 88
21 141 64
21 149 44
22 23 61
22 24 66
22 26 87
22 29 44
22 30 28
22 31 90
22 34 51
22 36 87
22 39 14
22 40 13
22 42 99
22 51 23
22 55 92
22 59 20
22 61 94
22 76 13
22 77 18
22 78 22
22 79 8
22 83 84
22 85 58
22 87 86
22 88 90
22 89 19
22 91 34
22 95 86
22 99 46
22 102 19
22 103 42
22 104 7
22 105 38
22 106 38
22 107 67
22 108 98
22 109 70
22 117 56
22 122 25
22 124 47
22 125 51
22 127 79
22 128 60
22 129 6
22 130 16
22 134 73
22 138 51
22 142 79
22 144 21
22 146 79
22 148 95
22 150 12
23 26 33
23 29 14
23 30 6
23 31 83
23 33 65
23 37 30
23 40 14
23 42 93
23 43 85
23 45 69
23 50 17
23 51 14
23 55 94
23 60 31
23 66 41
23 68 35
23 69 55
23 71 37
23 72 18
23 82 97
23 83 38
23 86 40
23 88 33
23 91 33
23 95 17
23 96 12
23 98 63
23 99 58
23 100 85
23 104 37
23 109 14
23 114 88
23 116 10
23 122 14
23 125 94
23 126 23
23 128 74
23 129 58
23 132 37
23 135 71
23 138 70
23 143 29
23 144 6
23 146 95
23 150 1
24 26 13
24 30 75
24 42 16
24 45 76
24 48 29
24 51 2
24 57 4
24 62 35
24 63 87
24 67 48
24 69 79
24 73 94
24 75 34
24 78 48
24 80 47
24 82 100
24 83 29
24 84 96
24 85 26
24 86 96
24 87 57
24 91 61
24 95 21
24 96 52
24 99 49
24 101 57
24 113 10
24 117 42
24 119 93
24 122 95
24 126 57
24 127 43
24 130 42
24 131 53
24 135 73
24 138 55
24 142 36
24 144 95
24 145 35
25 28 73
25 32 29
25 34 79
25 35 34
25 36 43
25 37 91
25 40 63
25 43 57
25 47 40
25 48 97
25 53 96
25 54 24
25 55 22
25 57 40
25 59 100
25 62 98
25 63 51
25 64 74
25 66 43
25 71 11
25 72 61
25 73 51
25 78 98
25 82 15
25 83 2
25 84 95
25 86 20
25 88 93
25 93 81
25 95 100
25 96 58
25 99 54
25 101 45
25 105 93
25 107 43
25 109 40
25 113 75
25 115 33
25 121 52
25 122 68
25 127 42
25 129 72
25 131 78
25 133 40
25 138 80
25 142 25
25 145 64
25 147 15
25 150 24
26 30 59
26 35 36
26 38 34
26 39 2
26 42 33
26 44 67
26 45 33
26 50 31
26 55 81
26 58 6
26 60 84
26 63 41
26 64 3
26 65 64
26 67 83
26 70 76
26 73 92
26 74 3
26 78 14
26 79 53
26 86 15
26 92 16
26 93 13
26 99 24
26 100 50
26 101 23
26 102 60
26 104 52
26 113 80
26 121 24
26 124 75
26 125 79
26 126 63
26 127 61
26 133 69
26 136 9
26 137 37
26 139 86
26 140 93
26 141 47
26 144 12
26 145 73
26 150 30
27 29 21
27 33 93
27 34 31
27 36 3
27 37 61
27 38 92
27 39 66
27 41 38
27 45 75
27 46 60
27 47 52
27 49 66
27 50 94
27 53 28
27 54 81
27 58 16
27 59 39
27 60 87
27 66 30
27 67 16
27 69 32
27 71 92
27 73 43
27 83 2
27 84 18
27 90 96
27 93 99
27 95 22
27 96 77
27 98 1
27 100 88
27 107 62
27 116 92
27 117 89
27 118 27
27 119 30
27 120 79
27 125 76
27 126 38
27 127 93
27 129 28
27 133 90
27 136 67
27 139 49
27 140 32
27 141 92
27 142 69
27 144 39
27 147 51
27 148 18
28 32 4
28 37 51
28 38 6
28 39 7
28 41 56
28 43 66
28 44 24
28 47 18
28 50 73
28 51 54
28 53 40
28 54 26
28 56 35
28 57 96
28 59 26
28 61 98
28 65 5
28 71 66
28 77 27
28 80 67
28 81 45
28 84 82
28 86 45
28 87 54
28 90 18
28 91 36
28 93 89
28 94 91
28 95 89
28 97 46
28 98 18
28 101 70
28 103 63
28 108 60
28 111 79
28 115 25
28 120 61
28 121 11
28 124 13
28 131 16
28 134 92
28 135 46
28 136 15
28 137 16
28 146 37
28 149 51
29 30 24
29 31 84
29 33 27
29 34 41
29 36 56
29 44 15
29 49 26
29 51 12
29 52 51
29 54 14
29 61 87
29 69 94
29 71 36
29 72 79
29 74 91
29 76 20
29 77 95
29 78 52
29 79 65
29 82 31
29 84 81
29 86 39
29 88 56
29 91 29
29 98 82
29 100 10
29 101 60
29 103 82
29 104 100
29 105 49
29 106 87
29 113 68
29 115 13
29 116 64
29 118 97
29 119 77
29 121 66
29 122 18
29 124 71
29 125 42
29 131 46
29 133 59
29 134 46
29 136 61
29 148 70
30 32 84
30 33 14
30 38 12
30 41 70
30 44 2
30 45 95
30 47 86
30 50 3
30 56 75
30 59 58
30 63 40
30 64 96
30 68 17
30 71 85
30 75 92
30 76 45
30 84 72
30 85 6
30 86 84
30 87 9
30 88 65
30 92 78
30 93 21
30 95 24
30 98 41
30 99 35
30 100 23
30 101 42
30 109 1
30 111 68
30 116 13
30 119 63
30 123 14
30 125 26
30 126 50
30 131 43
30 132 29
30 136 2
30 137 24
30 139 30
30 140 62
30 142 46
30 144 89
30 145 78
30 147 48
30 148 5
30 150 28
31 33 10
31 42 2
31 43 12
31 44 99
31 52 71
31 53 55
31 55 91
31 61 17
31 63 39
31 65 91
31 69 20
31 71 97
31 75 83
31 77 44
31 78 95
31 79 17
31 86 100
31 87 13
31 91 38
31 95 35
31 96 32
31 100 3
31 103 76
31 104 7
31 105 50
31 106 52
31 110 84
31 111 82
31 113 27
31 116 95
31 121 52
31 124 99
31 127 89
31 129 86
31 130 32
31 133 90
31 138 87
31 139 81
31 140 5
31 144 93
31 145 88
31 150 3
32 35 89
32 39 46
32 40 80
32 41 2
32 42 21
32 43 33
32 46 53
32 48 23
32 49 2
32 50 30
32 51 9
32 52 28
32 56 15
32 62 73
32 65 39
32 71 3
32 74 99
32 75 39
32 77 61
32 79 35
32 82 62
32 83 62
32 85 57
32 86 8
32 87 79
32 88 28
32 89 25
32 91 8
32 94 3
32 98 22
32 100 61
32 101 68
32 102 41
32 104 55
32 105 63
32 107 92
32 108 45
32 109 47
32 110 23
32 111 95
32 112 68
32 116 19
32 119 50
32 120 27
32 121 93
32 123 56
32 124 14
32 125 67
32 135 28
32 137 47
32 138 50
32 139 86
32 142 37
32 143 92
32 144 82
32 146 85
32 147 60
32 150 2
33 34 35
33 35 23
33 36 31
33 40 27
33 43 1
33 44 12
33 45 35
33 52 69
33 56 46
33 58 9
33 60 16
33 61 9
33 62 18
33 67 80
33 68 64
33 69 47
33 70 16
33 73 41
33 74 89
33 77 41
33 91 52
33 98 89
33 102 38
33 105 32
33 109 5
33 113 97
33 116 14
33 118 89
33 121 65
33 123 62
33 127 76
33 134 75
33 135 7
33 136 51
33 137 1
33 139 65
33 143 84
33 145 13
33 149 77
34 35 92
34 40 87
34 42 65
34 44 53
34 47 41
34 48 71
34 50 95
34 54 54
34 55 84
34 56 44
34 58 27
34 59 16
34 62 1
34 63 37
34 65 98
34 70 7
34 71 75
34 75 61
34 76 52
34 78 88
34 84 75
34 86 51
34 88 1
34 90 62
34 91 94
34 93 14
34 95 82
34 96 39
34 98 98
34 104 16
34 108 65
34 109 79
34 110 31
34 112 9
34 114 38
34 115 61
34 116 7
34 121 18
34 127 30
34 131 15
34 132 54
34 133 43
34 135 95
34 141 98
34 143 84
34 146 73
34 148 65
35 36 42
35 38 44
35 41 53
35 44 68
35 46 98
35 48 30
35 49 89
35 53 58
35 55 3
35 56 91
35 59 41
35 60 97
35 63 16
35 73 12
35 75 62
35 79 37
35 81 53
35 82 14
35 84 67
35 88 74
35 90 34
35 92 24
35 93 19
35 97 10
35 101 31
35 109 75
35 110 80
35 112 17
35 113 46
35 114 47
35 118 92
35 120 58
35 121 22
35 122 69
35 125 9
35 126 32
35 127 88
35 130 41
35 131 33
35 135 50
35 136 88
35 139 3
35 144 3
35 145 4
36 37 73
36 38 61
36 39 37
36 40 17
36 41 29
36 45 72
36 46 51
36 53 8
36 55 55
36 65 52
36 72 88
36 73 35
36 76 90
36 77 61
36 80 75
36 86 10
36 87 99
36 92 17
36 94 95
36 95 88
36 97 83
36 99 50
36 100 32
36 101 91
36 106 99
36 107 9
36 109 13
36 110 99
36 111 99
36 114 8
36 116 15
36 117 64
36 119 6
36 124 46
36 125 90
36 127 15
36 128 16
36 129 72
36 134 45
36 135 20
36 137 20
36 140 25
36 143 92
36 145 31
36 146 24
37 40 37
37 42 27
37 43 67
37 44 47
37 45 17
37 48 39
37 49 73
37 50 90
37 51 45
37 53 18
37 54 3
37 55 36
37 56 30
37 58 81
37 59 86
37 60 96
37 64 31
37 66 57
37 68 18
37 69 60
37 78 10
37 80 95
37 82 9
37 83 66
37 85 13
37 88 40
37 93 62
37 96 3
37 98 62
37 101 86
37 102 42
37 104 52
37 111 10
37 112 54
37 114 64
37 118 41
37 119 87
37 121 43
37 122 42
37 123 82
37 125 1
37 129 88
37 133 33
37 135 58
37 137 88
37 140 94
37 141 24
37 144 25
37 148 93
37 149 42
38 41 61
38 54 56
38 57 84
38 59 95
38 60 66
38 61 50
38 69 72
38 70 65
38 71 97
38 72 17
38 73 30
38 75 44
38 76 80
38 79 94
38 82 7
38 85 22
38 86 53
38 88 92
38 94 15
38 95 39
38 96 75
38 97 66
38 99 80
38 102 100
38 104 71
38 108 73
38 109 4
38 111 5
38 113 28
38 116 93
38 119 40
38 122 40
38 123 43
38 125 53
38 127 51
38 132 64
38 133 2
38 140 75
38 143 3
38 144 6
38 145 77
38 146 86
38 150 88
39 45 30
39 46 7
39 51 35
39 53 33
39 62 48
39 65 53
39 70 31
39 71 20
39 73 76
39 74 71
39 75 71
39 76 75
39 78 80
39 79 45
39 82 77
39 84 100
39 87 61
39 89 99
39 92 100
39 94 20
39 96 99
39 99 12
39 104 14
39 105 43
39 107 20
39 109 48
39 110 23
39 113 7
39 115 53
39 122 19
39 125 73
39 126 6
39 129 40
39 131 73
39 132 83
39 134 29
39 138 75
39 139 90
39 141 89
39 142 38
39 143 59
39 145 76
39 147 29
39 149 40
40 45 32
40 48 100
40 49 12
40 50 53
40 55 44
40 56 66
40 57 92
40 59 46
40 60 35
40 67 60
40 68 73
40 72 60
40 73 71
40 75 47
40 76 34
40 77 87
40 79 49
40 82 91
40 83 51
40 85 68
40 88 36
40 91 30
40 96 100
40 97 27
40 98 70
40 99 45
40 102 49
40 103 33
40 105 59
40 107 70
40 109 100
40 110 89
40 122 32
40 123 50
40 124 12
40 126 62
40 133 32
40 136 99
40 139 90
40 140 18
40 144 89
40 145 94
40 148 34
40 149 21
40 150 43
41 47 8
41 50 3
41 53 54
41 54 51
41 56 75
41 58 51
41 64 39
41 65 96
41 68 56
41 70 70
41 71 80
41 75 25
41 76 47
41 77 33
41 79 70
41 82 36
41 84 44
41 85 21
41 86 59
41 88 41
41 89 28
41 91 90
41 92 75
41 96 57
41 100 14
41 101 2
41 103 27
41 105 13
41 110 93
41 112 22
41 113 96
41 114 45
41 118 39
41 123 65
41 125 87
41 127 49
41 134 72
41 135 45
41 138 15
41 142 72
41 145 79
41 146 82
42 43 44
42 44 95
42 48 65
42 50 71
42 51 83
42 52 61
42 54 2
42 55 61
42 57 35
42 58 64
42 61 33
42 62 92
42 63 81
42 65 52
42 67 54
42 69 30
42 73 88
42 74 74
42 76 5
42 82 60
42 85 11
42 88 84
42 89 67
42 93 29
42 94 92
42 98 56
42 99 66
42 102 41
42 104 57
42 106 44
42 109 95
42 110 25
42 113 49
42 115 28
42 116 61
42 118 76
42 119 55
42 122 28
42 123 39
42 125 59
42 127 49
42 128 43
42 130 40
42 131 27
42 133 21
42 134 78
42 138 47
42 139 2
42 141 72
42 142 91
42 144 59
42 145 37
42 150 71
43 45 27
43 48 52
43 52 49
43 53 70
43 54 91
43 56 88
43 59 28
43 62 94
43 63 60
43 67 25
43 69 36
43 70 43
43 71 53
43 75 27
43 83 86
43 86 44
43 88 54
43 89 44
43 90 42
43 94 14
43 95 12
43 97 95
43 98 74
43 101 15
43 107 59
43 111 93
43 112 91
43 114 35
43 115 59
43 117 28
43 121 74
43 123 26
43 124 7
43 127 77
43 128 74
43 134 11
43 135 1
43 136 1
43 143 82
43 144 68
43 147 36
43 149 14
44 46 95
44 50 98
44 51 45
44 53 51
44 56 7
44 58 30
44 59 32
44 61 2
44 67 56
44 74 54
44 75 36
44 77 28
44 78 72
44 79 50
44 80 13
44 81 59
44 84 97
44 86 5
44 87 76
44 90 93
44 95 33
44 96 94
44 99 66
44 103 12
44 104 5
44 107 3
44 111 40
44 118 2
44 119 8
44 125 73
44 133 85
44 137 71
44 140 78
44 142 14
44 145 77
44 147 20
44 149 11
44 150 18
45 47 27
45 48 2
45 52 83
45 55 18
45 56 14
45 62 57
45 65 100
45 67 29
45 77 2
45 79 52
45 80 98
45 86 15
45 87 7
45 88 46
45 90 76
45 92 4
45 95 20
45 97 93
45 101 77
45 107 59
45 109 74
45 113 47
45 117 84
45 119 100
45 127 5
45 129 97
45 130 61
45 131 99
45 132 16
45 133 2
45 138 68
45 141 23
45 142 61
45 145 60
45 146 38
45 147 100
45 148 5
45 149 66
45 150 22
46 47 23
46 48 51
46 60 63
46 62 71
46 63 44
46 64 93
46 67 16
46 69 47
46 74 5
46 77 20
46 78 29
46 83 26
46 84 30
46 85 60
46 90 56
46 92 49
46 96 79
46 97 25
46 99 98
46 102 68
46 103 75
46 108 95
46 110 36
46 120 85
46 123 28
46 125 38
46 127 3
46 129 23
46 133 12
46 135 7
46 137 82
46 138 89
46 143 72
46 146 46
46 147 34
46 150 74
47 50 18
47 51 50
47 52 36
47 53 35
47 59 17
47 61 89
47 65 57
47 67 73
47 69 68
47 72 6
47 74 42
47 76 22
47 77 10
47 80 84
47 82 37
47 83 18
47 84 61
47 86 60
47 87 8
47 93 36
47 94 29
47 102 85
47 104 12
47 105 22
47 106 88
47 107 16
47 113 57
47 117 74
47 119 7
47 121 2
47 123 59
47 125 53
47 126 1
47 127 22
47 128 71
47 129 10
47 131 78
47 135 22
47 137 58
47 138 79
47 139 59
47 145 8
48 50 99
48 55 7
48 68 74
48 73 44
48 74 98
48 75 26
48 76 1
48 79 59
48 82 65
48 83 60
48 86 11
48 91 36
48 95 77
48 97 36
48 100 96
48 101 63
48 105 88
48 109 72
48 113 59
48 116 7
48 118 20
48 119 37
48 121 24
48 123 37
48 124 77
48 125 29
48 126 12
48 129 25
48 132 19
48 136 66
48 139 58
48 140 84
48 141 24
48 143 83
48 146 74
49 50 32
49 51 83
49 54 53
49 56 87
49 57 32
49 66 81
49 67 53
49 68 67
49 73 89
49 74 10
49 76 15
49 78 21
49 81 86
49 82 43
49 86 24
49 89 31
49 93 30
49 95 100
49 96 76
49 100 38
49 101 5
49 105 12
49 106 36
49 112 58
49 114 68
49 115 13
49 120 72
49 121 50
49 127 84
49 129 51
49 132 79
49 133 67
49 134 98
49 144 76
49 146 99
49 150 98
50 55 84
50 57 26
50 58 10
50 59 31
50 60 34
50 64 99
50 66 7
50 67 4
50 72 95
50 73 15
50 74 69
50 78 62
50 85 63
50 87 46
50 88 53
50 90 79
50 92 18
50 94 83
50 95 56
50 97 86
50 98 40
50 100 27
50 102 9
50 103 81
50 104 83
50 105 76
50 106 94
50 108 32
50 109 73
50 114 54
50 115 71
50 116 50
50 117 49
50 120 36
50 123 91
50 125 79
50 127 14
50 128 25
50 129 31
50 131 82
50 134 63
50 136 25
50 140 16
50 142 68
50 144 75
50 146 66
50 148 54
51 53 52
51 54 6
51 57 20
51 58 85
51 59 99
51 60 83
51 61 62
51 62 93
51 63 89
51 65 34
51 66 28
51 68 4
51 73 81
51 79 85
51 80 79
51 81 46
51 85 58
51 87 60
51 88 12
51 89 46
51 90 93
51 92 89
51 98 81
51 99 99
51 104 74
51 107 15
51 108 28
51 114 92
51 116 27
51 123 75
51 124 82
51 129 32
51 130 48
51 131 80
51 132 97
51 136 86
51 137 87
51 140 97
51 141 87
51 144 62
51 145 80
51 146 6
51 147 43
51 148 73
51 150 64
52 55 51
52 58 15
52 59 32
52 63 1
52 66 94
52 67 15
52 68 93
52 69 94
52 74 23
52 90 19
52 92 61
52 95 77
52 96 61
52 97 79
52 98 76
52 100 87
52 101 7
52 104 73
52 105 87
52 108 51
52 112 26
52 114 61
52 116 54
52 118 13
52 119 40
52 128 96
52 129 27
52 133 37
52 138 86
52 139 39
52 140 61
52 145 97
52 146 66
52 147 59
52 148 47
52 150 7
53 55 66
53 56 14
53 59 21
53 60 7
53 62 17
53 66 76
53 67 43
53 69 74
53 74 32
53 76 93
53 80 33
53 90 38
53 94 75
53 97 31
53 102 97
53 103 15
53 106 11
53 108 78
53 113 77
53 120 53
53 122 41
53 127 13
53 132 60
53 133 16
53 134 10
53 138 73
53 139 96
53 141 90
53 143 22
53 148 48
53 149 29
53 150 28
54 58 35
54 59 27
54 61 92
54 62 14
54 64 44
54 66 2
54 67 36
54 68 26
54 69 17
54 73 3
54 76 20
54 80 61
54 81 51
54 85 84
54 87 9
54 90 68
54 92 92
54 93 39
54 101 3
54 105 92
54 108 96
54 114 91
54 116 68
54 118 60
54 119 11
54 120 8
54 121 85
54 124 23
54 126 100
54 130 26
54 135 31
54 137 81
54 138 36
54 139 87
54 146 57
54 150 20
55 56 36
55 60 87
55 64 45
55 68 48
55 70 16
55 77 64
55 79 79
55 81 91
55 82 46
55 83 17
55 85 26
55 94 47
55 95 89
55 96 36
55 98 24
55 99 18
55 101 43
55 103 6
55 105 18
55 108 10
55 109 39
55 110 28
55 111 90
55 113 41
55 118 87
55 120 31
55 122 20
55 123 34
55 130 80
55 138 91
55 143 17
55 146 89
55 149 60
56 57 70
56 59 81
56 60 45
56 61 22
56 64 18
56 66 29
56 76 91
56 77 51
56 79 19
56 80 55
56 81 14
56 83 9
56 87 2
56 88 89
56 90 87
56 92 9
56 94 8
56 95 10
56 96 11
56 99 18
56 101 8
56 106 36
56 110 27
56 114 82
56 117 91
56 118 98
56 119 76
56 121 32
56 124 50
56 126 92
56 127 28
56 129 26
56 130 92
56 131 61
56 132 82
56 135 56
56 141 26
56 143 71
56 145 59
56 148 45
56 149 68
57 59 17
57 66 36
57 69 52
57 74 22
57 78 68
57 79 73
57 81 72
57 82 1
57 83 87
57 86 9
57 87 25
57 88 55
57 89 50
57 92 74
57 93 16
57 96 82
57 97 2
57 98 16
57 99 28
57 101 49
57 104 96
57 106 49
57 108 100
57 109 14
57 110 71
57 117 4
57 121 42
57 122 45
57 125 24
57 128 79
57 129 100
57 130 71
57 131 54
57 132 43
57 134 46
57 136 4
57 142 62
57 144 55
57 146 87
57 148 13
57 149 5
57 150 13
58 59 37
58 61 52
58 64 99
58 67 9
58 69 26
58 70 88
58 84 48
58 86 32
58 87 72
58 88 42
58 89 75
58 90 90
58 94 7
58 95 12
58 97 58
58 98 39
58 100 61
58 101 43
58 103 100
58 104 2
58 106 18
58 108 18
58 115 5
58 116 17
58 117 57
58 118 31
58 120 83
58 123 56
58 124 24
58 127 32
58 129 57
58 131 31
58 132 67
58 134 71
58 139 61
58 141 75
58 142 44
58 145 29
58 148 94
58 149 44
59 61 47
59 66 50
59 67 26
59 73 55
59 76 27
59 77 65
59 79 29
59 83 42
59 84 71
59 85 43
59 97 22
59 104 76
59 106 44
59 109 4
59 110 2
59 112 55
59 113 65
59 115 64
59 116 86
59 117 46
59 118 84
59 120 70
59 122 80
59 126 54
59 132 32
59 138 57
59 140 52
59 142 1
59 147 10
59 148 56
60 63 67
60 64 50
60 66 31
60 68 79
60 69 66
60 72 10
60 75 83
60 79 80
60 81 48
60 82 13
60 86 7
60 87 5
60 88 46
60 89 17
60 91 63
60 95 79
60 99 1
60 102 87
60 103 64
60 105 86
60 111 29
60 113 6
60 114 45
60 116 3
60 120 35
60 121 45
60 122 23
60 125 9
60 126 43
60 127 67
60 130 11
60 132 71
60 133 10
60 134 62
60 138 65
60 140 25
60 141 82
60 144 19
60 146 13
60 149 91
60 150 6
61 62 93
61 63 86
61 75 88
61 82 31
61 83 16
61 84 43
61 86 1
61 89 37
61 90 95
61 94 85
61 99 28
61 100 92
61 104 80
61 106 96
61 110 82
61 112 95
61 116 83
61 117 53
61 118 81
61 119 27
61 121 27
61 123 22
61 125 6
61 126 71
61 127 65
61 131 82
61 132 7
61 136 84
61 137 81
61 143 89
61 144 14
61 146 65
61 147 45
61 148 45
61 150 29
62 63 49
62 64 64
62 69 33
62 72 4
62 74 34
62 75 97
62 78 29
62 80 17
62 82 16
62 84 82
62 85 83
62 92 49
62 95 89
62 97 47
62 100 81
62 105 19
62 109 28
62 110 15
62 111 65
62 112 41
62 113 79
62 114 57
62 117 95
62 118 64
62 120 33
62 125 51
62 127 14
62 128 51
62 129 8
62 131 60
62 136 77
62 140 42
62 141 56
62 142 2
62 144 51
62 149 40
62 150 21
63 64 17
63 66 41
63 67 44
63 68 60
63 71 88
63 73 84
63 76 47
63 77 48
63 81 67
63 89 61
63 90 83
63 91 45
63 95 36
63 98 91
63 100 29
63 102 8
63 103 84
63 109 74
63 112 53
63 113 57
63 114 34
63 115 65
63 118 37
63 119 61
63 123 11
63 125 9
63 127 32
63 128 53
63 133 32
63 138 7
63 139 62
63 142 37
63 144 72
63 145 6
63 146 21
63 147 11
63 150 62
64 65 11
64 66 19
64 68 60
64 69 45
64 72 19
64 76 18
64 78 21
64 80 65
64 81 4
64 82 90
64 84 19
64 88 89
64 91 41
64 92 75
64 93 75
64 95 75
64 96 56
64 99 74
64 108 34
64 110 14
64 111 34
64 113 57
64 114 36
64 115 54
64 119 3
64 125 7
64 128 70
64 129 43
64 130 68
64 133 68
64 138 54
64 139 20
64 141 18
64 142 86
64 145 64
64 147 16
64 148 28
65 66 52
65 67 79
65 68 28
65 72 34
65 75 96
65 77 2
65 85 12
65 86 52
65 92 36
65 94 1
65 95 85
65 99 25
65 103 52
65 106 68
65 108 26
65 110 48
65 112 40
65 113 3
65 114 45
65 116 41
65 117 23
65 118 88
65 120 34
65 126 18
65 128 27
65 132 59
65 134 40
65 135 53
65 137 81
65 138 78
65 139 23
65 140 81
65 141 39
65 144 70
65 147 6
65 150 36
66 68 41
66 72 63
66 75 75
66 88 57
66 89 44
66 90 96
66 91 30
66 92 16
66 98 91
66 99 2
66 100 41
66 102 70
66 104 62
66 106 89
66 107 51
66 109 64
66 110 14
66 111 35
66 114 23
66 115 6
66 117 98
66 120 46
66 123 9
66 124 100
66 125 65
66 129 76
66 131 58
66 136 78
66 141 48
66 143 96
66 144 33
66 146 95
66 147 89
66 148 32
66 150 21
67 68 49
67 70 96
67 71 86
67 74 45
67 78 66
67 85 33
67 92 15
67 95 14
67 97 46
67 103 13
67 105 9
67 106 94
67 108 96
67 110 12
67 111 34
67 113 24
67 115 36
67 117 2
67 118 49
67 127 100
67 130 31
67 133 75
67 138 73
67 140 23
67 141 59
67 147 20
68 70 17
68 74 71
68 75 6
68 76 59
68 77 26
68 86 34
68 87 6
68 89 69
68 90 90
68 92 74
68 96 89
68 112 86
68 113 38
68 114 70
68 116 19
68 117 97
68 123 13
68 124 31
68 126 72
68 127 14
68 136 37
68 137 70
68 142 43
68 147 41
68 148 68
69 72 66
69 76 42
69 77 24
69 80 4
69 82 32
69 89 6
69 97 23
69 98 17
69 99 91
69 101 3
69 104 39
69 105 41
69 106 8
69 107 18
69 110 61
69 118 3
69 120 10
69 124 14
69 126 20
69 128 42
69 133 21
69 136 10
69 138 42
69 140 71
69 142 98
69 144 54
69 145 93
69 147 59
70 72 73
70 74 15
70 76 21
70 77 33
70 79 12
70 81 97
70 83 90
70 85 94
70 89 19
70 92 84
70 93 99
70 95 68
70 97 34
70 98 94
70 106 23
70 111 47
70 116 3
70 117 76
70 121 35
70 122 66
70 124 54
70 125 43
70 126 71
70 127 6
70 129 43
70 131 59
70 132 49
70 134 5
70 135 22
70 138 3
70 142 97
70 143 94
70 145 62
70 148 72
70 150 57
71 72 85
71 81 79
71 82 3
71 85 57
71 86 35
71 87 79
71 88 6
71 90 69
71 93 9
71 95 37
71 98 19
71 99 59
71 100 71
71 102 80
71 103 71
71 105 81
71 106 48
71 107 35
71 113 56
71 115 42
71 116 99
71 117 32
71 118 67
71 120 62
71 122 89
71 123 79
71 126 58
71 137 48
71 138 85
71 139 37
71 146 18
71 149 24
71 150 49
72 75 21
72 77 54
72 79 8
72 80 3
72 83 49
72 85 8
72 86 72
72 87 33
72 94 11
72 96 100
72 98 17
72 99 26
72 100 34
72 103 68
72 109 32
72 113 87
72 117 48
72 119 36
72 120 48
72 126 100
72 127 28
72 128 26
72 133 60
72 135 72
72 139 3
72 142 86
72 145 29
72 146 50
72 147 28
72 149 16
72 150 69
73 74 21
73 82 67
73 85 64
73 90 87
73 93 54
73 97 17
73 98 48
73 100 38
73 102 100
73 103 12
73 104 85
73 105 82
73 106 50
73 110 21
73 112 82
73 115 90
73 117 90
73 119 83
73 120 28
73 126 72
73 129 68
73 130 100
73 133 89
73 135 100
73 136 12
73 137 27
73 138 67
73 141 16
73 142 99
73 143 25
73 144 36
74 75 26
74 76 48
74 77 74
74 78 90
74 82 79
74 85 93
74 90 68
74 91 8
74 94 58
74 98 100
74 102 30
74 103 39
74 105 42
74 107 61
74 108 79
74 109 96
74 111 17
74 112 45
74 114 3
74 115 31
74 116 86
74 118 12
74 121 29
74 122 43
74 124 86
74 129 4
74 133 11
74 134 89
74 136 51
74 138 97
74 139 59
74 141 62
74 142 53
74 143 22
74 144 91
74 146 89
74 150 20
75 76 94
75 78 38
75 80 31
75 82 30
75 86 67
75 87 91
75 88 51
75 91 21
75 93 62
75 96 67
75 102 9
75 103 22
75 107 43
75 115 8
75 116 48
75 117 64
75 120 33
75 121 34
75 122 42
75 126 2
75 128 6
75 129 86
75 133 15
75 136 2
75 137 80
75 138 11
75 142 95
75 143 31
75 146 48
75 147 74
76 79 70
76 82 2
76 87 53
76 88 59
76 89 92
76 90 51
76 91 50
76 95 26
76 97 91
76 99 38
76 100 5
76 104 68
76 105 50
76 107 65
76 108 55
76 111 73
76 115 94
76 117 16
76 118 38
76 120 42
76 126 7
76 131 11
76 136 2
76 139 66
76 140 1
76 141 13
76 145 19
76 146 32
76 148 36
76 149 28
77 78 88
77 80 45
77 82 39
77 83 67
77 84 14
77 86 79
77 88 11
77 89 93
77 92 49
77 95 8
77 96 95
77 97 25
77 100 13
77 102 59
77 108 9
77 113 62
77 118 25
77 119 99
77 124 44
77 129 38
77 130 82
77 131 26
77 132 47
77 133 55
77 136 38
77 137 78
77 140 51
77 142 6
77 146 66
78 80 46
78 81 82
78 82 35
78 83 47
78 84 25
78 85 41
78 87 52
78 88 6
78 93 49
78 95 46
78 96 51
78 98 34
78 101 10
78 103 41
78 105 73
78 108 75
78 109 51
78 113 57
78 115 35
78 118 1
78 122 86
78 130 45
78 131 73
78 132 31
78 136 68
78 140 52
78 141 2
78 145 41
78 146 61
79 85 36
79 86 19
79 87 61
79 88 79
79 89 27
79 92 10
79 93 32
79 94 6
79 96 40
79 97 80
79 102 85
79 103 16
79 104 98
79 105 86
79 107 84
79 112 43
79 118 84
79 120 59
79 121 53
79 122 54
79 123 54
79 126 37
79 127 35
79 128 6
79 133 79
79 138 27
79 141 98
79 144 23
79 145 93
79 147 82
79 149 40
80 81 82
80 85 55
80 88 100
80 90 40
80 91 44
80 93 18
80 98 54
80 100 76
80 107 34
80 110 97
80 111 25
80 115 32
80 117 58
80 118 49
80 121 12
80 123 100
80 124 3
80 126 72
80 133 2
80 135 53
80 140 69
80 141 38
80 144 72
80 145 31
80 148 20
81 83 98
81 85 31
81 87 4
81 89 20
81 97 52
81 102 20
81 104 73
81 108 33
81 109 74
81 110 26
81 112 97
81 119 16
81 120 25
81 122 67
81 123 43
81 124 32
81 131 79
81 133 18
81 134 72
81 139 86
81 140 73
81 141 22
81 144 86
81 145 49
81 147 82
82 86 50
82 88 83
82 89 66
82 91 18
82 92 72
82 93 62
82 95 65
82 97 7
82 99 64
82 101 6
82 102 38
82 105 31
82 106 41
82 108 54
82 109 72
82 110 87
82 111 94
82 112 47
82 115 25
82 116 7
82 117 67
82 119 16
82 126 99
82 127 60
82 133 51
82 134 46
82 135 81
82 139 72
82 140 55
82 144 74
82 145 24
82 148 49
82 150 99
83 84 18
83 85 48
83 93 7
83 98 41
83 100 6
83 101 83
83 106 63
83 109 62
83 110 93
83 111 26
83 112 15
83 113 62
83 118 48
83 119 42
83 120 7
83 123 75
83 124 70
83 127 41
83 128 85
83 130 58
83 132 29
83 135 54
83 136 95
83 138 15
83 150 33
84 87 28
84 90 84
84 91 38
84 92 30
84 93 61
84 95 57
84 96 42
84 108 50
84 111 83
84 114 17
84 117 46
84 121 13
84 123 97
84 133 80
84 134 84
84 136 86
84 142 17
84 145 4
84 146 48
84 147 31
85 89 1
85 91 75
85 94 29
85 95 26
85 97 15
85 99 25
85 100 65
85 101 64
85 103 98
85 111 97
85 113 20
85 114 38
85 115 17
85 116 63
85 117 18
85 119 3
85 121 74
85 123 97
85 124 4
85 125 60
85 129 58
85 132 6
85 133 97
85 136 68
85 137 97
85 144 63
85 148 95
86 88 6
86 89 8
86 93 15
86 99 48
86 101 55
86 102 78
86 105 92
86 107 4
86 108 87
86 109 26
86 111 93
86 116 32
86 124 2
86 129 47
86 131 79
86 134 92
86 135 23
86 136 31
86 137 51
86 138 68
86 141 63
87 90 67
87 91 48
87 92 38
87 93 7
87 104 29
87 107 7
87 108 1
87 110 8
87 111 32
87 114 72
87 115 40
87 117 14
87 121 26
87 122 88
87 125 10
87 127 53
87 136 16
87 137 27
87 141 92
87 144 38
87 148 57
88 92 60
88 94 38
88 96 3
88 98 96
88 99 28
88 102 76
88 103 59
88 104 31
88 106 95
88 109 61
88 115 50
88 118 6
88 120 35
88 121 43
88 123 81
88 126 14
88 135 47
88 136 57
88 137 87
88 139 20
88 146 76
88 147 37
88 148 60
88 149 20
89 91 8
89 93 100
89 94 50
89 95 75
89 97 98
89 98 82
89 99 56
89 100 34
89 101 36
89 102 3
89 106 13
89 110 59
89 111 85
89 113 60
89 115 3
89 119 59
89 123 46
89 127 58
89 128 10
89 130 92
89 132 11
89 134 91
89 135 79
89 137 30
89 140 29
89 143 20
89 144 82
89 148 92
90 92 24
90 93 83
90 97 36
90 100 5
90 102 36
90 105 84
90 111 35
90 112 86
90 114 25
90 118 72
90 120 18
90 122 30
90 126 10
90 127 7
90 129 96
90 131 26
90 132 11
90 133 12
90 135 20
90 140 79
90 141 51
90 142 78
90 144 32
90 145 32
90 146 11
90 150 72
91 93 90
91 95 30
91 96 53
91 98 20
91 100 78
91 109 97
91 110 90
91 112 17
91 113 8
91 114 71
91 115 43
91 121 6
91 122 31
91 123 95
91 130 82
91 131 94
91 137 22
91 138 66
91 140 4
91 144 24
91 145 94
91 146 40
91 147 82
91 150 27
92 94 80
92 97 15
92 98 43
92 99 40
92 100 82
92 102 98
92 103 24
92 105 80
92 106 46
92 113 36
92 114 80
92 117 55
92 124 15
92 125 56
92 126 45
92 132 88
92 133 48
92 139 98
92 140 83
92 141 91
92 143 93
92 145 69
92 146 10
92 147 36
92 150 78
93 95 20
93 97 98
93 101 23
93 107 68
93 108 96
93 110 2
93 111 90
93 112 10
93 113 18
93 114 86
93 118 48
93 123 50
93 124 68
93 125 89
93 127 29
93 129 99
93 131 17
93 134 7
93 135 91
93 136 70
93 137 19
93 138 35
93 140 56
93 142 57
93 146 19
93 147 76
94 96 93
94 97 32
94 101 90
94 110 2
94 111 48
94 112 46
94 118 45
94 122 51
94 124 59
94 125 15
94 126 85
94 128 32
94 131 30
94 133 22
94 135 66
94 136 33
94 141 15
94 142 63
94 144 91
94 150 77
95 96 34
95 97 31
95 99 93
95 102 89
95 104 37
95 106 95
95 107 36
95 109 48
95 110 65
95 111 15
95 112 75
95 113 49
95 116 74
95 117 58
95 119 97
95 126 63
95 128 88
95 135 76
95 136 11
95 137 69
95 141 14
95 142 35
95 144 6
95 148 9
95 149 93
96 97 91
96 101 70
96 107 98
96 109 84
96 110 20
96 111 50
96 117 17
96 120 32
96 121 48
96 128 88
96 132 54
96 137 74
96 139 38
96 140 21
96 142 35
96 143 77
96 144 12
96 145 64
97 103 64
97 104 12
97 105 43
97 106 20
97 107 39
97 109 67
97 112 93
97 113 51
97 114 21
97 115 81
97 116 21
97 118 20
97 121 14
97 123 3
97 125 76
97 127 25
97 128 50
97 132 83
97 135 92
97 138 84
97 139 100
97 141 47
97 143 53
97 144 18
97 147 22
97 148 44
98 99 30
98 100 8
98 102 12
98 103 70
98 104 55
98 105 62
98 107 75
98 108 12
98 109 66
98 111 16
98 115 70
98 120 87
98 126 89
98 129 69
98 130 39
98 136 69
98 137 97
98 138 23
98 139 6
98 140 26
98 141 97
98 142 51
98 145 66
98 148 90
99 101 38
99 104 9
99 108 79
99 112 34
99 118 62
99 119 3
99 120 52
99 121 42
99 125 61
99 126 14
99 130 48
99 131 93
99 132 2
99 133 94
99 134 87
99 136 70
99 137 77
99 139 38
99 143 39
99 144 88
99 147 88
100 104 47
100 105 57
100 106 21
100 108 28
100 111 67
100 121 56
100 125 44
100 128 44
100 131 66
100 134 53
100 135 57
100 140 48
100 142 65
100 143 15
100 146 73
100 147 79
100 148 36
101 104 11
101 105 79
101 108 25
101 109 64
101 111 19
101 113 23
101 117 9
101 121 45
101 123 39
101 130 47
101 131 17
101 132 29
101 133 28
101 134 17
101 135 14
101 136 57
101 140 23
101 144 54
101 146 28
101 147 6
102 105 25
102 107 66
102 111 73
102 113 7
102 117 80
102 125 43
102 132 27
102 135 48
102 136 17
102 137 4
102 144 44
102 146 35
102 147 42
102 150 24
103 106 48
103 108 4
103 109 76
103 112 33
103 113 53
103 114 92
103 117 76
103 118 95
103 126 76
103 127 68
103 129 7
103 130 34
103 131 46
103 134 79
103 139 5
103 142 71
103 143 16
103 145 32
103 146 26
103 147 93
103 148 88
104 113 45
104 114 97
104 116 25
104 119 13
104 123 57
104 124 72
104 129 12
104 131 84
104 132 50
104 133 82
104 134 50
104 136 80
104 137 26
104 138 57
104 140 45
104 141 90
104 144 89
104 145 94
104 146 25
104 149 86
105 110 83
105 111 36
105 112 39
105 113 80
105 114 45
105 118 54
105 121 72
105 122 94
105 124 82
105 126 19
105 133 27
105 135 39
105 137 30
105 140 46
105 141 14
105 142 11
105 143 97
105 144 77
105 145 29
105 149 96
105 150 78
106 107 62
106 114 86
106 117 32
106 119 14
106 121 59
106 122 14
106 130 98
106 131 18
106 132 13
106 133 85
106 134 12
106 135 27
106 136 49
106 146 29
106 149 42
107 108 14
107 119 97
107 120 97
107 122 34
107 126 29
107 129 89
107 132 74
107 133 16
107 134 42
107 137 51
107 138 48
107 139 76
108 113 23
108 115 2
108 116 25
108 119 63
108 120 44
108 121 82
108 126 89
108 127 61
108 129 48
108 130 93
108 133 25
108 134 77
108 135 96
108 137 74
108 139 21
108 141 57
108 145 13
108 146 81
108 147 62
108 148 92
109 113 33
109 115 80
109 122 43
109 125 18
109 126 1
109 128 29
109 129 36
109 130 83
109 131 61
109 132 71
109 133 70
109 141 13
109 142 92
109 143 55
109 145 41
109 147 81
109 150 39
110 115 8
110 117 10
110 119 25
110 131 2
110 133 13
110 134 22
110 140 43
110 146 4
110 147 42
110 149 55
111 112 11
111 113 63
111 114 13
111 116 65
111 119 9
111 128 23
111 133 86
111 135 33
111 136 59
111 139 79
111 140 60
111 143 45
111 144 19
112 116 27
112 117 55
112 118 17
112 120 78
112 124 3
112 125 1
112 126 90
112 129 81
112 139 37
112 140 10
112 141 78
112 143 39
112 144 73
112 146 91
112 147 63
112 148 38
112 150 83
113 114 30
113 116 26
113 120 44
113 124 17
113 126 98
113 127 56
113 137 50
113 138 95
113 140 3
113 141 37
113 147 20
114 117 13
114 118 71
114 119 34
114 121 79
114 123 62
114 127 3
114 128 75
114 130 43
114 131 61
114 132 39
114 136 51
114 138 30
114 141 93
114 142 49
114 144 33
114 146 87
114 150 50
115 117 80
115 118 50
115 122 83
115 123 11
115 124 83
115 125 40
115 128 13
115 136 75
115 137 17
115 138 81
115 139 6
115 142 79
115 145 18
115 149 70
116 117 11
116 119 98
116 121 22
116 122 65
116 124 17
116 126 18
116 128 31
116 129 10
116 130 36
116 131 30
116 132 44
116 133 13
116 137 11
116 140 43
116 144 13
116 145 28
116 146 59
116 147 64
117 118 35
117 119 91
117 124 94
117 126 19
117 131 75
117 132 13
117 135 12
117 143 65
117 144 42
117 146 4
117 150 36
118 119 81
118 124 82
118 125 26
118 127 5
118 130 88
118 135 28
118 136 25
118 139 41
118 140 90
118 143 25
118 144 12
118 145 73
118 146 82
118 147 4
118 150 58
119 122 6
119 123 19
119 126 89
119 127 19
119 128 89
119 131 24
119 132 32
119 133 19
119 142 92
119 143 28
119 145 50
119 146 36
119 149 22
119 150 88
120 122 67
120 123 87
120 125 16
120 126 29
120 127 93
120 129 2
120 135 65
120 138 49
120 139 47
120 141 35
120 142 63
120 149 88
121 122 77
121 127 39
121 129 25
121 133 61
121 135 17
121 137 24
121 139 23
121 143 53
121 145 4
121 149 2
121 150 62
122 124 54
122 135 2
122 138 81
122 139 93
122 145 96
122 147 18
122 148 6
122 149 73
123 124 74
123 126 39
123 127 81
123 130 23
123 132 70
123 140 20
123 141 16
123 143 76
123 147 71
123 148 85
124 125 41
124 131 43
124 133 6
124 134 84
124 135 7
124 140 36
124 144 58
124 145 96
124 146 81
124 147 60
124 150 4
125 126 6
125 127 68
125 130 21
125 134 35
125 137 3
125 139 44
125 141 46
125 143 7
125 145 50
125 146 86
126 127 95
126 128 62
126 131 89
126 134 42
126 135 62
126 136 5
126 139 72
126 145 26
126 149 54
126 150 11
127 128 16
127 137 3
127 139 27
127 141 84
127 142 11
127 143 10
128 132 57
128 133 85
128 135 63
128 137 6
128 143 69
128 147 27
128 150 29
129 132 67
129 133 80
129 135 25
129 141 69
129 142 20
129 147 32
130 132 48
130 136 5
130 138 82
130 140 27
130 143 48
131 137 72
131 142 19
131 146 62
131 150 39
132 133 62
132 135 37
132 137 5
132 140 49
133 135 21
133 142 82
133 147 71
133 149 75
134 135 67
134 137 93
134 138 85
134 140 41
134 142 73
134 143 53
134 145 69
134 146 58
134 149 19
135 137 26
135 144 69
135 149 2
136 137 26
136 138 96
136 139 100
136 140 5
136 143 57
136 144 96
136 145 60
136 148 9
137 138 45
137 140 79
137 141 84
137 142 39
137 143 1
137 145 41
137 146 46
137 150 94
138 148 50
138 149 30
139 143 81
139 144 70
139 146 35
139 148 21
139 150 85
140 144 33
140 147 91
141 142 5
141 143 93
141 144 46
142 144 2
142 146 56
142 148 85
143 147 41
143 148 30
144 145 99
144 146 82
144 148 31
144 150 69
145 146 81
145 148 33
145 150 22
146 149 42
147 149 60
147 150 25
148 149 19
1 7 24
1 10 73
1 11 57
1 13 79
1 15 98
1 19 96
1 20 37
1 21 83
1 22 70
1 23 30
1 25 75
1 27 7
1 31 77
1 32 15
1 33 42
1 45 57
1 47 44
1 48 53
1 50 23
1 52 6
1 54 12
1 55 74
1 58 78
1 59 75
1 61 11
1 63 16
1 65 55
1 68 50
1 77 43
1 81 31
1 84 92
1 86 67
1 92 54
1 94 59
1 95 73
1 101 29
1 102 26
1 108 35
1 109 83
1 110 29
1 112 73
1 113 32
1 118 29
1 119 99
1 120 12
1 121 51
1 122 71
1 124 92
1 125 84
1 126 27
1 130 2
1 131 91
1 138 93
2 3 49
2 7 38
2 14 18
2 15 33
2 17 5
2 18 76
2 22 72
2 25 92
2 28 36
2 29 12
2 30 56
2 31 59
2 33 52
2 35 9
2 36 2
2 38 78
2 40 1
2 44 23
2 46 25
2 48 61
2 49 3
2 50 1
2 51 24
2 53 79
2 58 25
2 59 56
2 61 20
2 62 9
2 63 47
2 70 60
2 71 4
2 73 49
2 76 39
2 78 10
2 79 23
2 80 40
2 83 25
2 95 40
2 96 13
2 97 17
2 98 70
2 100 98
2 105 72
2 106 51
2 115 57
2 120 98
2 124 62
2 125 96
2 126 23
2 128 35
2 129 21
2 130 79
2 134 92
2 136 46
2 139 98
2 141 100
2 142 79
2 147 77
2 148 95
3 4 63
3 6 76
3 8 40
3 9 41
3 13 68
3 14 17
3 15 9
3 17 61
3 18 46
3 22 20
3 24 73
3 29 6
3 42 91
3 45 96
3 47 79
3 51 94
3 54 17
3 55 36
3 56 31
3 57 82
3 60 90
3 61 43
3 62 28
3 64 29
3 66 81
3 68 84
3 72 31
3 75 23
3 78 26
3 81 24
3 82 52
3 84 8
3 86 50
3 90 5
3 91 99
3 97 77
3 99 28
3 101 6
3 103 78
3 104 72
3 106 35
3 112 66
3 113 89
3 117 94
3 118 5
3 122 25
3 124 76
3 125 18
3 126 40
3 127 89
3 128 51
3 131 63
3 134 33
3 135 39
3 137 53
3 145 20
3 146 60
3 148 71
3 149 21
4 8 18
4 11 75
4 14 96
4 29 40
4 31 38
4 37 70
4 44 71
4 47 73
4 49 46
4 50 100
4 51 5
4 52 49
4 55 11
4 58 45
4 59 62
4 63 3
4 66 45
4 67 75
4 68 33
4 69 63
4 72 38
4 73 70
4 75 77
4 76 29
4 77 88
4 79 95
4 80 11
4 83 36
4 85 12
4 86 25
4 87 86
4 88 45
4 89 53
4 91 62
4 92 74
4 96 12
4 98 1
4 100 76
4 103 26
4 105 45
4 116 27
4 119 47
4 120 31
4 123 54
4 124 69
4 125 37
4 130 57
4 131 48
4 139 63
4 140 61
4 143 60
4 145 89
4 147 58
4 149 87
5 6 41
5 8 56
5 9 60
5 14 13
5 16 62
5 17 73
5 19 72
5 25 3
5 27 90
5 30 14
5 35 70
5 37 92
5 43 88
5 44 62
5 46 50
5 47 100
5 49 81
5 51 93
5 54 62
5 58 74
5 59 87
5 61 89
5 63 56
5 65 23
5 67 58
5 68 89
5 74 72
5 79 1
5 80 90
5 82 35
5 92 92
5 95 51
5 96 68
5 97 17
5 98 83
5 101 65
5 103 45
5 104 66
5 106 89
5 107 83
5 109 98
5 110 72
5 111 68
5 114 83
5 115 10
5 116 84
5 117 67
5 118 2
5 121 65
5 127 76
5 128 18
5 132 100
5 138 30
5 139 87
5 140 60
5 142 83
5 149 38
6 9 97
6 10 56
6 11 27
6 18 83
6 20 39
6 23 73
6 26 19
6 28 29
6 31 87
6 35 57
6 36 11
6 37 58
6 40 44
6 42 79
6 43 42
6 45 10
6 46 56
6 48 8
6 50 2
6 51 89
6 52 96
6 55 40
6 56 43
6 59 62
6 60 52
6 63 86
6 65 99
6 67 52
6 68 77
6 69 39
6 73 68
6 74 99
6 79 3
6 81 19
6 82 23
6 84 16
6 85 75
6 88 15
6 91 37
6 96 50
6 98 1
6 99 75
6 105 23
6 108 12
6 112 47
6 114 18
6 115 37
6 117 75
6 118 33
6 122 12
6 123 87
6 125 57
6 127 68
6 130 26
6 136 74
6 137 48
6 139 19
6 141 87
6 143 25
6 144 14
6 148 49
6 149 44
7 8 58
7 10 33
7 11 91
7 12 79
7 13 100
7 16 25
7 18 39
7 21 38
7 28 5
7 30 69
7 35 90
7 37 28
7 39 12
7 41 30
7 46 4
7 47 4
7 48 95
7 49 74
7 50 12
7 54 2
7 57 35
7 58 31
7 59 32
7 60 97
7 61 16
7 63 16
7 66 43
7 68 79
7 70 13
7 72 25
7 74 37
7 81 62
7 82 34
7 83 93
7 84 90
7 85 80
7 86 10
7 89 39
7 90 56
7 93 47
7 97 11
7 98 81
7 99 6
7 101 27
7 103 9
7 104 63
7 106 89
7 107 93
7 108 98
7 109 69
7 110 43
7 114 49
7 116 35
7 117 29
7 131 34
7 132 64
7 135 6
7 136 14
7 138 41
7 139 1
7 141 6
7 143 25
7 144 18
8 9 61
8 12 48
8 14 21
8 18 61
8 22 36
8 23 63
8 25 3
8 29 74
8 31 71
8 35 93
8 36 9
8 38 93
8 43 10
8 45 72
8 46 28
8 48 65
8 50 91
8 51 84
8 52 8
8 54 30
8 55 23
8 56 32
8 58 36
8 59 48
8 60 61
8 61 94
8 62 11
8 63 20
8 66 65
8 69 97
8 73 26
8 75 72
8 78 63
8 81 55
8 84 25
8 86 69
8 87 15
8 88 82
8 90 69
8 91 88
8 92 33
8 97 29
8 99 94
8 100 20
8 102 80
8 106 79
8 107 35
8 108 85
8 112 36
8 120 98
8 121 56
8 122 48
8 123 30
8 125 52
8 138 20
8 143 16
8 146 80
8 148 61
8 150 49
9 11 47
9 12 85
9 13 1
9 16 93
9 17 95
9 21 47
9 22 59
9 25 95
9 26 13
9 27 60
9 30 3
9 31 25
9 42 85
9 43 3
9 45 33
9 48 1
9 53 81
9 55 95
9 56 31
9 58 93
9 59 42
9 60 42
9 62 75
9 66 79
9 69 61
9 71 95
9 76 94
9 77 36
9 78 87
9 79 66
9 82 42
9 84 28
9 92 45
9 93 69
9 95 51
9 96 39
9 98 21
9 100 73
9 105 73
9 109 83
9 112 47
9 113 26
9 114 6
9 117 50
9 118 27
9 119 70
9 120 81
9 121 67
9 125 21
9 129 63
9 132 28
9 138 86
9 140 41
9 142 55
9 144 26
9 147 10
10 11 21
10 14 62
10 16 95
10 18 49
10 29 90
10 32 84
10 36 39
10 41 1
10 42 38
10 45 99
10 48 75
10 49 97
10 53 69
10 58 15
10 60 19
10 64 26
10 70 50
10 74 21
10 77 46
10 78 55
10 79 13
10 80 26
10 85 94
10 86 73
10 87 66
10 88 4
10 91 20
10 97 27
10 100 92
10 101 60
10 103 4
10 108 33
10 109 18
10 111 56
10 112 59
10 113 56
10 116 29
10 117 57
10 119 93
10 120 35
10 124 22
10 125 27
10 127 50
10 128 82
10 130 4
10 131 10
10 133 43
10 135 48
10 136 25
10 140 67
10 141 20
10 143 30
10 144 1
10 146 23
10 147 87
10 148 94
11 13 77
11 14 32
11 16 56
11 21 33
11 23 2
11 25 27
11 28 54
11 29 88
11 31 80
11 35 95
11 40 99
11 41 45
11 42 51
11 48 15
11 54 7
11 55 42
11 56 94
11 60 60
11 64 37
11 66 43
11 68 42
11 69 21
11 71 56
11 74 20
11 80 34
11 83 29
11 85 25
11 87 94
11 88 53
11 92 100
11 95 29
11 97 10
11 99 71
11 100 6
11 102 73
11 103 77
11 104 68
11 106 46
11 108 91
11 109 80
11 110 43
11 111 6
11 113 91
11 115 5
11 119 52
11 120 5
11 121 47
11 123 59
11 125 94
11 127 50
11 129 69
11 133 37
11 135 49
11 138 25
11 141 62
11 143 21
11 147 33
11 148 84
11 150 43
12 13 78
12 17 54
12 18 61
12 20 69
12 22 95
12 23 99
12 25 18
12 28 39
12 31 66
12 33 44
12 34 67
12 40 86
12 41 44
12 43 86
12 44 35
12 47 54
12 49 100
12 50 10
12 51 94
12 52 84
12 56 61
12 59 27
12 60 62
12 62 14
12 65 92
12 69 99
12 70 41
12 72 79
12 79 98
12 80 32
12 81 45
12 82 88
12 84 21
12 87 47
12 91 96
12 93 60
12 94 70
12 95 99
12 96 68
12 98 21
12 99 46
12 100 56
12 101 18
12 103 51
12 105 61
12 107 1
12 108 93
12 110 97
12 113 61
12 116 41
12 118 63
12 119 12
12 121 72
12 144 33
12 147 44
13 18 29
13 20 83
13 23 92
13 25 33
13 26 83
13 27 38
13 31 30
13 37 28
13 38 25
13 39 19
13 42 4
13 48 15
13 49 24
13 50 99
13 51 9
13 56 55
13 57 79
13 58 30
13 59 67
13 63 46
13 64 45
13 67 36
13 71 83
13 72 58
13 73 35
13 77 81
13 81 50
13 83 37
13 86 24
13 91 97
13 94 1
13 97 6
13 99 18
13 100 72
13 101 83
13 102 40
13 103 27
13 104 41
13 105 98
13 108 24
13 112 22
13 113 54
13 116 52
13 117 87
13 121 22
13 122 87
13 123 82
13 128 60
13 134 7
13 136 91
13 139 66
13 140 65
13 141 26
13 149 2
14 15 3
14 16 84
14 26 12
14 27 84
14 29 95
14 30 21
14 36 2
14 38 46
14 42 60
14 44 5
14 46 86
14 47 4
14 50 38
14 55 85
14 56 76
14 58 83
14 59 49
14 60 78
14 61 35
14 62 38
14 63 99
14 66 60
14 67 80
14 71 42
14 72 54
14 73 86
14 74 54
14 75 52
14 76 30
14 79 12
14 80 19
14 81 52
14 83 62
14 84 13
14 85 95
14 86 12
14 87 74
14 89 84
14 93 65
14 94 38
14 96 85
14 98 34
14 100 98
14 105 47
14 107 59
14 111 9
14 113 46
14 114 89
14 118 58
14 119 67
14 120 13
14 121 54
14 122 31
14 125 81
14 131 92
14 133 17
14 139 54
14 140 14
14 147 26
14 150 23
15 21 3
15 23 66
15 24 22
15 31 44
15 35 74
15 36 100
15 39 95
15 41 21
15 45 83
15 49 32
15 50 36
15 53 76
15 54 1
15 55 28
15 58 2
15 61 75
15 62 54
15 69 63
15 71 50
15 72 59
15 81 26
15 82 97
15 84 81
15 86 33
15 97 12
15 99 20
15 100 83
15 102 8
15 103 17
15 104 9
15 107 93
15 108 99
15 109 17
15 110 56
15 111 76
15 114 34
15 123 31
15 124 66
15 125 50
15 128 70
15 129 20
15 131 83
15 132 45
15 134 36
15 139 65
15 141 58
15 142 89
15 144 82
15 147 29
15 149 96
15 150 60
16 18 46
16 22 46
16 31 12
16 32 84
16 33 9
16 39 2
16 42 7
16 43 71
16 50 81
16 51 30
16 52 51
16 57 20
16 59 87
16 60 26
16 61 4
16 64 59
16 70 33
16 73 10
16 75 47
16 81 26
16 87 95
16 90 14
16 91 65
16 94 87
16 95 78
16 96 28
16 97 29
16 107 98
16 108 36
16 109 28
16 110 83
16 112 11
16 119 33
16 120 60
16 124 99
16 125 25
16 127 59
16 132 77
16 136 60
16 137 29
16 138 61
16 141 89
16 142 42
16 144 91
16 145 16
16 149 75
16 150 78
17 18 88
17 20 46
17 22 30
17 25 76
17 26 62
17 28 36
17 32 49
17 33 7
17 34 23
17 40 29
17 41 79
17 43 68
17 44 29
17 49 33
17 50 7
17 52 15
17 57 47
17 60 86
17 61 73
17 64 56
17 67 18
17 68 58
17 70 17
17 74 99
17 78 67
17 79 64
17 80 45
17 82 30
17 84 24
17 85 61
17 86 55
17 90 46
17 91 31
17 94 64
17 96 5
17 100 25
17 101 77
17 105 64
17 107 32
17 109 83
17 111 81
17 113 72
17 117 36
17 121 57
17 125 42
17 127 87
17 128 92
17 132 54
17 133 42
17 134 95
17 136 62
17 138 43
17 139 75
17 140 59
17 142 2
17 143 50
17 148 91
18 22 100
18 24 9
18 25 67
18 27 4
18 32 51
18 33 96
18 36 89
18 37 34
18 38 85
18 40 27
18 43 49
18 44 91
18 45 19
18 46 79
18 48 25
18 49 64
18 50 35
18 52 47
18 56 69
18 61 43
18 62 22
18 66 15
18 69 67
18 74 65
18 76 3
18 79 74
18 80 38
18 81 82
18 82 99
18 85 24
18 86 32
18 87 73
18 88 67
18 96 48
18 97 58
18 99 14
18 101 32
18 103 66
18 108 65
18 110 81
18 111 91
18 113 31
18 120 33
18 121 99
18 122 49
18 124 48
18 129 47
18 131 45
18 135 64
18 138 66
18 139 72
18 141 79
18 142 32
18 146 24
18 148 2
19 27 60
19 28 92
19 31 82
19 37 2
19 40 59
19 42 14
19 46 40
19 47 4
19 48 16
19 49 26
19 52 64
19 53 43
19 56 66
19 57 66
19 61 22
19 64 56
19 70 25
19 71 10
19 72 33
19 74 45
19 75 13
19 76 51
19 78 8
19 79 38
19 85 40
19 89 46
19 90 58
19 93 12
19 94 65
19 95 3
19 97 12
19 98 27
19 99 6
19 102 69
19 106 91
19 107 48
19 108 68
19 110 45
19 112 77
19 114 95
19 115 76
19 116 22
19 117 98
19 122 7
19 123 87
19 124 94
19 125 100
19 129 67
19 135 17
19 138 34
19 139 13
19 140 43
19 141 76
19 143 32
19 144 100
19 145 76
19 147 30
19 149 52
20 23 88
20 25 29
20 27 17
20 30 20
20 31 81
20 32 68
20 34 8
20 39 87
20 41 45
20 42 9
20 45 2
20 50 80
20 52 91
20 53 98
