150 10058 1
1 4 90
1 9 20
1 12 34
1 15 91
1 18 35
1 20 80
1 21 17
1 27 54
1 28 29
1 31 88
1 32 92
1 33 76
1 34 24
1 36 53
1 37 39
1 38 33
1 39 15
1 40 9
1 42 74
1 53 23
1 55 99
1 61 96
1 62 91
1 64 42
1 65 12
1 66 89
1 68 44
1 71 69
1 72 41
1 76 60
1 79 50
1 98 53
1 101 10
1 103 53
1 105 34
1 107 43
1 109 84
1 115 75
1 118 91
1 124 51
1 127 1
1 129 93
1 130 95
1 134 87
1 136 26
1 138 69
1 139 79
1 140 9
1 141 71
1 142 75
1 144 72
1 147 51
1 148 51
2 6 96
2 10 21
2 14 9
2 16 45
2 17 26
2 19 79
2 23 80
2 25 90
2 28 74
2 29 60
2 31 6
2 34 61
2 35 67
2 38 71
2 39 93
2 40 60
2 47 1
2 52 28
2 59 44
2 60 53
2 63 63
2 64 27
2 67 36
2 68 9
2 70 8
2 73 78
2 74 84
2 75 94
2 76 39
2 80 28
2 85 73
2 88 96
2 90 27
2 91 48
2 101 16
2 102 4
2 103 25
2 107 11
2 110 38
2 112 77
2 114 82
2 120 21
2 123 69
2 126 35
2 127 81
2 128 69
2 133 27
2 136 81
2 139 82
2 141 20
2 142 47
2 144 80
2 148 29
2 149 52
3 6 36
3 7 19
3 8 55
3 14 85
3 15 57
3 23 19
3 24 75
3 25 15
3 26 81
3 27 44
3 28 74
3 30 1
3 35 61
3 37 36
3 38 49
3 42 80
3 43 39
3 44 56
3 49 45
3 50 53
3 52 11
3 54 80
3 56 22
3 57 22
3 58 8
3 61 54
3 65 84
3 68 60
3 70 93
3 72 99
3 73 75
3 77 45
3 81 86
3 83 33
3 86 40
3 87 73
3 88 98
3 91 1
3 94 69
3 97 92
3 102 2
3 105 58
3 108 79
3 109 81
3 111 8
3 112 54
3 116 82
3 117 17
3 118 98
3 119 57
3 123 88
3 124 96
3 126 26
3 127 3
3 130 48
3 134 2
3 135 96
3 137 14
3 140 78
3 141 48
3 142 41
3 143 75
3 144 25
3 145 10
3 150 40
4 7 41
4 11 16
4 14 24
4 15 7
4 18 67
4 20 21
4 21 93
4 24 61
4 31 36
4 33 83
4 36 97
4 39 92
4 41 78
4 47 25
4 50 96
4 53 5
4 54 98
4 57 88
4 59 36
4 60 84
4 62 15
4 63 37
4 64 57
4 66 32
4 72 12
4 73 50
4 75 83
4 76 4
4 78 5
4 80 6
4 89 56
4 90 13
4 95 95
4 96 85
4 98 24
4 99 4
4 101 28
4 102 46
4 108 28
4 111 96
4 118 55
4 119 34
4 120 3
4 125 63
4 127 77
4 128 36
4 130 59
4 138 80
4 140 50
4 141 21
4 142 5
4 144 42
4 145 16
4 146 33
4 147 11
4 149 33
5 7 31
5 8 67
5 9 44
5 12 57
5 15 77
5 16 68
5 17 80
5 19 15
5 21 15
5 24 89
5 25 32
5 27 40
5 28 96
5 30 14
5 32 8
5 34 93
5 36 33
5 37 11
5 38 76
5 40 72
5 45 47
5 47 56
5 49 94
5 51 68
5 52 82
5 56 17
5 58 93
5 59 79
5 64 83
5 65 64
5 66 87
5 71 82
5 76 24
5 82 85
5 85 84
5 86 20
5 89 88
5 91 76
5 95 64
5 98 56
5 101 4
5 103 75
5 106 88
5 107 35
5 108 9
5 111 68
5 112 25
5 113 12
5 115 8
5 116 31
5 118 15
5 123 78
5 124 13
5 125 63
5 127 22
5 134 35
5 135 84
5 137 16
5 139 80
5 140 35
5 146 57
5 150 74
6 8 52
6 11 46
6 12 84
6 18 88
6 19 3
6 21 44
6 23 90
6 25 59
6 30 4
6 37 2
6 38 72
6 39 58
6 40 14
6 43 72
6 45 18
6 46 62
6 54 14
6 57 23
6 58 75
6 62 93
6 63 39
6 64 8
6 65 56
6 66 14
6 70 10
6 72 25
6 73 17
6 75 51
6 77 25
6 79 73
6 81 68
6 82 27
6 89 88
6 90 87
6 91 55
6 92 72
6 93 20
6 94 87
6 95 92
6 102 51
6 110 41
6 112 82
6 115 65
6 119 86
6 121 49
6 122 78
6 123 51
6 128 63
6 130 17
6 133 4
6 135 16
6 136 25
6 137 72
6 143 75
6 145 85
6 147 27
6 149 75
6 150 43
7 9 89
7 10 70
7 12 89
7 13 33
7 14 83
7 16 60
7 18 53
7 22 92
7 23 79
7 24 54
7 27 9
7 28 81
7 30 85
7 33 80
7 37 82
7 42 89
7 47 8
7 48 70
7 49 4
7 50 98
7 53 61
7 55 11
7 57 11
7 59 79
7 63 5
7 64 92
7 65 63
7 72 69
7 78 43
7 84 59
7 85 37
7 87 7
7 88 86
7 89 12
7 90 70
7 93 100
7 94 34
7 95 51
7 97 31
7 102 29
7 103 15
7 105 84
7 106 13
7 108 32
7 109 91
7 111 52
7 115 61
7 118 75
7 119 73
7 120 48
7 122 15
7 128 77
7 132 48
7 135 5
7 141 17
7 144 49
7 146 82
8 10 27
8 12 89
8 13 95
8 16 3
8 18 44
8 22 15
8 25 49
8 32 6
8 38 5
8 39 67
8 41 16
8 42 32
8 43 25
8 45 77
8 50 48
8 51 6
8 53 60
8 55 11
8 56 71
8 57 74
8 58 28
8 60 84
8 61 62
8 62 85
8 64 35
8 65 28
8 67 35
8 68 82
8 69 28
8 70 32
8 72 31
8 75 64
8 76 65
8 79 22
8 81 20
8 83 44
8 85 31
8 87 83
8 88 88
8 92 17
8 93 98
8 98 95
8 99 71
8 100 87
8 102 41
8 105 11
8 107 74
8 111 88
8 118 76
8 122 11
8 126 21
8 128 46
8 133 16
8 134 10
8 135 56
8 137 58
8 138 34
8 139 44
8 140 13
8 141 57
8 145 61
8 150 29
9 10 67
9 12 44
9 15 6
9 17 75
9 18 35
9 19 95
9 21 2
9 22 87
9 23 78
9 24 70
9 25 63
9 26 76
9 27 52
9 29 99
9 32 12
9 34 58
9 35 95
9 38 4
9 39 43
9 43 82
9 45 57
9 46 87
9 47 63
9 48 34
9 49 6
9 50 87
9 51 83
9 53 86
9 54 16
9 55 75
9 56 85
9 62 36
9 63 43
9 71 88
9 72 74
9 74 21
9 75 39
9 80 42
9 81 43
9 82 18
9 91 23
9 92 19
9 95 54
9 96 25
9 100 7
9 102 20
9 103 97
9 104 19
9 108 76
9 109 82
9 114 18
9 115 10
9 116 9
9 119 48
9 126 73
9 127 66
9 131 21
9 137 38
9 139 15
9 140 33
9 141 2
9 142 20
9 144 95
9 146 68
9 149 97
10 11 99
10 12 99
10 13 97
10 21 96
10 23 63
10 38 39
10 40 97
10 46 45
10 49 99
10 52 11
10 53 11
10 54 29
10 56 50
10 60 55
10 62 54
10 63 91
10 65 85
10 68 93
10 70 8
10 71 22
10 73 69
10 76 41
10 78 55
10 82 70
10 87 47
10 89 49
10 92 45
10 94 71
10 98 98
10 103 17
10 105 6
10 107 7
10 110 21
10 111 71
10 112 66
10 117 45
10 118 98
10 119 76
10 121 41
10 123 89
10 124 48
10 125 44
10 127 49
10 128 48
10 129 60
10 130 69
10 133 97
10 134 20
10 138 34
10 142 77
10 147 100
11 17 96
11 20 93
11 21 48
11 24 39
11 25 37
11 31 35
11 33 95
11 38 40
11 39 52
11 42 2
11 43 16
11 44 72
11 45 86
11 46 67
11 47 85
11 51 35
11 52 13
11 55 37
11 56 60
11 62 46
11 65 45
11 66 14
11 67 88
11 68 21
11 70 86
11 71 93
11 72 90
11 74 26
11 76 42
11 77 5
11 78 24
11 80 16
11 82 76
11 86 28
11 89 64
11 90 89
11 92 69
11 101 53
11 103 85
11 106 66
11 107 7
11 111 35
11 117 42
11 119 79
11 121 75
11 126 64
11 133 67
11 134 10
11 139 17
11 141 16
11 142 94
11 144 25
11 149 36
12 13 43
12 17 90
12 20 68
12 21 96
12 23 38
12 27 80
12 31 43
12 32 58
12 34 74
12 38 18
12 42 14
12 46 50
12 47 2
12 50 46
12 55 92
12 57 85
12 58 80
12 59 67
12 60 33
12 62 35
12 65 87
12 67 12
12 68 47
12 70 32
12 71 90
12 73 11
12 74 8
12 77 19
12 80 39
12 84 83
12 86 84
12 89 3
12 90 9
12 92 66
12 93 49
12 94 47
12 98 89
12 100 47
12 104 99
12 105 70
12 113 79
12 114 10
12 116 98
12 117 61
12 120 72
12 126 49
12 127 39
12 129 24
12 131 45
12 132 70
12 133 15
12 136 27
12 137 49
12 143 94
12 144 90
12 145 89
12 149 62
12 150 31
13 14 72
13 15 89
13 16 59
13 18 21
13 20 57
13 25 58
13 26 1
13 32 1
13 37 8
13 41 56
13 45 92
13 46 43
13 48 54
13 59 100
13 61 19
13 63 32
13 64 26
13 66 17
13 67 79
13 71 64
13 72 8
13 74 34
13 75 30
13 79 35
13 80 66
13 82 46
13 86 94
13 87 72
13 89 43
13 90 35
13 91 35
13 92 90
13 93 34
13 94 38
13 95 3
13 97 1
13 98 53
13 99 90
13 102 7
13 105 30
13 106 75
13 111 38
13 117 64
13 118 23
13 121 58
13 126 44
13 127 50
13 129 62
13 130 87
13 132 57
13 133 84
13 134 99
13 136 40
13 140 28
13 142 58
13 146 45
13 148 75
14 18 82
14 24 23
14 26 13
14 32 90
14 34 27
14 37 35
14 39 2
14 40 71
14 42 23
14 44 6
14 45 82
14 46 26
14 47 19
14 50 36
14 51 95
14 52 44
14 55 1
14 58 64
14 61 15
14 62 13
14 64 55
14 66 65
14 67 100
14 71 80
14 72 40
14 73 37
14 76 73
14 78 64
14 81 4
14 83 67
14 85 14
14 86 76
14 87 46
14 89 44
14 90 62
14 91 68
14 92 44
14 96 26
14 98 34
14 100 45
14 106 69
14 107 86
14 108 29
14 110 79
14 111 85
14 116 39
14 117 2
14 118 12
14 119 63
14 123 85
14 126 73
14 128 73
14 129 76
14 133 80
14 135 98
14 136 10
14 138 65
14 140 46
14 141 16
14 145 28
14 146 60
14 147 45
15 18 85
15 19 84
15 24 34
15 28 45
15 31 37
15 32 89
15 34 14
15 38 25
15 39 68
15 41 42
15 44 3
15 45 78
15 46 98
15 47 43
15 48 49
15 49 64
15 50 52
15 52 76
15 58 25
15 59 75
15 61 49
15 63 92
15 68 62
15 69 43
15 72 60
15 74 5
15 76 84
15 77 74
15 78 33
15 79 14
15 80 47
15 85 19
15 89 78
15 90 79
15 92 80
15 94 30
15 95 40
15 96 89
15 99 12
15 100 84
15 101 17
15 102 77
15 106 90
15 108 87
15 110 42
15 114 97
15 117 84
15 121 37
15 124 78
15 127 78
15 128 75
15 131 60
15 132 32
15 134 48
15 135 4
15 137 31
15 142 74
15 144 3
15 147 54
16 18 59
16 19 1
16 20 24
16 22 30
16 25 60
16 29 75
16 32 71
16 36 17
16 37 87
16 38 4
16 42 6
16 44 19
16 45 6
16 46 79
16 49 56
16 51 93
16 53 8
16 54 80
16 56 57
16 60 10
16 61 59
16 65 16
16 67 70
16 71 41
16 72 62
16 74 72
16 76 60
16 77 19
16 79 98
16 84 24
16 85 27
16 86 18
16 87 59
16 88 91
16 89 87
16 90 25
16 92 50
16 93 79
16 95 79
16 99 6
16 101 11
16 103 90
16 104 2
16 105 22
16 106 95
16 111 62
16 113 15
16 114 43
16 116 73
16 117 16
16 118 59
16 119 76
16 121 48
16 125 52
16 127 28
16 129 50
16 131 52
16 132 80
16 136 76
16 137 98
16 139 6
16 141 34
16 143 13
16 146 41
17 18 27
17 20 22
17 22 48
17 24 21
17 25 55
17 30 37
17 32 70
17 38 16
17 39 37
17 43 68
17 45 16
17 46 19
17 48 30
17 51 40
17 53 6
17 58 52
17 61 27
17 63 89
17 68 63
17 69 82
17 70 26
17 72 47
17 75 61
17 77 88
17 78 49
17 81 35
17 82 73
17 84 96
17 85 26
17 87 14
17 89 7
17 90 28
17 92 88
17 95 23
17 96 38
17 99 30
17 100 95
17 104 54
17 105 79
17 106 11
17 108 15
17 110 85
17 116 78
17 117 67
17 119 97
17 120 9
17 123 69
17 124 61
17 126 47
17 127 66
17 129 22
17 134 73
17 139 96
17 141 61
17 142 14
17 144 15
17 146 38
17 150 20
18 19 15
18 21 12
18 22 71
18 31 4
18 36 31
18 41 49
18 42 62
18 49 45
18 54 45
18 56 23
18 58 63
18 60 4
18 61 9
18 62 62
18 64 70
18 65 41
18 66 66
18 67 30
18 70 51
18 73 95
18 76 60
18 80 42
18 81 56
18 82 29
18 86 76
18 88 82
18 89 75
18 90 5
18 94 97
18 96 100
18 98 38
18 99 21
18 106 58
18 109 84
18 112 7
18 114 79
18 115 98
18 117 11
18 122 95
18 125 90
18 126 48
18 127 25
18 129 89
18 130 84
18 133 46
18 135 12
18 136 78
18 140 61
18 141 72
18 143 86
18 149 12
19 22 2
19 23 75
19 25 20
19 28 65
19 36 51
19 37 44
19 39 78
19 42 68
19 45 84
19 46 44
19 49 50
19 51 86
19 53 78
19 54 20
19 59 53
19 60 28
19 62 33
19 64 59
19 66 14
19 68 46
19 69 27
19 76 8
19 77 82
19 80 34
19 81 10
19 89 9
19 91 81
19 94 10
19 95 64
19 96 97
19 97 68
19 99 17
19 102 67
19 103 9
19 108 92
19 112 8
19 114 97
19 116 18
19 121 97
19 123 88
19 125 12
19 128 84
19 130 63
19 134 52
19 135 71
19 140 8
19 141 75
19 142 55
19 143 71
19 150 6
20 24 63
20 25 17
20 28 57
20 35 66
20 36 64
20 39 72
20 40 78
20 46 90
20 47 61
20 49 100
20 50 72
20 51 58
20 52 77
20 55 28
20 57 52
20 59 8
20 60 45
20 64 90
20 67 60
20 70 30
20 75 10
20 78 43
20 80 52
20 83 80
20 86 16
20 90 60
20 91 43
20 94 65
20 96 37
20 98 38
20 99 38
20 103 28
20 109 63
20 110 14
20 111 100
20 112 67
20 113 16
20 118 61
20 119 84
20 120 36
20 122 59
20 123 46
20 125 6
20 134 83
20 136 45
20 138 5
20 145 37
20 146 77
20 147 46
20 149 45
20 150 57
21 24 41
21 25 18
21 26 14
21 27 19
21 28 13
21 30 29
21 31 35
21 32 32
21 33 59
21 36 42
21 37 13
21 40 18
21 41 54
21 45 29
21 46 42
21 48 24
21 49 35
21 53 42
21 58 60
21 60 74
21 64 69
21 72 91
21 73 48
21 76 88
21 77 23
21 79 24
21 85 19
21 90 87
21 92 51
21 94 24
21 95 32
21 96 44
21 97 54
21 99 24
21 102 3
21 104 19
21 105 12
21 108 92
21 109 41
21 112 98
21 114 69
21 116 79
21 119 46
21 121 78
21 124 22
21 126 100
21 127 88
21 128 11
21 136 28
21 138 71
21 142 52
21 143 40
21 145 8
21 149 42
22 23 25
22 26 10
22 28 83
22 29 33
22 31 13
22 33 90
22 35 47
22 39 61
22 41 46
22 45 17
22 47 81
22 52 46
22 57 82
22 58 87
22 59 28
22 61 81
22 62 28
22 65 48
22 66 1
22 68 73
22 69 26
22 72 20
22 76 75
22 81 78
22 86 15
22 87 49
22 97 33
22 101 27
22 102 65
22 106 91
22 110 21
22 113 91
22 114 7
22 117 97
22 127 23
22 128 61
22 129 62
22 131 2
22 132 14
22 139 23
22 140 68
22 141 91
22 143 63
22 144 25
22 146 80
23 24 54
23 34 5
23 37 24
23 38 23
23 48 69
23 49 41
23 50 92
23 51 18
23 52 68
23 53 20
23 56 9
23 57 57
23 58 90
23 59 17
23 61 76
23 67 48
23 69 4
23 72 74
23 74 75
23 77 94
23 78 39
23 79 13
23 83 38
23 84 75
23 88 69
23 91 67
23 92 63
23 95 10
23 97 75
23 99 36
23 100 40
23 103 30
23 106 29
23 108 30
23 109 42
23 112 66
23 115 12
23 116 91
23 118 22
23 119 64
23 121 82
23 122 79
23 123 13
23 124 100
23 126 84
23 129 68
23 130 99
23 131 45
23 132 79
23 134 18
23 135 74
23 138 66
23 145 60
23 146 83
24 26 34
24 29 97
24 34 3
24 37 19
24 39 52
24 40 34
24 41 92
24 44 49
24 47 52
24 48 73
24 49 22
24 50 38
24 53 100
24 54 41
24 55 53
24 60 82
24 62 79
24 63 42
24 64 26
24 66 15
24 68 43
24 69 65
24 72 30
24 73 11
24 76 92
24 77 43
24 78 55
24 79 82
24 80 39
24 81 56
24 82 15
24 84 17
24 85 38
24 86 59
24 89 46
24 90 29
24 91 96
24 94 43
24 97 52
24 101 77
24 102 15
24 105 91
24 107 67
24 108 24
24 110 100
24 116 18
24 119 69
24 120 37
24 124 92
24 126 82
24 128 31
24 129 77
24 131 18
24 133 5
24 134 5
24 135 70
24 136 68
24 140 66
24 143 48
24 144 22
25 27 57
25 29 44
25 30 96
25 31 77
25 34 83
25 35 65
25 38 63
25 46 76
25 47 79
25 49 47
25 50 17
25 51 44
25 53 72
25 55 92
25 56 94
25 57 51
25 58 100
25 59 69
25 60 98
25 64 59
25 65 8
25 67 38
25 75 3
25 76 7
25 80 34
25 81 8
25 84 82
25 85 32
25 87 37
25 92 69
25 95 51
25 96 90
25 98 4
25 100 77
25 101 60
25 103 8
25 104 53
25 106 7
25 107 64
25 109 14
25 111 27
25 114 20
25 115 18
25 116 70
25 118 77
25 119 9
25 121 23
25 122 21
25 126 95
25 128 87
25 129 85
25 130 6
25 131 89
25 133 67
25 134 93
25 135 85
25 136 42
25 137 45
25 139 5
25 141 15
25 142 99
25 145 29
25 146 93
25 148 74
25 149 78
26 27 64
26 30 69
26 31 60
26 34 19
26 37 62
26 41 52
26 42 13
26 43 27
26 44 87
26 46 31
26 50 71
26 51 62
26 55 76
26 57 69
26 58 33
26 62 73
26 65 55
26 66 24
26 72 96
26 76 15
26 80 42
26 81 87
26 87 52
26 89 5
26 90 96
26 92 30
26 93 19
26 94 59
26 95 8
26 96 83
26 97 70
26 101 68
26 103 60
26 104 93
26 105 27
26 106 15
26 107 63
26 110 48
26 111 41
26 113 33
26 115 76
26 116 74
26 117 87
26 119 6
26 123 4
26 124 1
26 126 76
26 128 31
26 132 76
26 135 88
26 136 86
26 139 40
26 140 60
26 143 48
26 145 92
26 147 20
26 149 60
27 32 77
27 34 32
27 38 88
27 40 40
27 41 22
27 42 22
27 46 41
27 50 2
27 55 56
27 56 84
27 65 84
27 70 96
27 72 27
27 74 1
27 77 98
27 79 20
27 80 74
27 81 48
27 82 76
27 85 99
27 86 79
27 87 62
27 89 6
27 94 77
27 95 100
27 96 17
27 97 51
27 99 9
27 102 37
27 104 99
27 105 26
27 110 95
27 115 24
27 117 91
27 121 54
27 122 1
27 123 37
27 126 45
27 128 43
27 129 61
27 130 45
27 131 24
27 133 59
27 135 71
27 140 90
27 150 2
28 34 18
28 37 67
28 40 76
28 41 98
28 46 92
28 48 68
28 51 65
28 54 35
28 58 81
28 59 71
28 64 22
28 67 55
28 69 94
28 74 79
28 79 82
28 83 48
28 85 66
28 86 56
28 88 28
28 90 52
28 101 29
28 103 64
28 105 58
28 108 97
28 110 39
28 111 37
28 113 32
28 117 56
28 118 18
28 119 33
28 122 74
28 123 67
28 124 10
28 125 17
28 128 63
28 131 57
28 133 63
28 139 20
28 143 39
28 144 48
28 150 56
29 33 88
29 34 49
29 36 99
29 37 23
29 39 13
29 42 88
29 43 30
29 44 87
29 46 4
29 47 7
29 49 98
29 52 24
29 54 23
29 57 97
29 58 30
29 59 28
29 60 36
29 64 7
29 65 51
29 67 86
29 68 38
29 70 87
29 74 42
29 79 13
29 80 68
29 83 58
29 84 63
29 88 64
29 94 8
29 95 96
29 96 100
29 97 37
29 99 26
29 100 75
29 110 48
29 112 27
29 116 26
29 117 2
29 122 47
29 123 39
29 126 87
29 127 40
29 137 6
29 138 63
29 139 71
29 142 63
29 146 15
29 147 7
30 31 25
30 32 74
30 33 88
30 34 39
30 41 51
30 44 41
30 46 92
30 49 19
30 51 44
30 52 89
30 54 42
30 55 9
30 56 3
30 61 87
30 62 39
30 69 95
30 71 50
30 76 16
30 77 74
30 79 44
30 81 71
30 83 24
30 85 32
30 86 63
30 89 62
30 90 13
30 91 32
30 92 42
30 93 98
30 96 31
30 98 35
30 99 74
30 101 23
30 102 91
30 109 83
30 111 26
30 112 41
30 116 44
30 118 62
30 119 23
30 120 19
30 122 76
30 123 20
30 124 30
30 125 5
30 128 49
30 131 49
30 134 76
30 136 48
30 141 64
30 142 57
30 146 50
30 147 16
30 148 27
31 33 74
31 35 47
31 37 36
31 39 76
31 42 30
31 43 51
31 45 66
31 49 26
31 50 59
31 51 27
31 54 36
31 56 33
31 57 38
31 59 73
31 61 42
31 62 16
31 63 16
31 64 52
31 66 67
31 70 27
31 78 5
31 80 27
31 83 91
31 84 18
31 87 16
31 88 30
31 89 24
31 91 20
31 94 34
31 95 39
31 100 43
31 101 23
31 102 31
31 104 18
31 106 15
31 110 67
31 112 78
31 114 43
31 115 30
31 126 30
31 127 34
31 129 88
31 130 2
31 131 59
31 132 42
31 134 24
31 135 30
31 136 67
31 138 41
31 139 64
31 140 20
31 141 79
31 142 25
31 145 17
31 147 59
31 148 21
32 33 64
32 34 55
32 35 98
32 37 92
32 41 76
32 43 29
32 45 29
32 48 69
32 49 92
32 51 32
32 57 62
32 59 16
32 60 38
32 61 55
32 62 80
32 68 32
32 72 34
32 73 17
32 75 74
32 76 35
32 78 84
32 83 90
32 85 38
32 91 32
32 99 48
32 100 41
32 104 19
32 110 93
32 115 97
32 116 27
32 120 83
32 121 15
32 128 18
32 131 80
32 133 86
32 137 49
32 138 19
32 139 12
32 143 1
32 144 92
32 146 31
32 147 55
33 34 54
33 35 35
33 39 45
33 40 67
33 41 42
33 44 1
33 47 72
33 54 92
33 59 12
33 64 68
33 65 97
33 73 82
33 76 20
33 78 5
33 80 36
33 83 43
33 84 52
33 87 72
33 88 40
33 89 96
33 91 28
33 95 94
33 97 73
33 100 60
33 102 22
33 103 16
33 106 45
33 107 58
33 111 49
33 113 59
33 117 76
33 119 61
33 123 52
33 124 98
33 126 65
33 127 7
33 128 29
33 133 1
33 134 33
33 135 56
33 138 25
33 141 98
33 144 82
33 146 35
33 149 39
33 150 57
34 35 19
34 37 15
34 41 48
34 42 79
34 44 31
34 45 53
34 46 50
34 47 4
34 48 60
34 49 45
34 51 49
34 55 18
34 57 31
34 60 19
34 61 60
34 63 57
34 65 79
34 66 57
34 68 75
34 69 78
34 71 95
34 72 62
34 73 16
34 74 76
34 75 4
34 76 4
34 78 42
34 79 24
34 81 88
34 82 86
34 86 78
34 89 88
34 90 52
34 91 89
34 93 84
34 97 89
34 102 34
34 106 1
34 108 86
34 110 55
34 114 40
34 118 13
34 120 66
34 124 19
34 125 1
34 128 30
34 137 37
34 141 64
34 142 95
34 144 7
34 145 66
34 147 19
35 36 70
35 37 53
35 38 74
35 40 40
35 43 29
35 45 56
35 48 40
35 49 69
35 50 57
35 53 4
35 57 99
35 58 29
35 59 34
35 61 90
35 62 69
35 64 39
35 65 66
35 67 81
35 69 16
35 73 21
35 76 94
35 78 81
35 79 76
35 81 78
35 83 10
35 84 61
35 86 5
35 87 39
35 88 71
35 93 51
35 95 64
35 96 99
35 97 66
35 99 68
35 102 46
35 103 66
35 104 56
35 106 49
35 114 81
35 115 7
35 118 35
35 119 100
35 122 58
35 124 77
35 129 20
35 138 82
35 139 89
35 140 60
35 142 14
35 144 9
35 145 90
35 147 1
35 148 11
35 150 27
36 41 1
36 43 67
36 50 25
36 52 86
36 53 64
36 54 37
36 55 51
36 56 42
36 58 32
36 59 55
36 60 97
36 61 85
36 64 13
36 66 14
36 69 71
36 70 78
36 72 70
36 74 60
36 75 28
36 84 20
36 85 32
36 86 79
36 90 4
36 91 69
36 92 81
36 93 49
36 94 45
36 96 12
36 97 6
36 99 63
36 100 73
36 101 35
36 102 15
36 104 21
36 109 42
36 110 76
36 113 86
36 116 78
36 118 99
36 120 17
36 122 52
36 123 94
36 125 58
36 127 25
36 130 65
36 136 72
36 137 28
36 138 87
36 139 66
36 140 39
36 141 72
36 143 11
36 149 5
36 150 40
37 38 99
37 39 34
37 41 61
37 42 44
37 45 72
37 47 58
37 48 83
37 49 5
37 50 81
37 51 35
37 52 32
37 53 21
37 57 89
37 58 99
37 61 87
37 62 44
37 64 56
37 65 36
37 71 25
37 76 46
37 78 20
37 85 23
37 88 77
37 90 89
37 91 64
37 93 39
37 94 20
37 96 90
37 102 54
37 105 59
37 107 41
37 108 54
37 109 23
37 113 80
37 114 100
37 126 69
37 128 74
37 131 11
37 135 96
37 137 46
37 141 16
37 142 66
37 143 54
37 146 6
37 147 9
37 148 64
37 149 21
38 41 75
38 43 23
38 47 3
38 48 17
38 49 27
38 51 94
38 52 32
38 56 83
38 59 36
38 63 71
38 64 1
38 66 76
38 70 3
38 71 29
38 76 90
38 77 58
38 78 71
38 84 8
38 90 24
38 95 11
38 97 67
38 98 95
38 100 10
38 101 83
38 102 30
38 103 90
38 104 36
38 105 21
38 106 61
38 109 86
38 110 82
38 114 10
38 116 45
38 117 28
38 118 19
38 120 64
38 124 13
38 125 11
38 127 18
38 136 65
38 141 35
38 143 28
38 149 39
39 40 65
39 41 31
39 47 77
39 49 82
39 50 67
39 55 86
39 60 86
39 61 94
39 62 78
39 66 68
39 70 18
39 71 72
39 72 24
39 73 51
39 76 6
39 79 21
39 85 51
39 89 27
39 90 99
39 96 25
39 105 36
39 107 76
39 111 47
39 114 93
39 116 70
39 117 23
39 119 4
39 120 39
39 124 99
39 130 44
39 132 83
39 133 31
39 134 53
39 136 22
39 137 79
39 144 70
39 148 59
39 150 92
40 41 2
40 42 79
40 45 73
40 47 22
40 49 28
40 50 13
40 55 48
40 56 32
40 57 49
40 59 81
40 60 58
40 62 18
40 66 91
40 68 53
40 69 39
40 71 62
40 75 5
40 76 86
40 77 15
40 78 46
40 79 30
40 80 48
40 82 92
40 83 19
40 84 43
40 85 10
40 86 12
40 91 11
40 97 53
40 98 65
40 100 79
40 105 70
40 106 54
40 108 93
40 109 36
40 110 47
40 115 21
40 116 59
40 117 96
40 119 2
40 122 33
40 123 32
40 125 69
40 126 85
40 128 99
40 129 38
40 130 33
40 131 86
40 132 98
40 134 42
40 138 74
40 139 81
40 145 50
40 146 82
40 147 52
40 148 18
40 149 4
41 42 42
41 43 8
41 44 4
41 45 70
41 46 22
41 47 83
41 50 42
41 54 29
41 60 42
41 61 2
41 68 24
41 70 58
41 71 49
41 73 49
41 74 27
41 75 86
41 79 30
41 80 99
41 85 34
41 86 96
41 87 86
41 88 31
41 89 97
41 91 40
41 93 62
41 95 3
41 96 24
41 100 61
41 101 12
41 102 53
41 104 9
41 105 18
41 106 64
41 112 85
41 116 70
41 126 61
41 129 43
41 130 42
41 131 26
41 132 3
41 134 91
41 136 95
41 137 24
41 138 25
41 147 50
42 43 7
42 44 55
42 45 61
42 55 15
42 56 94
42 57 71
42 58 29
42 59 24
42 60 4
42 61 64
42 62 15
42 69 80
42 71 78
42 77 97
42 78 40
42 82 85
42 84 98
42 85 89
42 86 20
42 89 47
42 96 10
42 99 5
42 101 30
42 103 16
42 109 22
42 112 83
42 115 64
42 116 37
42 117 99
42 119 90
42 121 21
42 122 48
42 125 12
42 128 30
42 131 20
42 133 74
42 137 33
42 138 88
42 142 56
43 46 26
43 48 84
43 50 2
43 53 52
43 55 46
43 56 90
43 59 24
43 60 28
43 61 96
43 69 95
43 73 58
43 74 56
43 76 24
43 78 88
43 79 63
43 80 72
43 81 13
43 82 13
43 84 2
43 89 44
43 90 29
43 92 61
43 96 46
43 99 46
43 100 45
43 104 99
43 105 60
43 106 88
43 109 66
43 111 95
43 113 61
43 114 96
43 122 24
43 124 100
43 127 73
43 129 17
43 142 37
43 143 98
43 150 76
44 45 52
44 52 45
44 53 64
44 55 49
44 57 77
44 58 69
44 60 80
44 61 56
44 62 41
44 63 10
44 71 67
44 74 4
44 77 57
44 80 68
44 82 50
44 84 1
44 92 36
44 95 96
44 104 67
44 107 22
44 109 53
44 112 61
44 113 22
44 114 12
44 120 23
44 127 61
44 131 92
44 132 83
44 134 63
44 136 35
44 137 59
44 138 27
44 140 41
44 142 58
44 143 8
44 145 60
44 149 11
45 47 49
45 49 27
45 50 94
45 51 2
45 53 91
45 54 64
45 55 87
45 61 76
45 63 42
45 69 93
45 70 76
45 77 12
45 78 14
45 80 71
45 81 96
45 84 17
45 88 24
45 93 69
45 94 36
45 95 1
45 96 4
45 97 94
45 101 100
45 103 91
45 104 5
45 106 25
45 108 5
45 111 82
45 121 32
45 122 14
45 124 58
45 125 47
45 128 18
45 129 32
45 133 91
45 134 71
45 135 98
45 136 44
45 137 57
45 140 88
45 146 99
45 147 11
45 149 77
46 48 92
46 51 82
46 52 39
46 54 64
46 55 96
46 56 88
46 63 94
46 67 90
46 70 33
46 74 99
46 79 58
46 83 83
46 86 94
46 88 6
46 90 46
46 98 82
46 103 96
46 104 49
46 105 37
46 106 59
46 108 75
46 112 42
46 114 62
46 115 47
46 118 75
46 120 97
46 125 44
46 128 85
46 130 25
46 132 70
46 135 98
46 136 67
46 138 2
46 139 47
46 141 84
46 147 30
46 148 74
46 149 1
47 52 10
47 54 23
47 57 33
47 58 70
47 60 21
47 62 65
47 63 87
47 66 53
47 67 80
47 72 98
47 74 85
47 76 94
47 77 23
47 81 94
47 82 3
47 83 58
47 85 98
47 86 30
47 89 14
47 94 28
47 95 49
47 98 32
47 99 10
47 101 34
47 102 2
47 104 13
47 106 89
47 108 1
47 109 30
47 111 29
47 113 38
47 116 72
47 117 34
47 119 99
47 123 60
47 124 30
47 125 14
47 126 97
47 130 5
47 134 11
47 137 68
47 140 32
47 144 42
47 146 11
47 147 90
47 148 50
47 150 9
48 51 9
48 56 21
48 64 68
48 65 42
48 67 88
48 69 39
48 71 97
48 73 87
48 80 61
48 88 93
48 90 52
48 92 1
48 93 92
48 94 58
48 96 93
48 97 40
48 100 20
48 103 78
48 104 5
48 105 53
48 106 44
48 107 13
48 111 6
48 112 54
48 113 13
48 114 94
48 115 94
48 118 63
48 124 93
48 126 44
48 128 91
48 130 89
48 132 20
48 133 40
48 134 16
48 137 98
48 145 38
48 146 12
48 148 79
49 50 97
49 51 78
49 54 15
49 55 4
49 56 27
49 58 9
49 59 1
49 66 24
49 68 56
49 71 57
49 73 50
49 76 46
49 78 17
49 80 87
49 81 99
49 84 79
49 85 51
49 86 43
49 89 63
49 91 66
49 92 3
49 97 93
49 102 52
49 103 94
49 105 24
49 106 67
49 108 31
49 110 15
49 115 52
49 116 48
49 117 62
49 118 20
49 119 21
49 122 11
49 125 36
49 126 31
49 127 13
49 138 23
49 141 67
49 142 71
49 144 84
49 149 41
50 54 42
50 55 40
50 58 98
50 66 79
50 71 98
50 74 15
50 77 24
50 82 95
50 83 56
50 87 99
50 91 93
50 92 85
50 97 94
50 98 75
50 99 87
50 103 79
50 106 69
50 108 55
50 109 54
50 112 92
50 117 24
50 118 79
50 122 85
50 123 40
50 125 30
50 126 4
50 127 82
50 129 83
50 131 77
50 132 35
50 135 82
50 136 53
50 142 26
50 144 54
50 146 9
50 148 44
50 150 22
51 60 98
51 65 51
51 66 93
51 68 5
51 73 2
51 79 56
51 80 33
51 81 54
51 85 50
51 88 25
51 89 2
51 91 76
51 93 33
51 98 52
51 99 5
51 101 65
51 109 91
51 111 63
51 114 83
51 116 89
51 118 55
51 119 13
51 120 50
51 125 40
51 128 70
51 129 91
51 132 30
51 133 82
51 135 27
51 137 61
51 139 87
51 140 70
51 141 24
51 142 57
51 143 83
51 144 10
52 53 98
52 54 80
52 57 71
52 59 65
52 61 87
52 68 16
52 69 59
52 72 69
52 74 10
52 82 59
52 84 39
52 85 52
52 86 14
52 87 52
52 89 84
52 92 51
52 93 92
52 98 20
52 100 42
52 103 94
52 105 89
52 108 10
52 109 51
52 112 76
52 113 49
52 116 16
52 119 75
52 122 75
52 123 23
52 125 18
52 126 75
52 129 1
52 134 21
52 136 79
52 140 3
52 144 76
52 145 46
52 147 54
53 55 53
53 58 64
53 59 72
53 60 45
53 66 92
53 67 31
53 68 93
53 69 69
53 70 42
53 72 35
53 76 91
53 77 28
53 80 43
53 82 88
53 83 25
53 84 53
53 88 50
53 89 48
53 92 58
53 97 96
53 98 53
53 99 23
53 101 92
53 107 11
53 109 39
53 112 81
53 119 90
53 120 86
53 122 21
53 123 11
53 130 82
53 138 79
53 139 32
53 143 89
53 147 7
53 149 83
54 55 1
54 62 48
54 63 11
54 64 48
54 67 48
54 73 40
54 74 98
54 75 87
54 76 76
54 79 24
54 80 31
54 81 23
54 83 49
54 89 72
54 90 12
54 91 70
54 92 42
54 93 56
54 96 18
54 99 46
54 106 26
54 109 79
54 110 36
54 114 49
54 116 19
54 120 67
54 122 97
54 123 61
54 124 78
54 125 85
54 126 58
54 127 59
54 128 18
54 131 64
54 133 79
54 134 37
54 137 77
54 141 63
54 144 27
54 146 16
54 147 22
55 62 3
55 64 56
55 65 52
55 66 69
55 71 5
55 72 76
55 77 73
55 80 55
55 81 83
55 88 85
55 90 67
55 97 75
55 99 61
55 100 48
55 106 88
55 110 4
55 115 23
55 117 84
55 123 91
55 125 22
55 126 43
55 129 8
55 134 73
55 135 72
55 137 96
55 140 69
55 144 51
56 57 86
56 58 35
56 62 19
56 63 15
56 64 33
56 67 5
56 71 21
56 72 73
56 73 66
56 74 44
56 75 40
56 76 61
56 79 29
56 83 92
56 89 36
56 92 17
56 97 64
56 101 29
56 102 80
56 106 31
56 108 42
56 115 78
56 116 32
56 123 63
56 126 54
56 135 96
56 137 84
56 139 22
56 146 41
56 148 17
56 149 84
57 59 15
57 62 73
57 63 31
57 64 94
57 65 31
57 68 42
57 70 22
57 76 68
57 79 95
57 84 71
57 85 74
57 86 89
57 88 51
57 89 13
57 90 98
57 92 79
57 93 96
57 94 75
57 95 67
57 96 87
57 97 52
57 100 24
57 102 9
57 103 38
57 104 43
57 107 7
57 109 9
57 110 19
57 115 78
57 116 96
57 118 20
57 119 25
57 121 47
57 122 77
57 123 28
57 127 62
57 128 7
57 129 99
57 130 77
57 131 48
57 132 55
57 134 11
57 136 10
57 141 96
57 143 13
57 144 81
57 149 62
58 64 61
58 65 30
58 72 21
58 74 2
58 82 99
58 84 2
58 85 17
58 87 91
58 88 20
58 89 68
58 91 56
58 94 1
58 97 97
58 98 4
58 99 27
58 101 100
58 103 41
58 104 8
58 110 64
58 116 98
58 117 75
58 118 35
58 119 6
58 121 5
58 123 57
58 125 66
58 127 51
58 128 63
58 129 42
58 131 75
58 136 1
58 139 24
58 140 95
58 142 88
58 144 52
58 147 13
58 149 22
58 150 70
59 60 69
59 62 51
59 63 65
59 65 63
59 66 77
59 67 87
59 68 27
59 70 13
59 73 35
59 74 27
59 77 54
59 78 18
59 81 36
59 82 17
59 84 86
59 86 48
59 87 90
59 89 48
59 91 34
59 96 18
59 99 33
59 100 51
59 101 64
59 102 62
59 107 13
59 110 44
59 112 47
59 115 96
59 116 27
59 118 60
59 130 38
59 137 22
59 140 62
59 141 75
59 149 78
59 150 17
60 64 90
60 65 12
60 69 3
60 74 42
60 76 20
60 77 57
60 78 61
60 85 68
60 86 71
60 88 60
60 90 31
60 99 36
60 101 51
60 102 88
60 103 13
60 104 73
60 109 71
60 110 69
60 113 84
60 117 43
60 118 47
60 120 70
60 123 14
60 125 53
60 129 56
60 133 48
60 137 22
60 140 46
60 141 69
60 144 33
60 145 59
60 146 19
60 149 18
61 64 1
61 65 51
61 68 91
61 69 66
61 72 82
61 73 67
61 76 16
61 77 4
61 78 9
61 80 58
61 83 50
61 94 62
61 95 8
61 96 82
61 97 94
61 99 30
61 101 49
61 104 68
61 106 46
61 107 54
61 110 1
61 112 50
61 116 97
61 117 62
61 119 90
61 120 41
61 123 69
61 125 52
61 128 75
61 130 93
61 131 82
61 136 94
61 140 51
61 143 45
61 144 45
61 145 95
61 146 53
62 63 50
62 65 70
62 67 71
62 68 45
62 69 33
62 73 63
62 74 97
62 75 70
62 78 66
62 80 91
62 81 7
62 85 72
62 88 21
62 92 12
62 93 81
62 99 69
62 101 32
62 105 26
62 106 92
62 110 95
62 111 43
62 112 29
62 113 23
62 114 2
62 116 54
62 119 94
62 121 83
62 122 91
62 123 52
62 124 24
62 125 92
62 126 85
62 132 49
62 135 81
62 138 26
62 142 71
62 143 18
62 144 15
62 147 72
62 148 54
62 150 100
63 67 63
63 69 1
63 70 78
63 71 50
63 72 42
63 74 65
63 76 43
63 77 20
63 78 7
63 79 28
63 84 73
63 88 28
63 89 28
63 91 38
63 92 49
63 93 91
63 95 16
63 96 32
63 100 94
63 101 63
63 103 99
63 106 8
63 107 41
63 111 74
63 118 70
63 119 61
63 121 82
63 124 71
63 125 7
63 127 22
63 130 22
63 132 76
63 133 53
63 140 99
63 142 6
63 143 14
63 144 82
63 145 7
63 146 31
63 150 1
64 65 1
64 69 32
64 71 77
64 72 67
64 73 40
64 74 83
64 75 64
64 76 48
64 79 5
64 85 75
64 86 1
64 87 26
64 97 13
64 103 39
64 105 99
64 107 12
64 109 15
64 110 61
64 115 41
64 117 45
64 119 9
64 120 70
64 122 99
64 125 24
64 127 35
64 130 99
64 132 22
64 133 98
64 134 32
64 135 82
64 136 59
64 139 29
64 144 19
64 145 39
64 146 50
65 68 44
65 70 12
65 71 70
65 73 21
65 77 38
65 80 89
65 81 91
65 83 100
65 85 66
65 86 46
65 87 1
65 88 26
65 90 66
65 93 15
65 101 64
65 102 89
65 105 43
65 107 49
65 111 4
65 120 64
65 124 89
65 125 37
65 129 56
65 133 86
65 138 2
65 142 80
65 145 56
65 146 16
65 148 9
65 149 38
65 150 23
66 69 100
66 71 1
66 74 6
66 78 81
66 81 65
66 88 90
66 97 99
66 100 10
66 101 72
66 106 25
66 107 92
66 109 73
66 110 3
66 111 98
66 112 44
66 113 94
66 115 24
66 116 48
66 119 32
66 121 95
66 122 27
66 123 16
66 124 33
66 128 88
66 135 10
66 138 48
66 139 44
66 140 42
66 144 27
66 145 2
66 150 73
67 70 22
67 72 28
67 73 49
67 75 93
67 76 22
67 77 100
67 82 55
67 87 84
67 88 22
67 89 33
67 91 65
67 93 33
67 96 60
67 99 3
67 102 7
67 103 6
67 104 91
67 105 11
67 112 55
67 117 67
67 119 62
67 121 64
67 123 53
67 124 72
67 127 60
67 128 94
67 131 72
67 133 56
67 136 15
67 137 35
67 138 73
67 144 70
67 147 27
67 148 37
68 69 59
68 70 7
68 71 51
68 78 21
68 80 64
68 81 86
68 84 64
68 87 79
68 90 1
68 91 100
68 96 23
68 97 69
68 102 45
68 106 66
68 108 91
68 109 88
68 116 27
68 120 3
68 122 89
68 123 41
68 127 29
68 131 92
68 132 24
68 133 70
68 134 52
68 135 44
68 136 92
68 139 94
68 140 90
68 143 68
68 146 4
68 150 82
69 73 31
69 74 15
69 76 16
69 78 60
69 79 59
69 80 47
69 84 13
69 85 55
69 86 22
69 87 87
69 89 62
69 92 73
69 93 97
69 97 41
69 100 83
69 101 72
69 104 41
69 105 20
69 107 65
69 108 63
69 110 36
69 113 28
69 114 9
69 126 15
69 131 84
69 132 36
69 134 84
69 135 12
69 136 98
70 71 57
70 72 29
70 78 75
70 82 39
70 83 95
70 84 15
70 85 12
70 86 59
70 87 2
70 88 94
70 90 4
70 91 12
70 93 89
70 94 48
70 99 57
70 102 66
70 103 63
70 104 48
70 106 6
70 109 58
70 110 24
70 112 4
70 115 2
70 116 21
70 119 84
70 123 73
70 124 49
70 131 76
70 134 3
70 135 37
70 137 96
70 140 49
70 142 71
70 148 95
71 76 23
71 78 31
71 79 29
71 81 35
71 86 69
71 88 99
71 91 47
71 93 66
71 94 5
71 95 16
71 96 69
71 97 75
71 99 90
71 101 59
71 103 71
71 104 7
71 106 12
71 108 72
71 110 78
71 111 99
71 114 58
71 116 42
71 118 96
71 120 68
71 122 26
71 130 87
71 137 22
71 138 62
71 139 86
71 140 75
71 142 35
71 144 98
71 147 11
71 148 13
71 149 4
71 150 9
72 73 67
72 75 85
72 76 73
72 77 89
72 78 20
72 79 64
72 81 22
72 88 53
72 90 59
72 92 85
72 97 69
72 98 28
72 99 39
72 104 57
72 107 30
72 109 73
72 113 52
72 116 66
72 117 67
72 122 62
72 123 30
72 125 75
72 130 1
72 132 54
72 137 8
72 138 21
72 142 80
72 144 12
72 149 37
72 150 45
73 74 36
73 77 28
73 78 23
73 82 47
73 83 89
73 84 27
73 85 22
73 87 39
73 89 58
73 94 94
73 95 86
73 96 51
73 97 76
73 102 34
73 103 49
73 104 37
73 106 61
73 107 87
73 108 97
73 109 69
73 112 79
73 116 72
73 122 93
73 123 70
73 127 48
73 135 72
73 138 80
73 142 80
73 144 56
73 146 65
73 147 93
73 148 52
73 149 22
74 75 52
74 76 9
74 77 9
74 78 7
74 81 50
74 82 77
74 83 12
74 89 63
74 92 38
74 93 65
74 97 2
74 98 25
74 102 22
74 105 18
74 106 57
74 107 24
74 111 65
74 112 35
74 117 85
74 121 16
74 125 18
74 126 90
74 129 88
74 130 36
74 131 72
74 132 70
74 133 85
74 136 3
74 138 87
74 146 28
74 147 78
74 150 92
75 79 96
75 81 76
75 82 32
75 85 26
75 86 86
75 92 52
75 93 43
75 97 94
75 98 10
75 105 78
75 106 4
75 111 8
75 112 89
75 113 54
75 117 45
75 120 7
75 123 60
75 124 99
75 126 72
75 128 14
75 130 84
75 132 23
75 133 76
75 134 13
75 135 78
75 137 20
75 139 58
75 140 17
75 144 15
75 147 10
75 148 43
76 79 30
76 81 86
76 84 32
76 85 56
76 86 8
76 87 2
76 88 62
76 89 79
76 90 58
76 94 61
76 97 57
76 98 52
76 100 73
76 101 39
76 106 80
76 107 49
76 113 95
76 114 1
76 115 74
76 117 50
76 118 26
76 119 25
76 120 54
76 121 53
76 124 20
76 125 69
76 126 51
76 128 25
76 133 80
76 138 80
76 140 69
76 142 87
76 143 93
76 144 65
76 147 53
76 149 4
77 80 47
77 82 99
77 89 70
77 94 20
77 96 81
77 99 6
77 100 14
77 101 34
77 105 78
77 106 38
77 109 99
77 118 10
77 123 39
77 126 53
77 128 22
77 129 47
77 132 12
77 134 87
77 135 40
77 136 7
77 139 50
77 140 25
77 144 94
78 79 76
78 84 74
78 85 16
78 87 34
78 94 67
78 96 5
78 99 28
78 101 67
78 103 100
78 105 32
78 106 69
78 110 47
78 111 8
78 113 31
78 114 22
78 116 71
78 119 37
78 122 43
78 124 77
78 127 31
78 128 98
78 133 86
78 138 5
78 141 25
78 142 86
78 144 43
78 146 6
78 148 52
79 81 55
79 83 10
79 85 7
79 88 48
79 93 23
79 97 6
79 101 44
79 102 95
79 103 63
79 104 80
79 106 3
79 108 37
79 112 5
79 114 18
79 117 85
79 128 87
79 129 21
79 131 56
79 133 2
79 137 27
79 139 48
79 142 29
79 144 38
79 145 44
79 146 80
79 149 61
80 81 43
80 83 44
80 84 66
80 85 17
80 86 64
80 87 42
80 88 37
80 89 89
80 93 82
80 97 12
80 98 76
80 100 66
80 104 96
80 107 15
80 108 68
80 113 79
80 117 34
80 120 52
80 122 58
80 126 63
80 131 100
80 132 35
80 133 83
80 139 84
80 148 23
80 149 74
80 150 17
81 88 5
81 89 82
81 93 28
81 98 92
81 99 92
81 100 28
81 101 37
81 102 63
81 104 65
81 108 100
81 113 63
81 117 10
81 120 50
81 122 36
81 126 28
81 127 79
81 130 48
81 132 85
81 133 33
81 135 61
81 139 93
81 141 65
81 144 4
81 145 33
81 148 25
82 86 81
82 87 66
82 95 49
82 100 75
82 101 6
82 104 54
82 105 51
82 106 89
82 110 37
82 111 9
82 113 100
82 114 39
82 115 54
82 116 47
82 121 29
82 122 33
82 125 6
82 126 48
82 127 39
82 129 43
82 130 15
82 137 20
82 142 48
82 145 96
82 147 27
82 149 90
83 88 86
83 89 55
83 90 61
83 92 94
83 95 67
83 97 55
83 98 49
83 100 72
83 101 69
83 102 91
83 104 20
83 106 100
83 107 89
83 109 42
83 110 21
83 111 47
83 112 64
83 113 10
83 114 97
83 115 64
83 116 43
83 117 56
83 119 31
83 124 15
83 130 22
83 136 38
83 137 53
83 144 82
83 146 95
83 147 50
83 149 26
84 86 39
84 87 66
84 95 57
84 97 92
84 98 89
84 100 56
84 103 30
84 104 15
84 108 29
84 112 31
84 114 63
84 117 52
84 120 28
84 121 56
84 122 44
84 124 18
84 126 26
84 128 49
84 130 20
84 131 3
84 134 79
84 136 29
84 137 87
84 138 50
84 143 84
84 144 78
84 146 61
85 88 50
85 91 8
85 92 60
85 94 95
85 98 70
85 102 18
85 103 69
85 105 38
85 106 93
85 107 63
85 110 45
85 116 61
85 118 31
85 119 70
85 121 28
85 126 87
85 128 55
85 129 46
85 135 76
85 140 89
85 146 100
85 147 57
86 88 57
86 91 22
86 93 10
86 96 96
86 103 9
86 107 76
86 112 77
86 113 4
86 114 20
86 115 44
86 119 12
86 122 64
86 125 2
86 128 53
86 130 27
86 131 21
86 134 25
86 140 82
86 141 47
86 142 70
86 145 81
86 146 37
87 88 17
87 89 42
87 93 61
87 94 8
87 97 9
87 100 72
87 103 93
87 104 10
87 110 47
87 112 58
87 113 60
87 116 42
87 117 65
87 120 69
87 121 47
87 124 71
87 126 84
87 127 88
87 128 83
87 131 93
87 135 81
87 136 56
87 137 80
87 139 90
87 140 8
87 141 84
87 144 89
87 145 71
88 89 99
88 93 35
88 94 15
88 95 57
88 96 77
88 98 45
88 102 34
88 104 33
88 105 86
88 106 1
88 113 27
88 115 27
88 116 44
88 117 22
88 120 58
88 121 55
88 122 79
88 123 12
88 127 48
88 128 84
88 133 3
88 134 83
88 135 42
88 136 91
88 139 59
88 142 12
88 146 59
88 147 6
88 148 41
88 149 66
88 150 6
89 90 58
89 91 37
89 92 18
89 94 88
89 101 66
89 106 30
89 108 93
89 111 51
89 112 17
89 113 20
89 114 89
89 121 24
89 122 45
89 123 26
89 124 57
89 130 16
89 131 22
89 133 10
89 134 14
89 135 97
89 136 33
89 139 100
89 143 70
89 145 86
89 146 6
90 98 49
90 99 79
90 105 82
90 107 84
90 114 47
90 115 92
90 119 3
90 123 61
90 124 46
90 126 64
90 130 44
90 131 67
90 139 53
90 140 27
90 144 80
90 145 89
91 94 7
91 96 34
91 99 33
91 101 16
91 106 63
91 107 48
91 108 87
91 110 59
91 111 56
91 117 8
91 120 5
91 121 44
91 122 96
91 126 92
91 130 39
91 132 64
91 135 42
91 141 53
91 145 75
91 148 72
92 93 87
92 96 74
92 97 76
92 98 33
92 99 40
92 101 84
92 103 90
92 106 5
92 107 20
92 111 33
92 113 5
92 114 57
92 115 79
92 119 73
92 120 65
92 124 62
92 129 44
92 135 20
92 139 22
92 140 61
92 141 60
92 142 76
92 143 38
92 145 5
92 147 87
92 149 25
93 95 82
93 96 17
93 100 7
93 102 79
93 103 55
93 104 97
93 108 54
93 111 93
93 113 2
93 114 89
93 115 91
93 117 16
93 118 26
93 121 22
93 123 4
93 126 41
93 127 9
93 129 14
93 130 86
93 134 34
93 137 48
93 146 91
93 149 17
94 95 47
94 97 12
94 100 25
94 103 93
94 107 84
94 108 2
94 109 39
94 110 33
94 115 30
94 116 71
94 117 32
94 118 91
94 121 76
94 122 40
94 123 54
94 125 39
94 128 63
94 133 29
94 138 40
94 141 29
94 144 55
94 145 55
94 146 93
94 148 30
95 97 43
95 102 77
95 106 15
95 107 48
95 108 85
95 110 59
95 111 69
95 112 79
95 116 73
95 118 95
95 119 68
95 120 20
95 122 73
95 123 78
95 126 4
95 130 30
95 137 70
95 139 22
95 145 96
95 147 4
95 148 96
95 149 88
96 98 43
96 100 19
96 102 59
96 103 89
96 104 49
96 108 58
96 109 43
96 110 36
96 113 22
96 115 100
96 117 95
96 119 36
96 122 90
96 123 85
96 124 14
96 126 29
96 127 42
96 128 66
96 131 71
96 134 68
96 136 2
96 138 13
96 139 3
96 140 40
96 141 42
96 142 76
96 144 38
96 145 87
97 101 28
97 107 86
97 111 98
97 112 43
97 114 37
97 115 98
97 117 54
97 118 98
97 119 42
97 128 84
97 129 95
97 131 85
97 139 52
97 140 100
97 144 93
97 147 39
97 148 83
97 150 20
98 99 23
98 102 26
98 106 83
98 112 70
98 113 15
98 118 43
98 119 78
98 121 60
98 125 79
98 132 96
98 135 24
98 136 100
98 137 84
98 138 13
98 143 62
98 145 27
99 100 59
99 101 82
99 102 7
99 110 64
99 111 37
99 112 50
99 113 96
99 114 6
99 115 16
99 116 64
99 117 87
99 118 55
99 122 28
99 124 67
99 131 44
99 133 28
99 134 5
99 136 1
99 138 51
99 139 4
99 141 21
99 143 8
99 145 8
99 146 44
99 147 5
100 101 36
100 102 61
100 104 67
100 109 18
100 110 32
100 112 98
100 113 81
100 115 81
100 118 50
100 119 67
100 124 32
100 126 25
100 127 26
100 129 10
100 130 42
100 133 37
100 136 84
100 138 14
100 140 31
100 141 54
100 144 99
100 148 28
100 149 17
100 150 83
101 106 73
101 111 20
101 112 16
101 113 36
101 114 36
101 116 73
101 117 70
101 120 93
101 121 75
101 126 27
101 128 73
101 131 85
101 133 3
101 137 9
101 142 70
101 144 40
101 145 13
101 147 7
101 149 89
102 105 95
102 106 32
102 107 29
102 108 14
102 109 3
102 110 99
102 112 29
102 117 23
102 119 62
102 126 21
102 132 39
102 135 2
102 138 75
102 139 65
102 142 3
102 144 4
102 145 64
102 146 90
102 147 48
102 150 59
103 104 65
103 105 91
103 107 28
103 109 88
103 112 95
103 113 3
103 116 79
103 119 85
103 127 97
103 129 8
103 130 40
103 131 85
103 132 65
103 137 69
103 147 73
104 105 17
104 106 56
104 112 84
104 113 28
104 118 32
104 122 47
104 124 72
104 125 97
104 127 90
104 135 91
104 136 26
104 137 32
104 139 27
104 140 74
104 141 28
104 144 1
104 147 36
105 108 87
105 113 52
105 116 24
105 120 22
105 123 12
105 127 22
105 135 36
105 139 93
105 140 59
105 141 65
105 142 99
105 147 78
105 149 48
105 150 63
106 107 2
106 110 39
106 112 12
106 113 66
106 119 94
106 122 35
106 127 64
106 128 29
106 133 38
106 134 76
106 138 39
106 141 18
106 145 81
106 147 99
107 108 91
107 109 90
107 111 88
107 113 79
107 118 67
107 120 23
107 121 26
107 127 36
107 128 82
107 130 50
107 132 17
107 136 91
107 138 47
107 141 19
107 144 35
107 146 64
107 148 49
107 149 89
107 150 78
108 109 33
108 113 44
108 114 87
108 116 79
108 121 92
108 122 69
108 123 59
108 127 5
108 128 11
108 132 63
108 137 98
108 141 3
108 142 46
108 144 91
108 148 42
108 150 1
109 113 72
109 114 53
109 116 56
109 119 45
109 124 47
109 125 71
109 126 8
109 127 6
109 128 33
109 130 8
109 131 26
109 134 24
109 135 2
109 136 75
109 138 91
109 139 61
109 142 26
109 144 20
109 147 7
110 111 62
110 112 86
110 116 10
110 117 30
110 121 32
110 124 10
110 125 45
110 129 66
110 130 34
110 131 7
110 132 23
110 134 73
110 135 91
110 140 13
111 114 49
111 115 57
111 116 55
111 121 71
111 122 42
111 123 28
111 127 17
111 128 69
111 132 40
111 133 69
111 136 10
111 137 73
111 138 46
111 143 8
111 144 28
112 114 57
112 118 74
112 121 63
112 122 86
112 124 26
112 133 42
112 134 4
112 135 91
112 136 48
112 137 96
112 140 17
112 143 66
112 147 47
112 148 19
112 149 41
113 114 5
113 117 12
113 118 97
113 119 81
113 120 65
113 126 27
113 128 12
113 129 56
113 136 22
113 138 21
113 139 75
113 145 93
113 148 57
114 115 17
114 117 94
114 121 85
114 124 96
114 126 6
114 131 56
114 136 1
114 140 96
114 144 44
114 146 62
114 150 9
115 121 23
115 124 81
115 125 72
115 128 62
115 131 26
115 132 9
115 141 5
115 150 61
116 121 14
116 122 50
116 124 69
116 125 81
116 129 29
116 131 86
116 132 92
116 133 100
116 137 39
116 140 12
116 143 91
116 148 34
117 121 27
117 127 89
117 129 64
117 132 35
117 133 69
117 136 46
117 146 52
118 119 59
118 121 11
118 123 11
118 124 79
118 131 33
118 132 31
118 133 61
118 137 82
118 140 75
118 141 81
118 142 11
118 143 18
118 150 90
119 120 15
119 122 91
119 123 1
119 125 46
119 127 73
119 131 11
119 132 60
119 137 73
119 142 27
119 143 7
119 146 11
120 122 64
120 124 82
120 126 34
120 128 3
120 130 42
120 132 70
120 133 66
120 135 64
120 137 81
120 148 32
120 149 87
121 123 75
121 124 54
121 125 31
121 128 63
121 130 57
121 133 40
121 134 5
121 137 31
121 141 97
121 144 39
121 146 17
121 148 85
121 150 35
122 123 18
122 125 47
122 126 81
122 127 86
122 130 28
122 134 88
122 135 58
122 136 42
122 140 4
122 141 26
122 146 78
122 150 24
123 125 64
123 126 25
123 128 33
123 129 27
123 132 62
123 133 90
123 134 21
123 148 14
123 149 30
124 125 100
124 126 73
124 127 52
124 129 80
124 130 95
124 131 69
124 133 43
124 144 71
124 148 27
125 126 52
125 127 57
125 128 2
125 130 92
125 132 60
125 133 97
125 134 31
125 135 63
125 137 69
125 139 72
125 142 52
125 145 33
125 147 33
126 132 13
126 136 91
126 137 2
126 142 28
126 144 45
126 148 17
126 149 13
127 129 22
127 130 42
127 131 14
127 132 69
127 134 42
127 137 34
127 141 24
127 143 2
127 150 43
128 130 80
128 132 49
128 134 26
128 135 27
128 139 40
128 143 54
128 145 37
129 130 13
129 132 6
129 136 80
129 137 31
129 139 77
129 143 53
129 146 51
129 148 89
130 131 4
130 133 79
130 138 51
130 139 74
130 142 73
130 144 15
130 147 13
130 148 58
131 132 91
131 133 50
131 134 98
131 135 26
131 137 38
131 138 25
131 139 60
131 140 93
131 144 42
131 147 83
131 149 48
132 134 74
132 135 19
132 136 10
132 140 39
132 141 15
132 142 63
132 148 50
133 142 19
133 143 78
133 144 33
133 145 58
133 147 52
133 149 87
134 139 55
134 140 58
134 141 62
134 142 18
134 143 29
134 149 56
135 136 38
135 138 20
135 141 83
135 142 69
135 146 36
135 150 66
136 139 46
136 140 41
136 141 87
136 144 53
136 145 24
136 147 52
136 148 1
136 149 42
136 150 36
137 138 88
137 139 8
137 140 59
137 141 71
137 146 97
137 150 78
138 139 50
138 144 85
139 141 14
139 144 36
139 146 95
139 150 50
140 150 26
142 143 67
142 145 32
142 148 46
143 147 57
143 148 13
144 145 73
144 149 36
145 147 7
145 149 83
145 150 99
146 149 30
147 150 34
1 3 7
1 4 97
1 7 49
1 10 61
1 13 62
1 14 75
1 18 44
1 19 30
1 23 67
1 24 27
1 28 57
1 31 80
1 33 19
1 34 45
1 35 66
1 41 2
1 42 37
1 45 58
1 47 33
1 52 12
1 53 92
1 54 6
1 55 26
1 56 17
1 57 92
1 58 11
1 59 45
1 62 84
1 63 59
1 64 73
1 66 66
1 68 30
1 70 71
1 71 27
1 76 31
1 78 75
1 80 14
1 86 45
1 92 77
1 93 88
1 95 61
1 98 62
1 103 45
1 107 59
1 109 20
1 110 34
1 111 56
1 113 1
1 116 83
1 119 62
1 121 49
1 123 13
1 124 40
1 126 33
1 128 45
1 129 94
1 132 77
1 133 53
1 134 37
1 135 81
1 136 33
1 137 84
1 138 43
1 140 66
1 142 19
1 144 69
1 146 3
1 147 84
1 148 72
1 149 23
2 5 93
2 6 81
2 8 26
2 12 54
2 14 35
2 15 50
2 16 39
2 18 100
2 23 55
2 27 17
2 30 12
2 32 21
2 33 59
2 34 53
2 38 3
2 40 64
2 42 29
2 44 25
2 46 60
2 47 99
2 48 70
2 52 92
2 56 15
2 59 40
2 64 18
2 65 83
2 73 47
2 75 24
2 76 29
2 77 88
2 79 20
2 81 71
2 82 72
2 83 22
2 88 32
2 93 40
2 94 37
2 95 92
2 96 31
2 98 59
2 100 79
2 101 50
2 104 30
2 107 54
2 110 56
2 112 71
2 114 88
2 115 2
2 120 72
2 123 40
2 127 36
2 131 71
2 133 41
2 134 78
2 136 52
2 140 38
2 141 86
2 142 84
2 146 84
3 5 73
3 13 92
3 18 67
3 21 99
3 22 33
3 24 60
3 26 39
3 27 23
3 32 39
3 35 94
3 42 68
3 43 50
3 44 82
3 48 82
3 49 20
3 54 91
3 55 27
3 56 50
3 63 88
3 65 45
3 66 74
3 68 100
3 70 30
3 74 1
3 75 72
3 76 58
3 77 98
3 81 97
3 85 10
3 86 63
3 87 92
3 88 7
3 89 17
3 91 82
3 93 35
3 96 43
3 98 33
3 101 85
3 103 92
3 106 7
3 109 85
3 112 27
3 115 15
3 120 68
3 122 18
3 123 24
3 125 78
3 126 39
3 127 41
3 133 78
3 137 32
3 139 90
3 140 61
3 141 68
3 143 94
3 146 10
3 148 37
3 149 51
4 6 52
4 11 61
4 14 95
4 17 67
4 19 2
4 20 39
4 22 37
4 27 55
4 28 67
4 30 41
4 31 88
4 32 32
4 36 19
4 38 61
4 40 73
4 43 36
4 45 68
4 47 71
4 49 87
4 51 7
4 54 24
4 57 49
4 59 96
4 70 62
4 72 41
4 73 26
4 75 84
4 76 28
4 77 28
4 78 31
4 79 72
4 82 80
4 83 100
4 84 29
4 85 49
4 87 75
4 88 77
4 90 68
4 91 73
4 93 85
4 94 73
4 95 24
4 97 5
4 98 30
4 99 39
4 101 97
4 103 21
4 104 96
4 105 78
4 108 19
4 111 61
4 113 96
4 115 80
4 116 92
4 118 74
4 119 8
4 120 58
4 128 20
4 135 51
4 138 41
4 140 59
4 143 32
4 148 75
4 149 9
5 7 74
5 8 22
5 9 8
5 11 30
5 14 22
5 16 82
5 17 76
5 18 80
5 28 29
5 29 31
5 30 34
5 31 7
5 32 27
5 35 44
5 36 5
5 41 60
5 43 18
5 51 76
5 52 24
5 58 88
5 64 92
5 65 52
5 66 69
5 67 47
5 71 69
5 75 46
5 76 94
5 78 78
5 81 20
5 82 18
5 83 69
5 86 8
5 87 89
5 91 54
5 92 65
5 93 67
5 97 85
5 99 80
5 103 88
5 104 92
5 105 5
5 114 12
5 116 71
5 119 8
5 122 91
5 124 38
5 127 69
5 128 5
5 129 5
5 131 62
5 133 4
5 139 73
5 140 39
5 142 18
5 150 29
6 14 19
6 15 35
6 22 94
6 23 27
6 25 86
6 27 21
6 31 55
6 32 87
6 33 77
6 34 10
6 40 17
6 41 100
6 44 94
6 45 26
6 48 82
6 51 46
6 52 5
6 55 75
6 57 50
6 58 73
6 59 20
6 60 95
6 62 61
6 63 14
6 64 85
6 66 99
6 67 29
6 70 25
6 72 41
6 78 96
6 81 53
6 82 39
6 86 68
6 88 85
6 89 2
6 90 22
6 95 19
6 96 3
6 98 29
6 99 91
6 101 34
6 102 8
6 104 42
6 108 45
6 110 50
6 113 22
6 115 11
6 116 27
6 118 98
6 119 40
6 120 24
6 122 91
6 123 25
6 124 40
6 125 21
6 128 45
6 129 71
6 131 56
6 134 73
6 138 63
6 142 52
6 147 69
6 149 1
7 16 95
7 18 69
7 21 64
7 22 96
7 31 16
7 32 81
7 33 35
7 38 36
7 39 93
7 43 99
7 44 94
7 46 44
7 49 67
7 50 48
7 51 99
7 54 3
7 55 99
7 57 34
7 59 25
7 60 5
7 62 42
7 63 88
7 72 84
7 78 41
7 82 67
7 83 65
7 90 38
7 92 61
7 95 78
7 96 87
7 98 25
7 102 62
7 103 6
7 105 50
7 113 65
7 115 10
7 119 83
7 127 36
7 130 79
7 131 100
7 137 84
7 140 91
7 142 78
7 145 33
7 149 71
7 150 72
8 9 27
8 10 55
8 12 62
8 14 89
8 16 96
8 17 33
8 18 17
8 19 46
8 28 2
8 29 14
8 31 46
8 33 68
8 36 80
8 38 63
8 40 80
8 41 61
8 42 73
8 43 76
8 45 46
8 46 3
8 57 40
8 62 50
8 63 58
8 66 21
8 67 39
8 68 69
8 69 30
8 71 28
8 77 54
8 79 36
8 82 95
8 87 20
8 90 49
8 92 95
8 93 77
8 94 98
8 95 31
8 99 36
8 104 59
8 106 18
8 108 15
8 113 66
8 118 64
8 120 86
8 122 93
8 127 38
8 129 86
8 130 20
8 132 84
8 134 26
8 135 76
8 138 9
8 142 19
8 148 67
8 150 39
9 10 79
9 11 52
9 12 64
9 18 51
9 19 58
9 21 15
9 22 9
9 24 21
9 25 78
9 27 99
9 29 100
9 36 26
9 38 82
9 39 51
9 47 22
9 49 42
9 51 54
9 54 82
9 55 93
9 59 81
9 60 55
9 65 96
9 66 21
9 68 41
9 70 51
9 71 54
9 75 87
9 82 95
9 83 10
9 85 83
9 86 43
9 88 40
9 89 68
9 92 49
9 94 47
9 95 19
9 96 8
9 97 84
9 99 91
9 106 39
9 115 99
9 117 5
9 118 80
9 119 3
9 121 36
9 126 37
9 127 92
9 133 38
9 134 61
9 135 95
9 139 42
9 140 66
9 141 5
9 142 66
9 144 73
9 146 15
10 11 6
10 18 15
10 19 63
10 20 21
10 25 33
10 29 81
10 33 36
10 35 18
10 36 61
10 41 94
10 42 99
10 44 56
10 48 67
10 50 5
10 52 55
10 54 16
10 61 17
10 63 22
10 70 43
10 74 35
10 75 96
10 77 19
10 78 29
10 82 63
10 84 22
10 86 7
10 90 28
10 93 66
10 94 45
10 96 1
10 107 15
10 108 44
10 109 24
10 112 21
10 120 11
10 123 43
10 125 75
10 126 32
10 127 90
10 129 94
10 132 61
10 137 86
10 138 36
10 142 80
10 144 60
10 146 97
10 147 87
11 14 45
11 16 97
11 17 5
11 20 62
11 22 76
11 23 23
11 25 26
11 27 22
11 32 75
11 40 89
11 41 48
11 42 40
11 43 79
11 44 47
11 45 84
11 51 60
11 52 96
11 53 39
11 54 9
11 57 79
11 59 24
11 60 80
11 66 78
11 70 43
11 71 42
11 73 7
11 76 65
11 77 29
11 84 61
11 87 99
11 93 72
11 99 2
11 106 15
11 107 6
11 111 27
11 114 65
11 115 11
11 116 4
11 117 72
11 120 96
11 121 95
11 122 16
11 126 76
11 127 92
11 135 18
11 141 57
11 142 25
11 144 9
11 145 31
11 148 53
11 149 49
12 21 36
12 22 57
12 23 18
12 25 77
12 30 3
12 31 22
12 32 20
12 33 24
12 35 59
12 36 76
12 37 51
12 50 18
12 53 93
12 54 21
12 57 46
12 59 6
12 60 60
12 61 69
12 63 98
12 64 83
12 66 82
12 68 35
12 72 33
12 79 22
12 80 80
12 81 39
12 83 63
12 89 53
12 90 28
12 91 88
12 92 78
12 93 9
12 94 15
12 96 29
12 97 98
12 98 50
12 99 92
12 100 68
12 101 5
12 105 44
12 106 28
12 108 36
12 111 26
12 114 39
12 116 46
12 118 4
12 121 67
12 122 38
12 123 21
12 127 15
12 129 47
12 130 63
12 132 26
12 142 39
12 146 50
12 148 40
12 150 2
13 14 30
13 17 54
13 19 49
13 23 21
13 24 11
13 25 60
13 26 51
13 27 49
13 28 84
13 30 51
13 31 37
13 36 83
13 37 2
13 39 84
13 42 3
13 44 6
13 47 86
13 50 35
13 51 42
13 52 2
13 60 80
13 61 85
13 65 67
13 67 59
13 71 5
13 72 19
13 77 43
13 78 97
13 84 38
13 92 7
13 93 4
13 95 1
13 99 27
13 102 21
13 103 16
13 108 16
13 109 4
13 113 74
13 115 82
13 119 39
13 122 50
13 129 59
13 130 17
13 131 36
13 132 71
13 134 18
13 137 83
13 138 83
13 139 12
13 150 65
14 15 76
14 19 39
14 21 67
14 24 44
14 26 14
14 27 31
14 28 62
14 29 24
14 31 94
14 33 68
14 35 16
14 37 55
14 38 25
14 39 5
14 40 25
14 43 41
14 44 43
14 48 51
14 53 90
14 55 58
14 58 20
14 60 76
14 62 2
14 66 92
14 70 4
14 74 37
14 75 68
14 77 100
14 81 98
14 83 57
14 86 33
14 90 12
14 92 42
14 96 88
14 98 100
14 99 64
14 101 67
14 103 76
14 108 92
14 113 30
14 114 78
14 115 44
14 117 76
14 118 20
14 119 23
14 122 27
14 123 9
14 130 60
14 133 9
14 134 94
14 136 81
14 144 93
14 150 6
15 20 16
15 26 68
15 32 27
15 36 86
15 37 54
15 38 38
15 41 82
15 43 54
15 46 95
15 51 41
15 54 33
15 64 61
15 69 11
15 75 90
15 78 16
15 79 38
15 80 94
15 81 32
15 84 72
15 86 43
15 87 81
15 90 28
15 95 7
15 97 99
15 100 39
15 106 80
15 108 99
15 109 51
15 114 60
15 117 85
15 119 62
15 121 62
15 122 27
15 125 32
15 129 4
15 131 87
15 132 67
15 139 32
15 142 26
15 143 97
15 147 9
15 148 86
15 149 83
15 150 77
16 17 22
16 19 55
16 22 37
16 23 94
16 26 86
16 29 1
16 30 46
16 32 33
16 33 100
16 34 27
16 35 76
16 36 78
16 37 46
16 38 65
16 42 3
16 47 72
16 50 81
16 52 71
16 53 82
16 58 33
16 64 4
16 66 75
16 74 47
16 76 25
16 77 22
16 82 43
16 83 56
16 84 26
16 87 34
16 90 66
16 91 91
16 96 42
16 97 4
16 99 12
16 109 85
16 110 14
16 112 71
16 113 52
16 114 95
16 116 85
16 119 16
16 123 63
16 124 25
16 125 30
16 128 96
16 129 17
16 131 34
16 141 100
16 142 78
16 143 71
16 150 79
17 21 54
17 23 19
17 25 43
17 29 58
17 30 83
17 32 2
17 34 22
17 35 43
17 37 59
17 39 9
17 41 31
17 42 73
17 44 61
17 46 63
17 49 95
17 52 73
17 55 96
17 57 66
17 60 47
17 62 4
17 63 8
17 66 50
17 67 63
17 69 96
17 73 47
17 74 56
17 75 48
17 78 29
17 79 12
17 80 54
17 82 28
17 83 51
17 84 71
17 86 100
17 87 36
17 88 95
17 90 76
17 92 43
17 93 91
17 96 74
17 105 79
17 107 55
17 108 66
17 112 27
17 114 14
17 115 48
17 117 14
17 121 74
17 123 53
17 125 82
17 133 65
17 137 78
17 138 36
17 143 45
17 148 10
17 150 47
18 19 93
18 22 94
18 23 60
18 24 8
18 28 86
18 29 76
18 33 71
18 37 32
18 38 34
18 40 76
18 42 91
18 43 93
18 50 24
18 51 78
18 54 40
18 57 12
18 60 58
18 63 100
18 64 86
18 66 88
18 70 51
18 71 59
18 73 91
18 74 80
18 80 8
18 82 51
18 85 39
18 86 40
18 87 4
18 88 72
18 99 98
18 100 57
18 103 89
18 105 78
18 106 40
18 108 90
18 110 49
18 111 44
18 113 58
18 115 13
18 117 93
18 120 99
18 121 95
18 123 17
18 126 13
18 132 88
18 137 36
18 142 94
18 143 21
18 144 95
18 145 16
18 146 43
18 149 91
19 20 35
19 21 88
19 26 19
19 27 3
19 32 3
19 33 41
19 36 1
19 37 50
19 38 61
19 41 56
19 42 17
19 47 60
19 49 83
19 51 70
19 52 69
19 53 52
19 54 28
19 56 28
19 58 8
19 61 31
19 63 95
19 66 67
19 67 79
19 70 87
19 74 10
19 78 73
19 80 12
19 83 57
19 85 53
19 87 24
19 91 93
19 94 79
19 97 13
19 98 24
19 99 78
19 100 57
19 103 81
19 104 3
19 106 15
19 107 90
19 108 48
19 113 36
19 115 51
19 116 96
19 120 23
19 121 25
19 124 26
19 127 28
19 129 24
19 133 95
19 135 17
19 137 88
19 141 36
19 143 49
19 146 77
19 147 49
19 148 82
19 149 35
19 150 48
20 26 61
20 27 76
20 28 7
20 29 75
20 33 51
20 37 80
20 40 21
20 45 76
20 46 99
20 47 81
20 48 75
20 52 98
20 55 100
20 60 17
20 61 69
20 62 56
20 66 8
20 67 46
20 75 24
20 80 13
20 83 48
20 84 37
20 86 81
20 88 5
20 94 42
20 95 98
20 106 30
20 111 70
20 112 64
20 115 86
20 120 60
20 121 53
20 123 76
20 127 16
20 131 2
20 133 68
20 138 38
20 141 64
20 142 21
20 144 52
20 146 48
20 147 5
20 150 73
21 23 8
21 25 63
21 30 98
21 31 70
21 34 14
21 36 88
21 37 3
21 43 46
21 44 33
21 45 85
21 46 25
21 48 75
21 50 51
21 51 50
21 57 5
21 59 24
21 63 28
21 64 63
21 68 51
21 70 91
21 72 20
21 75 13
21 76 72
21 86 63
21 87 27
21 88 59
21 91 40
21 92 84
21 94 73
21 95 92
21 98 19
21 99 15
21 103 44
21 104 12
21 107 24
21 108 90
21 110 90
21 111 67
21 114 45
21 118 44
21 121 29
21 124 89
21 126 72
21 127 30
21 130 51
21 132 72
21 135 69
21 137 37
21 146 67
22 26 3
22 32 24
22 33 85
22 34 85
22 36 85
22 41 34
22 42 44
22 43 22
22 44 63
22 46 84
22 48 22
22 51 54
22 54 24
22 57 85
22 58 30
22 61 40
22 62 90
22 63 28
22 65 13
22 66 94
22 67 29
22 69 44
22 72 58
22 73 98
22 74 97
22 75 36
22 81 98
22 84 47
22 89 81
22 91 98
22 96 75
22 104 38
22 107 86
22 108 24
22 110 52
22 112 89
22 113 92
22 115 38
22 118 46
22 120 76
22 124 75
22 125 85
22 126 19
22 128 9
22 132 60
22 135 1
22 136 42
22 137 11
22 138 46
22 139 8
22 144 73
22 145 50
22 150 21
23 24 23
23 27 7
23 31 25
23 32 37
23 38 20
23 43 93
23 53 51
23 56 31
23 58 94
23 60 1
23 62 68
23 64 97
23 65 78
23 66 88
23 67 80
23 69 28
23 74 81
23 75 86
23 76 90
23 77 16
23 78 44
23 79 56
23 83 35
23 84 30
23 88 58
23 89 35
23 94 93
23 95 62
23 96 14
23 97 67
23 101 35
23 103 84
23 115 67
23 120 18
23 122 68
23 129 86
23 131 18
23 134 38
23 135 58
23 136 8
23 142 92
23 143 52
23 144 22
23 146 39
24 25 88
24 27 56
24 30 30
24 38 95
24 39 50
24 41 12
24 44 45
24 46 88
24 47 83
24 49 67
24 50 24
24 53 25
24 58 50
24 59 93
24 61 16
24 63 70
24 69 2
24 74 94
24 75 55
24 77 65
24 82 72
24 84 67
24 87 86
24 89 95
24 90 93
24 94 61
24 97 37
24 98 58
24 99 45
24 105 29
24 113 99
24 114 41
24 116 54
24 117 44
24 124 97
24 125 18
24 126 11
24 127 20
24 132 71
24 137 94
24 138 9
24 140 34
24 142 12
24 144 7
24 147 59
25 27 30
25 30 12
25 32 21
25 42 7
25 45 55
25 46 23
25 47 14
25 49 33
25 50 21
25 53 9
25 54 83
25 55 55
25 56 100
25 58 78
25 62 94
25 63 67
25 66 44
25 71 84
25 72 63
25 76 55
25 77 14
25 79 68
25 83 44
25 85 3
25 86 34
25 88 27
25 94 14
25 98 36
25 105 80
25 107 30
25 108 85
25 111 96
25 121 13
25 122 50
25 126 63
25 131 34
25 132 55
25 135 30
25 136 84
25 137 82
25 140 9
25 141 49
25 143 15
25 145 2
25 147 4
26 29 32
26 30 39
26 33 31
26 36 25
26 37 18
26 40 76
26 46 49
26 54 30
26 55 90
26 56 78
26 57 56
26 59 40
26 61 22
26 70 94
26 71 45
26 72 38
26 74 9
26 76 80
26 77 56
26 79 79
26 82 37
26 83 11
26 84 88
26 85 8
26 87 99
26 93 4
26 99 79
26 100 48
26 102 14
26 105 75
26 109 60
26 110 62
26 111 38
26 114 77
26 115 17
26 117 50
26 121 34
26 123 42
26 124 50
26 130 9
26 133 78
26 141 83
26 142 6
26 145 11
26 149 4
27 30 33
27 31 64
27 32 48
27 37 46
27 38 38
27 44 74
27 45 90
27 47 70
27 48 34
27 49 5
27 50 94
27 51 94
27 52 97
27 53 7
27 55 35
27 56 3
27 57 41
27 61 47
27 71 36
27 75 16
27 76 11
27 80 28
27 81 74
27 82 21
27 89 39
27 96 65
27 100 83
27 103 65
27 106 18
27 107 84
27 111 39
27 118 13
27 122 28
27 124 60
27 126 81
27 129 75
27 133 19
27 135 85
27 137 61
27 139 35
27 143 55
27 147 39
27 150 40
28 30 50
28 31 9
28 33 42
28 36 75
28 37 75
28 38 15
28 43 41
28 47 2
28 50 56
28 52 37
28 53 88
28 55 42
28 57 35
28 59 29
28 60 67
28 62 78
28 67 98
28 69 36
28 72 16
28 78 90
28 81 6
28 83 21
28 85 17
28 86 70
28 88 98
28 89 76
28 93 48
28 99 80
28 101 6
28 110 75
28 111 12
28 114 59
28 118 25
28 124 64
28 134 99
28 137 35
28 147 7
28 149 44
29 34 71
29 36 90
29 38 88
29 39 100
29 41 76
29 44 21
29 47 58
29 48 18
29 50 17
29 53 47
29 56 32
29 58 50
29 68 4
29 71 19
29 72 84
29 73 73
29 84 10
29 86 80
29 87 87
29 88 1
29 90 30
29 91 28
29 93 2
29 97 68
29 100 72
29 101 30
29 102 56
29 105 51
29 106 41
29 107 87
29 108 7
29 114 23
29 117 58
29 118 58
29 119 91
29 120 29
29 123 77
29 124 73
29 127 99
29 131 55
29 133 76
29 134 48
29 138 91
29 142 11
29 146 1
29 147 24
29 148 47
30 31 28
30 37 81
30 38 25
30 42 22
30 47 91
30 49 27
30 50 12
30 54 56
30 58 64
30 59 2
30 62 67
30 68 78
30 70 59
30 71 69
30 75 66
30 77 8
30 80 8
30 81 39
30 82 42
30 83 66
30 89 46
30 96 89
30 99 97
30 100 69
30 102 10
30 103 28
30 105 50
30 106 19
30 107 64
30 117 47
30 119 14
30 122 46
30 124 61
30 126 22
30 128 48
30 131 83
30 133 13
30 134 15
30 137 16
30 138 37
30 140 33
30 144 34
30 146 74
30 147 73
30 148 91
30 149 42
30 150 88
31 32 29
31 33 10
31 34 9
31 36 86
31 38 99
31 40 2
31 41 52
31 42 73
31 46 69
31 47 51
31 50 54
31 53 82
31 54 25
31 55 35
31 57 11
31 58 66
31 59 94
31 65 99
31 66 14
31 68 62
31 73 7
31 74 75
31 76 50
31 77 38
31 81 82
31 83 53
31 84 56
31 85 77
31 88 58
31 92 57
31 100 1
31 105 46
31 110 58
31 113 23
31 116 5
31 117 51
31 118 98
31 121 59
31 122 38
31 125 91
31 126 42
31 129 70
31 130 77
31 133 49
31 135 68
31 136 16
31 137 83
31 142 27
31 143 35
31 147 99
31 148 61
31 150 22
32 36 98
32 40 100
32 42 22
32 43 78
32 46 6
32 50 66
32 52 26
32 55 77
32 63 26
32 65 27
32 67 81
32 70 18
32 71 46
32 73 59
32 75 99
32 76 90
32 79 72
32 83 81
32 84 20
32 90 16
32 91 38
32 92 70
32 93 93
32 94 64
32 97 96
32 98 81
32 99 78
32 100 77
32 103 94
32 105 25
32 106 30
32 110 90
32 111 10
32 114 97
32 116 95
32 118 11
32 122 20
32 123 44
32 125 21
32 128 59
32 129 75
32 130 97
32 132 60
32 135 9
32 138 46
32 142 10
32 144 21
32 145 66
33 37 22
33 38 48
33 39 82
33 40 54
33 42 5
33 43 24
33 50 35
33 51 22
33 56 56
33 58 42
33 68 84
33 72 44
33 73 71
33 74 59
33 75 91
33 82 78
33 83 72
33 88 80
33 89 20
33 93 27
33 94 91
33 96 5
33 102 18
33 104 65
33 106 94
33 107 11
33 110 42
33 112 84
33 114 46
33 120 67
33 133 47
33 134 61
33 136 46
33 138 57
33 140 32
33 145 73
33 146 12
34 35 3
34 37 9
34 38 45
34 39 34
34 40 61
34 46 81
34 49 10
34 52 78
34 56 63
34 57 96
34 59 45
34 60 41
34 64 65
34 67 98
34 70 21
34 73 39
34 74 7
34 76 3
34 78 77
34 79 65
34 80 71
34 81 56
34 87 69
34 88 82
34 89 80
34 90 34
34 93 69
34 94 67
34 95 16
34 97 92
34 99 82
34 101 83
34 108 66
34 111 47
34 114 63
34 116 3
34 117 82
34 118 29
34 123 56
34 125 97
34 126 14
34 127 26
34 128 34
34 132 81
34 137 29
34 147 80
35 39 63
35 42 84
35 45 69
35 46 39
35 48 10
35 51 76
35 52 15
35 55 19
35 57 71
35 59 84
35 62 55
35 67 14
35 69 38
35 70 46
35 71 70
35 73 17
35 75 16
35 77 27
35 82 90
35 85 82
35 86 16
35 88 21
35 91 13
35 93 83
35 94 95
35 99 95
35 100 38
35 103 28
35 105 13
35 110 41
35 111 1
35 114 12
35 115 55
35 118 3
35 119 64
35 122 26
35 125 54
35 126 2
35 127 53
35 130 90
35 132 72
35 138 91
35 139 81
35 144 56
35 145 5
35 148 53
35 149 14
36 37 40
36 38 9
36 40 31
36 42 24
36 45 38
36 47 41
36 50 87
36 53 27
36 56 73
36 58 18
36 60 5
36 65 99
36 67 31
36 68 84
36 74 41
36 79 88
36 80 12
36 84 55
36 85 25
36 89 74
36 91 36
36 94 18
36 106 91
36 107 96
36 109 55
36 111 7
36 117 74
36 119 77
36 120 78
36 121 47
36 126 15
36 127 54
36 131 18
36 136 64
36 137 4
36 139 63
36 141 6
36 146 58
36 147 36
36 149 89
37 43 100
37 45 63
37 56 77
37 57 84
37 58 5
37 59 32
37 62 72
37 64 66
37 66 71
37 68 18
37 70 14
37 74 78
37 76 71
37 78 49
37 83 40
37 85 63
37 89 34
37 93 59
37 94 14
37 95 12
37 96 86
37 97 29
37 98 48
37 101 50
37 103 14
37 104 88
37 105 87
37 107 26
37 109 93
37 110 22
37 111 46
37 113 73
37 114 72
37 115 46
37 118 94
37 119 78
37 121 86
37 125 66
37 126 43
37 128 52
37 129 18
37 135 63
37 137 50
37 139 25
37 140 37
37 141 18
37 143 64
37 144 45
37 149 82
38 41 42
38 43 60
38 44 13
38 46 23
38 48 64
38 49 26
38 50 97
38 51 21
38 53 51
38 54 21
38 55 45
38 60 85
38 61 14
38 68 97
38 69 37
38 81 3
38 84 49
38 86 9
38 87 16
38 90 2
38 93 2
38 100 8
38 103 48
38 104 29
38 105 49
38 108 5
38 109 75
38 113 3
38 116 7
38 119 14
38 121 84
38 122 96
38 123 42
38 126 10
38 127 56
38 129 46
38 135 83
38 136 7
38 141 40
38 145 81
38 147 60
38 149 29
39 40 93
39 41 14
39 43 67
39 48 45
39 50 99
39 51 87
39 53 93
39 54 61
39 58 69
39 59 64
39 61 80
39 64 72
39 66 71
39 69 46
39 70 68
39 76 49
39 78 78
39 81 43
39 84 45
39 95 80
39 96 99
39 97 4
39 98 88
39 102 80
39 103 78
39 105 50
39 108 92
39 111 6
39 118 35
39 119 61
39 120 17
39 122 50
39 124 45
39 125 33
39 131 35
39 133 34
39 135 49
39 138 88
39 146 22
39 148 63
40 44 49
40 47 48
40 51 40
40 52 91
40 53 39
40 55 42
40 59 40
40 66 73
40 67 1
40 68 94
40 70 98
40 71 7
40 75 26
40 77 40
40 80 99
40 87 9
40 88 43
40 90 42
40 98 26
40 99 92
40 104 43
40 105 69
40 107 55
40 108 96
40 109 28
40 110 13
40 111 40
40 113 22
40 115 38
40 120 13
40 122 97
40 123 13
40 125 81
40 127 87
40 128 42
40 129 33
40 131 19
40 132 99
40 134 3
40 140 97
40 143 20
40 144 2
40 147 81
41 44 21
41 46 97
41 48 6
41 52 84
41 54 94
41 58 42
41 59 56
41 62 45
41 64 34
41 67 61
41 69 94
41 71 71
41 75 30
41 78 64
41 79 50
41 81 78
41 86 77
41 88 36
41 90 33
41 91 83
41 94 69
41 95 55
41 101 35
41 102 50
41 103 67
41 108 80
41 109 73
41 110 83
41 115 13
41 118 37
41 123 76
41 126 91
41 127 78
41 129 55
41 130 45
41 131 100
41 134 1
41 136 63
41 137 30
41 139 15
41 140 19
41 142 42
41 144 37
41 146 94
41 148 99
41 149 54
42 43 99
42 44 86
42 46 70
42 47 72
42 53 75
42 57 25
42 59 47
42 65 75
42 66 39
42 67 67
42 69 47
42 70 20
42 76 95
42 78 50
42 85 40
42 89 24
42 92 28
42 101 47
42 104 66
42 105 90
42 106 47
42 107 41
42 109 30
42 111 78
42 112 43
42 116 100
42 118 84
42 119 31
42 124 70
42 126 15
42 127 77
42 128 88
42 129 63
42 130 46
42 133 65
42 134 45
42 135 10
42 138 21
42 140 28
42 143 46
42 148 69
42 149 43
42 150 58
43 44 31
43 46 95
43 47 80
43 50 11
43 55 29
43 56 98
43 63 89
43 67 36
43 72 50
43 74 62
43 75 49
43 78 48
43 79 73
43 81 77
43 83 43
43 84 81
43 86 17
43 87 58
43 88 62
43 91 99
43 92 53
43 95 23
43 97 97
43 98 98
43 102 33
43 105 21
43 107 40
43 111 83
43 112 90
43 113 4
43 114 100
43 116 10
43 122 20
43 123 12
43 124 65
43 125 12
43 130 81
43 134 27
43 139 37
43 140 29
43 142 13
43 147 2
43 149 27
44 45 45
44 46 43
44 47 68
44 53 90
44 57 72
44 60 26
44 63 81
44 65 24
44 67 22
44 68 1
44 71 57
44 72 41
44 74 100
44 77 5
44 81 92
44 82 29
44 87 41
44 90 34
44 91 62
44 92 76
44 94 71
44 95 71
44 97 44
44 102 39
44 105 11
44 109 31
44 114 90
44 116 37
44 117 61
44 119 18
44 121 88
44 122 12
44 124 56
44 127 6
44 129 79
44 131 27
44 132 97
44 135 73
44 138 52
44 142 9
44 143 75
44 145 44
44 146 31
44 150 47
45 46 11
45 48 78
45 52 1
45 53 70
45 56 90
45 58 16
45 63 27
45 64 21
45 65 90
45 68 53
45 75 62
45 76 27
45 77 32
45 78 89
45 80 34
45 86 58
45 92 20
45 93 21
45 95 28
45 97 85
45 99 17
45 103 59
45 105 92
45 107 54
45 108 33
45 109 28
45 110 24
45 111 83
45 119 64
45 122 17
45 123 74
45 131 23
45 132 38
45 134 84
45 136 27
45 137 33
45 140 88
45 142 96
45 143 7
45 144 32
45 149 65
46 51 15
46 52 34
46 53 50
46 55 94
46 56 29
46 57 7
46 61 25
46 62 94
46 63 94
46 69 17
46 71 92
46 73 48
46 77 37
46 78 38
46 79 82
46 81 50
46 82 28
46 83 18
46 88 67
46 89 18
46 94 56
46 96 30
46 98 69
46 99 65
46 101 32
46 103 12
46 104 48
46 106 93
46 109 63
46 110 33
46 111 29
46 112 78
46 114 23
46 115 84
46 117 76
46 118 57
46 119 68
46 120 14
46 126 84
46 131 61
46 133 23
46 135 40
46 136 52
46 138 44
46 140 57
46 143 33
46 148 100
46 150 18
47 50 58
47 51 99
47 60 40
47 61 25
47 67 13
47 68 49
47 72 13
47 73 4
47 74 41
47 75 29
47 77 43
47 80 42
47 83 73
47 85 22
47 86 6
47 87 5
47 91 61
47 93 73
47 94 15
47 96 52
47 97 28
47 98 38
47 102 67
47 104 48
47 108 64
47 110 44
47 117 38
47 121 59
47 122 27
47 124 95
47 125 25
47 131 38
47 132 100
47 134 20
47 136 5
47 137 19
47 138 14
47 141 86
47 146 10
47 147 49
47 150 74
48 53 82
48 56 38
48 59 100
48 62 28
48 63 36
48 66 18
48 68 34
48 69 22
48 70 24
48 71 67
48 72 27
48 74 94
48 75 86
48 76 95
48 77 12
48 81 83
48 82 4
48 85 48
48 87 23
48 88 9
48 96 92
48 97 32
48 100 26
48 101 51
48 102 51
48 104 73
48 106 20
48 108 35
48 109 35
48 111 63
48 112 41
48 117 20
48 119 72
48 123 20
48 125 96
48 126 27
48 129 44
48 132 13
48 135 31
48 136 4
48 137 11
48 141 69
48 145 22
48 146 4
48 149 90
49 52 24
49 54 15
49 55 83
49 58 65
49 60 49
49 61 26
49 65 69
49 68 25
49 73 93
49 80 37
49 81 39
49 85 77
49 87 26
49 88 33
49 90 38
49 91 44
49 92 90
49 93 87
49 94 12
49 96 86
49 99 35
49 100 11
49 102 15
49 106 3
49 114 38
49 118 29
49 120 26
49 122 8
49 125 93
49 127 3
49 130 23
49 132 22
49 135 30
49 137 86
49 140 18
49 141 80
49 143 33
49 146 84
49 147 90
50 53 25
50 54 94
50 56 84
50 59 23
50 64 25
50 70 8
50 71 72
50 77 14
50 78 41
50 79 89
50 81 80
50 82 30
50 83 37
50 85 90
50 86 18
50 94 15
50 95 78
50 101 31
50 105 28
50 106 31
50 110 18
50 111 77
50 114 94
50 115 53
50 117 20
50 119 14
50 121 75
50 124 1
50 126 63
50 127 81
50 128 30
50 132 62
50 134 77
50 137 77
50 139 9
50 145 20
50 148 78
50 149 21
51 55 42
51 57 74
51 58 40
51 60 98
51 61 3
51 63 32
51 64 44
51 68 68
51 75 14
51 77 43
51 82 53
51 84 25
51 85 92
51 86 63
51 87 87
51 89 64
51 93 68
51 94 94
51 95 60
51 97 88
51 98 80
51 100 46
51 104 17
51 105 10
51 109 1
51 112 70
51 113 32
51 119 89
51 122 26
51 123 73
51 126 87
51 130 13
51 131 72
51 133 89
51 137 7
51 139 56
51 141 6
51 143 57
51 144 82
51 149 43
52 53 67
52 55 35
52 58 33
52 61 36
52 64 10
52 65 44
52 66 9
52 73 57
52 76 20
52 77 6
52 78 37
52 79 50
52 81 71
52 83 12
52 90 15
52 93 29
52 95 64
52 96 95
52 97 29
52 99 60
52 106 43
52 110 17
52 113 34
52 119 62
52 123 22
52 124 19
52 125 6
52 127 33
52 128 6
52 137 21
52 140 2
52 142 70
52 144 21
52 147 1
52 150 19
53 54 87
53 55 18
53 60 54
53 61 74
53 64 33
53 65 62
53 67 100
53 68 24
53 70 55
53 72 56
53 73 18
53 77 64
53 81 33
53 83 5
53 86 73
53 90 11
53 91 50
53 100 6
53 101 89
53 104 76
53 105 24
53 107 62
53 109 83
53 111 67
53 113 69
53 115 7
53 118 20
53 122 69
53 123 59
53 124 7
53 125 49
53 126 80
53 127 21
53 130 32
53 134 5
53 135 47
53 140 4
53 141 20
53 145 17
53 147 29
53 148 19
53 150 46
54 56 94
54 60 99
54 65 21
54 67 23
54 69 49
54 70 23
54 73 74
54 76 66
54 79 97
54 80 93
54 81 58
54 88 93
54 95 79
54 97 28
54 102 35
54 106 21
54 107 6
54 109 59
54 111 47
54 112 97
54 113 80
54 116 40
54 119 27
54 121 36
54 122 88
54 129 66
54 131 48
54 132 58
54 133 1
54 134 67
54 136 83
54 140 65
54 141 63
54 143 83
54 146 73
54 147 57
54 149 78
55 58 7
55 61 68
55 62 77
55 63 11
55 64 93
55 68 66
55 69 57
55 71 65
55 72 49
55 79 58
55 84 21
55 86 70
55 87 33
55 88 85
55 90 63
55 91 23
55 92 49
55 94 72
55 97 5
55 99 57
55 102 44
55 103 6
55 104 81
55 110 100
55 112 87
55 113 81
55 114 63
55 115 43
55 116 55
55 118 31
55 123 52
55 125 20
55 126 43
55 127 10
55 129 11
55 133 47
55 135 81
55 136 33
55 138 26
55 139 68
55 140 56
55 141 19
55 142 79
55 149 20
56 57 76
56 59 49
56 62 75
56 63 96
56 66 61
56 69 23
56 72 83
56 73 13
56 75 76
56 76 83
56 80 3
56 81 60
56 82 90
56 84 37
56 86 21
56 89 48
56 91 37
56 92 68
56 93 7
56 108 46
56 110 31
56 114 45
56 115 5
56 116 68
56 122 64
56 127 45
56 128 19
56 129 62
56 130 85
56 131 23
56 133 88
56 136 65
56 142 30
56 143 62
56 144 12
56 147 15
57 58 92
57 59 73
57 60 94
57 61 6
57 64 40
57 65 90
57 66 68
57 68 23
57 69 58
57 74 17
57 76 1
57 77 12
57 82 49
57 85 1
57 89 90
57 90 15
57 91 13
57 94 13
57 97 24
57 99 97
57 100 37
57 101 72
57 102 70
57 104 75
57 107 46
57 109 69
57 112 8
57 117 72
57 119 68
57 124 1
57 125 2
57 129 99
57 132 63
57 133 70
57 134 100
57 136 56
57 137 59
57 143 4
57 144 55
57 146 61
58 63 50
58 66 14
58 69 94
58 70 30
58 73 88
58 75 12
58 76 4
58 80 36
58 81 8
58 82 47
58 83 95
58 85 78
58 90 60
58 91 27
58 92 16
58 95 80
58 99 89
58 100 66
58 101 34
58 102 43
58 103 18
58 108 54
58 109 73
58 113 55
58 114 38
58 115 95
58 117 55
58 123 95
58 125 52
58 126 82
58 128 45
58 131 57
58 135 50
58 141 10
58 143 33
58 145 85
58 147 90
58 150 99
59 64 47
59 66 63
59 69 9
59 70 61
59 71 87
59 72 30
59 73 1
59 81 35
59 82 98
59 83 27
59 84 97
59 85 45
59 87 56
59 92 85
59 93 99
59 94 11
59 96 82
59 97 40
59 99 48
59 105 35
59 107 49
59 109 11
59 113 24
59 115 19
59 116 98
59 117 62
59 118 4
59 119 35
59 121 26
59 124 72
59 126 50
59 128 16
59 130 67
59 133 89
59 138 56
59 139 23
59 144 34
59 145 97
59 147 11
59 148 15
60 61 79
60 63 90
60 67 3
60 69 6
60 71 63
60 74 21
60 75 53
60 80 69
60 82 80
60 84 32
60 86 60
60 87 58
60 88 82
60 90 80
60 91 75
60 94 4
60 97 87
60 99 65
60 102 54
60 104 94
60 106 18
60 109 26
60 112 37
60 113 94
60 115 18
60 116 11
60 126 24
60 127 38
60 128 54
60 130 77
60 131 91
60 132 91
60 137 56
60 138 62
60 142 84
60 143 6
60 144 54
60 146 89
60 148 20
60 149 69
61 64 82
61 65 81
61 66 33
61 69 56
61 73 65
61 76 50
61 77 47
61 79 74
61 82 45
61 86 15
61 87 9
61 93 37
61 95 69
61 99 97
61 100 3
61 105 7
61 106 44
61 109 96
61 112 11
61 118 95
61 122 60
61 123 97
61 124 86
61 126 74
61 129 74
61 132 11
61 134 89
61 135 5
61 137 75
61 139 18
61 140 63
61 143 32
61 146 96
61 147 26
61 149 96
62 63 42
62 64 21
62 68 88
62 71 95
62 73 30
62 74 45
62 79 83
62 81 70
62 82 100
62 84 8
62 85 94
62 87 37
62 88 94
62 92 7
62 94 22
62 100 26
62 103 2
62 108 37
62 113 45
62 116 92
62 117 93
62 118 92
62 119 16
62 122 14
62 124 47
62 126 68
62 128 70
62 130 95
62 132 18
62 133 59
62 137 83
62 140 10
62 141 29
62 143 58
62 146 53
62 147 41
62 150 59
63 64 33
63 65 65
63 70 96
63 78 61
63 79 82
63 84 87
63 86 53
63 89 48
63 98 78
63 99 88
63 102 75
63 103 96
63 104 95
63 105 92
63 107 9
63 108 19
63 109 43
63 114 90
63 116 99
63 117 60
63 120 77
63 122 52
63 131 1
63 132 66
63 133 96
63 136 87
63 139 82
63 140 17
63 141 94
63 142 87
63 144 35
63 147 79
64 71 99
64 75 43
64 76 17
64 77 53
64 78 1
64 79 33
64 81 70
64 83 74
64 84 94
64 88 19
64 89 36
64 90 77
64 92 30
64 93 16
64 94 91
64 95 18
64 98 8
64 99 12
64 100 34
64 103 53
64 105 67
64 108 35
64 111 12
64 112 79
64 117 7
64 120 97
64 121 21
64 124 95
64 126 72
64 128 36
64 129 5
64 136 100
64 139 12
64 142 70
64 145 28
64 148 5
65 67 62
65 71 36
65 75 66
65 79 10
65 83 6
65 84 90
65 87 61
65 88 85
65 90 51
65 91 58
65 92 89
65 94 33
65 99 23
65 103 46
65 106 90
65 108 23
65 109 68
65 110 66
65 114 80
65 115 28
65 121 38
65 122 96
65 126 65
65 130 39
65 135 9
65 137 82
65 138 35
65 139 84
65 140 76
65 143 46
65 144 57
65 146 12
65 147 71
65 148 84
65 150 12
66 68 5
66 69 43
66 71 16
66 73 31
66 75 78
66 76 97
66 78 94
66 81 82
66 82 94
66 84 66
66 91 94
66 92 40
66 93 5
66 101 58
66 102 77
66 103 3
66 104 56
66 109 61
66 110 81
66 111 98
66 112 3
66 113 12
66 114 29
66 116 47
66 117 10
66 118 16
66 120 78
66 121 55
66 122 34
66 123 92
66 124 34
66 125 74
66 130 99
66 132 24
66 134 84
66 137 95
66 138 3
66 140 31
66 143 16
66 144 39
66 146 100
66 148 94
67 68 98
67 71 44
67 74 57
67 75 78
67 76 24
67 78 48
67 80 69
67 82 38
67 87 22
67 89 67
67 92 68
67 93 43
67 95 78
67 101 57
67 103 16
67 104 75
67 106 74
67 110 96
67 114 11
67 115 39
67 117 52
67 123 96
67 133 42
67 139 8
67 146 83
67 148 8
67 149 74
68 69 25
68 74 38
68 75 18
68 77 28
68 78 3
68 79 7
68 81 78
68 85 12
68 86 8
68 89 82
68 90 81
68 91 66
68 94 23
68 95 66
68 96 2
68 100 45
68 102 87
68 103 100
68 105 29
68 107 56
68 110 74
68 112 34
68 115 99
68 119 6
68 125 68
68 129 62
68 131 70
68 135 58
68 136 55
68 141 97
68 145 78
69 72 76
69 78 2
69 80 66
69 81 34
69 82 10
69 83 96
69 84 31
69 87 75
69 91 7
69 102 55
69 106 66
69 107 34
69 110 83
69 111 38
69 114 48
69 117 92
69 120 89
69 121 33
69 124 10
69 125 96
69 126 77
69 127 70
69 129 59
69 132 83
69 133 50
69 134 82
69 135 48
69 140 48
69 147 82
69 148 88
70 73 71
70 74 29
70 79 69
70 81 55
70 86 16
70 90 64
70 91 44
70 96 2
70 99 79
70 100 23
70 103 62
70 106 40
70 109 28
70 114 58
70 115 15
70 116 93
70 118 85
70 122 46
70 124 40
70 125 25
70 126 60
70 128 29
70 129 43
70 130 19
70 131 94
70 132 88
70 133 80
70 138 17
70 139 56
70 143 21
70 149 66
71 73 62
71 76 10
71 77 64
71 79 15
71 81 42
71 87 5
71 88 7
71 89 89
71 97 11
71 98 52
71 100 61
71 104 63
71 109 26
71 116 33
71 117 64
71 118 26
71 122 53
71 128 2
71 131 36
71 137 86
71 143 28
71 144 57
71 145 44
71 147 37
71 148 55
72 73 5
72 75 16
72 78 6
72 94 17
72 95 22
72 100 48
72 101 11
72 103 90
72 107 99
72 108 56
72 109 92
72 110 6
72 111 47
72 114 97
72 115 45
72 117 21
72 119 25
72 123 11
72 126 42
72 131 23
72 132 11
72 135 39
72 137 79
72 138 39
72 141 73
72 143 20
72 146 50
72 147 4
72 149 36
73 76 87
73 77 83
73 82 29
73 83 33
73 85 45
73 88 66
73 91 57
73 94 34
73 95 43
73 96 81
73 97 4
73 99 5
73 100 26
73 102 74
73 103 68
73 104 95
73 105 45
73 108 40
73 109 73
73 110 68
73 111 7
73 112 27
73 115 40
73 120 20
73 127 88
73 128 2
73 130 90
73 131 11
73 138 72
73 141 65
74 75 75
74 76 80
74 78 19
74 80 63
74 81 90
74 84 32
74 96 49
74 100 29
74 102 5
74 104 36
74 105 18
74 106 35
74 111 85
74 113 20
74 118 45
74 121 99
74 126 73
74 127 15
74 128 98
74 130 52
74 133 82
74 144 19
74 147 27
74 150 69
75 79 61
75 83 52
75 84 65
75 86 87
75 90 54
75 92 15
75 94 95
75 99 74
75 106 43
75 107 96
75 109 7
75 112 39
75 114 98
75 115 18
75 116 32
75 120 56
75 127 29
75 128 90
75 130 52
75 133 92
75 137 28
75 138 67
75 139 46
75 140 8
75 142 15
75 143 41
75 144 58
75 145 51
75 148 82
76 77 66
76 79 66
76 80 36
76 83 59
76 85 87
76 87 68
76 88 66
76 92 54
76 95 98
76 97 15
76 99 58
76 100 18
76 105 60
76 107 19
76 108 64
76 109 59
76 115 24
76 116 2
76 117 72
76 118 43
76 123 64
76 124 2
76 126 7
76 128 79
76 131 95
76 132 95
76 136 32
76 138 99
76 139 30
76 141 83
76 142 40
76 150 40
77 83 82
77 84 75
77 87 9
77 95 76
77 96 6
77 97 43
77 98 63
77 101 65
77 102 67
77 103 48
77 104 56
77 105 40
77 113 17
77 116 16
77 118 62
77 119 49
77 121 20
77 123 27
77 124 18
77 130 94
77 135 29
77 137 67
77 140 48
77 142 89
77 144 4
77 145 99
77 149 97
77 150 96
78 79 96
78 80 56
78 84 81
78 85 27
78 88 63
78 89 76
78 94 74
78 95 15
78 98 18
78 99 11
78 100 10
78 102 91
78 103 21
78 109 73
78 110 45
78 111 29
78 112 39
78 113 21
78 116 53
78 117 50
78 118 63
78 120 42
78 121 66
78 123 86
78 124 89
78 125 92
78 127 87
78 128 87
78 134 68
78 137 42
78 142 62
78 143 30
78 144 98
78 147 72
79 81 87
79 83 22
79 85 44
79 89 9
79 90 11
79 92 79
79 96 16
79 97 47
79 98 37
79 99 78
79 100 81
79 101 26
79 102 64
79 103 11
79 113 20
79 114 50
79 117 72
79 124 49
79 126 22
79 128 20
79 129 16
79 131 15
79 132 91
79 134 21
79 135 28
79 139 48
79 146 62
79 147 87
79 148 75
79 150 32
80 82 31
80 86 3
80 89 76
80 92 11
80 94 47
80 97 89
80 99 26
80 100 32
80 101 24
80 103 92
80 107 5
80 109 19
80 112 100
80 113 58
80 117 43
80 118 32
80 119 26
80 125 31
80 129 81
80 130 16
80 131 76
80 132 45
80 134 75
80 138 99
80 139 12
80 141 64
80 143 25
80 146 63
80 147 24
81 83 64
81 84 93
81 88 74
81 89 56
81 92 13
81 96 73
81 100 15
81 101 57
81 102 75
81 103 59
81 104 95
81 106 29
81 110 55
81 116 13
81 117 82
81 119 58
81 121 20
81 122 42
81 124 18
81 127 90
81 128 11
81 129 49
81 134 94
81 137 100
81 140 62
81 141 51
81 146 87
81 147 52
81 150 40
82 83 44
82 88 87
82 92 79
82 102 51
82 103 13
82 104 65
82 109 89
82 113 27
82 116 24
82 120 24
82 122 92
82 124 84
82 127 98
82 130 96
82 136 68
82 138 40
82 140 2
82 141 98
82 142 66
82 144 32
82 145 56
82 147 68
82 150 46
83 84 58
83 85 97
83 86 11
83 87 55
83 88 34
83 89 13
83 90 73
83 91 17
83 92 67
83 99 63
83 101 81
83 106 1
83 107 76
83 108 40
83 109 11
83 114 92
83 117 46
83 118 51
83 119 92
83 120 100
83 121 93
83 124 91
83 132 33
83 138 6
83 141 87
83 142 18
83 143 10
83 145 71
84 86 43
84 87 45
84 91 95
84 93 90
84 95 23
84 96 67
84 97 16
84 98 12
84 99 8
84 100 39
84 101 55
84 103 2
84 105 47
84 111 50
84 112 60
84 113 41
84 114 36
84 117 15
84 119 30
84 121 72
84 122 17
84 125 71
84 129 71
84 130 98
84 132 17
84 135 89
84 136 8
84 139 73
84 142 40
84 143 95
84 145 54
84 148 81
84 149 18
84 150 30
85 87 57
85 89 76
85 90 95
85 92 79
85 94 23
85 95 28
85 97 39
85 98 62
85 100 21
85 101 2
85 105 87
85 111 94
85 113 11
85 114 54
85 115 29
85 116 50
85 118 9
85 120 25
85 131 73
85 133 50
85 135 62
85 139 56
85 140 74
85 141 13
85 142 89
85 144 91
85 147 17
85 148 53
85 149 28
86 87 66
86 88 88
86 91 73
86 94 49
86 95 57
86 97 64
86 103 40
86 104 79
86 108 10
86 110 82
86 115 26
86 117 60
86 120 64
86 121 40
86 122 80
86 124 38
86 125 10
86 128 71
86 131 54
86 132 88
86 133 9
86 134 79
86 135 70
86 136 43
86 137 24
86 139 75
86 140 91
86 141 67
86 144 38
86 146 46
86 147 17
86 149 7
87 91 59
87 92 76
87 93 77
87 94 87
87 95 16
87 99 59
87 103 44
87 105 16
87 106 12
87 109 54
87 110 23
87 114 93
87 116 8
87 119 33
87 124 24
87 125 31
87 126 2
87 128 43
87 132 68
87 135 95
87 139 69
87 141 40
87 142 81
87 143 67
87 146 73
87 149 46
87 150 45
88 89 32
88 90 70
88 94 13
88 95 9
88 96 70
88 104 83
88 105 86
88 108 65
88 109 58
88 119 41
88 121 33
88 122 15
88 124 1
88 131 89
88 134 70
88 136 47
88 138 85
88 140 20
88 141 48
88 144 31
88 145 23
88 146 25
88 147 62
88 149 66
88 150 33
89 90 89
89 91 42
89 93 49
89 97 65
89 100 45
89 103 84
89 108 33
89 110 2
89 112 55
89 113 88
89 120 39
89 121 29
89 122 83
89 125 89
89 127 51
89 131 44
89 141 50
89 147 84
90 95 30
90 103 84
90 109 77
90 112 63
90 113 61
90 115 4
90 118 52
90 119 66
90 121 54
90 122 40
90 123 52
90 125 37
90 127 70
90 133 58
90 136 52
90 138 61
90 139 27
90 144 77
90 145 56
90 148 85
90 149 75
90 150 1
91 92 38
91 93 60
91 94 85
91 95 34
91 101 44
91 107 52
91 111 37
91 115 55
91 122 87
91 123 95
91 124 62
91 126 76
91 127 30
91 129 16
91 136 94
91 139 28
91 144 83
91 150 5
92 93 21
92 94 68
92 95 1
92 99 3
92 100 87
92 102 86
92 103 30
92 110 26
92 112 9
92 113 88
92 117 1
92 118 75
92 120 19
92 123 12
92 124 40
92 125 74
92 128 6
92 129 90
92 130 7
92 135 30
92 137 96
92 138 33
92 143 29
92 147 74
93 95 90
93 97 51
93 99 5
93 100 33
93 101 34
93 102 80
93 106 10
93 110 68
93 111 64
93 112 22
93 114 56
93 116 13
93 117 14
93 120 79
93 121 2
93 123 75
93 125 94
93 128 9
93 131 7
93 133 100
93 134 3
93 137 42
93 139 66
93 145 56
93 146 69
93 147 51
94 95 40
94 96 49
94 97 84
94 100 52
94 101 94
94 104 11
94 107 55
94 108 2
94 109 52
94 111 76
94 112 30
94 116 55
94 117 1
94 120 96
94 128 49
94 132 44
94 136 94
94 138 62
94 144 93
94 145 17
94 148 90
95 96 36
95 97 19
95 98 96
95 99 70
95 100 90
95 103 1
95 106 82
95 107 73
95 109 79
95 111 99
95 113 61
95 117 5
95 118 53
95 119 38
95 120 89
95 126 43
95 127 13
95 129 1
95 130 51
95 131 37
95 135 34
95 136 27
95 137 65
95 139 33
95 140 28
95 143 59
95 144 70
95 145 18
95 150 39
96 97 44
96 99 16
96 102 100
96 105 36
96 108 23
96 109 24
96 112 90
96 115 60
96 116 4
96 117 37
96 122 75
96 124 17
96 129 81
96 131 43
96 136 47
96 137 7
96 139 26
96 141 2
96 142 35
96 145 23
96 148 40
96 149 94
97 98 14
97 106 85
97 109 60
97 110 59
97 112 28
97 118 34
97 120 37
97 121 88
97 124 39
97 126 70
97 127 27
97 129 6
97 130 20
97 131 96
97 133 34
97 135 61
97 137 79
97 140 87
97 141 68
97 143 67
97 144 98
97 146 44
97 147 81
97 148 43
97 150 28
98 101 22
98 107 94
98 108 76
98 109 4
98 112 3
98 117 46
98 120 59
98 121 10
98 126 80
98 129 41
98 130 15
98 131 53
98 133 9
98 134 95
98 136 2
98 137 54
98 139 60
98 141 80
98 146 19
98 148 24
98 149 16
98 150 1
99 100 99
99 102 60
99 105 60
99 106 31
99 109 57
99 115 43
99 117 67
99 121 63
99 124 94
99 126 75
99 129 23
99 130 100
99 132 71
99 136 94
99 137 3
99 138 100
99 139 23
99 140 30
99 144 75
99 149 81
100 102 63
100 105 59
100 111 6
100 118 72
100 120 90
100 124 11
100 127 6
100 131 67
100 133 14
100 141 39
100 142 69
100 143 51
100 147 38
100 148 100
100 149 13
100 150 47
101 110 35
101 111 99
101 112 79
101 113 32
101 114 89
101 115 56
101 118 68
101 119 24
101 121 50
101 125 39
101 130 42
101 131 78
101 133 34
101 134 87
101 135 82
101 137 20
101 141 56
101 142 55
101 145 84
101 150 53
102 106 33
102 111 43
102 113 37
102 116 83
102 117 72
102 118 69
102 119 5
102 120 87
102 125 52
102 126 68
102 129 70
102 130 56
102 135 75
102 137 26
102 141 22
102 142 15
102 143 99
102 148 95
102 150 56
103 105 95
103 107 86
103 109 76
103 112 54
103 113 62
103 116 58
103 123 68
103 130 76
103 132 81
103 133 62
103 134 84
103 137 45
103 140 68
103 142 8
103 145 36
103 149 55
104 105 89
104 108 74
104 109 85
104 111 61
104 113 37
104 114 22
104 118 71
104 120 61
104 129 5
104 132 55
104 133 63
104 134 74
104 135 86
104 138 45
104 139 30
104 141 72
104 144 95
104 145 77
104 149 66
104 150 14
105 108 75
105 110 85
105 112 2
105 113 27
105 114 47
105 115 15
105 118 48
105 122 44
105 124 82
105 126 75
105 128 41
105 130 74
105 133 12
105 134 95
105 138 88
105 141 85
105 142 38
105 144 19
105 147 82
106 107 43
106 110 51
106 114 64
106 118 2
106 120 10
106 123 36
106 126 9
106 128 7
106 133 75
106 135 63
106 138 32
106 144 21
106 146 48
106 148 95
106 149 73
106 150 83
107 109 74
107 114 86
107 115 85
107 116 6
107 118 49
107 120 69
107 121 48
107 123 39
107 124 97
107 126 78
107 127 20
107 131 8
107 136 94
107 140 66
107 141 25
107 142 45
107 144 70
107 145 3
107 146 81
107 147 94
107 148 24
107 150 9
108 110 42
108 111 90
108 112 24
108 114 29
108 121 91
108 122 3
108 129 1
108 130 48
108 131 23
108 133 77
108 136 72
108 137 63
108 138 78
108 147 48
108 149 25
109 115 6
109 125 71
109 126 65
109 127 28
109 131 52
109 133 55
109 134 40
109 135 2
109 137 64
109 140 60
109 141 94
109 143 6
109 145 63
109 148 66
109 150 43
110 111 56
110 115 6
110 117 82
110 119 58
110 125 78
110 127 13
110 135 96
110 137 52
110 140 27
110 141 94
110 146 38
110 147 86
110 148 53
111 114 62
111 117 48
111 121 18
111 126 2
111 127 59
111 130 23
111 131 54
111 135 89
111 138 28
111 141 25
111 146 70
111 149 40
112 114 38
112 115 93
112 118 77
112 124 85
112 130 100
112 131 17
112 133 91
112 135 100
112 139 85
112 140 98
112 141 27
112 143 22
112 144 92
112 147 97
113 116 42
113 118 30
113 119 38
113 122 46
113 125 30
113 127 57
113 128 56
113 133 71
113 134 45
113 136 14
113 139 46
113 141 70
113 143 84
113 146 18
113 147 76
113 148 57
114 115 85
114 118 21
114 120 24
114 122 51
114 123 10
114 126 68
114 128 34
114 129 15
114 132 99
114 133 79
114 134 25
114 135 1
114 138 31
114 139 10
114 143 77
115 119 37
115 120 7
115 122 69
115 125 57
115 127 23
115 129 6
115 130 8
115 132 22
115 133 81
115 135 31
115 136 7
115 139 89
115 142 21
115 143 32
115 146 6
115 147 12
115 148 9
116 117 76
116 119 68
116 120 62
116 121 94
116 122 50
116 124 45
116 127 35
116 130 10
116 133 67
116 135 87
116 137 11
116 139 80
116 141 27
116 144 12
116 148 78
117 122 2
117 123 40
117 124 51
117 125 86
117 126 90
117 127 80
117 129 81
117 130 44
117 132 76
117 142 30
117 147 36
117 148 13
117 150 61
118 120 17
118 123 45
118 125 43
118 130 58
118 132 10
118 138 27
118 139 16
118 142 39
118 143 37
118 144 22
118 148 73
118 149 51
118 150 71
119 123 45
119 124 43
119 127 48
119 132 48
119 133 67
119 134 51
119 140 6
119 141 11
119 145 40
119 146 98
119 147 72
119 148 53
119 149 68
119 150 63
120 124 77
120 125 91
120 126 95
120 129 42
120 130 78
120 131 47
120 132 45
120 133 77
120 134 48
120 135 81
120 136 12
120 137 60
120 139 28
120 142 12
120 146 35
120 147 26
121 124 62
121 127 25
121 128 58
121 131 84
121 133 77
121 136 54
121 137 16
121 141 57
121 148 91
121 150 31
122 128 95
122 131 54
122 134 65
122 135 69
122 136 77
122 140 2
122 142 41
122 143 98
122 145 29
122 148 58
122 150 90
123 124 83
123 125 67
123 126 87
123 129 22
123 131 71
123 132 80
123 133 97
123 134 35
123 135 91
123 136 95
123 138 1
123 142 91
123 147 69
123 148 79
124 132 54
124 133 15
124 138 69
124 139 34
124 140 77
124 141 61
124 143 52
124 147 2
124 150 49
125 128 77
125 134 81
125 136 71
125 137 49
125 138 63
125 139 36
125 140 59
125 147 49
125 148 72
126 133 1
126 134 30
126 136 43
126 139 48
126 140 91
126 141 5
126 149 3
126 150 70
127 131 41
127 133 23
127 134 38
127 135 92
127 136 28
127 137 10
127 138 4
127 140 12
127 146 30
127 147 4
128 133 99
128 136 59
128 142 23
128 143 71
129 131 41
129 133 80
129 134 91
129 137 44
129 144 40
129 148 53
129 150 79
130 131 10
130 133 65
130 136 86
130 137 86
130 140 32
130 143 94
130 144 54
130 146 13
131 132 40
131 134 48
131 135 31
131 136 91
131 137 71
131 143 69
131 145 85
131 146 18
131 149 10
132 133 64
132 135 60
132 137 30
132 139 58
132 141 32
132 143 43
132 145 29
132 148 100
132 150 32
133 135 11
133 137 89
133 138 71
133 139 60
133 141 31
133 142 17
133 146 53
133 147 31
133 148 31
133 150 10
134 136 55
134 142 74
134 145 61
134 146 81
134 147 17
134 150 51
135 137 25
135 138 22
135 139 90
135 143 77
135 146 86
135 147 50
136 139 55
136 140 85
136 143 56
136 144 26
136 145 96
136 148 89
136 149 82
136 150 36
137 138 20
137 140 47
137 141 17
137 146 78
137 150 38
138 141 89
138 143 28
138 144 51
139 140 38
139 141 94
139 144 17
139 147 40
140 141 15
140 144 21
140 145 59
140 147 3
140 149 61
141 145 46
141 146 64
141 149 54
141 150 95
142 144 53
142 145 43
143 147 77
143 148 40
143 149 88
144 147 20
144 148 52
144 149 68
146 148 33
148 149 50
1 2 6
1 4 98
1 7 56
1 14 9
1 16 78
1 17 8
1 18 1
1 19 81
1 23 71
1 24 84
1 27 54
1 32 98
1 34 14
1 36 25
1 38 99
1 43 1
1 45 34
1 47 1
1 48 13
1 51 80
1 54 92
1 55 3
1 56 66
1 58 43
1 60 20
1 62 59
1 63 27
1 66 76
1 69 1
1 74 87
1 77 72
1 78 6
1 80 67
1 85 42
1 88 17
1 89 97
1 91 31
1 92 77
1 94 96
1 96 15
1 97 12
1 99 81
1 100 47
1 102 97
1 106 37
1 107 25
1 110 63
1 111 96
1 114 28
1 115 93
1 116 94
1 119 91
1 120 20
1 121 40
1 123 31
1 125 35
1 126 77
1 127 54
1 128 53
1 129 81
1 130 5
1 131 38
1 140 28
1 144 73
1 150 98
2 9 82
2 15 95
2 17 12
2 20 38
2 21 31
2 22 89
2 24 69
2 25 77
2 26 59
2 29 49
2 31 69
2 32 6
2 37 54
2 38 18
2 42 62
2 43 34
2 49 43
2 50 82
2 55 80
2 57 38
2 64 41
2 67 36
2 68 49
2 76 57
2 79 76
2 80 58
2 81 56
2 82 39
2 84 23
2 86 26
2 88 26
2 89 15
2 90 35
2 92 35
2 94 29
2 95 53
2 104 4
2 107 58
2 109 37
2 111 43
2 112 38
2 113 27
2 115 16
2 119 24
2 127 100
2 130 73
2 136 65
2 138 52
2 141 9
2 143 94
2 148 1
3 7 27
3 8 31
3 9 76
3 10 86
3 11 32
3 13 61
3 14 41
3 15 32
3 16 70
3 17 66
3 18 18
3 22 60
3 23 59
3 24 38
3 26 96
3 33 56
3 38 61
3 39 65
3 43 24
3 46 69
3 47 80
3 51 54
3 52 86
3 55 89
3 60 17
3 61 44
3 66 2
3 67 49
3 68 29
3 69 46
3 70 11
3 73 7
3 74 93
3 78 43
3 82 8
3 85 90
3 88 82
3 94 40
3 95 45
3 101 97
3 109 66
3 113 37
3 114 26
3 117 14
3 118 90
3 119 88
3 122 62
3 123 74
3 124 45
3 126 8
3 128 60
3 129 17
3 132 62
3 135 31
3 137 89
3 140 99
3 141 91
3 143 31
3 144 51
4 6 23
4 13 12
4 16 74
4 27 28
4 31 82
4 33 62
4 37 30
4 38 95
4 41 48
4 42 94
4 44 27
4 46 67
4 48 21
4 50 57
4 51 13
4 52 5
4 53 81
4 55 4
4 63 20
4 64 82
4 68 75
4 70 93
4 76 39
4 78 28
4 80 58
4 84 46
4 88 100
4 90 53
4 92 26
4 94 17
4 97 59
4 98 71
4 99 12
4 100 79
4 111 100
4 113 40
4 116 37
4 118 53
4 120 32
4 134 11
4 136 44
4 137 98
4 140 3
4 141 43
4 143 97
4 144 6
4 147 18
4 148 11
4 149 85
5 6 34
5 10 26
5 13 33
5 18 19
5 21 28
5 24 96
5 27 22
5 29 64
5 30 91
5 31 31
5 33 29
5 34 53
5 39 31
5 40 84
5 43 52
5 45 29
5 47 75
5 53 3
5 55 37
5 56 21
5 58 57
5 59 31
5 62 61
5 69 82
5 71 63
5 72 100
5 73 93
5 74 42
5 75 70
5 77 52
5 82 36
5 87 91
5 90 43
5 92 19
5 94 31
5 99 14
5 103 53
5 106 2
5 107 53
5 108 100
5 109 88
5 111 75
5 113 99
5 116 23
5 118 71
5 121 85
5 123 1
5 125 42
5 133 17
5 135 4
5 136 43
5 139 62
5 146 87
5 148 88
6 10 53
6 13 55
6 16 53
6 19 64
6 20 18
6 21 29
6 22 21
6 27 68
6 30 26
6 34 90
6 37 78
6 39 91
6 41 50
6 42 54
6 45 20
6 52 15
6 55 33
6 58 4
6 59 26
6 62 1
6 63 51
6 67 73
6 68 84
6 71 12
6 81 45
6 87 17
6 93 56
6 95 89
6 97 13
6 98 26
6 99 15
6 103 19
6 106 44
6 107 42
6 108 62
6 110 12
6 111 83
6 112 43
6 128 12
6 129 32
6 131 34
6 133 31
6 136 25
6 140 13
6 143 40
6 147 84
6 149 74
7 8 94
7 10 29
7 12 46
7 14 45
7 15 97
7 16 86
7 20 74
7 22 34
7 24 6
7 28 60
7 29 62
7 30 40
7 31 22
7 32 32
7 33 22
7 35 60
7 39 51
7 40 14
7 42 20
7 45 47
7 47 51
7 48 2
7 49 42
7 50 58
7 56 90
7 57 39
7 61 30
7 62 96
7 65 35
7 67 95
7 69 22
7 71 7
7 73 77
7 78 80
7 79 98
7 83 26
7 86 50
7 89 31
7 92 79
7 94 18
7 95 97
7 99 4
7 104 57
7 106 57
7 110 16
7 113 37
7 114 89
7 115 4
7 117 56
7 118 80
7 119 13
7 120 16
7 124 42
7 127 56
7 129 79
7 130 45
7 131 47
7 133 9
7 134 86
7 136 72
7 139 45
7 144 24
7 149 38
8 10 50
8 13 31
8 14 82
8 16 95
8 18 92
8 20 27
8 21 77
8 25 75
8 26 9
8 34 63
8 38 100
8 44 44
8 49 6
8 51 79
8 58 74
8 59 56
8 65 50
8 66 33
8 73 3
8 74 43
8 75 7
8 76 16
8 77 91
8 83 35
8 85 22
8 89 88
8 91 77
8 92 55
8 93 93
8 94 32
8 102 24
8 103 66
8 104 45
8 106 7
8 110 74
8 111 66
8 114 19
8 118 70
8 121 84
8 128 13
8 129 74
8 130 42
8 131 1
8 136 75
8 137 79
8 142 72
8 144 77
8 146 55
8 148 45
8 149 82
9 13 64
9 20 47
9 22 69
9 23 36
9 24 96
9 25 67
9 26 73
9 28 74
9 38 97
9 42 88
9 44 14
9 45 5
9 47 56
9 48 23
9 52 35
9 55 77
9 56 77
9 57 44
9 60 7
9 62 39
9 64 72
9 67 48
9 70 87
9 72 98
9 73 23
9 75 6
9 77 28
9 78 12
9 81 10
9 83 31
9 84 95
9 87 20
9 90 73
9 91 58
9 92 82
9 94 58
9 95 29
9 97 92
9 98 86
9 101 6
9 104 55
9 112 40
9 113 37
9 117 53
9 119 79
9 120 44
9 122 97
9 123 44
9 127 70
9 129 99
9 131 12
9 137 7
9 140 77
9 145 46
9 148 7
9 150 63
10 12 45
10 14 34
10 15 3
10 16 28
10 22 55
10 23 11
10 26 43
10 37 48
10 39 60
10 40 97
10 41 42
10 42 25
10 44 5
10 45 81
10 46 87
10 49 59
10 50 34
10 51 94
10 53 62
10 61 14
10 64 71
10 65 83
10 67 37
10 74 27
10 75 27
10 76 20
10 79 56
10 82 83
10 88 83
10 89 37
10 90 26
10 106 58
10 108 6
10 109 41
10 111 23
10 112 66
10 114 26
10 116 63
10 117 58
10 123 63
10 127 76
10 128 4
10 129 5
10 131 84
10 134 10
10 135 96
10 144 96
10 145 65
10 147 81
11 13 72
11 14 21
11 17 36
11 18 44
11 20 72
11 21 80
11 25 4
11 29 49
11 31 59
11 33 75
11 35 44
11 38 87
11 39 95
11 44 37
11 47 17
11 51 18
11 52 24
11 53 12
11 54 37
11 55 58
11 58 96
11 59 44
11 64 48
11 66 55
11 67 93
11 69 4
11 71 71
11 77 84
11 79 98
11 88 29
11 89 85
11 91 85
11 94 10
11 96 12
11 97 14
11 104 25
11 106 3
11 108 19
11 110 18
11 114 29
11 115 95
11 121 83
11 123 49
11 125 23
11 127 38
11 130 59
11 132 78
11 134 86
11 135 29
11 138 16
11 139 4
11 141 51
11 145 29
11 146 23
11 148 67
12 14 70
12 18 3
12 24 100
12 28 18
12 30 39
12 31 100
12 34 28
12 36 25
12 38 14
12 39 31
12 43 45
12 46 21
12 49 44
12 50 54
12 51 68
12 56 66
12 64 95
12 66 44
12 67 70
12 68 64
12 69 73
12 70 55
12 71 47
12 72 65
12 75 88
12 77 80
12 80 8
12 81 31
12 83 78
12 85 93
12 88 73
12 91 3
12 94 47
12 95 88
12 101 46
12 103 100
12 105 62
12 106 71
12 107 38
12 108 81
12 109 35
12 110 53
12 115 36
12 116 6
12 118 34
12 120 90
12 122 45
12 124 10
12 125 74
12 128 51
12 134 35
12 135 46
12 136 59
12 138 87
12 139 23
12 140 12
12 144 39
12 148 15
13 16 3
13 17 23
13 18 47
13 19 89
13 21 89
13 24 29
13 26 81
13 27 3
13 28 53
13 29 27
13 31 94
13 34 76
13 36 10
13 40 62
13 44 62
13 48 6
13 50 35
13 52 72
13 53 92
13 54 37
13 60 81
13 61 41
13 62 74
13 64 16
13 66 54
13 68 72
13 71 99
13 72 5
13 74 39
13 76 65
13 79 79
13 80 30
13 88 8
13 89 24
13 91 14
13 93 13
13 94 74
13 95 98
13 99 73
13 105 35
13 106 53
13 108 35
13 112 51
13 114 26
13 116 75
13 118 41
13 122 36
13 126 45
13 129 65
13 130 79
13 131 66
13 134 59
13 135 6
13 141 63
13 143 11
13 145 56
13 148 6
14 15 5
14 18 87
14 20 66
14 22 65
14 28 78
14 30 71
14 31 42
14 33 52
14 36 6
14 37 96
14 41 88
14 42 33
14 44 74
14 49 29
14 51 29
14 55 74
14 56 3
14 61 13
14 62 61
14 64 81
14 67 63
14 69 9
14 71 51
14 72 73
14 73 66
14 74 4
14 76 28
14 77 60
14 79 63
14 80 2
14 81 43
14 82 83
14 86 93
14 93 51
14 94 97
14 95 78
14 97 42
14 98 7
14 101 37
14 105 38
14 111 46
14 112 69
14 114 9
14 116 9
14 120 40
14 121 42
14 122 23
14 123 39
14 124 22
14 125 35
14 128 37
14 129 54
14 131 63
14 132 39
14 133 14
14 134 50
14 137 78
14 139 33
14 140 43
14 144 79
14 147 73
14 148 87
15 16 94
15 27 53
15 28 66
15 29 36
15 31 94
15 33 87
15 37 92
15 39 70
15 41 12
15 42 1
15 56 72
15 59 29
15 60 55
15 63 55
15 65 49
15 75 38
15 80 90
15 81 25
15 82 68
15 86 35
15 87 1
15 89 2
15 91 61
15 92 70
15 93 70
15 94 26
15 97 13
15 101 71
15 102 24
15 104 90
15 106 46
15 107 24
15 112 38
15 118 76
15 121 50
15 125 1
15 127 61
15 129 32
15 134 4
15 136 71
15 137 47
15 138 10
15 139 68
15 142 83
15 144 26
15 147 8
16 19 85
16 25 28
16 27 98
16 29 100
16 31 33
16 36 49
16 37 22
16 38 84
16 39 50
16 43 93
16 45 12
16 46 67
16 47 31
16 50 37
16 53 92
16 54 15
16 55 66
16 56 60
16 57 25
16 59 38
16 65 72
16 66 62
16 67 41
16 71 75
16 72 86
16 74 93
16 75 97
16 78 27
16 79 64
16 80 33
16 81 29
16 94 4
16 95 20
16 99 67
16 102 1
16 107 31
16 111 81
16 112 11
16 116 89
16 118 80
16 119 80
16 121 3
16 125 47
16 126 91
16 128 78
16 129 9
16 130 79
16 132 21
16 133 61
16 135 60
16 138 70
16 143 46
16 145 61
16 150 71
17 19 5
17 21 19
17 22 24
17 23 99
17 24 58
17 26 38
17 29 48
17 33 51
17 36 83
17 37 36
17 38 93
17 39 26
17 40 62
17 41 26
17 43 42
17 46 49
17 47 60
17 49 85
17 53 2
17 56 36
17 57 18
17 59 87
17 61 2
17 63 20
17 66 37
17 67 17
17 68 17
17 69 22
17 74 64
17 76 98
17 80 77
17 83 54
17 86 93
17 88 54
17 89 16
17 90 29
17 96 75
17 97 29
17 99 13
17 101 35
17 102 26
17 110 51
17 111 53
17 112 42
17 113 33
17 116 68
17 119 78
17 122 23
17 123 35
17 126 47
17 131 33
17 137 74
17 139 51
17 140 58
17 142 74
17 143 79
17 144 4
17 145 6
17 146 43
17 148 81
17 149 56
17 150 78
18 19 89
18 21 28
18 22 31
18 23 64
18 24 6
18 28 43
18 31 6
18 33 24
18 34 100
18 36 75
18 38 95
18 41 51
18 46 21
18 48 61
18 51 33
18 53 58
18 55 32
18 58 1
18 61 96
18 63 48
18 67 90
18 72 84
18 74 62
18 76 59
18 77 43
18 78 41
18 83 27
18 84 39
18 85 74
18 87 34
18 88 78
18 92 63
18 93 35
18 107 76
18 109 51
18 110 12
18 111 59
18 113 27
18 115 43
18 116 31
18 117 78
18 118 29
18 120 5
18 121 43
18 122 58
18 124 71
18 126 70
18 129 52
18 130 58
18 136 90
18 137 68
18 139 37
18 141 49
18 144 63
18 147 47
19 22 44
19 24 80
19 27 75
19 30 35
19 31 44
19 32 100
19 33 52
19 40 98
19 41 92
19 43 34
19 47 15
19 49 87
19 54 53
19 56 7
19 57 65
19 61 16
19 62 65
19 68 3
19 69 94
19 70 15
19 72 63
19 73 80
19 75 14
19 77 91
19 81 24
19 82 50
19 84 13
19 86 80
19 90 99
19 91 5
19 93 24
19 96 59
19 98 70
19 100 94
19 101 6
19 103 66
19 108 54
19 109 28
19 110 8
19 111 56
19 112 95
19 114 67
19 117 9
19 120 26
19 121 18
19 123 52
19 127 70
19 128 20
19 132 35
19 133 100
19 134 41
19 135 78
19 137 30
19 140 92
19 142 59
19 143 94
20 21 87
20 23 89
20 24 2
20 28 92
20 30 64
20 32 60
20 34 75
20 35 43
20 36 44
20 37 52
20 39 93
20 44 22
20 45 18
20 47 38
20 51 39
20 53 93
20 56 39
20 58 11
20 59 27
20 65 5
20 67 100
20 68 13
20 69 46
20 71 13
20 74 23
20 75 22
20 76 95
20 77 85
20 78 62
20 79 4
20 82 8
20 84 71
20 87 73
20 88 80
20 91 47
20 95 68
20 100 96
20 103 85
20 104 83
20 107 8
20 108 44
20 114 51
20 123 22
20 126 52
20 128 100
20 131 46
20 132 16
20 136 2
20 139 90
20 143 21
20 144 18
20 146 55
20 149 12
20 150 16
21 23 52
21 24 90
21 26 79
21 30 49
21 33 87
21 35 16
21 36 47
21 40 81
21 41 60
21 43 69
21 45 86
21 49 84
21 50 81
21 51 65
21 55 89
21 58 21
21 62 72
21 64 12
21 67 56
21 68 24
21 74 12
21 75 64
21 81 96
21 83 42
21 87 87
21 95 83
21 96 90
21 97 78
21 100 70
21 102 94
21 106 49
21 108 12
21 112 8
21 114 72
21 115 72
21 120 100
21 122 31
21 127 53
21 128 95
21 130 40
