150 10058 1
1 2 68
1 3 24
1 8 82
1 10 39
1 13 42
1 14 28
1 16 68
1 17 52
1 18 72
1 19 63
1 22 83
1 24 4
1 26 63
1 31 93
1 34 47
1 38 26
1 39 83
1 40 35
1 41 18
1 42 77
1 44 19
1 45 90
1 54 29
1 55 63
1 57 78
1 66 14
1 67 56
1 70 47
1 72 72
1 73 90
1 75 93
1 80 3
1 81 98
1 82 93
1 84 65
1 85 72
1 87 72
1 88 15
1 89 62
1 90 42
1 91 34
1 93 7
1 94 95
1 95 93
1 96 100
1 98 98
1 108 3
1 113 90
1 116 57
1 117 96
1 118 11
1 119 71
1 120 7
1 121 26
1 123 21
1 125 48
1 129 2
1 130 75
1 131 20
1 133 38
1 137 77
1 138 53
1 139 31
1 140 64
1 141 85
1 142 67
1 146 51
1 148 30
1 149 72
1 150 80
2 5 75
2 6 54
2 10 100
2 13 64
2 15 8
2 22 40
2 26 17
2 28 41
2 30 32
2 33 15
2 36 62
2 37 8
2 38 18
2 42 36
2 47 8
2 49 88
2 52 55
2 54 16
2 57 18
2 58 78
2 60 36
2 61 49
2 62 53
2 63 98
2 68 54
2 70 38
2 73 36
2 76 34
2 77 40
2 81 26
2 84 22
2 85 28
2 86 93
2 87 79
2 90 5
2 91 60
2 92 79
2 94 5
2 95 87
2 97 83
2 99 90
2 101 78
2 104 15
2 105 22
2 109 2
2 110 58
2 121 11
2 122 28
2 125 47
2 126 15
2 127 1
2 128 92
2 136 27
2 139 37
2 141 54
2 143 40
2 147 90
2 149 58
3 4 8
3 6 89
3 7 76
3 11 2
3 15 95
3 18 7
3 19 40
3 20 95
3 21 6
3 22 59
3 23 31
3 25 33
3 26 49
3 30 70
3 38 67
3 42 15
3 44 21
3 49 85
3 51 75
3 53 36
3 54 4
3 56 81
3 58 98
3 59 76
3 60 45
3 63 7
3 69 23
3 71 54
3 73 54
3 80 55
3 81 72
3 83 8
3 87 67
3 88 78
3 92 22
3 93 70
3 98 61
3 101 87
3 102 40
3 103 56
3 107 80
3 110 31
3 114 29
3 115 97
3 116 39
3 123 28
3 125 69
3 126 1
3 131 52
3 133 71
3 135 69
3 144 30
3 145 84
3 150 61
4 5 72
4 6 16
4 9 93
4 10 78
4 12 71
4 13 25
4 15 28
4 20 12
4 21 83
4 22 11
4 27 7
4 28 19
4 30 48
4 36 77
4 40 32
4 43 46
4 45 35
4 46 32
4 51 52
4 53 56
4 56 8
4 57 34
4 59 10
4 63 6
4 64 53
4 70 55
4 71 100
4 72 38
4 78 54
4 80 34
4 81 68
4 83 35
4 84 23
4 86 91
4 88 47
4 90 34
4 93 41
4 96 28
4 99 84
4 105 71
4 106 43
4 109 99
4 111 32
4 113 38
4 114 70
4 115 65
4 117 89
4 118 15
4 121 96
4 122 31
4 123 46
4 125 88
4 127 13
4 130 43
4 135 46
4 141 20
4 142 88
4 148 36
4 149 6
5 6 79
5 9 4
5 12 10
5 13 66
5 14 15
5 18 67
5 19 38
5 29 47
5 31 68
5 34 34
5 35 79
5 36 1
5 38 90
5 40 2
5 41 60
5 42 89
5 45 8
5 46 39
5 51 47
5 53 49
5 58 53
5 59 19
5 60 22
5 61 21
5 65 88
5 66 51
5 67 16
5 69 78
5 70 50
5 71 79
5 75 39
5 76 63
5 77 74
5 80 97
5 81 31
5 82 15
5 86 97
5 87 91
5 90 29
5 92 94
5 93 60
5 94 6
5 99 15
5 105 45
5 106 98
5 108 19
5 109 32
5 111 73
5 113 5
5 119 49
5 121 18
5 122 4
5 131 96
5 132 60
5 133 6
5 136 55
5 137 57
5 140 65
5 142 73
5 144 11
5 147 81
5 148 13
6 7 100
6 9 74
6 11 72
6 14 83
6 16 29
6 22 27
6 23 99
6 24 91
6 25 59
6 28 9
6 32 16
6 34 25
6 36 25
6 37 24
6 38 21
6 43 67
6 46 91
6 48 65
6 49 28
6 52 45
6 56 73
6 60 70
6 65 2
6 68 56
6 69 95
6 73 71
6 85 15
6 86 92
6 87 92
6 89 60
6 90 71
6 91 99
6 93 26
6 103 96
6 115 48
6 117 6
6 118 53
6 119 4
6 121 65
6 122 92
6 124 73
6 125 78
6 133 13
6 134 42
6 140 94
6 141 48
6 143 19
6 145 18
7 8 13
7 9 57
7 10 10
7 11 49
7 12 9
7 15 84
7 22 34
7 25 77
7 27 86
7 28 23
7 30 91
7 34 12
7 41 48
7 47 89
7 48 66
7 56 4
7 57 58
7 59 18
7 62 39
7 66 73
7 69 43
7 74 80
7 76 37
7 77 50
7 78 86
7 83 57
7 86 40
7 89 13
7 90 6
7 92 7
7 93 77
7 94 81
7 98 84
7 99 24
7 102 85
7 105 95
7 106 57
7 109 7
7 110 57
7 111 9
7 112 23
7 114 21
7 115 70
7 117 52
7 118 27
7 120 59
7 122 36
7 123 8
7 124 60
7 126 1
7 128 34
7 131 90
7 137 66
7 139 71
7 140 15
7 141 48
7 145 56
7 147 8
8 9 82
8 10 26
8 11 71
8 12 45
8 15 70
8 20 70
8 21 49
8 28 53
8 31 88
8 32 25
8 34 27
8 39 2
8 43 1
8 45 53
8 47 49
8 48 34
8 49 5
8 53 66
8 55 15
8 56 83
8 57 59
8 59 96
8 60 67
8 62 28
8 63 29
8 64 30
8 68 96
8 70 83
8 72 30
8 73 97
8 76 26
8 77 64
8 79 57
8 81 72
8 83 36
8 85 52
8 86 21
8 88 86
8 89 58
8 91 40
8 92 22
8 94 27
8 99 18
8 104 36
8 106 48
8 107 2
8 110 6
8 115 33
8 120 26
8 121 17
8 122 93
8 136 53
8 138 89
8 140 99
8 141 75
8 142 21
8 144 75
8 147 18
8 150 19
9 12 6
9 13 29
9 14 35
9 20 37
9 22 83
9 24 55
9 25 2
9 27 43
9 37 34
9 39 46
9 46 37
9 47 72
9 50 30
9 52 100
9 53 81
9 54 45
9 57 49
9 63 44
9 65 13
9 68 38
9 71 67
9 72 56
9 74 12
9 77 1
9 82 11
9 83 79
9 84 33
9 85 35
9 86 26
9 88 81
9 91 58
9 93 84
9 96 18
9 97 20
9 98 50
9 99 17
9 102 65
9 103 84
9 105 51
9 114 95
9 115 73
9 116 73
9 119 79
9 122 20
9 123 69
9 124 99
9 129 58
9 132 57
9 133 59
9 140 65
9 141 65
9 142 40
9 147 39
9 149 6
10 13 27
10 14 24
10 15 46
10 18 50
10 21 60
10 22 60
10 23 24
10 24 77
10 27 37
10 28 1
10 30 72
10 32 78
10 36 49
10 37 86
10 38 55
10 41 78
10 45 11
10 47 33
10 50 97
10 51 36
10 52 100
10 59 38
10 60 34
10 65 41
10 66 98
10 68 56
10 71 57
10 73 31
10 76 83
10 77 88
10 81 56
10 82 30
10 83 59
10 84 75
10 86 63
10 89 6
10 91 58
10 94 48
10 95 22
10 96 96
10 97 11
10 98 45
10 99 54
10 100 9
10 104 65
10 106 33
10 107 1
10 108 30
10 109 10
10 115 56
10 117 73
10 118 65
10 121 49
10 122 17
10 124 45
10 125 10
10 128 25
10 135 83
10 137 49
10 146 10
10 147 6
10 148 95
11 12 26
11 15 44
11 19 45
11 22 27
11 25 41
11 26 77
11 27 60
11 29 23
11 34 100
11 35 13
11 38 23
11 39 54
11 40 16
11 44 38
11 50 85
11 52 60
11 53 57
11 55 99
11 56 78
11 58 68
11 61 30
11 62 43
11 64 59
11 67 84
11 69 46
11 70 99
11 72 20
11 74 89
11 75 88
11 76 42
11 81 32
11 86 40
11 88 26
11 89 82
11 92 60
11 93 52
11 97 20
11 100 11
11 103 94
11 105 57
11 108 26
11 111 80
11 112 62
11 114 52
11 117 41
11 124 49
11 125 68
11 127 17
11 128 98
11 129 62
11 130 42
11 131 20
11 134 6
11 135 55
11 138 28
11 142 59
11 143 65
12 13 47
12 15 28
12 21 71
12 22 49
12 25 20
12 27 42
12 29 13
12 30 98
12 35 9
12 36 61
12 37 43
12 38 11
12 41 64
12 42 45
12 43 57
12 45 30
12 48 6
12 50 84
12 55 86
12 56 39
12 57 3
12 58 57
12 62 48
12 64 91
12 65 78
12 66 45
12 74 14
12 75 71
12 79 67
12 80 85
12 82 50
12 83 52
12 85 25
12 86 71
12 87 29
12 89 64
12 91 26
12 93 95
12 95 16
12 96 38
12 98 68
12 106 18
12 107 37
12 111 94
12 112 71
12 115 71
12 116 11
12 119 11
12 125 62
12 127 69
12 129 35
12 130 31
12 131 4
12 138 26
12 139 25
12 140 95
12 141 27
12 144 89
12 146 26
12 149 16
13 15 36
13 16 31
13 17 12
13 18 9
13 21 27
13 26 86
13 27 23
13 31 50
13 33 79
13 34 38
13 37 49
13 53 70
13 54 49
13 57 75
13 60 100
13 66 48
13 67 99
13 68 96
13 70 87
13 71 25
13 74 45
13 76 59
13 78 1
13 84 14
13 88 35
13 90 23
13 97 81
13 102 80
13 104 33
13 105 27
13 107 11
13 108 75
13 110 60
13 111 85
13 113 8
13 115 9
13 119 21
13 122 44
13 123 91
13 129 50
13 133 66
13 134 27
13 136 39
13 142 96
13 147 48
13 149 89
14 24 48
14 26 43
14 30 87
14 32 15
14 34 79
14 35 70
14 36 60
14 38 65
14 43 59
14 46 97
14 47 40
14 50 5
14 53 72
14 56 26
14 57 61
14 60 13
14 62 14
14 63 36
14 64 50
14 68 40
14 69 73
14 72 65
14 73 6
14 74 85
14 81 26
14 83 36
14 85 74
14 86 19
14 89 86
14 92 47
14 93 49
14 95 57
14 96 23
14 97 33
14 98 39
14 102 69
14 103 92
14 104 11
14 105 67
14 109 21
14 114 60
14 117 7
14 122 46
14 124 39
14 126 22
14 128 9
14 129 34
14 135 10
14 137 88
14 138 93
14 140 49
14 148 64
15 17 38
15 18 96
15 20 99
15 24 99
15 25 85
15 26 99
15 28 51
15 32 98
15 36 85
15 39 35
15 43 80
15 49 23
15 51 1
15 52 51
15 55 9
15 57 12
15 64 31
15 65 98
15 66 15
15 67 4
15 69 89
15 71 63
15 75 64
15 77 70
15 78 30
15 80 35
15 83 40
15 84 60
15 85 87
15 86 95
15 87 88
15 90 57
15 91 96
15 93 77
15 95 90
15 98 24
15 101 16
15 103 72
15 105 63
15 109 4
15 110 31
15 111 72
15 112 47
15 113 47
15 122 57
15 123 10
15 126 73
15 127 74
15 129 59
15 132 43
15 134 67
15 135 6
15 140 27
15 141 27
15 143 59
15 146 69
15 149 38
16 17 2
16 18 26
16 20 45
16 21 65
16 22 50
16 26 32
16 28 85
16 30 56
16 32 6
16 33 22
16 35 91
16 46 38
16 49 56
16 53 55
16 55 55
16 58 83
16 59 15
16 68 30
16 70 35
16 71 88
16 74 91
16 76 84
16 80 27
16 81 3
16 82 80
16 83 19
16 84 42
16 88 87
16 89 85
16 90 57
16 93 75
16 94 72
16 99 93
16 101 66
16 102 76
16 106 96
16 108 72
16 111 51
16 112 44
16 113 3
16 118 73
16 123 52
16 124 88
16 125 85
16 128 87
16 129 2
16 134 54
16 141 11
16 145 59
16 146 97
16 148 87
16 150 84
17 18 56
17 19 59
17 23 95
17 24 56
17 25 12
17 28 88
17 30 38
17 32 74
17 34 26
17 35 32
17 38 67
17 39 92
17 40 4
17 41 45
17 42 40
17 44 69
17 45 95
17 46 31
17 47 12
17 50 20
17 57 23
17 58 70
17 64 21
17 65 61
17 66 77
17 67 42
17 68 55
17 70 15
17 71 75
17 72 72
17 74 75
17 75 96
17 79 17
17 82 49
17 83 16
17 84 73
17 85 78
17 86 87
17 89 30
17 91 57
17 92 92
17 94 24
17 96 85
17 97 14
17 98 10
17 101 34
17 102 65
17 103 19
17 104 66
17 105 46
17 106 88
17 111 59
17 113 40
17 121 82
17 123 62
17 125 39
17 126 5
17 127 82
17 128 48
17 130 33
17 135 11
17 137 51
17 142 32
17 143 40
17 149 31
17 150 1
18 21 63
18 24 59
18 25 20
18 26 20
18 29 47
18 30 6
18 31 29
18 32 84
18 33 90
18 34 96
18 35 53
18 37 10
18 39 35
18 40 4
18 44 97
18 45 9
18 46 84
18 47 95
18 51 93
18 55 73
18 59 40
18 61 57
18 62 21
18 67 42
18 68 41
18 69 25
18 72 29
18 73 59
18 75 81
18 79 29
18 86 94
18 92 27
18 95 70
18 99 1
18 100 89
18 101 7
18 102 23
18 105 53
18 107 72
18 110 32
18 112 11
18 114 81
18 116 63
18 117 41
18 119 63
18 120 1
18 121 57
18 129 3
18 130 17
18 131 44
18 132 41
18 137 53
18 138 84
18 139 97
18 141 37
18 144 54
18 147 96
18 150 84
19 20 81
19 21 34
19 23 15
19 24 32
19 26 92
19 27 83
19 29 58
19 30 79
19 31 14
19 34 73
19 36 23
19 44 97
19 49 24
19 50 79
19 53 19
19 57 23
19 58 90
19 61 18
19 62 3
19 65 39
19 69 98
19 70 84
19 73 90
19 76 17
19 80 91
19 82 61
19 83 53
19 85 67
19 87 61
19 89 89
19 95 82
19 97 50
19 98 56
19 101 94
19 104 100
19 105 42
19 108 43
19 109 100
19 115 34
19 116 14
19 118 25
19 123 5
19 124 33
19 125 23
19 127 67
19 128 70
19 132 91
19 142 32
19 143 86
19 144 9
19 145 63
19 147 60
19 148 12
20 21 40
20 23 87
20 26 18
20 30 7
20 31 21
20 33 79
20 34 6
20 35 7
20 37 2
20 38 84
20 41 11
20 42 87
20 44 74
20 45 8
20 47 17
20 55 94
20 56 62
20 60 54
20 61 8
20 62 9
20 65 51
20 68 19
20 69 62
20 70 61
20 75 46
20 76 44
20 79 70
20 83 54
20 85 40
20 87 95
20 89 97
20 94 27
20 96 46
20 97 63
20 99 29
20 102 39
20 104 3
20 105 25
20 109 47
20 111 92
20 115 98
20 120 35
20 123 23
20 126 81
20 127 61
20 131 9
20 132 18
20 134 24
20 135 77
20 136 57
20 137 67
20 142 73
20 144 13
20 149 64
21 24 12
21 25 53
21 26 43
21 28 99
21 29 64
21 31 12
21 35 22
21 43 22
21 44 98
21 46 56
21 48 45
21 49 39
21 52 85
21 53 16
21 54 2
21 56 80
21 60 20
21 62 74
21 67 85
21 72 36
21 73 70
21 74 35
21 79 98
21 83 53
21 84 36
21 85 92
21 88 95
21 95 8
21 97 6
21 102 76
21 104 58
21 106 100
21 109 52
21 112 63
21 113 17
21 118 75
21 123 79
21 124 40
21 126 60
21 128 11
21 131 53
21 132 77
21 133 51
21 138 37
21 139 30
21 144 98
21 146 42
21 147 87
21 148 25
22 29 67
22 32 73
22 34 83
22 36 85
22 37 41
22 38 85
22 39 30
22 46 25
22 48 84
22 52 23
22 57 99
22 58 99
22 60 97
22 63 88
22 64 78
22 65 31
22 67 89
22 68 31
22 69 70
22 72 61
22 74 16
22 75 81
22 79 10
22 80 53
22 82 84
22 83 1
22 85 33
22 86 32
22 87 77
22 88 67
22 93 80
22 94 100
22 96 12
22 97 85
22 99 61
22 100 84
22 103 84
22 109 12
22 114 19
22 116 29
22 121 96
22 124 77
22 125 48
22 126 34
22 127 41
22 130 91
22 131 87
22 132 76
22 133 69
22 134 68
22 135 99
22 137 5
22 138 52
22 142 98
22 143 68
22 149 31
23 25 31
23 32 88
23 33 7
23 35 20
23 42 53
23 44 17
23 54 38
23 57 37
23 68 22
23 71 86
23 86 5
23 90 9
23 91 24
23 92 13
23 93 59
23 94 39
23 98 100
23 103 37
23 104 78
23 107 67
23 108 50
23 110 86
23 117 78
23 118 39
23 119 14
23 120 4
23 121 58
23 122 28
23 128 83
23 130 68
23 132 35
23 133 36
23 134 74
23 135 35
23 137 89
23 138 87
23 139 28
23 140 2
23 143 57
23 150 42
24 28 65
24 30 53
24 31 47
24 40 97
24 43 57
24 49 91
24 51 40
24 56 83
24 58 98
24 64 30
24 70 2
24 72 1
24 74 65
24 76 67
24 77 2
24 78 19
24 81 22
24 83 1
24 85 39
24 89 75
24 91 73
24 93 25
24 95 80
24 96 42
24 98 42
24 99 45
24 100 1
24 105 6
24 110 58
24 115 20
24 117 30
24 118 12
24 119 9
24 120 21
24 123 42
24 124 98
24 128 22
24 131 97
24 134 25
24 138 99
24 140 53
24 142 66
24 145 52
24 146 65
24 147 54
24 148 28
25 27 4
25 32 31
25 33 52
25 34 19
25 36 82
25 37 77
25 38 62
25 45 45
25 47 24
25 49 36
25 56 54
25 57 91
25 58 52
25 59 25
25 62 24
25 65 75
25 66 92
25 68 8
25 70 91
25 72 44
25 75 24
25 78 63
25 80 38
25 81 7
25 82 50
25 84 71
25 85 7
25 87 61
25 88 91
25 91 35
25 95 72
25 99 82
25 101 77
25 105 35
25 106 76
25 107 49
25 109 43
25 113 99
25 114 62
25 116 12
25 117 17
25 121 12
25 124 73
25 128 78
25 129 76
25 132 43
25 137 83
25 138 35
25 141 53
25 143 33
25 146 11
25 149 17
26 29 16
26 30 10
26 34 75
26 42 51
26 43 42
26 48 38
26 53 23
26 57 7
26 59 34
26 61 81
26 62 12
26 63 94
26 65 91
26 66 61
26 68 86
26 69 98
26 71 74
26 72 42
26 79 90
26 81 87
26 83 5
26 85 90
26 91 62
26 94 70
26 96 66
26 98 43
26 100 52
26 102 79
26 104 31
26 107 46
26 111 10
26 112 79
26 115 17
26 116 13
26 118 17
26 119 36
26 120 34
26 130 91
26 134 97
26 136 45
26 139 97
26 143 77
26 145 26
26 146 70
26 149 12
27 30 82
27 35 99
27 37 12
27 38 87
27 41 75
27 42 91
27 43 100
27 47 7
27 48 59
27 50 22
27 54 37
27 55 66
27 56 57
27 58 7
27 59 20
27 62 43
27 67 44
27 68 3
27 70 68
27 71 82
27 73 80
27 74 56
27 82 27
27 89 47
27 91 95
27 95 75
27 98 71
27 99 48
27 102 22
27 104 10
27 106 23
27 107 15
27 108 97
27 115 8
27 123 19
27 124 65
27 125 69
27 126 19
27 128 63
27 129 42
27 131 36
27 132 96
27 133 4
27 137 9
27 144 20
27 145 51
27 146 55
27 147 19
27 149 49
28 30 56
28 31 55
28 37 56
28 43 68
28 49 8
28 53 9
28 54 58
28 61 49
28 62 42
28 64 13
28 68 82
28 69 46
28 70 97
28 74 64
28 75 10
28 80 98
28 81 41
28 88 40
28 89 57
28 90 77
28 91 42
28 92 48
28 99 32
28 102 98
28 104 21
28 106 83
28 110 35
28 117 50
28 118 11
28 122 49
28 124 93
28 127 65
28 129 7
28 130 57
28 131 4
28 133 25
28 141 46
28 145 13
28 148 90
28 150 16
29 32 58
29 33 42
29 36 44
29 40 94
29 41 87
29 47 72
29 53 28
29 55 5
29 57 73
29 64 31
29 66 40
29 68 90
29 69 45
29 72 33
29 73 100
29 75 67
29 81 44
29 87 67
29 88 3
29 92 32
29 96 77
29 98 12
29 99 22
29 103 24
29 104 93
29 106 65
29 110 49
29 111 72
29 116 93
29 117 38
29 120 49
29 123 35
29 124 42
29 126 33
29 134 8
29 137 96
29 139 97
29 142 66
29 147 28
29 148 36
29 150 18
30 33 37
30 34 55
30 38 2
30 40 40
30 42 93
30 44 84
30 45 49
30 46 71
30 48 22
30 49 91
30 56 86
30 58 92
30 59 23
30 60 82
30 63 19
30 64 79
30 67 17
30 68 92
30 69 73
30 70 54
30 72 86
30 73 75
30 74 100
30 77 19
30 78 18
30 80 12
30 85 45
30 88 25
30 90 49
30 91 34
30 94 24
30 96 91
30 97 73
30 98 13
30 100 18
30 102 50
30 104 24
30 106 87
30 108 79
30 110 95
30 116 57
30 120 5
30 122 76
30 123 38
30 124 79
30 127 14
30 130 72
30 132 56
30 134 86
30 140 42
30 141 85
30 143 47
30 144 81
30 145 1
30 146 79
30 148 79
31 32 2
31 33 55
31 34 3
31 36 4
31 37 42
31 40 86
31 50 63
31 51 20
31 56 63
31 58 52
31 67 69
31 74 78
31 75 43
31 76 14
31 78 46
31 83 80
31 87 4
31 88 57
31 92 47
31 93 34
31 95 2
31 98 74
31 107 49
31 108 46
31 109 98
31 112 98
31 114 39
31 116 19
31 118 98
31 119 28
31 124 92
31 132 75
31 136 75
31 137 16
31 139 75
31 143 93
31 146 66
31 147 68
31 149 29
32 37 73
32 41 13
32 42 47
32 44 67
32 45 57
32 52 4
32 56 51
32 58 68
32 62 10
32 64 43
32 66 47
32 67 19
32 71 3
32 72 88
32 74 79
32 77 91
32 82 53
32 85 24
32 92 49
32 95 89
32 96 76
32 97 20
32 100 2
32 102 34
32 103 80
32 106 42
32 107 10
32 108 9
32 109 79
32 110 87
32 111 32
32 113 81
32 114 48
32 116 24
32 117 79
32 118 13
32 119 41
32 121 15
32 122 4
32 130 17
32 131 90
32 133 98
32 135 38
32 136 25
32 138 13
32 139 96
32 140 77
32 142 36
32 143 32
32 145 64
32 146 12
32 147 62
33 35 38
33 36 22
33 38 63
33 43 93
33 44 63
33 45 62
33 47 21
33 48 92
33 54 92
33 58 29
33 60 84
33 61 62
33 62 1
33 63 76
33 65 24
33 66 12
33 67 30
33 72 11
33 74 92
33 76 66
33 77 58
33 78 7
33 81 64
33 83 66
33 84 23
33 85 98
33 89 88
33 93 61
33 95 64
33 97 46
33 100 54
33 104 39
33 105 15
33 106 40
33 107 75
33 109 4
33 111 33
33 112 99
33 114 31
33 119 19
33 121 77
33 126 17
33 129 34
33 131 9
33 136 12
33 139 98
33 144 71
33 145 94
33 146 37
34 36 80
34 37 21
34 40 43
34 41 63
34 42 92
34 43 69
34 44 10
34 48 6
34 50 7
34 51 44
34 54 27
34 55 88
34 59 28
34 60 63
34 61 79
34 66 47
34 68 98
34 70 22
34 72 100
34 85 39
34 87 62
34 92 34
34 93 13
34 94 14
34 95 54
34 98 37
34 99 42
34 101 35
34 103 79
34 104 42
34 105 68
34 108 74
34 109 89
34 114 37
34 122 13
34 124 88
34 128 49
34 131 44
34 132 7
34 136 83
34 140 96
34 145 94
34 146 8
34 148 56
35 36 9
35 37 48
35 38 45
35 41 25
35 46 25
35 47 59
35 49 5
35 50 90
35 53 86
35 58 50
35 59 17
35 62 52
35 64 89
35 65 55
35 66 18
35 67 54
35 75 3
35 76 4
35 77 13
35 80 27
35 81 5
35 87 100
35 88 18
35 91 5
35 95 49
35 97 72
35 98 87
35 101 68
35 102 22
35 103 7
35 105 21
35 110 11
35 112 82
35 114 24
35 115 65
35 116 19
35 117 18
35 119 6
35 120 95
35 121 96
35 124 93
35 125 38
35 135 23
35 136 100
35 137 75
35 138 90
35 143 26
35 146 52
36 41 12
36 46 100
36 47 75
36 48 31
36 49 97
36 58 69
36 65 73
36 67 92
36 68 24
36 70 59
36 71 26
36 72 97
36 76 99
36 78 13
36 79 76
36 82 49
36 86 71
36 87 17
36 88 64
36 89 98
36 96 6
36 99 21
36 108 51
36 111 71
36 112 19
36 113 64
36 116 16
36 118 30
36 119 65
36 120 23
36 121 87
36 123 45
36 124 91
36 126 49
36 128 31
36 130 42
36 134 5
36 135 48
36 137 47
36 139 39
36 146 48
36 149 49
37 40 22
37 41 97
37 44 58
37 45 47
37 48 4
37 49 10
37 53 19
37 55 63
37 58 14
37 59 26
37 61 10
37 63 73
37 69 59
37 71 31
37 72 22
37 75 21
37 77 46
37 79 24
37 80 98
37 83 93
37 87 60
37 89 21
37 90 57
37 92 13
37 95 91
37 96 72
37 100 25
37 101 68
37 104 23
37 105 87
37 110 56
37 112 22
37 117 69
37 125 12
37 126 100
37 127 53
37 128 50
37 132 66
37 136 81
37 138 47
37 141 15
37 144 66
37 147 22
37 149 100
38 43 53
38 44 63
38 45 44
38 52 35
38 53 75
38 55 72
38 56 99
38 57 14
38 58 14
38 63 24
38 65 44
38 66 26
38 67 81
38 68 89
38 70 8
38 72 47
38 74 56
38 75 72
38 77 11
38 80 69
38 85 77
38 86 29
38 87 35
38 88 25
38 89 78
38 92 56
38 96 59
38 103 5
38 106 79
38 114 21
38 119 16
38 122 38
38 124 37
38 127 41
38 128 51
38 130 31
38 133 15
38 138 79
38 139 7
38 140 90
38 141 85
38 143 44
38 144 63
38 145 90
38 146 90
38 149 66
39 42 88
39 47 72
39 48 12
39 49 47
39 50 55
39 51 38
39 53 26
39 56 69
39 58 75
39 59 81
39 62 44
39 63 66
39 70 28
39 73 96
39 75 48
39 76 84
39 78 58
39 79 100
39 80 68
39 81 17
39 84 37
39 85 40
39 86 6
39 90 29
39 95 16
39 96 64
39 103 58
39 106 98
39 107 36
39 109 88
39 114 55
39 115 42
39 123 16
39 125 27
39 127 46
39 128 21
39 132 49
39 137 38
39 138 15
39 143 64
39 146 49
39 149 4
39 150 98
40 43 80
40 45 20
40 46 1
40 47 10
40 52 76
40 53 61
40 56 53
40 59 83
40 62 59
40 68 29
40 71 50
40 74 39
40 81 6
40 85 54
40 90 50
40 91 63
40 92 55
40 93 63
40 95 27
40 97 56
40 104 31
40 110 60
40 111 69
40 113 88
40 116 28
40 119 94
40 123 44
40 124 15
40 127 71
40 128 73
40 132 37
40 139 3
40 146 92
40 147 57
40 150 75
41 46 66
41 47 76
41 48 34
41 49 63
41 50 1
41 51 16
41 53 80
41 57 47
41 58 77
41 72 98
41 75 44
41 77 67
41 81 3
41 82 100
41 83 98
41 85 68
41 91 30
41 93 41
41 94 38
41 97 3
41 98 97
41 107 13
41 108 20
41 110 75
41 112 61
41 114 73
41 119 99
41 120 42
41 122 38
41 127 27
41 130 30
41 132 69
41 137 10
41 138 39
41 143 49
41 148 38
42 45 9
42 46 82
42 48 7
42 50 29
42 53 99
42 58 75
42 59 8
42 61 88
42 64 65
42 65 21
42 66 6
42 72 89
42 73 43
42 74 100
42 81 33
42 91 36
42 93 51
42 95 42
42 99 79
42 100 26
42 101 52
42 104 50
42 105 11
42 107 61
42 108 60
42 112 84
42 113 50
42 114 80
42 115 25
42 116 90
42 117 43
42 118 77
42 124 12
42 125 24
42 126 20
42 131 72
42 134 68
42 139 20
42 142 71
42 145 9
42 147 36
43 44 60
43 46 6
43 47 85
43 48 61
43 51 32
43 55 22
43 57 27
43 60 57
43 63 64
43 64 53
43 66 83
43 68 99
43 70 57
43 72 58
43 74 31
43 75 26
43 78 23
43 79 41
43 83 71
43 89 80
43 92 10
43 95 83
43 98 25
43 99 33
43 100 62
43 103 79
43 104 59
43 105 75
43 108 73
43 110 47
43 111 20
43 115 50
43 118 28
43 119 41
43 121 21
43 123 26
43 129 46
43 131 88
43 132 56
43 135 87
43 137 98
43 141 11
43 144 26
43 146 97
43 147 87
43 150 10
44 47 42
44 56 71
44 58 22
44 64 3
44 67 68
44 72 32
44 79 98
44 80 86
44 81 58
44 82 38
44 83 32
44 84 92
44 88 98
44 90 38
44 92 74
44 93 10
44 97 74
44 100 96
44 103 31
44 104 29
44 105 38
44 106 98
44 108 100
44 109 49
44 114 26
44 116 43
44 118 91
44 121 3
44 126 86
44 127 41
44 130 76
44 131 2
44 133 57
44 134 4
44 135 77
44 136 57
44 138 84
44 139 53
44 142 48
44 144 34
44 146 2
44 147 33
44 148 49
44 149 67
44 150 8
45 47 59
45 49 6
45 50 40
45 53 22
45 57 90
45 58 99
45 60 64
45 62 48
45 66 72
45 69 95
45 70 33
45 77 14
45 79 89
45 81 49
45 82 43
45 83 89
45 85 26
45 87 100
45 90 30
45 92 27
45 93 6
45 95 73
45 97 73
45 98 56
45 100 34
45 103 29
45 105 49
45 106 70
45 109 9
45 111 11
45 113 61
45 114 78
45 117 21
45 125 68
45 126 24
45 130 81
45 131 45
45 132 12
45 138 42
45 141 89
45 142 46
45 145 98
45 147 87
45 148 6
46 53 35
46 54 32
46 56 93
46 57 29
46 58 97
46 59 2
46 62 84
46 65 87
46 68 5
46 70 83
46 71 71
46 76 30
46 77 57
46 81 31
46 84 8
46 88 12
46 89 80
46 91 30
46 92 41
46 93 96
46 95 85
46 96 27
46 97 72
46 98 52
46 101 76
46 103 49
46 106 12
46 107 92
46 109 84
46 121 3
46 122 98
46 124 45
46 125 28
46 126 47
46 132 37
46 133 27
46 134 35
46 135 23
46 137 7
46 141 42
46 142 63
46 143 58
46 145 81
46 149 96
47 49 31
47 52 44
47 54 97
47 56 50
47 62 50
47 65 35
47 66 50
47 70 74
47 76 84
47 77 11
47 78 81
47 79 27
47 82 95
47 86 98
47 87 29
47 90 9
47 91 70
47 92 49
47 96 6
47 98 33
47 101 45
47 102 35
47 105 57
47 106 98
47 109 60
47 110 94
47 111 14
47 115 87
47 123 78
47 127 21
47 128 4
47 131 57
47 133 59
47 135 16
47 138 17
47 140 100
47 142 50
47 143 99
47 145 79
47 146 43
47 147 10
47 149 81
48 52 44
48 53 70
48 56 98
48 59 63
48 61 76
48 66 19
48 67 55
48 69 63
48 71 90
48 75 22
48 81 73
48 82 54
48 84 22
48 86 95
48 90 4
48 91 35
48 97 82
48 101 99
48 103 33
48 104 27
48 108 62
48 109 42
48 111 4
48 112 54
48 115 80
48 117 10
48 118 96
48 120 58
48 121 22
48 126 85
48 127 38
48 128 96
48 130 82
48 137 37
48 141 78
49 54 4
49 56 28
49 58 45
49 59 32
49 60 33
49 67 26
49 68 76
49 69 21
49 74 47
49 75 71
49 77 62
49 80 12
49 84 7
49 87 61
49 89 7
49 91 32
49 93 28
49 100 77
49 102 60
49 105 85
49 106 68
49 109 62
49 110 97
49 111 66
49 114 72
49 115 39
49 117 10
49 118 2
49 119 52
49 124 21
49 127 87
49 128 83
49 129 9
49 135 1
49 137 15
49 138 47
49 143 74
49 144 42
49 147 17
49 148 40
50 59 23
50 60 68
50 62 53
50 71 7
50 72 91
50 74 22
50 75 27
50 77 46
50 88 80
50 103 1
50 107 46
50 112 3
50 113 76
50 116 27
50 120 4
50 123 67
50 124 95
50 126 89
50 127 63
50 130 79
50 134 97
50 139 51
50 140 73
50 144 36
50 148 46
51 56 8
51 60 72
51 61 3
51 65 50
51 66 92
51 69 85
51 71 76
51 74 88
51 75 37
51 76 74
51 82 36
51 93 39
51 94 16
51 97 94
51 101 1
51 102 3
51 104 74
51 105 72
51 112 90
51 113 49
51 114 95
51 115 4
51 117 49
51 118 63
51 122 8
51 124 88
51 126 7
51 127 48
51 128 95
51 132 48
51 133 82
51 135 28
51 136 23
51 143 71
51 145 81
51 149 77
52 54 56
52 65 82
52 66 6
52 67 57
52 69 84
52 71 76
52 76 56
52 77 29
52 81 34
52 82 48
52 83 56
52 85 83
52 94 34
52 98 39
52 100 44
52 101 46
52 102 40
52 103 21
52 104 61
52 107 11
52 113 4
52 117 10
52 119 40
52 122 4
52 124 4
52 125 87
52 130 5
52 136 87
52 137 37
52 139 25
52 140 77
52 141 84
52 142 34
52 145 19
52 147 66
52 149 100
52 150 41
53 54 47
53 60 58
53 61 59
53 65 79
53 66 45
53 68 51
53 75 81
53 76 13
53 82 3
53 83 39
53 84 3
53 85 80
53 88 60
53 90 36
53 91 19
53 93 30
53 95 53
53 96 16
53 97 93
53 98 10
53 102 44
53 106 43
53 108 81
53 110 46
53 112 13
53 113 22
53 114 28
53 115 50
53 118 91
53 122 5
53 123 37
53 126 54
53 127 34
53 129 11
53 130 100
53 132 93
53 133 38
53 134 14
53 136 56
53 138 27
53 143 4
53 145 74
54 61 36
54 64 28
54 65 37
54 68 48
54 71 70
54 74 82
54 75 80
54 78 30
54 79 22
54 81 92
54 82 12
54 84 20
54 88 37
54 90 42
54 91 83
54 96 8
54 99 5
54 100 31
54 101 36
54 104 17
54 105 100
54 107 15
54 108 15
54 109 20
54 110 97
54 111 41
54 115 72
54 117 31
54 120 48
54 121 26
54 124 48
54 126 15
54 127 89
54 135 76
54 136 36
54 140 23
54 147 42
54 148 38
54 149 91
54 150 59
55 56 4
55 58 38
55 59 39
55 64 11
55 67 96
55 68 31
55 74 89
55 75 27
55 82 67
55 83 74
55 87 74
55 88 42
55 90 77
55 91 13
55 93 61
55 101 76
55 102 30
55 104 77
55 105 64
55 107 60
55 108 12
55 109 15
55 111 92
55 113 74
55 114 43
55 123 67
55 125 25
55 127 100
55 129 50
55 130 62
55 132 26
55 135 42
55 140 77
55 143 31
55 147 36
56 57 93
56 60 80
56 63 41
56 64 13
56 65 73
56 66 80
56 76 58
56 79 8
56 81 67
56 83 100
56 88 21
56 95 25
56 99 46
56 102 41
56 103 96
56 104 70
56 105 4
56 106 11
56 110 45
56 116 56
56 118 84
56 120 21
56 123 72
56 127 35
56 128 25
56 130 81
56 132 33
56 134 64
56 135 6
56 136 56
56 137 64
56 140 6
56 143 45
56 146 40
56 149 96
56 150 45
57 58 75
57 62 42
57 63 11
57 64 4
57 67 19
57 72 99
57 73 3
57 74 36
57 75 65
57 80 3
57 81 28
57 84 15
57 87 29
57 88 83
57 90 44
57 92 11
57 97 37
57 101 58
57 108 4
57 110 96
57 111 79
57 116 37
57 117 11
57 123 68
57 124 50
57 125 42
57 129 57
57 131 91
57 132 95
57 138 57
57 140 20
57 142 32
57 145 33
57 148 69
58 59 57
58 62 79
58 63 48
58 65 72
58 66 9
58 68 21
58 69 44
58 70 94
58 73 66
58 74 44
58 77 27
58 78 43
58 79 14
58 81 75
58 82 84
58 83 18
58 85 68
58 87 33
58 88 95
58 91 70
58 93 97
58 95 14
58 96 60
58 107 76
58 108 98
58 109 15
58 111 13
58 113 5
58 114 63
58 122 64
58 127 61
58 128 28
58 131 67
58 132 47
58 133 70
58 134 46
58 144 70
59 66 34
59 73 38
59 74 32
59 75 48
59 79 84
59 81 55
59 82 84
59 84 43
59 86 77
59 88 8
59 91 56
59 93 10
59 94 63
59 95 8
59 96 27
59 99 75
59 101 30
59 103 87
59 105 34
59 108 80
59 110 8
59 112 70
59 113 22
59 114 52
59 115 90
59 116 7
59 120 25
59 122 83
59 128 2
59 129 40
59 130 29
59 131 44
59 133 11
59 135 26
59 141 29
59 144 83
59 145 11
59 146 72
60 64 61
60 67 10
60 68 81
60 69 20
60 73 79
60 75 29
60 80 80
60 81 44
60 85 87
60 88 87
60 90 46
60 92 95
60 95 50
60 97 5
60 98 75
60 101 30
60 103 30
60 105 64
60 106 32
60 111 61
60 114 76
60 119 76
60 120 97
60 121 42
60 124 29
60 125 10
60 126 84
60 128 7
60 129 77
60 140 13
60 142 90
60 144 13
60 146 75
60 148 43
60 149 7
61 65 65
61 66 92
61 68 47
61 70 55
61 71 36
61 72 19
61 73 67
61 75 58
61 78 47
61 80 57
61 83 37
61 88 11
61 89 66
61 90 2
61 91 50
61 93 5
61 94 61
61 96 70
61 97 37
61 101 92
61 107 26
61 109 68
61 110 82
61 115 22
61 116 37
61 117 30
61 122 94
61 124 44
61 127 84
61 133 42
61 140 39
61 142 44
61 143 13
61 144 37
61 146 14
61 147 63
61 148 95
62 64 90
62 65 8
62 66 39
62 67 81
62 68 14
62 79 64
62 80 83
62 81 96
62 83 48
62 90 88
62 91 99
62 92 53
62 96 93
62 100 68
62 101 32
62 109 77
62 111 50
62 113 18
62 116 70
62 118 85
62 120 22
62 121 29
62 123 66
62 128 11
62 132 20
62 134 14
62 138 6
62 139 2
62 142 21
62 148 75
63 65 56
63 67 59
63 68 57
63 69 66
63 72 97
63 73 50
63 75 19
63 77 73
63 79 33
63 80 50
63 81 23
63 84 18
63 87 32
63 90 66
63 92 7
63 96 87
63 99 99
63 101 50
63 103 40
63 105 72
63 115 64
63 116 59
63 120 71
63 121 82
63 123 12
63 134 99
63 136 84
64 65 97
64 66 74
64 67 66
64 70 5
64 71 97
64 72 56
64 73 28
64 77 14
64 78 2
64 79 90
64 80 66
64 82 80
64 83 82
64 84 70
64 89 81
64 92 78
64 95 42
64 98 37
64 99 25
64 102 82
64 103 60
64 104 65
64 106 26
64 108 16
64 110 93
64 112 74
64 114 66
64 115 27
64 117 31
64 118 69
64 120 11
64 125 9
64 127 51
64 130 78
64 134 25
64 137 68
64 144 23
64 145 7
64 147 92
64 149 42
64 150 58
65 66 72
65 68 16
65 70 19
65 71 28
65 73 89
65 76 1
65 78 55
65 82 55
65 86 100
65 87 27
65 90 26
65 91 98
65 97 6
65 99 58
65 101 10
65 107 5
65 109 13
65 111 89
65 112 91
65 115 67
65 120 15
65 121 7
65 125 83
65 127 43
65 128 72
65 132 93
65 133 77
65 137 46
65 139 84
65 142 47
65 143 68
65 144 78
65 146 91
65 150 64
66 74 34
66 76 51
66 78 10
66 80 31
66 82 67
66 83 68
66 86 48
66 89 87
66 92 98
66 93 26
66 100 4
66 101 32
66 102 68
66 103 83
66 108 47
66 111 38
66 113 87
66 116 95
66 118 19
66 120 27
66 122 37
66 129 90
66 137 85
66 139 62
66 143 1
66 147 18
67 77 8
67 78 37
67 79 11
67 81 54
67 83 82
67 86 21
67 87 78
67 88 27
67 89 74
67 92 41
67 95 48
67 99 5
67 100 13
67 101 59
67 102 52
67 103 84
67 106 94
67 110 10
67 111 87
67 112 38
67 117 71
67 119 41
67 120 55
67 121 7
67 122 99
67 123 40
67 126 81
67 127 51
67 128 83
67 135 88
67 140 9
67 144 41
67 146 60
67 149 62
68 72 75
68 73 8
68 75 8
68 76 60
68 78 60
68 80 32
68 81 54
68 82 7
68 84 38
68 89 72
68 92 74
68 96 42
68 100 86
68 102 87
68 104 20
68 109 50
68 111 73
68 115 68
68 121 5
68 125 69
68 126 74
68 127 56
68 130 21
68 132 99
68 133 24
68 136 56
68 139 53
68 140 9
68 149 34
69 70 31
69 73 91
69 75 96
69 80 41
69 81 14
69 84 6
69 86 40
69 93 5
69 95 52
69 96 50
69 99 27
69 101 49
69 103 62
69 104 91
69 106 17
69 109 47
69 113 11
69 115 39
69 116 33
69 119 89
69 122 72
69 126 6
69 129 77
69 130 31
69 131 72
69 132 65
69 136 26
69 138 26
69 139 39
69 141 9
69 143 48
69 146 52
70 71 38
70 73 3
70 75 54
70 76 83
70 79 44
70 82 64
70 85 5
70 86 73
70 87 10
70 88 13
70 89 66
70 92 88
70 94 25
70 96 77
70 100 79
70 105 30
70 106 9
70 110 52
70 113 9
70 115 24
70 116 52
70 118 10
70 119 51
70 120 2
70 121 40
70 122 52
70 126 60
70 128 3
70 131 69
70 133 5
70 134 75
70 135 55
70 138 17
70 139 13
70 140 31
70 142 79
70 143 44
70 144 34
70 146 84
70 147 43
70 148 37
70 150 57
71 73 75
71 79 3
71 81 91
71 82 45
71 85 56
71 88 44
71 89 86
71 90 11
71 93 77
71 96 76
71 102 5
71 104 45
71 105 61
71 106 51
71 107 88
71 108 2
71 111 94
71 112 1
71 117 15
71 118 88
71 119 31
71 125 47
71 126 72
71 132 54
71 134 91
71 139 83
71 140 91
71 143 66
72 73 30
72 75 49
72 78 41
72 79 95
72 80 87
72 82 54
72 85 66
72 87 92
72 91 12
72 92 85
72 95 54
72 100 31
72 103 57
72 110 8
72 111 86
72 112 12
72 113 62
72 119 66
72 121 15
72 123 1
72 124 79
72 129 88
72 133 59
72 134 27
72 135 11
72 137 69
72 141 41
72 142 11
72 145 65
72 150 91
73 74 68
73 75 39
73 78 64
73 79 93
73 82 6
73 83 50
73 84 35
73 88 55
73 93 36
73 95 52
73 97 58
73 99 74
73 100 91
73 102 22
73 103 52
73 105 95
73 106 1
73 108 7
73 109 49
73 111 56
73 115 22
73 116 98
73 117 12
73 118 41
73 122 26
73 126 42
73 128 2
73 130 50
73 133 48
73 139 76
73 143 71
73 148 91
73 149 52
74 76 79
74 77 58
74 78 51
74 81 59
74 82 66
74 85 83
74 86 62
74 87 28
74 88 69
74 90 6
74 91 80
74 92 72
74 94 98
74 100 4
74 101 5
74 102 12
74 106 100
74 110 66
74 111 28
74 112 20
74 115 4
74 117 24
74 120 88
74 127 92
74 128 49
74 129 25
74 135 28
74 137 41
74 144 90
74 145 26
74 146 56
74 147 94
74 149 37
75 77 14
75 78 87
75 79 53
75 83 77
75 84 76
75 85 22
75 88 56
75 90 9
75 91 98
75 92 76
75 93 42
75 96 19
75 100 57
75 102 51
75 104 19
75 106 67
75 110 42
75 114 99
75 116 96
75 117 59
75 122 40
75 124 88
75 130 55
75 134 62
75 135 80
75 138 65
75 140 79
75 143 26
75 145 41
75 148 99
75 149 1
75 150 92
76 77 57
76 78 13
76 79 57
76 81 38
76 83 4
76 84 60
76 88 48
76 92 97
76 95 85
76 98 50
76 100 16
76 108 38
76 110 44
76 116 74
76 117 54
76 120 32
76 121 2
76 126 76
76 128 1
76 129 27
76 131 70
76 132 8
76 136 26
76 137 5
76 138 53
76 139 90
76 141 10
76 146 98
77 80 62
77 83 5
77 84 26
77 85 58
77 87 88
77 88 27
77 93 65
77 94 15
77 95 33
77 96 92
77 99 88
77 100 56
77 101 92
77 114 65
77 115 100
77 117 12
77 120 12
77 122 39
77 123 16
77 124 10
77 126 15
77 128 45
77 129 53
77 139 71
77 140 95
77 143 42
77 144 26
77 147 92
77 149 69
78 79 18
78 82 44
78 84 84
78 85 19
78 86 80
78 88 70
78 89 98
78 92 26
78 97 36
78 107 54
78 108 84
78 112 65
78 115 26
78 116 100
78 118 4
78 119 60
78 121 8
78 122 12
78 124 81
78 126 55
78 127 65
78 131 80
78 134 84
78 136 55
78 138 53
78 140 12
78 142 10
78 143 53
78 144 29
79 81 29
79 86 31
79 87 22
79 90 99
79 96 1
79 98 88
79 99 60
79 102 11
79 103 86
79 104 90
79 105 45
79 110 2
79 113 81
79 115 90
79 116 52
79 119 23
79 120 91
79 122 97
79 123 82
79 126 76
79 128 6
79 130 17
79 132 74
79 140 3
79 142 18
79 143 35
79 144 7
79 145 87
79 147 9
79 149 39
79 150 92
80 84 67
80 88 86
80 90 14
80 91 98
80 93 13
80 94 95
80 95 56
80 96 40
80 102 63
80 103 41
80 105 24
80 109 12
80 110 87
80 115 71
80 116 38
80 120 53
80 121 3
80 124 6
80 126 7
80 127 90
80 129 31
80 130 33
80 132 86
80 134 16
80 135 66
80 136 11
80 139 64
80 141 28
80 142 16
80 147 98
81 83 11
81 84 67
81 86 97
81 87 38
81 97 19
81 98 26
81 101 62
81 103 100
81 105 91
81 106 74
81 107 41
81 108 56
81 115 96
81 117 92
81 120 23
81 126 5
81 129 47
81 131 93
81 133 43
81 135 25
81 137 66
81 141 37
81 142 52
81 145 88
81 147 26
82 83 55
82 84 30
82 87 69
82 88 89
82 89 60
82 90 87
82 93 21
82 94 68
82 96 58
82 99 100
82 103 27
82 105 84
82 106 21
82 108 85
82 109 32
82 114 8
82 120 7
82 121 9
82 122 16
82 125 39
82 127 22
82 128 95
82 129 31
82 132 41
82 133 89
82 134 59
82 139 5
82 147 51
82 149 84
82 150 90
83 85 58
83 87 82
83 88 64
83 89 82
83 90 96
83 92 89
83 93 6
83 94 24
83 95 51
83 100 49
83 102 26
83 104 10
83 106 38
83 110 6
83 112 13
83 114 92
83 116 62
83 118 34
83 119 59
83 120 91
83 123 89
83 124 74
83 125 13
83 127 64
83 128 8
83 129 95
83 131 86
83 132 16
83 134 65
83 135 58
83 136 17
83 138 12
83 139 89
83 142 24
83 143 8
83 144 90
83 145 81
83 147 78
83 148 70
84 87 38
84 88 40
84 91 92
84 92 18
84 93 97
84 94 31
84 95 39
84 99 41
84 101 28
84 103 43
84 108 91
84 113 99
84 114 50
84 115 6
84 117 44
84 118 15
84 119 46
84 120 55
84 125 16
84 126 72
84 129 63
84 130 14
84 133 68
84 136 32
84 139 65
84 147 3
84 148 38
84 149 40
84 150 76
85 88 24
85 89 19
85 90 24
85 92 83
85 93 42
85 95 79
85 99 84
85 100 19
85 101 52
85 105 100
85 106 34
85 107 80
85 110 5
85 111 22
85 112 20
85 113 49
85 119 49
85 121 49
85 124 70
85 125 17
85 126 2
85 128 95
85 131 66
85 135 3
85 138 97
85 141 48
85 145 52
85 146 15
85 150 69
86 89 63
86 90 12
86 91 13
86 93 40
86 94 87
86 100 48
86 101 80
86 103 38
86 108 34
86 109 9
86 110 67
86 112 80
86 113 23
86 114 79
86 118 80
86 120 5
86 124 40
86 125 65
86 126 38
86 127 37
86 129 5
86 131 34
86 133 93
86 134 97
86 137 34
86 138 9
86 141 74
86 144 77
86 145 12
86 147 17
87 88 22
87 89 33
87 92 24
87 96 65
87 98 12
87 99 5
87 101 28
87 105 12
87 109 5
87 110 60
87 111 51
87 113 91
87 114 72
87 116 94
87 119 4
87 123 96
87 124 26
87 125 7
87 131 29
87 132 65
87 133 47
87 135 75
87 136 98
87 139 64
87 144 99
87 145 21
87 149 18
87 150 56
88 89 69
88 93 55
88 96 77
88 98 61
88 100 52
88 101 37
88 102 98
88 105 55
88 106 76
88 110 49
88 111 28
88 115 63
88 116 42
88 118 67
88 128 85
88 129 13
88 130 75
88 131 100
88 133 30
88 134 25
88 137 91
88 139 39
88 140 49
88 143 59
88 144 85
88 146 51
88 147 59
88 149 19
89 92 17
89 93 1
89 94 10
89 95 11
89 96 60
89 97 86
89 99 51
89 104 77
89 105 60
89 106 73
89 107 35
89 108 14
89 109 6
89 110 51
89 111 14
89 114 44
89 116 11
89 118 91
89 121 40
89 122 91
89 123 39
89 125 29
89 126 3
89 127 89
89 129 9
89 130 96
89 133 40
89 134 99
89 138 21
89 141 60
89 143 27
89 147 31
89 149 99
89 150 68
90 91 28
90 95 95
90 96 29
90 103 88
90 106 33
90 107 28
90 111 95
90 112 78
90 117 79
90 120 19
90 122 97
90 123 1
90 128 75
90 129 14
90 130 58
90 134 7
90 136 92
90 137 74
90 141 29
90 142 71
90 145 83
90 146 93
90 147 73
90 149 58
91 92 10
91 94 72
91 96 79
91 97 57
91 99 58
91 104 66
91 106 2
91 107 22
91 109 94
91 112 37
91 116 12
91 118 17
91 122 64
91 124 7
91 127 80
91 128 19
91 129 77
91 130 9
91 131 14
91 132 96
91 133 19
91 134 58
91 135 71
91 136 16
91 139 89
91 140 94
91 142 6
91 145 96
92 95 72
92 97 40
92 99 51
92 101 15
92 102 76
92 105 32
92 108 17
92 116 73
92 117 62
92 120 76
92 122 38
92 123 21
92 126 3
92 127 27
92 136 87
92 138 96
92 139 19
92 144 67
92 146 26
93 96 99
93 97 21
93 99 12
93 100 53
93 103 63
93 104 49
93 105 35
93 108 18
93 112 83
93 113 38
93 114 60
93 115 63
93 116 75
93 121 24
93 124 50
93 128 52
93 130 65
93 135 54
93 136 68
93 139 44
93 141 11
93 142 22
93 143 99
93 144 7
93 145 19
93 148 99
93 149 31
94 96 5
94 97 5
94 99 13
94 102 29
94 104 87
94 105 37
94 107 85
94 108 68
94 111 51
94 113 71
94 114 52
94 119 16
94 121 26
94 123 31
94 125 29
94 132 100
94 135 8
94 147 29
95 96 92
95 98 29
95 100 67
95 103 59
95 109 51
95 110 94
95 111 64
95 114 11
95 117 31
95 118 44
95 121 41
95 122 51
95 123 79
95 126 14
95 127 29
95 128 38
95 130 43
95 132 52
95 137 93
95 138 17
95 143 78
95 146 42
95 147 60
95 149 84
96 99 75
96 102 10
96 114 4
96 115 17
96 117 36
96 121 4
96 122 76
96 126 62
96 127 98
96 132 64
96 134 33
96 135 73
96 136 54
96 139 52
96 144 13
97 98 55
97 99 1
97 103 36
97 105 22
97 108 30
97 110 11
97 112 40
97 114 54
97 115 45
97 116 75
97 117 72
97 119 27
97 120 3
97 122 26
97 126 14
97 129 50
97 130 49
97 131 17
97 132 98
97 133 100
97 134 99
97 136 77
97 138 93
97 140 39
97 141 87
97 143 24
97 145 71
97 146 19
97 150 57
98 99 7
98 103 63
98 104 35
98 105 84
98 107 42
98 113 20
98 116 25
98 121 5
98 122 72
98 123 45
98 126 43
98 129 40
98 132 75
98 133 34
98 134 19
98 136 37
98 138 59
98 139 76
98 140 3
98 141 68
98 145 87
98 147 79
98 150 93
99 100 18
99 101 1
99 103 63
99 105 30
99 106 61
99 108 70
99 111 24
99 112 77
99 113 50
99 114 53
99 115 36
99 117 31
99 118 29
99 120 33
99 121 85
99 122 34
99 123 29
99 126 4
99 127 9
99 128 88
99 131 66
99 135 75
99 136 40
99 140 55
99 141 73
99 144 67
99 149 18
100 101 3
100 102 73
100 103 2
100 104 87
100 106 67
100 108 7
100 110 39
100 111 39
100 116 85
100 118 78
100 123 10
100 124 48
100 127 56
100 128 26
100 130 22
100 131 87
100 136 95
100 139 33
100 142 8
100 143 22
100 147 16
100 148 52
101 103 26
101 104 28
101 105 65
101 106 54
101 111 37
101 119 54
101 127 51
101 130 58
101 132 70
101 136 68
101 143 65
101 145 12
101 146 75
101 149 8
102 104 84
102 105 18
102 109 69
102 110 72
102 111 56
102 116 2
102 117 5
102 119 47
102 123 57
102 124 64
102 126 46
102 129 55
102 132 44
102 140 85
102 143 78
103 104 82
103 105 55
103 107 26
103 108 75
103 113 75
103 115 48
103 118 17
103 120 73
103 125 6
103 127 39
103 130 43
103 132 76
103 134 31
103 135 77
103 136 68
103 137 37
103 139 42
103 143 16
103 149 87
104 106 39
104 108 69
104 113 89
104 116 92
104 119 23
104 120 86
104 129 88
104 131 25
104 132 68
104 133 50
104 134 45
104 139 55
104 142 80
104 144 59
105 107 27
105 111 47
105 114 4
105 120 55
105 123 25
105 126 83
105 128 82
105 132 4
105 133 7
105 135 32
105 138 58
105 139 32
105 140 86
105 143 14
105 144 42
105 145 44
105 150 100
106 107 61
106 108 19
106 109 64
106 110 60
106 111 40
106 112 72
106 113 76
106 114 49
106 117 82
106 118 70
106 119 50
106 120 95
106 121 96
106 122 75
106 125 32
106 129 10
106 131 11
106 132 56
106 133 10
106 138 21
106 141 57
106 143 11
106 144 48
106 149 97
107 109 77
107 110 39
107 111 8
107 112 7
107 116 22
107 124 92
107 125 58
107 126 35
107 129 43
107 131 2
107 133 43
107 136 66
107 137 32
107 139 49
107 144 58
107 148 45
108 109 85
108 111 28
108 112 70
108 114 43
108 117 51
108 118 64
108 119 100
108 122 55
108 123 41
108 130 35
108 131 82
108 133 59
108 139 17
108 142 62
108 147 27
108 149 98
108 150 73
109 110 56
109 111 20
109 113 94
109 114 56
109 118 29
109 119 93
109 122 6
109 125 97
109 128 22
109 131 94
109 132 13
109 136 80
109 139 72
109 140 4
109 148 2
109 149 88
109 150 82
110 115 38
110 116 2
110 117 27
110 118 40
110 119 39
110 120 18
110 121 86
110 122 19
110 127 76
110 129 53
110 131 32
110 132 28
110 133 100
110 135 58
110 141 7
110 143 93
110 145 34
110 147 52
110 148 94
110 149 52
111 115 6
111 121 90
111 122 51
111 125 64
111 126 43
111 127 44
111 130 89
111 131 66
111 133 63
111 136 30
111 137 66
111 140 34
111 142 6
111 144 99
111 146 58
111 149 86
112 115 32
112 117 16
112 120 25
112 122 30
112 124 97
112 125 93
112 126 21
112 129 50
112 130 5
112 134 43
112 135 43
112 140 26
112 144 58
112 146 5
113 115 95
113 116 22
113 125 67
113 129 95
113 134 99
113 136 58
113 140 88
113 142 24
113 145 67
113 148 47
113 149 42
113 150 60
114 117 7
114 121 20
114 124 29
114 127 65
114 128 89
114 129 13
114 132 7
114 134 18
114 139 4
114 140 88
114 144 81
114 145 66
114 146 76
115 117 8
115 118 29
115 121 95
115 125 29
115 128 47
115 130 7
115 132 77
115 133 95
115 136 2
115 138 99
115 141 50
115 146 38
115 148 51
116 121 95
116 123 68
116 128 17
116 131 71
116 132 19
116 133 43
116 139 57
116 141 58
116 143 99
116 147 37
116 149 34
117 118 89
117 122 63
117 125 77
117 126 72
117 130 100
117 131 42
117 136 49
117 137 31
117 139 90
117 142 96
117 143 1
117 146 80
117 148 86
118 121 16
118 124 23
118 129 20
118 132 52
118 134 25
118 136 33
118 137 26
118 138 79
118 141 85
118 143 17
118 144 12
118 145 76
119 121 80
119 122 71
119 124 14
119 126 23
119 127 19
119 128 5
119 129 26
119 132 42
119 136 64
119 137 85
119 140 11
119 146 81
120 124 56
120 126 4
120 129 68
120 134 42
120 136 24
120 137 47
120 142 22
120 143 11
120 145 83
120 146 46
120 147 11
120 148 32
120 149 2
121 122 53
121 123 43
121 128 55
121 129 88
121 135 52
121 138 47
121 139 1
121 146 79
121 148 23
121 149 7
122 123 22
122 127 27
122 141 85
122 143 31
122 144 93
122 146 34
122 148 92
123 125 26
123 128 64
123 130 73
123 131 17
123 135 26
123 136 94
123 137 31
123 140 73
123 147 75
123 148 95
123 149 5
123 150 67
124 125 95
124 128 33
124 129 24
124 132 29
124 135 74
124 136 5
124 140 86
124 141 21
124 142 92
125 126 32
125 132 46
125 133 67
125 137 99
125 146 6
125 147 88
125 149 52
126 128 93
126 129 78
126 131 78
126 132 28
126 133 68
126 135 6
126 138 9
126 140 20
126 144 2
126 146 34
127 129 30
127 133 31
127 135 35
127 139 88
127 142 45
127 144 81
127 146 96
127 148 31
127 149 58
127 150 11
128 136 17
128 138 71
128 139 64
128 141 60
128 142 53
128 144 83
128 148 70
128 149 63
128 150 29
129 130 87
129 132 35
129 133 59
129 134 49
129 135 31
129 136 90
129 138 66
129 142 8
129 144 93
129 146 71
130 131 50
130 133 36
130 134 80
130 135 81
130 136 59
130 137 38
130 141 70
130 148 10
130 150 29
131 134 11
131 136 71
131 138 7
131 139 34
131 143 71
131 147 28
132 135 83
132 139 31
132 142 18
132 145 1
132 149 70
132 150 34
133 138 10
133 140 68
133 141 95
133 144 69
134 135 11
134 139 29
134 141 10
134 142 97
134 143 5
134 147 6
135 137 74
135 138 5
135 140 45
135 141 15
135 145 22
135 146 84
135 148 50
136 138 76
136 139 32
136 141 94
136 143 28
136 150 51
137 140 46
137 144 57
137 148 44
137 149 42
138 139 63
138 141 1
138 143 82
138 144 31
138 145 62
139 147 58
140 142 42
140 149 19
141 143 75
141 144 61
141 145 42
141 148 24
141 149 6
142 143 2
142 150 65
143 149 91
144 146 41
144 148 22
144 150 20
145 147 29
145 148 10
145 150 24
146 147 89
146 150 7
147 150 50
148 150 10
1 2 76
1 5 100
1 7 44
1 8 13
1 10 27
1 12 23
1 13 29
1 14 40
1 15 39
1 21 10
1 25 54
1 26 83
1 27 59
1 28 19
1 32 80
1 35 48
1 37 80
1 39 63
1 40 12
1 42 86
1 43 94
1 45 86
1 47 52
1 50 19
1 54 79
1 55 2
1 57 21
1 59 18
1 62 60
1 68 39
1 69 53
1 71 41
1 73 63
1 78 69
1 79 34
1 81 29
1 89 35
1 90 10
1 91 83
1 98 76
1 104 79
1 108 22
1 109 80
1 111 20
1 118 17
1 120 80
1 121 57
1 123 59
1 125 37
1 126 40
1 127 70
1 128 93
1 129 25
1 137 48
1 138 2
1 139 76
1 145 93
1 149 21
2 4 14
2 7 12
2 8 65
2 11 42
2 13 61
2 15 46
2 18 52
2 19 24
2 20 56
2 28 77
2 29 70
2 30 73
2 34 93
2 35 2
2 39 16
2 43 36
2 44 71
2 48 84
2 50 4
2 52 32
2 54 52
2 55 46
2 56 25
2 59 37
2 63 46
2 65 90
2 66 84
2 69 93
2 70 85
2 72 31
2 76 75
2 77 24
2 78 76
2 82 52
2 83 57
2 84 10
2 85 13
2 89 81
2 90 61
2 91 7
2 92 36
2 95 23
2 99 46
2 100 94
2 102 43
2 105 80
2 106 8
2 108 68
2 109 19
2 111 43
2 113 14
2 114 47
2 117 99
2 118 92
2 126 71
2 129 8
2 136 12
2 137 73
2 138 18
2 140 12
2 142 48
2 143 97
2 144 65
2 145 2
2 149 23
2 150 22
3 7 10
3 9 92
3 10 70
3 16 55
3 19 73
3 21 2
3 29 39
3 32 87
3 34 47
3 35 79
3 37 71
3 39 91
3 41 68
3 42 55
3 43 49
3 44 60
3 45 9
3 46 29
3 47 58
3 48 85
3 49 51
3 50 93
3 51 12
3 53 52
3 55 27
3 57 48
3 58 54
3 59 1
3 60 16
3 65 50
3 68 28
3 70 40
3 89 33
3 95 53
3 96 82
3 97 22
3 101 60
3 103 83
3 105 8
3 106 54
3 107 25
3 110 64
3 118 83
3 121 89
3 122 55
3 125 3
3 128 93
3 129 28
3 131 64
3 140 48
3 141 44
3 145 62
3 150 72
4 7 86
4 8 4
4 9 10
4 10 79
4 11 100
4 13 25
4 14 29
4 20 82
4 22 51
4 25 54
4 26 31
4 28 34
4 31 10
4 33 26
4 38 67
4 40 70
4 41 41
4 42 99
4 49 83
4 50 52
4 51 76
4 54 66
4 55 57
4 56 36
4 57 1
4 58 60
4 59 98
4 61 93
4 62 16
4 65 25
4 67 25
4 68 49
4 75 42
4 76 55
4 77 75
4 79 99
4 82 64
4 85 15
4 86 6
4 88 6
4 89 16
4 95 36
4 98 12
4 100 19
4 101 85
4 102 97
4 103 43
4 104 31
4 107 33
4 108 84
4 109 31
4 110 42
4 115 65
4 116 12
4 120 88
4 124 15
4 126 21
4 135 7
4 136 60
4 137 88
4 138 89
4 142 96
4 143 88
4 145 43
4 147 90
4 149 11
4 150 20
5 6 41
5 7 22
5 11 73
5 12 75
5 13 95
5 16 71
5 17 91
5 18 20
5 21 85
5 22 52
5 29 33
5 31 35
5 32 71
5 35 8
5 37 46
5 44 95
5 46 58
5 49 50
5 51 2
5 52 57
5 54 37
5 58 91
5 59 49
5 62 47
5 64 90
5 65 51
5 66 59
5 67 51
5 70 62
5 72 66
5 75 47
5 76 79
5 80 2
5 81 9
5 83 89
5 85 72
5 87 29
5 91 17
5 94 16
5 99 92
5 103 6
5 106 33
5 111 22
5 113 92
5 114 5
5 115 20
5 116 23
5 117 68
5 120 64
5 123 9
5 124 17
5 125 55
5 129 1
5 130 23
5 131 25
5 133 40
5 134 74
5 139 43
5 142 63
5 143 23
5 144 6
5 148 88
6 8 59
6 9 19
6 11 88
6 13 76
6 15 69
6 16 99
6 23 37
6 29 73
6 30 85
6 32 14
6 33 87
6 34 48
6 38 93
6 40 39
6 41 15
6 42 11
6 43 84
6 46 39
6 47 34
6 51 45
6 54 6
6 56 9
6 58 98
6 59 75
6 60 10
6 64 41
6 70 78
6 76 96
6 82 67
6 83 51
6 86 40
6 92 87
6 95 72
6 96 35
6 100 50
6 101 59
6 103 57
6 105 4
6 108 9
6 109 44
6 110 50
6 113 38
6 115 69
6 118 24
6 119 88
6 120 31
6 121 7
6 122 83
6 123 94
6 124 73
6 127 48
6 128 88
6 131 8
6 132 79
6 133 68
6 137 47
6 138 21
6 140 73
6 142 22
6 144 81
6 147 87
6 149 58
6 150 30
7 15 71
7 17 40
7 18 11
7 19 42
7 20 67
7 27 95
7 28 5
7 29 84
7 32 59
7 34 6
7 36 95
7 38 25
7 39 63
7 40 81
7 43 17
7 44 92
7 45 39
7 47 26
7 56 81
7 58 30
7 59 5
7 61 3
7 64 30
7 65 8
7 70 57
7 73 40
7 75 11
7 78 45
7 79 97
7 82 73
7 83 78
7 84 77
7 85 40
7 86 78
7 95 25
7 98 72
7 102 86
7 104 73
7 106 87
7 110 9
7 113 54
7 117 83
7 119 73
7 124 92
7 126 79
7 128 68
7 129 76
7 130 32
7 133 43
7 135 18
7 138 94
7 139 91
7 140 85
7 150 43
8 14 71
8 17 33
8 19 90
8 24 98
8 25 19
8 27 48
8 29 34
8 32 71
8 35 69
8 36 59
8 38 17
8 39 50
8 40 3
8 43 99
8 50 20
8 52 84
8 53 52
8 55 34
8 60 27
8 61 27
8 62 50
8 69 87
8 73 47
8 74 19
8 75 4
8 80 24
8 81 79
8 82 19
8 84 8
8 87 69
8 89 24
8 90 19
8 93 34
8 96 94
8 98 26
8 99 31
8 100 84
8 102 92
8 107 46
8 109 46
8 111 27
8 116 18
8 121 100
8 123 72
8 126 92
8 128 53
8 130 10
8 131 79
8 138 40
8 143 51
8 146 97
8 147 25
9 10 10
9 13 83
9 18 47
9 21 41
9 22 15
9 24 32
9 27 67
9 28 24
9 29 18
9 30 47
9 35 35
9 38 62
9 41 22
9 44 65
9 46 93
9 47 38
9 49 40
9 52 67
9 53 95
9 55 76
9 59 36
9 61 65
9 62 33
9 65 67
9 70 80
9 72 21
9 76 91
9 77 47
9 79 74
9 83 69
9 85 7
9 90 50
9 93 21
9 94 82
9 96 51
9 97 98
9 98 13
9 101 88
9 102 4
9 105 34
9 110 79
9 114 40
9 118 16
9 120 30
9 121 79
9 129 24
9 131 52
9 135 12
9 136 91
9 138 56
9 139 62
9 140 48
9 141 1
9 146 62
9 147 79
9 149 32
10 12 22
10 13 3
10 16 14
10 24 96
10 29 2
10 30 84
10 33 41
10 36 56
10 38 94
10 39 60
10 43 45
10 44 96
10 45 96
10 46 11
10 47 57
10 48 50
10 52 10
10 53 35
10 54 53
10 55 29
10 56 63
10 57 83
10 59 68
10 60 16
10 61 34
10 63 30
10 64 3
10 65 57
10 68 74
10 70 59
10 73 12
10 75 84
10 78 31
10 79 72
10 81 58
10 84 39
10 92 32
10 94 31
10 97 26
10 98 46
10 105 94
10 106 38
10 109 99
10 116 22
10 119 51
10 120 27
10 121 37
10 127 76
10 134 100
10 136 11
10 141 16
10 146 82
10 147 78
10 148 72
11 13 81
11 14 15
11 15 13
11 19 23
11 20 21
11 21 28
11 23 50
11 25 4
11 28 74
11 29 73
11 34 100
11 36 31
11 38 7
11 39 79
11 42 22
11 44 79
11 46 63
11 47 54
11 49 33
11 50 12
11 51 56
11 54 10
11 56 59
11 67 80
11 68 30
11 75 62
11 77 26
11 78 100
11 79 87
11 80 63
11 82 18
11 89 48
11 91 87
11 95 10
11 96 11
11 97 17
11 99 47
11 100 71
11 105 27
11 106 79
11 109 11
11 114 91
11 116 87
11 117 96
11 118 7
11 119 61
11 120 31
11 122 69
11 124 1
11 126 80
11 129 17
11 130 23
11 131 27
11 134 76
11 140 79
11 141 71
11 146 35
11 147 88
11 150 98
12 13 84
12 16 88
12 23 49
12 24 68
12 27 57
12 28 85
12 29 56
12 33 4
12 36 32
12 39 63
12 41 86
12 43 86
12 46 35
12 47 62
12 49 93
12 53 60
12 55 99
12 56 92
12 61 1
12 62 17
12 73 96
12 75 10
12 77 47
12 80 96
12 81 75
12 82 66
12 83 75
12 84 63
12 88 93
12 90 29
12 91 71
12 93 21
12 95 43
12 97 8
12 98 55
12 99 6
12 100 49
12 102 15
12 104 68
12 105 83
12 108 71
12 109 32
12 114 92
12 116 2
12 118 16
12 120 24
12 121 65
12 122 7
12 125 99
12 126 59
12 128 73
12 135 94
12 138 62
12 140 12
12 141 2
12 144 38
12 148 78
12 149 87
12 150 58
13 15 83
13 20 41
13 21 27
13 22 34
13 23 39
13 24 42
13 27 43
13 29 49
13 32 52
13 33 43
13 34 10
13 40 94
13 41 12
13 42 6
13 43 19
13 44 89
13 45 29
13 46 77
13 50 17
13 52 5
13 53 18
13 59 47
13 61 36
13 66 37
13 67 84
13 68 97
13 69 66
13 70 60
13 72 7
13 73 99
13 77 83
13 79 16
13 80 90
13 81 88
13 83 27
13 87 61
13 88 100
13 89 38
13 90 64
13 92 23
13 99 1
13 100 36
13 103 13
13 104 30
13 106 29
13 107 62
13 108 63
13 109 79
13 112 7
13 113 68
13 115 13
13 117 100
13 119 59
13 120 73
13 122 98
13 123 88
13 131 32
13 132 68
13 135 17
13 140 33
13 142 86
13 145 7
13 149 11
14 16 88
14 18 79
14 21 59
14 23 70
14 24 14
14 25 6
14 26 67
14 27 84
14 34 31
14 36 36
14 37 14
14 41 23
14 43 17
14 46 78
14 47 44
14 49 33
14 51 31
14 56 14
14 60 82
14 61 2
14 62 54
14 64 75
14 65 42
14 66 13
14 67 48
14 72 26
14 77 73
14 82 62
14 83 56
14 84 97
14 86 27
14 90 86
14 92 5
14 93 83
14 95 6
14 96 85
14 98 11
14 106 63
14 107 62
14 108 2
14 110 53
14 111 89
14 112 48
14 113 88
14 115 89
14 116 14
14 122 43
14 123 3
14 130 40
14 133 83
14 135 83
14 137 14
14 138 19
14 139 86
14 140 36
14 143 58
14 144 98
14 145 84
14 146 45
14 149 83
14 150 91
15 16 49
15 21 5
15 22 87
15 25 88
15 28 79
15 33 100
15 34 17
15 35 99
15 36 18
15 38 85
15 39 22
15 40 45
15 45 68
15 48 44
15 49 49
15 57 92
15 58 65
15 61 23
15 70 47
15 72 33
15 73 35
15 75 97
15 78 69
15 83 27
15 86 92
15 87 36
15 91 29
15 93 33
15 94 100
15 95 4
15 97 58
15 98 98
15 105 77
15 106 86
15 107 39
15 108 61
15 109 26
15 110 97
15 112 37
15 117 62
15 118 98
15 119 99
15 121 73
15 126 92
15 130 52
15 131 97
15 132 31
15 133 1
15 135 97
15 137 87
15 138 13
15 139 99
15 140 95
15 145 46
15 147 45
16 18 16
16 25 39
16 29 100
16 33 17
16 35 49
16 38 43
16 43 97
16 45 49
16 51 21
16 54 83
16 62 26
16 64 69
16 66 23
16 69 65
16 72 65
16 75 75
16 80 4
16 87 46
16 88 22
16 90 43
16 91 12
16 94 52
16 96 89
16 98 36
16 99 52
16 100 1
16 104 19
16 105 55
16 106 38
16 109 64
16 110 43
16 111 99
16 112 89
16 117 84
16 125 28
16 127 49
16 128 32
16 130 30
16 132 66
16 135 71
16 137 64
16 138 49
16 139 99
16 143 64
16 144 20
16 146 55
16 149 33
16 150 84
17 18 14
17 22 92
17 25 13
17 26 50
17 30 54
17 33 80
17 34 93
17 37 88
17 40 56
17 42 16
17 44 96
17 46 75
17 49 5
17 51 59
17 55 67
17 56 84
17 57 85
17 59 38
17 62 86
17 63 49
17 64 15
17 65 84
17 66 24
17 67 65
17 68 63
17 70 94
17 75 35
17 81 24
17 82 60
17 84 10
17 85 84
17 88 96
17 89 61
17 90 35
17 91 18
17 95 18
17 100 2
17 104 87
17 106 63
17 107 36
17 110 48
17 113 49
17 116 12
17 118 58
17 125 74
17 127 11
17 130 70
17 131 3
17 137 88
17 138 82
17 147 86
17 148 58
18 19 97
18 20 58
18 25 60
18 29 95
18 36 48
18 45 10
18 50 5
18 51 14
18 52 8
18 57 99
18 58 23
18 63 28
18 67 96
18 69 97
18 70 20
18 71 70
18 77 6
18 79 55
18 82 69
18 83 54
18 86 63
18 93 29
18 94 74
18 99 50
18 100 31
18 102 95
18 103 21
18 104 65
18 105 44
18 106 75
18 108 80
18 109 44
18 111 25
18 112 32
18 115 67
18 116 57
18 118 71
18 120 65
18 128 79
18 131 51
18 133 24
18 135 14
18 136 25
18 138 53
18 139 79
18 140 11
18 141 93
18 143 73
18 145 95
18 146 29
18 150 68
19 22 90
19 25 8
19 28 19
19 30 95
19 35 85
19 42 90
19 43 43
19 45 11
19 47 66
19 50 81
19 52 55
19 53 71
19 56 30
19 57 53
19 64 86
19 65 44
19 68 21
19 71 64
19 76 51
19 82 56
19 83 46
19 87 68
19 88 92
19 90 76
19 91 69
19 93 13
19 95 13
19 97 32
19 98 76
19 99 43
19 102 71
19 103 8
19 107 32
19 111 60
19 113 45
19 114 98
19 115 78
19 118 97
19 121 45
19 122 21
19 126 9
19 132 7
19 133 67
19 138 31
19 140 88
19 141 45
19 144 32
19 150 67
20 22 28
20 23 47
20 24 87
20 25 12
20 26 100
20 30 57
20 31 55
20 32 75
20 36 71
20 40 49
20 45 10
20 46 71
20 52 52
20 53 77
20 60 93
20 68 81
20 69 92
20 72 50
20 74 41
20 76 5
20 79 71
20 80 78
20 82 73
20 83 37
20 85 10
20 89 22
20 98 26
20 104 95
20 108 35
20 111 47
20 113 80
20 115 46
20 117 26
20 118 30
20 121 76
20 125 58
20 128 72
20 130 21
20 131 74
20 136 3
20 137 62
21 24 4
21 30 94
21 33 1
21 34 40
21 37 43
21 45 21
21 54 6
21 56 95
21 60 77
21 65 61
21 66 48
21 68 69
21 69 50
21 72 54
21 75 39
21 76 1
21 78 89
21 79 68
21 80 42
21 81 42
21 82 83
21 83 77
21 84 73
21 85 50
21 86 10
21 94 81
21 95 8
21 96 97
21 99 33
21 100 8
21 102 45
21 103 83
21 104 31
21 109 48
21 111 88
21 113 48
21 115 53
21 122 51
21 127 78
21 128 63
21 130 25
21 131 100
21 132 66
21 137 15
21 139 4
21 141 31
21 143 98
21 147 34
21 148 93
21 149 95
21 150 89
22 23 17
22 24 39
22 25 67
22 26 84
22 29 75
22 30 51
22 31 18
22 33 73
22 36 9
22 37 12
22 38 68
22 39 16
22 40 95
22 44 45
22 47 42
22 52 84
22 53 12
22 63 49
22 65 45
22 67 76
22 72 43
22 79 47
22 80 51
22 82 6
22 83 12
22 84 13
22 86 78
22 90 12
22 91 76
22 92 67
22 97 85
22 100 21
22 101 35
22 103 51
22 107 66
22 109 96
22 111 30
22 112 82
22 114 5
22 116 32
22 118 64
22 119 65
22 123 43
22 127 27
22 132 25
22 133 30
22 135 86
22 139 1
22 140 13
22 148 5
22 149 6
23 24 77
23 27 97
23 29 63
23 30 61
23 31 29
23 41 57
23 44 21
23 45 12
23 46 37
23 47 37
23 49 2
23 52 83
23 64 40
23 68 69
23 70 35
23 71 79
23 72 68
23 73 37
23 74 18
23 75 33
23 76 24
23 77 94
23 79 20
23 81 59
23 83 42
23 86 71
23 87 16
23 88 53
23 91 14
23 92 55
23 93 80
23 94 51
23 95 27
23 96 66
23 98 50
23 101 34
23 107 65
23 111 58
23 113 89
23 115 59
23 116 79
23 118 62
23 122 92
23 124 3
23 125 29
23 127 74
23 128 10
23 130 75
23 134 73
23 135 87
23 137 31
23 140 22
23 141 37
23 145 44
24 27 27
24 33 64
24 36 70
24 37 78
24 40 69
24 43 82
24 45 39
24 47 47
24 48 11
24 50 36
24 53 28
24 54 2
24 55 1
24 58 46
24 61 2
24 64 100
24 65 76
24 67 99
24 69 18
24 70 29
24 73 63
24 74 11
24 76 25
24 79 43
24 83 25
24 87 32
24 88 77
24 89 88
24 95 89
24 96 91
24 97 88
24 101 81
24 102 77
24 103 47
24 104 33
24 106 44
24 110 85
24 111 47
24 116 43
24 117 44
24 120 3
24 122 97
24 125 48
24 126 61
24 128 54
24 132 22
24 134 1
24 140 42
24 145 31
24 146 17
24 149 18
25 26 12
25 27 49
25 28 48
25 29 47
25 42 41
25 44 60
25 50 85
25 55 78
25 58 63
25 60 18
25 62 19
25 67 84
25 68 57
25 73 43
25 75 24
25 76 55
25 79 85
25 81 88
25 84 30
25 86 71
25 87 72
25 89 37
25 90 2
25 92 18
25 93 4
25 94 56
25 98 45
25 100 100
25 106 6
25 110 46
25 116 92
25 117 61
25 118 90
25 125 83
25 126 10
25 128 92
25 129 60
25 130 74
25 132 96
25 136 49
25 138 35
25 141 82
25 143 53
25 145 5
25 148 34
26 30 33
26 32 29
26 33 38
26 36 31
26 40 3
26 43 94
26 44 61
26 51 97
26 55 80
26 61 58
26 62 12
26 63 88
26 66 56
26 67 80
26 68 51
26 75 5
26 81 72
26 82 24
26 83 84
26 88 48
26 89 32
26 90 76
26 91 80
26 92 37
26 95 25
26 96 68
26 99 76
26 103 77
26 105 9
26 107 38
26 112 33
26 115 11
26 116 100
26 119 71
26 122 3
26 123 99
26 124 61
26 128 10
26 131 61
26 132 22
26 133 38
26 134 27
26 139 7
26 145 32
27 30 71
27 31 88
27 34 53
27 35 22
27 37 5
27 42 25
27 43 68
27 44 58
27 47 86
27 48 4
27 50 15
27 53 1
27 56 19
27 57 26
27 59 26
27 64 51
27 69 18
27 70 17
27 72 24
27 75 81
27 76 47
27 78 9
27 79 6
27 80 8
27 81 47
27 88 55
27 91 99
27 92 41
27 96 86
27 97 71
27 98 28
27 104 83
27 105 61
27 107 51
27 109 25
27 114 66
27 116 91
27 118 12
27 119 26
27 126 28
27 127 53
27 128 100
27 133 77
27 136 85
27 138 62
27 142 94
27 144 5
27 147 74
27 148 56
27 149 18
28 29 99
28 30 50
28 31 20
28 33 47
28 34 39
28 40 99
28 41 61
28 45 60
28 46 65
28 49 25
28 52 56
28 57 41
28 58 97
28 60 63
28 61 93
28 65 8
28 66 13
28 70 42
28 71 43
28 73 84
28 75 73
28 76 65
28 77 25
28 79 35
28 81 33
28 85 55
28 87 90
28 88 33
28 89 64
28 93 83
28 94 69
28 95 50
28 99 42
28 102 92
28 103 51
28 107 100
28 108 58
28 110 36
28 111 6
28 112 10
28 114 19
28 117 73
28 118 75
28 119 25
28 121 51
28 123 57
28 126 41
28 135 26
28 136 26
28 137 71
28 139 34
28 140 69
28 141 43
28 142 17
28 143 8
28 144 32
28 148 63
29 31 83
29 33 77
29 39 59
29 42 71
29 45 99
29 47 42
29 49 86
29 58 43
29 59 57
29 62 14
29 63 86
29 66 94
29 67 32
29 70 82
29 72 49
29 73 7
29 74 14
29 78 71
29 79 94
29 80 73
29 81 57
29 85 32
29 86 24
29 87 6
29 90 72
29 95 55
29 98 2
29 99 70
29 101 83
29 105 8
29 107 97
29 109 66
29 111 79
29 112 71
29 113 67
29 120 31
29 121 30
29 124 49
29 125 2
29 127 93
29 128 89
29 130 59
29 131 82
29 132 69
29 139 75
29 142 17
29 146 85
29 150 54
30 34 56
30 35 66
30 40 83
30 45 75
30 48 37
30 51 1
30 53 97
30 54 8
30 57 24
30 59 71
30 61 6
30 64 64
30 74 31
30 75 93
30 81 91
30 82 63
30 84 31
30 87 48
30 88 40
30 91 61
30 95 22
30 97 91
30 98 48
30 99 75
30 100 75
30 101 88
30 102 62
30 103 95
30 104 49
30 105 58
30 106 34
30 107 34
30 108 24
30 115 12
30 120 86
30 121 34
30 124 20
30 126 83
30 128 82
30 131 77
30 132 14
30 134 85
30 140 68
30 145 69
30 146 30
30 147 98
30 148 52
31 36 34
31 38 33
31 42 83
31 43 11
31 45 47
31 46 14
31 47 18
31 48 50
31 51 71
31 55 27
31 56 60
31 60 1
31 61 97
31 62 21
31 63 78
31 65 32
31 67 10
31 68 44
31 70 71
31 71 36
31 72 98
31 74 31
31 76 91
31 78 77
31 80 12
31 83 74
31 85 93
31 87 58
31 88 38
31 89 77
31 90 34
31 91 23
31 92 60
31 94 86
31 95 45
31 97 72
31 102 26
31 107 76
31 108 41
31 113 76
31 114 23
31 116 68
31 118 16
31 122 93
31 123 93
31 124 29
31 126 84
31 127 22
31 128 85
31 129 35
31 130 12
31 132 28
31 135 83
31 136 31
31 138 80
31 141 94
31 142 33
31 143 18
31 145 5
31 146 10
31 148 71
31 150 51
32 33 42
32 38 8
32 39 86
32 41 61
32 44 90
32 45 62
32 46 18
32 47 62
32 49 47
32 53 86
32 56 1
32 60 76
32 63 25
32 65 4
32 68 18
32 71 1
32 74 91
32 75 77
32 77 12
32 78 63
32 87 78
32 90 93
32 91 93
32 93 85
32 94 26
32 98 5
32 100 94
32 102 59
32 104 26
32 107 74
32 109 12
32 111 5
32 112 25
32 116 93
32 117 15
32 120 23
32 123 86
32 124 38
32 133 63
32 134 61
32 135 87
32 138 18
32 139 61
32 141 94
32 145 93
32 146 96
32 149 80
32 150 49
33 34 18
33 35 51
33 37 88
33 38 47
33 41 4
33 42 50
33 43 57
33 46 70
33 54 20
33 55 41
33 57 48
33 58 91
33 59 98
33 62 84
33 66 19
33 68 97
33 70 59
33 73 37
33 74 77
33 79 15
33 81 12
33 82 5
33 88 8
33 91 13
33 96 66
33 97 29
33 102 51
33 103 40
33 105 23
33 111 70
33 116 19
33 118 9
33 121 1
33 122 22
33 128 25
33 131 80
33 132 67
33 135 18
33 136 43
33 137 85
33 138 21
33 139 34
33 140 12
33 142 40
33 144 4
33 146 27
34 39 37
34 41 60
34 42 57
34 48 46
34 50 50
34 52 52
34 53 73
34 54 5
34 57 64
34 58 38
34 63 49
34 68 67
34 69 66
34 71 40
34 72 60
34 73 94
34 75 85
34 82 38
34 84 73
34 85 39
34 87 62
34 88 1
34 93 8
34 94 1
34 95 80
34 96 53
34 97 31
34 102 67
34 103 64
34 104 40
34 105 38
34 109 66
34 110 2
34 111 45
34 113 59
34 114 50
34 115 84
34 116 91
34 119 57
34 124 5
34 133 73
34 134 81
34 136 55
34 138 96
34 140 23
34 142 82
34 144 57
34 145 71
34 147 28
34 150 58
35 37 43
35 39 51
35 40 55
35 45 67
35 46 14
35 48 82
35 50 23
35 51 46
35 52 48
35 53 42
35 54 76
35 58 36
35 59 51
35 62 48
35 66 66
35 69 34
35 73 79
35 74 57
35 78 99
35 85 39
35 86 39
35 87 61
35 88 9
35 89 95
35 90 65
35 95 16
35 96 61
35 101 55
35 102 48
35 103 47
35 106 49
35 108 57
35 112 28
35 113 94
35 114 17
35 119 53
35 120 11
35 122 65
35 123 1
35 128 75
35 129 11
35 130 55
35 133 96
35 134 94
35 137 38
35 138 97
35 140 46
35 142 79
35 147 32
36 39 69
36 42 91
36 45 53
36 47 32
36 49 22
36 51 79
36 52 38
36 53 79
36 54 75
36 56 11
36 60 88
36 63 30
36 66 47
36 72 52
36 75 44
36 76 83
36 77 63
36 81 65
36 84 51
36 88 75
36 89 45
36 90 14
36 91 81
36 93 59
36 94 5
36 95 63
36 97 45
36 99 86
36 105 87
36 110 9
36 111 75
36 112 7
36 114 22
36 115 29
36 116 1
36 117 80
36 121 47
36 122 30
36 129 57
36 132 13
36 138 39
36 140 76
36 142 22
36 145 99
36 146 97
36 147 91
36 148 43
36 149 18
37 38 88
37 40 61
37 41 80
37 48 40
37 50 43
37 51 44
37 53 50
37 56 72
37 57 47
37 61 33
37 62 72
37 63 85
37 64 12
37 68 99
37 69 99
37 70 39
37 71 74
37 72 81
37 76 17
37 77 65
37 78 36
37 80 55
37 82 53
37 85 100
37 87 50
37 88 99
37 92 81
37 93 78
37 94 92
37 95 6
37 96 30
37 97 52
37 101 53
37 108 48
37 109 58
37 112 40
37 126 78
37 128 93
37 129 79
37 132 79
37 133 69
37 134 23
37 138 54
37 140 68
37 143 23
37 145 26
37 147 14
37 148 29
37 150 64
38 41 27
38 42 63
38 45 60
38 46 46
38 48 25
38 49 71
38 51 58
38 52 7
38 54 44
38 58 64
38 61 94
38 63 49
38 64 78
38 67 26
38 69 66
38 72 38
38 80 97
38 81 61
38 82 13
38 84 22
38 85 74
38 86 100
38 88 52
38 92 66
38 94 31
38 96 17
38 99 37
38 101 34
38 102 9
38 104 85
38 107 99
38 110 65
38 112 59
38 113 95
38 114 66
38 117 58
38 119 4
38 120 18
38 122 58
38 123 5
38 124 98
38 125 68
38 126 11
38 132 91
38 134 64
38 135 17
38 136 16
38 137 26
38 141 54
38 144 17
38 147 61
38 150 31
39 40 58
39 41 55
39 42 68
39 44 59
39 47 66
39 52 93
39 53 93
39 54 49
39 58 90
39 63 82
39 64 7
39 65 71
39 67 81
39 68 58
39 71 77
39 72 33
39 75 21
39 76 9
39 78 76
39 80 26
39 83 65
39 85 59
39 87 50
39 89 93
39 90 96
39 93 79
39 97 14
39 98 7
39 107 64
39 112 91
39 115 66
39 117 6
39 118 30
39 119 12
39 123 7
39 124 86
39 125 76
39 131 91
39 132 88
39 133 75
39 137 15
39 139 13
39 140 7
39 146 51
39 150 54
40 42 77
40 45 77
40 46 58
40 49 25
40 54 4
40 55 90
40 57 41
40 65 93
40 67 85
40 68 58
40 69 30
40 70 5
40 72 39
40 76 56
40 81 69
40 82 88
40 83 20
40 84 33
40 87 90
40 93 89
40 94 66
40 97 56
40 99 38
40 100 64
40 101 68
40 103 19
40 104 92
40 105 8
40 110 54
40 111 2
40 112 95
40 113 79
40 117 73
40 119 97
40 120 94
40 124 74
40 129 5
40 131 1
40 132 19
40 134 59
40 136 99
40 138 86
40 140 18
40 141 44
40 145 55
40 147 33
40 148 81
40 150 28
41 46 6
41 47 74
41 48 70
41 50 93
41 52 100
41 53 56
41 55 4
41 57 82
41 58 52
41 59 26
41 63 58
41 67 5
41 70 36
41 71 77
41 75 38
41 76 18
41 79 60
41 81 52
41 83 13
41 85 89
41 86 27
41 87 69
41 89 34
41 91 69
41 92 60
41 93 66
41 94 54
41 95 39
41 100 33
41 101 23
41 102 6
41 106 91
41 107 34
41 110 4
41 111 69
41 112 49
41 127 59
41 134 71
41 140 44
41 143 3
41 145 18
42 43 32
42 44 92
42 46 44
42 47 89
42 49 83
42 50 90
42 51 36
42 52 10
42 54 76
42 55 95
42 56 84
42 59 32
42 64 99
42 66 82
42 68 69
42 69 89
42 78 59
42 80 86
42 84 55
42 89 1
42 94 24
42 95 44
42 98 47
42 99 1
42 101 18
42 102 7
42 104 56
42 105 49
42 108 4
42 111 93
42 114 30
42 115 2
42 117 83
42 118 80
42 122 34
42 126 21
42 128 72
42 132 79
42 134 98
42 135 77
42 136 9
42 137 51
42 138 52
42 141 28
42 143 16
42 146 40
42 147 4
43 45 3
43 49 29
43 50 10
43 51 15
43 52 19
43 57 80
43 60 21
43 62 94
43 64 32
43 65 29
43 68 31
43 72 93
43 73 15
43 79 43
43 80 84
43 85 4
43 88 96
43 90 89
43 93 73
43 94 48
43 96 22
43 98 39
43 99 6
43 102 81
43 107 69
43 111 3
43 113 24
43 117 13
43 118 86
43 120 27
43 121 78
43 123 23
43 125 45
43 128 34
43 129 23
43 131 5
43 132 96
43 133 56
43 134 97
43 137 71
43 138 87
43 139 39
43 140 47
43 141 9
43 144 29
43 145 67
43 149 87
43 150 70
44 45 84
44 46 81
44 47 78
44 48 94
44 49 40
44 52 69
44 59 48
44 62 66
44 63 12
44 64 55
44 66 60
44 68 7
44 74 22
44 79 35
44 81 78
44 83 68
44 85 100
44 87 41
44 89 89
44 93 76
44 96 24
44 97 7
44 102 78
44 103 1
44 105 62
44 106 46
44 107 12
44 108 97
44 109 76
44 110 23
44 113 18
44 114 74
44 118 65
44 120 22
44 121 79
44 122 23
44 123 93
44 126 5
44 131 22
44 134 71
44 135 85
44 136 41
44 137 78
44 138 64
44 139 40
44 148 65
44 150 25
45 46 2
45 53 19
45 57 67
45 60 46
45 61 62
45 62 65
45 66 82
45 71 50
45 72 43
45 73 42
45 74 54
45 76 16
45 78 7
45 79 50
45 85 77
45 86 88
45 87 45
45 90 84
45 97 66
45 98 44
45 99 84
45 100 81
45 101 10
45 102 67
45 103 9
45 104 48
45 105 50
45 109 51
45 111 34
45 112 83
45 114 64
45 115 15
45 116 73
45 118 2
45 119 21
45 120 95
45 127 77
45 128 23
45 133 24
45 134 92
45 136 35
45 137 45
45 139 13
45 140 68
45 145 21
45 146 18
46 49 70
46 54 9
46 60 26
46 61 94
46 63 1
46 65 74
46 66 12
46 73 91
46 75 91
46 76 67
46 83 54
46 87 100
46 92 23
46 94 86
46 98 24
46 100 79
46 101 61
46 103 62
46 104 5
46 110 17
46 113 21
46 114 59
46 116 5
46 125 68
46 128 53
46 130 50
46 132 25
46 138 61
46 140 19
46 144 80
46 147 89
46 150 67
47 48 12
47 51 41
47 52 23
47 53 67
47 58 13
47 62 88
47 64 86
47 67 57
47 71 46
47 72 99
47 75 71
47 77 8
47 78 23
47 79 2
47 80 56
47 83 11
47 85 35
47 86 62
47 87 74
47 89 82
47 91 25
47 92 81
47 93 50
47 95 21
47 102 96
47 103 70
47 104 30
47 105 13
47 106 24
47 112 68
47 114 7
47 117 73
47 121 68
47 123 36
47 128 38
47 132 28
47 136 32
47 137 48
47 139 25
47 143 6
47 144 95
47 147 45
48 50 11
48 51 75
48 52 17
48 54 37
48 55 51
48 60 42
48 61 73
48 62 21
48 66 64
48 74 5
48 75 24
48 76 88
48 77 94
48 83 30
48 88 78
48 93 15
48 94 96
48 96 9
48 100 49
48 102 39
48 103 4
48 106 39
48 108 79
48 109 17
48 110 89
48 115 32
48 116 94
48 123 91
48 124 80
48 130 82
48 132 95
48 133 42
48 134 57
48 135 25
48 136 9
48 139 13
48 142 37
48 144 52
48 145 92
48 146 69
48 147 71
48 149 67
49 59 94
49 60 55
49 61 59
49 65 6
49 68 90
49 69 91
49 72 76
49 75 14
49 76 60
49 77 28
49 79 51
49 80 62
49 82 16
49 83 83
49 84 4
49 85 34
49 88 6
49 94 81
49 97 10
49 100 94
49 105 30
49 107 50
49 111 71
49 113 40
49 116 65
49 117 5
49 120 70
49 123 91
49 129 57
49 134 21
49 137 16
49 140 70
49 144 97
49 145 64
49 149 80
50 51 61
50 53 94
50 56 33
50 57 9
50 59 14
50 62 37
50 63 44
50 66 23
50 67 71
50 68 28
50 69 75
50 70 81
50 77 91
50 79 94
50 80 88
50 83 68
50 84 14
50 87 34
50 88 72
50 91 84
50 92 21
50 93 89
50 103 61
50 110 97
50 112 92
50 113 26
50 115 30
50 123 41
50 126 28
50 131 2
50 133 49
50 138 63
50 139 23
50 140 23
50 142 61
50 143 88
50 146 3
50 149 83
51 53 56
51 55 37
51 57 60
51 63 98
51 65 85
51 71 92
51 74 68
51 75 33
51 77 9
51 78 93
51 79 86
51 85 99
51 90 59
51 92 48
51 93 68
51 94 76
51 95 70
51 96 48
51 98 44
51 103 93
51 104 87
51 105 36
51 107 31
51 121 60
51 128 87
51 130 52
51 132 75
51 133 65
51 138 88
51 144 61
51 145 86
51 146 2
51 147 86
51 148 12
52 54 31
52 57 6
52 58 43
52 61 64
52 63 9
52 65 70
52 66 85
52 67 87
52 68 90
52 71 27
52 73 34
52 75 69
52 76 70
52 78 96
52 80 99
52 84 4
52 88 54
52 91 64
52 92 41
52 95 73
52 97 40
52 99 17
52 100 73
52 101 21
52 102 44
52 103 47
52 107 19
52 109 5
52 117 37
52 118 31
52 125 69
52 126 16
52 127 8
52 129 26
52 130 36
52 131 98
52 132 73
52 133 39
52 134 61
52 135 45
52 138 35
52 141 92
52 146 17
53 56 96
53 60 42
53 61 59
53 65 58
53 69 34
53 72 82
53 74 14
53 76 51
53 81 57
53 83 34
53 85 41
53 90 99
53 92 94
53 93 7
53 94 40
53 99 34
53 100 59
53 104 90
53 107 74
53 108 76
53 112 32
53 114 91
53 115 14
53 116 54
53 117 45
53 118 60
53 120 17
53 123 98
53 125 55
53 128 32
53 129 98
53 131 29
53 133 95
53 134 18
53 138 45
53 141 56
53 146 72
53 148 9
53 149 19
54 57 45
54 62 100
54 63 64
54 64 100
54 65 29
54 66 26
54 68 80
54 71 34
54 72 36
54 73 15
54 74 42
54 80 37
54 82 12
54 83 5
54 84 40
54 85 99
54 88 90
54 91 75
54 93 38
54 100 90
54 102 72
54 111 41
54 118 31
54 130 22
54 131 73
54 133 46
54 138 37
54 140 38
54 142 65
54 143 9
54 144 91
54 146 18
54 148 91
54 149 89
54 150 52
55 58 64
55 59 20
55 63 55
55 64 24
55 66 29
55 68 93
55 69 87
55 71 40
55 73 41
55 74 1
55 79 42
55 82 89
55 83 26
55 85 99
55 86 76
55 90 43
55 92 71
55 93 63
55 96 9
55 98 66
55 108 66
55 109 72
55 111 6
55 114 71
55 115 10
55 117 64
55 122 39
55 123 19
55 124 43
55 125 67
55 127 76
55 128 98
55 130 84
55 133 7
55 134 37
55 136 16
55 137 18
55 139 17
55 145 68
55 147 12
55 148 82
56 58 79
56 63 96
56 66 7
56 68 12
56 71 36
56 72 83
56 76 60
56 78 89
56 79 32
56 81 93
56 84 47
56 89 32
56 91 95
56 92 82
56 93 84
56 94 68
56 100 99
56 101 58
56 102 53
56 107 4
56 108 25
56 115 82
56 119 81
56 121 14
56 122 6
56 124 44
56 125 3
56 127 41
56 129 84
56 133 64
56 135 5
56 143 54
56 150 9
57 61 62
57 64 46
57 65 6
57 66 68
57 67 34
57 75 41
57 77 6
57 78 61
57 82 3
57 84 95
57 86 17
57 88 25
57 89 50
57 90 7
57 96 28
57 97 33
57 98 2
57 103 21
57 104 34
57 106 2
57 107 96
57 108 59
57 109 63
57 112 15
57 115 87
57 116 38
57 119 75
57 123 37
57 124 26
57 126 65
57 127 100
57 128 19
57 130 42
57 131 34
57 134 48
57 140 22
57 146 13
57 147 97
57 148 76
57 150 78
58 60 59
58 68 28
58 69 8
58 70 74
58 71 35
58 73 6
58 74 88
58 75 79
58 80 72
58 83 20
58 87 69
58 88 66
58 91 16
58 92 81
58 94 84
58 97 12
58 98 86
58 105 60
58 109 84
58 117 71
58 118 64
58 120 83
58 121 49
58 122 100
58 123 5
58 125 96
58 127 34
58 129 94
58 130 61
58 131 53
58 139 78
58 140 64
58 141 74
58 142 76
58 143 6
58 144 48
58 145 16
58 147 49
58 150 23
59 61 56
59 62 57
59 63 35
59 64 20
59 66 59
59 67 72
59 68 40
59 71 77
59 72 26
59 73 35
59 74 67
59 79 84
59 84 27
59 85 74
59 86 50
59 87 26
59 105 18
59 108 58
59 112 11
59 117 63
59 120 79
59 122 5
59 130 45
59 131 35
59 134 9
59 135 55
59 147 88
59 148 30
60 63 24
60 67 100
60 70 3
60 73 100
60 74 23
60 77 51
60 78 73
60 79 10
60 84 77
60 87 64
60 88 16
60 92 20
60 99 45
60 101 57
60 103 5
60 104 52
60 105 43
60 115 7
60 116 58
60 120 91
60 123 11
60 124 93
60 128 7
60 131 59
60 133 15
60 134 83
60 136 100
60 138 4
60 142 95
60 144 28
60 146 56
60 149 14
61 62 61
61 66 70
61 71 4
61 76 16
61 77 93
61 79 93
61 81 9
61 82 99
61 84 31
61 85 69
61 86 93
61 88 32
61 90 38
61 95 4
61 96 3
61 98 6
61 100 80
61 101 63
61 104 51
61 105 60
61 110 33
61 116 78
61 117 81
61 119 85
61 124 29
61 127 36
61 128 27
61 141 33
61 145 47
61 146 55
62 67 2
62 68 97
62 73 33
62 74 34
62 78 84
62 79 20
62 80 44
62 81 53
62 83 44
62 86 48
62 90 87
62 91 41
62 92 21
62 94 44
62 95 80
62 97 25
62 100 58
62 101 5
62 104 63
62 113 62
62 120 95
62 128 76
62 129 76
62 131 62
62 135 90
62 141 64
62 146 32
62 150 87
63 67 14
63 69 58
63 70 57
63 71 53
63 74 49
63 76 50
63 78 82
63 88 37
63 89 52
63 90 34
63 92 53
63 94 50
63 95 31
63 96 93
63 98 39
63 100 51
63 101 49
63 103 27
63 104 37
63 106 88
63 107 85
63 109 18
63 111 80
63 112 39
63 114 20
63 121 27
63 122 36
63 123 14
63 128 17
63 129 25
63 131 97
63 133 79
63 134 91
63 136 57
63 137 12
63 139 13
63 144 20
63 145 65
63 146 10
63 149 44
64 66 91
64 69 76
64 71 12
64 72 20
64 73 29
64 74 7
64 76 15
64 78 92
64 79 86
64 81 35
64 84 22
64 86 71
64 87 90
64 90 54
64 91 87
64 92 30
64 93 68
64 94 25
64 99 38
64 101 30
64 104 83
64 105 90
64 106 39
64 107 35
64 109 97
64 113 7
64 114 54
64 116 76
64 118 41
64 121 2
64 123 64
64 125 12
64 132 54
64 133 78
64 135 65
64 137 33
64 139 75
64 144 23
64 146 27
64 148 57
64 149 95
64 150 1
65 66 18
65 72 99
65 75 57
65 76 99
65 80 97
65 82 75
65 84 26
65 88 75
65 90 69
65 92 15
65 93 49
65 94 87
65 99 2
65 100 15
65 102 24
65 103 74
65 108 74
65 110 17
65 113 66
65 114 78
65 116 44
65 119 69
65 120 21
65 122 28
65 125 42
65 126 30
65 130 11
65 132 78
65 142 3
65 144 100
65 145 38
65 147 31
65 148 84
65 149 45
65 150 94
66 69 19
66 71 6
66 72 25
66 73 89
66 76 4
66 80 16
66 81 50
66 83 14
66 85 34
66 91 94
66 96 18
66 99 34
66 101 18
66 104 45
66 106 36
66 109 64
66 110 24
66 111 96
66 114 57
66 119 78
66 120 27
66 121 9
66 122 77
66 127 89
66 129 69
66 130 52
66 136 48
66 139 43
66 142 17
66 150 73
67 69 16
67 70 65
67 71 80
67 72 22
67 77 36
67 78 2
67 79 38
67 80 58
67 82 92
67 84 22
67 86 24
67 87 93
67 95 60
67 98 4
67 100 39
67 105 63
67 106 62
67 110 85
67 113 20
67 114 41
67 117 96
67 119 41
67 123 2
67 129 69
67 130 4
67 131 94
67 132 84
67 133 57
67 137 18
67 140 13
67 148 62
67 150 52
68 69 40
68 77 19
68 79 66
68 89 54
68 94 83
68 95 81
68 97 83
68 98 80
68 101 45
68 102 19
68 105 3
68 111 28
68 112 22
68 113 69
68 114 92
68 120 21
68 127 84
68 131 48
68 132 47
68 133 13
68 137 36
68 138 81
68 143 32
68 144 82
68 145 46
68 146 26
68 147 27
68 148 2
69 71 85
69 74 20
69 75 45
69 76 93
69 80 34
69 81 79
69 83 68
69 84 76
69 90 28
69 92 40
69 95 87
69 96 98
69 99 88
69 102 74
69 103 76
69 104 12
69 107 38
69 108 88
69 109 67
69 112 67
69 113 29
69 116 59
69 118 43
69 120 31
69 123 9
69 124 27
69 125 5
69 126 3
69 128 97
69 132 96
69 135 65
69 137 34
69 138 70
69 139 17
69 146 13
69 147 40
69 148 59
69 149 47
70 71 9
70 74 82
70 75 16
70 77 40
70 79 41
70 80 68
70 81 96
70 82 64
70 83 8
70 84 20
70 86 34
70 89 99
70 92 11
70 93 23
70 96 85
70 98 89
70 110 74
70 112 35
70 114 6
70 121 78
70 126 16
70 130 5
70 131 69
70 137 68
70 138 89
70 141 99
70 142 75
70 143 73
70 148 2
70 150 10
71 76 91
71 78 4
71 81 48
71 82 66
71 84 18
71 87 44
71 91 90
71 92 92
71 93 77
71 95 57
71 97 28
71 100 8
71 102 58
71 105 71
71 108 35
71 117 58
71 118 39
71 119 29
71 120 90
71 121 86
71 124 25
71 125 61
71 126 40
71 127 45
71 128 85
71 130 95
71 131 94
71 134 8
71 137 21
71 139 60
71 140 31
71 143 11
71 148 27
72 75 46
72 76 39
72 77 98
72 78 96
72 79 98
72 86 85
72 88 19
72 90 40
72 91 17
72 93 51
72 97 48
72 102 91
72 105 78
72 107 25
72 108 15
72 109 48
72 110 36
72 113 62
72 116 6
72 121 47
72 123 58
72 124 47
72 125 45
72 126 75
72 128 46
72 129 17
72 130 88
72 132 35
72 137 53
72 139 4
72 140 81
73 79 30
73 80 96
73 84 32
73 86 88
73 89 50
73 94 23
73 96 30
73 97 72
73 99 57
73 104 36
73 109 55
73 113 61
73 115 91
73 118 57
73 119 4
73 122 38
73 124 11
73 127 34
73 131 85
73 135 74
73 136 57
73 137 13
73 141 5
73 142 75
74 75 47
74 78 87
74 80 72
74 82 32
74 84 89
74 85 16
74 87 43
74 93 54
74 96 81
74 97 17
74 98 92
74 99 3
74 105 38
74 109 59
74 110 77
74 111 18
74 115 67
74 116 73
74 117 46
74 120 3
74 122 4
74 125 50
74 126 86
74 127 20
74 128 26
74 131 18
74 132 17
74 133 26
74 134 87
74 139 75
74 146 15
74 147 51
74 148 29
74 149 3
74 150 95
75 84 35
75 86 86
75 91 87
75 96 35
75 97 65
75 98 99
75 99 2
75 102 3
75 108 74
75 109 54
75 110 51
75 113 8
75 114 35
75 117 15
75 118 74
75 119 97
75 120 97
75 122 33
75 125 61
75 127 41
75 129 53
75 130 67
75 133 32
75 137 98
75 138 43
75 142 24
75 143 46
75 149 96
75 150 80
76 82 59
76 85 72
76 86 77
76 87 97
76 91 9
76 93 60
76 94 68
76 96 38
76 98 86
76 99 23
76 110 59
76 114 68
76 119 22
76 120 5
76 126 38
76 130 77
76 132 28
76 136 4
76 138 17
76 142 91
76 145 28
76 149 67
77 79 100
77 81 66
77 82 65
77 84 56
77 86 54
77 89 66
77 92 44
77 93 12
77 95 54
77 97 89
77 99 37
77 103 93
77 105 92
77 108 98
77 109 62
77 114 91
77 116 13
77 118 65
77 119 98
77 121 24
77 127 52
77 128 5
77 129 82
77 130 24
77 133 68
77 135 56
77 143 97
77 148 19
77 150 83
78 79 35
78 81 5
78 89 79
78 90 47
78 97 57
78 102 46
78 103 38
78 108 64
78 110 19
78 111 47
78 115 6
78 116 44
78 117 41
78 120 2
78 121 64
78 122 12
78 123 45
78 127 3
78 128 78
78 129 33
78 130 13
78 133 43
78 135 52
78 136 6
78 137 62
78 139 20
78 141 9
78 147 58
78 149 38
78 150 9
79 80 91
79 82 58
79 89 92
79 90 52
79 91 38
79 95 73
79 97 19
79 99 42
79 100 98
79 101 29
79 107 43
79 108 39
79 110 34
79 111 29
79 113 12
79 114 57
79 118 88
79 119 8
79 120 63
79 123 18
79 124 11
79 127 43
79 128 72
79 131 33
79 135 30
79 140 19
79 141 63
79 143 90
79 144 7
79 148 52
79 149 94
80 83 57
80 86 95
80 88 3
80 91 92
80 93 82
80 95 50
80 96 34
80 99 12
80 102 72
80 103 71
80 105 80
80 112 89
80 113 84
80 123 46
80 124 25
80 125 12
80 127 26
80 128 2
80 131 4
80 135 50
80 137 100
80 140 76
80 141 67
80 146 81
80 148 93
80 150 49
81 87 96
81 89 67
81 91 73
81 92 3
81 98 63
81 103 62
81 108 40
81 109 87
81 110 22
81 112 89
81 116 29
81 120 1
81 126 82
81 129 26
81 135 9
81 136 3
81 137 90
81 142 38
81 147 67
82 83 55
82 84 50
82 87 50
82 89 54
82 91 39
82 92 42
82 95 20
82 99 10
82 102 45
82 104 2
82 106 99
82 108 35
82 110 74
82 111 41
82 113 3
82 115 44
82 117 44
82 122 86
82 123 91
82 124 48
82 126 57
82 128 40
82 129 85
82 131 33
82 133 70
82 134 21
82 135 49
82 138 97
82 139 77
82 140 61
82 144 76
82 147 67
82 150 77
83 86 47
83 87 62
83 88 99
83 90 20
83 95 7
83 96 49
83 97 25
83 98 3
83 100 99
83 102 36
83 103 36
83 104 76
83 107 8
83 113 94
83 115 7
83 120 7
83 121 59
83 122 42
83 123 6
83 124 49
83 128 59
83 130 55
83 132 10
83 135 27
83 136 63
83 138 63
83 143 90
83 147 62
83 149 94
84 85 35
84 86 93
84 88 34
84 90 12
84 92 3
84 94 82
84 95 10
84 96 72
84 99 50
84 102 22
84 110 18
84 111 44
84 112 87
84 116 86
84 118 52
84 121 3
84 122 74
84 124 13
84 130 27
84 131 62
84 133 40
84 134 29
84 136 44
84 138 69
84 140 88
84 143 78
84 145 13
84 146 39
84 147 25
84 148 70
85 87 92
85 90 74
85 93 60
85 96 20
85 99 94
85 112 35
85 113 55
85 114 6
85 115 71
85 117 85
85 118 42
85 119 10
85 120 42
85 121 23
85 122 96
85 128 27
85 132 26
85 134 64
85 135 41
85 136 27
85 141 20
85 143 8
85 144 40
85 146 87
85 148 70
85 150 3
86 89 47
86 93 74
86 95 65
86 100 50
86 104 67
86 109 3
86 110 85
86 112 50
86 118 53
86 119 77
86 126 16
86 128 35
86 130 1
86 132 74
86 133 2
86 139 33
86 140 55
86 143 84
86 144 79
86 148 100
86 150 7
87 90 12
87 93 54
87 97 50
87 98 89
87 99 15
87 101 69
87 107 52
87 109 47
87 110 90
87 111 98
87 112 91
87 115 24
87 117 35
87 122 20
87 125 79
87 133 13
87 134 68
87 136 31
87 137 39
87 138 35
87 145 32
87 148 56
87 149 23
88 90 6
88 93 49
88 94 56
88 96 38
88 104 67
88 106 38
88 109 40
88 113 36
88 114 97
88 119 65
88 120 93
88 121 48
88 123 17
88 125 19
88 127 77
88 134 21
88 137 70
88 138 6
88 140 72
88 143 56
88 145 30
88 146 15
89 90 1
89 91 38
89 92 33
89 94 48
89 95 29
89 101 99
89 104 76
89 111 34
89 113 60
89 119 54
89 120 97
89 121 64
89 122 19
89 126 34
89 127 37
89 128 95
89 130 11
89 139 61
89 142 99
89 147 6
89 148 92
89 149 48
90 93 81
90 94 53
90 95 30
90 97 90
90 98 4
90 100 68
90 101 61
90 104 46
90 105 66
90 108 76
90 110 40
90 113 54
90 115 60
90 117 41
90 118 19
90 121 50
90 123 49
90 124 81
90 134 42
90 135 41
90 137 2
90 140 79
90 142 47
90 146 1
90 147 85
90 148 55
90 149 65
91 93 67
91 94 63
91 96 20
91 99 8
91 102 33
91 103 5
91 105 73
91 106 27
91 113 85
91 117 100
91 118 21
91 120 88
91 122 69
91 139 64
91 141 37
91 142 42
91 143 30
91 145 22
91 147 8
92 93 74
92 94 24
92 98 65
92 101 45
92 102 100
92 103 90
92 107 6
92 108 95
92 109 53
92 115 24
92 121 33
92 122 83
92 124 75
92 126 36
92 128 55
92 129 43
92 132 91
92 134 30
92 136 54
92 139 25
92 140 72
92 150 31
93 97 48
93 99 28
93 102 84
93 107 49
93 108 93
93 112 98
93 113 38
93 120 98
93 121 99
93 126 39
93 130 22
93 132 12
93 133 52
93 135 82
93 140 55
93 141 9
93 142 14
93 143 16
93 144 84
93 150 49
94 101 48
94 102 81
94 105 72
94 106 42
94 107 96
94 109 23
94 114 50
94 119 85
94 121 82
94 122 74
94 124 4
94 126 66
94 128 62
94 130 40
94 137 41
94 138 22
94 141 98
94 143 20
94 144 26
94 145 42
94 146 63
94 147 48
94 149 14
94 150 25
95 96 77
95 97 96
95 98 27
95 99 36
95 100 61
95 101 75
95 103 47
95 104 17
95 105 73
95 106 79
95 109 28
95 110 42
95 111 24
95 114 99
95 117 67
95 118 57
95 120 31
95 122 68
95 126 19
95 129 54
95 131 88
95 134 91
95 140 1
95 146 91
95 149 82
96 97 26
96 101 37
96 105 24
96 106 92
96 107 14
96 110 84
96 111 5
96 112 7
96 115 23
96 117 60
96 119 86
96 121 69
96 124 14
96 126 60
96 128 93
96 129 47
96 130 98
96 133 33
96 134 55
96 135 39
96 136 8
96 139 46
96 142 91
96 143 80
96 145 87
96 149 93
97 104 40
97 105 80
97 106 36
97 107 38
97 111 1
97 112 52
97 114 30
97 117 55
97 120 52
97 122 38
97 123 50
97 124 51
97 126 86
97 127 86
97 128 7
97 132 55
97 139 99
97 143 46
97 145 91
97 146 93
97 148 52
98 99 100
98 101 59
98 102 7
98 103 69
98 104 4
98 105 61
98 106 93
98 109 41
98 111 76
98 115 83
98 117 25
98 118 79
98 119 86
98 122 45
98 123 92
98 124 8
98 125 40
98 129 50
98 136 52
98 137 37
98 140 69
98 142 2
98 148 5
99 103 50
99 104 5
99 106 50
99 109 12
99 110 30
99 111 21
99 117 58
99 118 46
99 121 58
99 122 24
99 123 70
99 124 5
99 125 74
99 127 61
99 128 53
99 130 55
99 131 89
99 133 30
99 136 78
99 137 55
99 141 97
99 143 10
99 146 85
99 149 19
100 103 24
100 105 5
100 108 1
100 110 91
100 112 98
100 113 74
100 116 87
100 117 46
100 118 29
100 119 27
100 122 29
100 123 39
100 124 10
100 125 90
100 129 41
100 134 10
100 136 17
100 137 30
100 138 42
100 139 12
100 140 86
100 146 7
100 148 60
100 149 23
100 150 37
101 104 17
101 105 47
101 108 32
101 115 70
101 116 66
101 117 78
101 121 82
101 126 34
101 128 56
101 130 85
101 131 65
101 133 64
101 134 59
101 135 78
101 137 62
101 138 10
101 139 62
101 140 31
101 144 38
101 148 56
102 104 77
102 106 18
102 108 60
102 109 81
102 110 50
102 111 2
102 112 17
102 113 43
102 116 30
102 123 62
102 125 78
102 127 57
102 131 38
102 132 34
102 137 49
102 142 79
102 145 90
102 149 37
103 106 51
103 107 63
103 109 93
103 111 11
103 113 45
103 114 40
103 115 66
103 117 97
103 120 59
103 121 16
103 122 46
103 124 67
103 125 25
103 126 15
103 130 13
103 135 93
103 142 66
103 145 46
103 146 96
104 105 56
104 106 50
104 107 88
104 114 24
104 115 19
104 116 9
104 124 70
104 125 71
104 126 42
104 128 82
104 134 44
104 135 48
104 137 100
104 138 79
104 140 5
104 144 58
105 106 67
105 111 12
105 113 78
105 116 60
105 120 75
105 121 50
105 123 85
105 125 34
105 129 84
105 133 53
105 135 51
105 136 46
105 138 73
105 149 7
106 107 75
106 110 1
106 112 36
106 113 70
106 115 65
106 117 46
106 130 81
106 131 50
106 133 50
106 135 9
106 136 26
106 138 25
106 143 13
106 144 37
106 145 87
106 146 79
107 115 9
107 116 92
107 117 82
107 120 37
107 121 86
107 125 25
107 126 13
107 127 21
107 131 74
107 133 57
107 141 68
107 142 56
107 147 45
107 148 52
107 149 85
108 111 9
108 115 24
108 117 90
108 119 16
108 120 85
108 125 89
108 127 86
108 128 24
108 133 21
108 136 3
108 137 48
108 139 62
108 144 29
108 148 8
109 110 61
109 112 8
109 113 14
109 114 24
109 119 47
109 121 55
109 123 30
109 125 72
109 133 6
109 135 50
109 137 8
109 140 25
109 142 64
110 112 64
110 114 82
110 123 94
110 124 40
110 127 11
110 128 69
110 129 45
110 133 40
110 136 32
110 138 71
110 146 100
110 147 87
111 112 12
111 113 34
111 119 97
111 120 48
111 121 89
111 122 13
111 126 60
111 128 48
111 131 88
111 134 90
111 136 4
111 137 21
111 141 67
111 142 57
111 143 16
111 145 54
111 146 87
111 148 72
112 113 6
112 118 23
112 120 70
112 121 71
112 125 2
112 128 53
112 132 6
112 136 59
112 137 56
112 142 38
112 143 89
112 148 42
113 115 8
113 117 29
113 128 50
113 131 50
113 134 12
113 136 28
113 139 40
113 142 88
113 143 95
113 149 54
113 150 46
114 115 59
114 119 91
114 120 57
114 126 2
114 127 18
114 132 68
114 133 24
114 136 48
114 137 62
114 139 69
114 145 95
114 146 61
114 148 92
114 149 53
114 150 72
115 116 25
115 117 53
115 118 25
115 121 92
115 124 62
115 132 29
115 133 56
115 136 44
115 139 40
115 142 62
115 143 6
115 145 6
115 149 94
116 117 1
116 119 86
116 120 98
116 124 84
116 126 71
116 127 2
116 128 79
116 132 70
116 133 2
116 137 51
116 143 64
116 145 30
116 147 42
116 150 30
117 119 65
117 120 65
117 122 35
117 123 22
117 137 71
117 138 41
117 140 58
117 141 46
117 149 36
118 124 14
118 125 90
118 127 61
118 131 76
118 138 9
118 139 71
118 142 19
118 143 23
118 144 4
118 145 7
118 147 17
118 148 88
118 149 10
118 150 93
119 120 93
119 124 42
119 125 57
119 126 16
119 130 69
119 131 33
119 133 95
119 137 33
119 138 25
119 140 94
119 146 42
119 148 51
119 149 38
119 150 51
120 122 20
120 123 23
120 125 84
120 126 88
120 131 13
120 132 41
120 135 13
120 136 71
120 137 38
120 140 89
120 142 55
120 145 14
120 148 95
121 124 59
121 126 16
121 127 95
121 129 42
121 133 23
121 135 54
121 138 60
121 139 51
121 140 2
121 141 1
121 147 32
121 148 21
122 123 92
122 125 31
122 126 82
122 128 6
122 131 91
122 132 92
122 134 93
122 136 15
122 138 40
122 142 94
122 145 67
122 146 51
122 150 28
123 124 63
123 129 89
123 130 13
123 136 22
123 137 53
123 140 60
123 142 19
123 145 9
123 149 32
123 150 28
124 128 52
124 130 70
124 131 90
124 132 94
124 135 85
124 137 84
124 142 53
124 147 58
124 149 62
125 130 98
125 131 57
125 136 50
125 137 9
125 140 24
125 148 66
126 127 72
126 129 16
126 133 15
126 136 23
126 138 24
126 139 39
126 141 49
126 142 34
126 145 22
126 146 7
127 129 57
127 130 17
127 131 62
127 133 30
127 135 9
127 136 93
127 137 26
127 140 99
127 141 49
127 142 67
127 144 28
127 145 87
127 147 3
127 148 19
127 149 2
128 129 5
128 132 66
128 133 70
128 134 40
128 135 6
128 137 49
128 138 27
128 140 41
128 141 91
128 145 85
128 146 56
128 148 82
128 150 6
129 130 67
129 132 9
129 137 93
129 140 37
129 141 15
129 144 5
129 145 63
129 148 26
129 149 27
130 134 18
130 135 69
130 136 12
130 138 18
130 141 1
130 144 75
130 145 32
130 146 31
130 149 89
131 132 42
131 135 5
131 138 40
131 140 58
131 141 88
131 144 5
131 145 52
131 146 21
132 133 62
132 134 13
132 136 17
132 139 15
132 141 24
132 143 8
132 145 44
132 146 3
132 147 21
133 134 24
133 135 49
133 136 75
133 137 66
133 138 5
133 139 39
133 143 37
133 144 23
133 145 6
133 146 23
133 147 91
133 150 56
134 137 91
134 139 3
134 140 95
134 141 54
134 142 51
134 146 79
135 136 71
135 137 54
135 138 11
135 140 49
135 145 25
135 148 34
136 137 55
136 139 3
136 143 53
136 145 98
137 140 48
137 141 74
137 142 62
137 146 7
137 148 8
138 140 51
138 143 55
138 144 2
138 148 83
138 150 84
139 142 87
139 145 26
139 147 32
139 148 71
139 150 62
140 144 55
140 145 29
140 148 26
140 150 95
141 142 12
141 143 73
141 144 99
141 145 93
142 145 2
142 146 78
142 147 91
142 150 77
143 144 17
143 149 80
143 150 70
144 146 64
144 149 77
144 150 5
145 148 50
145 149 43
146 147 52
146 148 66
146 149 56
146 150 18
147 149 93
148 149 46
149 150 40
1 2 25
1 4 8
1 8 47
1 9 81
1 13 31
1 15 18
1 16 76
1 20 28
1 22 75
1 25 43
1 26 25
1 27 46
1 28 33
1 30 5
1 31 59
1 33 92
1 37 38
1 43 26
1 44 21
1 45 99
1 47 100
1 51 49
1 54 77
1 55 37
1 64 84
1 67 15
1 70 73
1 71 2
1 72 81
1 76 50
1 78 74
1 80 4
1 83 79
1 84 78
1 85 16
1 86 68
1 92 92
1 95 59
1 97 81
1 99 28
1 100 8
1 102 61
1 103 98
1 106 43
1 107 17
1 111 29
1 114 42
1 115 35
1 122 70
1 123 87
1 125 24
1 128 58
1 135 44
1 139 17
1 143 48
1 145 14
1 148 54
1 149 29
2 6 28
2 10 32
2 14 25
2 16 93
2 19 85
2 22 30
2 23 86
2 24 56
2 25 100
2 26 75
2 27 66
2 30 87
2 32 87
2 35 66
2 43 32
2 46 84
2 48 45
2 49 70
2 50 10
2 52 12
2 54 53
2 58 32
2 64 51
2 65 73
2 66 70
2 67 13
2 71 5
2 73 85
2 74 73
2 77 92
2 80 58
2 81 50
2 82 21
2 84 90
2 87 92
2 88 81
2 91 79
2 92 30
2 94 40
2 101 93
2 103 54
2 104 34
2 107 5
2 112 56
2 118 61
2 120 33
2 121 40
2 126 15
2 131 9
2 134 25
2 136 88
2 140 28
2 142 88
2 147 2
3 5 65
3 7 95
3 8 21
3 9 28
3 12 73
3 13 98
3 14 60
3 15 21
3 16 6
3 19 69
3 21 4
3 23 37
3 24 51
3 27 49
3 38 68
3 39 55
3 40 44
3 42 97
3 44 32
3 53 73
3 54 2
3 55 7
3 56 51
3 58 69
3 64 32
3 66 5
3 72 96
3 73 87
3 75 2
3 81 96
3 84 19
3 85 52
3 89 18
3 91 63
3 95 70
3 98 13
3 99 21
3 101 32
3 102 63
3 103 25
3 105 11
3 106 66
3 109 72
3 113 62
3 114 88
3 119 100
3 121 39
3 125 19
3 126 86
3 127 27
3 136 47
3 139 35
3 141 46
3 142 46
3 146 68
3 147 90
3 150 14
4 8 73
4 9 3
4 13 55
4 15 25
4 22 37
4 23 89
4 26 41
4 28 69
4 30 57
4 33 86
4 34 25
4 35 86
4 38 48
4 39 58
4 41 85
4 42 47
4 43 26
4 44 58
4 45 61
4 48 72
4 53 27
4 54 47
4 55 61
4 56 43
4 57 100
4 58 78
4 60 58
4 62 54
4 66 9
4 70 63
4 71 14
4 72 9
4 73 60
4 74 57
4 75 83
4 76 75
4 77 84
4 79 57
4 80 11
4 81 22
4 82 68
4 83 80
4 84 43
4 85 80
4 86 35
4 87 32
4 90 37
4 91 59
4 94 38
4 95 8
4 100 3
4 111 25
4 112 17
4 114 76
4 115 28
4 116 4
4 117 41
4 120 19
4 123 88
4 124 61
4 125 66
4 128 18
4 129 98
4 133 83
4 134 20
4 135 47
4 136 8
4 138 42
4 144 8
4 145 60
4 146 48
4 147 99
4 149 69
4 150 44
5 9 11
5 12 14
5 16 72
5 25 20
5 27 64
5 28 88
5 29 98
5 35 87
5 40 63
5 41 52
5 45 71
5 47 47
5 48 76
5 49 51
5 50 50
5 52 69
5 54 71
5 57 92
5 58 3
5 59 98
5 61 76
5 66 16
5 67 82
5 68 44
5 71 37
5 73 40
5 74 73
5 76 82
5 78 73
5 80 23
5 81 73
5 88 53
5 92 23
5 98 13
5 100 54
5 105 9
5 112 37
5 113 39
5 115 70
5 117 93
5 123 90
5 133 25
5 134 57
5 136 40
5 137 67
5 140 28
5 142 36
5 144 47
5 146 82
5 149 46
5 150 85
6 8 39
6 9 62
6 10 68
6 14 45
6 15 92
6 16 86
6 17 54
6 18 43
6 21 94
6 22 2
6 26 44
6 32 57
6 34 80
6 40 14
6 42 17
6 46 77
6 50 100
6 51 38
6 55 74
6 57 100
6 58 86
6 59 89
6 60 2
6 62 87
6 69 63
6 70 90
6 74 67
6 75 89
6 77 42
6 78 45
6 82 40
6 84 31
6 85 50
6 90 25
6 97 37
6 99 42
6 106 92
6 107 26
6 108 69
6 109 29
6 111 45
6 112 70
6 113 24
6 114 98
6 116 23
6 118 92
6 121 2
6 122 19
6 131 70
6 133 44
6 134 86
6 135 21
6 136 96
6 140 1
6 143 82
6 144 88
6 147 19
6 148 79
6 149 9
6 150 32
7 12 99
7 15 25
7 17 31
7 19 52
7 21 72
7 22 24
7 28 48
7 30 94
7 31 45
7 33 29
7 38 24
7 42 25
7 43 73
7 47 51
7 49 80
7 50 71
7 57 35
7 61 66
7 63 91
7 65 43
7 66 10
7 67 69
7 70 97
7 71 68
7 72 46
7 78 43
7 79 29
7 83 2
7 88 42
7 90 25
7 91 62
7 92 59
7 94 47
7 97 69
7 98 70
7 99 49
7 102 4
7 103 19
7 105 100
7 107 29
7 108 35
7 111 100
7 119 34
7 121 23
7 122 70
7 124 46
7 125 19
7 126 15
7 127 70
7 128 74
7 129 40
7 136 28
7 140 7
7 145 14
7 147 49
7 150 100
8 11 66
8 23 62
8 25 63
8 26 21
8 27 82
8 34 49
8 36 51
8 38 22
8 39 21
8 41 25
8 45 45
8 46 10
8 48 89
8 50 98
8 53 76
8 54 16
8 58 85
8 59 80
8 62 53
8 63 70
8 64 43
8 65 3
8 66 42
8 69 11
8 70 57
8 73 70
8 75 71
8 77 96
8 81 26
8 83 11
8 86 74
8 88 40
8 90 38
8 94 43
8 102 41
8 105 85
8 107 87
8 111 17
8 112 4
8 116 92
8 122 43
8 123 85
8 125 89
8 129 74
8 132 11
8 134 43
8 137 38
8 138 32
8 140 70
8 148 88
8 149 45
8 150 25
9 13 45
9 15 43
9 17 41
9 18 37
9 20 73
9 21 84
9 22 85
9 25 39
9 26 32
9 30 1
9 33 56
9 34 72
9 35 5
9 41 23
9 43 41
9 44 76
9 45 5
9 48 10
9 50 6
9 51 24
9 53 5
9 56 98
9 63 10
9 64 61
9 66 27
9 67 31
9 68 55
9 69 92
9 70 70
9 72 93
9 76 61
9 80 6
9 81 92
9 83 51
9 84 95
9 85 100
9 87 48
9 89 97
9 92 29
9 94 57
9 96 81
9 97 49
9 102 22
9 104 85
9 105 48
9 119 63
9 120 65
9 121 74
9 125 37
9 130 1
9 131 43
9 134 74
9 135 66
9 137 3
9 142 45
9 143 99
9 145 32
9 147 22
9 150 8
10 11 85
10 13 26
10 16 8
10 19 15
10 20 82
10 22 35
10 25 29
10 28 94
10 29 44
10 31 46
10 36 21
10 39 59
10 40 58
10 41 24
10 45 13
10 46 55
10 47 72
10 48 58
10 51 50
10 59 68
10 60 36
10 61 23
10 64 6
10 67 9
10 68 45
10 71 49
10 73 49
10 76 17
10 77 94
10 79 31
10 84 92
10 85 5
10 86 3
10 90 62
10 91 18
10 92 15
10 98 53
10 99 20
10 104 83
10 107 26
10 112 89
10 114 89
10 116 17
10 122 68
10 124 58
10 125 20
10 128 6
10 131 81
10 132 2
10 134 12
10 137 46
10 141 28
10 143 50
11 12 47
11 13 93
11 16 81
11 17 69
11 18 8
11 19 77
11 20 34
11 21 13
11 25 4
11 26 33
11 28 29
11 30 85
11 31 17
11 32 69
11 33 45
11 35 82
11 43 34
11 50 93
11 52 19
11 55 47
11 56 39
11 57 76
11 58 99
11 59 73
11 62 16
11 63 18
11 66 31
11 68 46
11 70 63
11 72 73
11 73 98
11 76 83
11 79 33
11 81 4
11 85 77
11 87 38
11 90 52
11 91 87
11 92 82
11 93 58
11 94 35
11 95 83
11 99 65
11 101 6
11 107 67
11 109 19
11 110 79
11 115 14
11 116 95
11 122 60
11 123 40
11 124 48
11 125 57
11 126 78
11 129 54
11 130 62
11 133 10
11 137 91
11 138 25
11 139 55
11 140 12
11 144 17
11 145 11
11 147 5
11 148 87
11 150 64
12 15 52
12 18 71
12 20 81
12 21 65
12 25 18
12 29 59
12 31 63
12 32 77
12 38 29
12 39 50
12 41 67
12 45 87
12 47 49
12 48 69
12 51 61
12 52 73
12 54 25
12 55 56
12 56 76
12 59 70
12 60 58
12 65 60
12 67 86
12 76 83
12 78 7
12 81 85
12 85 80
12 88 63
12 90 9
12 92 71
12 96 4
12 97 46
12 101 2
12 103 39
12 105 60
12 106 18
12 107 61
12 108 55
12 120 8
12 126 11
12 128 20
12 130 78
12 131 21
12 134 13
12 140 41
12 148 98
12 149 14
13 14 22
13 17 69
13 18 15
13 19 25
13 28 94
13 29 58
13 30 91
13 31 41
13 35 60
13 36 21
13 37 23
13 41 17
13 42 30
13 44 74
13 45 91
13 47 33
13 48 1
13 49 53
13 51 63
13 52 9
13 54 23
13 55 82
13 57 37
13 58 69
13 60 38
13 61 90
13 63 36
13 67 60
13 68 65
13 72 20
13 75 66
13 76 31
13 83 98
13 89 36
13 93 76
13 95 74
13 96 37
13 99 11
13 101 77
13 106 11
13 107 46
13 108 35
13 110 30
13 112 30
13 114 28
13 117 68
13 119 12
13 120 63
13 123 86
13 124 21
13 127 42
13 129 83
13 134 31
13 137 82
13 140 12
13 141 11
13 142 29
13 144 18
13 146 65
13 147 98
14 15 18
14 16 10
14 17 50
14 18 23
14 22 65
14 28 5
14 29 23
14 32 60
14 36 16
14 37 79
14 38 88
14 39 78
14 40 5
14 42 68
14 43 60
14 50 76
14 53 42
14 58 25
14 59 88
14 61 72
14 67 97
14 68 14
14 72 23
14 73 15
14 74 71
14 76 34
14 77 69
14 79 23
14 84 6
14 85 25
14 89 67
14 93 81
14 96 48
14 97 25
14 98 68
14 100 13
14 101 13
14 102 44
14 105 65
14 109 68
14 111 92
14 113 67
14 114 6
14 117 95
14 124 77
14 125 59
14 126 62
14 127 3
14 132 69
14 136 28
14 137 93
14 139 41
14 141 100
14 149 81
15 16 50
15 18 58
15 21 10
15 22 63
15 23 36
15 24 4
15 25 64
15 26 72
15 30 75
15 33 80
15 34 43
15 35 84
15 38 31
15 41 1
15 42 13
15 43 62
15 46 39
15 47 12
15 49 85
15 55 64
15 57 19
15 58 60
15 61 14
15 65 55
15 66 66
15 68 86
15 70 65
15 71 3
15 76 69
15 77 3
15 78 46
15 80 53
15 86 39
15 87 23
15 90 81
15 91 17
15 92 1
15 93 97
15 98 58
15 99 6
15 100 91
15 101 91
15 103 44
15 104 37
15 106 26
15 110 6
15 113 85
15 114 61
15 115 82
15 117 4
15 118 61
15 121 6
15 123 27
15 130 60
15 133 19
15 134 79
15 135 45
15 138 84
15 141 1
15 142 68
15 143 24
15 146 41
16 17 36
16 23 95
16 34 49
16 35 2
16 38 18
16 41 24
16 42 46
16 44 9
16 45 6
16 48 51
16 51 89
16 53 49
16 54 73
16 55 12
16 57 58
16 58 17
16 59 65
16 62 5
16 69 74
16 75 71
16 78 50
16 82 20
16 86 8
16 87 31
16 88 50
16 89 68
16 91 55
16 92 33
16 94 41
16 97 91
16 98 16
16 100 71
16 102 21
16 104 16
16 105 88
16 107 60
16 108 93
16 109 24
16 114 60
16 115 32
16 117 71
16 118 21
16 119 20
16 123 19
16 124 38
16 125 23
16 126 25
16 130 45
16 134 1
16 137 96
16 139 84
16 140 30
16 148 89
16 150 64
17 18 13
17 19 54
17 21 80
17 22 49
17 23 52
17 24 37
17 25 85
17 27 51
17 28 74
17 29 40
17 30 89
17 35 36
17 36 5
17 37 48
17 43 42
17 48 90
17 50 44
17 52 12
17 56 84
17 57 19
17 60 99
17 67 94
17 68 68
17 83 98
17 84 64
17 85 38
17 91 14
17 92 90
17 94 51
17 100 72
17 101 71
17 103 73
17 104 48
17 105 48
17 113 59
17 114 7
17 123 63
17 124 67
17 126 41
17 130 56
17 136 27
17 138 8
17 139 35
17 142 97
17 143 30
17 146 80
17 147 13
17 148 47
17 149 86
18 22 70
18 23 98
18 26 83
18 33 92
18 34 67
18 35 79
18 39 48
18 40 72
18 43 11
18 45 66
18 47 7
18 48 26
18 51 70
18 52 66
18 53 54
18 56 69
18 58 75
18 59 92
18 60 90
18 63 88
18 66 10
18 67 79
18 68 80
18 69 7
18 70 41
18 71 28
18 74 75
18 75 37
18 79 91
18 81 54
18 88 82
18 92 50
18 96 10
18 99 62
18 102 49
18 105 84
18 106 68
18 109 7
18 110 79
18 111 10
18 113 15
18 114 93
18 116 3
18 117 72
18 118 87
18 120 93
18 121 83
18 123 39
18 127 52
18 133 13
18 134 70
18 136 29
18 142 7
18 143 100
18 144 91
18 146 50
18 147 31
18 148 47
18 150 28
19 20 22
19 21 36
19 22 61
19 23 90
19 25 35
19 28 91
19 30 90
19 31 55
19 36 50
19 48 49
19 49 57
19 50 11
19 54 89
19 58 79
19 62 18
19 65 62
19 70 63
19 71 39
19 72 3
19 74 12
19 75 71
19 76 43
19 77 27
19 78 30
19 81 72
19 82 78
19 83 56
19 84 40
19 87 2
19 89 82
19 93 44
19 95 45
19 96 96
19 98 40
19 99 19
19 100 10
19 101 33
19 102 35
19 103 11
19 104 42
19 107 92
19 109 39
19 111 33
19 117 81
19 118 4
19 119 60
19 120 8
19 121 86
19 122 72
19 125 18
19 126 41
19 128 4
19 129 62
19 130 34
19 137 68
19 138 21
19 141 64
19 149 53
20 23 4
20 31 5
20 33 82
20 34 12
20 35 41
20 36 20
20 38 93
20 42 19
20 45 93
20 50 48
20 52 40
20 54 68
20 57 50
20 58 82
20 60 61
20 63 31
20 64 69
20 65 75
20 66 40
20 68 12
20 73 78
20 76 74
20 83 91
20 87 49
20 92 74
20 93 56
20 94 15
20 96 22
20 98 18
20 99 75
20 102 4
20 105 7
20 108 33
20 110 17
20 114 97
20 115 83
20 121 58
20 122 95
20 124 94
20 127 100
20 131 61
20 134 59
20 136 49
20 137 39
