150 10058 1
1 2 40
1 7 57
1 10 42
1 12 75
1 14 5
1 15 3
1 18 70
1 21 28
1 32 82
1 33 2
1 34 8
1 35 89
1 36 15
1 38 20
1 47 33
1 48 54
1 50 86
1 52 32
1 55 16
1 59 2
1 63 42
1 68 62
1 75 38
1 76 73
1 77 31
1 78 56
1 82 2
1 83 63
1 84 10
1 88 41
1 90 74
1 94 12
1 97 47
1 99 21
1 100 27
1 101 56
1 102 25
1 107 79
1 108 90
1 109 12
1 110 15
1 112 20
1 115 100
1 120 50
1 121 52
1 123 72
1 124 52
1 125 31
1 128 15
1 129 18
1 130 80
1 132 69
1 134 44
1 135 56
1 137 82
1 139 83
1 141 5
1 143 5
1 146 94
1 148 34
1 149 51
2 5 32
2 6 17
2 9 93
2 10 51
2 12 28
2 13 75
2 15 92
2 17 97
2 20 80
2 21 22
2 22 79
2 28 79
2 29 11
2 30 52
2 31 20
2 33 26
2 37 82
2 42 70
2 43 23
2 45 1
2 46 72
2 47 47
2 48 75
2 50 50
2 51 90
2 53 78
2 55 37
2 57 85
2 58 53
2 59 19
2 60 74
2 64 20
2 66 84
2 67 67
2 68 20
2 76 35
2 78 39
2 80 91
2 81 2
2 83 78
2 93 53
2 97 56
2 102 51
2 103 27
2 104 49
2 105 30
2 106 22
2 111 12
2 112 36
2 113 42
2 118 53
2 123 84
2 124 42
2 125 74
2 126 37
2 128 58
2 129 3
2 133 14
2 134 11
2 139 71
2 140 64
2 141 34
2 142 65
2 144 83
2 145 8
2 146 83
3 13 26
3 15 36
3 16 20
3 18 9
3 19 96
3 22 95
3 24 82
3 31 4
3 34 75
3 35 79
3 38 95
3 42 94
3 43 7
3 45 14
3 47 67
3 50 71
3 51 68
3 59 88
3 61 17
3 62 38
3 63 22
3 64 61
3 66 81
3 72 82
3 74 32
3 78 69
3 83 25
3 88 34
3 94 71
3 102 66
3 104 12
3 105 35
3 106 77
3 109 51
3 110 3
3 111 60
3 113 36
3 115 73
3 117 59
3 118 67
3 119 75
3 120 49
3 125 79
3 127 24
3 129 56
3 130 31
3 133 9
3 135 44
3 140 91
3 141 63
3 142 46
3 144 63
3 145 75
3 147 55
3 150 89
4 7 71
4 12 41
4 13 94
4 21 17
4 22 40
4 23 1
4 24 35
4 31 82
4 33 92
4 34 15
4 35 22
4 37 48
4 38 91
4 40 6
4 41 63
4 44 29
4 50 13
4 53 38
4 54 98
4 56 37
4 57 69
4 58 51
4 59 82
4 60 68
4 61 37
4 62 11
4 68 100
4 70 10
4 72 23
4 75 46
4 82 55
4 84 65
4 87 60
4 88 66
4 89 18
4 91 85
4 92 70
4 94 98
4 95 49
4 98 10
4 101 31
4 105 91
4 107 55
4 108 51
4 110 53
4 111 96
4 112 58
4 113 6
4 116 71
4 122 6
4 125 58
4 126 34
4 135 87
4 137 52
4 142 53
4 143 88
4 144 65
4 145 3
4 148 72
4 150 98
5 6 34
5 10 57
5 12 21
5 13 74
5 14 27
5 19 94
5 21 76
5 24 9
5 25 99
5 26 63
5 27 15
5 29 25
5 30 4
5 31 37
5 36 25
5 37 44
5 38 48
5 42 67
5 43 45
5 44 54
5 48 14
5 55 93
5 57 35
5 59 38
5 60 31
5 61 90
5 64 35
5 65 44
5 69 54
5 70 44
5 73 79
5 78 54
5 79 62
5 80 1
5 82 60
5 84 11
5 85 67
5 86 85
5 87 69
5 91 11
5 93 27
5 100 4
5 104 97
5 106 62
5 107 87
5 109 47
5 111 36
5 112 19
5 114 94
5 116 51
5 117 47
5 122 61
5 124 56
5 126 66
5 127 22
5 134 22
5 136 56
5 140 16
5 143 52
5 144 18
5 146 95
5 147 21
6 7 14
6 17 71
6 30 24
6 31 16
6 40 10
6 42 4
6 45 73
6 46 51
6 48 25
6 52 32
6 61 48
6 64 73
6 66 81
6 67 53
6 69 22
6 71 34
6 73 53
6 77 62
6 78 94
6 86 53
6 87 34
6 89 96
6 90 79
6 91 44
6 93 95
6 94 34
6 95 84
6 97 5
6 105 24
6 107 2
6 108 39
6 110 48
6 112 80
6 113 86
6 118 77
6 120 4
6 121 21
6 126 31
6 127 16
6 128 30
6 129 13
6 131 6
6 133 68
6 137 14
6 145 88
6 146 8
6 147 13
6 149 89
7 8 19
7 18 68
7 19 2
7 20 83
7 28 76
7 29 94
7 35 45
7 40 81
7 41 86
7 42 65
7 43 25
7 45 73
7 52 11
7 55 9
7 56 79
7 57 40
7 59 85
7 60 11
7 61 23
7 64 5
7 65 68
7 66 51
7 69 39
7 76 28
7 78 43
7 80 14
7 84 54
7 89 89
7 90 43
7 91 32
7 92 69
7 94 61
7 98 78
7 100 54
7 101 9
7 105 26
7 106 66
7 107 4
7 108 42
7 110 10
7 111 62
7 112 81
7 117 39
7 118 68
7 120 21
7 125 67
7 126 61
7 127 58
7 132 50
7 134 94
7 136 20
7 141 22
7 143 96
7 147 35
7 148 49
7 149 91
7 150 88
8 10 22
8 11 21
8 13 75
8 16 97
8 19 100
8 20 73
8 22 38
8 24 67
8 25 69
8 26 71
8 27 59
8 32 96
8 33 75
8 34 41
8 36 59
8 37 80
8 39 94
8 40 1
8 41 16
8 43 96
8 47 49
8 50 29
8 51 75
8 52 84
8 53 9
8 55 53
8 58 38
8 60 92
8 65 1
8 66 78
8 68 75
8 69 88
8 71 1
8 73 1
8 74 39
8 75 14
8 76 80
8 78 36
8 79 97
8 82 97
8 83 48
8 84 62
8 91 13
8 94 76
8 95 71
8 99 98
8 100 81
8 103 49
8 109 79
8 111 82
8 113 82
8 114 79
8 123 28
8 124 90
8 126 7
8 127 34
8 131 83
8 132 68
8 136 24
8 140 17
8 142 99
8 144 5
8 149 13
8 150 95
9 13 89
9 14 17
9 15 75
9 17 4
9 18 16
9 20 20
9 23 7
9 28 87
9 29 39
9 32 73
9 36 46
9 37 28
9 39 7
9 41 77
9 42 69
9 44 59
9 45 8
9 47 63
9 49 15
9 51 92
9 52 22
9 55 3
9 58 22
9 59 74
9 61 29
9 62 35
9 64 80
9 66 16
9 69 69
9 71 98
9 76 24
9 78 42
9 81 36
9 90 98
9 94 26
9 95 70
9 96 29
9 97 11
9 98 30
9 99 36
9 100 22
9 101 41
9 109 70
9 110 20
9 113 5
9 116 50
9 119 92
9 120 41
9 122 18
9 125 92
9 127 6
9 129 52
9 139 89
9 150 11
10 12 22
10 13 58
10 16 66
10 18 60
10 19 5
10 22 75
10 23 92
10 26 96
10 27 33
10 28 89
10 30 68
10 33 76
10 34 90
10 44 98
10 45 93
10 46 86
10 50 20
10 52 49
10 53 87
10 54 5
10 55 7
10 57 30
10 59 21
10 65 57
10 68 61
10 71 31
10 73 91
10 74 31
10 75 56
10 76 3
10 77 11
10 80 100
10 83 18
10 84 5
10 86 36
10 87 16
10 90 63
10 97 93
10 102 92
10 103 8
10 104 1
10 105 50
10 106 72
10 109 43
10 111 51
10 112 87
10 114 49
10 115 98
10 118 60
10 121 37
10 123 100
10 131 55
10 133 54
10 137 51
10 142 39
10 146 73
11 12 92
11 14 88
11 15 37
11 16 97
11 19 58
11 20 42
11 21 50
11 23 9
11 28 24
11 29 49
11 32 35
11 38 4
11 40 17
11 41 28
11 43 90
11 44 49
11 48 57
11 50 100
11 54 46
11 56 90
11 57 58
11 58 75
11 59 14
11 60 75
11 63 88
11 71 100
11 73 8
11 74 80
11 77 86
11 78 16
11 85 64
11 88 50
11 89 3
11 91 67
11 92 90
11 95 27
11 100 64
11 103 3
11 104 35
11 105 50
11 106 47
11 108 15
11 109 88
11 111 78
11 115 49
11 116 38
11 120 21
11 121 41
11 125 9
11 127 46
11 129 44
11 130 100
11 132 33
11 133 25
11 135 98
11 136 42
11 139 24
11 141 8
11 144 56
11 146 76
11 147 84
11 148 74
11 149 24
12 16 80
12 18 79
12 20 57
12 22 66
12 25 50
12 28 71
12 32 59
12 36 21
12 37 15
12 44 47
12 45 81
12 48 100
12 51 34
12 53 49
12 54 86
12 55 11
12 56 84
12 65 30
12 66 54
12 69 92
12 70 72
12 74 79
12 81 20
12 82 12
12 83 93
12 84 50
12 85 43
12 86 68
12 91 48
12 92 42
12 96 53
12 97 39
12 99 30
12 103 94
12 104 42
12 107 41
12 109 69
12 110 30
12 112 39
12 117 72
12 120 39
12 121 43
12 122 36
12 125 27
12 128 38
12 129 22
12 131 76
12 132 81
12 136 19
12 137 45
12 138 65
12 141 97
12 145 93
12 150 74
13 14 100
13 16 67
13 21 39
13 22 10
13 26 10
13 30 73
13 33 83
13 36 66
13 37 20
13 40 1
13 42 63
13 48 75
13 50 26
13 53 46
13 54 88
13 57 99
13 64 16
13 68 18
13 69 37
13 70 9
13 72 47
13 73 76
13 74 99
13 75 25
13 77 83
13 81 16
13 82 1
13 83 60
13 90 37
13 91 2
13 96 7
13 101 68
13 104 1
13 107 61
13 109 94
13 112 98
13 114 54
13 115 18
13 120 32
13 121 3
13 125 52
13 130 33
13 131 45
13 133 40
13 140 10
13 141 71
13 142 16
13 147 53
13 148 39
14 19 72
14 20 22
14 23 35
14 26 54
14 27 22
14 29 44
14 37 46
14 38 97
14 43 48
14 48 54
14 50 10
14 53 41
14 55 1
14 59 100
14 60 4
14 61 81
14 64 29
14 65 70
14 68 20
14 69 2
14 73 8
14 76 90
14 77 7
14 79 98
14 82 12
14 86 46
14 87 80
14 90 46
14 92 46
14 93 96
14 97 35
14 99 42
14 101 64
14 103 14
14 104 41
14 105 22
14 107 68
14 109 57
14 110 35
14 111 47
14 113 52
14 114 50
14 116 69
14 118 21
14 121 23
14 132 70
14 133 52
14 135 75
14 138 40
14 141 22
14 144 42
14 147 25
14 148 83
15 16 94
15 21 9
15 22 42
15 23 18
15 27 43
15 28 80
15 29 20
15 31 65
15 32 21
15 36 78
15 37 48
15 38 88
15 40 89
15 41 92
15 43 2
15 49 91
15 53 32
15 61 81
15 62 57
15 63 40
15 65 88
15 67 49
15 70 89
15 71 79
15 73 77
15 75 22
15 79 19
15 82 79
15 85 7
15 89 66
15 90 20
15 91 5
15 92 92
15 93 86
15 94 61
15 96 25
15 97 77
15 99 65
15 103 27
15 107 43
15 108 30
15 109 85
15 111 27
15 112 19
15 118 97
15 121 58
15 123 53
15 126 69
15 127 22
15 132 72
15 133 61
15 140 100
15 141 76
15 147 36
16 18 30
16 21 16
16 23 54
16 26 71
16 29 84
16 31 78
16 32 13
16 34 33
16 35 98
16 37 63
16 38 87
16 39 73
16 45 51
16 47 15
16 50 78
16 53 26
16 54 52
16 55 19
16 56 46
16 58 30
16 59 33
16 61 81
16 67 94
16 68 77
16 73 59
16 81 100
16 82 16
16 85 5
16 91 94
16 92 76
16 94 14
16 97 32
16 99 69
16 100 64
16 101 75
16 104 62
16 105 19
16 110 93
16 112 60
16 113 43
16 114 1
16 120 20
16 121 22
16 122 13
16 123 44
16 127 95
16 132 17
16 133 62
16 134 88
16 135 87
16 137 27
16 139 77
16 142 77
16 143 95
16 145 69
16 149 88
16 150 39
17 18 55
17 20 59
17 25 24
17 28 58
17 34 29
17 35 24
17 37 31
17 38 72
17 41 61
17 47 55
17 50 56
17 54 6
17 56 5
17 57 57
17 59 91
17 61 12
17 62 75
17 66 77
17 69 97
17 70 17
17 73 15
17 74 83
17 76 80
17 78 44
17 81 45
17 82 72
17 83 49
17 85 63
17 86 26
17 89 19
17 90 39
17 92 9
17 93 15
17 95 74
17 98 31
17 102 66
17 104 66
17 108 32
17 110 32
17 112 68
17 113 34
17 117 86
17 121 64
17 122 12
17 125 7
17 127 54
17 128 43
17 130 39
17 132 38
17 135 56
17 139 28
17 140 33
17 141 20
17 145 91
17 146 75
17 147 4
17 148 97
17 149 73
18 19 28
18 20 77
18 21 98
18 22 14
18 23 35
18 25 59
18 29 35
18 30 62
18 34 22
18 35 81
18 39 5
18 40 99
18 42 3
18 43 46
18 44 11
18 47 8
18 48 42
18 52 47
18 55 73
18 56 20
18 58 37
18 60 76
18 62 31
18 63 58
18 64 99
18 68 80
18 73 91
18 80 22
18 86 92
18 93 19
18 95 2
18 96 70
18 99 24
18 100 72
18 104 37
18 105 94
18 107 15
18 108 78
18 109 44
18 110 15
18 112 99
18 114 21
18 116 73
18 120 91
18 121 57
18 126 57
18 127 52
18 131 51
18 132 25
18 134 56
18 136 84
18 143 68
18 146 20
18 148 97
19 21 98
19 22 19
19 23 42
19 24 4
19 25 34
19 27 41
19 30 26
19 32 97
19 37 54
19 38 38
19 45 98
19 46 8
19 49 19
19 53 98
19 56 13
19 59 96
19 60 46
19 61 87
19 63 87
19 64 65
19 68 59
19 70 36
19 73 28
19 74 9
19 79 83
19 80 87
19 81 47
19 83 17
19 84 68
19 85 65
19 86 35
19 87 14
19 92 88
19 96 2
19 97 21
19 100 25
19 104 26
19 105 54
19 111 20
19 113 61
19 115 23
19 120 68
19 123 47
19 124 16
19 127 86
19 131 30
19 133 5
19 136 19
19 140 74
19 141 34
19 143 75
19 144 87
19 145 27
19 148 84
19 149 24
20 22 53
20 25 25
20 26 98
20 30 78
20 32 75
20 35 15
20 38 94
20 41 59
20 44 18
20 45 13
20 46 84
20 47 32
20 48 91
20 51 92
20 52 12
20 53 38
20 54 2
20 57 12
20 63 11
20 64 61
20 66 92
20 68 65
20 69 90
20 71 43
20 72 13
20 78 93
20 82 82
20 87 100
20 89 84
20 92 99
20 93 69
20 95 45
20 98 17
20 99 36
20 102 92
20 103 60
20 110 6
20 112 51
20 114 2
20 115 14
20 116 91
20 117 59
20 118 4
20 119 27
20 123 20
20 124 12
20 125 85
20 128 38
20 133 46
20 137 40
20 138 21
20 140 46
20 142 18
20 144 73
20 147 7
20 150 36
21 27 84
21 28 87
21 32 77
21 42 7
21 45 47
21 46 82
21 48 44
21 50 88
21 51 53
21 52 96
21 53 68
21 54 41
21 56 63
21 64 52
21 65 51
21 68 93
21 69 64
21 70 89
21 72 28
21 73 31
21 74 48
21 75 64
21 77 53
21 78 85
21 82 27
21 89 91
21 91 47
21 92 26
21 93 83
21 94 57
21 98 63
21 99 15
21 100 83
21 104 52
21 110 10
21 115 17
21 116 14
21 117 54
21 123 19
21 125 95
21 127 27
21 130 80
21 137 19
21 140 35
21 147 49
21 149 29
21 150 4
22 23 42
22 24 3
22 28 90
22 34 26
22 35 3
22 37 13
22 41 92
22 47 16
22 48 64
22 49 41
22 52 22
22 54 86
22 55 33
22 62 77
22 64 5
22 68 18
22 78 96
22 87 23
22 88 42
22 89 27
22 92 34
22 96 76
22 98 30
22 99 70
22 100 44
22 103 67
22 105 85
22 106 25
22 114 78
22 117 50
22 118 57
22 122 88
22 123 77
22 128 27
22 133 9
22 141 56
22 142 39
22 145 85
22 146 46
22 147 62
23 26 39
23 31 81
23 32 7
23 33 38
23 35 93
23 38 51
23 40 31
23 41 94
23 42 76
23 46 93
23 50 32
23 53 30
23 54 82
23 59 6
23 61 39
23 63 27
23 64 89
23 67 24
23 68 40
23 70 3
23 73 49
23 77 82
23 81 40
23 82 9
23 84 54
23 85 28
23 87 60
23 89 72
23 90 91
23 93 20
23 94 94
23 97 68
23 102 89
23 105 30
23 108 22
23 110 88
23 111 12
23 112 11
23 114 3
23 115 45
23 118 44
23 121 10
23 123 68
23 129 80
23 131 6
23 132 60
23 136 100
23 140 77
23 142 91
23 146 34
23 148 59
23 149 45
23 150 61
24 26 14
24 27 43
24 29 69
24 31 9
24 32 79
24 36 29
24 40 51
24 41 42
24 44 39
24 45 13
24 47 48
24 51 42
24 53 51
24 54 57
24 55 36
24 57 38
24 59 100
24 60 17
24 61 5
24 62 4
24 63 57
24 67 82
24 68 35
24 70 31
24 73 79
24 75 79
24 76 71
24 78 13
24 79 63
24 80 13
24 81 10
24 82 14
24 83 81
24 84 67
24 87 58
24 91 49
24 96 99
24 98 29
24 102 98
24 105 24
24 106 98
24 108 100
24 110 51
24 114 52
24 115 34
24 116 83
24 118 65
24 122 3
24 124 31
24 126 70
24 133 69
24 134 54
24 137 65
24 140 39
24 141 24
24 142 21
24 143 55
24 148 22
24 149 41
24 150 61
25 26 86
25 28 92
25 30 55
25 34 36
25 37 23
25 41 68
25 44 10
25 45 1
25 46 55
25 51 33
25 52 45
25 55 51
25 57 2
25 60 82
25 67 52
25 69 60
25 71 87
25 75 93
25 82 41
25 88 29
25 89 97
25 90 35
25 92 53
25 93 94
25 95 17
25 97 83
25 105 2
25 108 71
25 110 64
25 111 19
25 112 91
25 117 85
25 118 7
25 119 40
25 120 16
25 126 54
25 129 65
25 130 51
25 133 10
25 136 12
25 138 42
25 144 93
25 149 10
25 150 41
26 27 73
26 28 53
26 30 49
26 32 60
26 35 3
26 36 78
26 43 43
26 50 86
26 52 71
26 53 9
26 56 44
26 58 54
26 59 73
26 60 35
26 61 99
26 62 47
26 63 44
26 66 42
26 68 62
26 71 73
26 73 50
26 74 78
26 77 74
26 78 12
26 81 67
26 85 81
26 86 99
26 89 64
26 90 19
26 93 80
26 94 55
26 95 39
26 98 84
26 99 61
26 100 66
26 102 85
26 104 95
26 106 4
26 110 33
26 113 71
26 114 49
26 115 32
26 117 62
26 118 84
26 122 36
26 127 39
26 129 31
26 134 51
26 136 49
26 139 42
26 142 56
26 144 83
27 29 57
27 35 77
27 38 79
27 43 48
27 44 81
27 45 5
27 48 39
27 50 70
27 51 22
27 52 24
27 55 68
27 57 55
27 62 85
27 68 39
27 70 76
27 72 93
27 76 26
27 79 79
27 83 70
27 84 98
27 85 45
27 91 44
27 95 61
27 96 51
27 97 45
27 98 61
27 99 88
27 101 61
27 102 80
27 104 36
27 105 3
27 109 57
27 112 2
27 113 78
27 117 61
27 118 15
27 120 79
27 122 1
27 125 90
27 127 47
27 128 7
27 129 88
27 134 6
27 135 26
27 139 7
27 140 6
27 141 41
27 144 54
27 147 67
27 148 47
28 29 45
28 33 24
28 35 66
28 37 33
28 38 44
28 40 22
28 46 26
28 50 44
28 52 30
28 53 19
28 55 44
28 57 7
28 59 65
28 61 20
28 63 46
28 65 100
28 68 96
28 69 13
28 70 61
28 72 83
28 73 15
28 77 6
28 78 4
28 79 87
28 84 1
28 86 46
28 87 4
28 88 27
28 92 14
28 94 9
28 99 47
28 103 84
28 106 87
28 107 37
28 110 53
28 113 20
28 121 95
28 122 19
28 124 61
28 131 70
28 135 60
28 138 94
28 142 50
28 147 48
28 150 18
29 30 79
29 31 87
29 32 35
29 33 51
29 38 53
29 41 59
29 46 64
29 50 26
29 55 9
29 64 34
29 70 97
29 74 2
29 75 12
29 78 7
29 79 83
29 82 86
29 83 87
29 84 17
29 88 76
29 91 82
29 93 76
29 95 93
29 96 52
29 106 90
29 108 49
29 109 89
29 111 49
29 112 3
29 118 18
29 123 62
29 124 45
29 129 48
29 133 34
29 139 37
29 140 76
29 143 56
29 144 11
29 145 27
29 147 62
29 149 51
29 150 56
30 33 19
30 35 73
30 36 62
30 38 43
30 41 18
30 42 60
30 45 24
30 50 44
30 51 99
30 52 78
30 56 71
30 57 99
30 58 76
30 59 47
30 61 96
30 62 77
30 63 65
30 64 46
30 65 14
30 66 6
30 67 35
30 72 69
30 73 27
30 76 56
30 79 76
30 80 35
30 81 17
30 85 58
30 91 66
30 96 74
30 97 47
30 98 40
30 99 100
30 102 58
30 106 62
30 108 79
30 112 58
30 120 21
30 122 52
30 124 48
30 125 39
30 127 59
30 128 7
30 133 62
30 135 45
30 136 20
30 137 53
30 143 82
30 150 32
31 32 42
31 37 25
31 38 25
31 39 9
31 43 30
31 45 15
31 47 29
31 49 55
31 50 29
31 51 14
31 53 67
31 54 72
31 55 32
31 57 51
31 58 27
31 60 89
31 61 89
31 62 94
31 66 15
31 67 85
31 70 57
31 72 99
31 73 3
31 78 68
31 83 91
31 84 81
31 85 16
31 86 51
31 90 95
31 91 79
31 94 60
31 95 31
31 98 63
31 102 94
31 105 71
31 107 76
31 109 73
31 110 51
31 117 62
31 121 86
31 122 68
31 129 66
31 131 5
31 135 85
31 138 26
31 148 41
32 33 90
32 35 85
32 37 78
32 38 52
32 39 19
32 40 41
32 49 29
32 52 85
32 53 83
32 54 74
32 55 60
32 56 33
32 60 75
32 61 58
32 64 79
32 69 64
32 77 45
32 83 46
32 86 78
32 89 98
32 90 87
32 93 81
32 97 56
32 102 56
32 103 53
32 105 35
32 112 24
32 113 4
32 115 39
32 117 2
32 120 10
32 122 58
32 124 55
32 125 64
32 126 6
32 127 62
32 128 4
32 129 39
32 137 74
32 140 65
32 141 88
32 143 44
32 144 65
32 146 77
32 147 52
33 34 13
33 36 32
33 39 46
33 40 17
33 41 68
33 42 3
33 44 77
33 46 5
33 48 15
33 49 76
33 50 66
33 51 44
33 56 30
33 58 29
33 59 65
33 61 24
33 63 2
33 67 48
33 69 72
33 70 75
33 71 53
33 76 38
33 78 7
33 79 83
33 80 36
33 82 84
33 83 47
33 85 12
33 87 52
33 88 1
33 91 36
33 93 91
33 94 62
33 96 8
33 97 60
33 99 2
33 102 50
33 103 60
33 104 88
33 107 68
33 111 55
33 112 72
33 114 95
33 116 86
33 117 62
33 118 6
33 119 87
33 122 70
33 123 54
33 124 78
33 129 89
33 131 23
33 134 47
33 137 12
33 141 46
33 144 53
33 146 3
33 149 91
33 150 25
34 37 77
34 40 1
34 41 71
34 43 59
34 44 92
34 45 92
34 48 63
34 50 81
34 55 61
34 57 25
34 59 83
34 60 79
34 61 79
34 62 36
34 66 22
34 68 53
34 69 22
34 70 50
34 72 9
34 75 85
34 76 36
34 78 11
34 81 63
34 85 84
34 86 80
34 87 5
34 88 2
34 90 52
34 94 60
34 95 35
34 96 65
34 98 1
34 99 79
34 101 54
34 102 54
34 104 26
34 105 38
34 106 2
34 109 40
34 111 44
34 114 37
34 116 49
34 117 32
34 122 3
34 129 75
34 131 61
34 133 76
34 135 46
34 137 35
34 144 74
34 145 93
34 146 35
34 147 84
34 148 98
35 39 98
35 43 89
35 48 26
35 51 15
35 52 60
35 57 52
35 58 58
35 60 97
35 62 87
35 66 11
35 69 59
35 73 73
35 75 10
35 79 75
35 82 43
35 84 40
35 86 56
35 87 25
35 93 12
35 99 99
35 102 8
35 112 6
35 117 55
35 119 53
35 122 2
35 123 52
35 124 29
35 127 14
35 129 7
35 131 98
35 132 30
35 133 45
35 138 19
35 141 8
35 143 17
35 145 31
35 149 65
35 150 43
36 41 97
36 46 41
36 47 66
36 50 76
36 53 54
36 55 36
36 56 61
36 58 42
36 62 31
36 63 79
36 64 69
36 65 53
36 68 91
36 71 31
36 72 84
36 73 47
36 74 87
36 75 15
36 79 96
36 80 17
36 81 2
36 82 60
36 83 87
36 86 95
36 87 71
36 90 81
36 93 34
36 94 36
36 95 6
36 98 92
36 99 54
36 106 5
36 109 77
36 115 39
36 117 21
36 120 18
36 121 84
36 127 7
36 130 88
36 131 51
36 134 34
36 136 97
36 137 43
36 140 99
36 144 28
36 146 92
37 39 94
37 41 56
37 43 20
37 44 92
37 45 70
37 47 20
37 50 38
37 52 72
37 55 30
37 58 20
37 60 78
37 65 27
37 66 88
37 67 91
37 68 52
37 69 72
37 73 27
37 74 86
37 75 28
37 81 11
37 88 10
37 91 1
37 92 1
37 93 63
37 94 40
37 97 96
37 99 8
37 100 43
37 106 1
37 108 16
37 113 56
37 115 77
37 116 1
37 119 57
37 121 67
37 126 51
37 133 19
37 134 47
37 138 56
37 139 66
37 142 74
37 146 89
37 149 56
38 41 61
38 42 58
38 43 64
38 44 21
38 45 21
38 48 56
38 50 90
38 57 32
38 60 55
38 65 6
38 67 98
38 71 16
38 73 98
38 75 26
38 77 56
38 79 85
38 82 59
38 83 37
38 86 22
38 87 6
38 91 80
38 92 59
38 93 48
38 95 39
38 98 18
38 99 37
38 101 2
38 105 1
38 107 45
38 109 83
38 111 3
38 113 39
38 117 7
38 119 67
38 130 30
38 131 44
38 134 63
38 135 89
38 136 85
38 139 62
38 141 22
38 143 73
38 145 53
38 148 68
38 149 79
39 44 69
39 46 84
39 47 11
39 52 21
39 53 43
39 55 81
39 56 96
39 58 34
39 60 100
39 61 44
39 62 36
39 63 92
39 65 66
39 67 100
39 68 84
39 70 93
39 71 99
39 73 83
39 74 57
39 81 29
39 85 54
39 92 94
39 93 90
39 96 40
39 99 64
39 102 8
39 104 44
39 106 25
39 107 79
39 108 98
39 109 22
39 110 58
39 113 23
39 114 90
39 115 21
39 119 94
39 121 25
39 124 4
39 128 71
39 131 12
39 133 4
39 137 5
39 138 22
39 145 49
39 148 41
40 43 30
40 46 12
40 48 25
40 49 57
40 51 43
40 52 70
40 54 70
40 57 48
40 60 48
40 64 6
40 65 50
40 71 97
40 73 57
40 77 7
40 81 53
40 83 51
40 85 67
40 86 79
40 88 45
40 89 50
40 96 54
40 97 83
40 98 45
40 99 91
40 102 58
40 104 57
40 107 76
40 108 5
40 109 24
40 110 100
40 111 47
40 119 91
40 120 5
40 121 3
40 122 50
40 123 81
40 128 8
40 132 61
40 133 53
40 134 73
40 138 37
40 139 43
40 140 59
40 142 37
40 146 71
40 149 78
41 44 11
41 45 99
41 46 43
41 47 17
41 48 14
41 55 8
41 56 99
41 59 4
41 60 97
41 61 5
41 65 60
41 67 30
41 68 28
41 69 16
41 71 13
41 77 29
41 78 41
41 80 20
41 82 18
41 83 3
41 86 41
41 88 77
41 92 56
41 93 6
41 95 7
41 98 7
41 100 73
41 101 80
41 103 22
41 104 90
41 105 11
41 106 76
41 112 13
41 115 7
41 116 65
41 119 49
41 120 93
41 121 34
41 124 96
41 125 33
41 129 34
41 133 98
41 134 41
41 136 69
41 138 20
41 142 14
41 145 39
41 148 73
41 149 28
42 47 84
42 48 45
42 49 20
42 50 90
42 56 32
42 57 29
42 59 2
42 61 40
42 62 61
42 64 70
42 71 1
42 83 95
42 84 59
42 86 34
42 87 38
42 88 76
42 91 95
42 93 85
42 94 31
42 96 45
42 97 66
42 106 3
42 108 79
42 111 63
42 112 59
42 117 23
42 122 61
42 125 57
42 127 45
42 128 61
42 134 24
42 135 45
42 136 36
42 140 19
42 142 8
42 144 69
42 146 39
42 150 84
43 47 22
43 52 36
43 53 52
43 61 13
43 63 66
43 65 41
43 66 61
43 69 67
43 76 74
43 79 8
43 80 84
43 81 7
43 82 56
43 88 31
43 91 92
43 92 7
43 94 63
43 95 73
43 96 24
43 98 1
43 100 36
43 101 8
43 104 54
43 106 72
43 107 43
43 108 46
43 111 53
43 112 28
43 117 74
43 118 80
43 119 66
43 121 60
43 124 30
43 127 97
43 129 65
43 137 75
43 138 74
43 140 19
43 141 91
43 143 100
43 144 23
43 146 18
43 148 79
43 150 3
44 46 56
44 49 84
44 55 94
44 61 10
44 62 29
44 63 43
44 64 91
44 65 55
44 68 70
44 72 64
44 80 93
44 81 70
44 85 55
44 86 40
44 90 59
44 91 83
44 92 81
44 93 60
44 94 20
44 100 2
44 101 59
44 103 53
44 105 64
44 106 34
44 109 5
44 112 88
44 114 11
44 115 44
44 116 92
44 117 82
44 121 39
44 124 25
44 127 90
44 130 44
44 131 21
44 132 1
44 135 67
44 136 64
44 137 3
44 143 31
44 145 82
44 146 82
44 147 73
44 150 88
45 47 22
45 49 20
45 52 15
45 54 89
45 57 44
45 59 40
45 60 88
45 61 31
45 62 35
45 64 30
45 65 75
45 66 48
45 68 87
45 71 71
45 72 24
45 75 72
45 78 49
45 79 7
45 83 80
45 87 27
45 89 68
45 90 17
45 92 3
45 94 30
45 97 42
45 99 99
45 100 15
45 106 40
45 108 21
45 110 17
45 111 28
45 116 84
45 117 71
45 118 32
45 119 4
45 121 98
45 124 65
45 125 64
45 126 36
45 130 28
45 132 17
45 144 36
45 146 46
45 148 8
46 48 54
46 49 42
46 51 66
46 52 67
46 55 84
46 56 36
46 57 97
46 60 95
46 62 88
46 63 30
46 65 29
46 71 63
46 72 28
46 73 14
46 74 79
46 76 89
46 81 69
46 82 100
46 83 82
46 85 83
46 86 96
46 88 64
46 92 37
46 97 45
46 98 95
46 101 88
46 103 63
46 107 15
46 111 61
46 113 66
46 115 23
46 121 39
46 129 37
46 131 34
46 136 19
46 140 14
46 142 13
46 144 38
46 149 75
47 49 50
47 50 57
47 54 6
47 56 40
47 58 43
47 59 39
47 60 60
47 61 73
47 64 83
47 65 64
47 67 79
47 69 13
47 72 85
47 76 54
47 77 19
47 80 24
47 81 19
47 83 7
47 85 4
47 86 83
47 87 97
47 88 74
47 89 9
47 90 85
47 93 12
47 94 64
47 103 96
47 104 2
47 105 49
47 106 56
47 111 65
47 116 91
47 119 37
47 121 100
47 126 90
47 127 43
47 128 81
47 129 89
47 130 92
47 137 89
47 138 12
47 141 100
47 142 84
47 148 24
47 150 2
48 50 24
48 52 93
48 60 17
48 61 40
48 62 14
48 67 23
48 69 90
48 73 60
48 74 26
48 83 2
48 84 83
48 93 10
48 97 100
48 98 83
48 101 87
48 106 16
48 110 2
48 111 73
48 112 47
48 115 41
48 118 81
48 119 93
48 123 14
48 124 46
48 125 28
48 127 80
48 129 39
48 131 74
48 132 69
48 133 26
48 135 79
48 137 96
48 138 60
48 139 1
48 143 61
48 144 9
48 148 9
48 149 46
49 53 82
49 57 4
49 59 100
49 61 100
49 62 36
49 63 32
49 65 21
49 72 41
49 77 65
49 79 26
49 82 22
49 83 70
49 90 62
49 92 93
49 99 59
49 100 71
49 103 52
49 107 54
49 108 34
49 109 22
49 111 94
49 114 22
49 117 20
49 119 100
49 121 63
49 127 25
49 129 43
49 130 86
49 134 2
49 135 69
49 139 93
49 142 45
49 145 38
49 150 99
50 52 67
50 55 24
50 56 50
50 59 29
50 61 22
50 63 74
50 64 26
50 66 12
50 67 46
50 68 90
50 71 36
50 76 33
50 77 100
50 78 1
50 79 37
50 80 97
50 83 9
50 84 52
50 85 13
50 91 68
50 93 77
50 95 16
50 96 25
50 97 70
50 100 2
50 102 28
50 103 75
50 106 21
50 108 97
50 110 86
50 111 30
50 112 9
50 113 73
50 114 65
50 115 1
50 116 92
50 117 44
50 122 84
50 126 5
50 131 62
50 132 78
50 134 27
50 140 54
50 143 86
51 53 34
51 54 64
51 55 38
51 56 99
51 60 82
51 62 74
51 63 100
51 66 23
51 72 24
51 73 73
51 80 16
51 81 42
51 86 24
51 87 3
51 90 50
51 96 93
51 97 59
51 102 68
51 104 92
51 108 28
51 111 98
51 114 52
51 115 100
51 118 79
51 120 76
51 122 30
51 123 51
51 124 29
51 125 27
51 127 42
51 129 90
51 135 62
51 139 18
51 141 53
51 146 54
51 147 5
52 53 6
52 55 25
52 60 71
52 65 67
52 69 39
52 70 12
52 71 33
52 73 8
52 74 4
52 76 82
52 77 14
52 83 33
52 85 17
52 87 32
52 88 95
52 89 55
52 91 76
52 92 61
52 95 90
52 96 49
52 100 34
52 101 89
52 106 60
52 108 44
52 109 77
52 111 81
52 112 12
52 116 94
52 120 10
52 125 35
52 126 13
52 127 62
52 132 4
52 136 79
52 138 1
52 140 85
52 148 80
53 59 49
53 64 17
53 70 39
53 73 63
53 76 73
53 79 3
53 80 89
53 81 92
53 83 15
53 88 71
53 89 45
53 91 20
53 93 49
53 94 60
53 98 97
53 99 89
53 102 79
53 103 96
53 105 45
53 107 66
53 108 35
53 113 2
53 116 84
53 117 97
53 119 94
53 123 99
53 125 78
53 127 68
53 129 49
53 130 22
53 131 86
53 133 16
53 134 37
53 142 7
53 145 26
53 146 32
54 62 87
54 66 20
54 76 97
54 78 72
54 80 96
54 82 17
54 83 13
54 84 85
54 85 24
54 89 45
54 94 63
54 95 75
54 98 62
54 102 64
54 107 24
54 113 45
54 114 21
54 115 17
54 116 76
54 118 24
54 121 95
54 128 60
54 129 44
54 130 83
54 135 47
54 139 73
54 140 51
54 141 76
54 146 53
54 147 15
54 148 24
54 150 78
55 56 17
55 58 1
55 60 13
55 62 98
55 64 35
55 65 92
55 66 6
55 69 53
55 71 92
55 75 25
55 77 54
55 78 77
55 79 41
55 81 77
55 83 79
55 84 51
55 86 70
55 88 52
55 89 8
55 90 65
55 91 27
55 92 22
55 94 75
55 100 12
55 101 22
55 103 71
55 104 27
55 110 47
55 118 13
55 123 39
55 128 69
55 129 10
55 130 2
55 132 99
55 133 65
55 136 43
55 141 25
55 142 86
55 144 47
55 145 92
55 146 42
55 147 45
56 58 21
56 60 61
56 62 34
56 70 94
56 71 73
56 72 59
56 75 33
56 76 7
56 79 7
56 81 54
56 83 90
56 86 51
56 90 79
56 91 35
56 92 22
56 96 27
56 100 48
56 102 17
56 106 37
56 109 71
56 111 7
56 114 12
56 116 99
56 117 11
56 118 44
56 122 74
56 123 74
56 124 61
56 128 89
56 129 96
56 132 39
56 133 25
56 134 28
56 135 90
56 136 12
56 138 59
56 139 100
56 142 70
56 144 2
56 145 94
56 146 52
57 58 79
57 59 37
57 65 46
57 66 50
57 68 14
57 73 10
57 75 45
57 77 40
57 80 6
57 81 23
57 84 87
57 85 35
57 88 78
57 89 4
57 90 62
57 94 18
57 95 6
57 96 38
57 99 48
57 101 28
57 103 78
57 105 8
57 106 88
57 109 34
57 111 93
57 113 66
57 118 69
57 122 57
57 124 51
57 127 97
57 128 30
57 129 42
57 131 40
57 134 95
57 136 66
57 141 15
57 142 76
57 143 68
57 144 2
57 148 50
57 149 100
57 150 89
58 59 56
58 62 92
58 64 28
58 66 97
58 68 75
58 72 19
58 73 98
58 75 20
58 79 75
58 80 3
58 89 26
58 90 88
58 91 93
58 93 15
58 94 96
58 101 55
58 107 8
58 108 28
58 111 82
58 117 42
58 118 64
58 129 41
58 131 91
58 133 31
58 137 91
58 140 56
58 141 76
58 142 91
58 146 1
58 147 73
58 148 36
58 150 59
59 61 25
59 62 85
59 66 2
59 67 3
59 69 21
59 71 84
59 72 54
59 73 85
59 74 34
59 77 18
59 79 86
59 81 59
59 83 77
59 85 54
59 88 24
59 89 89
59 90 92
59 93 65
59 98 28
59 99 37
59 101 53
59 102 44
59 104 2
59 108 14
59 110 43
59 111 69
59 112 54
59 113 8
59 115 45
59 118 46
59 123 92
59 127 96
59 128 9
59 129 67
59 132 29
59 133 4
59 139 25
59 140 93
59 141 83
59 142 89
59 145 43
59 146 77
59 148 82
59 149 75
59 150 5
60 61 82
60 63 40
60 64 50
60 65 93
60 67 59
60 70 94
60 72 100
60 75 27
60 77 61
60 79 11
60 83 16
60 84 26
60 89 45
60 90 79
60 93 69
60 94 37
60 97 20
60 98 51
60 99 72
60 102 45
60 104 92
60 107 100
60 108 76
60 110 47
60 112 86
60 115 69
60 117 90
60 118 28
60 119 22
60 120 19
60 124 88
60 127 45
60 129 52
60 131 11
60 135 19
60 137 13
60 138 10
60 139 50
60 144 18
60 145 88
61 64 52
61 65 26
61 66 34
61 71 56
61 73 98
61 75 29
61 78 63
61 79 19
61 81 38
61 83 79
61 84 73
61 86 24
61 91 21
61 93 59
61 96 67
61 98 63
61 102 21
61 104 29
61 105 83
61 107 1
61 108 50
61 109 17
61 111 26
61 112 29
61 114 7
61 115 17
61 116 25
61 117 1
61 118 18
61 122 68
61 126 76
61 127 51
61 128 18
61 130 15
61 131 21
61 136 93
61 137 100
61 143 83
61 144 99
62 63 4
62 64 56
62 65 60
62 66 78
62 73 36
62 75 80
62 77 2
62 80 10
62 83 100
62 84 15
62 86 23
62 87 23
62 88 76
62 92 48
62 93 17
62 95 5
62 97 41
62 98 43
62 99 19
62 103 91
62 107 94
62 108 63
62 111 8
62 115 74
62 116 19
62 119 90
62 120 54
62 123 50
62 127 7
62 131 16
62 133 78
62 134 42
62 137 18
62 138 3
62 139 31
62 142 6
62 147 55
62 148 2
62 149 14
62 150 51
63 66 84
63 71 52
63 76 74
63 77 28
63 79 93
63 80 47
63 82 18
63 84 36
63 87 3
63 88 17
63 89 16
63 92 10
63 93 30
63 96 37
63 97 63
63 98 64
63 101 90
63 109 78
63 115 64
63 121 85
63 123 96
63 126 37
63 128 35
63 132 29
63 135 74
63 140 74
63 145 89
63 146 96
63 147 100
63 149 27
63 150 80
64 67 84
64 68 22
64 70 33
64 71 65
64 72 46
64 75 20
64 79 86
64 81 26
64 83 43
64 93 31
64 94 87
64 96 33
64 104 73
64 105 47
64 106 77
64 110 62
64 118 61
64 124 66
64 125 36
64 126 56
64 129 96
64 134 94
64 136 1
64 137 26
64 139 82
64 141 26
64 144 97
64 145 39
64 146 55
64 149 58
64 150 87
65 68 50
65 70 7
65 71 20
65 72 79
65 73 92
65 80 72
65 82 55
65 83 8
65 85 13
65 93 93
65 97 57
65 99 28
65 100 71
65 102 64
65 104 36
65 105 93
65 109 23
65 110 20
65 111 59
65 114 6
65 119 59
65 120 98
65 121 65
65 122 7
65 126 78
65 127 88
65 132 58
65 134 39
65 137 48
65 142 63
65 143 16
65 145 86
65 150 48
66 67 66
66 68 24
66 69 45
66 70 74
66 72 55
66 73 34
66 82 69
66 85 41
66 92 93
66 95 86
66 98 75
66 99 41
66 100 58
66 103 36
66 105 38
66 107 49
66 111 35
66 114 22
66 115 25
66 117 66
66 119 8
66 126 24
66 127 43
66 129 71
66 134 34
66 138 81
66 140 76
66 141 73
66 142 4
66 143 6
66 144 95
66 145 6
66 148 46
66 150 24
67 68 17
67 69 17
67 76 46
67 77 6
67 81 50
67 82 57
67 84 67
67 86 35
67 89 72
67 90 20
67 91 49
67 92 61
67 95 72
67 96 94
67 97 58
67 99 29
67 100 81
67 103 95
67 104 15
67 106 91
67 112 28
67 114 15
67 116 17
67 118 14
67 121 68
67 122 81
67 126 39
67 127 76
67 133 65
67 136 45
67 138 23
67 139 82
67 140 41
67 142 79
67 146 70
67 148 75
67 149 27
68 69 93
68 72 86
68 74 37
68 75 49
68 76 81
68 78 47
68 79 62
68 81 68
68 92 52
68 93 93
68 99 48
68 103 27
68 107 60
68 109 46
68 110 49
68 112 29
68 113 17
68 114 20
68 117 56
68 118 33
68 119 23
68 122 92
68 123 15
68 124 92
68 126 44
68 127 9
68 128 68
68 129 90
68 131 95
68 132 42
68 134 82
68 135 11
68 137 83
68 138 47
68 141 69
68 142 26
68 143 52
68 145 90
68 149 12
69 71 13
69 72 86
69 74 55
69 75 86
69 76 8
69 79 71
69 80 35
69 82 8
69 88 1
69 91 73
69 92 32
69 97 98
69 98 64
69 100 8
69 105 42
69 107 90
69 109 13
69 112 76
69 113 53
69 115 98
69 118 26
69 120 28
69 122 9
69 124 47
69 126 100
69 132 77
69 137 49
69 140 18
69 142 59
69 143 16
69 144 2
69 146 30
69 148 63
70 72 11
70 78 69
70 79 27
70 81 54
70 88 29
70 89 92
70 91 29
70 94 53
70 95 48
70 96 26
70 97 44
70 98 25
70 99 30
70 102 80
70 103 63
70 104 73
70 106 47
70 114 60
70 117 36
70 118 10
70 119 91
70 129 6
70 130 55
70 132 31
70 139 74
70 141 92
70 142 23
70 143 20
70 144 83
70 147 50
70 150 61
71 73 41
71 75 48
71 77 62
71 79 35
71 80 18
71 82 68
71 83 23
71 84 31
71 88 81
71 92 26
71 95 16
71 96 52
71 100 80
71 101 36
71 102 11
71 107 41
71 110 16
71 111 91
71 115 23
71 117 67
71 120 40
71 128 86
71 131 24
71 134 34
71 137 35
71 140 78
71 141 1
71 147 8
71 150 98
72 73 41
72 74 20
72 75 85
72 76 93
72 89 31
72 93 40
72 95 72
72 96 16
72 98 27
72 99 53
72 101 4
72 111 84
72 112 89
72 114 49
72 116 24
72 117 48
72 121 63
72 125 67
72 126 88
72 127 22
72 129 40
72 130 49
72 132 55
72 133 87
72 135 22
72 136 10
72 140 100
73 85 82
73 87 92
73 93 72
73 97 5
73 98 53
73 101 78
73 106 40
73 108 80
73 109 70
73 110 57
73 111 4
73 114 99
73 116 60
73 118 38
73 119 46
73 120 20
73 126 93
73 128 5
73 130 71
73 133 85
73 134 3
73 135 67
73 138 7
73 139 25
73 140 47
73 142 98
73 146 42
73 147 33
73 150 28
74 75 77
74 76 75
74 80 13
74 82 38
74 85 50
74 96 7
74 102 46
74 103 21
74 104 28
74 109 66
74 110 80
74 112 35
74 114 51
74 115 12
74 117 90
74 121 29
74 122 33
74 125 45
74 127 59
74 130 2
74 136 76
74 138 63
74 143 96
74 146 19
74 149 54
75 79 6
75 81 67
75 83 7
75 86 50
75 88 25
75 90 74
75 92 31
75 94 94
75 96 65
75 98 83
75 102 72
75 104 20
75 105 23
75 107 91
75 109 85
75 111 62
75 115 97
75 117 35
75 119 54
75 120 32
75 121 89
75 123 63
75 125 25
75 133 69
75 136 17
75 137 67
75 141 22
75 145 63
75 146 98
75 147 40
76 81 88
76 82 11
76 83 8
76 86 64
76 87 43
76 88 100
76 89 9
76 94 93
76 96 26
76 99 18
76 101 50
76 105 64
76 106 88
76 107 20
76 108 93
76 109 42
76 112 64
76 113 46
76 115 17
76 119 75
76 123 72
76 124 23
76 125 82
76 128 42
76 130 10
76 132 86
76 135 27
76 137 75
76 139 100
76 141 65
76 146 81
76 150 34
77 78 52
77 79 38
77 80 80
77 83 18
77 84 60
77 85 10
77 86 18
77 87 39
77 88 97
77 89 82
77 91 68
77 95 21
77 98 39
77 101 70
77 104 61
77 105 66
77 107 94
77 108 39
77 110 52
77 112 47
77 113 41
77 117 94
77 121 85
77 122 52
77 123 84
77 124 26
77 130 26
77 132 35
77 135 83
77 136 15
77 137 4
77 141 66
77 144 66
77 146 84
77 149 92
78 82 72
78 83 69
78 84 10
78 85 38
78 89 21
78 91 49
78 92 88
78 94 2
78 96 84
78 99 100
78 101 62
78 106 59
78 107 61
78 110 86
78 113 48
78 114 48
78 115 66
78 116 36
78 118 2
78 120 43
78 122 29
78 123 34
78 124 11
78 132 88
78 133 100
78 137 16
78 138 15
78 146 61
79 81 65
79 82 72
79 83 23
79 87 88
79 88 100
79 93 13
79 94 30
79 96 8
79 98 34
79 102 47
79 103 66
79 107 51
79 109 3
79 111 27
79 113 17
79 117 98
79 118 80
79 119 86
79 120 36
79 124 6
79 125 1
79 127 12
79 130 36
79 139 91
79 142 40
79 145 39
79 148 39
79 149 39
79 150 16
80 82 10
80 83 98
80 84 96
80 87 79
80 88 11
80 89 33
80 92 67
80 98 81
80 99 98
80 101 47
80 103 83
80 106 90
80 109 32
80 110 85
80 111 91
80 114 4
80 116 57
80 124 17
80 126 28
80 130 85
80 137 25
80 142 79
80 143 49
80 144 18
80 147 85
81 83 9
81 84 34
81 87 9
81 91 93
81 92 74
81 93 10
81 96 89
81 98 67
81 101 64
81 104 17
81 106 14
81 108 74
81 109 21
81 111 71
81 113 32
81 114 1
81 117 75
81 118 29
81 122 66
81 128 4
81 132 100
81 135 60
81 139 5
81 141 98
81 142 67
81 144 94
81 145 42
81 147 90
81 148 70
82 83 64
82 84 65
82 87 33
82 88 15
82 89 6
82 92 89
82 95 42
82 100 30
82 101 84
82 102 27
82 104 59
82 105 17
82 114 51
82 116 24
82 119 42
82 120 94
82 128 68
82 130 74
82 136 32
82 139 90
82 141 68
82 144 75
82 145 100
82 146 51
82 147 64
83 84 14
83 85 14
83 86 3
83 88 71
83 89 83
83 94 7
83 95 99
83 96 79
83 97 14
83 98 57
83 104 92
83 106 49
83 107 39
83 109 62
83 112 51
83 113 62
83 114 69
83 116 75
83 119 26
83 121 84
83 124 54
83 127 57
83 132 21
83 134 54
83 138 61
83 143 66
83 144 15
83 145 26
83 150 60
84 88 7
84 95 100
84 100 84
84 102 32
84 113 63
84 116 28
84 117 12
84 118 47
84 119 58
84 121 31
84 122 52
84 123 57
84 124 26
84 130 56
84 131 27
84 133 7
84 136 11
84 142 55
84 144 46
84 145 10
84 149 100
85 91 40
85 92 100
85 95 65
85 96 9
85 97 64
85 98 35
85 100 71
85 112 77
85 114 83
85 115 49
85 116 20
85 125 64
85 127 40
85 128 96
85 129 3
85 130 13
85 131 59
85 140 64
86 90 60
86 93 56
86 94 53
86 95 7
86 96 14
86 99 88
86 100 25
86 101 68
86 104 32
86 106 83
86 107 53
86 108 71
86 109 25
86 112 67
86 114 44
86 115 93
86 116 10
86 117 91
86 118 54
86 123 38
86 128 70
86 129 28
86 130 23
86 131 96
86 139 77
86 140 8
86 147 77
86 150 79
87 88 11
87 93 65
87 95 31
87 96 28
87 98 42
87 99 34
87 101 43
87 112 37
87 114 65
87 116 36
87 120 30
87 122 77
87 125 84
87 132 71
87 135 50
87 136 18
87 138 67
87 141 14
87 142 73
87 143 62
87 146 87
87 147 4
87 148 21
87 149 38
88 89 48
88 91 31
88 98 98
88 103 99
88 110 94
88 112 87
88 114 66
88 117 87
88 118 4
88 119 28
88 120 84
88 121 25
88 122 2
88 126 67
88 128 96
88 131 51
88 135 69
88 137 67
88 138 2
88 139 8
88 141 58
89 90 4
89 92 82
89 93 32
89 94 47
89 95 51
89 103 64
89 105 7
89 108 79
89 109 66
89 113 38
89 120 69
89 122 1
89 123 6
89 125 80
89 128 37
89 129 29
89 130 6
89 131 5
89 134 49
89 135 51
89 140 19
89 141 27
89 142 68
89 144 53
89 145 47
89 147 63
89 148 90
89 149 17
90 92 93
90 95 45
90 96 18
90 97 45
90 98 83
90 103 31
90 105 32
90 108 47
90 110 2
90 111 62
90 112 26
90 117 63
90 118 23
90 120 16
90 121 52
90 123 9
90 124 71
90 128 27
90 129 86
90 130 76
90 132 43
90 135 87
90 141 91
90 150 46
91 98 7
91 99 94
91 102 3
91 106 5
91 111 67
91 116 50
91 118 46
91 124 17
91 128 18
91 129 29
91 130 78
91 132 75
91 134 7
91 136 76
91 137 95
91 141 18
91 143 87
91 144 64
91 149 96
92 95 69
92 96 72
92 97 64
92 99 42
92 102 25
92 105 34
92 109 34
92 112 93
92 115 95
92 116 7
92 119 2
92 124 52
92 125 12
92 129 54
92 130 88
92 134 63
92 138 59
92 139 94
92 140 13
92 143 66
93 94 20
93 96 100
93 102 28
93 103 41
93 104 3
93 106 22
93 109 14
93 110 14
93 113 68
93 115 53
93 116 24
93 118 31
93 119 15
93 122 13
93 127 8
93 129 4
93 130 86
93 134 97
93 137 41
93 139 27
93 143 63
93 144 99
93 145 1
93 146 26
94 96 52
94 99 41
94 100 92
94 103 56
94 106 20
94 108 50
94 111 10
94 114 42
94 118 84
94 120 69
94 123 91
94 124 29
94 128 29
94 130 49
94 131 14
94 132 78
94 133 11
94 134 38
94 137 24
94 138 99
94 139 4
94 140 90
94 141 27
94 142 61
94 143 34
94 147 57
94 148 13
95 98 47
95 102 49
95 107 97
95 110 58
95 114 93
95 117 24
95 127 3
95 131 48
95 132 27
95 135 37
95 141 56
95 142 45
95 146 28
95 147 11
95 149 59
96 97 59
96 99 41
96 102 70
96 104 64
96 107 100
96 109 93
96 112 89
96 116 38
96 117 70
96 118 21
96 119 2
96 121 74
96 123 11
96 127 90
96 136 52
96 142 28
96 150 25
97 98 16
97 100 49
97 101 40
97 104 7
97 106 85
97 108 11
97 111 80
97 116 6
97 120 41
97 122 59
97 124 74
97 128 93
97 129 77
97 130 79
97 134 17
97 137 81
97 138 58
97 145 26
97 148 9
97 149 13
97 150 4
98 105 12
98 106 78
98 109 59
98 110 25
98 113 5
98 114 42
98 115 83
98 116 93
98 121 81
98 123 8
98 124 47
98 127 13
98 128 92
98 129 91
98 131 82
98 132 23
98 136 11
98 137 69
98 141 60
98 143 66
98 146 61
98 148 81
99 100 8
99 103 43
99 104 2
99 106 32
99 107 71
99 108 51
99 109 20
99 110 30
99 111 85
99 112 19
99 113 87
99 117 71
99 119 83
99 120 79
99 121 78
99 122 14
99 124 78
99 131 93
99 133 25
99 134 23
99 135 61
99 137 23
99 142 49
99 143 32
99 146 31
99 147 48
99 148 83
99 150 94
100 102 55
100 106 77
100 107 56
100 108 50
100 112 19
100 116 66
100 118 33
100 123 53
100 124 67
100 126 26
100 129 19
100 130 17
100 131 99
100 135 65
100 136 29
100 140 68
100 143 33
100 144 85
100 147 7
100 148 100
100 149 33
100 150 19
101 105 66
101 106 59
101 107 93
101 110 20
101 111 60
101 112 67
101 113 51
101 115 77
101 116 67
101 117 98
101 121 30
101 126 76
101 132 83
101 137 15
101 138 81
101 143 96
101 144 86
101 146 52
101 149 69
102 103 45
102 106 7
102 107 55
102 108 94
102 111 13
102 113 83
102 114 16
102 116 70
102 118 63
102 119 13
102 123 26
102 125 25
102 130 95
102 131 91
102 133 92
102 138 12
102 139 83
102 140 99
102 144 60
102 145 36
102 147 97
102 149 58
103 105 25
103 106 63
103 111 20
103 114 100
103 116 47
103 117 19
103 119 94
103 122 78
103 128 45
103 130 58
103 134 62
103 140 19
103 143 81
103 144 80
103 147 39
103 149 26
103 150 52
104 105 4
104 106 35
104 107 53
104 108 2
104 109 8
104 112 31
104 114 43
104 122 50
104 124 10
104 131 10
104 138 58
104 143 96
104 144 14
104 146 20
104 147 41
105 106 88
105 107 46
105 109 37
105 110 16
105 113 1
105 115 15
105 117 57
105 118 26
105 119 59
105 120 14
105 124 37
105 127 77
105 128 64
105 133 93
105 134 53
105 136 95
105 138 81
105 141 72
105 144 86
105 145 50
105 148 78
106 107 93
106 113 44
106 114 22
106 115 90
106 118 38
106 119 37
106 122 61
106 123 17
106 124 79
106 125 65
106 131 36
106 132 58
106 134 70
106 136 65
106 142 77
106 148 26
106 150 19
107 109 51
107 110 27
107 111 3
107 112 3
107 113 89
107 116 73
107 121 53
107 122 17
107 125 3
107 131 93
107 133 53
107 137 91
107 139 49
107 141 78
107 143 81
107 147 86
107 149 1
108 109 46
108 114 25
108 116 48
108 120 84
108 121 100
108 123 80
108 124 32
108 126 88
108 129 14
108 133 100
108 134 88
108 137 48
108 138 42
108 140 2
108 141 63
108 144 1
108 145 86
108 148 7
109 111 44
109 112 34
109 116 82
109 117 88
109 120 19
109 124 3
109 125 89
109 127 97
109 128 68
109 130 46
109 135 66
109 137 14
109 138 67
109 139 69
109 141 2
109 142 45
109 145 78
109 148 39
110 115 50
110 117 91
110 119 9
110 121 61
110 129 47
110 131 15
110 133 58
110 136 86
110 142 10
110 143 15
110 145 92
110 147 28
110 148 77
111 113 56
111 116 13
111 118 24
111 122 81
111 127 71
111 128 50
111 129 4
111 131 35
111 133 16
111 134 15
111 139 89
111 143 42
111 147 72
112 116 100
112 118 69
112 120 78
112 121 28
112 127 19
112 128 46
112 131 81
112 132 77
112 134 94
112 136 59
112 137 75
112 138 11
112 143 13
112 146 74
112 148 15
112 150 51
113 119 93
113 122 29
113 126 33
113 128 49
113 129 57
113 133 83
113 134 23
113 136 98
113 138 93
113 142 78
113 146 16
113 148 9
114 115 10
114 117 73
114 122 50
114 123 15
114 124 50
114 125 96
114 126 18
114 127 33
114 133 50
114 141 20
114 142 31
114 144 86
114 148 57
115 116 100
115 117 47
115 118 4
115 120 7
115 122 38
115 123 91
115 127 25
115 129 83
115 130 80
115 131 61
115 134 68
115 135 99
115 140 48
115 143 68
115 145 39
115 146 38
115 147 9
115 149 90
116 122 44
116 124 34
116 126 80
116 127 91
116 128 87
116 131 44
116 133 92
116 137 2
116 138 46
116 139 47
116 143 82
116 144 36
116 145 27
116 148 32
116 150 53
117 118 65
117 120 14
117 122 89
117 126 36
117 130 12
117 131 41
117 136 38
117 139 13
117 146 62
117 147 68
117 148 3
117 149 66
118 120 29
118 123 71
118 125 71
118 126 37
118 127 70
118 129 48
118 132 97
118 135 31
118 136 12
118 144 18
118 145 26
118 146 7
118 150 58
119 124 79
119 125 88
119 128 35
119 130 90
119 134 63
119 135 88
119 136 85
119 137 59
119 138 3
119 139 47
119 145 1
119 150 63
120 122 83
120 123 74
120 124 92
120 126 18
120 134 56
120 136 38
120 137 74
120 140 35
120 148 43
121 122 86
121 124 78
121 125 3
121 127 30
121 131 72
121 132 41
121 133 79
121 135 100
121 136 29
121 138 91
121 142 46
121 143 27
121 144 26
121 147 16
122 126 62
122 133 47
122 139 50
122 140 95
122 141 4
122 143 16
122 147 69
122 149 8
122 150 75
123 125 65
123 128 96
123 129 5
123 130 14
123 135 14
123 138 49
123 146 90
123 148 78
123 149 69
124 131 73
124 134 35
124 135 35
124 140 10
124 141 29
124 147 68
124 150 91
125 128 3
125 129 16
125 132 31
125 134 86
125 135 58
125 136 96
125 138 53
125 141 32
125 142 67
125 144 77
125 147 22
125 148 70
125 149 59
126 127 25
126 128 97
126 130 17
126 131 13
126 138 15
126 139 78
126 140 71
126 141 55
126 143 32
126 147 11
127 131 17
127 135 7
127 136 44
127 138 27
127 139 13
127 142 34
127 145 54
127 146 37
127 148 75
128 129 3
128 131 81
128 132 7
128 135 56
128 136 60
128 137 36
128 138 99
128 141 65
128 146 30
128 147 100
129 131 32
129 132 89
129 133 59
129 136 36
129 139 73
129 143 6
129 145 23
129 148 30
130 132 12
130 133 62
130 134 20
130 135 72
130 139 43
130 140 34
130 142 86
130 143 5
130 144 39
130 146 82
130 147 1
131 132 90
131 135 10
131 136 23
131 141 18
131 142 53
131 146 94
131 149 60
131 150 87
132 135 71
132 137 26
132 138 37
132 143 91
132 144 89
132 145 80
133 134 85
133 135 56
133 136 45
133 138 25
133 142 61
133 146 37
133 149 99
133 150 98
134 136 65
134 138 72
134 145 8
134 146 64
134 147 100
134 150 60
135 136 44
135 140 99
135 144 78
135 146 36
135 148 81
136 139 6
136 141 97
136 142 91
136 143 57
136 147 56
136 148 10
136 149 92
137 139 75
137 140 51
137 148 20
137 150 81
138 140 71
138 142 42
138 143 70
138 148 53
139 140 56
139 142 2
140 144 59
140 146 67
140 148 37
141 142 45
141 147 26
141 148 33
141 150 94
142 146 45
142 147 1
142 149 88
143 144 43
143 147 94
143 150 98
144 147 49
144 148 31
147 148 36
147 149 59
147 150 41
148 149 94
149 150 4
1 7 96
1 8 90
1 9 24
1 10 95
1 11 88
1 12 41
1 13 71
1 15 71
1 16 83
1 17 35
1 19 57
1 22 31
1 27 46
1 29 34
1 31 20
1 34 27
1 35 97
1 38 43
1 40 53
1 44 21
1 45 9
1 46 43
1 48 65
1 49 46
1 51 63
1 52 71
1 56 89
1 59 58
1 62 76
1 64 17
1 65 42
1 68 89
1 72 58
1 76 73
1 77 85
1 81 42
1 84 54
1 88 31
1 89 63
1 90 84
1 91 40
1 93 99
1 96 11
1 97 22
1 100 61
1 101 57
1 103 49
1 104 16
1 105 27
1 107 67
1 112 81
1 113 62
1 115 24
1 116 95
1 117 7
1 118 51
1 119 3
1 120 72
1 123 57
1 128 31
1 129 2
1 134 21
1 136 21
1 137 93
1 141 68
1 142 78
1 146 12
1 150 35
2 3 53
2 4 10
2 5 96
2 6 51
2 7 42
2 8 9
2 9 67
2 10 2
2 17 24
2 19 38
2 20 83
2 22 93
2 24 81
2 25 44
2 27 98
2 28 21
2 32 14
2 37 67
2 41 38
2 46 84
2 49 51
2 50 2
2 52 26
2 66 6
2 68 22
2 77 69
2 78 20
2 79 7
2 81 28
2 83 82
2 88 75
2 89 19
2 90 67
2 92 35
2 101 76
2 102 93
2 106 98
2 110 61
2 115 44
2 117 8
2 123 91
2 125 95
2 127 73
2 128 74
2 129 86
2 130 94
2 131 96
2 135 37
2 136 31
2 137 24
2 144 6
2 145 85
2 148 78
3 9 18
3 12 5
3 13 61
3 17 72
3 20 55
3 21 77
3 22 16
3 28 15
3 31 61
3 33 17
3 34 77
3 36 18
3 37 13
3 39 15
3 40 37
3 41 21
3 42 33
3 43 88
3 44 84
3 45 76
3 46 89
3 47 88
3 48 93
3 54 21
3 55 8
3 56 30
3 57 48
3 59 99
3 60 39
3 62 100
3 64 12
3 67 35
3 70 32
3 71 37
3 73 58
3 74 29
3 76 58
3 77 63
3 78 35
3 81 93
3 82 80
3 85 97
3 94 24
3 95 20
3 97 67
3 106 2
3 108 67
3 110 95
3 111 44
3 112 96
3 113 16
3 115 60
3 119 11
3 121 73
3 123 42
3 126 51
3 127 56
3 128 56
3 130 4
3 133 26
3 137 61
3 143 70
3 145 27
3 148 91
3 150 53
4 5 3
4 6 31
4 9 14
4 10 100
4 18 6
4 22 99
4 25 46
4 26 84
4 29 55
4 30 63
4 31 70
4 33 23
4 34 99
4 37 28
4 39 1
4 41 50
4 42 90
4 43 39
4 47 42
4 48 24
4 49 54
4 51 73
4 54 31
4 55 40
4 60 25
4 68 60
4 69 73
4 70 71
4 71 37
4 72 65
4 73 58
4 77 23
4 78 32
4 79 16
4 80 21
4 82 53
4 84 77
4 86 7
4 88 75
4 90 30
4 93 72
4 94 70
4 96 13
4 97 21
4 98 55
4 107 3
4 108 30
4 109 32
4 111 23
4 114 46
4 116 25
4 117 96
4 118 27
4 119 75
4 120 86
4 122 95
4 123 28
4 134 23
4 139 32
4 140 22
4 141 42
4 150 50
5 6 33
5 9 79
5 10 31
5 14 28
5 15 92
5 16 30
5 21 75
5 23 70
5 25 89
5 28 79
5 38 18
5 40 23
5 41 50
5 42 29
5 43 50
5 44 40
5 45 20
5 48 36
5 49 91
5 51 17
5 52 48
5 54 2
5 60 67
5 61 38
5 62 62
5 64 60
5 65 8
5 69 37
5 73 62
5 79 46
5 80 16
5 82 49
5 84 48
5 92 96
5 96 4
5 98 22
5 99 62
5 101 57
5 102 42
5 104 47
5 105 91
5 106 2
5 108 14
5 117 40
5 120 26
5 122 76
5 123 16
5 125 11
5 126 84
5 129 37
5 131 70
5 132 79
5 133 12
5 137 55
5 141 90
5 143 23
5 145 60
5 147 41
6 15 93
6 16 34
6 20 100
6 26 39
6 29 70
6 31 97
6 32 12
6 34 12
6 35 61
6 37 26
6 41 74
6 45 72
6 46 96
6 47 41
6 50 69
6 52 86
6 56 63
6 57 6
6 59 47
6 61 25
6 62 66
6 69 93
6 71 80
6 72 94
6 76 69
6 77 60
6 79 42
6 83 79
6 84 96
6 85 35
6 86 59
6 87 59
6 95 62
6 96 41
6 100 11
6 104 4
6 106 76
6 107 32
6 109 36
6 110 33
6 117 86
6 123 63
6 125 60
6 126 6
6 131 86
6 138 50
6 143 97
6 145 57
6 147 15
7 24 24
7 25 46
7 26 46
7 28 90
7 32 59
7 33 9
7 35 51
7 36 96
7 37 77
7 40 37
7 42 37
7 43 83
7 44 91
7 45 27
7 47 90
7 48 25
7 49 48
7 53 96
7 56 80
7 57 28
7 58 3
7 59 15
7 61 77
7 62 28
7 64 11
7 65 47
7 66 46
7 68 15
7 72 86
7 73 53
7 80 25
7 85 19
7 86 68
7 92 93
7 96 7
7 97 99
7 98 53
7 101 44
7 103 4
7 104 51
7 105 34
7 107 4
7 108 61
7 109 69
7 111 69
7 113 21
7 116 1
7 118 98
7 119 82
7 120 65
7 121 67
7 124 38
7 127 52
7 128 75
7 129 27
7 132 12
7 134 73
7 136 96
7 144 68
7 147 56
7 149 21
7 150 70
8 10 58
8 11 12
8 13 15
8 14 37
8 15 74
8 16 71
8 17 93
8 20 43
8 22 43
8 26 11
8 28 60
8 30 56
8 31 9
8 32 11
8 33 92
8 34 59
8 39 47
8 41 91
8 42 64
8 45 2
8 46 23
8 48 9
8 49 86
8 50 24
8 51 78
8 57 14
8 58 10
8 60 51
8 65 4
8 66 11
8 68 97
8 71 27
8 72 19
8 73 51
8 80 3
8 81 68
8 83 48
8 84 97
8 90 42
8 91 2
8 92 98
8 96 25
8 100 28
8 101 1
8 104 10
8 106 85
8 107 5
8 110 36
8 113 59
8 114 79
8 115 62
8 120 1
8 122 3
8 123 17
8 124 44
8 125 49
8 126 17
8 131 13
8 135 54
8 137 57
8 140 55
8 145 6
8 147 29
8 148 52
9 12 13
9 19 33
9 20 86
9 22 93
9 23 59
9 25 1
9 26 16
9 27 60
9 30 52
9 32 83
9 37 33
9 39 90
9 43 87
9 45 85
9 46 51
9 48 36
9 54 8
9 56 64
9 58 30
9 60 49
9 61 6
9 64 91
9 70 30
9 71 23
9 73 96
9 76 19
9 79 73
9 83 12
9 88 80
9 90 3
9 95 83
9 99 14
9 100 26
9 101 23
9 105 26
9 109 6
9 112 69
9 114 62
9 115 11
9 116 44
9 117 52
9 122 48
9 123 85
9 129 16
9 132 58
9 133 19
9 135 25
9 136 41
9 138 38
9 141 8
9 143 97
9 146 6
9 150 73
10 12 39
10 13 18
10 14 58
10 15 2
10 18 85
10 19 59
10 20 16
10 21 58
10 22 96
10 28 61
10 29 69
10 30 17
10 31 58
10 32 83
10 34 24
10 37 49
10 41 73
10 42 26
10 45 42
10 53 98
10 55 65
10 56 46
10 60 1
10 70 10
10 71 80
10 73 65
10 77 74
10 81 75
10 84 78
10 86 41
10 87 17
10 88 89
10 89 8
10 91 100
10 95 43
10 96 77
10 97 13
10 99 71
10 101 34
10 106 56
10 108 52
10 109 2
10 110 28
10 111 91
10 113 89
10 116 1
10 119 44
10 120 40
10 122 63
10 123 22
10 124 10
10 125 97
10 127 63
10 128 96
10 130 73
10 131 32
10 136 71
10 140 74
10 141 4
10 145 93
10 146 16
10 150 55
11 13 32
11 15 91
11 16 24
11 18 56
11 19 77
11 21 64
11 23 90
11 24 37
11 25 54
11 30 91
11 37 92
11 41 14
11 45 60
11 50 94
11 51 27
11 53 94
11 54 44
11 58 46
11 59 17
11 60 73
11 62 90
11 64 95
11 66 49
11 67 14
11 69 89
11 70 77
11 71 18
11 73 90
11 74 27
11 76 28
11 82 67
11 84 54
11 86 44
11 90 96
11 100 83
11 101 32
11 102 29
11 104 99
11 106 72
11 107 41
11 108 51
11 110 33
11 111 26
11 123 71
11 126 71
11 130 22
11 131 97
11 134 25
11 136 85
11 142 2
11 146 53
11 148 93
12 13 1
12 14 4
12 16 53
12 17 37
12 21 59
12 23 81
12 24 48
12 25 68
12 26 48
12 33 78
12 34 11
12 36 91
12 40 72
12 41 61
12 42 53
12 44 15
12 46 8
12 51 7
12 53 59
12 54 19
12 59 43
12 60 49
12 63 24
12 64 42
12 66 71
12 73 56
12 74 88
12 75 7
12 76 41
12 78 65
12 82 85
12 84 40
12 88 89
12 92 72
12 95 20
12 96 64
12 101 73
12 105 7
12 108 5
12 109 41
12 110 75
12 116 2
12 118 33
12 124 56
12 125 4
12 126 18
12 127 48
12 130 65
12 133 64
12 135 30
12 139 92
12 143 32
12 144 59
12 145 54
12 146 46
12 148 38
12 150 93
13 15 77
13 17 81
13 19 65
13 20 56
13 22 22
13 23 77
13 26 4
13 28 96
13 29 39
13 33 6
13 34 82
13 35 50
13 40 29
13 41 97
13 44 100
13 49 92
13 50 7
13 52 61
13 55 8
13 56 50
13 57 6
13 60 41
13 61 31
13 65 18
13 68 24
13 70 25
13 72 76
13 75 22
13 76 90
13 80 78
13 81 82
13 83 76
13 85 47
13 86 15
13 88 40
13 89 91
13 90 53
13 100 9
13 102 58
13 103 75
13 104 64
13 106 56
13 108 29
13 117 33
13 121 32
13 126 80
13 127 75
13 128 50
13 129 66
13 131 18
13 132 70
13 133 72
13 134 54
13 143 41
13 145 70
13 146 48
13 147 40
13 149 18
14 16 65
14 17 43
14 18 11
14 22 45
14 23 89
14 24 41
14 27 36
14 28 97
14 33 40
14 35 86
14 37 81
14 38 18
14 39 69
14 41 67
14 45 62
14 48 78
14 51 54
14 57 25
14 58 89
14 66 54
14 67 100
14 68 91
14 72 75
14 80 80
14 81 99
14 82 36
14 86 100
14 89 59
14 90 66
14 94 50
14 95 13
14 96 74
14 102 60
14 104 47
14 106 41
14 108 14
14 111 38
14 115 66
14 116 36
14 117 8
14 118 13
14 119 67
14 123 37
14 125 82
14 127 52
14 129 72
14 131 70
14 132 49
14 134 23
14 135 13
14 137 61
14 140 8
14 141 5
14 142 86
14 144 99
14 146 47
14 150 10
15 16 80
15 18 2
15 19 87
15 25 54
15 26 62
15 27 44
15 29 64
15 30 78
15 31 24
15 33 46
15 36 72
15 42 30
15 44 47
15 46 89
15 48 64
15 50 47
15 57 35
15 60 18
15 61 72
15 63 47
15 67 33
15 73 95
15 74 86
15 77 21
15 78 6
15 80 99
15 83 73
15 85 18
15 89 85
15 90 31
15 91 80
15 96 64
15 97 82
15 99 16
15 100 30
15 102 87
15 104 55
15 107 11
15 112 47
15 113 73
15 117 78
15 118 95
15 119 77
15 124 76
15 126 6
15 128 71
15 131 75
15 133 6
15 135 58
15 136 18
15 138 56
15 143 98
15 146 74
15 147 77
16 19 91
16 22 19
16 23 79
16 27 44
16 28 80
16 32 60
16 34 11
16 36 55
16 39 94
16 41 20
16 44 51
16 47 86
16 52 62
16 54 44
16 57 30
16 58 49
16 68 6
16 69 30
16 72 36
16 75 8
16 77 64
16 80 83
16 81 44
16 98 23
16 100 81
16 102 47
16 103 92
16 106 32
16 107 21
16 109 32
16 111 46
16 112 68
16 114 10
16 116 96
16 117 83
16 119 92
16 122 3
16 123 32
16 126 87
16 129 34
16 131 49
16 133 64
16 136 13
16 138 37
16 141 47
16 142 59
16 144 55
16 146 30
16 148 49
16 149 76
17 19 34
17 20 45
17 24 24
17 31 60
17 33 66
17 34 74
17 39 87
17 46 49
17 48 66
17 52 30
17 55 33
17 56 6
17 61 42
17 63 51
17 64 4
17 68 15
17 72 31
17 75 51
17 80 14
17 81 8
17 82 23
17 83 41
17 84 37
17 92 50
17 93 29
17 98 87
17 99 1
17 100 8
17 104 53
17 106 6
17 111 28
17 114 69
17 117 81
17 118 84
17 120 11
17 123 85
17 125 52
17 126 26
17 128 83
17 135 88
17 136 88
17 137 32
17 138 42
17 142 98
17 144 9
17 148 48
17 149 97
17 150 51
18 22 89
18 24 14
18 28 71
18 34 88
18 35 21
18 38 16
18 40 72
18 41 65
18 42 47
18 43 47
18 49 12
18 55 34
18 57 20
18 60 86
18 61 86
18 62 42
18 64 12
18 65 48
18 68 12
18 72 3
18 74 61
18 75 17
18 80 43
18 83 6
18 89 63
18 94 9
18 96 81
18 104 55
18 106 74
18 107 90
18 115 7
18 116 10
18 119 95
18 121 75
18 122 51
18 123 51
18 127 57
18 129 97
18 130 76
18 132 96
18 134 74
18 135 50
18 139 68
18 141 46
18 142 3
18 146 42
19 22 3
19 28 16
19 29 87
19 31 33
19 34 62
19 39 50
19 41 47
19 42 53
19 45 76
19 46 5
19 48 52
19 51 71
19 53 5
19 54 40
19 57 66
19 58 76
19 60 27
19 61 89
19 63 15
19 64 20
19 68 98
19 70 37
19 74 53
19 77 1
19 80 60
19 81 25
19 82 49
19 83 59
19 84 19
19 87 29
19 90 63
19 93 92
19 94 13
19 96 39
19 98 20
19 99 34
19 100 96
19 102 94
19 108 50
19 109 23
19 110 12
19 111 64
19 113 35
19 114 8
19 115 32
19 120 15
19 130 33
19 136 5
19 137 53
19 139 63
19 141 11
19 148 18
19 149 20
19 150 14
20 21 19
20 22 53
20 25 21
20 30 35
20 31 87
20 35 95
20 36 8
20 39 1
20 41 66
20 44 3
20 45 15
20 47 50
20 48 33
20 49 39
20 50 75
20 54 70
20 61 49
20 63 2
20 65 68
20 67 70
20 68 16
20 69 26
20 70 32
20 71 98
20 74 38
20 75 40
20 76 20
20 80 59
20 85 20
20 87 79
20 88 73
20 91 3
20 92 22
20 94 75
20 95 73
20 97 13
20 98 1
20 101 3
20 102 18
20 107 47
20 108 51
20 110 20
20 113 79
20 114 8
20 115 66
20 117 71
20 118 70
20 122 73
20 125 52
20 126 27
20 130 15
20 131 66
20 132 30
20 135 61
20 137 99
20 142 43
20 144 79
20 145 73
20 146 50
21 25 16
21 28 22
21 29 19
21 32 49
21 35 50
21 36 30
21 39 95
21 43 33
21 44 71
21 46 94
21 48 11
21 52 80
21 53 40
21 58 64
21 65 51
21 66 29
21 72 42
21 74 8
21 75 54
21 78 88
21 80 75
21 82 80
21 84 89
21 86 10
21 97 26
21 98 30
21 99 100
21 100 36
21 103 62
21 104 10
21 105 74
21 108 18
21 109 71
21 110 61
21 111 12
21 115 75
21 117 69
21 118 44
21 119 51
21 120 91
21 121 46
21 122 54
21 127 73
21 128 28
21 129 65
21 135 84
21 137 80
21 138 95
21 139 57
21 141 73
21 145 37
21 146 41
21 148 71
21 150 54
22 27 20
22 28 26
22 30 82
22 32 87
22 38 17
22 40 92
22 41 24
22 42 9
22 44 61
22 45 68
22 48 44
22 52 12
22 56 86
22 58 26
22 59 79
22 60 90
22 62 87
22 63 9
22 71 77
22 72 84
22 75 45
22 76 16
22 78 71
22 80 69
22 83 92
22 84 60
22 85 16
22 86 90
22 87 64
22 91 85
22 93 91
22 99 4
22 100 88
22 101 53
22 103 33
22 109 18
22 110 88
22 113 79
22 117 84
22 121 8
22 125 59
22 131 23
22 132 6
22 134 84
22 135 33
22 137 90
22 138 19
22 148 34
22 149 62
23 28 90
23 29 70
23 30 7
23 31 94
23 35 72
23 37 40
23 39 15
23 44 89
23 47 72
23 49 83
23 50 41
23 54 93
23 55 45
23 56 27
23 58 16
23 59 71
23 62 58
23 65 29
23 66 58
23 70 9
23 71 90
23 76 57
23 77 72
23 79 1
23 80 65
23 89 50
23 92 48
23 93 32
23 98 1
23 99 35
23 100 52
23 108 47
23 112 93
23 115 81
23 116 96
23 126 45
23 128 73
23 131 17
23 134 21
23 135 39
23 137 53
23 140 43
23 141 93
23 146 12
24 25 55
24 26 33
24 30 78
24 33 42
24 34 95
24 37 4
24 39 48
24 42 26
24 45 63
24 46 71
24 47 38
24 49 56
24 50 65
24 51 84
24 57 12
24 59 70
24 62 60
24 63 68
24 66 65
24 68 44
24 69 20
24 76 37
24 77 68
24 80 93
24 81 5
24 83 83
24 85 32
24 90 32
24 92 44
24 93 28
24 95 82
24 98 20
24 100 75
24 101 22
24 105 84
24 108 71
24 109 15
24 110 61
24 111 32
24 112 34
24 113 65
24 114 37
24 115 36
24 117 90
24 118 97
24 121 70
24 123 8
24 124 2
24 128 78
24 129 40
24 131 58
24 134 97
24 137 71
24 138 76
24 139 34
24 141 7
24 144 86
25 26 42
25 28 41
25 29 18
25 30 50
25 31 67
25 32 46
25 36 43
25 38 37
25 40 38
25 42 82
25 43 97
25 46 26
25 49 3
25 51 94
25 54 52
25 56 24
25 62 4
25 65 74
25 67 14
25 68 4
25 73 51
25 77 79
25 80 34
25 83 78
25 87 28
25 89 70
25 95 23
25 98 93
25 103 89
25 105 17
25 107 72
25 113 86
25 119 92
25 126 73
25 127 41
25 128 55
25 129 8
25 131 86
25 136 82
25 139 48
25 141 85
25 146 28
25 149 84
26 27 1
26 30 44
26 31 4
26 32 32
26 34 77
26 36 12
26 37 18
26 38 46
26 39 14
26 40 76
26 45 13
26 46 74
26 47 48
26 50 35
26 51 33
26 52 48
26 56 76
26 58 52
26 59 30
26 60 60
26 63 70
26 65 22
26 68 33
26 69 53
26 74 9
26 78 35
26 81 38
26 83 89
26 87 80
26 88 97
26 91 99
26 94 54
26 95 25
26 99 38
26 101 24
26 102 67
26 104 84
26 105 3
26 107 39
26 112 1
26 113 42
26 115 86
26 116 8
26 120 66
26 122 54
26 123 25
26 127 85
26 131 28
26 133 76
26 136 80
26 137 21
26 138 90
26 139 33
26 141 12
26 144 92
26 147 1
26 148 76
27 28 16
27 29 51
27 35 99
27 39 68
27 41 11
27 42 98
27 47 94
27 49 15
27 51 58
27 56 18
27 57 55
27 62 85
27 64 1
27 65 30
27 66 76
27 67 33
27 71 73
27 72 77
27 73 17
27 74 50
27 84 45
27 86 46
27 88 73
27 89 40
27 91 77
27 93 8
27 101 55
27 102 8
27 109 96
27 111 44
27 112 97
27 113 53
27 115 46
27 116 46
27 120 51
27 121 38
27 123 57
27 125 72
27 126 30
27 130 30
27 133 72
27 134 59
27 136 62
27 140 37
27 144 50
27 148 45
27 149 96
28 29 59
28 31 94
28 33 23
28 35 99
28 36 26
28 37 46
28 41 29
28 43 5
28 46 41
28 52 22
28 57 11
28 59 40
28 61 11
28 62 75
28 63 13
28 65 63
28 71 85
28 73 5
28 74 58
28 78 71
28 79 54
28 86 60
28 96 71
28 104 2
28 107 82
28 108 38
28 111 14
28 113 55
28 114 39
28 115 47
28 119 36
28 121 9
28 123 79
28 128 22
28 135 72
28 136 40
28 138 77
28 142 30
28 143 97
28 144 67
28 145 50
28 148 47
28 149 92
29 30 48
29 31 68
29 34 80
29 36 71
29 37 47
29 39 2
29 48 97
29 49 47
29 50 15
29 52 68
29 57 46
29 62 15
29 63 45
29 64 88
29 65 96
29 69 70
29 70 14
29 71 88
29 73 11
29 74 13
29 75 86
29 76 75
29 79 54
29 80 43
29 83 61
29 89 17
29 92 62
29 94 41
29 97 25
29 98 10
29 101 92
29 102 15
29 110 48
29 111 32
29 112 98
29 115 93
29 119 26
29 121 5
29 123 14
29 126 16
29 129 70
29 133 80
29 134 47
29 136 19
29 139 13
29 144 23
29 145 46
29 147 28
29 149 63
30 32 80
30 33 73
30 35 53
30 36 38
30 37 25
30 40 61
30 42 31
30 44 92
30 46 18
30 51 84
30 52 49
30 53 25
30 54 17
30 55 27
30 61 51
30 64 59
30 67 82
30 68 21
30 70 73
30 71 71
30 74 23
30 75 24
30 76 3
30 81 35
30 83 91
30 85 73
30 87 17
30 88 79
30 92 97
30 93 4
30 96 78
30 98 46
30 99 58
30 101 72
30 110 80
30 112 2
30 115 21
30 118 84
30 121 58
30 122 91
30 126 98
30 130 84
30 133 23
30 134 18
30 135 77
30 136 37
30 137 82
30 139 1
30 140 39
30 143 37
30 144 70
30 145 100
30 147 89
31 35 13
31 36 8
31 38 100
31 40 31
31 43 30
31 45 78
31 47 26
31 49 52
31 50 53
31 53 100
31 56 16
31 58 99
31 59 86
31 60 53
31 62 36
31 63 55
31 74 11
31 82 4
31 84 38
31 85 12
31 86 18
31 92 19
31 93 82
31 94 79
31 96 9
31 97 76
31 98 58
31 101 68
31 108 15
31 110 64
31 112 13
31 113 18
31 114 88
31 118 17
31 119 22
31 120 71
31 126 56
31 128 42
31 129 68
31 130 29
31 131 92
31 132 33
31 137 12
31 138 81
31 139 66
31 141 64
31 142 100
31 144 72
31 145 35
31 146 45
31 149 39
32 34 52
32 35 4
32 39 86
32 40 1
32 42 14
32 43 43
32 45 7
32 48 83
32 50 57
32 52 71
32 58 66
32 62 40
32 67 14
32 73 42
32 76 63
32 78 13
32 79 35
32 84 90
32 96 85
32 102 73
32 106 82
32 107 48
32 108 54
32 111 54
32 113 51
32 114 23
32 115 26
32 118 92
32 120 28
32 121 12
32 125 10
32 127 21
32 129 85
32 130 22
32 131 21
32 134 67
32 135 44
32 137 29
32 138 95
32 139 10
32 142 46
32 145 63
33 34 46
33 36 89
33 38 86
33 43 26
33 46 76
33 47 30
33 49 21
33 54 7
33 55 95
33 56 15
33 57 95
33 60 94
33 61 35
33 67 58
33 69 5
33 70 54
33 71 69
33 72 100
33 75 73
33 81 11
33 83 57
33 84 24
33 87 73
33 88 31
33 89 13
33 91 74
33 94 16
33 96 100
33 98 64
33 100 15
33 104 80
33 105 64
33 106 73
33 107 8
33 108 85
33 109 89
33 117 66
33 118 78
33 119 47
33 122 30
33 125 97
33 126 14
33 127 15
33 128 6
33 131 3
33 132 58
33 135 52
33 140 70
33 143 96
33 145 41
33 146 34
33 149 99
34 38 28
34 42 6
34 45 19
34 46 37
34 51 99
34 57 45
34 59 100
34 60 45
34 62 8
34 66 36
34 73 28
34 74 82
34 75 36
34 78 95
34 79 88
34 81 19
34 85 46
34 86 47
34 92 69
34 93 51
34 96 17
34 98 24
34 99 78
34 111 89
34 113 69
34 116 82
34 117 5
34 119 83
34 121 67
34 123 45
34 126 86
34 134 37
34 141 34
34 143 1
34 145 39
34 148 32
35 36 63
35 37 36
35 38 43
35 41 91
35 42 29
35 44 99
35 45 34
35 46 36
35 48 54
35 49 19
35 50 2
35 51 25
35 52 1
35 53 9
35 54 92
35 55 85
35 58 43
35 59 50
35 66 79
35 67 85
35 69 70
35 72 80
35 74 80
35 78 91
35 80 25
35 84 5
35 85 19
35 92 99
35 93 69
35 94 55
35 95 68
35 102 99
35 103 76
35 104 99
35 106 33
35 107 24
35 115 47
35 117 86
35 119 59
35 120 68
35 122 83
35 123 77
35 125 58
35 127 82
35 131 29
35 132 29
35 135 60
35 137 30
35 140 45
35 146 75
35 149 29
35 150 12
36 38 88
36 41 57
36 42 10
36 46 43
36 47 18
36 49 97
36 50 81
36 51 33
36 53 58
36 55 54
36 58 25
36 61 9
36 62 72
36 64 1
36 66 20
36 67 57
36 69 37
36 70 6
36 72 10
36 78 38
36 86 66
36 88 16
36 91 79
36 93 54
36 95 35
36 98 50
36 101 78
36 102 92
36 103 84
36 104 50
36 105 6
36 106 45
36 108 43
36 109 46
36 112 47
36 113 32
36 116 27
36 117 25
36 118 15
36 124 54
36 125 40
36 129 53
36 132 18
36 133 38
36 135 95
36 136 26
36 137 17
36 138 76
36 140 100
36 141 99
36 142 98
36 144 10
36 146 91
36 148 44
37 38 50
37 45 7
37 46 6
37 47 19
37 48 59
37 49 97
37 52 65
37 55 50
37 57 15
37 59 13
37 67 11
37 68 28
37 71 35
37 75 36
37 76 63
37 79 85
37 80 65
37 82 24
37 85 78
37 86 94
37 87 5
37 88 87
37 90 11
37 92 17
37 93 38
37 94 39
37 97 53
37 99 19
37 101 47
37 107 86
37 110 6
37 113 75
37 114 75
37 119 10
37 120 35
37 127 82
37 130 85
37 131 37
37 135 92
37 140 74
37 143 36
37 145 13
37 146 86
37 148 83
38 39 4
38 42 92
38 45 36
38 46 53
38 47 71
38 49 57
38 51 80
38 60 25
38 61 22
38 62 3
38 71 66
38 73 56
38 75 18
38 76 97
38 79 61
38 83 44
38 85 87
38 87 98
38 90 28
38 92 53
38 93 14
38 96 47
38 97 38
38 99 61
38 100 64
38 101 24
38 103 19
38 106 37
38 109 60
38 116 81
38 118 60
38 120 97
38 121 1
38 123 57
38 124 2
38 125 71
38 126 26
38 127 22
38 132 44
38 133 62
38 134 46
38 136 8
38 138 11
38 139 83
38 141 47
38 142 16
38 148 22
38 149 90
39 40 40
39 41 30
39 44 27
39 50 10
39 52 44
39 53 10
39 54 77
39 56 25
39 63 25
39 64 21
39 66 91
39 67 90
39 68 40
39 70 83
39 72 48
39 77 18
39 86 27
39 87 29
39 88 37
39 89 76
39 90 15
39 92 35
39 97 10
39 101 51
39 104 71
39 105 87
39 106 59
39 110 42
39 112 26
39 117 72
39 118 86
39 119 53
39 120 27
39 122 56
39 123 73
39 124 19
39 126 25
39 127 16
39 129 36
39 131 49
39 135 8
39 139 17
39 143 33
39 144 59
39 145 45
39 150 43
40 42 18
40 46 14
40 48 61
40 49 25
40 60 76
40 61 27
40 62 81
40 64 52
40 65 52
40 66 33
40 70 6
40 71 88
40 73 70
40 74 100
40 75 74
40 79 28
40 80 84
40 81 28
40 83 67
40 84 27
40 87 60
40 89 29
40 93 75
40 94 12
40 95 21
40 96 14
40 97 8
40 99 25
40 101 95
40 103 29
40 106 41
40 115 96
40 116 31
40 118 100
40 119 57
40 120 42
40 122 34
40 124 64
40 126 58
40 127 84
40 128 99
40 129 49
40 131 59
40 132 32
40 136 38
40 137 70
40 139 50
40 141 33
40 143 17
40 145 16
41 42 91
41 49 54
41 51 9
41 55 42
41 56 36
41 57 100
41 58 93
41 63 82
41 68 58
41 69 90
41 71 32
41 73 25
41 78 92
41 79 20
41 80 90
41 81 61
41 82 33
41 86 26
41 88 62
41 92 58
41 97 50
41 98 9
41 102 31
41 107 69
41 108 51
41 109 35
41 115 89
41 122 48
41 126 77
41 127 80
41 128 92
41 132 58
41 135 98
41 139 89
41 140 46
41 141 48
41 146 84
41 148 31
41 149 15
42 48 73
42 50 43
42 51 31
42 53 50
42 57 93
42 58 40
42 64 42
42 66 61
42 68 70
42 69 3
42 70 6
42 75 70
42 77 71
42 78 87
42 79 7
42 80 47
42 81 63
42 82 2
42 84 10
42 85 83
42 88 74
42 89 37
42 90 62
42 91 44
42 94 94
42 97 57
42 98 72
42 101 56
42 105 10
42 106 77
42 107 22
42 109 40
42 111 21
42 113 77
42 115 89
42 116 37
42 118 66
42 119 93
42 120 20
42 121 55
42 125 22
42 128 43
42 131 17
42 135 6
42 136 42
42 140 89
42 141 29
42 143 7
42 145 76
42 146 91
42 149 9
42 150 39
43 46 57
43 47 96
43 48 2
43 50 94
43 51 90
43 54 24
43 56 12
43 57 17
43 59 35
43 61 31
43 63 73
43 64 68
43 65 20
43 68 9
43 69 3
43 71 18
43 73 79
43 75 38
43 77 3
43 79 4
43 84 11
43 88 83
43 89 57
43 93 64
43 95 67
43 99 18
43 102 53
43 105 62
43 113 19
43 119 43
43 120 51
43 122 22
43 123 60
43 129 89
43 130 13
43 142 26
43 143 69
43 144 6
43 147 100
43 149 21
44 48 53
44 50 69
44 51 22
44 54 12
44 56 76
44 61 34
44 62 5
44 64 82
44 71 40
44 74 2
44 75 39
44 81 65
44 82 88
44 83 97
44 87 55
44 88 68
44 95 13
44 96 17
44 97 30
44 102 77
44 106 16
44 107 41
44 108 86
44 109 87
44 111 35
44 114 61
44 116 69
44 117 55
44 120 58
44 121 77
44 123 49
44 124 6
44 125 56
44 127 49
44 129 94
44 132 2
44 134 85
44 136 30
44 137 49
44 139 62
44 144 34
44 145 35
44 146 75
44 147 37
45 47 49
45 48 46
45 50 61
45 52 83
45 58 50
45 61 39
45 64 23
45 67 99
45 68 10
45 69 45
45 70 55
45 73 76
45 79 23
45 83 78
45 87 58
45 90 97
45 93 15
45 97 93
45 99 67
45 102 3
45 108 69
45 109 49
45 111 23
45 113 6
45 122 6
45 123 21
45 124 66
45 125 32
45 127 15
45 128 12
45 133 60
45 134 31
45 138 58
45 141 79
45 142 34
45 143 31
45 144 29
45 149 51
46 47 86
46 55 45
46 59 67
46 62 77
46 63 36
46 64 42
46 65 41
46 67 91
46 68 2
46 69 21
46 70 55
46 71 75
46 73 77
46 74 15
46 75 6
46 76 66
46 79 65
46 84 23
46 90 52
46 91 57
46 99 66
46 105 52
46 106 87
46 111 39
46 112 57
46 122 20
46 123 70
46 124 81
46 129 99
46 130 81
46 139 24
46 142 33
46 148 50
47 51 75
47 52 26
47 57 14
47 59 30
47 60 98
47 61 33
47 62 27
47 65 82
47 69 23
47 70 85
47 72 12
47 75 10
47 76 5
47 79 97
47 80 70
47 81 7
47 82 68
47 83 98
47 84 56
47 86 56
47 88 30
47 91 20
47 92 82
47 93 21
47 94 84
47 95 14
47 99 96
47 102 24
47 105 96
47 109 71
47 116 15
47 120 52
47 122 69
47 124 87
47 130 86
47 131 36
47 133 15
47 136 81
47 142 50
47 145 84
47 148 3
48 49 77
48 50 51
48 51 20
48 54 83
48 56 69
48 58 20
48 59 22
48 60 70
48 61 66
48 63 99
48 65 6
48 66 14
48 68 90
48 69 56
48 71 64
48 73 28
48 77 59
48 78 86
48 82 95
48 84 90
48 88 13
48 90 80
48 92 19
48 93 90
48 97 19
48 98 21
48 101 18
48 103 2
48 104 57
48 105 87
48 107 18
48 109 64
48 111 89
48 113 18
48 114 41
48 115 21
48 118 40
48 119 31
48 123 65
48 124 76
48 126 30
48 128 27
48 130 30
48 134 12
48 135 91
48 138 35
48 141 61
48 147 30
48 148 78
48 149 27
49 52 90
49 54 13
49 59 81
49 61 60
49 62 55
49 64 14
49 65 86
49 71 88
49 77 77
49 78 89
49 79 78
49 80 47
49 84 19
49 87 32
49 89 67
49 91 95
49 93 38
49 94 96
49 95 21
49 96 70
49 97 51
49 99 48
49 100 65
49 101 98
49 102 42
49 105 40
49 111 40
49 113 17
49 115 88
49 116 82
49 118 65
49 120 47
49 122 49
49 124 54
49 125 64
49 127 80
49 129 37
49 134 98
49 135 72
49 141 99
49 142 84
49 148 36
50 51 80
50 54 22
50 55 52
50 56 81
50 57 5
50 59 2
50 62 68
50 65 47
50 66 30
50 67 27
50 70 82
50 71 56
50 76 90
50 77 75
50 79 71
50 86 12
50 88 62
50 92 43
50 93 3
50 94 85
50 95 46
50 100 46
50 101 52
50 109 85
50 114 99
50 118 96
50 119 81
50 121 100
50 124 19
50 125 69
50 128 62
50 129 86
50 133 85
50 135 76
50 136 84
50 139 100
50 140 50
50 144 73
50 145 40
51 56 76
51 58 73
51 62 4
51 64 94
51 65 46
51 67 26
51 70 100
51 72 61
51 73 79
51 79 16
51 80 69
51 83 17
51 92 95
51 95 63
51 96 86
51 97 24
51 101 30
51 103 85
51 104 55
51 105 23
51 106 17
51 107 80
51 108 72
51 109 35
51 110 20
51 111 46
51 113 81
51 114 81
51 119 59
51 121 60
51 122 71
51 132 45
51 133 58
51 144 82
51 146 82
51 147 39
52 54 98
52 55 91
52 56 79
52 59 37
52 61 10
52 62 77
52 64 6
52 66 33
52 68 95
52 71 61
52 72 77
52 73 71
52 76 52
52 78 3
52 80 100
52 81 58
52 84 67
52 90 90
52 96 61
52 101 18
52 105 81
52 106 38
52 108 79
52 109 58
52 111 15
52 116 14
52 118 23
52 120 59
52 121 78
52 123 44
52 124 85
52 127 21
52 128 85
52 131 73
52 133 74
52 140 5
52 141 56
52 144 6
52 146 30
52 148 5
52 149 77
52 150 50
53 56 59
53 59 9
53 60 31
53 62 20
53 64 70
53 66 42
53 67 74
53 69 93
53 72 19
53 73 49
53 75 60
53 76 33
53 77 76
53 80 56
53 82 85
53 87 85
53 90 93
53 91 86
53 92 8
53 96 15
53 98 37
53 104 4
53 105 95
53 112 26
53 116 94
53 118 99
53 119 54
53 120 100
53 122 67
53 124 41
53 125 21
53 126 12
53 129 45
53 131 69
53 132 14
53 133 50
53 134 4
53 141 66
53 142 59
53 147 54
53 149 49
54 56 65
54 60 78
54 63 31
54 64 9
54 66 73
54 67 69
54 72 1
54 73 83
54 75 71
54 76 6
54 77 65
54 78 41
54 82 40
54 87 79
54 88 4
54 89 70
54 94 73
54 95 25
54 97 36
54 100 1
54 101 25
54 102 53
54 105 39
54 107 26
54 114 49
54 115 19
54 120 31
54 124 76
54 132 76
54 133 46
54 134 49
54 138 8
54 142 84
54 143 83
54 150 12
55 58 4
55 61 67
55 63 78
55 65 54
55 68 26
55 69 15
55 70 58
55 71 18
55 73 53
55 76 50
55 77 52
55 78 67
55 81 35
55 83 100
55 85 83
55 88 98
55 89 48
55 91 98
55 92 62
55 93 58
55 94 20
55 98 75
55 99 61
55 100 34
55 101 83
55 103 93
55 105 30
55 106 63
55 108 6
55 109 41
55 110 94
55 111 92
55 114 39
55 115 3
55 116 33
55 121 17
55 122 69
55 123 16
55 124 67
55 125 70
55 128 50
55 129 18
55 137 97
55 140 51
55 141 81
55 143 57
55 144 13
55 147 14
55 148 81
56 58 38
56 64 29
56 67 94
56 68 80
56 69 14
56 75 55
56 87 19
56 88 59
56 89 30
56 90 98
56 92 12
56 93 75
56 95 13
56 97 31
56 98 15
56 100 83
56 101 55
56 103 46
56 104 90
56 107 21
56 110 19
56 113 3
56 114 35
56 116 63
56 119 78
56 123 19
56 124 33
56 127 97
56 128 53
56 134 15
56 136 79
56 137 7
56 138 78
56 140 67
56 141 8
56 142 64
56 144 33
56 147 68
56 148 97
57 58 62
57 61 60
57 63 91
57 65 63
57 67 25
57 69 4
57 71 42
57 74 37
57 75 92
57 77 33
57 81 50
57 82 3
57 83 93
57 87 56
57 90 73
57 92 81
57 93 38
57 95 5
57 97 87
57 100 14
57 103 55
57 104 65
57 105 10
57 107 75
57 108 20
57 111 85
57 113 33
57 116 23
57 117 67
57 118 95
57 120 2
57 122 8
57 124 37
57 125 69
57 135 78
57 138 43
57 139 44
57 142 68
58 60 37
58 62 21
58 71 18
58 72 48
58 76 92
58 77 23
58 78 83
58 81 32
58 86 36
58 88 77
58 90 15
58 97 71
58 99 16
58 100 42
58 102 9
58 103 98
58 105 88
58 109 20
58 111 62
58 116 19
58 119 68
58 120 69
58 122 14
58 123 34
58 127 50
58 128 98
58 131 86
58 132 26
58 133 36
58 135 4
58 137 89
58 139 93
58 140 9
58 141 51
58 142 65
58 146 98
58 150 34
59 61 49
59 64 8
59 65 96
59 68 4
59 71 36
59 72 22
59 73 46
59 78 67
59 80 77
59 82 89
59 83 17
59 85 45
59 87 72
59 88 16
59 89 88
59 91 83
59 95 56
59 97 63
59 102 78
59 105 16
59 108 88
59 109 25
59 110 92
59 112 32
59 114 73
59 116 20
59 121 36
59 124 21
59 127 27
59 131 90
59 134 21
59 137 14
59 141 67
59 142 45
59 144 83
59 147 26
60 61 67
60 63 59
60 67 95
60 68 35
60 70 84
60 71 75
60 72 52
60 74 47
60 76 49
60 79 52
60 82 58
60 87 21
60 95 16
60 98 11
60 102 23
60 104 46
60 105 80
60 106 33
60 109 8
60 110 10
60 111 8
60 112 6
60 114 82
60 116 59
60 118 77
60 119 34
60 120 60
60 121 21
60 124 4
60 127 21
60 129 29
60 131 11
60 132 94
60 133 62
60 138 26
60 143 35
60 144 40
60 149 96
61 62 5
61 63 51
61 65 67
61 67 52
61 71 43
61 72 49
61 74 89
61 75 70
61 76 52
61 78 10
61 79 48
61 81 95
61 82 10
61 84 99
61 86 91
61 89 95
61 91 65
61 93 19
61 96 99
61 97 48
61 99 68
61 101 74
61 103 2
61 104 52
61 107 54
61 110 39
61 112 58
61 116 23
61 120 60
61 121 17
61 122 46
61 124 73
61 129 4
61 132 51
61 134 57
61 140 22
61 141 81
61 145 80
61 147 46
62 65 34
62 66 44
62 72 85
62 73 83
62 77 4
62 78 62
62 81 11
62 86 71
62 89 41
62 92 15
62 93 48
62 101 31
62 103 2
62 104 38
62 108 57
62 109 44
62 110 93
62 112 61
62 119 1
62 120 71
62 121 29
62 122 23
62 123 41
62 125 46
62 129 77
62 131 85
62 137 35
62 139 73
62 140 32
62 142 70
62 143 50
62 149 66
62 150 79
63 64 97
63 66 5
63 67 95
63 68 52
63 74 47
63 75 5
63 76 57
63 78 31
63 86 46
63 90 82
63 93 64
63 94 34
63 97 24
63 103 99
63 109 38
63 111 61
63 112 97
63 113 79
63 119 99
63 120 59
63 123 67
63 125 83
63 128 7
63 130 84
63 132 50
63 133 92
63 134 16
63 135 80
63 138 90
63 140 96
63 144 92
63 145 45
63 146 98
63 148 92
63 150 33
64 65 37
64 68 90
64 71 62
64 75 77
64 76 98
64 77 31
64 82 96
64 83 94
64 84 14
64 85 17
64 87 96
64 88 90
64 89 57
64 91 1
64 94 74
64 96 42
64 98 81
64 101 13
64 103 62
64 109 58
64 110 19
64 111 71
64 112 70
64 114 26
64 118 60
64 119 26
64 120 10
64 122 78
64 123 42
64 125 22
64 126 4
64 127 88
64 130 4
64 133 43
64 136 67
64 139 75
64 140 52
64 142 79
64 145 90
64 148 61
64 150 58
65 66 85
65 67 44
65 69 95
65 70 54
65 73 79
65 81 57
65 83 15
65 85 31
65 86 58
65 87 94
65 89 67
65 90 32
65 92 53
65 96 64
65 100 86
65 104 89
65 105 16
65 107 22
65 112 33
65 121 91
65 122 48
65 123 61
65 126 66
65 129 96
65 133 17
65 134 38
65 138 41
65 143 56
65 144 92
65 147 30
65 150 76
66 68 42
66 73 87
66 78 29
66 80 37
66 83 55
66 85 80
66 87 18
66 88 94
66 94 8
66 95 78
66 98 75
66 100 34
66 104 31
66 108 70
66 109 24
66 110 39
66 113 75
66 114 49
66 115 34
66 116 62
66 118 84
66 123 74
66 124 28
66 127 94
66 129 70
66 132 66
66 134 34
66 137 9
66 138 72
66 139 98
66 143 41
66 150 34
67 68 91
67 69 74
67 71 24
67 74 11
67 76 97
67 79 73
67 80 90
67 81 36
67 86 66
67 88 30
67 91 96
67 93 79
67 94 50
67 102 6
67 104 43
67 105 10
67 106 24
67 107 18
67 116 46
67 120 32
67 127 23
67 130 87
67 132 65
67 137 67
67 144 43
67 145 65
67 148 60
67 149 51
67 150 54
68 70 46
68 71 56
68 74 55
68 76 59
68 78 94
68 82 13
68 84 17
68 86 79
68 88 34
68 89 11
68 91 33
68 97 83
68 98 69
68 100 65
68 103 84
68 106 36
68 108 52
68 112 56
68 116 6
68 119 11
68 120 74
68 121 53
68 123 36
68 124 68
68 125 32
68 130 94
68 133 68
68 137 80
68 140 48
68 142 81
68 144 75
68 145 33
68 147 99
68 149 8
69 71 39
69 72 33
69 73 7
69 74 52
69 75 84
69 77 8
69 80 48
69 81 10
69 82 36
69 84 11
69 86 13
69 87 11
69 89 65
69 90 50
69 91 68
69 92 77
69 94 38
69 95 93
69 96 11
69 98 95
69 101 38
69 104 8
69 105 34
69 109 53
69 113 88
69 114 74
69 116 70
69 121 8
69 123 81
69 125 57
69 128 48
69 129 53
69 132 70
69 136 88
69 137 86
69 138 38
69 141 98
69 144 65
69 145 71
69 148 71
69 149 9
70 71 74
70 79 34
70 80 69
70 81 75
70 85 45
70 86 50
70 90 77
70 91 69
70 95 4
70 100 29
70 101 79
70 102 96
70 104 20
70 106 84
70 108 41
70 110 25
70 114 69
70 119 62
70 122 15
70 123 48
70 126 84
70 127 20
70 128 32
70 129 57
70 130 39
70 131 18
70 133 61
70 134 53
70 136 92
70 137 52
70 138 51
70 139 39
70 140 51
70 141 83
70 142 95
70 144 26
70 149 12
71 73 19
71 75 100
71 76 48
71 77 78
71 78 60
71 79 53
71 80 13
71 81 1
71 82 96
71 85 64
71 88 19
71 92 34
71 96 44
71 97 58
71 103 36
71 105 8
71 111 18
71 116 61
71 117 51
71 120 57
71 121 15
71 122 22
71 123 66
71 125 34
71 126 76
71 128 51
71 129 60
71 133 85
71 136 39
71 137 50
71 138 51
71 147 58
72 74 19
72 80 76
72 84 21
72 86 16
72 87 6
72 88 6
72 91 49
72 93 63
72 101 32
72 103 100
72 104 17
72 106 65
72 108 49
72 110 11
72 114 4
72 120 76
72 122 41
72 123 35
72 128 38
72 130 60
72 131 41
72 134 88
72 142 53
72 145 55
72 146 20
72 149 67
73 74 56
73 75 90
73 76 58
73 77 50
73 80 4
73 83 98
73 84 90
73 87 84
73 93 67
73 95 29
73 96 76
73 97 19
73 99 46
73 101 11
73 102 19
73 105 49
73 108 5
73 111 31
73 112 39
73 114 73
73 119 39
73 120 58
73 123 46
73 124 24
73 128 76
73 129 54
73 130 63
73 131 46
73 133 42
73 138 53
73 140 60
73 141 74
73 142 93
73 143 87
73 146 67
74 81 13
74 82 81
74 83 37
74 84 46
74 85 91
74 86 37
74 87 39
74 90 97
74 92 40
74 93 49
74 94 87
74 96 45
74 98 70
74 101 56
74 103 71
74 104 90
74 105 100
74 107 56
74 111 45
74 114 20
74 116 51
74 117 97
74 123 24
74 125 24
74 130 52
74 136 8
74 138 96
74 139 54
74 141 1
74 142 15
74 145 65
74 146 27
74 149 100
74 150 84
75 76 59
75 80 99
75 81 57
75 82 77
75 84 15
75 87 38
75 89 41
75 96 57
75 99 92
75 102 69
75 106 53
75 108 33
75 114 64
75 117 65
75 124 13
75 125 100
75 127 78
75 128 4
75 129 71
75 130 27
75 134 48
75 139 17
75 140 75
75 142 43
75 143 93
75 145 70
75 147 79
75 149 84
75 150 87
76 80 84
76 83 97
76 84 33
76 85 100
76 88 83
76 90 63
76 91 11
76 93 32
76 95 91
76 96 26
76 100 1
76 109 39
76 115 2
76 118 81
76 119 97
76 120 26
76 125 89
76 127 94
76 132 56
76 134 60
76 142 47
76 143 47
76 146 73
76 148 16
76 149 100
76 150 86
77 80 39
77 82 100
77 84 21
77 86 64
77 88 28
77 89 23
77 92 24
77 94 92
77 95 28
77 97 50
77 99 58
77 101 91
77 103 59
77 104 88
77 106 6
77 108 2
77 118 6
77 122 69
77 125 5
77 129 64
77 131 40
77 133 17
77 134 28
77 135 56
77 138 57
77 140 84
77 144 11
77 146 56
77 147 55
77 150 95
78 79 70
78 83 52
78 88 12
78 89 70
78 90 35
78 91 50
78 98 42
78 100 68
78 101 91
78 102 46
78 103 88
78 106 29
78 109 34
78 111 47
78 114 1
78 115 54
78 116 82
78 117 41
78 119 82
78 121 16
78 124 37
78 126 15
78 128 30
78 129 42
78 132 77
78 133 38
78 137 30
78 139 42
78 140 96
78 146 37
79 81 32
79 87 7
79 90 66
79 91 10
79 92 62
79 93 56
79 95 71
79 99 24
79 103 71
79 104 39
79 105 20
79 106 37
79 107 81
79 108 48
79 114 98
79 117 1
79 121 94
79 127 1
79 129 46
79 132 23
79 133 31
79 136 61
79 137 3
79 143 52
79 145 98
79 147 55
79 148 44
79 149 33
80 82 17
80 84 90
80 86 76
80 87 34
80 90 25
80 91 13
80 94 15
80 96 40
80 97 94
80 98 14
80 102 40
80 105 71
80 107 21
80 110 50
80 112 64
80 113 60
80 114 71
80 116 93
80 117 29
80 118 90
80 120 10
80 123 98
80 126 15
80 131 29
80 132 69
80 136 58
80 137 22
80 142 62
80 143 56
80 150 45
81 83 41
81 85 75
81 88 86
81 89 1
81 91 63
81 94 68
81 97 45
81 98 62
81 99 43
81 104 58
81 105 86
81 107 79
81 108 67
81 111 60
81 112 1
81 113 67
81 115 47
81 116 63
81 117 28
81 118 55
81 119 81
81 120 58
81 125 37
81 130 36
81 139 25
81 142 3
81 145 28
81 146 63
81 147 28
81 149 21
82 84 2
82 87 30
82 88 93
82 92 34
82 93 50
82 95 82
82 96 49
82 100 65
82 103 8
82 108 41
82 109 11
82 111 83
82 112 21
82 113 50
82 119 88
82 125 5
82 127 55
82 131 18
82 134 13
82 135 73
82 136 35
82 138 14
82 141 86
82 144 37
83 86 50
83 88 52
83 90 27
83 92 12
83 93 1
83 99 59
83 104 39
83 106 15
83 107 7
83 108 91
83 109 83
83 111 71
83 113 50
83 117 4
83 118 68
83 121 8
83 123 80
83 125 35
83 128 92
83 132 91
83 133 69
83 139 18
83 142 63
83 143 74
83 148 2
83 149 88
83 150 86
84 85 73
84 88 39
84 89 42
84 90 11
84 91 30
84 98 65
84 102 21
84 109 18
84 110 6
84 113 42
84 115 65
84 117 47
84 119 55
84 121 63
84 124 58
84 125 32
84 126 15
84 129 55
84 131 46
84 136 4
84 137 52
84 144 86
84 145 92
84 149 52
85 86 36
85 92 12
85 95 27
85 98 52
85 100 2
85 104 65
85 106 26
85 112 86
85 115 51
85 118 89
85 119 66
85 120 13
85 121 20
85 122 93
85 126 15
85 128 16
85 131 73
85 134 45
85 135 19
85 136 36
85 137 13
85 141 67
85 142 15
85 144 19
85 145 75
85 146 66
86 89 2
86 92 39
86 96 76
86 99 13
86 100 90
86 102 22
86 104 34
86 110 87
86 120 3
86 122 37
86 124 88
86 125 24
86 126 84
86 128 57
86 131 53
86 133 4
86 135 39
86 139 14
86 142 21
86 143 74
86 144 60
86 145 89
86 146 42
86 147 71
86 148 60
87 90 78
87 91 2
87 93 9
87 94 6
87 95 71
87 101 78
87 102 36
87 103 82
87 104 3
87 105 1
87 107 68
87 109 84
87 110 34
87 114 47
87 117 67
87 118 72
87 120 42
87 126 87
87 127 16
87 128 44
87 130 58
87 133 40
87 135 100
87 136 55
87 137 23
87 138 46
87 142 17
87 143 4
87 146 92
87 148 1
87 149 74
88 91 84
88 94 48
88 96 6
88 97 15
88 102 26
88 107 86
88 112 32
88 115 10
88 116 89
88 118 8
88 123 26
88 124 85
88 131 83
88 133 91
88 134 14
88 137 29
88 138 58
88 140 7
88 144 21
88 146 38
88 147 82
88 149 76
89 90 57
89 91 44
89 92 82
89 95 8
89 96 24
89 97 99
89 98 68
89 100 54
89 102 91
89 103 31
89 106 20
89 110 54
89 112 20
89 116 64
89 117 56
89 120 61
89 121 35
89 122 83
89 125 6
89 131 24
89 134 83
89 135 90
89 137 73
89 141 6
89 144 52
89 148 52
90 92 75
90 93 12
90 94 95
90 95 96
90 98 71
90 105 64
90 107 39
90 108 8
90 109 99
90 112 67
90 113 76
90 115 83
90 117 91
90 118 7
90 125 30
90 126 31
90 129 35
90 131 63
90 132 48
90 133 87
90 134 79
90 135 75
90 136 95
90 137 29
90 138 41
90 139 83
90 141 39
90 142 67
90 144 56
90 145 93
90 146 92
90 147 31
90 148 35
91 96 11
91 98 24
91 101 62
91 102 62
91 103 56
91 104 39
91 114 34
91 115 27
91 116 22
91 117 2
91 118 92
91 121 56
91 122 93
91 123 14
91 124 97
91 126 58
91 127 39
91 128 8
91 131 57
91 133 91
91 134 43
91 138 54
91 141 6
91 144 2
91 146 82
91 147 63
91 148 71
91 150 80
92 93 29
92 94 24
92 99 2
92 100 1
92 113 80
92 115 3
92 120 72
92 121 40
92 122 62
92 123 89
92 124 22
92 126 76
92 128 5
92 129 5
92 130 66
92 131 13
92 133 22
92 136 28
92 139 89
92 140 98
92 143 30
92 145 59
92 147 53
92 149 28
93 95 71
93 97 19
93 100 5
93 103 47
93 107 99
93 108 30
93 109 14
93 111 16
93 113 43
93 114 48
93 116 27
93 117 83
93 123 2
93 125 30
93 126 91
93 128 84
93 130 27
93 134 18
93 138 54
93 139 23
93 140 10
93 143 78
93 144 22
93 146 29
93 147 73
93 150 85
94 95 26
94 103 74
94 105 40
94 106 71
94 108 97
94 109 57
94 110 52
94 114 33
94 116 78
94 117 99
94 120 32
94 122 34
94 123 93
94 124 6
94 126 34
94 130 90
94 131 55
94 135 18
94 137 62
94 140 99
94 142 31
94 143 49
94 146 30
94 147 30
94 150 9
95 96 32
95 98 68
95 100 85
95 104 89
95 105 40
95 108 33
95 109 41
95 110 81
95 113 34
95 114 35
95 117 54
95 118 81
95 119 52
95 121 20
95 122 63
95 124 89
95 125 36
95 127 13
95 132 31
95 133 92
95 135 35
95 137 36
95 139 40
95 141 30
95 143 89
95 144 58
95 148 93
95 150 5
96 97 5
96 103 7
96 105 39
96 112 85
96 113 37
96 114 81
96 115 12
96 116 77
96 122 56
96 128 13
96 132 1
96 133 19
96 134 82
96 135 48
96 137 12
96 141 27
96 142 72
96 144 33
96 145 17
96 146 16
96 147 29
96 148 44
96 150 69
97 100 93
97 108 39
97 113 72
97 114 44
97 117 54
97 118 86
97 119 43
97 122 56
97 123 91
97 124 93
97 125 67
97 127 68
97 130 27
97 131 49
97 137 62
97 139 57
97 141 4
97 143 29
97 144 32
97 145 40
97 146 52
97 149 25
98 99 27
98 101 68
98 103 62
98 106 10
98 110 42
98 111 90
98 112 80
98 115 87
98 117 61
98 118 3
98 124 49
98 126 21
98 127 22
98 128 46
98 129 54
98 130 21
98 133 92
98 137 50
98 139 94
98 140 91
98 141 57
98 143 52
98 144 78
98 147 32
98 148 33
98 150 40
99 104 4
99 107 19
99 109 9
99 110 24
99 112 56
99 115 15
99 116 60
99 120 37
99 125 11
99 129 29
99 131 56
99 132 36
99 138 26
99 141 78
99 143 84
99 144 49
99 148 45
100 104 59
100 106 92
100 110 8
100 117 28
100 118 67
100 119 39
100 125 35
100 127 36
100 131 13
100 133 92
100 134 44
100 137 10
100 138 99
100 139 32
100 144 11
100 147 88
100 148 14
101 104 12
101 105 41
101 108 44
101 113 60
101 118 20
101 119 15
101 120 81
101 121 60
101 122 97
101 124 81
101 129 99
101 130 52
101 131 90
101 132 99
101 133 61
101 134 67
101 135 89
101 137 34
101 139 63
101 143 81
101 144 78
101 146 24
101 147 29
101 149 67
101 150 87
102 107 69
102 109 29
102 110 11
102 112 86
102 114 32
102 118 99
102 120 26
102 123 49
102 124 26
102 127 92
102 134 83
102 135 87
102 138 32
102 139 86
102 140 23
102 143 50
102 144 70
102 145 26
102 150 78
103 104 56
103 110 11
103 112 53
103 114 10
103 128 14
103 129 37
103 134 55
103 136 57
103 144 65
104 108 47
104 109 36
104 110 24
104 112 93
104 114 9
104 115 58
104 118 65
104 121 91
104 122 7
104 123 31
104 126 40
104 127 64
104 131 74
104 132 89
104 134 28
104 135 18
104 137 5
104 138 84
104 139 98
104 140 14
104 142 60
104 143 72
104 146 10
104 148 56
105 108 62
105 111 52
105 117 80
105 119 76
105 120 10
105 121 89
105 122 78
105 125 85
105 129 74
105 135 57
105 138 92
105 139 89
105 140 24
105 143 89
105 144 34
105 145 34
105 148 23
105 150 64
106 107 21
106 108 53
106 115 41
106 119 16
106 124 45
106 126 31
106 127 41
106 132 42
106 134 70
106 135 86
106 136 24
106 139 37
106 144 68
106 145 2
106 146 61
107 110 35
107 113 92
107 114 17
107 117 93
107 120 84
107 122 11
107 129 70
107 131 55
107 134 8
107 135 88
107 138 70
107 139 78
107 140 56
107 141 69
107 144 47
107 146 63
107 147 71
107 149 81
108 109 20
108 110 85
108 111 56
108 112 46
108 115 48
108 117 79
108 119 94
108 120 73
108 121 82
108 125 85
108 126 75
108 133 34
108 135 31
108 136 73
108 142 31
108 145 65
108 146 41
108 148 78
108 150 43
109 111 86
109 112 19
109 113 23
109 121 21
109 124 75
109 127 75
109 128 72
109 129 91
109 131 24
109 135 19
109 136 76
109 138 58
109 145 56
109 150 39
110 111 71
110 114 29
110 122 67
110 123 26
110 126 10
110 127 25
110 129 77
110 133 37
110 134 58
110 137 15
110 138 12
110 139 95
110 142 22
110 144 25
110 146 68
110 148 97
110 150 14
111 113 54
111 117 74
111 120 12
111 122 16
111 125 1
111 126 35
111 127 61
111 128 5
111 134 10
111 142 21
111 147 91
111 149 34
111 150 52
112 115 26
112 116 92
112 118 43
112 124 82
112 126 38
112 130 67
112 134 34
112 135 31
112 137 45
112 138 47
112 140 69
112 141 38
112 143 70
112 147 20
112 150 60
113 115 58
113 116 68
113 118 45
113 121 92
113 122 9
113 123 19
113 126 51
113 129 36
113 130 62
113 132 74
113 135 66
113 140 3
113 145 60
113 150 89
114 115 72
114 117 9
114 119 2
114 126 97
114 127 5
114 128 29
114 129 8
114 130 37
114 131 84
114 140 47
114 149 37
115 116 17
115 117 7
115 119 18
115 121 60
115 124 1
115 128 6
115 129 92
115 131 56
115 133 98
115 135 59
115 142 82
115 144 9
115 146 97
116 117 5
116 119 35
116 121 67
116 122 92
116 124 80
116 125 84
116 129 87
116 130 6
116 131 69
116 132 10
116 136 13
116 137 56
116 146 75
116 148 22
117 118 32
117 119 21
117 120 5
117 123 28
117 131 52
117 134 30
117 136 77
117 138 21
117 142 47
117 143 99
117 145 62
117 147 33
117 148 64
117 149 22
118 119 27
118 121 2
118 124 75
118 129 3
118 131 47
118 139 23
118 140 7
118 144 22
118 149 40
118 150 85
119 123 47
119 124 31
119 128 88
119 132 41
119 136 28
119 137 37
119 143 77
119 144 28
119 145 19
119 146 60
119 147 26
119 148 1
119 149 83
120 122 85
120 124 84
120 126 16
120 128 52
120 129 29
120 131 66
120 134 10
120 139 44
120 140 5
120 142 30
120 145 19
120 146 48
120 147 36
120 148 30
121 122 3
121 123 88
121 129 80
121 131 3
121 132 13
121 133 78
121 134 19
121 135 27
121 136 71
121 139 75
121 140 77
121 141 5
122 130 17
122 132 93
122 134 41
122 135 81
122 146 95
122 147 100
122 148 25
123 125 95
123 126 35
123 127 10
123 128 91
123 129 87
123 132 46
123 133 18
123 138 13
123 139 3
123 141 25
123 144 64
123 145 95
123 147 96
123 148 71
123 149 91
123 150 70
124 134 4
124 141 15
124 144 92
124 147 46
125 131 50
125 133 51
125 135 44
125 137 49
125 150 11
126 136 58
126 140 84
126 142 82
126 145 50
126 148 52
126 149 85
127 134 88
127 136 55
127 142 15
127 143 92
127 144 7
127 146 89
127 147 99
128 132 64
128 134 44
128 135 9
128 136 21
128 137 71
128 144 8
129 136 36
129 140 53
129 143 10
129 145 4
129 147 23
129 148 24
129 150 37
130 133 25
130 134 16
130 135 8
130 136 97
130 138 41
130 141 52
130 144 65
130 146 79
130 148 43
130 150 87
131 132 43
131 138 27
131 144 69
131 146 6
131 147 4
132 141 19
132 146 84
132 149 90
133 134 84
133 136 47
133 138 77
133 139 86
133 142 69
133 143 91
133 149 69
134 137 96
134 141 96
134 144 50
134 145 33
134 147 43
134 148 75
134 150 99
135 136 40
135 138 18
135 139 86
135 140 21
135 142 21
135 145 89
136 137 13
136 140 69
136 141 99
136 143 70
136 146 41
136 149 54
137 138 4
137 141 28
137 143 6
137 147 41
137 150 33
138 143 53
138 144 74
138 145 66
138 146 63
138 147 34
138 148 87
139 142 90
139 143 86
139 144 63
139 147 74
139 148 70
140 145 61
140 147 80
140 150 9
141 142 52
141 144 96
141 147 48
141 149 98
141 150 40
142 143 66
142 145 19
142 148 84
143 144 11
143 145 75
143 146 92
144 150 57
145 147 91
147 148 99
148 149 20
148 150 43
149 150 62
1 4 35
1 15 61
1 18 75
1 19 55
1 24 69
1 25 9
1 26 86
1 31 100
1 32 56
1 34 36
1 41 75
1 43 41
1 45 74
1 48 55
1 49 85
1 50 45
1 51 18
1 54 87
1 63 72
1 64 97
1 65 76
1 71 85
1 74 11
1 78 58
1 80 96
1 81 26
1 83 38
1 87 22
1 90 28
1 92 20
1 93 76
1 94 53
1 98 7
1 100 76
1 105 22
1 107 79
1 108 36
1 110 8
1 111 69
1 114 38
1 116 26
1 118 31
1 119 3
1 121 97
1 125 39
1 126 39
1 129 25
1 130 51
1 132 70
1 133 82
1 134 43
1 136 29
1 138 6
1 139 3
1 141 11
1 142 3
1 143 99
1 144 74
1 145 6
1 146 5
1 147 34
1 150 53
2 8 3
2 11 7
2 17 76
2 19 50
2 21 50
2 25 64
2 28 98
2 29 31
2 32 13
2 33 65
2 40 28
2 44 59
2 45 88
2 48 56
2 50 65
2 52 47
2 54 58
2 56 75
2 57 90
2 60 32
2 61 76
2 62 4
2 66 68
2 69 30
2 71 74
2 73 87
2 74 16
2 75 49
2 77 20
2 78 26
2 83 74
2 85 69
2 88 61
2 90 41
2 91 37
2 94 54
2 97 68
2 99 64
2 101 60
2 105 67
2 106 23
2 109 78
2 118 75
2 120 34
2 121 29
2 123 33
2 126 32
2 128 14
2 132 87
2 135 93
2 136 30
2 137 44
2 138 96
2 139 25
2 141 67
2 142 78
2 144 28
2 147 79
2 148 15
2 149 82
2 150 99
3 4 75
3 6 84
3 7 5
3 8 71
3 9 31
3 15 83
3 18 47
3 19 32
3 20 9
3 23 59
3 27 62
3 31 8
3 33 57
3 35 30
3 36 49
3 39 39
3 40 34
3 41 71
3 42 93
3 43 47
3 48 52
3 49 15
3 51 37
3 54 65
3 58 58
3 59 33
3 60 99
3 62 80
3 66 48
3 67 23
3 69 94
3 70 71
3 71 69
3 73 15
3 74 46
3 78 5
3 84 81
3 85 96
3 86 77
3 87 97
3 93 40
3 97 90
3 107 78
3 114 17
3 116 25
3 117 91
3 123 69
3 125 98
3 127 10
3 129 33
3 131 35
3 132 1
3 136 73
3 137 96
3 139 35
3 142 88
3 143 96
3 145 53
3 147 24
4 9 22
4 21 75
4 23 87
4 24 1
4 30 78
4 32 51
4 34 31
4 36 90
4 38 98
4 43 53
4 47 72
4 49 95
4 50 67
4 52 63
4 56 18
4 57 85
4 59 12
4 60 48
4 64 48
4 66 22
4 67 40
4 68 19
4 69 46
4 70 65
4 72 83
4 73 65
4 74 76
4 76 66
4 77 2
4 78 62
4 80 74
4 81 20
4 82 48
4 88 100
4 90 84
4 93 60
4 94 74
4 97 57
4 99 81
4 105 58
4 106 79
4 109 93
4 111 35
4 115 86
4 116 87
4 118 15
4 119 87
4 120 9
4 123 57
4 124 75
4 128 89
4 130 68
4 133 21
4 134 8
4 135 94
4 136 89
4 139 2
4 147 100
5 7 90
5 8 16
5 9 11
5 11 65
5 13 1
5 18 58
5 25 89
5 28 66
5 29 28
5 30 95
5 36 56
5 37 29
5 41 97
5 44 84
5 46 40
5 50 61
5 53 80
5 56 88
5 58 41
5 61 45
5 64 62
5 66 62
5 68 8
5 69 16
5 70 33
5 71 49
5 72 79
5 73 68
5 76 71
5 78 3
5 79 84
5 81 45
5 82 16
5 84 54
5 86 78
5 87 44
5 89 6
5 94 59
5 95 26
5 96 21
5 100 96
5 107 65
5 108 52
5 112 38
5 115 98
5 117 60
5 121 98
5 123 15
5 124 97
5 127 49
5 132 46
5 133 42
5 134 82
5 136 38
5 138 84
5 147 81
5 148 30
5 150 57
6 7 94
6 10 2
6 11 4
6 14 91
6 17 69
6 18 28
6 19 40
6 25 52
6 28 39
6 29 48
6 35 87
6 36 30
6 40 50
6 43 5
6 44 83
6 46 81
6 49 75
6 50 84
6 55 49
6 59 42
6 64 11
6 65 90
6 66 27
6 67 67
6 73 31
6 76 67
6 77 10
6 80 53
6 83 94
6 85 72
6 86 78
6 90 42
6 91 63
6 92 74
6 94 57
6 96 47
6 98 88
6 100 6
6 102 75
6 103 27
6 104 57
6 106 95
6 108 64
6 109 52
6 111 37
6 112 77
6 115 57
6 116 47
6 119 63
6 123 68
6 126 91
6 127 10
6 129 97
6 133 93
6 136 30
6 138 61
6 139 24
6 142 31
6 143 24
6 144 68
6 147 11
6 149 61
6 150 25
7 15 99
7 18 49
7 19 98
7 20 32
7 23 13
7 30 96
7 34 14
7 35 9
7 37 44
7 38 15
7 39 22
7 44 27
7 46 77
7 50 42
7 51 10
7 52 11
7 54 8
7 58 90
7 61 86
7 64 84
7 69 31
7 71 23
7 73 26
7 74 47
7 75 45
7 76 27
7 77 93
7 78 20
7 82 63
7 86 56
7 87 41
7 88 76
7 91 55
7 95 76
7 96 28
7 97 94
7 98 68
7 101 91
7 102 94
7 103 68
7 107 60
7 108 77
7 110 3
7 112 46
7 113 38
7 119 4
7 120 46
7 123 10
7 127 18
7 128 69
7 130 32
7 131 59
7 134 14
7 136 33
7 137 19
7 138 56
7 141 100
7 145 97
7 148 11
8 9 75
8 11 42
8 12 94
8 15 72
8 19 37
8 20 38
8 21 3
8 22 96
8 24 77
8 28 17
8 30 1
8 32 57
8 33 22
8 34 96
8 35 72
8 36 81
8 40 82
8 49 17
8 51 32
8 52 53
8 53 5
8 56 2
8 58 16
8 61 88
8 64 29
8 65 23
8 68 73
8 70 81
8 71 20
8 75 24
8 76 24
8 77 60
8 81 19
8 88 55
8 90 80
8 91 18
8 93 97
8 98 62
8 100 60
8 106 60
8 111 89
8 115 86
8 116 12
8 119 42
8 122 51
8 124 89
8 125 20
8 128 85
8 129 20
8 131 11
8 137 99
8 139 79
8 141 31
8 142 1
8 147 60
8 148 46
8 150 70
9 10 55
9 15 42
9 16 78
9 17 72
9 19 46
9 20 43
9 22 93
9 24 8
9 25 47
9 26 24
9 28 87
9 29 58
9 30 34
9 32 53
9 33 35
9 36 10
9 41 86
9 43 50
9 50 70
9 52 27
9 57 19
9 58 37
9 60 74
9 61 23
9 66 89
9 69 94
9 71 48
9 72 32
9 76 33
9 77 8
9 79 19
9 80 22
9 83 26
9 87 26
9 90 38
9 96 16
9 99 59
9 108 74
9 117 6
9 118 64
9 122 70
9 123 31
9 126 52
9 128 54
9 130 93
9 131 79
9 132 71
9 133 86
9 136 76
9 138 97
9 139 84
9 142 63
9 145 86
9 147 73
9 148 91
9 149 32
9 150 52
10 11 79
10 12 77
10 14 86
10 21 21
10 24 44
10 25 91
10 26 59
10 27 87
10 28 64
10 30 33
10 32 68
10 33 85
10 36 57
10 37 99
10 38 71
10 40 6
10 41 23
10 44 21
10 46 58
10 47 11
10 51 8
10 52 80
10 54 11
10 55 23
10 56 24
10 58 27
10 59 74
10 61 73
10 70 98
10 75 10
10 82 51
10 83 11
10 87 98
10 91 81
10 93 52
10 95 23
10 98 27
10 99 30
10 103 73
10 104 94
10 109 81
10 110 29
10 112 21
10 117 17
10 118 74
10 121 50
10 122 29
10 123 7
10 132 1
10 135 67
10 136 60
10 139 79
10 140 48
10 141 16
10 143 70
10 144 61
10 145 70
10 149 91
10 150 77
11 14 65
11 15 15
11 21 5
11 23 67
11 26 46
11 35 41
11 40 57
11 42 87
11 51 100
11 52 67
11 56 59
11 60 14
11 61 66
11 64 45
11 68 2
11 69 52
11 71 44
11 72 18
11 73 49
11 81 27
11 83 64
11 85 63
11 88 65
11 93 45
11 94 37
11 96 51
11 100 42
11 102 67
11 103 61
11 104 1
11 105 90
11 106 39
11 109 51
11 111 55
11 115 62
11 117 15
11 118 85
11 120 58
11 127 39
11 129 12
11 133 33
11 135 53
11 136 80
11 140 61
11 142 96
11 143 7
11 145 74
11 147 50
11 149 53
12 13 64
12 14 42
12 16 52
12 24 2
12 25 1
12 27 49
12 29 21
12 31 86
12 33 16
12 35 89
12 37 83
12 43 12
12 46 85
12 48 54
12 51 69
12 56 10
12 57 51
12 59 4
12 61 7
12 64 43
12 65 68
12 66 43
12 67 88
12 71 3
12 72 100
12 73 56
12 80 11
12 82 36
12 84 67
12 86 30
12 87 55
12 95 96
12 96 13
12 98 84
12 99 82
12 103 17
12 105 41
12 109 84
12 116 69
12 117 19
12 118 86
12 119 38
12 120 97
12 121 99
12 122 14
12 123 24
12 127 27
12 128 12
12 130 85
12 131 91
12 132 40
12 134 57
12 136 12
12 138 44
12 139 89
12 144 43
12 145 14
12 146 60
12 147 91
12 149 60
13 16 50
13 17 29
13 18 88
13 22 46
13 23 14
13 29 39
13 31 92
13 42 82
13 43 43
13 44 99
13 46 7
13 48 89
13 49 21
13 51 72
13 52 73
13 55 84
13 56 99
13 59 44
13 62 27
13 66 52
13 74 34
13 77 45
13 78 77
13 80 64
13 81 3
13 90 33
13 91 39
13 95 54
13 99 68
13 105 62
13 106 76
13 107 85
13 110 90
13 114 57
13 117 57
13 118 58
13 119 33
13 122 66
13 124 73
13 127 36
13 129 74
13 130 18
13 131 43
13 132 89
13 136 82
13 142 14
14 17 28
14 19 15
14 20 96
14 21 89
14 25 14
14 26 100
14 33 72
14 35 48
14 36 89
14 40 51
14 41 64
14 42 7
14 43 12
14 45 77
14 46 90
14 49 56
14 52 73
14 54 13
14 55 51
14 58 39
14 60 25
14 65 54
14 69 7
14 73 39
14 78 62
14 82 76
14 88 29
14 90 70
14 93 53
14 95 89
14 104 54
14 105 28
14 109 24
14 113 78
14 117 50
14 118 57
14 122 36
14 124 23
14 126 62
14 127 45
14 130 90
14 134 36
14 136 60
14 137 42
14 138 34
14 139 61
14 140 32
14 149 9
15 16 26
15 17 50
15 21 54
15 23 16
15 25 43
15 26 22
15 29 26
15 32 18
15 34 67
15 36 39
15 37 94
15 39 77
15 43 54
15 48 33
15 50 70
15 54 32
15 55 21
15 56 93
15 57 39
15 58 1
15 62 26
15 63 1
15 68 97
15 69 35
15 71 15
15 74 82
15 75 24
15 77 43
15 78 1
15 82 4
15 83 74
15 84 84
15 85 89
15 86 20
15 92 54
15 96 5
15 98 37
15 101 80
15 102 46
15 103 55
15 104 4
15 105 35
15 110 64
15 111 16
15 112 47
15 114 54
15 117 68
15 118 40
15 122 94
15 128 93
15 129 58
15 132 87
15 136 85
15 140 68
15 142 10
15 150 37
16 19 42
16 23 5
16 26 65
16 30 22
16 34 99
16 39 64
16 41 2
16 43 70
16 44 11
16 47 60
16 50 99
16 52 89
16 53 50
16 54 85
16 56 62
16 60 62
16 63 91
16 64 19
16 65 9
16 66 28
16 69 37
16 70 12
16 74 6
16 76 6
16 77 54
16 79 12
16 84 69
16 85 13
16 88 65
16 89 5
16 91 20
16 94 80
16 95 49
16 97 52
16 98 80
16 100 46
16 101 80
16 102 37
16 103 67
16 106 21
16 112 92
16 115 90
16 120 41
16 121 3
16 129 84
16 131 14
16 135 79
16 136 73
16 139 96
16 144 75
16 145 44
16 146 17
16 148 72
17 18 63
17 19 19
17 20 93
17 22 82
17 26 100
17 27 28
17 34 70
17 35 49
17 36 2
17 37 36
17 40 50
17 42 50
17 43 48
17 48 74
17 51 16
17 52 95
17 56 55
17 59 62
17 60 58
17 61 41
17 64 34
17 70 36
17 71 31
17 72 55
17 75 57
17 76 78
17 79 69
17 80 46
17 82 47
17 84 50
17 85 99
17 88 50
17 91 72
17 94 4
17 100 91
17 102 32
17 106 19
17 107 16
17 108 99
17 109 69
17 111 44
17 113 48
17 114 39
17 119 80
17 120 51
17 122 10
17 124 12
17 125 81
17 130 16
17 134 20
17 138 7
17 141 96
17 143 90
18 19 81
18 22 79
18 25 73
18 30 1
18 32 62
18 33 12
18 37 48
18 38 15
18 39 4
18 41 30
18 43 13
18 45 98
18 46 42
18 49 56
18 50 83
18 51 34
18 53 45
18 57 38
18 58 26
18 59 13
18 60 18
18 61 78
18 65 66
18 69 31
18 70 44
18 71 67
18 74 69
18 76 80
18 77 52
18 84 80
18 86 39
18 90 30
18 97 51
18 99 75
18 100 55
18 101 19
18 103 73
18 104 36
18 105 59
18 107 28
18 108 93
18 111 67
18 112 63
18 113 48
18 114 98
18 115 30
18 118 99
18 122 95
18 123 28
18 124 44
18 125 97
18 130 23
18 133 39
18 136 13
18 143 57
18 144 47
18 150 33
19 21 88
19 25 57
19 32 9
19 34 55
19 38 16
19 39 77
19 42 9
19 45 79
19 47 35
19 51 82
19 52 35
19 56 71
19 59 97
19 62 58
19 64 69
19 65 10
19 66 9
19 67 30
19 68 60
19 72 49
19 76 25
19 77 49
19 78 84
19 79 13
19 80 64
19 83 11
19 87 34
19 91 27
19 92 61
19 97 29
19 98 54
19 101 94
19 103 32
19 105 77
19 109 44
19 110 65
19 114 82
19 117 69
19 120 79
19 122 53
19 123 55
19 130 64
19 131 58
19 132 27
19 133 8
19 144 14
19 146 81
20 26 1
20 27 90
20 29 12
20 33 87
20 36 77
