150 10058 1
1 2 66
1 3 73
1 5 100
1 7 58
1 8 54
1 10 17
1 11 45
1 16 42
1 20 41
1 22 15
1 24 25
1 25 1
1 29 62
1 30 2
1 32 20
1 37 12
1 40 67
1 43 91
1 46 47
1 51 97
1 52 12
1 60 4
1 61 45
1 63 1
1 64 59
1 69 12
1 73 14
1 75 30
1 76 43
1 87 100
1 88 94
1 90 22
1 99 36
1 102 56
1 107 58
1 116 60
1 122 31
1 123 44
1 130 47
1 131 55
1 135 60
1 136 97
1 138 55
1 140 44
1 144 14
1 145 44
1 148 94
1 150 50
2 3 67
2 5 71
2 7 91
2 8 16
2 9 17
2 11 30
2 13 92
2 14 52
2 16 14
2 18 15
2 27 16
2 34 1
2 35 23
2 36 62
2 37 66
2 38 97
2 42 30
2 43 52
2 44 19
2 48 42
2 53 6
2 54 87
2 57 26
2 59 14
2 62 56
2 67 58
2 69 71
2 70 2
2 71 83
2 72 18
2 75 93
2 76 9
2 77 14
2 78 86
2 79 25
2 83 59
2 87 42
2 88 69
2 91 39
2 92 7
2 95 21
2 96 62
2 102 61
2 103 96
2 106 14
2 111 10
2 113 41
2 114 48
2 120 52
2 123 59
2 128 81
2 132 15
2 146 17
2 150 73
3 7 48
3 8 22
3 11 72
3 12 3
3 17 28
3 19 63
3 22 29
3 26 6
3 27 5
3 30 5
3 34 8
3 36 47
3 40 29
3 41 47
3 42 69
3 45 57
3 51 50
3 52 34
3 54 54
3 58 30
3 59 71
3 60 48
3 61 100
3 62 66
3 63 17
3 66 32
3 67 1
3 69 30
3 75 71
3 79 85
3 82 12
3 87 40
3 88 10
3 91 86
3 92 24
3 93 97
3 97 17
3 98 76
3 101 51
3 103 69
3 104 33
3 105 57
3 107 49
3 109 81
3 110 19
3 115 11
3 119 83
3 121 17
3 122 78
3 126 45
3 128 5
3 132 44
3 136 11
3 141 35
3 144 73
3 145 77
3 146 8
4 5 10
4 9 72
4 11 64
4 12 4
4 13 90
4 14 93
4 16 30
4 17 52
4 18 6
4 20 46
4 21 60
4 22 55
4 26 51
4 29 83
4 32 21
4 33 53
4 35 14
4 45 83
4 51 17
4 52 27
4 54 20
4 56 76
4 57 39
4 58 11
4 59 27
4 63 67
4 64 94
4 66 5
4 74 14
4 77 66
4 78 61
4 80 81
4 81 38
4 84 48
4 89 2
4 90 22
4 97 64
4 98 99
4 99 25
4 101 50
4 105 22
4 107 84
4 111 56
4 112 40
4 115 43
4 116 25
4 117 10
4 120 92
4 121 60
4 122 99
4 124 23
4 129 99
4 131 34
4 133 86
4 135 7
4 142 9
4 143 18
4 150 84
5 11 36
5 26 46
5 27 89
5 28 10
5 30 46
5 32 21
5 33 31
5 35 59
5 38 5
5 41 40
5 44 54
5 45 36
5 46 28
5 55 13
5 56 99
5 60 66
5 61 29
5 63 98
5 66 92
5 67 41
5 68 11
5 70 94
5 72 42
5 75 63
5 80 1
5 85 76
5 87 82
5 93 94
5 94 79
5 101 78
5 102 34
5 104 53
5 105 6
5 107 79
5 109 18
5 111 31
5 112 58
5 113 3
5 114 36
5 120 35
5 123 13
5 125 22
5 126 32
5 127 54
5 134 19
5 135 4
5 141 51
5 143 99
5 144 50
6 9 76
6 10 66
6 14 33
6 15 34
6 16 85
6 17 56
6 19 92
6 23 8
6 25 52
6 27 49
6 28 41
6 29 47
6 30 73
6 37 100
6 49 49
6 51 86
6 52 71
6 57 67
6 58 3
6 60 99
6 63 30
6 64 38
6 65 68
6 67 37
6 78 63
6 79 76
6 82 100
6 83 77
6 84 42
6 87 89
6 88 12
6 91 41
6 93 74
6 96 37
6 98 57
6 101 29
6 105 37
6 106 72
6 110 75
6 112 43
6 113 18
6 115 45
6 121 28
6 125 94
6 127 52
6 131 100
6 133 21
6 136 16
6 137 70
6 139 87
6 141 67
6 143 86
6 146 27
6 149 52
7 11 38
7 12 32
7 19 8
7 24 49
7 29 1
7 32 95
7 33 41
7 37 40
7 39 53
7 40 10
7 46 90
7 47 84
7 49 37
7 54 23
7 55 10
7 56 85
7 57 72
7 60 36
7 61 53
7 67 48
7 68 66
7 69 46
7 80 53
7 83 77
7 85 75
7 86 49
7 90 30
7 95 31
7 99 82
7 105 17
7 107 34
7 110 20
7 111 24
7 113 67
7 114 85
7 116 77
7 118 45
7 123 79
7 126 95
7 130 36
7 132 22
7 134 54
7 135 41
7 138 37
7 139 32
7 140 21
7 142 85
8 9 64
8 10 42
8 11 34
8 15 73
8 16 6
8 19 50
8 21 84
8 23 69
8 24 42
8 25 82
8 35 98
8 40 79
8 41 99
8 42 84
8 47 32
8 48 32
8 49 83
8 51 25
8 54 40
8 55 92
8 58 8
8 62 9
8 63 50
8 64 60
8 66 82
8 68 61
8 73 59
8 77 96
8 79 19
8 80 52
8 81 13
8 83 9
8 85 33
8 87 18
8 89 92
8 92 20
8 95 31
8 96 5
8 97 70
8 100 43
8 101 53
8 102 83
8 107 92
8 109 20
8 121 69
8 131 81
8 135 19
8 136 67
8 138 77
8 140 61
8 142 51
8 147 4
8 148 88
9 12 47
9 14 25
9 16 5
9 18 24
9 19 14
9 20 82
9 22 69
9 24 98
9 27 68
9 29 4
9 32 63
9 35 24
9 37 17
9 38 93
9 42 2
9 43 64
9 44 45
9 49 39
9 50 80
9 51 12
9 53 80
9 58 42
9 64 86
9 71 86
9 72 82
9 73 33
9 77 3
9 80 71
9 82 60
9 83 37
9 85 37
9 87 53
9 89 66
9 90 44
9 92 55
9 94 63
9 102 79
9 109 6
9 112 26
9 113 62
9 117 56
9 118 85
9 119 68
9 120 17
9 122 25
9 125 37
9 128 31
9 133 39
9 138 7
9 140 51
9 141 100
9 144 88
9 145 98
9 146 71
9 148 2
10 13 25
10 19 45
10 23 89
10 27 81
10 28 26
10 29 46
10 31 46
10 37 62
10 38 23
10 39 92
10 40 3
10 44 99
10 45 89
10 48 43
10 49 66
10 54 10
10 55 58
10 56 31
10 57 6
10 61 89
10 65 41
10 67 11
10 68 49
10 69 69
10 73 3
10 75 11
10 76 14
10 79 40
10 85 33
10 88 97
10 90 24
10 105 79
10 106 1
10 110 73
10 112 50
10 113 58
10 114 46
10 118 54
10 119 14
10 120 71
10 121 41
10 123 70
10 124 85
10 125 48
10 131 99
10 132 70
10 134 89
10 137 64
10 138 90
10 139 19
10 140 69
10 141 44
10 142 6
10 144 64
10 145 15
10 148 23
10 149 26
11 12 80
11 14 63
11 15 6
11 18 18
11 21 29
11 22 5
11 24 87
11 27 5
11 29 7
11 32 71
11 35 56
11 36 81
11 40 99
11 41 93
11 42 79
11 45 66
11 46 43
11 49 98
11 56 30
11 57 56
11 58 48
11 61 69
11 62 69
11 63 50
11 66 74
11 69 85
11 72 90
11 73 26
11 79 51
11 80 73
11 81 12
11 83 72
11 87 72
11 89 22
11 93 97
11 97 88
11 99 37
11 100 66
11 102 36
11 106 87
11 107 66
11 110 41
11 111 57
11 112 9
11 114 88
11 118 36
11 120 39
11 124 24
11 126 43
11 128 64
11 132 61
11 137 45
11 139 88
11 142 6
11 144 75
11 146 34
11 147 46
11 149 82
12 15 92
12 16 30
12 17 90
12 21 58
12 26 5
12 27 61
12 32 33
12 36 18
12 40 56
12 41 75
12 43 89
12 47 98
12 50 38
12 55 14
12 57 63
12 62 90
12 63 49
12 64 74
12 68 81
12 70 45
12 72 85
12 73 82
12 74 93
12 75 8
12 76 37
12 77 34
12 78 20
12 84 61
12 85 13
12 86 91
12 87 23
12 89 37
12 90 100
12 91 38
12 92 53
12 94 51
12 97 17
12 98 32
12 102 82
12 106 83
12 108 81
12 111 45
12 112 72
12 114 77
12 116 45
12 117 62
12 118 77
12 123 97
12 124 67
12 126 67
12 129 22
12 130 100
12 133 95
12 135 41
12 136 26
12 138 34
12 144 3
12 145 18
12 146 16
12 147 56
13 15 11
13 16 40
13 20 81
13 21 57
13 22 7
13 23 20
13 24 74
13 27 36
13 29 89
13 30 23
13 32 13
13 35 37
13 36 64
13 44 13
13 45 28
13 49 52
13 51 27
13 54 82
13 55 95
13 57 1
13 59 40
13 65 91
13 68 53
13 69 23
13 72 92
13 73 26
13 75 90
13 77 64
13 78 15
13 84 61
13 87 58
13 92 78
13 96 83
13 97 41
13 98 43
13 99 88
13 101 4
13 103 66
13 109 22
13 110 36
13 111 45
13 116 17
13 117 38
13 118 96
13 130 21
13 134 28
13 137 29
13 138 9
13 140 70
13 141 61
13 142 93
13 143 28
13 146 87
13 148 18
13 149 61
14 18 13
14 19 98
14 21 94
14 22 52
14 25 71
14 26 10
14 27 59
14 30 38
14 32 7
14 35 18
14 37 17
14 39 5
14 42 93
14 46 29
14 49 70
14 62 21
14 63 43
14 64 39
14 68 81
14 69 63
14 70 31
14 71 96
14 73 61
14 75 28
14 79 2
14 83 57
14 85 49
14 87 54
14 88 75
14 90 63
14 94 6
14 96 71
14 98 92
14 107 28
14 109 54
14 112 55
14 116 17
14 117 53
14 119 28
14 120 85
14 122 66
14 123 19
14 125 51
14 126 60
14 128 4
14 129 98
14 130 3
14 132 64
14 135 76
14 136 5
14 139 14
14 149 45
14 150 84
15 16 94
15 17 90
15 18 97
15 19 14
15 20 46
15 21 62
15 23 19
15 24 68
15 26 26
15 31 19
15 34 89
15 36 87
15 38 91
15 39 57
15 42 67
15 43 66
15 45 86
15 48 37
15 50 77
15 51 59
15 55 85
15 58 54
15 60 36
15 61 69
15 66 43
15 67 46
15 69 4
15 70 90
15 72 55
15 75 90
15 77 23
15 84 99
15 86 1
15 87 84
15 88 91
15 92 79
15 93 58
15 98 34
15 104 39
15 105 17
15 106 100
15 108 27
15 109 3
15 111 85
15 114 86
15 117 84
15 122 68
15 126 39
15 127 7
15 128 30
15 132 67
15 133 80
15 136 83
15 138 75
15 143 92
15 144 2
15 145 99
15 147 7
15 148 65
16 18 38
16 22 59
16 23 100
16 27 48
16 29 63
16 30 35
16 32 10
16 33 79
16 37 21
16 38 84
16 41 89
16 43 74
16 46 28
16 53 14
16 54 97
16 56 96
16 57 19
16 63 46
16 65 74
16 67 15
16 68 50
16 71 57
16 72 77
16 73 80
16 75 74
16 77 94
16 78 74
16 82 58
16 85 77
16 86 29
16 94 77
16 96 31
16 97 91
16 98 36
16 99 15
16 109 51
16 110 97
16 113 53
16 114 85
16 116 44
16 118 86
16 123 16
16 124 14
16 128 57
16 129 1
16 135 84
16 139 97
16 140 46
16 141 28
16 146 51
16 148 59
16 150 3
17 19 7
17 20 8
17 27 80
17 31 32
17 33 7
17 34 13
17 37 72
17 39 42
17 42 36
17 44 42
17 47 88
17 48 79
17 49 5
17 52 38
17 53 40
17 55 19
17 58 74
17 61 3
17 67 62
17 71 15
17 73 47
17 74 8
17 77 28
17 80 95
17 82 74
17 85 48
17 86 22
17 87 19
17 90 20
17 91 76
17 92 64
17 96 23
17 99 57
17 100 68
17 107 92
17 108 6
17 109 91
17 111 16
17 112 8
17 116 55
17 118 3
17 120 64
17 123 18
17 125 88
17 126 34
17 128 73
17 130 56
17 136 52
17 140 72
17 142 13
17 144 58
17 145 44
17 147 98
17 150 25
18 25 61
18 26 41
18 28 6
18 29 89
18 30 78
18 31 86
18 32 26
18 33 89
18 34 9
18 36 69
18 38 65
18 39 11
18 40 31
18 43 58
18 44 44
18 45 16
18 47 84
18 56 57
18 58 75
18 63 69
18 68 54
18 70 27
18 74 43
18 79 86
18 80 39
18 81 28
18 86 40
18 88 100
18 93 16
18 103 81
18 108 71
18 111 82
18 118 71
18 121 91
18 125 10
18 127 80
18 129 95
18 132 1
18 134 53
18 137 13
18 139 82
18 143 6
18 145 87
18 146 15
18 148 22
19 21 85
19 23 59
19 25 32
19 26 63
19 28 90
19 31 46
19 32 89
19 35 92
19 37 90
19 40 96
19 44 65
19 47 7
19 48 75
19 49 100
19 51 68
19 54 37
19 56 21
19 58 26
19 59 48
19 60 39
19 64 75
19 70 51
19 75 44
19 77 97
19 78 40
19 80 2
19 81 30
19 86 87
19 87 76
19 88 9
19 89 87
19 90 65
19 91 73
19 92 20
19 93 87
19 96 14
19 97 48
19 98 26
19 100 56
19 101 18
19 102 43
19 103 61
19 106 51
19 115 82
19 118 50
19 120 69
19 121 58
19 122 72
19 126 5
19 129 77
19 133 25
19 134 87
19 136 19
19 140 71
19 141 81
19 144 19
19 147 52
19 148 14
19 149 95
20 24 70
20 26 6
20 27 53
20 28 20
20 30 74
20 32 65
20 33 39
20 34 59
20 37 38
20 41 22
20 42 76
20 43 50
20 44 65
20 48 33
20 49 50
20 51 58
20 55 81
20 57 21
20 60 19
20 61 18
20 63 60
20 65 96
20 70 56
20 74 22
20 75 76
20 76 98
20 79 10
20 85 90
20 86 32
20 88 40
20 89 75
20 90 15
20 91 76
20 92 92
20 96 9
20 98 60
20 99 81
20 100 23
20 104 23
20 105 37
20 106 48
20 107 65
20 108 61
20 110 89
20 114 4
20 117 10
20 120 92
20 126 67
20 127 23
20 128 75
20 130 13
20 131 76
20 133 20
20 134 72
20 138 96
20 139 45
20 140 33
20 141 30
20 145 28
20 149 98
21 22 5
21 23 49
21 27 92
21 33 90
21 37 72
21 38 52
21 40 76
21 41 51
21 43 48
21 44 78
21 45 87
21 48 61
21 49 8
21 52 35
21 56 84
21 59 10
21 61 39
21 63 94
21 65 13
21 66 3
21 76 62
21 77 42
21 78 21
21 81 28
21 85 53
21 96 55
21 97 31
21 98 75
21 101 51
21 102 51
21 104 48
21 105 90
21 106 92
21 110 46
21 112 49
21 113 24
21 115 53
21 121 55
21 122 52
21 126 45
21 130 48
21 132 74
21 135 8
21 137 5
21 139 26
21 141 11
21 145 42
21 147 71
21 148 66
22 23 2
22 24 80
22 25 42
22 26 16
22 27 60
22 31 98
22 35 28
22 40 75
22 41 25
22 42 9
22 43 38
22 44 36
22 45 49
22 46 12
22 48 24
22 53 61
22 55 62
22 56 9
22 59 34
22 63 75
22 64 28
22 68 60
22 69 76
22 72 38
22 75 74
22 76 90
22 78 47
22 79 20
22 80 11
22 81 37
22 82 38
22 83 73
22 86 74
22 89 79
22 92 28
22 93 82
22 96 61
22 107 58
22 109 62
22 110 10
22 112 18
22 114 8
22 115 64
22 116 58
22 118 23
22 122 23
22 125 71
22 127 15
22 133 65
22 135 45
22 137 99
22 140 47
22 145 31
22 148 72
22 149 47
23 26 39
23 30 99
23 31 58
23 33 22
23 36 93
23 44 43
23 46 90
23 51 69
23 56 52
23 61 11
23 62 34
23 63 37
23 64 71
23 66 14
23 69 32
23 70 16
23 71 49
23 78 35
23 80 72
23 83 61
23 85 86
23 86 29
23 92 40
23 93 64
23 95 78
23 99 46
23 100 69
23 101 8
23 102 59
23 104 18
23 106 97
23 108 14
23 110 67
23 112 80
23 114 42
23 119 42
23 121 46
23 123 66
23 124 54
23 126 57
23 127 69
23 129 55
23 130 61
23 135 35
23 136 93
23 137 17
23 138 80
23 140 29
23 141 87
23 142 82
23 144 68
23 146 18
23 147 35
23 148 43
24 25 78
24 28 44
24 29 29
24 30 43
24 31 77
24 34 59
24 40 31
24 43 61
24 46 5
24 47 90
24 50 13
24 51 39
24 53 6
24 54 33
24 60 26
24 63 18
24 69 2
24 74 75
24 76 10
24 82 42
24 84 93
24 86 70
24 87 47
24 88 17
24 89 67
24 91 93
24 97 52
24 102 48
24 106 81
24 110 37
24 112 48
24 113 59
24 116 22
24 120 92
24 122 17
24 123 39
24 125 58
24 136 25
24 137 63
24 139 87
24 140 57
24 146 46
24 149 14
24 150 55
25 26 69
25 28 48
25 32 80
25 34 18
25 35 60
25 41 90
25 42 1
25 46 11
25 47 14
25 49 13
25 50 27
25 51 75
25 52 79
25 55 29
25 56 9
25 57 25
25 59 84
25 60 1
25 61 95
25 65 81
25 67 37
25 68 24
25 69 92
25 71 58
25 75 72
25 78 77
25 79 86
25 83 18
25 85 15
25 89 7
25 91 97
25 93 48
25 99 1
25 100 80
25 101 79
25 104 69
25 105 16
25 109 95
25 110 77
25 115 86
25 119 96
25 121 39
25 124 27
25 126 41
25 128 29
25 133 99
25 134 29
25 140 19
25 141 26
25 146 6
25 148 87
25 150 62
26 28 34
26 30 17
26 31 90
26 33 91
26 35 31
26 36 73
26 37 60
26 40 40
26 42 67
26 43 27
26 45 56
26 47 35
26 49 74
26 53 80
26 55 5
26 56 77
26 57 55
26 61 44
26 64 55
26 68 97
26 72 87
26 73 47
26 79 30
26 80 15
26 82 16
26 84 77
26 85 32
26 87 62
26 96 58
26 98 42
26 99 71
26 103 57
26 104 45
26 113 8
26 116 58
26 119 15
26 121 14
26 123 79
26 124 47
26 125 21
26 127 98
26 130 84
26 131 17
26 133 72
26 137 85
26 141 98
26 142 94
26 144 4
26 150 26
27 31 84
27 32 2
27 33 63
27 36 86
27 37 77
27 40 24
27 41 100
27 43 17
27 47 4
27 48 73
27 49 39
27 50 68
27 55 33
27 63 55
27 65 63
27 66 30
27 70 67
27 71 53
27 75 96
27 78 50
27 79 76
27 82 16
27 85 23
27 86 51
27 90 57
27 94 96
27 96 65
27 97 24
27 98 68
27 103 2
27 107 77
27 108 72
27 109 57
27 110 46
27 111 10
27 112 19
27 114 45
27 116 36
27 119 8
27 120 72
27 123 15
27 127 77
27 129 82
27 132 54
27 143 83
27 147 61
27 149 58
28 31 93
28 34 56
28 36 40
28 41 61
28 43 4
28 44 63
28 46 44
28 49 15
28 54 99
28 56 70
28 60 39
28 61 40
28 62 62
28 66 69
28 68 23
28 70 46
28 73 25
28 75 30
28 76 18
28 77 65
28 79 55
28 81 80
28 85 75
28 89 52
28 90 91
28 91 84
28 93 34
28 94 23
28 95 58
28 97 64
28 99 54
28 100 30
28 106 30
28 107 36
28 109 75
28 112 26
28 114 94
28 116 22
28 126 97
28 132 24
28 135 20
28 139 20
28 140 42
28 145 63
28 147 29
29 36 80
29 41 89
29 43 79
29 51 17
29 52 60
29 55 21
29 58 6
29 60 65
29 61 63
29 63 68
29 64 10
29 65 31
29 67 92
29 68 51
29 72 97
29 78 100
29 79 87
29 82 98
29 84 21
29 85 52
29 87 2
29 90 30
29 97 100
29 99 12
29 100 50
29 103 49
29 104 12
29 105 5
29 111 16
29 114 54
29 116 21
29 117 28
29 121 37
29 123 58
29 126 89
29 127 26
29 130 56
29 131 13
29 132 51
29 134 49
29 135 38
29 136 78
29 137 86
29 138 45
29 143 99
29 145 94
29 149 12
30 31 8
30 32 58
30 34 30
30 36 79
30 40 78
30 41 45
30 42 77
30 43 37
30 45 82
30 46 91
30 48 8
30 49 20
30 50 39
30 51 87
30 54 15
30 57 53
30 59 75
30 63 57
30 65 63
30 66 67
30 67 81
30 71 46
30 74 15
30 81 12
30 85 99
30 86 96
30 88 58
30 89 91
30 94 58
30 98 3
30 100 49
30 104 51
30 105 13
30 106 82
30 107 14
30 109 96
30 110 33
30 113 21
30 115 2
30 117 3
30 118 95
30 124 7
30 126 56
30 130 36
30 134 56
30 136 93
30 139 91
30 140 77
30 145 61
30 146 7
30 149 38
30 150 17
31 34 44
31 35 22
31 36 12
31 37 36
31 40 98
31 47 45
31 48 52
31 52 51
31 54 47
31 55 99
31 56 91
31 57 21
31 60 45
31 62 32
31 64 46
31 65 16
31 66 81
31 73 44
31 75 6
31 77 83
31 78 69
31 83 98
31 85 61
31 87 44
31 88 81
31 92 53
31 97 84
31 101 30
31 102 45
31 104 55
31 109 5
31 110 35
31 111 60
31 112 3
31 114 55
31 115 48
31 117 32
31 120 30
31 127 9
31 129 93
31 136 8
31 137 2
31 139 87
31 140 67
31 141 51
31 143 64
31 144 73
31 147 64
31 149 78
31 150 87
32 33 73
32 35 8
32 39 78
32 40 12
32 41 96
32 45 30
32 46 63
32 49 50
32 51 77
32 57 35
32 59 97
32 60 38
32 63 90
32 65 79
32 66 35
32 71 43
32 73 24
32 75 16
32 76 35
32 78 57
32 79 27
32 83 2
32 85 57
32 95 56
32 96 54
32 99 80
32 100 96
32 104 74
32 105 34
32 106 65
32 107 64
32 110 92
32 112 37
32 113 3
32 115 61
32 116 90
32 122 52
32 125 47
32 126 99
32 127 60
32 130 87
32 131 41
32 132 70
32 135 33
32 136 49
32 138 23
32 140 100
32 142 12
32 143 25
32 144 61
32 146 60
32 147 22
32 149 81
33 34 67
33 37 62
33 38 55
33 40 65
33 41 11
33 44 87
33 46 80
33 49 69
33 59 62
33 63 6
33 67 63
33 68 97
33 69 20
33 72 97
33 74 95
33 75 24
33 80 29
33 81 6
33 83 7
33 84 34
33 86 77
33 88 46
33 91 45
33 92 69
33 93 12
33 97 88
33 101 42
33 102 85
33 103 2
33 107 65
33 108 96
33 110 25
33 111 69
33 113 27
33 116 66
33 117 24
33 118 37
33 122 57
33 123 78
33 124 45
33 126 14
33 128 24
33 130 49
33 133 9
33 135 64
33 136 96
33 138 40
33 139 47
33 140 69
33 142 93
33 143 7
33 145 85
33 148 38
34 35 67
34 39 88
34 46 16
34 48 4
34 51 64
34 55 10
34 56 32
34 58 84
34 59 74
34 61 20
34 62 23
34 64 45
34 67 1
34 68 98
34 75 56
34 76 29
34 77 48
34 79 18
34 80 86
34 82 92
34 87 89
34 88 67
34 90 83
34 97 61
34 99 56
34 103 81
34 105 78
34 106 59
34 108 98
34 111 40
34 115 45
34 116 40
34 118 45
34 119 72
34 121 95
34 123 21
34 129 85
34 130 1
34 134 24
34 135 31
34 140 98
34 141 59
34 143 78
34 146 6
34 149 33
35 36 78
35 37 71
35 45 90
35 46 49
35 47 50
35 55 99
35 56 74
35 58 61
35 61 98
35 62 56
35 67 72
35 69 40
35 71 11
35 73 95
35 75 67
35 77 80
35 79 40
35 82 71
35 86 30
35 87 52
35 90 48
35 94 65
35 96 94
35 98 19
35 101 72
35 104 31
35 107 92
35 110 96
35 111 76
35 112 26
35 115 44
35 118 6
35 125 48
35 126 28
35 129 45
35 136 21
35 138 69
35 141 48
35 143 6
35 144 18
35 145 66
35 147 77
35 149 62
36 39 36
36 41 68
36 42 32
36 43 10
36 45 83
36 48 65
36 49 65
36 50 74
36 52 21
36 56 31
36 59 42
36 61 42
36 64 78
36 66 96
36 70 8
36 85 42
36 87 38
36 92 7
36 98 28
36 103 11
36 107 30
36 108 1
36 110 77
36 112 26
36 116 69
36 118 29
36 123 80
36 124 68
36 125 46
36 128 95
36 129 69
36 136 26
36 137 12
36 138 68
36 141 61
36 144 73
36 147 22
37 38 64
37 39 46
37 44 35
37 49 1
37 50 15
37 51 65
37 52 46
37 53 91
37 54 18
37 55 18
37 56 5
37 57 24
37 58 25
37 62 32
37 63 65
37 64 38
37 65 55
37 69 45
37 73 41
37 74 29
37 76 22
37 78 91
37 81 30
37 82 13
37 83 10
37 86 54
37 88 54
37 89 45
37 96 26
37 99 84
37 100 40
37 102 89
37 107 88
37 109 89
37 112 64
37 117 47
37 119 2
37 126 75
37 131 42
37 136 36
37 137 17
37 140 47
37 144 15
37 146 15
37 147 70
37 148 22
37 149 27
38 40 10
38 42 32
38 45 69
38 48 99
38 49 91
38 53 96
38 54 31
38 56 64
38 57 12
38 59 10
38 61 46
38 65 8
38 66 39
38 68 22
38 73 69
38 74 17
38 75 9
38 76 27
38 81 87
38 84 18
38 91 38
38 95 27
38 96 51
38 100 77
38 101 3
38 103 70
38 105 25
38 106 72
38 108 100
38 109 9
38 110 26
38 112 84
38 113 20
38 118 65
38 126 2
38 128 46
38 129 36
38 130 43
38 134 31
38 135 22
38 136 17
38 137 62
38 140 82
38 141 36
38 143 92
38 144 54
38 145 28
38 147 25
38 150 87
39 43 59
39 44 64
39 47 32
39 49 33
39 52 14
39 53 70
39 54 6
39 56 89
39 57 74
39 58 74
39 59 85
39 60 100
39 61 5
39 62 44
39 63 44
39 67 17
39 68 98
39 69 59
39 70 63
39 77 72
39 78 49
39 91 87
39 95 86
39 103 72
39 104 12
39 105 78
39 107 12
39 111 46
39 113 97
39 116 4
39 120 58
39 124 19
39 126 3
39 128 43
39 135 14
39 136 10
39 137 82
39 138 49
39 145 85
39 147 46
39 149 87
40 43 26
40 46 85
40 51 75
40 52 74
40 54 12
40 55 39
40 56 5
40 57 78
40 58 24
40 59 99
40 61 87
40 62 35
40 64 10
40 66 5
40 67 21
40 69 80
40 70 82
40 75 100
40 76 78
40 80 27
40 85 66
40 88 10
40 91 68
40 92 16
40 94 85
40 98 30
40 101 50
40 104 47
40 105 73
40 115 1
40 121 91
40 126 72
40 128 91
40 129 58
40 130 12
40 139 75
40 140 78
40 141 83
40 142 60
40 146 75
40 149 24
40 150 80
41 43 21
41 45 100
41 49 20
41 50 36
41 52 64
41 53 3
41 56 14
41 57 14
41 58 53
41 59 31
41 65 63
41 68 14
41 70 29
41 72 29
41 74 68
41 76 30
41 77 2
41 79 69
41 82 11
41 86 83
41 91 99
41 95 97
41 99 6
41 101 92
41 103 80
41 113 5
41 116 92
41 117 7
41 118 60
41 121 83
41 126 10
41 130 27
41 131 58
41 132 27
41 136 36
41 137 35
41 138 57
41 140 13
41 141 83
41 142 78
41 143 44
42 49 31
42 52 69
42 55 94
42 56 48
42 58 35
42 59 60
42 60 5
42 61 62
42 63 35
42 65 73
42 68 25
42 70 38
42 72 11
42 73 23
42 74 31
42 79 37
42 80 16
42 81 98
42 83 44
42 88 78
42 90 19
42 91 63
42 94 53
42 95 3
42 96 52
42 98 3
42 99 51
42 101 94
42 102 84
42 103 73
42 105 57
42 106 43
42 109 91
42 113 100
42 114 55
42 116 76
42 118 53
42 119 85
42 122 54
42 123 37
42 124 21
42 125 52
42 128 75
42 130 100
42 131 2
42 132 45
42 133 60
42 136 99
42 137 27
42 138 80
42 140 17
42 143 69
42 144 24
42 145 5
42 148 24
42 150 90
43 45 49
43 46 29
43 49 39
43 50 2
43 53 24
43 55 40
43 56 35
43 61 32
43 65 61
43 66 42
43 71 90
43 76 88
43 77 47
43 80 55
43 83 71
43 86 15
43 88 73
43 92 79
43 93 93
43 96 50
43 97 48
43 99 25
43 101 63
43 103 84
43 104 16
43 106 19
43 120 1
43 122 25
43 123 69
43 124 47
43 125 36
43 129 48
43 131 19
43 135 4
43 138 93
43 143 28
43 145 18
43 149 90
43 150 71
44 45 53
44 46 53
44 47 98
44 49 82
44 51 61
44 53 46
44 58 15
44 59 95
44 60 15
44 61 56
44 62 40
44 64 41
44 65 20
44 66 86
44 70 12
44 71 54
44 72 48
44 73 78
44 74 65
44 75 39
44 79 9
44 80 74
44 82 16
44 84 47
44 85 89
44 86 83
44 95 22
44 96 45
44 98 79
44 105 13
44 108 60
44 111 56
44 113 4
44 116 94
44 118 88
44 119 62
44 125 71
44 128 47
44 129 35
44 133 44
44 134 91
44 135 58
44 137 39
44 139 5
44 142 99
44 143 55
44 144 7
44 146 60
44 150 21
45 52 96
45 53 72
45 58 20
45 63 8
45 65 12
45 68 26
45 70 59
45 71 87
45 75 79
45 76 36
45 78 56
45 80 87
45 81 32
45 83 9
45 86 21
45 88 30
45 91 49
45 92 35
45 96 46
45 98 6
45 99 90
45 100 97
45 104 73
45 107 83
45 108 82
45 117 71
45 118 8
45 119 31
45 122 60
45 125 53
45 128 99
45 135 22
45 142 51
45 143 64
45 144 66
45 149 87
46 47 39
46 48 99
46 52 23
46 55 60
46 56 16
46 57 53
46 62 94
46 65 46
46 67 3
46 68 63
46 69 45
46 70 67
46 71 49
46 74 97
46 78 23
46 81 1
46 83 91
46 85 46
46 89 14
46 92 71
46 94 100
46 98 8
46 101 32
46 109 8
46 111 2
46 112 13
46 114 3
46 115 61
46 117 10
46 118 8
46 119 3
46 120 61
46 123 11
46 124 41
46 125 72
46 126 78
46 137 16
46 138 58
46 143 49
46 144 48
46 145 23
46 147 32
47 48 23
47 49 89
47 54 15
47 55 4
47 57 3
47 58 51
47 62 79
47 68 30
47 69 83
47 70 64
47 72 9
47 75 18
47 76 77
47 77 54
47 82 78
47 83 80
47 85 56
47 87 47
47 89 55
47 90 89
47 92 93
47 93 95
47 95 88
47 100 14
47 102 86
47 105 63
47 108 3
47 109 70
47 110 28
47 113 4
47 122 64
47 124 86
47 126 38
47 130 85
47 131 93
47 132 83
47 133 51
47 135 84
47 137 14
47 138 90
47 139 72
47 141 26
47 142 15
47 143 10
47 144 45
47 146 38
47 147 54
47 148 16
47 149 9
47 150 96
48 49 13
48 50 57
48 51 24
48 54 16
48 55 61
48 58 37
48 61 28
48 63 7
48 65 31
48 66 92
48 68 31
48 69 61
48 70 64
48 71 53
48 72 95
48 73 11
48 74 94
48 76 55
48 77 29
48 82 38
48 83 17
48 84 66
48 88 78
48 96 14
48 98 27
48 99 29
48 100 31
48 103 36
48 104 46
48 107 9
48 112 79
48 114 42
48 119 41
48 120 17
48 131 1
48 134 55
48 140 62
48 141 90
48 144 36
49 52 23
49 54 60
49 56 55
49 60 24
49 63 24
49 66 83
49 68 31
49 69 15
49 70 65
49 71 14
49 72 40
49 73 23
49 74 48
49 78 18
49 81 20
49 85 88
49 87 85
49 88 43
49 89 43
49 90 87
49 93 22
49 97 85
49 98 93
49 102 32
49 105 88
49 111 17
49 113 17
49 114 57
49 118 71
49 119 4
49 126 43
49 135 72
49 138 65
49 144 48
49 145 92
49 147 80
50 52 47
50 53 6
50 54 11
50 62 27
50 63 3
50 65 42
50 66 20
50 70 58
50 71 51
50 74 67
50 75 6
50 80 55
50 81 27
50 85 53
50 90 46
50 93 48
50 95 85
50 96 60
50 97 44
50 98 62
50 103 72
50 110 86
50 111 98
50 112 43
50 115 37
50 117 58
50 119 72
50 123 63
50 125 1
50 126 52
50 128 82
50 132 95
50 134 37
50 139 73
50 140 89
50 141 14
50 142 50
50 144 98
50 148 32
51 54 72
51 57 89
51 58 56
51 67 85
51 68 80
51 69 87
51 71 39
51 73 45
51 75 68
51 77 25
51 83 85
51 85 5
51 86 7
51 89 45
51 91 89
51 95 49
51 98 2
51 109 58
51 110 40
51 117 44
51 118 96
51 122 70
51 128 81
51 131 15
51 133 62
51 134 51
51 136 13
51 139 69
51 140 45
51 143 91
51 146 55
51 147 3
51 150 62
52 53 83
52 54 99
52 57 63
52 60 29
52 61 38
52 62 5
52 66 14
52 71 81
52 73 48
52 77 47
52 78 72
52 81 38
52 82 7
52 84 45
52 91 67
52 92 17
52 95 26
52 101 71
52 107 13
52 110 23
52 111 29
52 112 48
52 116 78
52 118 82
52 119 48
52 123 83
52 126 62
52 128 84
52 132 83
52 133 51
52 135 93
52 136 32
52 139 87
52 141 41
52 142 61
52 143 91
52 144 23
52 145 82
52 146 27
52 149 81
52 150 52
53 62 76
53 67 15
53 70 81
53 71 99
53 74 84
53 75 62
53 78 90
53 79 32
53 80 50
53 81 96
53 82 26
53 83 29
53 84 61
53 88 27
53 90 11
53 93 7
53 95 59
53 97 33
53 98 82
53 100 35
53 104 22
53 111 73
53 112 47
53 113 41
53 115 88
53 116 21
53 121 96
53 128 70
53 136 82
53 138 22
53 140 38
53 142 55
53 143 83
53 145 85
53 146 14
53 147 62
53 150 19
54 59 98
54 65 64
54 66 64
54 68 71
54 69 65
54 71 13
54 72 23
54 73 59
54 82 69
54 83 84
54 85 64
54 86 100
54 90 100
54 96 42
54 98 74
54 99 64
54 100 77
54 101 92
54 103 78
54 105 15
54 106 28
54 115 41
54 119 59
54 125 84
54 128 33
54 129 44
54 130 83
54 132 100
54 134 32
54 135 77
54 139 45
54 141 72
54 144 17
54 148 95
54 149 22
55 60 83
55 64 58
55 66 63
55 68 3
55 69 24
55 70 32
55 71 32
55 72 74
55 76 29
55 80 33
55 82 79
55 83 75
55 86 81
55 87 52
55 90 66
55 91 26
55 93 72
55 94 66
55 95 94
55 96 66
55 98 4
55 101 80
55 102 49
55 103 88
55 105 71
55 106 79
55 107 14
55 113 39
55 114 50
55 116 91
55 120 67
55 128 57
55 129 80
55 140 13
55 144 24
55 145 29
56 58 70
56 59 80
56 60 51
56 63 36
56 66 15
56 69 24
56 76 39
56 79 87
56 80 82
56 81 37
56 86 77
56 88 81
56 89 85
56 90 59
56 95 11
56 101 30
56 105 59
56 106 75
56 109 3
56 113 37
56 114 28
56 115 17
56 116 8
56 117 11
56 119 58
56 120 73
56 123 75
56 124 59
56 127 99
56 130 19
56 131 90
56 134 26
56 138 51
56 142 9
56 147 52
57 58 10
57 60 67
57 63 18
57 64 77
57 66 14
57 67 9
57 70 52
57 72 75
57 73 29
57 74 3
57 76 3
57 79 80
57 80 39
57 81 52
57 82 10
57 86 61
57 88 15
57 96 42
57 99 53
57 100 33
57 102 68
57 106 72
57 108 67
57 110 53
57 111 2
57 113 18
57 121 78
57 122 41
57 123 44
57 124 3
57 125 100
57 128 66
57 130 67
57 131 67
57 132 55
57 134 60
57 135 13
57 137 98
57 138 95
57 143 29
57 146 95
57 149 6
58 59 58
58 60 36
58 61 18
58 63 16
58 68 25
58 73 84
58 74 49
58 75 41
58 77 68
58 84 30
58 85 81
58 87 20
58 88 73
58 90 32
58 91 52
58 93 77
58 97 13
58 100 6
58 101 83
58 103 52
58 106 96
58 110 5
58 111 43
58 113 10
58 120 78
58 121 34
58 122 33
58 129 69
58 130 13
58 131 49
58 138 9
58 140 2
59 62 63
59 69 47
59 71 65
59 72 19
59 76 93
59 79 49
59 81 48
59 85 84
59 86 14
59 87 47
59 89 50
59 98 20
59 99 40
59 100 77
59 101 37
59 105 53
59 108 49
59 109 25
59 110 29
59 112 5
59 113 56
59 115 3
59 116 61
59 118 24
59 120 57
59 123 61
59 124 21
59 128 25
59 129 52
59 132 7
59 139 81
59 143 36
59 150 9
60 61 29
60 66 82
60 68 5
60 69 92
60 70 44
60 71 61
60 74 34
60 75 7
60 77 66
60 78 82
60 81 60
60 83 28
60 84 59
60 86 80
60 90 59
60 91 22
60 92 92
60 93 84
60 96 99
60 98 81
60 99 94
60 102 59
60 103 88
60 107 47
60 113 24
60 117 10
60 119 69
60 120 82
60 123 58
60 126 17
60 127 61
60 132 67
60 133 96
60 137 35
60 138 67
60 140 17
60 141 64
60 142 69
60 144 46
60 147 54
60 150 27
61 64 16
61 65 50
61 66 88
61 69 75
61 71 38
61 73 10
61 75 29
61 83 60
61 94 97
61 98 71
61 99 47
61 106 23
61 107 60
61 108 62
61 110 52
61 112 24
61 113 43
61 117 67
61 121 74
61 122 23
61 124 1
61 125 90
61 126 93
61 133 43
61 142 75
61 144 88
61 145 55
61 146 31
61 147 30
61 148 80
61 150 42
62 68 72
62 70 96
62 71 4
62 72 15
62 74 93
62 76 87
62 77 87
62 78 48
62 80 9
62 82 28
62 85 7
62 86 57
62 91 14
62 92 18
62 95 8
62 98 95
62 102 25
62 107 47
62 108 25
62 109 35
62 110 78
62 116 87
62 117 79
62 118 33
62 121 40
62 122 28
62 124 20
62 125 2
62 127 44
62 128 7
62 130 8
62 131 32
62 132 86
62 134 87
62 135 47
62 136 46
62 137 49
62 138 73
62 140 65
62 150 72
63 66 36
63 69 10
63 70 29
63 71 73
63 72 69
63 74 77
63 76 80
63 78 16
63 79 98
63 80 80
63 87 94
63 88 68
63 89 43
63 94 12
63 97 46
63 100 45
63 101 17
63 102 69
63 103 18
63 104 19
63 106 97
63 108 55
63 111 7
63 118 2
63 121 71
63 126 30
63 127 15
63 130 15
63 132 66
63 133 58
63 134 82
63 136 79
63 137 96
63 138 56
63 139 45
63 140 19
63 142 100
63 143 100
63 146 73
63 148 4
64 66 93
64 69 88
64 73 69
64 76 63
64 81 30
64 87 28
64 88 86
64 89 66
64 90 11
64 91 95
64 93 2
64 94 89
64 99 6
64 104 31
64 105 16
64 109 89
64 110 16
64 111 30
64 112 31
64 113 7
64 119 2
64 123 72
64 126 96
64 127 58
64 128 44
64 132 21
64 136 45
64 137 68
64 144 46
64 146 75
64 150 16
65 66 33
65 67 13
65 68 56
65 69 31
65 70 47
65 73 54
65 75 46
65 79 11
65 81 56
65 87 41
65 88 50
65 91 49
65 96 4
65 98 9
65 99 92
65 101 2
65 106 23
65 110 92
65 113 52
65 115 61
65 116 53
65 120 61
65 121 94
65 123 7
65 124 76
65 125 87
65 126 25
65 128 51
65 131 55
65 136 61
65 137 26
65 141 14
65 146 68
65 147 16
66 67 62
66 68 58
66 69 51
66 74 38
66 75 69
66 77 66
66 78 57
66 79 41
66 80 27
66 81 75
66 86 68
66 89 21
66 90 45
66 92 43
66 93 42
66 94 10
66 95 44
66 96 98
66 98 12
66 104 41
66 106 74
66 107 79
66 110 97
66 115 42
66 116 75
66 117 36
66 124 78
66 125 85
66 130 27
66 134 100
66 135 7
66 137 94
66 139 7
66 142 33
66 145 71
66 146 61
66 147 97
66 149 91
67 70 57
67 73 62
67 74 90
67 76 21
67 81 17
67 84 21
67 85 49
67 88 81
67 95 37
67 97 100
67 99 86
67 100 2
67 105 70
67 108 57
67 111 84
67 116 50
67 119 89
67 120 50
67 123 14
67 127 93
67 128 90
67 130 91
67 133 58
67 136 10
67 144 74
67 149 3
68 71 83
68 75 94
68 77 37
68 78 55
68 79 24
68 84 74
68 85 51
68 89 3
68 90 39
68 93 89
68 96 60
68 103 96
68 104 75
68 109 68
68 111 58
68 113 79
68 114 87
68 116 43
68 117 99
68 118 48
68 119 51
68 120 53
68 122 47
68 123 93
68 126 23
68 129 61
68 130 42
68 131 4
68 133 59
68 136 39
68 138 53
68 139 18
68 142 2
68 143 55
68 144 7
68 145 82
68 146 53
68 147 15
68 148 45
68 149 49
69 70 93
69 71 19
69 74 59
69 78 66
69 79 67
69 80 44
69 87 76
69 88 22
69 89 88
69 94 61
69 99 40
69 105 23
69 108 59
69 109 80
69 111 25
69 112 19
69 120 18
69 123 78
69 124 53
69 125 100
69 131 37
69 135 96
69 136 39
69 140 77
69 142 77
69 143 81
69 144 5
69 145 89
69 147 8
70 73 32
70 77 88
70 78 55
70 90 5
70 91 13
70 93 58
70 94 10
70 96 95
70 97 62
70 98 8
70 103 15
70 104 29
70 107 96
70 108 78
70 109 63
70 119 2
70 120 5
70 121 84
70 122 86
70 123 28
70 125 32
70 128 4
70 130 95
70 134 65
70 139 16
70 144 52
70 146 24
70 148 61
70 150 70
71 74 50
71 76 51
71 86 78
71 88 12
71 90 70
71 91 30
71 92 99
71 93 15
71 94 48
71 96 96
71 99 18
71 100 87
71 103 59
71 104 5
71 109 51
71 110 44
71 111 90
71 112 43
71 113 33
71 123 1
71 125 89
71 127 13
71 133 65
71 136 57
71 138 31
71 142 18
71 146 65
71 148 83
71 149 15
72 74 72
72 76 68
72 80 21
72 87 11
72 88 26
72 89 82
72 90 2
72 91 99
72 92 20
72 93 76
72 94 52
72 98 93
72 100 90
72 101 27
72 103 61
72 104 35
72 107 73
72 108 81
72 114 46
72 115 11
72 116 67
72 117 16
72 118 36
72 123 87
72 124 72
72 126 59
72 127 26
72 129 43
72 132 77
72 133 48
72 135 59
72 137 61
72 138 67
72 139 79
72 140 20
72 143 48
72 144 7
73 76 16
73 77 16
73 78 59
73 81 11
73 82 13
73 83 29
73 85 43
73 86 27
73 91 22
73 98 29
73 102 95
73 104 25
73 105 76
73 110 46
73 111 27
73 114 60
73 115 97
73 120 12
73 123 80
73 126 16
73 128 29
73 129 99
73 130 92
73 131 73
73 133 6
73 136 46
73 137 81
73 140 78
73 141 36
73 146 22
73 149 50
73 150 58
74 75 14
74 80 32
74 82 69
74 83 2
74 85 41
74 86 35
74 87 22
74 88 76
74 90 11
74 95 88
74 96 88
74 99 28
74 100 69
74 101 14
74 102 41
74 103 63
74 107 95
74 108 58
74 109 45
74 111 25
74 112 20
74 113 95
74 114 27
74 122 41
74 127 82
74 128 10
74 129 20
74 131 15
74 132 31
74 136 26
74 139 12
74 140 18
74 142 11
74 146 52
74 147 29
74 148 36
75 78 4
75 82 41
75 83 10
75 86 76
75 89 26
75 91 37
75 94 37
75 98 44
75 99 46
75 108 95
75 109 59
75 110 50
75 111 72
75 115 46
75 122 37
75 124 89
75 126 51
75 128 48
75 132 97
75 135 37
75 136 84
75 137 2
75 138 2
75 139 40
75 145 90
75 146 66
75 149 35
75 150 82
76 78 22
76 81 17
76 82 50
76 88 27
76 89 54
76 92 11
76 94 62
76 99 29
76 104 67
76 107 72
76 117 10
76 118 59
76 120 11
76 125 76
76 127 61
76 130 24
76 132 63
76 134 95
76 140 71
76 141 97
76 142 50
76 146 25
76 147 37
76 148 47
76 149 97
76 150 73
77 78 2
77 88 60
77 89 94
77 90 60
77 91 68
77 95 51
77 99 31
77 101 34
77 102 37
77 103 30
77 105 84
77 107 18
77 109 28
77 112 10
77 117 95
77 118 47
77 120 12
77 121 54
77 131 43
77 132 73
77 134 21
77 135 91
77 136 69
77 140 68
77 143 13
77 144 86
77 147 58
78 80 32
78 81 90
78 82 90
78 83 68
78 84 2
78 86 12
78 92 99
78 96 42
78 99 83
78 100 7
78 101 68
78 109 19
78 111 27
78 115 26
78 117 85
78 118 98
78 120 81
78 122 45
78 125 15
78 126 64
78 127 35
78 128 93
78 129 9
78 130 77
78 136 71
78 137 19
78 139 18
78 143 87
78 144 30
78 146 2
78 149 63
79 81 99
79 83 23
79 85 1
79 89 50
79 92 6
79 101 73
79 106 2
79 108 72
79 109 75
79 110 7
79 112 70
79 114 42
79 115 95
79 117 27
79 121 49
79 122 54
79 124 78
79 128 51
79 135 70
79 137 6
79 138 90
79 139 38
79 140 2
79 143 61
79 144 15
79 147 65
79 149 100
79 150 25
80 81 74
80 86 69
80 87 69
80 89 85
80 92 37
80 94 91
80 98 100
80 101 68
80 102 42
80 103 17
80 104 58
80 106 58
80 108 57
80 110 99
80 111 7
80 116 12
80 120 55
80 123 86
80 126 35
80 127 53
80 129 77
80 131 12
80 133 46
80 134 53
80 135 96
80 139 92
80 141 14
80 149 32
80 150 48
81 82 35
81 88 55
81 91 77
81 96 7
81 97 14
81 98 75
81 99 88
81 100 71
81 102 89
81 103 39
81 105 31
81 108 86
81 111 6
81 121 77
81 123 22
81 129 42
81 132 24
81 136 73
81 139 39
81 140 79
81 141 77
81 142 17
81 148 75
82 85 17
82 86 35
82 87 47
82 88 66
82 89 41
82 94 52
82 95 47
82 98 80
82 101 57
82 106 88
82 109 82
82 111 37
82 114 83
82 115 51
82 116 76
82 119 68
82 125 4
82 130 35
82 131 48
82 132 61
82 134 98
82 135 79
82 137 94
82 139 7
82 141 35
82 142 3
82 143 50
82 144 15
83 90 4
83 91 26
83 92 86
83 93 20
83 94 55
83 95 39
83 96 22
83 97 54
83 98 66
83 99 87
83 101 61
83 102 78
83 105 86
83 106 76
83 108 16
83 110 34
83 114 14
83 115 73
83 117 13
83 119 99
83 120 8
83 125 63
83 129 16
83 138 64
83 139 57
83 145 18
84 89 19
84 90 95
84 92 23
84 94 9
84 98 38
84 103 2
84 104 25
84 106 51
84 108 64
84 109 76
84 110 11
84 113 10
84 117 24
84 118 28
84 119 83
84 122 33
84 125 50
84 128 57
84 129 33
84 131 43
84 132 91
84 138 56
84 140 55
84 142 4
84 143 64
84 147 25
84 148 11
84 150 2
85 87 64
85 88 37
85 89 27
85 91 97
85 93 35
85 95 80
85 98 18
85 113 80
85 114 59
85 116 65
85 120 23
85 121 9
85 122 31
85 124 34
85 125 17
85 127 87
85 129 90
85 131 73
85 136 13
85 139 75
85 145 29
85 147 7
85 148 60
85 149 30
85 150 85
86 87 52
86 88 55
86 89 72
86 93 42
86 95 40
86 98 57
86 100 51
86 103 46
86 107 63
86 110 42
86 112 96
86 113 32
86 117 37
86 118 88
86 124 13
86 125 52
86 127 69
86 128 53
86 131 68
86 132 2
86 134 67
86 136 86
86 137 15
86 139 72
86 140 1
86 141 51
86 143 75
86 147 100
86 150 42
87 91 57
87 94 80
87 97 42
87 99 37
87 100 57
87 101 18
87 106 87
87 107 73
87 108 97
87 112 42
87 113 71
87 114 92
87 117 75
87 119 89
87 120 90
87 127 70
87 129 38
87 130 57
87 131 24
87 135 84
87 136 46
87 139 30
87 143 23
87 149 2
88 92 43
88 98 7
88 99 32
88 100 33
88 102 42
88 103 84
88 104 6
88 106 97
88 107 29
88 108 42
88 118 47
88 119 86
88 124 10
88 129 26
88 131 49
88 132 90
88 136 25
88 138 78
88 139 63
88 142 23
88 147 34
88 149 34
88 150 12
89 92 65
89 94 59
89 95 77
89 97 9
89 98 40
89 100 16
89 103 70
89 105 35
89 107 42
89 108 18
89 113 78
89 115 40
89 118 83
89 119 11
89 120 5
89 124 61
89 125 30
89 126 67
89 127 50
89 135 27
89 137 96
90 94 51
90 95 95
90 96 27
90 99 21
90 105 45
90 108 2
90 111 8
90 113 34
90 114 47
90 116 48
90 119 62
90 121 36
90 125 92
90 129 62
90 132 16
90 134 7
90 139 98
90 140 84
90 143 97
90 144 91
90 145 48
91 92 20
91 93 26
91 94 8
91 98 68
91 102 83
91 104 55
91 106 29
91 108 33
91 111 11
91 112 61
91 113 74
91 117 29
91 121 28
91 125 89
91 126 12
91 127 39
91 136 67
91 138 86
91 140 62
91 143 83
91 146 87
91 147 39
91 148 91
91 149 96
91 150 78
92 93 69
92 97 6
92 101 11
92 102 36
92 107 82
92 109 24
92 111 35
92 112 55
92 113 69
92 115 96
92 116 90
92 117 20
92 118 97
92 119 67
92 121 95
92 124 64
92 126 88
92 133 24
92 134 10
92 141 64
92 143 65
92 147 55
92 149 96
93 94 24
93 96 40
93 102 34
93 114 79
93 121 78
93 125 78
93 127 32
93 128 4
93 131 51
93 136 59
93 138 17
93 140 50
93 141 56
93 142 37
93 144 66
93 145 29
93 149 70
94 97 16
94 101 83
94 108 21
94 109 23
94 110 12
94 111 49
94 115 75
94 119 69
94 121 48
94 123 47
94 124 1
94 135 39
94 136 28
94 139 41
94 140 42
94 144 47
94 145 53
94 148 85
95 97 96
95 98 45
95 99 65
95 100 31
95 103 85
95 104 31
95 105 37
95 107 1
95 109 34
95 110 8
95 111 4
95 116 72
95 117 62
95 119 79
95 121 70
95 122 27
95 128 92
95 129 20
95 131 92
95 137 51
95 138 12
95 140 29
95 143 16
95 144 5
95 145 9
95 147 97
95 148 16
96 98 60
96 100 10
96 102 42
96 103 93
96 104 81
96 105 35
96 106 46
96 110 65
96 111 6
96 113 58
96 116 12
96 118 21
96 120 26
96 121 68
96 122 55
96 124 73
96 125 35
96 126 11
96 127 84
96 128 88
96 129 24
96 134 30
96 136 5
96 138 51
96 144 15
97 99 15
97 100 81
97 104 37
97 105 46
97 106 48
97 107 5
97 109 44
97 110 97
97 111 80
97 113 47
97 115 99
97 121 17
97 125 36
97 126 24
97 129 22
97 133 18
97 136 4
97 139 80
97 141 34
97 142 43
97 143 28
97 146 29
97 148 3
98 101 43
98 102 73
98 104 49
98 105 77
98 113 37
98 114 10
98 115 84
98 116 25
98 117 67
98 119 80
98 120 41
98 122 57
98 125 71
98 129 27
98 130 28
98 134 9
98 135 90
98 138 64
98 139 88
98 143 91
98 147 98
99 100 80
99 101 80
99 102 94
99 103 44
99 107 71
99 110 5
99 111 34
99 113 70
99 114 59
99 116 79
99 119 69
99 122 84
99 125 13
99 128 13
99 132 20
99 133 71
99 135 41
99 136 67
99 137 16
99 138 67
99 141 90
99 145 34
99 147 85
99 148 34
99 149 52
100 101 93
100 108 47
100 110 90
100 111 27
100 113 63
100 118 27
100 119 40
100 120 34
100 126 42
100 127 86
100 129 90
100 131 32
100 132 12
100 135 12
100 136 54
100 138 49
100 139 89
100 140 88
100 142 98
100 143 51
100 148 31
101 102 41
101 106 67
101 107 1
101 109 97
101 110 14
101 112 34
101 114 26
101 115 21
101 116 20
101 119 81
101 123 19
101 124 40
101 128 77
101 131 80
101 134 82
101 140 46
101 141 39
101 142 65
101 146 38
101 150 73
102 106 33
102 108 53
102 109 85
102 114 4
102 116 63
102 123 54
102 124 46
102 127 44
102 129 33
102 130 32
102 134 3
102 137 59
102 138 59
102 145 90
102 146 86
102 147 13
103 104 8
103 108 26
103 109 10
103 115 50
103 116 74
103 123 84
103 126 26
103 129 10
103 130 92
103 131 19
103 132 97
103 134 29
103 136 42
103 137 69
103 139 72
103 140 32
103 143 62
103 144 72
103 147 84
104 106 97
104 110 14
104 113 54
104 115 40
104 119 26
104 121 75
104 126 77
104 130 84
104 131 88
104 132 23
104 134 56
104 138 17
104 140 33
104 143 45
104 145 10
104 147 7
104 149 26
105 106 82
105 107 98
105 110 96
105 112 51
105 116 27
105 117 12
105 118 78
105 121 84
105 122 17
105 123 1
105 124 68
105 126 34
105 128 85
105 134 45
105 140 66
105 144 31
105 145 79
105 146 23
105 147 73
105 148 69
105 150 77
106 107 54
106 108 67
106 110 60
106 112 56
106 114 29
106 119 3
106 125 28
106 127 73
106 130 97
106 133 92
106 134 10
106 142 29
106 149 95
107 111 99
107 115 60
107 118 96
107 125 78
107 126 74
107 127 6
107 136 86
107 139 53
107 145 41
107 149 94
108 111 67
108 113 74
108 119 63
108 124 60
108 127 57
108 128 65
108 132 58
108 136 60
108 138 45
108 139 6
108 140 42
108 145 81
108 148 48
108 149 73
109 113 6
109 115 32
109 117 28
109 120 50
109 125 92
109 126 97
109 128 29
109 134 83
109 135 12
109 136 48
109 142 97
109 143 85
109 145 76
109 146 5
109 148 15
110 113 92
110 114 66
110 118 30
110 119 6
110 120 1
110 126 56
110 129 37
110 131 43
110 134 65
110 135 83
110 138 69
110 140 91
110 142 5
111 115 10
111 118 80
111 120 16
111 123 39
111 128 95
111 131 66
111 133 81
111 139 51
111 142 44
111 143 66
111 144 53
111 148 68
111 149 19
111 150 49
112 118 91
112 119 31
112 120 51
112 121 96
112 125 29
112 126 30
112 128 35
112 129 79
112 130 24
112 131 72
112 133 13
112 140 70
112 141 15
112 145 61
112 149 58
112 150 66
113 116 55
113 120 91
113 121 71
113 123 2
113 127 57
113 128 37
113 129 11
113 133 20
113 138 99
113 141 92
113 142 18
113 144 66
113 146 63
113 150 63
114 119 9
114 123 90
114 124 76
114 129 30
114 130 24
114 138 81
114 139 95
114 141 73
114 142 87
114 143 19
114 147 74
114 150 83
115 117 24
115 118 54
115 119 69
115 120 59
115 123 2
115 124 84
115 125 8
115 126 63
115 138 75
115 141 61
115 142 92
115 144 41
115 146 26
115 148 87
115 149 26
116 118 33
116 123 55
116 124 66
116 127 64
116 130 25
116 131 37
116 134 30
116 136 56
116 137 24
116 138 51
116 141 8
116 143 82
116 145 87
116 146 31
116 147 50
116 149 12
117 124 90
117 127 48
117 128 59
117 142 81
117 145 63
117 148 5
117 149 66
118 123 78
118 129 18
118 132 28
118 133 31
118 139 3
118 141 46
118 142 11
118 144 18
118 150 32
119 124 7
119 125 49
119 126 72
119 130 47
119 132 20
119 134 80
119 136 19
119 139 75
119 146 38
119 149 18
120 123 46
120 128 81
120 130 48
120 132 99
120 134 20
120 135 49
120 136 4
120 139 3
120 142 41
120 150 83
121 124 2
121 127 98
121 128 61
121 131 19
121 133 60
121 134 48
121 135 53
121 136 88
121 141 30
121 146 59
121 147 83
121 150 68
122 125 89
122 126 12
122 127 6
122 133 80
122 135 91
122 137 14
122 141 43
122 143 44
122 146 4
122 148 10
123 124 76
123 127 72
123 132 99
123 135 63
123 137 23
123 139 26
123 140 28
123 141 37
123 143 12
123 145 7
123 146 88
124 129 1
124 133 61
124 136 90
124 137 36
124 138 81
124 139 88
124 140 75
124 141 20
124 144 42
124 145 52
124 149 89
125 126 100
125 127 1
125 128 60
125 129 15
125 131 71
125 134 18
125 136 49
125 141 22
125 143 89
125 146 64
126 127 9
126 129 98
126 132 32
126 134 44
126 135 31
126 139 7
126 147 7
126 148 46
126 150 13
127 128 99
127 130 12
127 133 26
127 136 15
127 137 5
127 139 12
127 140 48
127 143 90
127 144 46
127 146 27
128 132 62
128 134 26
128 135 90
128 143 81
128 144 38
128 145 46
128 146 45
128 148 70
128 150 38
129 131 42
129 132 46
129 133 45
129 134 35
129 137 91
129 138 27
129 143 35
129 144 59
129 146 1
130 131 63
130 132 74
130 133 14
130 135 48
130 137 12
130 138 89
130 146 98
130 149 26
131 132 19
131 134 26
131 135 99
131 136 82
131 137 59
131 138 10
131 140 16
131 144 37
131 145 46
131 146 7
131 148 33
132 133 56
132 135 18
132 138 37
132 140 54
133 136 99
133 138 57
133 141 47
133 142 71
133 144 11
133 148 31
134 135 44
134 136 76
134 137 14
134 139 78
134 140 55
134 141 77
134 142 66
134 145 23
134 148 55
135 138 15
135 142 92
135 145 66
135 148 17
136 138 56
136 139 49
136 140 46
136 141 76
136 142 25
136 147 41
136 148 43
136 149 2
137 140 98
137 141 82
137 142 74
138 139 99
138 140 98
138 141 97
138 145 26
139 143 27
139 144 24
139 146 5
139 147 7
139 148 91
139 149 59
140 141 94
140 143 19
140 145 82
140 146 4
140 147 96
141 144 15
141 146 13
142 143 24
142 146 76
142 150 14
143 145 47
143 147 58
143 150 57
144 148 89
144 149 64
145 147 71
146 147 57
146 148 30
146 149 87
1 2 73
1 8 45
1 10 93
1 11 58
1 12 39
1 14 100
1 15 57
1 16 5
1 17 76
1 21 75
1 23 94
1 24 75
1 33 9
1 36 68
1 39 43
1 42 69
1 43 75
1 44 34
1 45 2
1 48 71
1 50 14
1 53 41
1 54 28
1 58 60
1 60 1
1 61 2
1 63 98
1 64 65
1 71 47
1 73 30
1 75 56
1 76 17
1 77 67
1 80 1
1 81 92
1 86 25
1 87 14
1 88 53
1 91 2
1 92 11
1 93 69
1 96 70
1 99 82
1 103 22
1 105 61
1 109 84
1 110 89
1 113 28
1 114 81
1 118 15
1 123 5
1 125 72
1 126 16
1 128 84
1 130 87
1 134 14
1 135 43
1 136 99
1 137 71
1 138 50
1 140 89
1 144 49
1 150 37
2 5 21
2 6 46
2 7 33
2 10 8
2 11 3
2 12 90
2 14 32
2 20 20
2 21 65
2 23 15
2 26 79
2 27 40
2 29 78
2 34 52
2 36 45
2 37 52
2 41 82
2 42 40
2 44 81
2 46 44
2 49 49
2 53 34
2 58 13
2 61 92
2 63 76
2 65 74
2 69 64
2 71 87
2 74 47
2 76 78
2 82 100
2 84 57
2 86 52
2 90 12
2 91 98
2 96 64
2 97 87
2 98 68
2 100 42
2 103 73
2 108 84
2 111 37
2 113 8
2 115 3
2 116 3
2 117 96
2 119 25
2 120 62
2 130 94
2 131 3
2 134 84
2 137 2
2 139 83
2 140 86
2 141 93
2 144 31
2 145 78
2 150 10
3 4 98
3 7 66
3 10 70
3 13 52
3 15 85
3 16 86
3 17 42
3 20 89
3 22 79
3 24 96
3 25 1
3 26 17
3 27 32
3 28 82
3 30 100
3 31 36
3 34 40
3 37 13
3 41 89
3 42 85
3 43 41
3 46 15
3 47 51
3 48 93
3 49 12
3 51 64
3 53 6
3 54 14
3 56 87
3 62 55
3 63 65
3 70 20
3 71 96
3 73 33
3 74 30
3 76 40
3 77 60
3 78 74
3 79 82
3 80 19
3 81 24
3 85 35
3 88 52
3 89 10
3 92 25
3 98 62
3 102 5
3 103 24
3 106 57
3 109 30
3 111 16
3 115 11
3 116 14
3 125 95
3 128 91
3 132 56
3 135 12
3 141 44
3 144 86
3 145 21
3 147 78
3 150 37
4 5 40
4 6 35
4 7 27
4 8 57
4 13 65
4 14 34
4 18 92
4 19 41
4 20 10
4 21 43
4 25 87
4 27 4
4 28 61
4 31 70
4 34 52
4 35 67
4 49 14
4 50 61
4 53 58
4 54 70
4 55 65
4 60 88
4 61 48
4 63 60
4 64 92
4 65 73
4 66 31
4 67 21
4 68 58
4 69 34
4 70 14
4 72 11
4 73 52
4 75 28
4 77 43
4 84 51
4 87 42
4 88 28
4 90 99
4 93 35
4 94 22
4 96 98
4 97 89
4 101 55
4 102 81
4 106 31
4 110 51
4 112 72
4 113 39
4 114 73
4 116 11
4 117 87
4 118 59
4 119 80
4 121 32
4 122 3
4 123 21
4 127 2
4 130 73
4 132 88
4 137 73
4 138 21
4 139 28
4 141 8
4 144 38
4 148 50
4 149 8
4 150 19
5 6 69
5 9 27
5 10 100
5 15 57
5 18 61
5 19 50
5 20 15
5 21 23
5 22 24
5 23 32
5 25 94
5 26 64
5 28 28
5 32 82
5 33 74
5 34 70
5 35 2
5 36 52
5 37 88
5 39 43
5 41 42
5 42 36
5 45 10
5 46 72
5 47 13
5 51 34
5 54 89
5 55 95
5 56 25
5 57 59
5 61 66
5 63 43
5 65 4
5 66 56
5 67 73
5 69 9
5 74 36
5 77 74
5 79 61
5 82 11
5 86 42
5 90 32
5 92 87
5 95 19
5 96 61
5 100 62
5 102 7
5 103 48
5 105 27
5 107 87
5 109 33
5 110 54
5 111 93
5 112 75
5 117 100
5 118 60
5 119 46
5 120 63
5 122 95
5 130 24
5 131 1
5 132 24
5 133 55
5 134 23
5 138 7
5 139 82
5 143 5
5 144 94
5 147 27
5 149 42
6 7 79
6 13 57
6 14 76
6 15 72
6 18 46
6 24 53
6 25 32
6 26 76
6 29 86
6 30 25
6 34 80
6 35 6
6 36 55
6 37 68
6 38 67
6 39 48
6 41 68
6 43 49
6 44 100
6 46 11
6 49 11
6 52 81
6 54 86
6 56 99
6 57 82
6 58 41
6 61 15
6 64 89
6 68 41
6 70 9
6 72 33
6 74 67
6 75 48
6 76 13
6 77 7
6 78 39
6 81 30
6 87 20
6 89 20
6 91 59
6 98 28
6 99 88
6 101 81
6 102 16
6 107 98
6 114 1
6 117 59
6 118 60
6 121 22
6 122 29
6 124 2
6 126 3
6 128 25
6 129 71
6 133 15
6 136 71
6 137 36
6 138 11
6 139 11
6 141 82
6 142 23
6 149 44
7 9 60
7 10 48
7 13 33
7 15 95
7 19 68
7 26 3
7 28 36
7 29 24
7 32 51
7 36 13
7 39 54
7 40 12
7 41 43
7 42 85
7 47 78
7 49 36
7 54 58
7 56 96
7 61 8
7 63 14
7 65 15
7 66 96
7 68 13
7 70 23
7 74 66
7 75 32
7 76 30
7 78 12
7 79 34
7 80 41
7 81 1
7 82 24
7 83 36
7 85 25
7 93 93
7 94 89
7 95 68
7 96 35
7 98 93
7 102 17
7 103 43
7 105 61
7 108 24
7 109 5
7 117 16
7 121 26
7 125 9
7 135 15
7 138 3
7 141 92
7 144 52
7 145 7
7 148 57
8 10 35
8 12 10
8 14 20
8 20 95
8 24 47
8 26 53
8 27 34
8 31 13
8 32 59
8 33 33
8 34 73
8 37 58
8 41 78
8 42 86
8 43 83
8 44 27
8 45 37
8 46 44
8 47 44
8 51 32
8 54 38
8 55 74
8 57 92
8 58 54
8 60 16
8 62 26
8 67 20
8 68 53
8 69 69
8 70 43
8 71 5
8 72 10
8 82 3
8 84 45
8 87 34
8 92 63
8 94 1
8 96 42
8 100 43
8 102 52
8 104 92
8 105 5
8 107 91
8 109 50
8 110 72
8 111 10
8 112 69
8 113 19
8 120 58
8 121 91
8 123 78
8 128 60
8 129 49
8 133 86
8 134 81
8 136 19
8 137 82
8 140 84
8 142 18
8 145 93
8 146 76
8 147 33
8 148 27
8 149 30
9 11 52
9 14 64
9 16 37
9 19 94
9 20 41
9 25 19
9 28 95
9 31 6
9 32 32
9 34 71
9 38 73
9 42 73
9 47 26
9 49 7
9 52 96
9 54 49
9 55 30
9 57 89
9 59 93
9 62 36
9 63 72
9 64 20
9 65 26
9 68 5
9 69 17
9 70 39
9 71 55
9 74 65
9 75 54
9 76 65
9 77 76
9 78 77
9 80 5
9 82 84
9 92 7
9 93 6
9 94 77
9 97 69
9 98 97
9 101 34
9 102 20
9 104 98
9 106 69
9 107 45
9 109 11
9 110 4
9 112 74
9 113 54
9 114 68
9 119 4
9 121 77
9 123 53
9 124 50
9 125 41
9 128 90
9 134 66
9 136 99
9 138 99
9 140 22
9 142 81
9 143 67
9 145 75
9 146 90
9 148 21
9 149 82
9 150 33
10 12 7
10 13 14
10 19 39
10 20 84
10 24 61
10 26 9
10 27 44
10 33 18
10 36 64
10 39 71
10 43 17
10 49 10
10 57 99
10 58 75
10 59 47
10 66 91
10 69 76
10 70 63
10 71 41
10 72 33
10 75 96
10 76 13
10 82 27
10 83 89
10 88 75
10 91 44
10 96 91
10 97 70
10 99 56
10 100 9
10 102 81
10 104 69
10 106 65
10 108 43
10 110 33
10 111 30
10 112 95
10 113 90
10 115 71
10 116 36
10 119 86
10 123 61
10 129 89
10 130 9
10 133 75
10 134 100
10 138 2
10 139 48
10 141 6
10 144 79
10 145 56
10 146 44
11 15 22
11 20 53
11 25 80
11 28 2
11 36 99
11 38 39
11 40 76
11 42 49
11 44 18
11 46 53
11 47 88
11 50 13
11 51 29
11 53 44
11 54 8
11 56 53
11 57 37
11 60 19
11 62 74
11 63 69
11 65 11
11 66 30
11 68 62
11 72 41
11 73 13
11 81 7
11 83 53
11 89 58
11 91 34
11 95 76
11 101 67
11 107 100
11 108 91
11 110 2
11 114 61
11 115 31
11 116 65
11 117 2
11 123 48
11 126 39
11 128 90
11 129 64
11 130 43
11 131 48
11 133 47
11 134 98
11 135 39
11 136 52
11 141 20
11 144 54
11 145 65
11 148 57
12 14 79
12 17 77
12 27 75
12 28 65
12 29 6
12 31 39
12 32 3
12 33 98
12 36 64
12 40 10
12 41 93
12 43 17
12 46 15
12 48 12
12 50 38
12 51 49
12 52 58
12 53 26
12 57 36
12 59 25
12 63 1
12 65 37
12 67 42
12 69 8
12 77 9
12 82 90
12 83 69
12 85 57
12 86 5
12 88 18
12 89 17
12 93 41
12 94 27
12 96 20
12 99 13
12 100 42
12 101 54
12 105 12
12 108 32
12 109 17
12 110 91
12 111 2
12 114 54
12 116 86
12 117 20
12 119 15
12 122 66
12 123 54
12 125 98
12 126 86
12 128 2
12 129 65
12 131 72
12 133 91
12 136 27
12 137 21
12 139 89
12 142 5
12 143 40
12 145 2
12 146 76
12 147 48
13 16 44
13 18 54
13 20 30
13 27 87
13 29 70
13 36 75
13 39 55
13 41 99
13 43 45
13 51 15
13 53 68
13 55 73
13 59 1
13 60 78
13 63 13
13 64 87
13 65 100
13 66 21
13 70 8
13 71 91
13 75 75
13 76 12
13 77 14
13 85 26
13 88 3
13 91 77
13 98 84
13 99 18
13 101 54
13 105 51
13 106 94
13 111 2
13 114 88
13 116 54
13 118 95
13 124 46
13 129 66
13 134 12
13 137 62
13 142 50
13 146 98
13 148 49
14 15 64
14 18 42
14 19 60
14 20 85
14 23 70
14 26 15
14 35 70
14 36 14
14 40 38
14 41 39
14 42 33
14 43 42
14 44 39
14 47 88
14 50 18
14 53 64
14 54 16
14 58 72
14 59 37
14 60 52
14 65 13
14 70 75
14 71 100
14 79 62
14 80 10
14 85 66
14 87 32
14 88 56
14 89 45
14 93 60
14 94 60
14 98 57
14 107 65
14 110 44
14 111 53
14 112 56
14 120 11
14 123 67
14 125 13
14 127 74
14 129 25
14 133 70
14 136 54
14 139 86
14 142 99
14 144 39
14 149 65
14 150 23
15 16 73
15 20 47
15 25 71
15 26 17
15 27 53
15 29 89
15 32 28
15 33 14
15 34 76
15 37 73
15 38 53
15 41 40
15 44 46
15 46 90
15 47 53
15 50 87
15 54 44
15 55 6
15 56 3
15 58 73
15 61 77
15 63 94
15 69 17
15 70 77
15 72 5
15 74 19
15 75 93
15 79 38
15 81 54
15 84 82
15 90 80
15 94 44
15 96 17
15 97 14
15 102 56
15 106 62
15 109 44
15 111 5
15 112 74
15 114 54
15 116 97
15 121 83
15 125 71
15 127 13
15 128 84
15 129 38
15 131 10
15 132 59
15 133 61
15 135 61
15 138 88
15 140 46
15 141 59
15 142 92
15 145 87
15 148 45
15 149 21
16 17 6
16 20 4
16 25 66
16 26 54
16 30 79
16 40 74
16 41 37
16 43 49
16 45 54
16 46 75
16 51 19
16 52 63
16 55 64
16 57 26
16 59 42
16 60 50
16 65 36
16 69 20
16 73 85
16 74 11
16 75 18
16 77 69
16 78 98
16 82 55
16 87 81
16 88 91
16 93 12
16 99 99
16 102 59
16 105 44
16 109 40
16 114 81
16 119 49
16 124 71
16 128 94
16 129 1
16 134 66
16 135 45
16 136 23
16 137 59
16 143 78
16 150 87
17 19 81
17 21 45
17 22 2
17 23 88
17 24 92
17 30 83
17 36 62
17 37 84
17 47 93
17 50 35
17 51 41
17 54 73
17 57 51
17 61 22
17 62 97
17 63 72
17 65 15
17 68 12
17 71 74
17 72 34
17 73 18
17 80 16
17 81 16
17 82 33
17 85 34
17 86 53
17 87 91
17 88 26
17 93 13
17 94 91
17 96 4
17 98 27
17 99 14
17 103 26
17 106 13
17 107 44
17 108 51
17 114 16
17 115 21
17 117 39
17 121 70
17 122 19
17 123 89
17 124 80
17 128 71
17 132 23
17 138 7
17 139 99
17 140 39
17 141 26
17 143 49
17 148 65
17 149 50
18 19 30
18 25 28
18 26 99
18 29 16
18 32 91
18 33 38
18 36 50
18 39 83
18 40 58
18 42 13
18 43 51
18 44 68
18 45 60
18 49 93
18 50 78
18 51 73
18 53 60
18 56 90
18 57 31
18 62 1
18 63 20
18 64 74
18 65 1
18 66 62
18 68 50
18 70 57
18 73 11
18 75 1
18 76 51
18 77 67
18 78 59
18 83 31
18 85 67
18 86 64
18 87 79
18 90 58
18 91 45
18 92 55
18 93 40
18 94 1
18 100 59
18 103 76
18 109 60
18 110 28
18 114 76
18 116 27
18 118 30
18 123 86
18 127 74
18 128 4
18 134 25
18 135 84
18 137 69
18 140 49
18 142 94
18 146 55
18 148 63
18 149 45
18 150 79
19 21 69
19 22 49
19 25 2
19 27 67
19 29 2
19 31 5
19 33 22
19 34 32
19 37 27
19 53 2
19 55 11
19 59 84
19 60 4
19 62 27
19 64 66
19 65 22
19 66 3
19 68 55
19 69 89
19 70 93
19 72 36
19 74 90
19 80 6
19 81 30
19 89 20
19 91 38
19 97 20
19 98 49
19 99 46
19 100 26
19 103 31
19 106 32
19 107 65
19 109 23
19 110 73
19 112 25
19 115 17
19 116 72
19 118 15
19 119 33
19 121 96
19 122 44
19 123 10
19 126 42
19 128 74
19 131 6
19 132 36
19 134 64
19 136 94
19 141 84
19 142 98
19 143 16
19 144 81
20 22 93
20 23 99
20 28 22
20 30 82
20 32 40
20 35 81
20 37 98
20 39 25
20 43 75
20 44 71
20 45 41
20 46 15
20 49 15
20 55 7
20 57 89
20 58 10
20 65 96
20 66 91
20 67 80
20 73 5
20 75 79
20 76 65
20 79 38
20 80 68
20 81 37
20 83 31
20 84 77
20 88 35
20 89 53
20 96 66
20 98 53
20 101 6
20 102 33
20 106 62
20 110 60
20 111 62
20 112 17
20 122 26
20 123 6
20 126 64
20 127 84
20 129 73
20 131 13
20 132 28
20 133 11
20 138 30
20 141 86
20 145 28
20 147 72
20 149 75
20 150 94
21 22 6
21 24 69
21 25 21
21 26 9
21 29 38
21 31 43
21 33 30
21 35 56
21 39 29
21 41 11
21 42 53
21 47 17
21 49 96
21 58 3
21 59 4
21 61 14
21 62 74
21 66 76
21 67 39
21 68 84
21 72 91
21 76 58
21 80 82
21 83 33
21 85 90
21 86 12
21 87 56
21 91 11
21 92 37
21 94 18
21 97 17
21 99 80
21 103 28
21 106 96
21 109 69
21 110 86
21 112 65
21 118 40
21 120 90
21 123 18
21 126 74
21 128 29
21 133 55
21 134 41
21 136 47
21 139 89
21 144 59
21 145 62
21 147 69
21 148 22
21 150 5
22 24 18
22 25 93
22 26 24
22 33 99
22 35 97
22 36 27
22 39 27
22 43 96
22 44 86
22 47 16
22 48 84
22 49 82
22 51 56
22 54 51
22 55 25
22 58 38
22 60 43
22 61 69
22 63 30
22 64 67
22 66 90
22 68 81
22 69 84
22 72 5
22 78 17
22 79 80
22 82 16
22 84 48
22 88 80
22 90 89
22 94 62
22 96 20
22 97 87
22 98 75
22 99 8
22 103 61
22 106 77
22 107 33
22 111 19
22 112 88
22 118 76
22 119 51
22 120 56
22 123 27
22 128 90
22 129 26
22 130 35
22 131 24
22 132 2
22 133 93
22 134 87
22 135 39
22 136 81
22 141 92
22 142 37
22 143 39
22 144 87
22 149 20
22 150 17
23 24 42
23 28 48
23 32 39
23 34 95
23 38 65
23 39 74
23 40 13
23 43 100
23 49 50
23 50 55
23 51 72
23 52 32
23 60 93
23 67 3
23 68 1
23 69 92
23 71 41
23 77 76
23 78 79
23 79 48
23 83 29
23 87 37
23 88 1
23 90 86
23 92 100
23 94 78
23 100 94
23 101 74
23 103 87
23 110 100
23 114 60
23 115 27
23 116 7
23 117 27
23 118 29
23 119 50
23 120 43
23 127 58
23 129 94
23 130 4
23 140 100
23 141 67
23 145 3
23 147 97
23 150 38
24 25 63
24 26 54
24 30 15
24 32 28
24 33 10
24 42 9
24 44 40
24 47 60
24 48 2
24 50 55
24 52 95
24 56 76
24 60 3
24 62 63
24 68 98
24 69 84
24 75 57
24 78 77
24 80 29
24 81 53
24 83 81
24 86 98
24 87 21
24 89 37
24 92 85
24 93 81
24 94 76
24 96 31
24 97 84
24 99 3
24 102 20
24 105 43
24 108 30
24 110 97
24 111 86
24 113 81
24 114 78
24 115 59
24 118 32
24 121 53
24 123 3
24 126 24
24 129 80
24 130 91
24 134 26
24 137 80
24 138 54
24 139 19
24 146 88
24 147 4
25 26 38
25 35 72
25 37 99
25 40 26
25 42 60
25 50 39
25 51 64
25 52 10
25 65 63
25 66 52
25 67 70
25 68 44
25 69 98
25 70 45
25 71 55
25 74 17
25 75 42
25 84 49
25 90 73
25 91 86
25 92 72
25 96 76
25 97 77
25 98 10
25 99 72
25 101 73
25 102 40
25 103 52
25 105 15
25 106 33
25 109 71
25 110 11
25 114 4
25 124 21
25 125 55
25 127 35
25 131 37
25 133 90
25 135 35
25 136 76
25 137 59
25 138 88
25 142 63
25 143 93
25 144 78
25 145 29
25 146 92
25 147 93
25 150 13
26 28 86
26 29 79
26 30 52
26 35 6
26 36 34
26 38 85
26 39 4
26 40 27
26 41 9
26 43 20
26 46 22
26 49 28
26 50 84
26 51 65
26 52 96
26 54 61
26 56 67
26 57 48
26 63 15
26 64 57
26 67 23
26 73 64
26 75 16
26 85 1
26 87 28
26 88 59
26 89 70
26 91 14
26 92 55
26 93 32
26 97 80
26 99 13
26 100 65
26 101 62
26 103 85
26 104 87
26 105 28
26 106 32
26 107 12
26 109 75
26 115 16
26 120 24
26 124 73
26 125 38
26 127 81
26 130 85
26 131 71
26 138 46
26 139 11
26 140 82
26 141 56
26 149 23
26 150 57
27 31 27
27 33 85
27 37 19
27 38 81
27 39 75
27 40 89
27 41 34
27 42 14
27 43 69
27 45 24
27 46 93
27 49 75
27 55 85
27 56 90
27 58 83
27 59 97
27 60 80
27 65 52
27 67 7
27 71 61
27 72 18
27 74 71
27 79 93
27 84 58
27 85 69
27 88 95
27 91 80
27 95 63
27 99 16
27 103 14
27 106 51
27 108 9
27 112 62
27 116 11
27 117 57
27 118 50
27 122 28
27 127 41
27 128 54
27 132 93
27 133 43
27 134 27
27 135 94
27 138 85
27 139 71
27 140 99
27 141 88
27 142 98
27 143 70
27 145 34
27 146 54
27 148 81
27 149 57
27 150 80
28 29 73
28 32 18
28 37 15
28 45 85
28 48 5
28 50 44
28 51 29
28 52 60
28 54 28
28 55 22
28 56 21
28 57 77
28 59 23
28 61 20
28 62 99
28 63 36
28 68 1
28 69 100
28 70 39
28 72 100
28 74 97
28 75 37
28 77 50
28 78 18
28 79 89
28 80 59
28 81 72
28 82 19
28 83 15
28 87 3
28 88 1
28 91 55
28 93 35
28 95 93
28 96 12
28 97 27
28 103 99
28 104 38
28 111 30
28 114 63
28 120 42
28 122 96
28 126 30
28 127 25
28 128 1
28 131 21
28 135 4
28 138 74
28 140 30
28 144 21
28 148 71
28 149 73
28 150 14
29 30 22
29 31 91
29 32 66
29 34 19
29 38 64
29 42 49
29 43 79
29 46 94
29 49 2
29 50 93
29 51 100
29 52 78
29 53 48
29 54 73
29 55 71
29 58 46
29 59 62
29 66 37
29 71 84
29 77 86
29 78 43
29 79 63
29 82 63
29 91 85
29 93 65
29 100 59
29 104 62
29 107 99
29 108 10
29 111 84
29 117 11
29 122 97
29 126 98
29 129 79
29 130 43
29 131 74
29 132 70
29 133 42
29 139 3
29 142 8
29 144 18
29 147 100
29 148 3
29 149 57
29 150 76
30 35 21
30 37 4
30 41 35
30 42 74
30 49 7
30 51 45
30 53 33
30 56 83
30 59 21
30 61 72
30 64 77
30 65 37
30 66 27
30 72 34
30 73 74
30 74 87
30 75 95
30 79 96
30 81 73
30 84 5
30 85 87
30 89 87
30 91 96
30 92 90
30 94 57
30 95 32
30 99 60
30 100 5
30 102 78
30 104 88
30 105 56
30 108 3
30 111 87
30 112 96
30 114 96
30 116 73
30 121 100
30 129 79
30 130 95
30 132 50
30 133 36
30 134 8
30 139 91
30 140 79
30 144 78
30 147 7
30 148 74
30 149 5
30 150 77
31 33 94
31 34 4
31 38 43
31 39 44
31 40 32
31 45 64
31 46 39
31 52 17
31 54 78
31 55 84
31 56 37
31 62 32
31 65 57
31 67 10
31 68 7
31 73 15
31 81 38
31 82 97
31 84 3
31 86 79
31 87 5
31 96 77
31 97 14
31 107 78
31 110 33
31 113 28
31 114 59
31 117 2
31 120 22
31 125 12
31 130 47
31 135 72
31 136 15
31 138 80
31 139 81
31 142 42
31 145 3
31 146 18
31 147 22
31 149 11
31 150 87
32 33 16
32 34 5
32 36 8
32 37 12
32 46 56
32 48 51
32 50 61
32 52 42
32 53 19
32 58 31
32 59 65
32 61 52
32 63 30
32 64 53
32 68 15
32 69 59
32 70 8
32 72 73
32 76 77
32 77 63
32 80 83
32 81 64
32 84 15
32 91 73
32 99 71
32 101 19
32 104 99
32 109 34
32 112 18
32 113 98
32 115 42
32 116 82
32 124 29
32 127 23
32 128 74
32 131 50
32 139 69
32 141 56
32 143 53
32 145 78
32 148 21
32 150 38
33 34 50
33 36 98
33 41 27
33 46 64
33 49 44
33 52 10
33 54 97
33 55 89
33 57 10
33 58 91
33 61 29
33 66 18
33 69 69
33 70 67
33 71 41
33 78 78
33 80 16
33 81 92
33 82 38
33 85 49
33 86 91
33 88 96
33 91 68
33 93 51
33 96 83
33 97 40
33 98 91
33 99 56
33 101 9
33 105 55
33 108 23
33 109 75
33 111 63
33 112 20
33 113 49
33 114 90
33 116 82
33 118 5
33 119 41
33 121 32
33 126 58
33 128 77
33 129 76
33 142 14
33 147 88
33 149 9
33 150 2
34 35 26
34 39 55
34 40 44
34 42 27
34 46 1
34 47 98
34 49 6
34 50 28
34 51 13
34 53 44
34 55 6
34 59 68
34 61 71
34 65 31
34 71 20
34 72 100
34 73 39
34 75 88
34 76 99
34 77 89
34 78 23
34 82 6
34 84 11
34 88 91
34 90 24
34 96 4
34 100 40
34 111 3
34 113 8
34 114 96
34 116 29
34 117 37
34 118 70
34 121 54
34 122 71
34 124 48
34 125 54
34 127 26
34 128 82
34 129 17
34 131 42
34 133 87
34 136 61
34 137 42
34 138 88
34 146 98
34 150 48
35 36 84
35 37 17
35 39 69
35 41 40
35 43 92
35 45 81
35 48 2
35 49 25
35 51 89
35 54 99
35 59 63
35 60 89
35 61 71
35 62 2
35 65 2
35 67 88
35 69 76
35 70 6
35 72 3
35 73 65
35 78 40
35 79 58
35 80 78
35 81 82
35 82 40
35 83 91
35 86 38
35 88 7
35 92 49
35 94 8
35 96 17
35 98 60
35 100 10
35 101 15
35 104 63
35 105 40
35 106 29
35 107 59
35 108 36
35 110 35
35 114 7
35 115 65
35 118 41
35 122 16
35 125 59
35 126 11
35 127 6
35 129 54
35 131 78
35 133 47
35 134 79
35 136 38
35 137 25
35 140 96
35 142 100
35 144 76
35 145 25
36 38 34
36 39 19
36 44 89
36 45 13
36 46 15
36 48 14
36 49 90
36 50 86
36 56 18
36 60 95
36 64 9
36 65 86
36 66 28
36 67 91
36 69 88
36 71 72
36 72 83
36 73 80
36 74 74
36 76 22
36 81 29
36 82 47
36 86 93
36 88 23
36 89 90
36 90 51
36 92 78
36 94 56
36 96 83
36 100 45
36 101 1
36 106 10
36 107 30
36 109 33
36 112 18
36 117 78
36 119 62
36 120 63
36 125 63
36 128 33
36 130 97
36 131 99
36 134 58
36 135 57
36 136 81
36 138 73
36 139 91
36 140 4
36 141 95
36 144 60
36 145 89
36 149 95
37 40 83
37 42 18
37 45 42
37 50 27
37 53 9
37 54 3
37 55 96
37 56 34
37 57 1
37 59 24
37 60 80
37 61 95
37 63 18
37 64 6
37 70 72
37 71 22
37 75 4
37 78 58
37 80 38
37 81 60
37 83 62
37 84 7
37 85 65
37 88 20
37 89 30
37 92 67
37 94 32
37 99 1
37 105 13
37 106 40
37 109 88
37 112 86
37 114 25
37 115 66
37 117 72
37 120 91
37 125 27
37 127 67
37 129 41
37 130 68
37 132 12
37 133 1
37 134 81
37 143 2
37 150 47
38 39 85
38 41 32
38 42 51
38 43 4
38 44 77
38 53 9
38 56 69
38 58 84
38 62 45
38 65 58
38 71 36
38 72 57
38 76 83
38 78 78
38 79 76
38 81 35
38 82 84
38 83 38
38 85 52
38 88 12
38 90 19
38 92 58
38 94 94
38 95 24
38 104 69
38 105 67
38 108 16
38 110 21
38 113 6
38 115 74
38 119 76
38 120 10
38 126 83
38 128 65
38 129 59
38 132 76
38 133 52
38 134 11
38 136 36
38 143 53
38 147 1
38 149 4
38 150 50
39 40 32
39 42 35
39 44 94
39 45 71
39 46 97
39 49 65
39 51 56
39 56 86
39 61 64
39 67 7
39 69 30
39 70 59
39 71 11
39 72 32
39 73 69
39 82 96
39 84 41
39 86 8
39 89 66
39 90 95
39 92 39
39 94 4
39 95 37
39 97 7
39 98 19
39 101 46
39 102 40
39 105 80
39 107 47
39 111 33
39 114 43
39 117 97
39 118 75
39 120 35
39 121 99
39 122 37
39 123 59
39 126 13
39 128 39
39 131 10
39 132 97
39 133 8
39 135 64
39 137 27
39 138 26
39 140 77
39 144 56
39 145 19
39 146 81
39 150 13
40 42 91
40 45 14
40 46 99
40 47 16
40 50 18
40 52 77
40 53 42
40 55 7
40 63 44
40 65 38
40 67 91
40 69 10
40 72 77
40 75 21
40 81 45
40 86 52
40 88 98
40 89 85
40 91 89
40 92 3
40 93 56
40 98 69
40 99 59
40 100 72
40 103 3
40 106 32
40 113 88
40 114 71
40 115 74
40 117 52
40 121 36
40 127 7
40 129 9
40 131 1
40 132 44
40 138 100
40 140 52
40 149 1
41 42 4
41 45 75
41 54 56
41 56 26
41 59 15
41 62 56
41 64 23
41 65 90
41 67 85
41 68 93
41 70 12
41 74 78
41 75 29
41 78 36
41 82 59
41 83 28
41 88 79
41 92 68
41 94 64
41 95 47
41 100 92
41 103 86
41 106 84
41 108 36
41 110 64
41 114 76
41 116 62
41 117 95
41 118 24
41 123 85
41 126 2
41 130 65
41 131 16
41 134 36
41 135 33
41 144 71
41 147 27
41 148 65
41 149 19
42 44 18
42 45 87
42 47 100
42 48 68
42 49 18
42 52 45
42 56 59
42 57 30
42 58 80
42 60 57
42 61 94
42 62 95
42 63 93
42 66 7
42 67 38
42 71 96
42 72 95
42 73 100
42 79 18
42 86 40
42 87 72
42 89 69
42 90 13
42 93 10
42 94 46
42 96 13
42 98 24
42 101 5
42 102 100
42 103 30
42 104 55
42 106 55
42 111 93
42 114 51
42 115 80
42 116 23
42 123 2
42 124 23
42 131 24
42 134 11
42 135 83
42 137 14
42 141 38
42 143 54
42 144 49
42 145 72
42 146 91
43 44 12
43 52 95
43 53 68
43 56 82
43 57 13
43 58 45
43 59 67
43 60 95
43 63 27
43 66 19
43 67 83
43 68 59
43 69 95
43 84 57
43 86 92
43 89 91
43 91 50
43 92 4
43 98 43
43 99 67
43 100 6
43 101 53
43 104 65
43 105 91
43 108 24
43 109 70
43 110 92
43 112 3
43 114 56
43 120 79
43 122 73
43 123 28
43 124 2
43 126 77
43 128 20
43 129 79
43 131 67
43 132 81
43 133 76
43 134 19
43 135 22
43 139 15
43 141 64
43 143 52
43 146 5
44 47 41
44 48 48
44 51 37
44 54 76
44 55 5
44 56 32
44 63 14
44 64 60
44 65 43
44 75 8
44 76 19
44 77 48
44 79 48
44 81 79
44 87 42
44 89 70
44 92 67
44 94 81
44 99 55
44 100 95
44 102 43
44 103 56
44 106 12
44 110 83
44 112 75
44 113 84
44 115 26
44 119 29
44 121 75
44 123 36
44 129 48
44 130 21
44 133 2
44 140 67
44 145 15
44 147 45
44 149 13
45 54 100
45 56 72
45 58 27
45 59 66
45 62 36
45 65 60
45 66 44
45 68 59
45 71 72
45 73 55
45 77 45
45 78 34
45 82 73
45 83 49
45 84 19
45 85 51
45 88 98
45 89 98
45 93 58
45 100 81
45 104 48
45 105 95
45 106 73
45 107 77
45 108 91
45 111 92
45 112 50
45 117 94
45 122 29
45 125 60
45 127 88
45 128 50
45 129 9
45 131 93
45 133 11
45 136 78
45 137 27
45 141 72
45 146 76
45 150 93
46 55 60
46 56 53
46 59 39
46 61 18
46 63 73
46 65 54
46 70 67
46 72 14
46 73 78
46 76 92
46 82 59
46 85 5
46 89 46
46 95 81
46 96 82
46 97 67
46 103 94
46 106 88
46 110 34
46 112 23
46 113 27
46 114 44
46 117 64
46 118 95
46 119 33
46 121 12
46 122 45
46 123 72
46 127 32
46 129 31
46 133 74
46 134 52
46 139 78
46 146 53
47 48 96
47 50 10
47 51 82
47 52 24
47 53 15
47 55 11
47 58 66
47 60 64
47 61 25
47 68 58
47 75 100
47 80 62
47 81 27
47 87 68
47 91 7
47 93 97
47 94 69
47 100 16
47 102 43
47 104 20
47 107 68
47 109 90
47 110 78
47 112 37
47 114 9
47 115 19
47 120 68
47 123 57
47 126 89
47 131 60
47 132 43
47 134 74
47 137 3
47 138 72
47 139 39
47 141 3
47 142 29
47 143 50
47 146 15
47 147 30
47 148 89
48 52 58
48 53 67
48 54 17
48 55 75
48 61 97
48 63 15
48 68 93
48 71 18
48 74 28
48 75 39
48 78 69
48 82 97
48 84 3
48 86 43
48 88 95
48 92 98
48 97 8
48 101 29
48 103 88
48 104 84
48 105 100
48 109 47
48 110 98
48 111 77
48 113 41
48 116 1
48 117 91
48 118 41
48 119 100
48 120 21
48 122 41
48 123 58
48 125 24
48 126 70
48 128 89
48 129 30
48 130 43
48 134 32
48 135 44
48 136 94
48 138 37
48 141 10
48 144 26
48 145 90
48 146 42
48 149 60
49 52 30
49 53 21
49 55 59
49 58 39
49 60 14
49 62 36
49 63 2
49 64 53
49 65 55
49 66 7
49 67 1
49 70 7
49 73 81
49 74 43
49 76 54
49 77 25
49 81 5
49 82 98
49 83 44
49 86 66
49 90 57
49 95 80
49 96 97
49 97 1
49 101 81
49 104 91
49 105 54
49 106 48
49 108 88
49 110 74
49 111 85
49 115 93
49 118 48
49 120 53
49 121 11
49 122 87
49 123 2
49 126 1
49 127 69
49 128 77
49 131 45
49 136 7
49 137 80
49 138 71
49 139 6
49 140 93
50 51 59
50 53 50
50 58 81
50 59 46
50 70 2
50 71 44
50 74 83
50 78 65
50 79 30
50 80 38
50 81 65
50 83 31
50 84 97
50 86 17
50 90 58
50 91 88
50 94 34
50 96 43
50 99 99
50 100 33
50 101 79
50 103 61
50 104 91
50 106 100
50 109 51
50 110 94
50 112 100
50 113 80
50 116 35
50 122 86
50 132 88
50 135 64
50 139 11
50 141 25
50 142 87
50 145 91
50 146 49
50 149 39
51 54 40
51 55 24
51 58 57
51 63 53
51 64 21
51 66 67
51 68 99
51 69 8
51 70 7
51 74 15
51 77 31
51 81 83
51 82 21
51 83 23
51 88 99
51 94 47
51 97 34
51 99 58
51 100 3
51 102 85
51 104 41
51 107 65
51 108 46
51 112 87
51 116 46
51 117 69
51 120 50
51 121 83
51 122 31
51 124 8
51 125 47
51 130 98
51 133 22
51 135 20
51 137 14
51 144 64
51 148 31
52 53 77
52 56 56
52 57 17
52 60 91
52 61 11
52 62 48
52 64 17
52 65 37
52 69 23
52 70 56
52 75 86
52 77 34
52 83 29
52 84 37
52 86 26
52 87 84
52 89 25
52 95 23
52 98 28
52 100 77
52 101 14
52 104 9
52 105 19
52 109 44
52 110 55
52 115 68
52 116 87
52 119 33
52 120 3
52 122 76
52 125 26
52 127 48
52 130 66
52 132 77
52 138 90
52 139 32
52 140 75
52 141 13
52 143 6
52 144 66
52 146 80
52 147 17
53 55 63
53 57 29
53 58 75
53 60 93
53 67 69
53 69 15
53 70 71
53 71 83
53 72 70
53 73 85
53 77 28
53 78 35
53 80 2
53 81 65
53 82 4
53 83 83
53 84 53
53 88 33
53 92 88
53 94 22
53 97 58
53 111 15
53 114 13
53 115 84
53 116 66
53 117 57
53 132 22
53 138 7
53 139 26
53 142 76
53 144 52
53 146 52
53 147 9
54 57 22
54 59 1
54 60 85
54 61 32
54 66 40
54 68 80
54 69 31
54 70 95
54 73 96
54 77 14
54 78 76
54 80 7
54 82 26
54 83 9
54 85 85
54 86 22
54 89 4
54 90 99
54 92 41
54 96 56
54 97 90
54 98 2
54 99 88
54 101 25
54 104 69
54 105 63
54 111 48
54 113 90
54 116 43
54 117 59
54 120 70
54 122 79
54 130 65
54 131 93
54 132 12
54 133 66
54 145 25
54 146 32
54 148 95
54 149 73
54 150 7
55 58 86
55 60 29
55 67 39
55 70 27
55 74 37
55 77 73
55 80 6
55 81 49
55 83 38
55 84 6
55 91 38
55 92 81
55 105 39
55 106 10
55 107 74
55 108 24
55 110 35
55 116 46
55 117 85
55 120 68
55 123 14
55 128 14
55 134 71
55 135 54
55 137 23
55 138 55
55 139 43
55 144 95
55 147 45
55 148 17
55 149 61
56 58 69
56 70 64
56 71 22
56 72 61
56 73 96
56 74 72
56 76 78
56 78 18
56 79 51
56 81 7
56 82 11
56 84 65
56 85 51
56 90 61
56 95 39
56 97 34
56 100 20
56 108 72
56 109 34
56 112 81
56 113 59
56 118 68
56 121 85
56 125 13
56 126 47
56 127 84
56 129 65
56 131 86
56 132 10
56 136 73
56 141 73
56 145 95
56 147 28
56 149 20
56 150 31
57 58 73
57 59 21
57 66 94
57 67 90
57 71 79
57 72 18
57 76 5
57 79 20
57 80 8
57 81 100
57 82 76
57 83 24
57 84 85
57 87 36
57 90 49
57 94 92
57 95 21
57 97 12
57 100 65
57 107 52
57 110 31
57 111 85
57 113 52
57 118 9
57 119 47
57 126 40
57 127 64
57 129 91
57 130 36
57 131 42
57 135 17
57 136 15
57 139 23
57 143 9
57 145 77
57 146 78
57 147 18
57 150 64
58 61 19
58 63 33
58 65 62
58 71 62
58 72 72
58 73 98
58 76 39
58 77 57
58 78 53
58 80 42
58 81 96
58 84 64
58 88 19
58 90 1
58 94 2
58 97 49
58 99 16
58 101 49
58 102 75
58 103 10
58 110 49
58 112 61
58 115 81
58 117 72
58 119 94
58 122 81
58 123 20
58 125 26
58 126 64
58 131 96
58 132 66
58 133 52
58 134 100
58 137 92
58 139 64
58 143 74
58 145 73
58 148 39
58 150 60
59 64 34
59 65 52
59 67 92
59 68 73
59 69 66
59 70 25
59 72 70
59 75 95
59 77 86
59 78 34
59 82 8
59 87 38
59 90 31
59 92 36
59 93 72
59 97 28
59 101 12
59 105 60
59 107 71
59 109 42
59 110 62
59 111 93
59 115 74
59 118 42
59 122 22
59 124 19
59 129 63
59 132 4
59 133 19
59 136 17
59 138 73
59 140 41
59 142 74
59 147 92
59 148 71
59 149 100
60 63 66
60 65 5
60 69 49
60 72 11
60 74 88
60 76 35
60 77 16
60 80 38
60 90 17
60 92 31
60 93 24
60 100 35
60 102 39
60 108 48
60 117 78
60 118 63
60 120 33
60 121 53
60 125 74
60 132 96
60 134 67
60 135 51
60 137 70
60 141 35
60 142 78
60 147 56
60 148 29
60 149 68
61 64 76
61 66 28
61 71 31
61 72 11
61 73 34
61 75 65
61 79 79
61 80 41
61 83 7
61 85 70
61 86 51
61 87 64
61 95 33
61 97 38
61 98 87
61 99 52
61 103 47
61 106 63
61 109 5
61 112 68
61 114 87
61 117 14
61 118 64
61 119 44
61 123 74
61 125 38
61 126 83
61 127 12
61 130 82
61 132 39
61 141 6
61 142 77
61 143 55
61 144 14
61 145 10
61 146 42
61 147 75
61 148 83
62 64 59
62 66 83
62 67 45
62 68 8
62 71 10
62 74 59
62 75 82
62 79 74
62 82 14
62 86 61
62 87 15
62 88 55
62 91 19
62 96 64
62 97 93
62 98 56
62 100 82
62 103 83
62 104 75
62 108 86
62 109 15
62 111 95
62 117 79
62 124 44
62 125 100
62 128 79
62 133 71
62 137 21
62 140 22
62 143 32
62 145 88
62 146 19
62 147 3
62 148 21
63 66 54
63 67 87
63 68 83
63 72 9
63 73 95
63 78 83
63 79 6
63 81 23
63 82 16
63 84 94
63 89 29
63 90 60
63 92 25
63 93 94
63 94 26
63 103 55
63 108 97
63 113 1
63 114 27
63 116 61
63 118 66
63 121 58
63 122 40
63 123 54
63 124 34
63 125 15
63 126 4
63 131 31
63 133 82
63 134 5
63 136 51
63 137 10
63 139 41
63 141 48
63 144 10
63 150 48
64 66 2
64 67 91
64 68 30
64 69 58
64 70 68
64 73 56
64 75 35
64 76 35
64 80 81
64 81 38
64 82 69
64 84 42
64 86 31
64 87 1
64 89 31
64 91 98
64 97 95
64 100 8
64 102 18
64 107 90
64 108 65
64 109 36
64 114 31
64 117 42
64 119 4
64 120 24
64 121 22
64 122 58
64 124 43
64 125 24
64 128 9
64 132 73
64 133 29
64 135 30
64 138 61
64 140 66
64 141 22
64 145 64
64 147 74
64 148 44
64 150 30
65 68 47
65 69 41
65 72 11
65 73 58
65 78 47
65 79 10
65 82 93
65 83 40
65 85 94
65 86 79
65 92 98
65 93 78
65 95 78
65 96 21
65 97 64
65 98 25
65 103 76
65 108 36
65 115 18
65 116 94
65 118 3
65 121 37
65 124 52
65 126 4
65 127 16
65 129 24
65 130 31
65 136 80
65 139 84
65 140 98
65 149 32
66 70 23
66 72 69
66 73 87
66 76 49
66 78 66
66 80 94
66 84 45
66 88 68
66 92 52
66 97 95
66 99 94
66 104 52
66 105 26
66 107 63
66 108 2
66 109 7
66 116 28
66 119 1
66 120 98
66 121 53
66 123 38
66 129 9
66 130 49
66 131 96
66 132 66
66 134 76
66 135 24
66 136 10
66 139 50
66 141 1
66 145 18
66 146 52
66 147 66
66 150 37
67 68 28
67 77 62
67 78 81
67 79 72
67 82 91
67 90 27
67 96 20
67 97 79
67 98 3
67 100 3
67 101 4
67 102 99
67 103 52
67 104 42
67 111 94
67 112 85
67 114 67
67 116 81
67 117 83
67 120 70
67 123 26
67 124 36
67 127 5
67 128 50
67 129 37
67 130 9
67 131 97
67 132 74
67 133 89
67 134 50
67 136 39
67 138 61
67 140 33
67 141 84
67 142 96
67 143 37
67 147 13
67 148 10
67 150 95
68 70 57
68 74 27
68 75 3
68 76 94
68 78 83
68 79 4
68 86 91
68 88 42
68 94 11
68 96 29
68 97 93
68 98 40
68 104 55
68 109 81
68 114 59
68 115 61
68 122 18
68 123 21
68 125 62
68 128 86
68 130 60
68 134 54
68 135 46
68 141 22
68 143 30
68 145 44
68 147 93
68 148 85
68 149 52
69 70 20
69 71 59
69 72 4
69 73 11
69 74 88
69 75 85
69 79 27
69 85 26
69 91 10
69 93 29
69 95 62
69 96 94
69 97 72
69 100 53
69 101 20
69 102 24
69 104 71
69 107 99
69 108 95
69 109 72
69 114 45
69 115 49
69 118 83
69 119 62
69 120 29
69 121 7
69 122 47
69 128 3
69 129 92
69 130 52
69 134 16
69 139 91
69 140 98
69 141 9
69 147 14
69 149 42
70 71 19
70 72 90
70 74 83
70 75 49
70 76 8
70 77 30
70 78 41
70 80 23
70 81 13
70 86 26
70 87 44
70 88 86
70 89 2
70 90 6
70 98 6
70 100 69
70 101 92
70 102 22
70 107 100
70 108 32
70 111 9
70 122 66
70 123 82
70 125 32
70 128 45
70 130 14
70 131 5
70 134 15
70 139 40
70 142 73
70 143 91
71 74 83
71 76 14
71 77 77
71 78 55
71 83 39
71 85 88
71 87 80
71 88 85
71 92 17
71 93 96
71 94 65
71 95 72
71 98 21
71 99 91
71 101 75
71 103 6
71 104 9
71 109 93
71 110 39
71 113 87
71 117 4
71 119 58
71 121 56
71 123 37
71 126 98
71 129 19
71 133 52
71 135 51
71 137 32
71 143 34
72 76 89
72 77 80
72 78 86
72 81 33
72 83 57
72 84 28
72 98 11
72 99 15
72 101 25
72 102 98
72 105 80
72 106 97
72 108 93
72 109 84
72 112 57
72 113 66
72 118 78
72 119 57
72 120 99
72 121 34
72 123 44
72 124 43
72 126 48
72 128 69
72 129 35
72 131 24
72 135 49
72 136 89
72 139 38
72 143 54
72 149 26
72 150 65
73 77 79
73 85 65
73 87 12
73 97 30
73 98 96
73 99 90
73 103 45
73 104 49
73 109 55
73 111 56
73 115 18
73 116 85
73 122 64
73 124 50
73 127 65
73 132 14
73 133 41
73 136 16
73 138 19
73 141 89
73 142 28
73 144 47
73 145 9
73 146 10
73 147 20
73 150 23
74 77 70
74 80 80
74 82 4
74 84 86
74 86 84
74 87 5
74 91 34
74 92 45
74 95 32
74 96 59
74 102 32
74 105 52
74 108 36
74 110 85
74 111 90
74 113 92
74 114 38
74 116 7
74 126 4
74 129 56
74 133 55
74 134 98
74 136 11
74 141 30
74 142 34
74 143 61
74 144 30
74 145 39
74 147 78
74 148 41
75 77 47
75 78 9
75 79 75
75 81 69
75 82 58
75 83 48
75 84 16
75 85 78
75 86 63
75 88 6
75 91 4
75 93 57
75 94 74
75 97 99
75 98 63
75 99 71
75 103 52
75 105 29
75 108 19
75 109 15
75 113 54
75 114 53
75 120 44
75 126 31
75 137 27
75 141 14
75 142 47
75 145 96
75 146 93
76 77 95
76 81 40
76 82 97
76 84 41
76 85 32
76 86 44
76 90 1
76 91 90
76 104 37
76 106 67
76 110 100
76 111 67
76 114 100
76 115 58
76 117 16
76 118 4
76 123 68
76 124 74
76 126 13
76 127 19
76 128 99
76 131 93
76 132 70
76 133 19
76 135 11
76 142 53
76 144 82
76 145 100
76 147 50
76 148 27
76 150 45
77 81 60
77 83 23
77 84 8
77 86 5
77 88 87
77 90 83
77 95 66
77 97 67
77 105 82
77 106 56
77 107 20
77 108 24
77 109 97
77 116 89
77 117 97
77 118 98
77 119 66
77 121 81
77 122 74
77 123 10
77 124 16
77 125 98
77 130 72
77 132 47
77 133 16
77 134 96
77 143 29
77 144 84
77 149 76
78 81 35
78 83 14
78 87 73
78 90 61
78 96 16
78 97 63
78 104 79
78 107 41
78 108 100
78 116 28
78 118 34
78 121 52
78 122 55
78 126 41
78 127 67
78 128 18
78 130 52
78 131 64
78 136 66
78 138 74
78 139 21
78 143 45
78 144 40
78 146 24
78 150 20
79 82 48
79 84 54
79 85 20
79 88 79
79 90 52
79 93 6
79 94 39
79 96 86
79 97 74
79 100 38
79 101 27
79 102 96
79 103 100
79 106 82
79 107 14
79 108 88
79 111 97
79 115 78
79 120 100
79 121 3
79 122 95
79 127 21
79 129 99
79 132 38
79 133 48
79 134 61
79 135 58
79 139 23
79 141 24
79 145 100
79 146 17
79 147 54
79 150 17
80 81 22
80 83 16
80 95 41
80 96 10
80 99 76
80 102 7
80 103 25
80 104 84
80 105 36
80 109 5
80 110 17
80 115 37
80 119 82
80 123 76
80 129 78
80 130 88
80 136 65
80 142 39
80 144 20
80 147 61
80 149 13
81 82 94
81 85 92
81 86 45
81 87 99
81 89 37
81 90 89
81 92 47
81 93 67
81 96 49
81 97 31
81 99 99
81 104 25
81 109 61
81 111 1
81 112 1
81 114 21
81 118 58
81 120 71
81 121 29
81 123 19
81 137 41
81 138 90
81 139 65
81 142 69
81 143 39
81 145 88
81 146 27
81 147 39
81 150 74
82 84 90
82 89 12
82 90 92
82 91 55
82 96 10
82 98 27
82 102 50
82 103 92
82 107 13
82 108 50
82 110 12
82 111 41
82 112 3
82 113 36
82 116 82
82 122 61
82 124 31
82 127 43
82 129 87
82 130 44
82 133 9
82 138 55
82 143 68
82 145 77
82 148 4
82 150 86
83 90 98
83 92 43
83 94 30
83 95 7
83 96 72
83 99 77
83 100 93
83 105 58
83 110 22
83 112 8
83 113 42
83 115 13
83 117 31
83 122 19
83 127 69
83 132 76
83 134 86
83 136 78
83 140 41
83 141 16
83 142 6
83 144 95
83 146 56
83 147 22
83 148 9
83 149 42
83 150 64
84 90 44
84 93 40
84 95 43
84 96 53
84 100 1
84 102 67
84 105 54
84 108 21
84 111 56
84 114 40
84 115 80
84 124 7
84 127 77
84 129 87
84 130 81
84 131 3
84 132 47
84 133 61
84 134 43
84 136 63
84 138 68
84 140 73
84 141 23
84 143 59
84 146 64
85 86 29
85 88 58
85 89 19
85 91 47
85 92 19
85 96 44
85 97 92
85 98 8
85 99 13
85 100 40
85 101 34
85 104 54
85 106 45
85 107 31
85 112 35
85 119 4
85 120 7
85 122 3
85 123 54
85 127 8
85 128 92
85 132 97
85 133 37
85 137 67
85 143 39
85 144 74
85 146 80
86 89 53
86 90 21
86 92 88
86 94 75
86 95 92
86 99 83
86 100 61
86 101 11
86 102 11
86 104 2
86 107 15
86 110 45
86 111 82
86 112 26
86 115 11
86 116 68
86 117 45
86 118 59
86 119 86
86 120 75
86 121 48
86 122 30
86 123 38
86 128 91
86 129 64
86 130 14
86 131 2
86 133 30
86 136 94
86 141 69
86 142 98
86 143 9
86 147 55
86 148 44
86 149 28
87 88 18
87 91 6
87 95 31
87 99 23
87 100 21
87 102 6
87 103 70
87 107 54
87 108 72
87 111 62
87 112 12
87 114 59
87 115 50
87 117 88
87 119 96
87 120 36
87 121 18
87 125 78
87 130 60
87 131 48
87 132 30
87 134 88
87 136 85
87 145 43
87 146 58
87 147 8
88 93 11
88 94 16
88 96 17
88 98 72
88 99 95
88 100 83
88 109 25
88 111 27
88 113 87
88 118 31
88 120 50
88 121 92
88 123 14
88 126 72
88 131 52
88 133 15
88 135 56
88 137 6
88 138 92
88 139 89
88 141 22
88 144 86
88 146 92
88 147 34
88 149 56
89 91 3
89 92 54
89 94 21
89 95 50
89 97 75
89 99 24
89 101 95
89 102 63
89 105 62
89 107 75
89 108 35
89 112 21
89 117 91
89 118 2
89 119 17
89 120 36
89 121 44
89 124 80
89 125 28
89 128 98
89 129 5
89 131 93
89 134 61
89 137 13
89 144 47
89 146 59
89 148 4
89 149 90
90 92 44
90 93 96
90 94 2
90 99 85
90 101 72
90 104 6
90 106 39
90 107 49
90 113 87
90 119 24
90 121 9
90 122 95
90 123 12
90 126 86
90 128 98
90 129 41
90 134 35
90 136 77
90 139 4
90 140 62
90 141 41
90 142 55
90 143 35
90 145 8
90 148 90
90 149 32
90 150 56
91 96 73
91 98 80
91 99 51
91 100 24
91 101 35
91 103 65
91 104 28
91 105 19
91 107 46
91 108 43
91 109 75
91 115 62
91 116 16
91 117 52
91 121 26
91 122 99
91 127 62
91 130 73
91 131 71
91 132 94
91 133 75
91 147 16
92 97 50
92 104 97
92 105 61
92 106 56
92 109 80
92 113 20
92 115 40
92 118 58
92 121 24
92 123 69
92 126 51
92 129 96
92 131 90
92 135 42
92 138 88
92 139 58
92 141 31
92 146 89
92 150 30
93 96 44
93 97 47
93 102 70
93 105 94
93 109 28
93 111 16
93 114 72
93 115 96
93 118 89
93 119 52
93 120 60
93 121 71
93 122 50
93 124 51
93 127 96
93 130 75
93 131 32
93 133 76
93 135 69
93 136 79
93 139 31
93 141 17
93 142 58
93 145 10
93 147 92
93 148 92
93 149 50
94 97 72
94 98 66
94 103 28
94 105 97
94 106 63
94 107 70
94 114 41
94 117 62
94 120 21
94 122 55
94 126 74
94 127 3
94 128 5
94 130 94
94 135 43
94 138 15
94 139 5
94 141 80
94 142 64
94 143 17
94 144 41
94 145 100
94 148 43
94 150 89
95 97 72
95 98 22
95 99 39
95 101 10
95 103 9
95 104 66
95 107 64
95 109 19
95 111 57
95 113 40
95 114 81
95 118 62
95 119 94
95 123 24
95 126 27
95 132 83
95 135 72
95 137 58
95 138 63
95 141 44
95 144 50
95 146 46
95 147 75
95 148 43
96 98 94
96 100 30
96 102 28
96 103 69
96 104 58
96 117 40
96 120 87
96 122 18
96 123 83
96 124 21
96 125 61
96 126 45
96 127 9
96 128 48
96 129 9
96 131 85
96 133 51
96 136 94
96 137 81
96 139 2
96 140 43
96 142 85
96 149 33
97 101 85
97 102 94
97 104 80
97 106 31
97 107 17
97 111 79
97 112 77
97 113 95
97 115 18
97 116 91
97 123 63
97 132 30
97 133 22
97 137 93
97 139 99
97 140 78
97 141 75
97 145 93
97 146 70
98 101 49
98 102 96
98 104 62
98 105 46
98 107 60
98 112 25
98 113 58
98 118 70
98 121 64
98 122 28
98 123 55
98 124 68
98 126 69
98 127 19
98 130 79
98 132 40
98 138 62
98 139 62
98 141 79
98 145 8
98 146 64
98 147 62
98 148 66
99 100 56
99 101 10
99 103 95
99 105 42
99 106 83
99 113 93
99 114 38
99 119 38
99 120 61
99 122 18
99 123 89
99 128 6
99 129 79
99 132 34
99 133 69
99 134 3
99 135 28
99 136 98
99 138 83
99 141 42
99 143 5
99 144 95
99 148 56
100 101 94
100 102 42
100 103 91
100 104 41
100 106 83
100 107 14
100 108 28
100 109 84
100 111 77
100 116 66
100 117 1
100 129 71
100 131 72
100 132 41
100 134 41
100 137 87
100 141 31
100 143 9
100 145 18
100 146 24
100 147 66
101 104 60
101 105 30
101 109 34
101 112 35
101 115 28
101 118 6
101 119 43
101 122 18
101 123 99
101 124 48
101 125 1
101 130 18
101 132 79
101 135 33
101 137 61
101 144 85
101 145 91
102 104 43
102 106 55
102 109 36
102 110 36
102 111 41
102 112 55
102 114 5
102 116 46
102 118 87
102 121 82
102 124 52
102 127 51
102 128 38
102 129 65
102 133 85
102 140 24
102 142 71
102 148 3
102 149 10
103 106 1
103 107 88
103 111 70
103 113 41
103 114 13
103 116 92
103 117 66
103 125 93
103 130 57
103 131 86
103 133 33
103 136 72
103 141 66
103 142 14
103 143 13
103 146 82
103 148 63
104 105 14
104 106 35
104 107 73
104 110 12
104 112 47
104 113 63
104 114 89
104 122 65
104 124 10
104 129 27
104 131 57
104 134 51
104 136 17
104 139 54
104 141 97
104 142 91
104 143 93
104 150 94
105 108 13
105 109 35
105 111 51
105 112 19
105 115 16
105 119 19
105 124 55
105 125 36
105 126 34
105 131 94
105 132 95
105 133 90
105 134 88
105 141 83
105 143 36
105 145 63
105 147 97
105 148 78
106 110 88
106 113 49
106 116 43
106 119 35
106 120 12
106 127 10
106 129 88
106 131 34
106 133 21
106 135 35
106 137 60
106 140 26
106 141 76
106 143 35
106 144 13
106 147 20
107 108 82
107 109 81
107 111 10
107 113 61
107 117 68
107 119 50
107 121 68
107 122 61
107 125 26
107 130 33
107 131 11
107 132 57
107 134 47
107 138 1
107 139 87
107 147 30
108 109 14
108 112 50
108 114 59
108 115 53
108 116 44
108 126 31
108 128 48
108 129 45
108 135 43
108 136 90
108 137 15
108 139 31
109 112 6
109 113 97
109 114 41
109 124 94
109 125 20
109 127 5
109 128 12
109 129 63
109 130 41
109 131 63
109 135 75
109 138 81
109 139 19
109 140 6
109 145 21
109 146 76
110 113 61
110 117 42
110 121 92
110 122 83
110 123 48
110 124 26
110 125 34
110 127 70
110 129 77
110 134 69
110 141 42
110 143 37
110 144 33
110 149 58
111 113 70
111 114 97
111 115 22
111 117 3
111 122 75
111 124 12
111 128 43
111 130 40
111 131 37
111 132 68
111 136 96
111 138 58
111 139 64
111 140 78
111 142 12
111 144 20
111 146 43
111 147 53
111 149 20
112 113 34
112 115 53
112 116 67
112 120 17
112 123 66
112 124 17
112 125 75
112 130 77
112 131 100
112 135 3
112 136 84
112 141 84
113 115 23
113 116 9
113 117 40
113 118 90
113 121 23
113 122 1
113 123 5
113 125 5
113 127 6
113 128 14
113 129 29
113 130 92
113 134 75
113 135 27
113 136 34
113 137 58
113 138 5
113 139 8
113 143 55
113 146 93
113 148 31
113 149 84
113 150 35
114 115 33
114 117 90
114 121 80
114 125 46
114 126 74
114 127 37
114 129 48
114 134 85
114 138 10
114 139 41
114 142 55
114 146 92
114 147 18
114 148 59
114 149 94
115 117 42
115 120 34
115 122 29
115 123 9
115 126 52
115 130 8
115 133 97
115 135 86
115 137 19
115 138 40
115 142 74
115 143 76
115 147 33
116 118 80
116 120 69
116 124 73
116 127 13
116 128 37
116 129 80
116 133 48
116 137 90
116 140 85
116 144 18
116 145 33
116 149 66
117 119 55
117 121 26
117 126 1
117 127 30
117 128 28
117 129 96
117 130 52
117 135 89
117 140 9
117 142 11
117 145 7
118 120 20
118 123 96
118 127 24
118 129 54
118 133 50
118 134 11
118 135 71
118 136 60
118 138 26
118 139 68
118 143 99
118 144 86
118 145 52
118 147 82
118 148 36
118 149 14
119 121 34
119 125 14
119 128 21
119 132 81
119 133 74
119 134 74
119 135 64
119 143 54
119 149 17
119 150 9
120 121 95
120 130 46
120 131 44
120 133 60
120 134 90
120 137 72
120 138 40
120 139 30
120 146 62
120 147 84
120 149 24
121 123 74
121 125 98
121 128 73
121 133 7
121 137 55
121 140 97
121 145 30
121 148 32
122 123 22
122 124 93
122 125 71
122 126 77
122 127 61
122 129 33
122 130 49
122 132 53
122 133 11
122 134 5
122 135 66
122 139 4
122 141 49
122 147 1
123 128 8
123 129 16
123 130 100
123 131 57
123 137 42
123 142 25
123 146 11
123 147 29
123 148 72
124 125 39
124 127 75
124 132 83
124 133 49
124 136 24
124 139 39
124 140 3
124 141 74
124 142 11
124 144 30
124 146 89
124 148 82
124 149 45
125 132 70
125 134 60
125 136 100
125 140 70
125 141 28
125 143 79
125 144 13
125 148 47
125 149 86
126 127 2
126 134 5
126 139 26
126 142 82
126 143 74
126 145 55
126 147 79
126 148 88
127 132 83
127 135 76
127 139 31
127 140 26
127 141 11
127 145 15
127 148 17
128 129 28
128 130 93
128 131 10
128 132 14
128 135 78
128 141 60
128 146 34
128 147 7
129 134 44
129 138 12
129 139 29
129 142 82
129 146 35
129 147 44
129 149 29
130 132 15
130 138 16
130 145 72
130 148 13
131 132 17
131 133 5
131 134 34
131 136 88
131 137 3
131 142 49
131 143 69
131 145 88
131 150 76
132 135 50
132 142 72
132 143 46
132 146 88
132 149 19
132 150 65
133 135 57
133 136 29
133 138 71
133 140 42
133 141 45
133 143 8
133 146 15
133 148 2
133 150 30
134 139 44
134 141 84
134 142 83
134 147 36
134 149 10
135 138 50
135 141 81
135 142 67
135 143 75
135 145 31
135 146 56
135 147 28
135 150 84
136 138 14
136 139 50
136 141 25
136 142 74
136 143 6
136 145 2
136 146 33
136 149 33
137 141 54
137 146 64
137 148 67
138 141 89
138 142 31
138 143 2
138 144 31
138 149 49
138 150 63
139 141 18
139 147 60
140 142 43
140 143 73
140 145 39
140 148 10
140 149 57
140 150 1
141 143 55
141 148 98
142 146 23
142 148 78
142 149 54
143 144 85
143 148 87
143 149 75
144 147 20
144 149 51
145 148 21
146 147 20
146 148 8
147 148 76
147 149 95
147 150 93
148 149 31
148 150 46
1 9 48
1 16 55
1 21 45
1 22 19
1 23 25
1 25 66
1 26 75
1 28 14
1 30 86
1 31 15
1 36 91
1 37 96
1 38 24
1 44 35
1 59 55
1 61 61
1 62 41
1 65 45
1 66 35
1 69 86
1 70 54
1 75 99
1 78 20
1 82 77
1 87 55
1 89 26
1 91 71
1 93 54
1 94 21
1 97 77
1 98 20
1 99 59
1 100 65
1 102 15
1 106 36
1 108 85
1 109 65
1 114 37
1 117 10
1 121 4
1 124 89
1 125 40
1 127 64
1 128 70
1 129 24
1 130 30
1 131 43
1 137 26
1 138 60
1 143 66
1 150 50
2 6 100
2 7 96
2 9 21
2 10 12
2 15 3
2 18 83
2 19 24
2 22 22
2 24 9
2 29 65
2 31 49
2 33 32
2 35 49
2 39 18
2 41 62
2 42 93
2 45 59
2 50 37
2 53 75
2 59 62
2 62 8
2 65 86
2 66 16
2 69 38
2 70 68
2 72 98
2 74 63
2 76 79
2 78 73
2 81 86
2 83 73
2 88 80
2 90 90
2 91 2
2 94 61
2 96 27
2 97 95
2 98 29
2 100 65
2 102 7
2 105 41
2 107 16
2 111 55
2 112 3
2 114 56
2 115 89
2 119 50
2 124 100
2 129 62
2 130 84
2 133 68
2 134 56
2 137 42
2 140 59
2 142 20
2 143 54
2 144 20
2 145 48
2 146 36
2 148 94
2 149 84
3 6 3
3 9 3
3 14 97
3 16 1
3 18 55
3 20 52
3 22 69
3 25 43
3 28 15
3 30 47
3 31 35
3 36 33
3 38 70
3 43 13
3 46 28
3 47 59
3 50 68
3 53 78
3 55 98
3 56 100
3 57 93
3 65 38
3 66 49
3 67 65
3 69 39
3 70 75
3 71 11
3 73 91
3 79 90
3 80 14
3 81 95
3 83 23
3 84 65
3 85 72
3 86 98
3 90 68
3 92 54
3 93 41
3 97 74
3 100 88
3 101 32
3 104 72
3 107 20
3 113 4
3 114 77
3 115 23
3 118 28
3 121 27
3 123 46
3 125 66
3 126 21
3 137 48
3 141 81
3 142 59
3 143 25
3 146 90
3 149 58
4 6 38
4 7 70
4 9 30
4 11 9
4 12 86
4 14 23
4 19 27
4 20 66
4 23 49
4 24 42
4 29 47
4 31 59
4 36 91
4 37 21
4 38 59
4 43 62
4 44 80
4 45 37
4 48 17
4 49 29
4 52 38
4 55 78
4 58 88
4 59 34
4 60 28
4 62 63
4 67 88
4 69 91
4 71 83
4 72 35
4 74 85
4 76 99
4 78 93
4 82 82
4 83 60
4 84 88
4 85 56
4 86 79
4 88 39
4 91 72
4 96 58
4 97 73
4 98 71
4 99 57
4 105 42
4 106 42
4 108 4
4 110 60
4 111 86
4 115 76
4 117 1
4 118 48
4 119 11
4 120 4
4 121 47
4 122 56
4 123 75
4 126 45
4 127 75
4 128 82
4 131 66
4 135 4
4 139 64
4 142 47
4 143 33
4 144 22
4 146 40
4 149 83
5 6 9
5 7 73
5 8 80
5 9 87
5 13 46
5 17 90
5 23 81
5 24 29
5 26 30
5 28 52
5 29 96
5 32 6
5 33 99
5 36 82
5 41 32
5 44 96
5 45 26
5 46 42
5 47 46
5 49 70
5 50 79
5 53 41
5 58 79
5 59 47
5 62 48
5 63 40
5 65 69
5 68 91
5 69 20
5 77 79
5 78 78
5 81 29
5 88 97
5 90 43
5 97 100
5 102 46
5 105 69
5 106 4
5 110 82
5 113 14
5 116 12
5 117 14
5 120 44
5 122 57
5 130 91
5 137 87
5 138 16
5 141 9
5 143 31
5 146 3
5 148 2
5 150 99
6 8 64
6 14 75
6 17 73
6 22 23
6 23 67
6 27 15
6 28 89
6 31 54
6 34 71
6 39 12
6 42 20
6 43 4
6 47 11
6 50 37
6 55 6
6 56 84
6 61 37
6 62 16
6 64 58
6 67 95
6 69 74
6 73 67
6 76 100
6 82 17
6 84 94
6 85 53
6 88 46
6 93 18
6 97 46
6 102 18
6 107 51
6 108 76
6 112 80
6 117 50
6 122 23
6 123 24
6 124 60
6 126 59
6 130 64
6 131 1
6 133 66
6 134 94
6 135 15
6 138 10
6 141 10
6 144 93
6 146 42
7 8 74
7 12 39
7 13 38
7 16 94
7 17 100
7 18 56
7 20 41
7 25 32
7 37 91
7 39 31
7 42 19
7 45 45
7 47 57
7 50 93
7 51 80
7 55 17
7 59 89
7 60 16
7 61 93
7 65 53
7 67 100
7 68 49
7 73 16
7 75 18
7 80 87
7 81 34
7 84 18
7 85 97
7 87 75
7 97 80
7 101 55
7 102 29
7 104 30
7 105 84
7 109 16
7 114 43
7 115 24
7 119 39
7 120 22
7 124 82
7 128 52
7 132 71
7 133 1
7 135 25
7 141 36
7 144 70
7 147 48
7 148 43
8 11 43
8 12 97
8 13 66
8 19 46
8 21 20
8 27 9
8 30 49
8 32 3
8 34 76
8 36 95
8 37 10
8 38 11
8 39 72
8 43 34
8 44 11
8 50 2
8 51 56
8 52 84
8 56 75
8 58 35
8 61 59
8 63 8
8 64 41
8 65 44
8 66 56
8 68 35
8 70 98
8 74 95
8 75 50
8 76 76
8 77 59
8 81 93
8 83 98
8 86 44
8 88 4
8 89 89
8 90 45
8 92 27
8 99 83
8 100 7
8 101 37
8 102 68
8 105 45
8 107 80
8 110 30
8 111 45
8 112 93
8 122 74
8 125 12
8 129 21
8 131 33
8 136 62
8 138 61
8 139 83
8 149 6
8 150 11
9 12 59
9 18 72
9 19 60
9 20 39
9 21 64
9 23 38
9 24 98
9 25 77
9 26 52
9 27 80
9 31 8
9 36 39
9 37 19
9 44 7
9 48 79
9 49 31
9 57 80
9 60 42
9 62 70
9 66 100
9 70 93
9 73 35
9 75 67
9 77 83
9 79 96
9 80 44
9 81 60
9 85 28
9 88 84
9 90 5
9 97 10
9 99 87
9 100 57
9 101 51
9 103 36
9 104 4
9 106 46
9 110 5
9 111 92
9 113 49
9 115 54
9 116 84
9 119 4
9 122 84
9 123 64
9 127 38
9 129 65
9 131 87
9 134 40
9 138 14
9 139 44
9 145 41
9 146 17
9 147 40
9 148 37
9 149 45
10 11 36
10 14 19
10 15 59
10 18 49
10 20 9
10 21 48
10 23 23
10 26 36
10 27 62
10 29 51
10 32 74
10 35 62
10 38 59
10 39 78
10 42 59
10 43 51
10 46 13
10 48 8
10 50 32
10 51 90
10 52 47
10 55 68
10 58 6
10 66 77
10 71 97
10 82 40
10 90 87
10 92 43
10 94 95
10 95 70
10 98 40
10 101 64
10 102 54
10 103 32
10 104 56
10 110 56
10 112 66
10 113 57
10 115 9
10 121 39
10 122 86
10 126 44
10 129 52
10 131 51
10 134 78
10 135 33
10 136 77
10 137 72
10 138 12
10 142 2
10 147 100
11 14 4
11 17 75
11 18 33
11 19 44
11 20 70
11 22 7
11 23 83
11 24 61
11 26 31
11 29 12
11 30 42
11 32 25
11 33 29
11 34 40
11 37 97
11 38 78
11 39 97
11 40 28
11 43 28
11 45 22
11 48 91
11 49 76
11 50 65
11 52 85
11 53 10
11 55 82
11 60 39
11 67 36
11 68 67
11 71 32
11 73 66
11 76 53
11 79 80
11 84 44
11 87 5
11 88 34
11 95 71
11 97 48
11 98 32
11 99 58
11 102 94
11 104 6
11 105 100
11 108 91
11 109 43
11 112 14
11 114 33
11 118 14
11 119 73
11 122 62
11 123 58
11 127 76
11 128 33
11 129 13
11 131 11
11 134 32
11 136 70
11 138 13
11 139 18
11 149 59
11 150 61
12 13 62
12 16 54
12 17 18
12 18 82
12 27 34
12 30 53
12 32 43
12 35 97
12 37 21
12 38 80
12 41 57
12 47 30
12 52 5
12 54 3
12 56 64
12 58 29
12 59 65
12 60 41
12 61 63
12 67 38
12 70 22
12 71 90
12 72 6
12 74 82
12 75 78
12 77 56
12 78 97
12 79 53
12 88 4
12 89 61
12 91 3
12 92 14
12 93 42
12 95 26
12 97 14
12 99 76
12 100 4
12 101 55
12 103 30
12 104 18
12 108 86
12 109 67
12 116 86
12 118 21
12 120 22
12 121 7
12 122 34
12 124 85
12 127 98
12 128 46
12 130 65
12 131 5
12 133 5
12 134 5
12 136 14
12 137 34
12 138 79
12 141 98
12 150 85
13 15 48
13 16 69
13 18 52
13 19 29
13 20 30
13 22 78
13 23 6
13 24 24
13 26 20
13 27 10
13 33 82
13 34 46
13 37 61
13 38 17
13 39 49
13 44 23
13 45 15
13 51 17
13 52 56
13 54 88
13 56 82
13 58 39
13 62 8
13 63 78
13 64 34
13 71 83
13 74 30
13 75 84
13 77 32
13 78 66
13 79 63
13 80 82
13 83 1
13 85 65
13 86 19
13 89 81
13 90 63
13 91 66
13 94 97
13 95 88
13 96 89
13 99 7
13 100 20
13 105 75
13 107 98
13 109 37
13 110 16
13 116 85
13 117 43
13 123 29
13 126 19
13 134 48
13 144 35
13 145 93
13 149 98
13 150 50
14 15 40
14 16 9
14 18 77
14 24 88
14 27 45
14 28 98
14 30 63
14 32 92
14 35 47
14 36 21
14 37 36
14 38 10
14 42 5
14 44 75
14 47 6
14 48 100
14 50 85
14 51 25
14 58 58
14 59 54
14 63 21
14 64 78
14 66 67
14 70 39
14 71 68
14 75 33
14 76 66
14 77 85
14 80 79
14 83 77
14 84 54
14 88 96
14 90 49
14 91 37
14 94 60
14 98 50
14 99 22
14 101 14
14 102 37
14 103 58
14 106 76
14 107 36
14 108 23
14 113 55
14 117 77
14 123 4
14 124 58
14 125 38
14 126 24
14 128 60
14 131 48
14 132 97
14 133 84
14 135 89
14 136 5
14 138 20
14 141 46
14 142 75
14 146 78
14 147 40
14 149 77
15 24 95
15 26 9
15 32 40
15 35 26
15 37 1
15 41 71
15 42 7
15 44 38
15 45 54
15 49 96
15 52 36
15 54 84
15 55 53
15 57 42
15 58 35
15 60 39
15 62 74
15 65 71
15 66 57
15 67 42
15 70 53
15 71 6
15 72 81
15 73 1
15 77 66
15 78 71
15 79 36
15 82 20
15 85 69
15 88 54
15 90 67
15 94 82
15 98 31
15 100 37
15 102 76
15 104 47
15 109 5
15 113 89
15 114 52
15 116 27
15 117 69
15 118 35
15 119 83
15 121 98
15 126 67
15 129 88
15 130 92
15 131 77
15 132 68
15 133 9
15 139 41
15 140 21
15 142 36
15 145 67
15 147 87
16 17 89
16 18 48
16 20 53
16 24 13
16 25 99
16 26 47
16 27 10
16 29 87
16 33 54
16 34 75
16 41 50
16 42 49
16 44 5
16 47 89
16 49 84
16 50 99
16 53 34
16 58 58
16 59 91
16 69 41
16 71 9
16 74 5
16 77 18
16 78 11
16 80 40
16 83 47
16 87 71
16 88 99
16 95 61
16 96 67
16 98 53
16 99 22
16 102 79
16 103 16
16 104 38
16 105 99
16 106 69
16 108 17
16 112 85
16 113 55
16 114 5
16 116 98
16 118 53
16 119 63
16 121 27
16 126 39
16 128 29
16 130 39
16 131 23
16 132 96
16 137 77
16 141 55
16 146 3
16 148 86
16 150 16
17 19 18
17 22 33
17 33 2
17 38 84
17 42 90
17 43 2
17 46 74
17 55 40
17 60 38
17 63 97
17 64 18
17 65 23
17 69 59
17 77 34
17 78 22
17 79 86
17 80 89
17 82 41
17 83 53
17 84 84
17 85 11
17 86 59
17 87 29
17 91 16
17 96 100
17 98 49
17 99 48
17 108 10
17 110 70
17 114 41
17 118 54
17 126 94
17 127 24
17 128 31
17 129 92
17 130 23
17 131 62
17 134 31
17 135 43
17 137 37
17 140 49
17 149 34
18 20 26
18 21 32
18 23 36
18 24 47
18 26 48
18 31 76
18 40 58
18 41 81
18 44 61
18 45 5
18 46 53
18 47 29
18 49 21
18 50 38
18 51 94
18 54 42
18 56 3
18 62 60
18 67 56
18 70 53
18 72 66
18 74 85
18 75 59
18 76 14
18 78 52
18 80 96
18 86 14
18 88 67
18 95 38
18 97 3
18 98 67
18 100 23
18 101 70
18 103 7
18 104 74
18 107 53
18 108 89
18 109 48
18 110 29
18 112 93
18 119 68
18 121 4
18 125 96
18 129 42
18 130 50
18 131 84
18 137 80
18 139 22
18 144 31
18 145 59
18 149 61
19 27 74
19 28 36
19 29 93
19 30 21
19 33 75
19 34 62
19 35 13
19 36 25
19 39 78
19 40 37
19 41 79
19 44 88
19 49 52
19 54 86
19 62 83
19 66 45
19 67 6
19 69 96
19 70 76
19 72 72
19 73 78
19 74 82
19 76 45
19 77 94
19 79 76
19 81 90
19 82 96
19 83 6
19 88 85
19 91 84
19 92 29
19 95 24
19 96 65
19 100 16
19 101 85
19 104 5
19 109 26
19 115 48
19 117 93
19 122 41
19 124 74
19 126 45
19 129 48
19 130 36
19 131 82
19 132 44
19 134 25
19 136 61
19 139 10
19 140 58
19 145 34
19 146 3
20 23 31
20 30 37
20 33 83
20 34 42
20 35 89
20 37 17
20 38 44
20 44 9
20 45 3
20 47 33
20 50 54
20 56 12
20 58 42
20 59 61
20 61 54
20 63 88
20 70 16
20 73 96
20 74 60
20 83 43
20 84 82
20 85 73
20 87 6
20 92 14
20 93 36
20 94 86
20 95 50
20 99 16
20 101 43
20 105 1
20 106 80
20 107 27
20 109 83
20 113 87
20 114 11
20 119 31
20 120 53
20 127 57
20 128 11
20 129 39
20 133 38
20 134 3
20 135 17
20 139 6
20 141 3
20 144 100
20 145 48
21 22 9
21 23 43
21 25 95
21 26 98
21 27 64
21 30 64
21 35 1
21 38 72
21 39 93
21 41 39
21 49 60
21 52 74
21 55 81
21 60 47
21 67 50
21 72 40
21 74 60
21 75 35
21 76 58
21 80 87
21 82 77
21 84 7
21 90 32
21 100 17
21 108 17
21 110 95
21 113 39
21 114 21
21 118 80
21 122 58
21 125 41
21 135 69
21 137 32
21 139 44
21 141 11
21 142 76
21 145 54
21 149 79
21 150 46
22 24 45
22 29 40
22 30 86
22 32 47
22 38 99
22 44 65
22 47 48
22 48 60
22 49 72
22 52 18
22 53 63
22 54 98
22 56 31
22 59 68
22 63 13
22 68 2
22 71 5
22 75 100
22 79 87
22 80 34
22 81 75
22 85 80
22 87 61
22 90 61
22 92 56
22 93 71
22 100 15
22 101 97
22 102 76
22 103 22
22 110 55
22 112 49
22 114 8
22 119 73
22 122 37
22 124 82
22 126 97
22 130 26
22 131 35
22 132 54
22 136 79
22 137 74
22 140 51
22 142 42
22 143 17
