150 10058 1
1 2 1
1 3 32
1 5 4
1 15 43
1 21 7
1 24 67
1 27 14
1 28 28
1 30 66
1 31 99
1 35 1
1 37 76
1 41 11
1 45 39
1 46 100
1 53 68
1 54 69
1 55 61
1 56 23
1 63 80
1 66 8
1 67 49
1 71 7
1 72 99
1 74 52
1 75 24
1 76 37
1 78 6
1 81 65
1 84 48
1 88 85
1 92 90
1 93 87
1 96 72
1 98 32
1 100 46
1 102 38
1 103 76
1 104 56
1 105 9
1 112 45
1 113 50
1 115 9
1 116 18
1 121 10
1 122 31
1 124 19
1 127 93
1 128 9
1 131 79
1 132 77
1 134 91
1 140 82
1 142 67
1 143 28
1 145 13
1 148 54
1 149 34
2 3 85
2 4 8
2 5 42
2 8 25
2 13 38
2 16 80
2 17 70
2 18 76
2 20 63
2 21 69
2 22 66
2 24 51
2 25 25
2 26 49
2 27 77
2 28 63
2 31 89
2 34 12
2 38 45
2 40 71
2 41 48
2 44 19
2 47 22
2 48 31
2 50 3
2 51 92
2 52 34
2 54 94
2 55 28
2 57 17
2 58 61
2 61 49
2 62 61
2 66 9
2 68 20
2 71 34
2 73 40
2 74 7
2 77 87
2 79 86
2 80 90
2 82 15
2 84 26
2 87 89
2 91 18
2 96 9
2 97 6
2 101 31
2 104 60
2 105 17
2 108 23
2 110 72
2 113 94
2 114 42
2 115 40
2 120 3
2 121 19
2 122 20
2 123 79
2 128 51
2 130 86
2 132 60
2 133 40
2 139 98
2 140 47
2 144 59
2 146 72
2 147 94
3 5 9
3 6 21
3 8 57
3 13 11
3 20 74
3 24 20
3 26 86
3 27 62
3 31 2
3 36 81
3 40 36
3 41 35
3 42 70
3 43 51
3 48 62
3 49 88
3 52 83
3 54 7
3 56 50
3 58 18
3 60 85
3 62 12
3 66 98
3 68 58
3 70 55
3 71 66
3 72 41
3 75 71
3 77 86
3 78 85
3 80 61
3 83 13
3 84 45
3 85 79
3 87 19
3 99 78
3 100 9
3 104 5
3 107 59
3 108 99
3 112 5
3 114 47
3 115 64
3 119 15
3 122 61
3 130 3
3 132 97
3 136 18
3 137 53
3 141 55
3 142 85
3 144 8
3 148 55
3 150 68
4 9 91
4 12 46
4 15 27
4 16 48
4 17 62
4 27 84
4 31 83
4 34 71
4 41 13
4 45 7
4 47 18
4 50 91
4 52 15
4 53 14
4 57 19
4 62 44
4 66 25
4 67 16
4 70 60
4 71 85
4 74 31
4 80 73
4 81 15
4 82 23
4 84 97
4 87 4
4 89 79
4 91 20
4 92 74
4 93 15
4 94 56
4 97 9
4 99 36
4 106 21
4 107 71
4 108 13
4 109 82
4 111 59
4 112 57
4 113 9
4 120 97
4 121 100
4 122 94
4 126 4
4 128 84
4 129 90
4 136 9
4 142 22
4 143 74
4 144 62
4 146 78
4 147 44
4 149 43
5 6 9
5 8 13
5 9 19
5 12 88
5 14 44
5 17 71
5 18 85
5 20 60
5 21 1
5 22 72
5 23 96
5 25 3
5 27 87
5 28 58
5 36 9
5 38 48
5 39 15
5 40 58
5 42 48
5 45 15
5 48 40
5 49 51
5 66 45
5 67 62
5 70 8
5 75 53
5 76 33
5 78 40
5 83 12
5 85 98
5 86 2
5 89 40
5 93 59
5 98 70
5 99 47
5 101 80
5 107 40
5 108 37
5 109 94
5 113 80
5 114 38
5 115 15
5 116 82
5 121 75
5 123 84
5 124 24
5 126 26
5 129 66
5 131 87
5 135 46
5 144 10
5 145 80
5 146 43
5 149 85
6 7 74
6 8 86
6 11 33
6 13 9
6 15 21
6 19 6
6 21 100
6 24 32
6 27 64
6 29 93
6 36 51
6 38 46
6 39 44
6 41 84
6 42 54
6 47 95
6 48 4
6 50 67
6 51 27
6 55 12
6 57 93
6 61 5
6 62 89
6 64 20
6 71 45
6 72 15
6 74 19
6 76 62
6 77 6
6 78 60
6 79 43
6 80 63
6 83 6
6 85 8
6 86 58
6 91 22
6 93 99
6 94 47
6 95 46
6 99 5
6 101 90
6 109 8
6 117 33
6 119 60
6 120 90
6 126 21
6 128 57
6 130 48
6 132 8
6 135 100
6 141 39
6 144 55
6 146 55
6 148 62
6 149 32
7 13 83
7 15 76
7 22 14
7 25 52
7 28 56
7 29 11
7 30 12
7 34 22
7 36 16
7 38 14
7 39 46
7 40 76
7 41 44
7 43 60
7 45 84
7 50 100
7 53 54
7 54 25
7 55 88
7 59 68
7 60 60
7 66 66
7 68 26
7 69 20
7 70 25
7 72 24
7 75 37
7 76 59
7 80 59
7 82 64
7 83 95
7 87 90
7 88 56
7 89 40
7 90 90
7 93 15
7 94 41
7 96 75
7 98 82
7 101 100
7 105 86
7 109 13
7 110 41
7 111 89
7 115 54
7 116 8
7 117 53
7 118 96
7 120 93
7 121 78
7 125 59
7 127 55
7 128 23
7 130 69
7 135 14
7 136 44
7 146 45
7 147 42
7 148 34
7 149 97
8 10 38
8 11 39
8 12 37
8 19 8
8 21 71
8 22 42
8 25 77
8 26 46
8 27 96
8 28 95
8 34 60
8 36 62
8 38 75
8 41 32
8 42 58
8 45 5
8 50 48
8 52 32
8 53 65
8 54 67
8 57 71
8 59 91
8 60 42
8 61 59
8 64 76
8 67 33
8 70 92
8 72 21
8 74 33
8 75 87
8 76 57
8 77 43
8 78 56
8 80 5
8 81 31
8 84 34
8 85 92
8 86 30
8 88 69
8 89 38
8 95 91
8 97 32
8 98 67
8 103 63
8 108 11
8 110 52
8 116 66
8 118 11
8 119 39
8 120 25
8 123 66
8 124 85
8 127 27
8 135 99
8 139 64
8 142 77
8 143 28
8 144 20
8 145 78
8 147 67
9 10 59
9 11 9
9 12 1
9 13 80
9 16 50
9 22 56
9 27 75
9 30 73
9 34 37
9 39 7
9 40 42
9 41 46
9 45 98
9 49 81
9 51 3
9 53 88
9 57 58
9 59 80
9 61 71
9 64 61
9 65 86
9 74 73
9 76 4
9 80 20
9 82 39
9 89 79
9 90 27
9 94 57
9 97 94
9 102 50
9 103 93
9 105 82
9 106 31
9 109 18
9 110 75
9 112 83
9 115 53
9 116 64
9 119 6
9 122 83
9 127 42
9 129 64
9 130 11
9 133 71
9 134 11
9 135 45
9 137 51
9 139 93
9 140 49
9 141 60
9 142 81
9 143 67
9 146 73
10 11 68
10 12 93
10 14 61
10 18 71
10 19 23
10 24 63
10 25 59
10 26 97
10 27 61
10 28 27
10 29 81
10 33 93
10 34 38
10 40 10
10 43 96
10 47 87
10 49 71
10 50 43
10 51 41
10 54 40
10 55 7
10 57 87
10 59 64
10 60 5
10 62 50
10 65 10
10 66 15
10 67 94
10 71 51
10 72 62
10 73 83
10 77 31
10 79 72
10 80 89
10 82 69
10 87 37
10 90 79
10 94 67
10 95 96
10 97 39
10 98 14
10 101 95
10 104 86
10 105 21
10 107 31
10 109 83
10 112 83
10 114 52
10 117 93
10 118 98
10 119 79
10 120 58
10 121 62
10 122 21
10 131 48
10 133 44
10 136 28
10 140 30
10 142 42
10 143 97
10 145 81
10 149 97
10 150 61
11 13 54
11 15 58
11 18 66
11 19 57
11 20 52
11 22 35
11 25 49
11 31 18
11 32 86
11 34 72
11 39 41
11 40 50
11 42 69
11 44 82
11 45 88
11 47 37
11 49 98
11 54 38
11 58 75
11 60 34
11 61 9
11 63 92
11 65 19
11 71 40
11 73 44
11 75 53
11 76 14
11 78 89
11 85 28
11 87 76
11 88 23
11 93 85
11 99 45
11 101 7
11 104 58
11 105 32
11 106 91
11 107 35
11 109 86
11 110 76
11 112 23
11 115 49
11 116 73
11 118 72
11 121 29
11 123 85
11 124 55
11 125 26
11 133 26
11 134 100
11 136 100
11 138 34
11 142 70
11 150 38
12 14 38
12 16 18
12 17 16
12 18 43
12 19 80
12 22 25
12 23 41
12 24 99
12 27 7
12 29 75
12 31 61
12 33 2
12 34 93
12 35 24
12 36 81
12 39 54
12 42 12
12 45 75
12 46 82
12 50 36
12 52 87
12 54 83
12 57 26
12 58 43
12 61 16
12 67 55
12 68 1
12 69 29
12 72 37
12 73 68
12 76 49
12 77 5
12 79 21
12 81 53
12 84 16
12 85 14
12 87 15
12 90 80
12 91 72
12 92 54
12 94 16
12 96 40
12 98 69
12 99 72
12 100 100
12 101 30
12 104 68
12 110 76
12 112 51
12 118 65
12 119 46
12 123 79
12 126 97
12 129 26
12 131 92
12 133 1
12 135 12
12 137 38
12 141 56
12 145 95
12 146 31
12 148 27
13 15 68
13 16 98
13 17 67
13 20 66
13 22 13
13 23 45
13 25 99
13 26 10
13 27 41
13 30 56
13 34 43
13 35 72
13 37 82
13 41 31
13 44 80
13 52 54
13 54 47
13 55 78
13 57 59
13 62 94
13 64 72
13 74 65
13 75 87
13 79 25
13 80 90
13 88 46
13 92 41
13 93 70
13 94 76
13 95 49
13 97 82
13 98 34
13 103 91
13 107 100
13 110 90
13 113 76
13 117 59
13 118 100
13 120 97
13 123 1
13 124 3
13 126 56
13 136 69
13 138 53
13 139 42
13 145 41
13 150 22
14 15 100
14 16 24
14 17 39
14 22 92
14 23 85
14 26 90
14 31 64
14 42 23
14 43 28
14 44 46
14 45 30
14 46 49
14 53 29
14 57 68
14 61 36
14 62 14
14 64 63
14 66 79
14 68 42
14 70 81
14 72 25
14 75 54
14 79 49
14 83 14
14 87 12
14 88 44
14 90 74
14 92 22
14 95 57
14 96 39
14 99 17
14 103 84
14 104 48
14 106 30
14 107 82
14 111 6
14 112 55
14 113 26
14 114 66
14 115 70
14 117 100
14 120 34
14 122 45
14 125 22
14 128 70
14 129 41
14 131 85
14 132 34
14 135 16
14 136 97
14 137 65
14 138 60
14 144 68
14 146 97
14 147 45
14 150 66
15 16 88
15 20 49
15 22 11
15 23 20
15 25 39
15 28 58
15 30 48
15 31 25
15 33 85
15 35 8
15 36 7
15 39 53
15 42 90
15 43 7
15 44 97
15 45 82
15 46 49
15 47 46
15 48 99
15 49 35
15 52 99
15 53 71
15 54 65
15 55 84
15 61 83
15 65 34
15 66 24
15 68 100
15 71 40
15 72 41
15 74 18
15 76 57
15 77 45
15 78 45
15 79 10
15 81 85
15 82 8
15 86 89
15 87 49
15 97 21
15 99 50
15 103 25
15 107 10
15 114 18
15 115 51
15 124 8
15 125 11
15 131 23
15 132 49
15 134 35
15 136 41
15 138 59
15 140 49
15 141 30
15 142 36
15 146 77
15 147 15
16 17 64
16 19 12
16 20 96
16 25 57
16 29 24
16 31 3
16 33 75
16 34 9
16 36 95
16 38 91
16 41 24
16 42 77
16 44 85
16 48 25
16 50 79
16 52 43
16 53 54
16 57 22
16 59 98
16 65 23
16 66 27
16 67 52
16 78 22
16 83 12
16 87 63
16 89 14
16 90 63
16 91 27
16 96 33
16 98 48
16 103 81
16 107 85
16 108 83
16 111 36
16 112 45
16 115 6
16 116 37
16 121 73
16 124 85
16 126 86
16 129 14
16 135 59
16 136 14
16 137 100
16 139 55
16 142 46
16 143 42
16 144 65
16 146 64
17 18 94
17 23 4
17 26 60
17 33 33
17 34 13
17 35 24
17 36 63
17 38 82
17 39 73
17 40 74
17 49 23
17 50 9
17 53 17
17 54 15
17 59 21
17 60 62
17 61 7
17 64 58
17 65 81
17 66 89
17 67 51
17 69 85
17 71 4
17 74 100
17 75 71
17 77 100
17 79 7
17 82 78
17 84 98
17 86 51
17 88 88
17 89 4
17 90 21
17 91 3
17 95 87
17 97 61
17 98 29
17 99 1
17 100 53
17 104 83
17 109 89
17 112 60
17 116 46
17 117 57
17 118 3
17 120 6
17 124 13
17 128 83
17 131 50
17 132 22
17 137 77
17 142 69
17 143 36
17 144 89
17 145 96
17 146 75
17 147 44
17 149 50
17 150 95
18 19 81
18 20 48
18 23 36
18 24 30
18 26 27
18 28 41
18 30 61
18 32 94
18 33 2
18 35 11
18 36 79
18 40 42
18 41 76
18 42 13
18 46 19
18 50 78
18 52 82
18 61 86
18 70 22
18 71 96
18 72 4
18 79 40
18 82 19
18 85 42
18 86 57
18 92 17
18 95 65
18 96 63
18 99 92
18 103 50
18 106 22
18 112 30
18 115 56
18 119 79
18 120 75
18 122 7
18 126 41
18 136 90
18 139 71
18 141 6
18 142 39
18 143 88
18 144 8
18 146 37
18 147 90
19 23 73
19 27 29
19 28 7
19 29 43
19 34 83
19 36 26
19 38 6
19 40 46
19 51 12
19 54 69
19 57 61
19 58 93
19 59 46
19 62 12
19 65 31
19 67 86
19 69 26
19 75 79
19 77 64
19 78 62
19 79 27
19 82 26
19 83 81
19 86 3
19 92 64
19 94 47
19 99 24
19 100 28
19 102 29
19 103 30
19 107 80
19 108 58
19 109 25
19 112 25
19 114 76
19 115 84
19 118 25
19 120 67
19 123 63
19 124 57
19 125 91
19 126 63
19 127 92
19 129 45
19 130 26
19 132 65
19 133 12
19 140 16
19 143 93
19 144 91
19 149 17
20 21 76
20 23 20
20 28 76
20 29 77
20 30 93
20 33 76
20 34 57
20 35 50
20 37 83
20 38 4
20 42 95
20 43 71
20 48 10
20 50 85
20 52 11
20 56 14
20 57 65
20 58 54
20 59 34
20 65 50
20 70 77
20 72 44
20 73 78
20 74 83
20 78 17
20 81 57
20 86 64
20 93 37
20 96 88
20 97 62
20 99 56
20 101 18
20 108 10
20 110 84
20 112 33
20 114 38
20 115 68
20 119 62
20 120 25
20 121 37
20 127 42
20 128 44
20 131 90
20 133 58
20 134 57
20 135 9
20 137 49
20 140 15
20 141 42
20 145 56
20 146 36
20 147 66
21 22 83
21 23 76
21 25 43
21 26 44
21 29 4
21 30 57
21 31 6
21 33 62
21 34 77
21 37 77
21 39 37
21 43 94
21 47 55
21 52 88
21 54 17
21 55 68
21 66 51
21 67 42
21 68 17
21 69 82
21 71 90
21 72 10
21 73 85
21 74 53
21 80 24
21 82 10
21 83 8
21 84 61
21 87 70
21 88 58
21 89 49
21 92 73
21 94 84
21 96 70
21 97 98
21 99 6
21 105 3
21 107 37
21 108 78
21 112 37
21 114 38
21 118 37
21 122 32
21 124 45
21 126 61
21 129 50
21 131 31
21 132 5
21 135 100
21 139 95
21 140 100
21 141 32
21 142 25
21 143 69
21 145 82
21 147 33
21 148 74
21 149 2
22 23 61
22 26 68
22 27 40
22 28 100
22 31 67
22 34 54
22 36 57
22 41 93
22 42 84
22 44 73
22 45 99
22 48 16
22 49 11
22 50 24
22 63 17
22 64 23
22 68 7
22 69 13
22 73 25
22 76 50
22 77 18
22 78 64
22 79 18
22 81 51
22 83 11
22 84 55
22 85 47
22 86 69
22 92 27
22 93 31
22 99 47
22 100 51
22 104 16
22 106 21
22 114 25
22 115 17
22 116 94
22 120 43
22 121 90
22 123 67
22 128 18
22 132 67
22 133 60
22 135 21
22 139 90
22 141 89
22 143 17
22 146 70
22 148 52
22 150 57
23 29 15
23 31 10
23 33 80
23 34 17
23 35 18
23 37 54
23 38 90
23 40 40
23 44 40
23 47 82
23 49 23
23 51 23
23 56 18
23 58 23
23 59 62
23 61 9
23 62 48
23 63 61
23 68 67
23 73 43
23 76 54
23 77 92
23 80 67
23 81 16
23 83 16
23 84 98
23 85 31
23 86 99
23 94 10
23 96 90
23 97 26
23 98 56
23 101 7
23 102 8
23 103 71
23 108 89
23 109 17
23 110 12
23 111 50
23 113 21
23 114 26
23 115 64
23 116 15
23 117 54
23 118 23
23 119 78
23 121 5
23 122 30
23 129 49
23 131 71
23 132 47
23 133 72
23 136 63
23 138 56
23 142 73
23 144 79
23 147 84
23 149 78
23 150 79
24 27 68
24 33 4
24 34 30
24 35 3
24 38 2
24 41 36
24 42 92
24 43 44
24 46 24
24 48 7
24 50 37
24 52 2
24 53 35
24 60 18
24 61 77
24 70 100
24 73 74
24 74 78
24 75 45
24 76 40
24 77 62
24 78 8
24 84 58
24 86 73
24 89 82
24 90 27
24 91 77
24 97 71
24 100 7
24 103 61
24 104 80
24 105 35
24 111 36
24 112 48
24 113 83
24 116 79
24 118 35
24 120 91
24 121 68
24 123 13
24 124 64
24 127 40
24 128 12
24 137 56
24 138 46
24 140 69
24 144 41
24 146 62
25 28 35
25 29 58
25 30 81
25 36 92
25 37 66
25 44 22
25 45 64
25 46 48
25 48 79
25 49 21
25 50 41
25 56 16
25 58 17
25 59 91
25 62 43
25 70 60
25 71 81
25 74 14
25 76 3
25 79 79
25 80 42
25 81 13
25 85 55
25 87 62
25 88 31
25 90 88
25 96 59
25 100 18
25 101 39
25 102 79
25 105 58
25 106 85
25 108 36
25 109 67
25 110 17
25 111 22
25 113 43
25 117 24
25 123 85
25 124 79
25 129 95
25 130 14
25 132 65
25 134 88
25 136 44
25 137 77
25 139 12
25 144 20
25 146 89
26 27 22
26 30 86
26 32 58
26 34 41
26 35 96
26 39 7
26 40 66
26 42 69
26 45 42
26 50 90
26 52 41
26 59 81
26 64 3
26 65 13
26 66 2
26 67 77
26 68 44
26 71 15
26 72 66
26 73 93
26 75 92
26 77 77
26 78 31
26 80 86
26 82 33
26 83 18
26 85 84
26 92 38
26 93 90
26 96 34
26 98 85
26 99 10
26 101 43
26 106 32
26 107 20
26 108 62
26 109 95
26 111 8
26 115 76
26 116 66
26 117 33
26 120 10
26 121 55
26 122 71
26 123 45
26 124 61
26 125 2
26 128 76
26 131 29
26 133 51
26 134 30
26 135 87
26 142 40
26 144 53
26 145 53
26 146 19
27 37 74
27 38 2
27 44 6
27 46 70
27 47 91
27 49 51
27 56 38
27 58 42
27 59 97
27 60 90
27 61 64
27 64 55
27 65 6
27 69 34
27 72 58
27 74 29
27 75 14
27 79 88
27 80 86
27 81 99
27 83 48
27 86 76
27 89 49
27 91 91
27 92 99
27 96 75
27 97 13
27 99 28
27 100 55
27 103 62
27 106 15
27 111 20
27 114 16
27 116 18
27 120 76
27 122 45
27 124 71
27 129 20
27 130 30
27 133 14
27 135 37
27 137 19
27 139 64
27 140 26
27 141 39
27 142 95
27 143 73
27 147 91
28 37 100
28 38 63
28 39 45
28 40 6
28 42 48
28 45 36
28 47 67
28 50 64
28 51 45
28 53 28
28 54 52
28 56 48
28 61 2
28 62 60
28 65 100
28 69 49
28 70 41
28 74 36
28 78 71
28 80 82
28 81 71
28 84 23
28 88 36
28 96 12
28 97 61
28 98 100
28 99 59
28 101 37
28 113 84
28 114 55
28 115 68
28 118 25
28 122 14
28 124 31
28 130 50
28 133 87
28 134 29
28 136 27
28 143 23
28 147 12
28 148 6
28 149 99
29 42 30
29 43 78
29 45 29
29 50 58
29 53 59
29 72 23
29 74 36
29 75 86
29 83 80
29 84 43
29 85 81
29 87 44
29 88 3
29 90 65
29 91 23
29 92 84
29 95 25
29 98 94
29 99 18
29 101 90
29 102 22
29 104 68
29 105 52
29 110 93
29 113 98
29 116 95
29 117 73
29 118 21
29 119 3
29 124 70
29 126 75
29 127 74
29 128 77
29 129 20
29 130 65
29 134 51
29 136 65
29 140 27
29 143 99
29 145 95
29 146 98
29 148 87
29 149 84
29 150 27
30 31 21
30 32 57
30 33 100
30 34 35
30 35 57
30 36 27
30 40 86
30 44 2
30 45 70
30 46 88
30 49 94
30 51 32
30 58 16
30 59 33
30 60 46
30 62 11
30 63 63
30 64 79
30 65 43
30 67 29
30 68 21
30 69 57
30 72 5
30 76 55
30 80 3
30 83 13
30 84 42
30 85 23
30 87 89
30 91 79
30 92 11
30 93 3
30 97 26
30 98 33
30 99 65
30 100 69
30 101 1
30 103 3
30 104 46
30 105 25
30 110 52
30 112 31
30 113 72
30 114 43
30 115 4
30 116 28
30 117 24
30 123 13
30 125 21
30 132 96
30 133 22
30 134 89
30 135 72
30 138 90
30 142 13
30 147 50
30 150 62
31 35 88
31 41 31
31 44 77
31 53 83
31 54 98
31 57 22
31 58 92
31 62 65
31 64 67
31 65 32
31 67 17
31 68 8
31 70 60
31 76 43
31 79 12
31 80 93
31 82 36
31 83 66
31 86 90
31 91 45
31 92 47
31 95 72
31 98 79
31 103 96
31 104 77
31 105 54
31 106 54
31 111 81
31 112 74
31 114 52
31 117 8
31 118 88
31 121 79
31 122 12
31 123 77
31 128 79
31 130 92
31 134 40
31 135 91
31 146 65
31 147 83
32 33 3
32 34 68
32 37 47
32 38 29
32 41 74
32 42 69
32 45 6
32 47 42
32 48 24
32 50 45
32 51 59
32 54 87
32 56 29
32 57 10
32 60 17
32 63 47
32 66 11
32 67 91
32 70 41
32 71 67
32 74 29
32 77 10
32 78 71
32 83 68
32 92 85
32 94 46
32 95 4
32 96 2
32 98 64
32 99 52
32 107 38
32 109 30
32 111 23
32 113 36
32 115 32
32 116 45
32 117 30
32 119 88
32 120 23
32 121 38
32 127 17
32 128 84
32 133 90
32 137 56
32 138 2
32 140 96
32 147 24
32 148 45
32 150 26
33 35 61
33 36 43
33 37 73
33 38 13
33 41 42
33 47 20
33 49 14
33 50 83
33 51 23
33 54 40
33 55 99
33 59 51
33 63 33
33 64 31
33 67 51
33 71 91
33 76 53
33 77 71
33 81 33
33 82 11
33 85 46
33 92 76
33 95 11
33 102 44
33 105 40
33 107 14
33 109 37
33 111 62
33 112 69
33 114 29
33 121 39
33 124 1
33 126 94
33 127 7
33 129 46
33 135 21
33 136 73
33 137 59
33 138 75
33 140 44
33 143 16
33 148 38
34 39 46
34 40 16
34 42 8
34 45 57
34 47 8
34 49 98
34 51 42
34 53 59
34 54 91
34 60 40
34 61 1
34 62 94
34 65 52
34 68 87
34 69 77
34 70 29
34 71 39
34 73 87
34 77 79
34 79 11
34 82 98
34 83 97
34 86 15
34 87 14
34 88 13
34 89 1
34 91 54
34 97 13
34 98 98
34 102 55
34 103 4
34 104 27
34 105 12
34 108 66
34 111 37
34 112 20
34 115 89
34 118 73
34 119 38
34 123 58
34 125 96
34 126 38
34 128 8
34 129 94
34 138 29
34 141 70
34 142 18
34 145 95
34 146 29
34 147 77
34 148 78
35 39 53
35 40 6
35 42 29
35 44 90
35 46 25
35 47 97
35 49 66
35 52 78
35 53 45
35 55 24
35 56 97
35 61 39
35 62 73
35 67 26
35 68 44
35 69 97
35 71 95
35 72 45
35 74 25
35 80 86
35 81 91
35 82 62
35 83 91
35 86 36
35 87 54
35 92 20
35 94 83
35 95 42
35 98 23
35 99 33
35 100 12
35 101 58
35 102 52
35 105 8
35 106 32
35 114 15
35 115 41
35 116 73
35 117 41
35 121 56
35 122 44
35 123 83
35 125 20
35 127 100
35 130 10
35 135 100
35 136 85
35 137 25
35 138 72
35 140 43
35 145 33
35 146 32
35 149 55
35 150 68
36 37 78
36 39 3
36 40 48
36 42 33
36 43 20
36 44 73
36 47 16
36 48 82
36 49 87
36 60 49
36 62 32
36 64 16
36 65 32
36 68 19
36 74 3
36 75 28
36 78 60
36 80 11
36 85 71
36 86 68
36 87 85
36 89 27
36 90 35
36 95 41
36 96 87
36 99 59
36 101 24
36 105 6
36 111 12
36 112 100
36 121 60
36 123 34
36 127 53
36 129 60
36 130 9
36 133 76
36 134 20
36 135 12
36 136 79
36 137 32
36 139 18
36 142 43
36 149 77
36 150 80
37 38 82
37 40 11
37 41 98
37 42 31
37 43 16
37 44 6
37 45 74
37 46 80
37 50 91
37 54 35
37 56 48
37 60 98
37 64 97
37 65 32
37 69 89
37 73 33
37 80 6
37 82 41
37 83 5
37 85 20
37 92 20
37 95 79
37 97 5
37 100 42
37 101 41
37 102 5
37 104 43
37 106 91
37 108 40
37 110 54
37 112 14
37 113 89
37 115 6
37 118 29
37 120 25
37 121 19
37 122 31
37 127 80
37 128 29
37 130 96
37 131 45
37 132 39
37 134 54
37 137 49
37 138 52
37 145 30
37 148 12
37 150 48
38 39 57
38 41 73
38 44 88
38 45 55
38 47 64
38 50 58
38 51 13
38 52 92
38 56 42
38 66 38
38 70 56
38 72 76
38 74 46
38 76 27
38 81 39
38 82 61
38 86 99
38 87 9
38 90 20
38 97 33
38 107 57
38 109 25
38 116 74
38 127 50
38 134 64
38 135 11
38 137 5
38 139 12
38 140 100
38 143 84
38 144 65
38 147 75
38 148 80
38 149 37
39 42 46
39 43 27
39 49 55
39 52 92
39 60 44
39 62 21
39 66 39
39 67 13
39 69 19
39 70 13
39 73 41
39 74 87
39 79 21
39 80 44
39 83 12
39 86 16
39 87 24
39 92 35
39 93 2
39 101 97
39 102 33
39 103 86
39 104 92
39 105 47
39 107 16
39 109 90
39 111 27
39 112 93
39 116 14
39 121 93
39 127 7
39 130 38
39 134 59
39 135 74
39 136 41
39 140 27
39 141 100
39 147 86
39 148 20
40 44 28
40 46 96
40 49 80
40 52 38
40 57 16
40 58 21
40 62 82
40 63 82
40 64 36
40 65 98
40 66 85
40 67 16
40 71 4
40 73 6
40 77 78
40 79 31
40 82 16
40 83 76
40 88 29
40 89 40
40 90 17
40 97 4
40 98 96
40 99 75
40 100 31
40 111 95
40 112 28
40 113 6
40 115 52
40 116 88
40 119 49
40 123 58
40 127 45
40 128 57
40 132 47
40 133 72
40 134 63
40 138 92
40 139 79
40 140 77
40 145 63
40 147 45
41 42 30
41 43 61
41 44 14
41 53 72
41 54 59
41 56 54
41 58 85
41 59 78
41 63 40
41 64 49
41 66 51
41 67 9
41 72 23
41 75 75
41 76 94
41 77 70
41 78 85
41 82 88
41 83 36
41 84 54
41 87 44
41 88 6
41 89 2
41 92 45
41 94 25
41 99 66
41 104 15
41 105 80
41 109 92
41 114 56
41 120 23
41 121 4
41 122 46
41 124 18
41 125 63
41 127 1
41 129 92
41 131 20
41 132 25
41 135 61
41 140 29
41 143 16
41 147 5
42 47 63
42 50 40
42 51 9
42 52 73
42 53 13
42 54 40
42 58 82
42 59 1
42 60 19
42 63 33
42 67 87
42 71 62
42 72 91
42 75 36
42 77 66
42 82 30
42 83 79
42 85 16
42 86 12
42 92 63
42 94 58
42 95 44
42 99 92
42 100 80
42 101 15
42 103 100
42 106 100
42 110 44
42 112 35
42 118 73
42 119 78
42 120 46
42 121 72
42 122 77
42 124 100
42 126 76
42 130 65
42 131 75
42 135 83
42 137 27
42 145 22
43 44 78
43 48 57
43 52 59
43 54 11
43 57 57
43 59 95
43 62 3
43 63 78
43 69 87
43 72 70
43 74 53
43 76 33
43 78 77
43 81 89
43 87 15
43 90 74
43 96 75
43 101 79
43 106 3
43 107 66
43 109 28
43 114 74
43 115 99
43 119 53
43 123 43
43 124 45
43 127 82
43 128 26
43 135 51
43 138 96
43 141 15
43 146 63
43 147 29
44 52 99
44 53 19
44 56 78
44 58 46
44 60 16
44 62 22
44 67 7
44 69 78
44 72 50
44 74 49
44 75 84
44 77 4
44 83 25
44 84 30
44 85 60
44 87 31
44 88 4
44 90 10
44 91 3
44 92 18
44 96 24
44 98 58
44 99 87
44 100 14
44 101 85
44 104 59
44 105 97
44 109 63
44 111 9
44 118 65
44 121 94
44 135 77
44 142 50
44 145 43
44 150 73
45 49 35
45 57 66
45 62 12
45 67 80
45 73 80
45 78 63
45 80 26
45 91 32
45 95 94
45 98 52
45 99 26
45 100 57
45 105 31
45 108 41
45 109 30
45 110 28
45 115 18
45 118 65
45 122 33
45 131 35
45 132 2
45 136 42
45 137 12
45 138 74
45 140 88
45 141 11
45 143 25
45 144 35
45 150 4
46 47 63
46 50 68
46 54 90
46 55 43
46 56 81
46 58 81
46 59 78
46 60 21
46 61 64
46 63 98
46 70 48
46 72 12
46 75 35
46 76 3
46 78 28
46 79 97
46 82 81
46 85 96
46 86 7
46 87 5
46 90 84
46 98 31
46 102 7
46 104 70
46 105 25
46 106 80
46 108 54
46 113 99
46 121 72
46 122 27
46 128 75
46 130 89
46 132 34
46 134 14
46 135 15
46 139 54
46 143 72
46 144 66
46 146 15
46 148 63
46 150 85
47 48 90
47 54 33
47 55 73
47 56 21
47 60 26
47 64 42
47 66 37
47 69 6
47 70 6
47 71 18
47 78 45
47 79 37
47 80 66
47 81 53
47 84 23
47 86 81
47 92 88
47 95 66
47 99 39
47 100 64
47 101 50
47 103 51
47 106 48
47 111 94
47 112 46
47 114 63
47 115 66
47 116 38
47 118 27
47 120 26
47 122 71
47 123 67
47 124 8
47 130 58
47 131 18
47 134 67
47 137 89
47 140 11
47 149 82
48 53 5
48 57 23
48 63 32
48 66 47
48 68 9
48 70 92
48 71 99
48 72 25
48 77 15
48 84 100
48 85 58
48 86 36
48 88 10
48 89 55
48 93 99
48 95 1
48 97 54
48 100 72
48 103 41
48 105 45
48 106 85
48 107 67
48 112 38
48 116 88
48 117 96
48 118 93
48 119 51
48 122 48
48 123 70
48 124 22
48 126 60
48 133 16
48 137 49
48 141 96
48 142 63
48 144 50
48 145 40
48 146 58
48 147 71
49 51 65
49 52 79
49 53 77
49 54 49
49 59 28
49 60 70
49 62 37
49 66 40
49 69 24
49 70 52
49 71 61
49 73 39
49 81 78
49 82 38
49 83 8
49 84 24
49 86 2
49 87 14
49 88 10
49 90 61
49 94 15
49 100 96
49 101 36
49 104 55
49 105 21
49 115 88
49 117 28
49 123 27
49 128 69
49 130 2
49 138 48
49 140 84
49 141 81
49 142 56
49 144 73
49 145 27
49 146 30
49 147 24
49 148 6
49 149 34
49 150 81
50 53 43
50 56 21
50 59 9
50 60 12
50 63 22
50 70 16
50 73 25
50 74 55
50 75 80
50 83 9
50 84 28
50 86 20
50 87 42
50 89 1
50 94 74
50 97 6
50 98 86
50 102 19
50 103 66
50 104 43
50 107 94
50 108 31
50 110 65
50 114 58
50 117 84
50 120 39
50 121 28
50 122 43
50 123 80
50 127 95
50 128 19
50 131 40
50 132 43
50 133 35
50 134 84
50 135 56
50 136 69
50 137 83
50 142 18
50 145 69
50 149 94
51 52 96
51 54 50
51 55 94
51 58 62
51 62 26
51 63 19
51 65 75
51 66 27
51 68 32
51 69 14
51 73 37
51 76 36
51 77 55
51 80 60
51 82 17
51 83 26
51 88 78
51 91 72
51 94 90
51 95 14
51 96 41
51 98 25
51 102 31
51 105 86
51 106 43
51 107 50
51 108 48
51 110 36
51 113 24
51 115 73
51 118 45
51 124 77
51 128 42
51 129 23
51 130 20
51 134 64
51 137 85
51 142 35
51 147 3
52 56 59
52 58 62
52 59 81
52 60 50
52 63 51
52 65 76
52 67 64
52 70 27
52 73 31
52 81 57
52 82 48
52 83 27
52 84 9
52 86 81
52 91 68
52 92 85
52 94 14
52 95 38
52 96 12
52 101 64
52 107 27
52 111 47
52 112 72
52 113 56
52 115 75
52 118 10
52 119 14
52 122 15
52 126 11
52 128 61
52 129 42
52 133 97
52 137 43
52 143 94
52 144 55
52 145 80
52 146 83
53 56 83
53 57 83
53 59 68
53 66 72
53 69 48
53 70 45
53 72 22
53 73 6
53 76 10
53 77 56
53 80 72
53 84 39
53 90 34
53 91 72
53 93 58
53 96 72
53 98 64
53 100 97
53 103 22
53 105 64
53 107 79
53 112 18
53 114 46
53 115 39
53 118 30
53 121 12
53 125 90
53 127 89
53 129 40
53 130 25
53 134 58
53 135 31
53 136 23
53 141 27
53 143 50
53 146 62
53 147 76
53 148 99
53 149 9
53 150 54
54 58 82
54 62 45
54 65 80
54 67 69
54 68 76
54 70 51
54 72 73
54 73 34
54 76 69
54 78 66
54 79 36
54 82 37
54 85 5
54 87 71
54 92 57
54 93 57
54 94 78
54 98 19
54 101 6
54 102 83
54 106 64
54 108 53
54 109 97
54 114 68
54 116 33
54 117 10
54 118 64
54 121 67
54 122 23
54 123 91
54 124 89
54 128 54
54 130 77
54 134 24
54 135 63
54 139 89
54 145 77
54 146 100
54 149 70
54 150 39
55 57 77
55 58 87
55 59 93
55 63 90
55 67 39
55 68 19
55 71 47
55 72 2
55 75 60
55 76 94
55 77 13
55 83 99
55 84 90
55 88 58
55 90 13
55 93 7
55 95 39
55 99 98
55 102 32
55 110 31
55 112 100
55 114 60
55 115 73
55 116 99
55 119 17
55 120 45
55 125 59
55 126 79
55 130 25
55 132 63
55 133 62
55 135 70
55 136 36
55 139 67
55 140 76
55 141 18
55 146 34
55 148 28
55 149 69
55 150 50
56 57 42
56 60 23
56 66 4
56 73 52
56 74 65
56 76 34
56 77 44
56 80 34
56 81 66
56 82 81
56 83 6
56 86 75
56 87 19
56 89 35
56 93 29
56 94 49
56 96 63
56 97 90
56 100 12
56 102 79
56 103 27
56 106 20
56 107 68
56 109 6
56 114 45
56 115 55
56 119 1
56 121 79
56 123 52
56 128 70
56 129 88
56 130 51
56 132 75
56 134 93
56 135 36
56 136 13
56 137 81
56 138 70
56 140 76
56 141 96
56 142 28
56 143 19
56 144 91
56 145 2
56 147 14
56 150 40
57 58 68
57 59 10
57 60 25
57 61 55
57 63 16
57 66 19
57 67 18
57 70 16
57 72 24
57 75 26
57 76 75
57 79 78
57 82 22
57 87 53
57 94 46
57 96 100
57 99 78
57 100 4
57 101 67
57 114 62
57 115 62
57 116 61
57 117 94
57 118 71
57 120 1
57 121 86
57 124 72
57 127 14
57 129 47
57 132 39
57 134 38
57 138 59
57 141 70
57 142 64
57 143 44
57 146 3
57 147 81
57 148 52
58 60 10
58 62 76
58 63 99
58 65 99
58 66 74
58 68 61
58 69 7
58 71 20
58 75 34
58 77 94
58 78 86
58 85 74
58 88 39
58 93 98
58 94 12
58 96 91
58 97 29
58 98 12
58 102 8
58 106 15
58 112 31
58 113 43
58 115 63
58 116 5
58 117 87
58 120 85
58 121 55
58 128 26
58 130 66
58 135 45
58 136 30
58 137 28
58 142 98
58 144 79
59 60 46
59 74 79
59 79 36
59 81 35
59 82 62
59 84 53
59 85 19
59 87 97
59 88 77
59 89 79
59 92 98
59 94 21
59 96 45
59 97 37
59 102 65
59 105 84
59 106 24
59 107 73
59 108 96
59 109 26
59 114 21
59 115 6
59 116 57
59 117 82
59 119 67
59 122 30
59 127 4
59 130 92
59 131 57
59 132 50
59 135 26
59 136 70
59 137 9
59 141 38
59 143 93
59 144 15
59 146 22
59 150 50
60 63 2
60 64 35
60 65 4
60 67 56
60 68 77
60 69 3
60 70 57
60 72 60
60 75 91
60 80 85
60 82 94
60 85 9
60 86 98
60 88 66
60 89 49
60 90 72
60 96 15
60 99 45
60 101 51
60 103 63
60 106 12
60 107 41
60 108 57
60 109 30
60 111 53
60 113 62
60 117 65
60 118 28
60 120 40
60 129 90
60 131 32
60 132 77
60 133 97
60 135 1
60 136 8
60 137 24
60 140 11
60 141 24
60 144 47
60 146 34
60 149 12
60 150 54
61 62 31
61 64 25
61 68 53
61 71 22
61 72 94
61 74 49
61 77 21
61 78 3
61 82 78
61 83 41
61 85 59
61 86 51
61 87 54
61 90 87
61 95 18
61 97 33
61 101 69
61 108 62
61 111 83
61 112 24
61 114 31
61 116 33
61 118 75
61 120 30
61 121 29
61 122 97
61 124 95
61 125 30
61 126 85
61 138 15
61 139 79
61 143 51
61 149 8
61 150 86
62 64 93
62 69 96
62 71 35
62 72 22
62 76 40
62 87 5
62 91 15
62 92 53
62 93 89
62 97 59
62 100 31
62 101 86
62 105 2
62 108 99
62 109 95
62 111 67
62 113 78
62 116 61
62 120 47
62 123 63
62 124 16
62 125 19
62 127 32
62 129 54
62 134 70
62 135 8
62 136 51
62 137 57
62 138 35
62 139 63
62 142 96
62 147 16
62 148 81
62 149 9
62 150 29
63 70 75
63 72 91
63 73 5
63 74 34
63 77 8
63 78 85
63 81 76
63 82 37
63 83 100
63 85 19
63 86 61
63 94 64
63 98 49
63 100 62
63 104 11
63 107 66
63 108 36
63 109 100
63 120 73
63 122 61
63 125 42
63 131 52
63 133 30
63 138 60
63 142 9
63 148 33
64 70 77
64 71 88
64 72 49
64 78 2
64 87 55
64 91 58
64 93 76
64 94 86
64 102 1
64 106 86
64 109 78
64 111 11
64 112 53
64 113 60
64 114 12
64 116 84
64 117 83
64 118 53
64 122 47
64 132 56
64 133 78
64 135 48
64 136 63
64 139 1
64 143 91
65 66 96
65 71 95
65 73 76
65 76 65
65 77 23
65 80 84
65 84 38
65 86 13
65 88 85
65 90 100
65 92 18
65 95 100
65 97 79
65 99 1
65 101 87
65 103 61
65 105 9
65 107 1
65 109 87
65 115 29
65 119 30
65 121 65
65 123 22
65 126 25
65 128 57
65 134 12
65 135 30
65 137 75
65 138 53
65 139 17
65 141 78
65 142 100
65 145 77
65 146 62
66 67 20
66 70 38
66 73 13
66 75 67
66 76 65
66 77 10
66 81 44
66 84 12
66 89 99
66 96 55
66 98 70
66 101 89
66 102 67
66 105 88
66 106 69
66 107 59
66 114 50
66 115 87
66 116 9
66 122 66
66 123 79
66 125 64
66 126 29
66 131 16
66 133 19
66 135 41
66 136 97
66 137 43
66 140 25
66 143 12
66 147 22
67 69 95
67 70 37
67 71 46
67 72 85
67 76 65
67 78 81
67 80 30
67 82 19
67 83 37
67 94 71
67 95 6
67 96 22
67 97 36
67 98 91
67 99 24
67 100 7
67 101 17
67 102 37
67 105 16
67 111 11
67 112 97
67 113 67
67 114 71
67 115 75
67 117 34
67 120 85
67 124 75
67 126 85
67 128 59
67 129 70
67 130 37
67 133 87
67 136 82
67 137 22
67 139 94
67 141 19
67 142 87
67 148 87
68 70 55
68 73 48
68 74 43
68 76 16
68 78 20
68 81 40
68 82 64
68 83 60
68 86 96
68 92 96
68 97 22
68 98 93
68 100 4
68 102 54
68 108 98
68 112 11
68 113 44
68 116 24
68 120 74
68 124 61
68 126 44
68 129 59
68 130 2
68 131 89
68 134 30
68 136 26
68 138 23
68 140 8
68 141 17
68 143 4
68 147 76
68 149 63
69 70 24
69 75 69
69 76 35
69 78 34
69 80 20
69 84 84
69 85 70
69 87 68
69 88 14
69 90 53
69 91 86
69 92 49
69 93 9
69 95 2
69 96 67
69 99 10
69 100 12
69 101 61
69 104 41
69 107 97
69 112 24
69 114 26
69 119 16
69 122 30
69 123 86
69 126 64
69 128 41
69 129 42
69 132 12
69 135 1
69 136 48
69 138 31
69 140 70
69 141 58
69 144 48
69 145 71
69 146 29
69 147 37
69 149 14
69 150 35
70 72 99
70 74 91
70 75 72
70 76 76
70 78 18
70 80 58
70 85 19
70 89 8
70 90 27
70 92 43
70 95 40
70 100 27
70 101 16
70 103 90
70 104 60
70 105 29
70 106 54
70 107 25
70 111 63
70 119 65
70 120 95
70 133 23
70 134 95
70 139 100
70 142 75
70 147 45
71 73 77
71 75 95
71 77 27
71 78 3
71 80 87
71 85 53
71 89 82
71 92 41
71 95 84
71 100 27
71 101 1
71 103 99
71 104 20
71 105 71
71 107 65
71 109 25
71 111 91
71 115 90
71 120 89
71 121 94
71 122 63
71 132 94
71 134 95
71 135 45
71 137 75
71 138 12
71 140 6
71 143 81
71 144 30
71 146 33
71 147 99
71 149 91
72 74 1
72 76 56
72 80 21
72 86 18
72 89 61
72 90 54
72 93 98
72 96 99
72 99 60
72 101 30
72 104 89
72 105 75
72 107 58
72 108 57
72 111 90
72 114 6
72 116 89
72 117 81
72 118 89
72 127 36
72 129 2
72 132 80
72 133 25
72 141 95
72 142 99
72 144 49
72 145 96
73 74 45
73 84 46
73 88 100
73 97 32
73 103 91
73 105 44
73 106 24
73 108 18
73 113 76
73 115 62
73 118 25
73 119 61
73 121 89
73 123 78
73 124 86
73 125 66
73 127 46
73 128 72
73 133 68
73 134 8
73 135 84
73 140 24
73 145 32
73 146 72
73 147 91
73 148 43
73 149 68
73 150 16
74 76 4
74 80 40
74 83 93
74 86 49
74 91 89
74 92 71
74 97 3
74 100 59
74 104 73
74 105 20
74 109 3
74 110 25
74 113 30
74 115 49
74 116 56
74 117 4
74 119 49
74 120 66
74 121 65
74 123 91
74 125 94
74 128 83
74 130 35
74 132 1
74 133 69
74 135 70
74 137 77
74 139 22
74 146 60
74 147 92
74 150 74
75 80 60
75 82 12
75 86 56
75 88 37
75 91 81
75 98 9
75 103 78
75 104 91
75 106 79
75 108 22
75 109 100
75 112 51
75 114 75
75 118 65
75 120 22
75 127 39
75 128 85
75 137 63
75 142 48
75 143 10
75 147 69
75 149 13
76 80 35
76 81 50
76 82 38
76 85 16
76 93 36
76 94 100
76 95 88
76 96 48
76 98 39
76 99 15
76 101 42
76 103 81
76 106 72
76 108 37
76 109 96
76 114 32
76 116 65
76 121 4
76 122 97
76 123 19
76 125 56
76 126 18
76 129 62
76 132 36
76 134 16
76 135 59
76 137 92
76 138 34
76 141 95
76 143 43
76 144 17
76 146 31
76 147 28
76 148 65
76 149 21
77 78 59
77 79 67
77 82 36
77 84 39
77 88 37
77 89 49
77 92 91
77 93 73
77 99 91
77 101 30
77 102 59
77 103 46
77 108 48
77 109 57
77 110 54
77 111 20
77 114 57
77 116 4
77 119 7
77 120 82
77 121 26
77 122 33
77 127 12
77 130 87
77 132 90
77 136 56
77 137 78
77 139 59
77 141 58
77 148 20
77 149 36
78 82 36
78 83 53
78 85 18
78 89 74
78 94 59
78 95 77
78 97 44
78 99 68
78 101 93
78 102 56
78 103 13
78 104 91
78 106 51
78 107 76
78 108 18
78 110 32
78 117 65
78 123 62
78 124 12
78 129 15
78 130 14
78 131 13
78 133 4
78 135 64
78 136 55
78 137 59
78 144 75
78 145 62
78 147 71
78 150 17
79 80 46
79 81 80
79 83 11
79 85 76
79 86 96
79 90 2
79 102 85
79 106 66
79 108 36
79 113 55
79 120 2
79 126 83
79 129 62
79 134 30
79 135 3
79 139 36
79 140 3
79 141 99
79 142 35
79 144 99
79 147 10
79 148 19
79 149 71
80 83 38
80 85 36
80 86 33
80 87 52
80 88 20
80 90 1
80 91 79
80 96 16
80 97 80
80 98 49
80 99 18
80 100 83
80 101 33
80 103 43
80 104 95
80 106 29
80 107 61
80 108 90
80 111 86
80 113 34
80 115 44
80 116 68
80 117 65
80 118 61
80 123 90
80 125 56
80 127 5
80 129 18
80 130 22
80 131 66
80 134 66
80 136 92
80 143 82
81 82 1
81 86 87
81 91 79
81 92 7
81 93 8
81 95 87
81 96 15
81 97 31
81 105 34
81 107 6
81 110 68
81 111 35
81 116 23
81 118 54
81 119 44
81 121 72
81 123 97
81 125 12
81 127 9
81 130 38
81 132 72
81 133 36
81 134 53
81 136 77
81 138 46
81 139 71
81 140 51
81 143 57
81 147 10
81 148 32
81 149 63
82 83 38
82 89 21
82 92 41
82 94 55
82 96 31
82 103 43
82 104 55
82 107 20
82 108 15
82 109 54
82 111 32
82 113 9
82 118 25
82 120 24
82 125 99
82 126 66
82 128 93
82 129 52
82 130 46
82 131 85
82 132 82
82 133 44
82 134 57
82 138 77
82 142 87
82 145 59
82 149 69
83 91 88
83 92 5
83 93 1
83 94 83
83 95 39
83 96 31
83 97 29
83 98 27
83 104 18
83 105 26
83 106 79
83 107 12
83 111 100
83 113 67
83 115 28
83 122 11
83 125 20
83 132 19
83 136 48
83 137 4
83 139 4
83 141 68
83 143 6
83 144 79
83 148 53
84 87 48
84 88 59
84 92 14
84 93 86
84 95 74
84 97 93
84 99 2
84 100 37
84 101 62
84 102 52
84 108 12
84 109 96
84 111 59
84 112 41
84 115 57
84 124 36
84 126 42
84 128 87
84 130 20
84 131 99
84 132 34
84 134 39
84 141 69
84 147 68
84 148 32
85 87 34
85 93 38
85 94 41
85 95 19
85 96 86
85 105 39
85 107 81
85 108 73
85 110 93
85 121 7
85 122 79
85 123 2
85 126 39
85 128 12
85 130 62
85 131 51
85 132 50
85 134 79
85 135 31
85 138 49
85 139 85
85 141 79
85 142 18
85 144 84
85 149 6
86 88 65
86 89 70
86 91 16
86 95 16
86 99 68
86 100 62
86 102 36
86 104 32
86 106 37
86 107 60
86 110 91
86 111 83
86 112 2
86 115 35
86 116 60
86 117 36
86 120 64
86 126 35
86 133 17
86 134 18
86 135 33
86 136 37
86 140 8
86 141 74
86 143 95
86 147 85
86 150 29
87 89 66
87 94 25
87 105 100
87 108 55
87 115 91
87 119 82
87 120 27
87 122 72
87 124 14
87 125 100
87 128 33
87 131 21
87 132 34
87 133 92
87 136 16
87 147 19
88 92 24
88 93 54
88 100 10
88 102 82
88 103 42
88 104 94
88 105 86
88 106 95
88 107 93
88 108 2
88 110 100
88 111 17
88 112 97
88 113 32
88 115 66
88 117 97
88 119 57
88 120 67
88 121 57
88 122 55
88 123 62
88 126 35
88 129 68
88 132 86
88 136 25
88 138 30
88 140 56
88 142 85
88 146 27
88 149 90
88 150 55
89 90 13
89 91 82
89 92 66
89 96 6
89 98 45
89 99 84
89 103 9
89 107 74
89 108 98
89 109 76
89 113 56
89 114 91
89 115 24
89 116 74
89 117 35
89 119 7
89 120 50
89 121 39
89 123 38
89 126 65
89 129 14
89 132 73
89 133 68
89 135 28
89 137 76
89 138 33
89 139 79
89 141 26
89 142 65
89 144 36
89 145 24
89 147 7
90 95 47
90 96 77
90 98 20
90 99 42
90 109 91
90 111 56
90 117 41
90 118 64
90 119 61
90 123 36
90 124 65
90 127 73
90 129 97
90 130 1
90 132 6
90 133 13
90 135 89
90 136 62
90 137 61
90 138 27
90 139 50
90 140 65
90 141 5
90 142 13
90 143 96
90 144 3
90 148 13
91 95 93
91 96 83
91 97 37
91 100 36
91 101 53
91 103 3
91 104 81
91 105 27
91 106 71
91 107 75
91 108 32
91 110 13
91 111 34
91 112 44
91 114 41
91 116 83
91 118 30
91 120 51
91 123 69
91 124 62
91 125 56
91 131 65
91 134 44
91 137 75
91 140 74
91 141 69
91 142 77
91 143 49
91 147 23
91 148 79
91 149 18
92 93 52
92 97 9
92 98 73
92 102 52
92 104 5
92 112 3
92 116 53
92 119 100
92 120 22
92 121 21
92 123 3
92 126 85
92 127 97
92 133 74
92 135 94
93 96 61
93 97 45
93 99 22
93 100 77
93 102 8
93 103 9
93 107 96
93 109 44
93 111 57
93 114 93
93 116 62
93 117 28
93 118 19
93 121 24
93 125 17
93 127 55
93 128 11
93 131 77
93 133 73
93 134 38
93 135 47
93 136 66
93 140 69
93 144 100
93 146 57
94 97 88
94 98 80
94 99 60
94 103 65
94 104 80
94 106 56
94 110 62
94 116 97
94 119 98
94 123 79
94 126 74
94 131 77
94 135 72
94 137 40
94 144 43
94 148 39
94 149 76
95 98 14
95 101 32
95 103 83
95 108 54
95 111 61
95 113 59
95 114 92
95 115 22
95 127 58
95 129 41
95 130 97
95 132 60
95 133 98
95 134 75
95 135 29
95 136 26
95 138 49
95 139 39
95 141 53
95 145 14
95 150 2
96 101 6
96 102 58
96 103 48
96 108 2
96 111 5
96 112 79
96 116 6
96 121 60
96 125 7
96 131 78
96 135 76
96 138 2
96 140 9
96 141 56
96 144 36
96 146 59
96 147 94
96 148 87
97 99 42
97 103 18
97 105 100
97 110 3
97 113 78
97 114 8
97 115 73
97 116 45
97 118 3
97 119 59
97 121 68
97 123 43
97 125 3
97 128 72
97 130 58
97 141 68
97 142 38
97 144 9
97 145 89
97 147 1
97 149 94
98 99 76
98 100 54
98 107 2
98 109 17
98 110 84
98 116 31
98 118 9
98 122 4
98 123 78
98 126 100
98 128 18
98 133 4
98 135 35
98 139 18
98 140 5
98 145 98
98 147 95
98 149 18
99 101 68
99 108 52
99 110 9
99 114 8
99 115 98
99 123 97
99 124 30
99 128 61
99 129 25
99 130 3
99 131 31
99 132 88
99 134 62
99 144 98
99 145 49
99 146 68
99 148 8
99 150 4
100 105 82
100 106 43
100 108 24
100 109 23
100 112 19
100 115 89
100 118 89
100 119 61
100 120 10
100 125 92
100 126 67
100 127 97
100 129 74
100 138 30
100 141 21
100 142 64
100 143 33
100 149 48
101 105 20
101 106 68
101 109 56
101 110 90
101 111 64
101 114 36
101 116 1
101 117 57
101 118 69
101 119 74
101 122 59
101 125 71
101 127 39
101 133 57
101 134 8
101 136 32
101 137 78
101 138 23
101 139 3
101 140 58
101 144 30
101 146 20
101 150 28
102 105 24
102 107 5
102 117 90
102 119 78
102 124 20
102 129 80
102 130 69
102 132 53
102 135 62
102 136 24
102 137 18
102 138 42
102 141 51
102 144 90
102 145 25
102 148 50
103 104 8
103 105 94
103 108 67
103 109 34
103 111 23
103 114 30
103 115 16
103 123 87
103 130 30
103 132 85
103 138 46
103 142 27
103 143 97
103 146 44
103 147 92
103 148 12
104 105 10
104 109 56
104 111 75
104 112 76
104 113 12
104 114 33
104 115 19
104 118 58
104 121 83
104 124 69
104 130 45
104 131 49
104 133 58
104 134 90
104 139 2
104 140 60
104 142 71
104 146 38
104 147 25
104 148 33
104 149 66
105 106 8
105 107 25
105 108 13
105 110 68
105 113 93
105 114 21
105 115 15
105 118 88
105 119 85
105 120 40
105 121 14
105 122 64
105 125 59
105 126 19
105 127 33
105 130 4
105 132 84
105 133 81
105 137 88
105 139 39
105 141 9
105 145 39
105 146 97
105 150 45
106 116 30
106 121 95
106 122 19
106 126 82
106 127 37
106 130 48
106 131 39
106 133 58
106 137 41
106 141 92
106 144 4
106 145 34
106 148 11
106 149 89
107 109 74
107 115 43
107 119 20
107 121 50
107 122 60
107 123 2
107 124 55
107 134 37
107 135 43
107 136 80
107 141 59
107 142 62
107 146 88
107 148 33
107 149 25
108 111 87
108 112 88
108 113 77
108 116 55
108 119 19
108 121 99
108 123 31
108 125 20
108 132 48
108 133 37
108 135 39
108 136 56
108 138 78
108 141 97
108 145 41
108 146 3
108 147 95
108 148 66
109 110 41
109 115 34
109 116 37
109 117 91
109 119 73
109 120 92
109 126 26
109 128 15
109 134 70
109 135 36
109 136 92
109 137 21
109 138 17
109 141 18
110 111 40
110 112 79
110 115 28
110 116 8
110 118 37
110 119 88
110 121 21
110 123 92
110 125 80
110 130 20
110 139 42
110 141 22
110 144 60
110 145 12
110 146 70
110 147 35
110 149 5
111 113 2
111 116 19
111 118 35
111 119 45
111 123 94
111 126 5
111 128 96
111 129 7
111 130 22
111 135 49
111 136 40
111 138 83
111 139 83
111 140 66
111 142 99
111 144 24
111 146 27
111 147 70
111 148 40
111 150 36
112 114 53
112 115 96
112 120 40
112 121 96
112 122 44
112 128 88
112 129 91
112 130 86
112 135 16
112 137 64
112 138 52
112 139 42
112 140 17
112 141 49
112 147 24
112 149 27
113 115 41
113 116 83
113 117 47
113 118 37
113 126 91
113 127 82
113 128 27
113 129 96
113 135 16
113 136 17
113 137 89
113 139 72
113 140 22
113 141 58
113 143 78
113 144 33
113 147 75
113 149 20
113 150 44
114 115 50
114 117 68
114 118 79
114 122 5
114 123 78
114 125 81
114 126 83
114 129 92
114 130 23
114 131 40
114 132 14
114 133 76
114 135 16
114 136 55
114 142 49
114 144 95
114 145 4
114 148 5
114 149 14
115 118 32
115 119 30
115 120 97
115 123 27
115 126 15
115 127 92
115 128 14
115 130 20
115 132 54
115 133 71
115 136 44
115 138 53
115 141 80
115 144 1
116 117 44
116 118 57
116 120 27
116 124 10
116 126 66
116 130 18
116 133 90
116 135 37
116 137 19
116 138 28
116 139 60
116 141 34
116 146 96
116 147 70
116 150 10
117 121 18
117 123 13
117 128 9
117 129 90
117 132 85
117 134 52
117 137 6
117 139 98
117 143 69
117 146 43
117 147 21
118 120 63
118 122 88
118 124 3
118 126 96
118 131 66
118 132 92
118 138 26
118 143 24
118 145 2
118 146 52
118 147 66
118 148 92
118 149 32
118 150 13
119 120 64
119 122 43
119 125 48
119 127 52
119 128 83
119 129 57
119 130 12
119 137 55
119 146 31
119 150 65
120 130 48
120 132 28
120 143 39
121 124 83
121 126 92
121 128 96
121 130 34
121 133 95
121 135 39
121 137 56
121 138 57
121 139 67
121 140 45
121 143 8
121 146 23
122 127 14
122 129 42
122 132 41
122 135 79
122 136 71
122 143 49
122 144 15
122 146 43
123 124 2
123 125 35
123 127 60
123 135 37
123 137 4
123 141 90
123 144 39
123 146 78
123 147 21
124 127 77
124 128 78
124 129 29
124 134 6
124 135 19
124 137 89
124 145 75
125 126 27
125 127 20
125 130 4
125 131 39
125 132 58
125 138 2
125 141 7
125 142 20
125 146 51
126 128 55
126 129 70
126 133 34
126 134 90
126 138 91
126 139 75
126 140 34
126 141 11
126 142 15
126 143 15
126 144 59
126 146 29
126 148 32
126 149 44
127 130 52
127 132 98
127 134 43
127 137 33
127 139 94
127 140 4
127 141 69
127 143 10
127 147 14
127 148 52
127 149 28
127 150 33
128 129 48
128 131 1
128 134 49
128 143 52
128 146 36
128 147 45
129 130 49
129 136 83
129 137 37
129 142 46
129 145 16
129 147 50
129 149 43
129 150 90
130 132 56
130 134 95
130 137 83
130 138 77
130 139 77
130 141 31
130 146 39
130 147 57
130 149 34
131 134 94
131 136 20
131 137 44
131 140 34
131 142 47
131 144 58
132 140 50
132 141 51
132 142 72
132 149 63
133 134 46
133 136 60
133 137 92
133 143 77
133 144 16
133 145 42
133 146 55
134 135 77
134 137 71
134 138 67
134 139 10
134 142 68
134 144 32
134 147 18
134 148 89
135 136 55
135 138 69
135 139 50
135 145 38
135 146 66
135 149 37
136 137 19
136 138 25
136 142 79
136 150 42
137 141 52
137 142 75
137 146 84
137 148 63
137 150 91
138 141 44
138 142 93
138 143 15
138 147 73
138 149 92
138 150 94
139 141 32
139 146 13
139 148 4
140 141 15
140 142 100
140 144 58
140 145 57
140 147 47
140 148 76
140 150 85
141 142 99
141 147 52
141 148 13
141 150 3
142 144 76
142 145 94
142 148 39
143 147 18
143 148 14
145 146 41
145 147 38
146 147 93
146 148 82
146 149 46
147 148 61
1 3 74
1 6 26
1 10 61
1 11 84
1 12 81
1 15 32
1 21 6
1 28 87
1 29 46
1 30 55
1 31 3
1 34 90
1 35 44
1 38 51
1 39 24
1 43 12
1 44 89
1 47 24
1 50 55
1 53 63
1 54 100
1 56 62
1 61 96
1 62 9
1 65 66
1 66 64
1 67 8
1 68 46
1 72 40
1 74 4
1 75 68
1 76 43
1 80 51
1 81 4
1 85 16
1 87 76
1 88 61
1 90 69
1 92 74
1 93 3
1 94 40
1 97 90
1 100 31
1 101 92
1 103 60
1 104 39
1 105 11
1 110 28
1 113 27
1 114 100
1 115 27
1 116 72
1 122 98
1 123 19
1 126 92
1 128 61
1 133 89
1 137 86
1 138 13
1 146 30
1 148 7
2 4 48
2 5 34
2 6 78
2 9 93
2 10 57
2 11 84
2 13 36
2 15 12
2 16 6
2 19 2
2 20 82
2 22 41
2 23 56
2 27 8
2 30 78
2 33 80
2 38 64
2 40 34
2 42 32
2 47 74
2 48 65
2 51 39
2 52 82
2 58 26
2 61 90
2 69 28
2 70 97
2 72 74
2 73 19
2 75 52
2 78 1
2 84 85
2 85 100
2 89 19
2 94 32
2 95 64
2 99 31
2 101 30
2 103 59
2 105 7
2 106 95
2 107 34
2 108 97
2 110 100
2 112 52
2 113 15
2 114 39
2 119 61
2 122 25
2 123 61
2 125 40
2 126 25
2 129 64
2 130 35
2 131 84
2 132 5
2 133 39
2 134 37
2 136 97
2 137 27
2 139 90
2 141 84
2 145 40
2 147 12
2 148 96
2 149 95
3 8 15
3 10 33
3 11 98
3 13 22
3 16 38
3 25 65
3 26 33
3 28 14
3 29 48
3 35 68
3 36 33
3 37 64
3 39 100
3 40 14
3 44 55
3 45 50
3 48 25
3 50 9
3 52 60
3 54 89
3 55 5
3 60 13
3 61 4
3 62 65
3 65 9
3 66 53
3 67 37
3 70 22
3 73 3
3 77 39
3 78 82
3 84 30
3 85 3
3 87 66
3 88 89
3 90 28
3 92 52
3 94 51
3 95 98
3 96 14
3 97 8
3 99 100
3 100 14
3 103 48
3 106 55
3 109 68
3 111 24
3 113 47
3 115 70
3 116 97
3 118 46
3 124 6
3 128 84
3 130 71
3 136 9
3 137 44
3 143 74
3 144 36
3 145 96
3 149 2
3 150 29
4 5 99
4 8 58
4 11 28
4 12 89
4 14 57
4 17 3
4 18 64
4 25 75
4 26 10
4 27 83
4 28 51
4 30 63
4 35 48
4 38 26
4 40 5
4 41 24
4 42 10
4 46 60
4 47 43
4 54 81
4 55 25
4 57 48
4 58 31
4 60 84
4 61 13
4 69 63
4 71 49
4 72 79
4 73 40
4 76 8
4 78 77
4 79 41
4 80 34
4 81 67
4 83 29
4 84 52
4 86 56
4 87 9
4 88 79
4 89 57
4 90 59
4 94 86
4 95 40
4 96 64
4 99 12
4 103 23
4 108 28
4 110 28
4 114 15
4 118 76
4 120 39
4 128 80
4 129 18
4 130 5
4 139 36
4 141 67
4 144 95
4 145 99
4 148 69
5 7 56
5 14 84
5 15 87
5 17 17
5 18 46
5 19 10
5 20 69
5 21 33
5 22 12
5 27 90
5 29 64
5 31 61
5 34 49
5 37 46
5 38 42
5 41 70
5 42 13
5 43 85
5 46 10
5 49 34
5 53 15
5 59 36
5 61 68
5 62 75
5 67 61
5 69 16
5 70 95
5 71 68
5 73 48
5 75 33
5 84 33
5 90 79
5 91 33
5 92 42
5 94 48
5 95 10
5 96 99
5 97 82
5 99 60
5 107 1
5 109 19
5 110 67
5 114 15
5 115 32
5 117 96
5 118 62
5 119 21
5 126 53
5 129 88
5 130 96
5 132 34
5 134 82
5 135 76
5 136 70
5 137 41
5 144 29
5 145 85
5 146 30
5 149 30
6 7 19
6 18 55
6 24 90
6 25 55
6 26 30
6 27 90
6 29 45
6 30 31
6 33 85
6 34 89
6 35 24
6 36 55
6 37 42
6 40 59
6 41 65
6 42 88
6 45 87
6 46 14
6 48 60
6 50 14
6 51 72
6 52 40
6 53 96
6 56 34
6 59 98
6 70 2
6 71 16
6 72 82
6 74 65
6 77 61
6 78 93
6 80 49
6 85 89
6 86 46
6 93 93
6 95 79
6 97 97
6 98 4
6 99 43
6 100 96
6 101 20
6 106 55
6 112 56
6 113 43
6 115 49
6 116 60
6 122 39
6 126 94
6 127 90
6 129 43
6 131 79
6 134 43
6 135 79
6 139 92
6 140 51
6 142 81
6 144 100
6 148 17
6 149 40
7 12 73
7 16 6
7 18 47
7 19 75
7 20 70
7 21 60
7 22 22
7 24 96
7 26 49
7 28 71
7 29 99
7 30 56
7 35 42
7 36 76
7 43 7
7 44 50
7 45 34
7 47 9
7 49 30
7 51 21
7 57 50
7 62 15
7 64 71
7 66 25
7 72 90
7 74 53
7 75 34
7 77 65
7 78 34
7 79 62
7 80 5
7 81 36
7 84 47
7 85 83
7 87 59
7 91 13
7 102 53
7 110 1
7 120 58
7 123 19
7 126 41
7 135 68
7 139 17
7 142 99
7 143 93
7 144 69
7 147 67
7 149 23
7 150 42
8 10 34
8 13 93
8 14 37
8 19 27
8 20 96
8 24 49
8 27 17
8 28 1
8 42 80
8 43 100
8 47 16
8 50 11
8 52 60
8 54 49
8 58 34
8 61 24
8 62 13
8 63 92
8 64 9
8 65 69
8 68 66
8 70 27
8 73 26
8 78 93
8 82 22
8 84 90
8 89 50
8 92 51
8 93 73
8 94 21
8 95 25
8 98 23
8 99 73
8 103 45
8 104 13
8 105 68
8 114 33
8 119 100
8 122 66
8 123 44
8 125 70
8 131 23
8 133 15
8 136 98
8 138 6
8 141 50
8 142 36
8 144 85
8 147 27
8 150 16
9 13 5
9 16 59
9 19 6
9 28 50
9 30 85
9 35 97
9 36 62
9 37 31
9 38 34
9 39 54
9 41 56
9 42 86
9 45 1
9 48 21
9 49 14
9 50 43
9 53 90
9 56 23
9 59 31
9 61 47
9 64 13
9 65 81
9 71 2
9 72 39
9 73 52
9 74 23
9 76 74
9 80 4
9 81 3
9 83 34
9 84 94
9 86 17
9 89 20
9 91 57
9 95 45
9 96 99
9 97 60
9 99 35
9 101 4
9 108 29
9 110 94
9 113 34
9 115 23
9 116 76
9 117 79
9 122 71
9 126 80
9 130 51
9 132 8
9 133 64
9 137 42
9 138 30
9 141 52
9 144 28
9 145 29
9 146 6
10 11 46
10 12 4
10 17 17
10 18 47
10 19 21
10 23 61
10 25 80
10 27 55
10 29 67
10 31 2
10 33 91
10 35 6
10 37 82
10 38 28
10 40 93
10 42 39
10 43 95
10 47 56
10 48 64
10 49 31
10 50 91
10 51 94
10 52 5
10 58 35
10 59 96
10 60 4
10 62 100
10 65 84
10 67 89
10 70 37
10 72 70
10 75 46
10 76 13
10 78 68
10 80 73
10 82 3
10 83 42
10 86 34
10 87 75
10 88 74
10 91 7
10 92 98
10 93 32
10 97 22
10 102 16
10 105 62
10 106 71
10 108 59
10 111 65
10 112 24
10 113 37
10 116 21
10 117 19
10 119 62
10 120 63
10 121 6
10 123 77
10 124 94
10 127 76
10 128 17
10 129 78
10 131 44
10 134 45
10 135 7
10 136 90
10 137 72
10 139 44
10 143 93
10 146 3
10 148 39
10 149 85
10 150 58
11 13 93
11 14 44
11 18 23
11 19 18
11 27 87
11 28 51
11 31 43
11 32 32
11 33 27
11 35 53
11 36 66
11 39 34
11 40 43
11 41 95
11 43 29
11 44 84
11 45 45
11 50 100
11 51 84
11 54 21
11 61 89
11 62 93
11 71 80
11 73 7
11 76 87
11 77 74
11 79 6
11 80 24
11 81 49
11 86 51
11 91 61
11 92 21
11 93 51
11 95 17
11 96 31
11 97 74
11 98 2
11 100 81
11 101 73
11 103 85
11 104 69
11 105 17
11 106 99
11 107 36
11 110 51
11 114 71
11 118 22
11 121 27
11 123 48
11 126 97
11 127 59
11 129 43
11 131 44
11 136 70
11 137 34
11 139 19
11 140 98
11 144 3
11 147 50
11 148 39
12 16 43
12 17 24
12 19 32
12 22 1
12 26 76
12 27 97
12 28 67
12 30 81
12 32 32
12 34 34
12 35 12
12 39 12
12 41 72
12 50 67
12 51 6
12 56 89
12 59 78
12 60 63
12 66 76
12 75 33
12 79 99
12 82 50
12 83 93
12 85 27
12 87 4
12 88 38
12 94 87
12 96 10
12 97 87
12 105 15
12 108 66
12 109 45
12 112 76
12 115 41
12 116 100
12 122 80
12 127 78
12 130 51
12 132 30
12 133 98
12 137 83
12 140 20
12 143 5
12 146 73
12 148 83
12 150 94
13 14 72
13 15 83
13 18 73
13 21 29
13 22 61
13 23 55
13 24 40
13 27 100
13 28 79
13 31 76
13 32 28
13 35 61
13 39 20
13 49 83
13 52 80
13 55 48
13 58 74
13 59 37
13 60 52
13 61 33
13 63 47
13 64 94
13 69 90
13 73 4
13 74 51
13 75 80
13 76 73
13 79 66
13 80 48
13 89 41
13 90 4
13 92 69
13 98 3
13 100 13
13 101 1
13 102 26
13 104 78
13 105 72
13 107 46
13 108 81
13 110 85
13 111 64
13 113 54
13 114 69
13 115 86
13 120 41
13 125 92
13 128 19
13 129 36
13 132 43
13 133 76
13 135 24
13 139 71
13 140 83
13 143 8
13 147 62
13 148 9
13 149 52
14 19 96
14 26 90
14 28 63
14 29 42
14 32 67
14 33 54
14 38 62
14 42 19
14 45 81
14 46 26
14 47 71
14 48 23
14 52 26
14 53 89
14 54 57
14 55 67
14 59 92
14 60 47
14 62 73
14 63 89
14 71 77
14 76 57
14 80 45
14 84 7
14 87 25
14 88 43
14 91 64
14 92 32
14 95 94
14 100 24
14 101 74
14 102 43
14 103 61
14 108 30
14 109 53
14 112 55
14 114 69
14 119 26
14 120 22
14 122 62
14 131 61
14 134 31
14 138 7
14 141 51
14 146 7
14 150 38
15 16 68
15 17 57
15 22 53
15 26 94
15 31 69
15 35 40
15 37 62
15 40 100
15 41 85
15 43 71
15 47 75
15 49 39
15 50 16
15 51 5
15 56 1
15 57 20
15 60 28
15 61 98
15 62 73
15 65 18
15 67 59
15 68 89
15 69 56
15 74 47
15 75 20
15 77 72
15 78 90
15 80 11
15 85 19
15 86 64
15 87 43
15 88 34
15 89 2
15 90 43
15 96 67
15 107 11
15 109 4
15 110 11
15 113 44
15 114 6
15 115 91
15 122 80
15 124 83
15 129 32
15 133 54
15 135 94
15 136 94
15 137 38
15 138 17
15 143 67
16 18 20
16 20 25
16 21 13
16 24 2
16 26 56
16 27 84
16 34 90
16 35 90
16 39 7
16 40 79
16 47 92
16 48 11
16 49 49
16 50 97
16 54 57
16 59 62
16 60 95
16 65 19
16 67 1
16 69 91
16 70 53
16 71 94
16 73 87
16 75 38
16 81 30
16 87 6
16 88 56
16 90 88
16 92 22
16 93 17
16 96 90
16 99 45
16 101 30
16 102 74
16 103 40
16 105 41
16 110 19
16 114 63
16 115 43
16 116 10
16 123 68
16 125 70
16 126 89
16 129 46
16 130 49
16 132 81
16 135 64
16 139 30
16 140 47
16 148 65
17 19 47
17 20 26
17 21 20
17 22 73
17 24 92
17 25 81
17 26 8
17 32 27
17 34 60
17 35 88
17 37 61
17 38 57
17 40 47
17 42 26
17 44 89
17 45 37
17 46 50
17 47 16
17 48 48
17 49 15
17 52 1
17 54 22
17 55 100
17 57 47
17 58 19
17 60 5
17 61 93
17 62 2
17 63 2
17 67 78
17 69 78
17 70 48
17 71 82
17 76 78
17 79 72
17 91 14
17 95 9
17 97 43
17 98 10
17 99 57
17 102 40
17 106 81
17 109 79
17 110 98
17 113 42
17 119 27
17 123 90
17 124 91
17 125 51
17 126 27
17 127 70
17 128 26
17 129 5
17 130 11
17 131 80
17 137 28
17 140 45
17 142 52
17 143 63
17 147 25
17 148 45
18 19 90
18 26 66
18 27 25
18 31 65
18 32 85
18 35 54
18 37 77
18 43 80
18 47 32
18 48 88
18 49 48
18 50 33
18 51 84
18 57 62
18 58 44
18 59 51
18 62 32
18 64 73
18 67 54
18 68 2
18 69 77
18 73 73
18 75 5
18 80 95
18 87 57
18 91 52
18 93 48
18 95 2
18 96 79
18 98 85
18 100 97
18 101 88
18 106 3
18 109 85
18 112 20
18 116 37
18 119 72
18 120 82
18 126 15
18 130 56
18 131 98
18 132 99
18 133 51
18 134 57
18 136 69
18 142 2
18 143 33
18 145 75
18 148 12
18 150 99
19 20 73
19 21 31
19 25 30
19 28 54
19 30 44
19 32 73
19 40 25
19 41 61
19 43 93
19 47 40
19 50 24
19 52 73
19 54 58
19 57 53
19 59 86
19 62 13
19 67 12
19 68 63
19 71 86
19 74 7
19 76 83
19 77 43
19 80 35
19 85 30
19 89 37
19 90 82
19 91 100
19 92 53
19 94 19
19 95 69
19 99 37
19 106 58
19 111 10
19 114 6
19 117 29
19 118 34
19 119 72
19 120 40
19 123 28
19 125 21
19 126 62
19 127 4
19 129 76
19 131 89
19 133 14
19 136 54
19 139 93
19 140 17
19 141 61
19 144 67
19 145 100
19 147 92
19 148 6
19 149 93
20 21 98
20 24 30
20 30 94
20 31 4
20 32 42
20 37 21
20 40 18
20 42 42
20 57 52
20 62 19
20 65 52
20 66 24
20 67 39
20 69 42
20 70 67
20 72 66
20 81 58
20 83 30
20 86 93
20 88 20
20 89 48
20 94 56
20 97 7
20 101 53
20 102 71
20 103 90
20 107 40
20 109 54
20 111 67
20 112 85
20 116 20
20 117 82
20 120 71
20 123 53
20 125 30
20 127 21
20 128 65
20 132 21
20 135 19
20 138 21
20 140 94
20 142 44
20 143 10
20 146 53
20 147 68
21 23 43
21 24 76
21 27 38
21 28 90
21 32 2
21 37 4
21 38 35
21 39 99
21 41 23
21 44 90
21 46 37
21 47 95
21 49 90
21 52 6
21 53 75
21 56 85
21 59 23
21 61 2
21 62 8
21 63 65
21 65 82
21 66 44
21 74 74
21 75 89
21 79 94
21 80 1
21 82 46
21 83 72
21 85 47
21 89 69
21 92 63
21 94 33
21 96 68
21 97 68
21 100 50
21 102 26
21 103 97
21 105 46
21 106 71
21 108 69
21 109 72
21 112 42
21 115 5
21 116 57
21 117 15
21 119 75
21 120 49
21 122 76
21 124 18
21 125 88
21 126 97
21 133 64
21 134 98
21 135 71
21 142 72
22 23 49
22 24 78
22 25 84
22 26 96
22 28 37
22 30 39
22 35 44
22 40 90
22 41 34
22 45 70
22 49 36
22 50 20
22 51 55
22 53 45
22 55 20
22 57 47
22 58 51
22 59 23
22 61 22
22 67 45
22 68 66
22 70 77
22 73 37
22 76 45
22 78 37
22 79 5
22 80 57
22 81 79
22 85 38
22 86 57
22 88 87
22 91 52
22 92 69
22 95 72
22 96 70
22 98 73
22 99 60
22 100 68
22 101 92
22 103 87
22 106 33
22 110 8
22 111 77
22 112 61
22 114 42
22 117 97
22 119 32
22 122 7
22 126 18
22 128 98
22 132 14
22 134 7
22 137 12
22 141 6
22 143 83
22 145 78
22 146 82
22 150 47
23 24 51
23 25 10
23 28 61
23 31 6
23 33 89
23 36 97
23 43 11
23 51 40
23 55 61
23 58 41
23 62 1
23 63 6
23 64 56
23 67 88
23 69 78
23 70 71
23 73 92
23 77 1
23 81 67
23 82 20
23 83 66
23 84 71
23 90 96
23 92 68
23 94 5
23 95 76
23 96 2
23 97 32
23 98 38
23 100 91
23 101 31
23 102 90
23 103 21
23 104 92
23 106 14
23 107 45
23 112 88
23 113 94
23 115 30
23 119 14
23 124 91
23 126 83
23 129 74
23 130 60
23 133 87
23 134 47
23 136 64
23 137 13
23 138 33
23 143 36
23 144 38
23 145 85
23 146 71
23 149 68
23 150 29
24 33 80
24 34 66
24 38 64
24 39 77
24 40 37
24 41 18
24 47 84
24 49 68
24 52 68
24 55 42
24 58 35
24 59 6
24 60 26
24 61 18
24 63 20
24 64 29
24 66 30
24 67 62
24 68 35
24 70 12
24 74 49
24 76 61
24 80 14
24 81 38
24 84 63
24 86 90
24 87 37
24 94 62
24 97 54
24 99 93
24 100 47
24 102 59
24 104 93
24 107 70
24 112 32
24 117 55
24 118 85
24 119 71
24 120 39
24 126 77
24 127 70
24 128 52
24 129 29
24 130 56
24 132 98
24 134 40
24 135 17
24 138 8
24 140 27
24 141 44
24 142 11
24 145 55
24 146 13
24 148 86
24 150 91
25 30 56
25 32 2
25 42 70
25 43 76
25 44 60
25 45 3
25 46 36
25 47 21
25 49 55
25 52 13
25 53 90
25 56 59
25 57 44
25 61 40
25 63 65
25 64 27
25 65 77
25 67 27
25 68 41
25 72 21
25 76 60
25 78 92
25 81 11
25 82 79
25 89 90
25 90 74
25 96 82
25 99 16
25 101 47
25 106 82
25 107 99
25 109 61
25 110 6
25 117 75
25 120 69
25 122 68
25 124 18
25 125 24
25 126 16
25 128 98
25 130 13
25 132 3
25 139 99
25 141 80
25 142 84
25 146 18
25 149 78
26 27 34
26 31 79
26 35 17
26 38 82
26 44 58
26 48 51
26 49 16
26 50 50
26 51 20
26 53 15
26 55 9
26 59 63
26 63 52
26 67 10
26 70 93
26 71 2
26 75 59
26 76 56
26 77 31
26 78 93
26 80 35
26 81 28
26 83 30
26 87 12
26 89 84
26 90 43
26 91 20
26 92 98
26 95 99
26 97 65
26 101 4
26 106 32
26 107 54
26 110 56
26 112 35
26 113 12
26 114 23
26 115 74
26 116 99
26 118 20
26 119 84
26 120 7
26 122 58
26 125 68
26 127 61
26 128 77
26 134 89
26 138 59
26 139 19
26 142 26
26 149 57
27 28 10
27 31 77
27 36 95
27 38 97
27 42 16
27 55 62
27 58 21
27 59 18
27 65 41
27 68 100
27 70 55
27 71 98
27 73 16
27 74 35
27 77 61
27 80 77
27 83 65
27 85 51
27 92 93
27 98 53
27 102 3
27 103 53
27 104 16
27 105 70
27 106 83
27 108 29
27 111 82
27 113 10
27 114 66
27 115 31
27 116 91
27 117 74
27 119 49
27 121 41
27 124 51
27 125 20
27 128 50
27 129 66
27 130 23
27 132 65
27 133 20
27 140 18
27 143 25
27 144 11
27 150 37
28 33 45
28 34 30
28 38 98
28 44 40
28 51 87
28 52 37
28 53 20
28 57 35
28 62 18
28 63 14
28 66 42
28 67 31
28 69 26
28 71 27
28 73 91
28 75 83
28 76 99
28 77 58
28 78 75
28 81 13
28 83 25
28 85 45
28 89 80
28 91 10
28 92 50
28 94 95
28 96 2
28 97 55
28 98 42
28 102 44
28 104 18
28 108 90
28 115 84
28 116 29
28 120 99
28 121 88
28 122 58
28 124 85
28 128 10
28 131 92
28 133 91
28 137 98
28 138 31
28 140 83
28 142 54
28 146 87
28 147 36
28 149 70
29 33 36
29 35 49
29 36 54
29 38 6
29 39 58
29 40 8
29 46 42
29 48 58
29 51 57
29 54 100
29 55 85
29 59 81
29 62 91
29 64 12
29 65 47
29 66 59
29 70 72
29 72 44
29 74 82
29 76 51
29 78 53
29 79 62
29 81 80
29 84 68
29 93 26
29 94 92
29 96 88
29 98 43
29 99 13
29 100 96
29 110 62
29 112 54
29 113 70
29 114 42
29 117 48
29 120 4
29 121 73
29 122 44
29 125 92
29 126 18
29 132 72
29 138 29
29 139 34
29 142 65
29 143 90
29 144 57
29 146 56
29 147 93
29 148 60
29 149 59
30 31 91
30 32 7
30 34 96
30 35 1
30 38 85
30 40 45
30 41 78
30 42 72
30 44 35
30 45 54
30 47 48
30 50 31
30 51 14
30 52 10
30 53 61
30 55 62
30 56 42
30 61 65
30 62 29
30 63 95
30 66 88
30 67 59
30 69 5
30 70 66
30 72 29
30 76 59
30 80 18
30 81 8
30 83 41
30 84 47
30 87 25
30 88 70
30 92 70
30 93 8
30 94 70
30 96 94
30 97 40
30 98 47
30 102 13
30 103 73
30 104 88
30 112 94
30 114 30
30 115 24
30 116 53
30 118 45
30 119 25
30 120 81
30 122 28
30 123 89
30 124 89
30 125 54
30 134 37
30 136 59
30 139 61
30 142 17
30 143 30
30 144 50
30 146 47
31 32 15
31 33 91
31 34 15
31 35 29
31 42 5
31 43 19
31 44 24
31 45 59
31 46 30
31 47 57
31 49 5
31 50 42
31 51 83
31 52 43
31 55 85
31 57 90
31 60 35
31 61 98
31 63 28
31 65 48
31 66 18
31 68 42
31 72 90
31 73 90
31 74 7
31 83 65
31 84 17
31 86 32
31 87 29
31 92 88
31 94 23
31 96 12
31 98 13
31 100 22
31 103 26
31 104 24
31 109 57
31 110 41
31 112 11
31 113 2
31 117 8
31 118 42
31 121 93
31 123 76
31 130 74
31 132 24
31 133 36
31 137 34
31 139 32
31 140 40
31 141 92
31 143 33
31 146 55
31 147 93
31 149 33
32 36 8
32 38 83
32 42 100
32 43 80
32 45 9
32 47 32
32 49 54
32 50 40
32 51 98
32 53 62
32 54 29
32 55 17
32 58 87
32 60 2
32 63 63
32 64 95
32 66 31
32 67 28
32 68 41
32 69 40
32 73 42
32 74 78
32 78 83
32 79 78
32 81 25
32 82 65
32 88 37
32 89 34
32 93 60
32 97 47
32 98 21
32 103 24
32 107 47
32 109 1
32 110 20
32 111 26
32 115 66
32 116 48
32 123 33
32 124 83
32 128 56
32 130 86
32 131 32
32 133 89
32 134 29
32 135 71
32 139 40
32 140 1
32 145 69
32 146 94
32 147 55
32 148 93
32 150 88
33 34 63
33 40 59
33 41 30
33 42 18
33 43 46
33 45 62
33 47 99
33 50 20
33 51 92
33 53 22
33 56 50
33 57 63
33 61 92
33 62 9
33 66 93
33 67 38
33 68 17
33 78 96
33 79 66
33 80 49
33 81 88
33 84 69
33 89 77
33 91 38
33 102 74
33 104 3
33 105 19
33 108 27
33 111 74
33 112 18
33 115 45
33 116 17
33 118 12
33 119 96
33 120 89
33 121 61
33 126 88
33 129 14
33 133 89
33 134 7
33 137 52
33 138 84
33 139 37
33 150 75
34 35 39
34 40 20
34 41 15
34 44 55
34 45 76
34 46 53
34 48 29
34 52 44
34 54 23
34 58 60
34 60 41
34 64 38
34 66 69
34 69 76
34 70 9
34 71 10
34 72 72
34 79 30
34 86 83
34 87 92
34 88 61
34 89 48
34 90 95
34 92 93
34 97 3
34 99 25
34 104 22
34 105 2
34 110 36
34 114 98
34 116 55
34 117 65
34 119 49
34 120 78
34 123 3
34 124 24
34 126 23
34 128 48
34 129 83
34 131 98
34 132 88
34 136 54
34 137 81
34 138 13
34 140 18
34 144 66
34 147 94
34 148 93
34 150 24
35 38 61
35 41 81
35 42 25
35 43 55
35 45 59
35 46 57
35 47 70
35 49 75
35 50 73
35 51 64
35 54 82
35 55 37
35 62 49
35 63 7
35 64 4
35 71 61
35 74 35
35 77 92
35 78 92
35 79 43
35 82 47
35 87 6
35 91 33
35 94 33
35 96 19
35 101 7
35 104 81
35 109 36
35 111 25
35 114 95
35 116 78
35 118 38
35 119 53
35 120 24
35 123 39
35 126 96
35 127 36
35 128 74
35 129 51
35 130 84
35 133 19
35 134 42
35 135 16
35 140 71
35 142 95
35 150 45
36 37 13
36 38 50
36 39 43
36 40 56
36 42 93
36 44 64
36 46 45
36 48 29
36 50 70
36 51 61
36 54 20
36 55 33
36 60 94
36 61 78
36 70 83
36 72 60
36 75 92
36 77 5
36 80 32
36 83 12
36 84 2
36 87 74
36 88 80
36 90 62
36 95 46
36 105 67
36 106 86
36 109 94
36 110 7
36 111 85
36 114 71
36 116 19
36 120 38
36 121 25
36 123 100
36 127 51
36 131 12
36 134 57
36 136 87
36 137 19
36 138 35
36 140 60
36 141 95
36 142 4
36 146 57
36 149 67
37 39 21
37 43 72
37 46 71
37 47 44
37 51 7
37 52 23
37 60 79
37 62 90
37 63 58
37 64 60
37 67 58
37 69 29
37 70 83
37 74 19
37 78 29
37 80 40
37 83 37
37 87 79
37 89 94
37 90 25
37 92 45
37 93 64
37 94 95
37 99 90
37 100 72
37 102 32
37 103 57
37 104 54
37 105 73
37 107 51
37 108 5
37 109 7
37 112 71
37 114 31
37 116 55
37 120 42
37 121 13
37 122 43
37 124 12
37 126 7
37 130 5
37 133 2
37 135 11
37 137 61
37 141 75
37 142 82
37 144 44
37 146 91
37 147 17
37 148 52
37 149 94
38 40 39
38 42 97
38 43 10
38 47 25
38 49 1
38 54 22
38 56 7
38 58 74
38 59 36
38 61 2
38 69 44
38 71 27
38 74 94
38 77 52
38 79 38
38 87 52
38 88 34
38 91 7
38 92 40
38 95 32
38 97 27
38 98 74
38 100 71
38 102 49
38 103 31
38 105 3
38 106 98
38 108 32
38 110 33
38 111 72
38 114 19
38 117 90
38 119 28
38 129 55
38 134 90
38 137 5
38 143 47
38 144 57
38 146 44
38 148 91
39 41 34
39 47 79
39 49 92
39 50 61
39 51 41
39 55 37
39 62 97
39 63 100
39 70 12
39 74 98
39 75 88
39 78 68
39 79 27
39 80 43
39 81 33
39 83 12
39 85 30
39 86 47
39 94 43
39 95 31
39 101 89
39 104 21
39 105 81
39 108 36
39 111 99
39 112 62
39 114 31
39 115 25
39 121 65
39 122 38
39 125 59
39 128 45
39 136 96
39 137 75
39 140 94
39 143 73
39 144 25
39 149 1
40 43 69
40 44 64
40 45 20
40 47 51
40 48 9
40 50 53
40 51 58
40 52 31
40 54 96
40 55 20
40 56 93
40 63 46
40 64 40
40 65 39
40 66 39
40 67 30
40 68 92
40 69 90
40 70 82
40 73 16
40 78 50
40 83 86
40 86 70
40 87 84
40 88 81
40 90 55
40 95 6
40 96 48
40 99 6
40 100 74
40 103 79
40 104 85
40 106 46
40 109 19
40 110 53
40 113 98
40 116 80
40 117 1
40 124 14
40 126 14
40 129 63
40 130 30
40 132 23
40 137 73
40 141 51
41 42 58
41 44 59
41 45 30
41 46 49
41 48 79
41 50 53
41 54 44
41 58 68
41 59 38
41 60 73
41 62 19
41 63 42
41 64 94
41 66 54
41 72 23
41 77 57
41 81 87
41 82 91
41 88 20
41 89 59
41 93 2
41 95 4
41 96 82
41 98 20
41 99 54
41 106 90
41 110 31
41 111 81
41 115 2
41 119 96
41 120 10
41 121 48
41 125 53
41 126 85
41 128 21
41 130 39
41 131 66
41 133 84
41 135 29
41 136 10
41 137 91
41 139 89
41 143 15
41 144 73
41 145 27
41 147 19
41 149 100
41 150 16
42 45 23
42 46 98
42 47 26
42 50 33
42 59 69
42 63 36
42 65 74
42 70 67
42 74 73
42 75 98
42 76 92
42 81 37
42 83 10
42 90 27
42 94 73
42 95 85
42 96 33
42 98 74
42 99 4
42 100 1
42 103 9
42 104 79
42 107 66
42 109 62
42 111 34
42 113 30
42 114 57
42 118 48
42 120 55
42 121 44
42 125 4
42 131 4
42 135 87
42 140 30
42 142 66
42 143 78
42 144 75
42 147 82
43 46 16
43 48 72
43 49 49
43 50 98
43 54 58
43 57 75
43 58 66
43 60 16
43 61 7
43 62 17
43 63 10
43 70 96
43 71 91
43 76 2
43 77 88
43 80 100
43 85 25
43 87 15
43 89 9
43 90 42
43 91 76
43 93 24
43 94 20
43 96 27
43 97 98
43 100 51
43 101 91
43 106 68
43 110 17
43 119 82
43 123 88
43 124 54
43 125 1
43 127 63
43 128 10
43 131 46
43 132 53
43 135 47
43 138 4
43 142 65
43 147 54
43 148 82
43 149 7
43 150 10
44 47 67
44 48 25
44 49 46
44 50 7
44 55 78
44 64 88
44 67 24
44 68 1
44 69 59
44 70 12
44 71 14
44 72 84
44 75 26
44 76 18
44 78 21
44 81 4
44 82 21
44 84 40
44 86 64
44 89 86
44 92 50
44 93 78
44 95 37
44 96 44
44 106 68
44 113 99
44 114 71
44 119 24
44 120 3
44 123 50
44 124 46
44 127 23
44 128 94
44 130 41
44 132 20
44 136 10
44 141 62
44 143 19
44 147 2
44 149 20
45 46 68
45 47 5
45 49 61
45 51 1
45 52 41
45 56 12
45 57 75
45 59 51
45 61 49
45 63 70
45 64 93
45 68 81
45 72 9
45 73 2
45 76 43
45 77 64
45 82 86
45 83 51
45 89 32
45 90 91
45 93 56
45 95 7
45 97 70
45 98 100
45 102 82
45 112 24
45 114 16
45 116 2
45 117 34
45 119 96
45 122 30
45 125 7
45 129 60
45 132 66
45 135 49
45 136 18
45 139 75
45 140 94
45 142 3
45 147 42
45 148 64
45 149 47
46 47 55
46 50 9
46 57 90
46 58 79
46 59 7
46 62 1
46 65 9
46 68 13
46 71 39
46 73 57
46 75 9
46 78 36
46 79 65
46 80 53
46 82 100
46 88 50
46 89 16
46 90 39
46 91 58
46 96 12
46 97 59
46 98 56
46 105 86
46 108 32
46 119 9
46 124 21
46 129 19
46 130 97
46 134 45
46 138 36
46 144 52
46 149 63
47 48 27
47 49 26
47 52 70
47 53 65
47 57 85
47 61 91
47 64 38
47 66 91
47 67 36
47 68 77
47 69 46
47 71 34
47 74 86
47 75 69
47 77 13
47 79 8
47 82 88
47 85 31
47 86 6
47 87 7
47 88 67
47 91 89
47 92 62
47 93 51
47 94 75
47 96 15
47 99 30
47 100 37
47 101 28
47 103 7
47 105 47
47 106 14
47 110 27
47 111 24
47 112 80
47 114 57
47 116 25
47 117 20
47 121 50
47 124 33
47 131 39
47 135 26
47 137 10
47 138 31
47 139 81
47 140 92
47 142 7
47 145 42
47 148 93
47 150 83
48 50 32
48 53 83
48 59 15
48 60 23
48 62 47
48 65 61
48 67 86
48 69 42
48 73 62
48 75 40
48 76 8
48 82 58
48 83 75
48 84 8
48 85 59
48 87 2
48 89 44
48 90 83
48 91 46
48 92 96
48 99 64
48 105 63
48 106 41
48 108 6
48 110 29
48 114 89
48 115 10
48 119 36
48 121 60
48 123 18
48 124 13
48 126 92
48 128 4
48 129 16
48 132 43
48 133 40
48 135 19
48 139 93
48 143 38
48 150 49
49 50 99
49 51 42
49 52 83
49 53 59
49 55 55
49 65 29
49 68 79
49 69 16
49 71 6
49 75 7
49 82 69
49 89 28
49 92 69
49 93 24
49 94 52
49 101 57
49 103 24
49 107 93
49 113 78
49 118 47
49 119 88
49 121 23
49 122 61
49 125 89
49 127 58
49 129 31
49 140 20
49 142 6
49 143 39
49 145 54
49 147 8
49 150 31
50 51 1
50 52 4
50 54 8
50 56 56
50 58 7
50 63 12
50 65 65
50 68 28
50 69 18
50 71 10
50 73 39
50 74 25
50 79 39
50 80 59
50 87 69
50 88 26
50 89 89
50 90 28
50 91 37
50 97 33
50 99 33
50 100 91
50 102 95
50 104 3
50 105 18
50 108 13
50 109 82
50 110 96
50 113 92
50 120 87
50 124 2
50 125 72
50 133 77
50 134 28
50 138 74
50 142 91
50 144 83
50 147 53
50 148 1
51 53 32
51 59 97
51 61 2
51 62 34
51 67 25
51 75 40
51 77 41
51 81 33
51 85 42
51 89 35
51 95 68
51 97 85
51 99 53
51 100 75
51 101 85
51 109 48
51 111 41
51 114 64
51 115 38
51 117 45
51 123 83
51 127 11
51 134 5
51 139 83
51 142 88
51 143 5
51 148 22
52 54 66
52 57 57
52 59 20
52 62 32
52 65 8
52 66 56
52 76 31
52 81 93
52 83 38
52 87 19
52 88 22
52 93 63
52 94 34
52 95 99
52 97 62
52 99 12
52 100 26
52 102 48
52 103 85
52 111 71
52 113 95
52 116 68
52 119 13
52 123 20
52 137 37
52 140 26
52 142 2
52 143 85
52 146 50
52 149 20
52 150 92
53 54 5
53 55 41
53 56 33
53 59 84
53 63 100
53 65 53
53 68 58
53 69 27
53 73 39
53 79 89
53 81 55
53 83 76
53 85 74
53 90 97
53 91 86
53 92 85
53 96 76
53 100 53
53 108 99
53 109 78
53 112 97
53 115 15
53 116 41
53 118 48
53 119 6
53 121 53
53 122 81
53 132 77
53 133 93
53 135 94
53 137 12
53 140 29
53 141 71
53 143 43
53 144 71
53 149 55
54 56 68
54 57 47
54 58 46
54 59 4
54 63 8
54 64 10
54 66 97
54 67 78
54 68 9
54 71 61
54 74 46
54 77 63
54 78 88
54 80 47
54 83 77
54 85 43
54 90 71
54 93 74
54 97 62
54 102 38
54 104 69
54 106 15
54 107 3
54 110 51
54 111 23
54 113 5
54 115 19
54 117 37
54 118 6
54 120 59
54 123 73
54 126 3
54 127 100
54 128 18
54 129 5
54 130 48
54 131 4
54 132 62
54 133 67
54 139 25
54 140 29
54 142 11
54 144 16
54 150 10
55 57 39
55 60 96
55 62 84
55 71 42
55 72 26
55 73 95
55 76 49
55 79 6
55 80 56
55 83 92
55 84 76
55 85 59
55 86 49
55 87 4
55 91 44
55 95 2
55 96 75
55 97 46
55 98 22
55 101 4
55 102 12
55 103 19
55 105 81
55 107 75
55 108 60
55 115 62
55 119 15
55 123 88
55 124 8
55 126 96
55 130 64
55 133 84
55 135 47
55 140 57
55 145 70
55 146 9
55 147 45
55 149 67
55 150 28
56 58 100
56 66 83
56 67 58
56 72 20
56 73 32
56 75 56
56 78 76
56 79 32
56 86 4
56 89 68
56 90 6
56 94 14
56 96 52
56 98 50
56 99 55
56 108 36
56 111 96
56 112 54
56 115 84
56 116 79
56 118 99
56 123 19
56 131 9
56 133 3
56 134 69
56 135 33
56 138 94
56 139 100
56 140 30
56 142 65
56 144 6
56 145 53
56 148 15
56 149 15
56 150 78
57 58 91
57 59 63
57 61 17
57 62 92
57 70 67
57 72 16
57 74 72
57 75 65
57 76 69
57 81 76
57 89 21
57 91 84
57 92 40
57 94 19
57 98 19
57 99 80
57 101 84
57 102 34
57 104 66
57 105 42
57 108 89
57 111 20
57 112 75
57 115 25
57 118 1
57 123 41
57 125 28
57 126 18
57 127 60
57 129 4
57 135 63
57 136 15
57 137 35
57 141 60
57 143 12
57 146 57
58 60 96
58 64 75
58 65 28
58 66 2
58 68 40
58 70 61
58 74 61
58 78 72
58 80 73
58 86 91
58 95 91
58 98 9
58 102 59
58 103 55
58 104 46
58 106 38
58 111 95
58 119 76
58 122 20
58 126 42
58 127 30
58 128 54
58 129 35
58 130 88
58 131 72
58 132 58
58 133 28
58 134 67
58 135 92
58 137 63
58 139 34
58 141 20
58 143 37
58 144 19
58 146 39
58 147 32
58 149 61
58 150 69
59 61 73
59 62 25
59 65 39
59 66 86
59 71 90
59 80 59
59 83 3
59 92 15
59 97 80
59 98 7
59 100 100
59 101 74
59 102 7
59 106 42
59 108 22
59 109 58
59 116 49
59 121 13
59 123 97
59 124 60
59 125 30
59 129 96
59 130 43
59 131 32
59 132 80
59 133 36
59 134 46
59 135 45
59 140 10
59 142 53
59 143 66
59 145 39
59 146 38
59 147 59
59 148 20
59 149 71
59 150 66
60 62 71
60 64 60
60 65 5
60 66 18
60 67 7
60 69 59
60 73 58
60 74 2
60 76 17
60 77 70
60 80 66
60 82 18
60 83 22
60 86 58
60 87 12
60 92 6
60 93 98
60 96 38
60 109 87
60 113 26
60 115 2
60 117 72
60 119 85
60 122 99
60 123 12
60 124 10
60 126 52
60 129 66
60 130 43
60 132 78
60 135 98
60 136 45
60 137 87
60 144 16
60 148 24
60 150 33
61 63 6
61 68 84
61 70 24
61 72 39
61 75 9
61 78 21
61 81 55
61 82 54
61 88 42
61 89 43
61 91 20
61 92 53
61 93 76
61 95 70
61 96 30
61 97 13
61 98 13
61 100 13
61 101 87
61 102 15
61 103 96
61 108 94
61 111 54
61 113 84
61 116 92
61 119 50
61 121 39
61 123 40
61 125 52
61 127 21
61 128 93
61 129 7
61 133 99
61 136 20
61 138 26
61 139 42
61 148 85
62 63 8
62 75 66
62 76 85
62 77 71
62 80 76
62 81 53
62 84 49
62 85 3
62 86 29
62 87 23
62 88 30
62 92 48
62 95 16
62 96 59
62 97 32
62 102 79
62 104 72
62 105 57
62 107 76
62 109 87
62 110 31
62 111 1
62 113 40
62 116 11
62 117 96
62 119 33
62 124 98
62 127 14
62 128 92
62 129 62
62 132 75
62 140 84
62 146 88
62 148 89
62 150 18
63 65 69
63 66 36
63 67 57
63 68 39
63 71 74
63 74 90
63 76 42
63 79 76
63 82 40
63 86 37
63 89 99
63 90 49
63 96 100
63 97 14
63 100 25
63 102 96
63 104 6
63 106 82
63 107 73
63 108 94
63 110 81
63 113 90
63 115 86
63 116 9
63 118 34
63 120 79
63 121 4
63 122 67
63 123 13
63 127 91
63 128 25
63 129 40
63 132 31
63 133 16
63 134 31
63 135 38
63 138 41
63 139 9
63 144 69
63 147 18
63 148 64
63 149 12
64 65 47
64 67 30
64 70 65
64 75 82
64 77 79
64 82 28
64 88 33
64 96 74
64 104 81
64 109 84
64 110 86
64 111 21
64 113 78
64 114 93
64 117 9
64 118 98
64 120 82
64 122 1
64 129 5
64 130 47
64 131 4
64 132 18
64 136 87
64 137 91
64 138 78
64 139 9
64 140 81
64 141 8
64 143 40
64 148 69
64 149 65
65 66 11
65 67 69
65 73 72
65 74 21
65 77 77
65 78 62
65 79 8
65 83 34
65 85 16
65 89 54
65 92 46
65 94 76
65 96 24
65 97 4
65 98 99
65 103 63
65 104 22
65 106 79
65 107 16
65 110 35
65 111 77
65 114 51
65 116 87
65 119 39
65 122 52
65 128 16
65 129 98
65 130 46
65 131 79
65 132 47
65 137 95
65 139 26
65 140 100
65 143 20
65 149 29
66 67 28
66 68 15
66 71 5
66 72 82
66 73 49
66 82 53
66 93 35
66 94 18
66 95 86
66 96 30
66 97 34
66 99 86
66 100 10
66 101 100
66 102 49
66 104 73
66 111 20
66 113 7
66 117 29
66 118 25
66 119 6
66 120 65
66 125 50
66 128 53
66 130 81
66 139 81
66 140 81
66 141 75
66 143 18
66 145 72
66 146 57
66 149 22
67 68 64
67 73 61
67 74 15
67 76 53
67 85 25
67 86 56
67 88 40
67 91 19
67 94 97
67 95 49
67 99 34
67 102 24
67 110 82
67 113 39
67 114 34
67 117 19
67 124 55
67 125 35
67 131 13
67 132 29
67 133 41
67 136 1
67 137 5
67 138 97
67 140 16
67 143 21
67 148 1
68 70 97
68 71 39
68 74 57
68 75 43
68 76 12
68 77 97
68 78 49
68 80 88
68 83 60
68 90 54
68 92 97
68 95 69
68 96 56
68 98 25
68 102 5
68 106 57
68 108 73
68 109 65
68 110 46
68 112 65
68 116 9
68 117 74
68 120 15
68 122 2
68 125 79
68 126 2
68 127 43
68 129 32
68 130 8
68 134 21
68 136 62
68 141 8
68 144 45
68 145 73
68 147 30
68 149 76
69 70 85
69 72 63
69 73 72
69 74 70
69 75 55
69 77 4
69 78 98
69 79 67
69 82 22
69 85 90
69 88 14
69 89 63
69 90 61
69 91 30
69 92 26
69 96 96
69 102 38
69 103 70
69 104 62
69 105 76
69 107 93
69 110 42
69 111 24
69 112 79
69 113 38
69 115 28
69 117 6
69 125 52
69 127 53
69 128 38
69 130 77
69 131 54
69 134 70
69 135 74
69 136 7
69 137 5
69 139 42
69 141 98
69 143 96
69 147 26
69 148 19
69 149 65
69 150 59
70 75 62
70 76 74
70 78 1
70 81 58
70 83 4
70 84 33
70 88 31
70 90 68
70 91 49
70 92 67
70 93 72
70 96 72
70 102 48
70 104 17
70 107 77
70 110 13
70 115 75
70 116 75
70 118 37
70 120 89
70 121 78
70 123 72
70 124 97
70 125 89
70 126 31
70 129 82
70 130 51
70 132 70
70 133 86
70 136 64
70 139 24
70 140 51
70 141 66
70 142 80
70 147 45
70 149 87
70 150 79
71 76 92
71 79 78
71 82 1
71 84 73
71 85 6
71 88 69
71 90 33
71 98 60
71 100 68
71 101 92
71 105 24
71 107 20
71 110 41
71 114 42
71 115 68
71 116 79
71 117 97
71 121 82
71 123 76
71 124 13
71 125 31
71 130 74
71 132 75
71 133 47
71 134 89
71 136 79
71 141 91
71 145 74
71 147 27
71 148 71
71 149 6
72 75 42
72 76 81
72 81 57
72 82 28
72 83 47
72 85 65
72 88 55
72 89 4
72 93 30
72 98 24
72 99 74
72 100 51
72 101 68
72 102 6
72 105 62
72 109 10
72 112 32
72 113 94
72 114 98
72 116 14
72 117 84
72 118 94
72 119 95
72 120 83
72 123 32
72 124 60
72 125 47
72 126 4
72 127 97
72 129 89
72 130 95
72 135 49
72 136 52
72 137 55
72 138 52
72 140 39
72 141 14
72 143 22
72 148 1
72 150 42
73 74 14
73 86 67
73 94 47
73 95 75
73 96 15
73 98 88
73 100 99
73 102 28
73 103 56
73 104 28
73 106 90
73 110 34
73 115 72
73 116 5
73 124 40
73 128 29
73 130 55
73 132 65
73 134 89
73 136 49
73 140 36
73 142 43
73 146 32
73 149 12
73 150 34
74 78 45
74 80 33
74 81 52
74 82 75
74 85 68
74 87 11
74 90 88
74 94 46
74 97 5
74 102 67
74 103 33
74 106 68
74 110 52
74 111 58
74 112 73
74 113 97
74 119 66
74 120 44
74 123 28
74 124 9
74 125 60
74 127 43
74 128 73
74 131 31
74 132 45
74 135 26
74 136 70
74 138 57
74 141 5
74 142 58
74 147 14
74 150 16
75 76 13
75 77 48
75 82 87
75 83 66
75 84 67
75 86 77
75 88 79
75 89 48
75 90 1
75 91 44
75 93 45
75 95 57
75 97 8
75 98 99
75 104 57
75 105 95
75 107 27
75 108 45
75 110 58
75 117 18
75 118 77
75 119 49
75 120 60
75 121 23
75 122 60
75 124 62
75 129 52
75 133 15
75 135 19
75 139 26
75 140 94
75 141 12
75 145 58
75 149 34
76 82 7
76 83 37
76 85 44
76 86 15
76 87 26
76 88 26
76 99 43
76 101 35
76 103 55
76 105 57
76 107 92
76 108 34
76 111 92
76 116 14
76 117 97
76 118 29
76 121 74
76 122 49
76 123 11
76 125 34
76 127 9
76 132 34
76 134 92
76 137 67
76 138 24
76 139 49
76 141 16
76 142 69
76 143 54
76 146 65
76 148 20
77 78 47
77 79 90
77 80 32
77 81 34
77 82 69
77 84 59
77 87 40
77 88 10
77 89 24
77 93 43
77 94 14
77 95 97
77 96 52
77 98 65
77 100 11
77 101 68
77 106 40
77 109 31
77 110 31
77 114 41
77 117 67
77 119 93
77 122 78
77 124 91
77 131 13
77 133 11
77 134 67
77 135 2
77 136 60
77 137 87
77 138 40
77 144 10
77 145 29
77 146 75
77 148 60
77 149 75
77 150 73
78 80 52
78 84 86
78 92 75
78 93 83
78 98 54
78 99 10
78 103 91
78 104 43
78 105 86
78 106 21
78 107 80
78 109 48
78 112 15
78 113 49
78 119 60
78 120 74
78 122 82
78 123 95
78 125 31
78 126 4
78 127 80
78 135 2
78 136 71
78 137 69
78 140 67
78 141 28
78 143 72
78 147 77
78 148 42
78 150 74
79 82 96
79 83 72
79 85 68
79 88 51
79 89 94
79 91 23
79 95 27
79 96 76
79 97 64
79 99 71
79 100 74
79 102 100
79 103 50
79 105 29
79 106 60
79 110 15
79 111 52
79 114 84
79 115 73
79 117 9
79 120 8
79 122 47
79 126 36
79 127 64
79 129 9
79 130 73
79 131 6
79 132 79
79 133 53
79 135 100
79 138 21
79 141 7
79 144 59
79 145 8
79 146 35
79 150 23
80 81 29
80 82 66
80 83 59
80 88 81
80 89 58
80 92 13
80 93 2
80 97 81
80 100 91
80 102 18
80 105 16
80 106 58
80 108 41
80 110 83
80 112 86
80 113 4
80 114 74
80 116 87
80 120 16
80 123 1
80 125 34
80 126 32
80 127 94
80 129 18
80 133 82
80 134 31
80 135 16
80 138 38
80 141 81
80 145 71
80 147 36
80 149 2
81 83 67
81 85 78
81 87 20
81 88 36
81 95 84
81 101 68
81 108 75
81 111 31
81 115 90
81 116 51
81 117 36
81 118 61
81 119 67
81 120 80
81 123 58
81 127 2
81 133 30
81 141 90
81 144 21
81 147 67
81 149 7
82 89 5
82 93 8
82 95 56
82 101 5
82 104 14
82 108 80
82 114 15
82 115 24
82 116 42
82 117 7
82 119 19
82 120 92
82 121 2
82 124 26
82 128 18
82 130 37
82 135 13
82 137 27
82 140 2
82 141 58
82 144 12
82 146 12
83 91 53
83 93 31
83 94 35
83 95 5
83 96 95
83 97 66
83 98 40
83 103 53
83 104 89
83 105 21
83 107 68
83 108 3
83 110 62
83 113 14
83 114 43
83 118 6
83 119 39
83 121 45
83 126 81
83 127 27
83 130 69
83 131 92
83 134 60
83 135 77
83 137 67
83 139 59
83 140 96
83 141 4
83 143 32
83 145 5
83 146 80
83 149 75
83 150 50
84 85 64
84 90 84
84 91 95
84 93 37
84 95 3
84 99 82
84 107 39
84 111 14
84 115 7
84 117 40
84 118 11
84 120 28
84 123 52
84 125 92
84 128 93
84 134 6
84 135 71
84 136 84
84 142 17
84 143 44
84 144 69
84 147 3
84 149 8
85 86 64
85 88 100
85 90 98
85 91 84
85 92 65
85 94 23
85 103 70
85 114 76
85 119 50
85 120 85
85 124 94
85 125 42
85 126 75
85 129 75
85 130 40
85 131 47
85 134 43
85 136 60
85 142 74
85 144 12
85 149 2
86 88 44
86 91 82
86 92 95
86 94 45
86 95 30
86 102 60
86 103 28
86 104 95
86 107 67
86 112 18
86 113 82
86 115 55
86 116 83
86 117 80
86 119 89
86 121 61
86 124 47
86 125 42
86 129 50
86 131 21
86 133 63
86 140 62
86 145 15
86 146 87
86 149 12
86 150 63
87 89 100
87 90 29
87 92 15
87 93 67
87 101 85
87 102 49
87 103 21
87 104 19
87 105 60
87 109 77
87 111 1
87 113 89
87 117 28
87 118 88
87 120 45
87 126 20
87 128 55
87 129 100
87 130 57
87 133 22
87 135 53
87 137 81
87 139 96
87 140 24
87 141 7
87 143 60
87 148 38
87 149 9
87 150 4
88 89 44
88 90 40
88 93 54
88 95 15
88 97 74
88 100 30
88 101 80
88 102 99
88 103 49
88 105 82
88 106 89
88 108 79
88 109 21
88 114 45
88 117 24
88 118 15
88 119 13
88 122 59
88 123 77
88 126 61
88 127 80
88 128 46
88 129 23
88 133 80
88 136 34
88 138 47
88 142 56
88 144 76
88 150 9
89 91 73
89 92 49
89 93 79
89 95 48
89 97 87
89 99 12
89 103 68
89 105 20
89 107 100
89 109 20
89 111 17
89 112 65
89 114 62
89 116 5
89 123 32
89 124 9
89 127 15
89 128 20
89 130 2
89 134 18
89 135 23
89 138 87
89 139 69
89 140 14
89 143 78
89 145 50
89 148 95
89 149 50
89 150 100
90 94 8
90 96 45
90 97 43
90 100 81
90 102 83
90 104 45
90 106 9
90 108 48
90 110 73
90 112 41
90 114 74
90 115 68
90 118 52
90 119 19
90 121 46
90 122 43
90 124 20
90 128 1
90 131 2
90 132 46
90 135 66
90 136 74
90 141 85
90 143 13
90 144 36
90 146 62
90 148 20
90 150 24
91 93 39
91 94 97
91 99 35
91 100 46
91 106 55
91 107 80
91 110 37
91 112 17
91 114 71
91 115 20
91 118 79
91 119 63
91 120 70
91 122 20
91 124 80
91 126 12
91 128 10
91 130 23
91 131 14
91 132 98
91 136 4
91 144 56
91 145 91
91 147 2
91 149 26
91 150 78
92 96 67
92 100 8
92 101 100
92 102 73
92 104 73
92 105 31
92 106 63
92 107 73
92 108 7
92 109 8
92 110 61
92 112 7
92 113 72
92 117 80
92 118 30
92 119 51
92 131 9
92 134 39
92 137 31
92 141 18
92 146 37
92 147 40
92 148 95
93 94 87
93 99 77
93 105 10
93 106 16
93 108 68
93 109 30
93 110 40
93 111 1
93 113 30
93 114 31
93 115 60
93 116 28
93 118 54
93 120 66
93 121 64
93 122 82
93 123 7
93 126 81
93 129 88
93 133 89
93 134 48
93 136 5
93 137 40
93 142 34
93 144 49
93 149 29
93 150 35
94 95 56
94 96 48
94 98 45
94 102 27
94 106 53
94 107 97
94 111 86
94 115 65
94 119 54
94 126 15
94 127 70
94 136 53
94 137 45
94 139 53
94 141 76
94 142 3
94 143 21
94 147 15
95 98 59
95 100 71
95 105 2
95 106 36
95 109 56
95 110 78
95 112 15
95 113 40
95 114 43
95 115 68
95 116 98
95 117 41
95 125 6
95 130 11
95 131 46
95 133 77
95 135 24
95 143 5
95 144 94
95 148 86
95 149 11
95 150 83
96 98 36
96 104 74
96 108 33
96 110 56
96 111 75
96 112 97
96 113 35
96 118 82
96 120 21
96 122 18
96 126 80
96 128 32
96 131 43
96 133 14
96 139 32
96 140 44
96 141 10
96 142 41
96 144 21
96 145 61
96 147 71
96 148 3
96 149 100
97 99 35
97 101 89
97 102 91
97 105 97
97 108 58
97 109 46
97 115 96
97 116 89
97 117 79
97 118 49
97 119 43
97 122 78
97 124 32
97 127 79
97 128 83
97 129 1
97 131 22
97 137 15
97 138 100
97 139 71
97 141 38
97 142 87
97 150 95
98 105 66
98 106 75
98 109 32
98 112 36
98 115 79
98 122 31
98 123 80
98 126 19
98 129 64
98 130 90
98 132 66
98 133 78
98 135 69
98 136 98
98 137 93
98 143 70
98 144 46
98 145 12
98 147 54
98 148 28
98 149 53
98 150 31
99 100 66
99 104 81
99 105 91
99 107 92
99 110 34
99 119 31
99 121 30
99 125 58
99 126 93
99 127 25
99 131 22
99 133 71
99 135 1
99 142 72
99 143 93
99 145 9
99 147 47
99 148 30
99 149 15
99 150 11
100 101 59
100 102 39
100 103 82
100 104 20
100 105 45
100 107 6
100 113 69
100 120 2
100 126 71
100 127 90
100 129 52
100 130 79
100 132 90
100 134 87
100 137 2
100 139 49
100 140 60
100 145 69
100 146 25
100 147 93
101 104 32
101 108 9
101 109 41
101 112 81
101 113 19
101 115 80
101 119 23
101 124 47
101 125 44
101 128 30
101 138 31
101 139 46
101 142 75
101 145 71
101 146 58
101 147 40
101 148 64
101 150 64
102 109 89
102 112 23
102 115 50
102 119 42
102 120 84
102 121 62
102 123 12
102 132 28
102 133 69
102 134 5
102 136 86
102 137 24
102 147 15
102 150 88
103 107 30
103 108 79
103 112 84
103 114 30
103 116 91
103 121 42
103 123 54
103 125 35
103 126 53
103 131 4
103 132 85
103 135 46
103 136 24
103 142 30
103 146 91
103 149 86
104 106 24
104 107 98
104 108 51
104 111 4
104 113 93
104 114 99
104 119 2
104 123 93
104 125 53
104 132 9
104 134 20
104 136 10
104 137 43
104 148 15
104 149 86
105 108 93
105 111 15
105 114 19
105 116 49
105 124 90
105 125 98
105 128 37
105 130 60
105 131 35
105 133 27
105 134 57
105 136 91
105 143 93
105 148 97
106 109 8
106 113 78
106 114 57
106 116 48
106 119 9
106 125 39
106 129 9
106 131 16
106 133 36
106 136 52
106 137 75
106 139 39
106 144 42
106 146 8
106 150 41
107 111 94
107 113 94
107 115 100
107 120 87
107 121 57
107 126 16
107 129 26
107 131 52
107 134 57
107 136 27
107 137 93
107 139 67
107 143 81
107 144 38
107 147 29
107 149 14
108 109 60
108 110 10
108 112 24
108 114 50
108 115 89
108 121 86
108 122 55
108 126 43
108 127 60
108 128 69
108 132 43
108 133 49
108 138 48
108 139 21
108 140 23
108 141 87
108 145 25
108 146 73
108 147 45
108 149 19
109 110 79
109 113 35
109 115 66
109 117 56
109 120 71
109 121 52
109 122 99
109 128 89
109 130 42
109 133 10
109 134 7
109 135 44
109 136 12
109 138 56
109 140 15
109 141 78
109 143 42
109 144 52
109 149 56
109 150 48
110 112 69
110 113 46
110 114 96
110 115 31
110 117 87
110 119 60
110 122 37
110 123 67
110 124 53
110 125 35
110 126 15
110 128 29
110 130 28
110 132 82
110 139 69
110 142 24
110 143 75
110 148 8
111 124 63
111 125 35
111 128 75
111 134 66
111 138 89
111 139 62
111 140 60
111 141 22
111 143 37
111 144 58
111 148 73
112 113 16
112 114 85
112 119 90
112 120 93
112 127 58
112 130 43
112 132 68
112 133 65
112 135 18
112 139 70
112 141 48
112 147 29
112 150 59
113 116 71
113 117 76
113 118 24
113 129 60
113 131 75
113 133 91
113 134 16
113 136 33
113 137 99
113 138 54
113 142 54
113 144 62
113 150 22
114 115 63
114 116 97
114 118 16
114 120 23
114 121 56
114 122 99
114 126 100
114 129 31
114 137 41
114 138 95
114 140 43
114 143 76
114 145 62
114 146 25
114 147 59
115 117 14
115 119 95
115 122 53
115 123 72
115 124 98
115 126 92
115 127 22
115 129 79
115 136 53
115 139 100
115 140 86
115 144 93
115 149 100
116 117 34
116 118 40
116 123 31
116 129 12
116 134 39
116 136 16
116 139 43
116 144 82
117 118 54
117 121 62
117 122 24
117 123 63
117 125 46
117 126 25
117 129 8
117 136 16
117 138 54
117 139 5
117 141 26
117 147 53
117 148 25
118 122 74
118 129 60
118 131 7
118 135 6
118 137 82
118 140 54
118 142 88
118 144 100
118 145 12
118 147 24
118 148 44
118 149 54
119 120 10
119 121 36
119 122 57
119 123 42
119 124 53
119 128 11
119 130 95
119 131 34
119 132 76
119 134 12
119 135 40
119 137 47
119 139 10
119 140 2
119 141 48
119 143 61
119 144 100
120 122 88
120 123 66
120 124 84
120 125 15
120 128 95
120 129 23
120 130 81
120 133 63
120 135 13
120 139 17
120 140 96
120 142 33
120 143 28
120 144 69
120 145 42
120 148 6
120 150 15
121 123 33
121 124 15
121 128 82
121 129 9
121 131 95
121 132 82
121 133 8
121 134 56
121 138 41
121 139 14
121 140 78
121 150 81
122 125 70
122 128 59
122 132 7
122 133 31
122 137 6
122 143 92
122 144 100
122 146 2
122 148 99
123 131 76
123 133 32
123 142 87
123 143 95
123 144 6
123 147 82
123 148 33
123 149 69
123 150 2
124 127 47
124 130 15
124 131 69
124 132 28
124 133 10
124 140 86
124 141 95
124 144 59
124 145 50
125 127 11
125 128 43
125 131 44
125 134 74
125 136 75
125 138 46
125 141 43
125 143 80
125 144 82
125 145 88
125 149 35
125 150 66
126 127 80
126 130 18
126 133 6
126 135 57
126 139 96
126 140 88
126 144 86
126 146 86
126 149 18
127 128 70
127 129 2
127 134 52
127 137 94
127 138 14
127 139 73
127 143 41
127 145 49
128 131 35
128 132 75
128 134 66
128 138 61
128 139 77
128 141 16
128 143 38
128 144 32
128 146 47
128 150 81
129 134 20
129 136 23
129 141 55
129 142 28
129 143 66
129 146 81
130 131 11
130 133 36
130 135 90
130 138 49
130 142 43
130 144 93
130 145 100
130 148 100
130 149 97
130 150 94
131 132 88
131 136 40
131 139 68
131 143 20
131 145 54
131 146 73
131 148 8
132 133 77
132 135 9
132 136 53
132 139 32
132 143 100
132 150 83
133 134 50
133 136 56
133 139 15
133 141 61
133 143 70
133 144 45
133 147 52
133 148 28
133 150 44
134 135 36
134 139 45
134 142 65
134 143 29
134 144 15
134 146 86
134 148 73
134 150 15
135 138 20
135 141 49
135 143 98
135 144 78
135 150 31
136 137 68
136 140 6
136 141 30
136 142 6
136 143 63
136 145 60
136 146 66
136 147 65
136 149 51
136 150 60
137 138 68
137 140 32
137 141 63
137 146 33
137 148 96
138 142 84
138 143 39
138 144 77
138 150 79
139 143 32
139 147 86
139 150 1
140 141 19
140 143 49
140 144 88
141 144 53
141 145 57
141 148 17
142 146 92
142 147 95
142 149 96
143 144 95
143 146 52
143 149 84
143 150 8
144 147 53
144 149 61
145 150 37
146 149 62
147 150 49
148 150 84
149 150 59
1 3 32
1 8 73
1 9 56
1 21 41
1 23 34
1 26 98
1 28 95
1 29 41
1 36 1
1 40 7
1 41 95
1 42 64
1 43 28
1 45 91
1 47 21
1 54 18
1 56 45
1 57 94
1 58 62
1 59 8
1 64 93
1 68 10
1 70 82
1 71 73
1 72 22
1 73 97
1 79 93
1 80 11
1 82 10
1 83 1
1 85 45
1 87 61
1 89 37
1 90 46
1 91 71
1 92 80
1 99 55
1 106 69
1 110 35
1 113 24
1 116 71
1 121 16
1 124 10
1 125 61
1 126 61
1 127 95
1 128 44
1 132 65
1 133 85
1 134 2
1 135 34
1 138 85
1 139 15
1 140 72
1 141 68
1 146 11
1 147 86
2 3 65
2 4 17
2 5 68
2 6 21
2 9 65
2 10 68
2 16 91
2 20 12
2 21 62
2 26 95
2 28 30
2 33 15
2 35 25
2 38 25
2 39 31
2 40 38
2 46 62
2 48 14
2 49 42
2 50 82
2 51 30
2 58 74
2 61 74
2 63 100
2 64 98
2 67 93
2 68 25
2 70 80
2 75 47
2 77 93
2 78 7
2 81 85
2 85 18
2 86 64
2 87 48
2 88 77
2 91 88
2 92 58
2 94 58
2 99 98
2 101 34
2 104 82
2 111 77
2 114 95
2 120 46
2 122 53
2 125 73
2 126 32
2 127 49
2 131 94
2 132 43
2 133 98
2 134 11
2 135 65
2 136 19
2 138 96
2 141 74
2 142 59
2 143 53
2 146 41
2 148 60
2 149 100
3 4 57
3 5 89
3 7 11
3 9 30
3 12 8
3 14 68
3 15 56
3 20 9
3 22 59
3 23 38
3 26 99
3 27 77
3 28 79
3 30 65
3 36 19
3 37 17
3 39 1
3 43 33
3 49 24
3 51 16
3 53 81
3 55 44
3 56 51
3 59 86
3 60 73
3 62 78
3 63 41
3 65 45
3 67 96
3 69 12
3 71 64
3 72 98
3 77 81
3 80 12
3 83 64
3 85 94
3 88 92
3 91 35
3 96 75
3 99 38
3 101 10
3 103 41
3 108 18
3 115 44
3 117 83
3 119 61
3 120 15
3 121 31
3 123 69
3 127 60
3 128 80
3 130 66
3 131 100
3 132 62
3 135 51
3 137 6
3 138 71
3 141 14
3 142 65
3 143 23
3 144 31
3 148 59
3 150 68
4 6 28
4 7 1
4 10 24
4 12 29
4 14 83
4 16 87
4 17 13
4 18 28
4 20 96
4 24 42
4 26 65
4 28 11
4 31 16
4 32 80
4 36 5
4 37 32
4 39 11
4 46 88
4 47 59
4 48 17
4 50 10
4 51 49
4 52 63
4 61 26
4 63 64
4 72 13
4 74 78
4 75 100
4 80 67
4 81 58
4 83 31
4 84 9
4 86 60
4 88 89
4 89 39
4 90 19
4 93 40
4 96 53
4 100 90
4 101 9
4 103 5
4 105 25
4 114 39
4 115 29
4 116 13
4 117 79
4 119 88
4 120 34
4 122 24
4 123 97
4 127 21
4 133 64
4 139 23
4 141 50
4 146 84
4 150 93
5 8 80
5 10 51
5 14 85
5 15 54
5 17 81
5 20 46
5 23 24
5 25 83
5 28 95
5 30 42
5 36 36
5 37 67
5 42 26
5 46 73
5 52 74
5 53 49
5 55 71
5 57 72
5 61 74
5 63 21
5 67 8
5 68 52
5 73 22
5 77 27
5 79 7
5 85 80
5 88 74
5 89 16
5 96 62
5 97 31
5 98 65
5 100 30
5 103 21
5 111 9
5 112 54
5 113 60
5 114 61
5 121 55
5 122 77
5 123 30
5 124 96
5 125 78
5 126 33
5 131 33
5 133 43
5 139 71
5 142 79
5 143 5
5 148 78
6 9 13
6 10 41
6 16 2
6 17 91
6 18 73
6 19 57
6 21 99
6 26 51
6 27 68
6 28 94
6 37 17
6 41 48
6 43 77
6 44 35
6 49 63
6 53 9
6 54 39
6 61 99
6 62 49
6 63 98
6 64 8
6 65 45
6 67 8
6 71 62
6 72 99
6 73 97
6 74 76
6 78 87
6 79 82
6 80 40
6 85 32
6 86 53
6 90 95
6 93 38
6 99 35
6 100 65
6 101 92
6 102 8
6 105 50
6 106 66
6 108 20
6 109 11
6 110 28
6 111 24
6 113 60
6 116 55
6 117 6
6 120 44
6 122 65
6 125 30
6 131 3
6 132 43
6 133 63
6 134 79
6 135 78
6 137 57
6 139 89
6 142 23
6 146 33
6 150 92
7 9 99
7 10 49
7 13 22
7 15 26
7 18 50
7 22 93
7 23 42
7 26 80
7 27 42
7 30 33
7 33 8
7 35 52
7 38 9
7 41 39
7 42 86
7 46 72
7 48 59
7 49 54
7 56 19
7 58 32
7 59 62
7 60 36
7 65 84
7 66 7
7 70 68
7 71 48
7 72 36
7 73 81
7 81 20
7 82 31
7 84 47
7 85 31
7 87 6
7 91 59
7 92 99
7 101 46
7 102 63
7 104 97
7 108 10
7 110 94
7 111 1
7 112 91
7 114 76
7 115 26
7 118 55
7 120 42
7 122 94
7 123 80
7 124 96
7 126 62
7 127 58
7 128 48
7 130 39
7 133 24
7 137 42
7 139 85
7 141 89
7 142 73
7 143 44
7 144 49
7 146 63
7 147 18
8 9 47
8 11 33
8 14 85
8 16 27
8 20 76
8 23 19
8 24 67
8 26 4
8 29 27
8 30 95
8 31 56
8 32 63
8 34 34
8 36 83
8 37 44
8 38 69
8 39 51
8 41 94
8 44 73
8 46 56
8 49 64
8 50 75
8 53 63
8 54 64
8 56 90
8 57 74
8 59 58
8 61 88
8 63 25
8 69 76
8 71 47
8 72 27
8 73 97
8 75 99
8 80 97
8 82 49
8 83 45
8 84 71
8 86 31
8 88 25
8 91 9
8 93 15
8 99 5
8 100 43
8 102 39
8 105 99
8 113 31
8 114 93
8 115 56
8 116 7
8 117 20
8 119 62
8 122 84
8 126 4
8 127 96
8 128 100
8 129 69
8 130 1
8 132 61
8 134 12
8 135 63
8 137 71
8 140 95
8 145 37
8 146 30
8 147 78
9 11 82
9 15 6
9 21 17
9 22 45
9 27 21
9 28 99
9 37 17
9 44 77
9 50 95
9 51 53
9 52 85
9 55 33
9 57 74
9 58 10
9 64 97
9 66 50
9 71 92
9 76 71
9 77 12
9 78 47
9 80 29
9 81 40
9 85 73
9 88 2
9 89 22
9 91 86
9 92 83
9 93 85
9 94 88
9 96 43
9 98 22
9 100 31
9 101 89
9 104 95
9 105 82
9 111 77
9 114 97
9 115 100
9 117 29
9 118 95
9 120 8
9 122 59
9 123 16
9 125 10
9 128 97
9 129 82
9 130 42
9 131 53
9 133 11
9 135 78
9 140 86
9 141 33
9 149 52
10 11 38
10 15 100
10 16 49
10 19 29
10 21 99
10 22 90
10 26 67
10 27 21
10 28 49
10 33 95
10 35 86
10 44 85
10 45 52
10 46 91
10 48 45
10 50 55
10 53 57
10 57 99
10 58 59
10 59 9
10 60 42
10 61 53
10 62 42
10 64 33
10 67 8
10 72 62
10 73 50
10 74 13
10 79 22
10 80 81
10 84 79
10 85 72
10 90 89
10 94 9
10 95 84
10 98 84
10 104 49
10 114 94
10 118 75
10 121 13
10 122 98
10 125 22
10 128 7
10 129 74
10 130 50
10 133 53
10 135 22
10 137 6
10 139 89
10 140 21
10 143 20
10 144 91
10 148 69
10 149 21
11 15 70
11 17 50
11 18 22
11 22 46
11 23 87
11 26 66
11 27 74
11 28 79
11 32 69
11 33 96
11 34 12
11 36 40
11 38 79
11 43 99
11 48 42
11 49 76
11 51 64
11 52 16
11 54 19
11 55 75
11 58 81
11 59 99
11 61 25
11 62 46
11 67 76
11 74 44
11 82 9
11 85 63
11 90 9
11 95 82
11 98 46
11 102 86
11 105 95
11 107 91
11 110 44
11 111 18
11 116 78
11 117 35
11 118 19
11 123 38
11 125 5
11 128 79
11 130 17
11 135 80
11 136 73
11 138 22
11 143 57
11 144 85
11 146 10
12 13 50
12 15 52
12 16 90
12 17 49
12 22 45
12 24 44
12 25 75
12 26 49
12 28 75
12 29 51
12 31 44
12 37 73
12 41 65
12 44 9
12 45 73
12 48 3
12 50 99
12 56 4
12 57 95
12 58 42
12 59 57
12 61 39
12 64 79
12 65 58
12 68 86
12 70 45
12 71 81
12 74 41
12 75 61
12 76 31
12 78 84
12 82 38
12 83 66
12 87 44
12 91 45
12 92 31
12 94 39
12 96 86
12 100 63
12 101 43
12 105 19
12 112 14
12 113 93
12 114 44
12 115 91
12 116 9
12 118 3
12 119 63
12 122 97
12 125 35
12 128 20
12 129 21
12 133 54
12 136 67
12 138 70
12 139 58
12 140 70
12 141 93
12 143 1
12 144 36
12 147 89
12 150 38
13 14 71
13 15 52
13 16 52
13 22 79
13 27 20
13 28 78
13 30 88
13 33 75
13 34 17
13 36 6
13 37 32
13 39 67
13 40 99
13 41 76
13 42 34
13 43 44
13 47 49
13 51 96
13 52 5
13 59 72
13 63 28
13 67 20
13 70 13
13 71 41
13 72 27
13 73 67
13 74 5
13 75 12
13 76 99
13 79 50
13 81 63
13 83 76
13 84 43
13 85 92
13 88 90
13 92 60
13 95 99
13 97 38
13 98 5
13 103 37
13 105 84
13 107 65
13 109 56
13 110 80
13 113 48
13 115 43
13 118 99
13 120 72
13 123 49
13 127 81
13 129 77
13 131 55
13 132 43
13 136 17
13 137 89
13 138 90
13 139 29
13 140 39
13 141 30
13 142 32
13 145 63
13 149 80
13 150 30
14 18 27
14 19 96
14 21 59
14 23 83
14 24 68
14 26 61
14 27 47
14 29 46
14 30 85
14 31 8
14 33 99
14 34 89
14 36 44
14 39 46
14 44 82
14 48 46
14 49 23
14 54 37
14 55 43
14 56 27
14 58 100
14 59 82
14 61 93
14 66 25
14 69 32
14 74 41
14 75 24
14 77 6
14 79 21
14 81 97
14 86 16
14 87 76
14 91 19
14 93 4
14 94 30
14 99 40
14 108 64
14 111 79
14 114 25
14 117 17
14 120 1
14 121 5
14 122 71
14 124 4
14 131 77
14 134 38
14 137 15
14 139 13
14 148 36
14 149 30
15 16 48
15 17 22
15 19 16
15 20 5
15 21 4
15 25 96
15 28 36
15 32 35
15 33 26
15 34 50
15 37 37
15 41 42
15 42 25
15 45 80
15 50 16
15 56 50
15 57 29
15 58 81
15 62 40
15 68 80
15 71 28
15 72 67
15 73 93
15 78 41
15 80 39
15 81 75
15 82 54
15 83 70
15 84 3
15 87 37
15 92 74
15 93 74
15 94 87
15 100 28
15 101 25
15 102 71
15 105 20
15 107 54
15 110 11
15 111 59
15 113 56
15 114 58
15 120 76
15 121 67
15 122 51
15 123 64
15 130 15
15 133 37
15 134 16
15 135 90
15 142 33
15 147 16
15 148 76
16 17 94
16 21 8
16 26 68
16 27 92
16 28 49
16 31 70
16 34 74
16 42 12
16 44 22
16 45 3
16 47 46
16 48 86
16 49 75
16 50 3
16 51 65
16 52 16
16 56 66
16 57 3
16 58 63
16 63 52
16 64 11
16 66 83
16 68 86
16 69 46
16 71 78
16 73 29
16 74 34
16 75 17
16 77 79
16 87 25
16 89 99
16 92 88
16 93 42
16 96 4
16 99 100
16 101 6
16 102 30
16 103 30
16 104 26
16 105 43
16 106 46
16 109 66
16 112 90
16 113 50
16 114 93
16 115 88
16 118 92
16 120 82
16 121 88
16 123 96
16 128 85
16 133 99
16 135 40
16 136 30
16 137 68
16 138 13
16 141 9
16 145 60
16 146 2
16 148 6
17 18 9
17 20 11
17 22 49
17 26 58
17 28 89
17 32 87
17 33 54
17 34 14
17 35 64
17 36 32
17 37 16
17 39 21
17 40 64
17 41 17
17 43 20
17 52 83
17 55 69
17 58 25
17 59 52
17 63 77
17 65 77
17 66 13
17 71 91
17 75 48
17 82 2
17 83 40
17 84 1
17 85 4
17 86 83
17 87 99
17 89 77
17 90 29
17 91 62
17 95 54
17 97 81
17 98 69
17 99 100
17 100 74
17 105 54
17 106 63
17 107 26
17 108 7
17 109 100
17 113 97
17 122 33
17 123 92
17 124 72
17 125 40
17 128 7
17 129 96
17 131 51
17 132 26
17 133 68
17 134 68
17 135 12
17 136 9
17 137 3
17 138 17
17 139 99
17 141 98
17 142 47
17 143 24
17 144 42
17 146 66
17 147 78
17 150 70
18 20 75
18 22 51
18 23 24
18 27 56
18 29 21
18 31 16
18 32 98
18 34 93
18 36 45
18 37 51
18 38 13
18 40 26
18 43 14
18 45 91
18 47 35
18 50 52
18 52 61
18 54 83
18 58 39
18 61 17
18 64 79
18 70 61
18 71 40
18 72 76
18 78 25
18 79 22
18 81 99
18 83 86
18 84 19
18 85 35
18 86 8
18 88 92
18 91 64
18 94 12
18 96 49
18 98 51
18 100 80
18 101 12
18 102 72
18 105 2
18 107 27
18 108 92
18 109 35
18 111 13
18 118 60
18 120 12
18 123 87
18 124 17
18 125 96
18 126 63
18 130 29
18 131 5
18 132 28
18 135 45
18 136 23
18 142 37
18 144 36
18 146 41
18 147 10
18 148 37
19 21 71
19 22 47
19 25 42
19 26 94
19 36 92
19 38 8
19 39 51
19 42 19
19 48 53
19 52 23
19 54 18
19 60 97
19 62 14
19 66 29
19 68 83
19 69 81
19 70 22
19 73 80
19 76 58
19 78 53
19 79 90
19 81 92
19 83 16
19 84 26
19 93 99
19 94 52
19 98 48
19 102 86
19 103 86
19 104 44
19 107 58
19 110 93
19 112 68
19 113 16
19 114 95
19 115 26
19 118 5
19 122 33
19 123 36
19 124 22
19 125 10
19 126 53
19 127 38
19 128 57
19 130 15
19 131 76
19 133 68
19 137 26
19 138 26
19 142 53
19 146 94
19 147 36
19 148 86
20 23 79
20 26 59
20 27 73
20 30 34
20 31 87
20 34 93
20 38 60
20 39 94
20 42 100
20 43 46
20 45 80
20 46 88
20 47 8
20 49 86
20 54 59
20 58 77
20 61 91
20 62 75
20 64 52
20 65 74
20 67 74
20 69 56
20 71 31
20 74 90
20 79 80
20 81 91
20 83 46
20 84 36
20 93 60
20 97 34
20 98 89
20 100 12
20 102 4
20 104 65
20 106 54
20 107 66
20 108 6
20 109 64
20 112 27
20 114 51
20 119 84
20 123 28
20 126 66
20 127 43
20 131 9
20 132 22
20 134 99
20 136 67
20 137 9
20 141 10
20 142 32
