150 10058 1
1 2 49
1 3 61
1 4 59
1 9 52
1 11 84
1 14 90
1 19 23
1 20 35
1 25 20
1 26 17
1 28 16
1 29 7
1 34 65
1 50 91
1 53 8
1 62 95
1 64 3
1 65 75
1 74 44
1 78 27
1 80 31
1 83 1
1 84 81
1 85 2
1 86 26
1 87 53
1 91 24
1 92 74
1 94 40
1 96 29
1 98 98
1 102 29
1 106 99
1 107 93
1 109 84
1 110 34
1 115 99
1 118 5
1 121 100
1 124 6
1 127 71
1 132 21
1 134 14
1 137 15
1 140 26
1 141 54
1 142 18
1 145 76
1 148 48
1 149 46
1 150 9
2 4 17
2 6 74
2 9 77
2 10 59
2 11 40
2 15 96
2 23 56
2 24 58
2 25 87
2 32 94
2 34 59
2 40 30
2 42 94
2 44 6
2 47 68
2 48 17
2 50 31
2 51 59
2 53 40
2 57 93
2 60 28
2 63 63
2 65 67
2 66 51
2 70 43
2 73 9
2 74 80
2 78 41
2 80 64
2 81 3
2 86 37
2 88 43
2 91 42
2 94 42
2 100 71
2 103 14
2 104 79
2 109 43
2 110 98
2 113 16
2 116 74
2 119 52
2 121 90
2 123 74
2 124 6
2 125 20
2 126 76
2 127 70
2 129 64
2 132 21
2 137 17
2 138 25
2 139 40
2 147 10
2 148 73
3 12 3
3 14 47
3 15 56
3 17 68
3 18 4
3 22 87
3 23 50
3 36 28
3 37 98
3 38 82
3 39 9
3 41 81
3 43 5
3 44 45
3 45 22
3 49 87
3 52 8
3 54 38
3 56 98
3 57 13
3 67 69
3 68 22
3 69 9
3 70 74
3 76 42
3 77 38
3 80 26
3 82 69
3 84 76
3 85 92
3 90 73
3 91 22
3 92 34
3 98 8
3 101 27
3 102 42
3 103 51
3 107 71
3 111 72
3 112 21
3 115 58
3 116 11
3 117 46
3 119 3
3 120 80
3 121 14
3 123 29
3 125 82
3 126 50
3 127 79
3 129 55
3 133 41
3 134 1
3 137 19
3 138 96
3 139 95
3 142 47
3 144 17
3 149 38
4 6 53
4 7 72
4 8 49
4 11 3
4 12 46
4 15 34
4 16 33
4 17 35
4 18 15
4 19 21
4 22 99
4 25 10
4 26 51
4 27 16
4 29 27
4 31 87
4 34 92
4 35 90
4 37 42
4 40 3
4 41 83
4 46 3
4 48 37
4 50 89
4 51 8
4 54 96
4 64 34
4 67 63
4 75 66
4 76 64
4 77 68
4 82 63
4 86 74
4 91 30
4 94 27
4 97 69
4 100 69
4 102 10
4 104 1
4 109 38
4 110 8
4 111 2
4 112 57
4 113 91
4 117 75
4 120 91
4 123 45
4 125 5
4 132 62
4 135 23
4 136 10
4 139 73
4 140 78
4 141 74
4 143 15
4 144 1
4 147 74
4 148 28
4 149 55
5 7 17
5 8 79
5 9 53
5 10 65
5 11 62
5 12 20
5 13 84
5 15 91
5 19 36
5 22 76
5 25 15
5 27 77
5 28 83
5 31 67
5 36 54
5 37 34
5 38 36
5 40 34
5 43 44
5 44 60
5 45 58
5 47 8
5 48 63
5 49 66
5 50 60
5 51 74
5 55 44
5 56 90
5 58 17
5 61 48
5 64 37
5 70 100
5 71 32
5 72 44
5 73 16
5 74 97
5 75 26
5 84 14
5 85 81
5 88 49
5 89 21
5 90 18
5 95 96
5 98 77
5 100 21
5 101 54
5 102 22
5 105 9
5 106 31
5 111 26
5 114 26
5 115 16
5 118 88
5 119 86
5 123 70
5 126 58
5 127 46
5 129 66
5 130 20
5 132 68
5 134 14
5 136 41
5 139 23
5 141 10
5 142 94
5 144 88
5 145 5
5 149 57
6 7 44
6 8 4
6 10 39
6 13 59
6 19 15
6 20 33
6 22 76
6 24 32
6 25 28
6 27 42
6 31 30
6 32 61
6 33 51
6 34 6
6 36 15
6 37 56
6 40 41
6 41 64
6 43 28
6 48 43
6 50 36
6 57 25
6 58 37
6 62 56
6 64 91
6 66 15
6 68 33
6 70 14
6 72 80
6 73 38
6 78 69
6 79 91
6 80 54
6 84 30
6 86 40
6 87 6
6 89 85
6 90 37
6 93 87
6 94 19
6 101 19
6 102 4
6 104 53
6 106 73
6 108 97
6 109 14
6 110 79
6 111 46
6 115 1
6 118 74
6 120 47
6 124 4
6 125 72
6 128 98
6 131 42
6 133 84
6 135 26
6 137 32
6 138 47
6 139 58
6 143 94
6 145 16
7 8 47
7 11 80
7 14 33
7 15 22
7 17 43
7 18 26
7 20 97
7 23 25
7 24 78
7 25 26
7 26 17
7 27 49
7 36 71
7 40 90
7 43 49
7 44 77
7 48 71
7 52 72
7 55 4
7 58 34
7 61 53
7 62 42
7 63 5
7 65 46
7 66 22
7 69 35
7 73 90
7 75 92
7 76 62
7 78 78
7 80 99
7 82 71
7 83 52
7 84 7
7 87 28
7 88 65
7 89 27
7 90 56
7 91 33
7 92 36
7 95 61
7 96 26
7 103 8
7 105 24
7 106 65
7 108 49
7 110 96
7 113 47
7 114 36
7 117 26
7 121 63
7 125 86
7 131 25
7 135 85
7 136 24
7 143 90
7 144 67
7 145 17
7 146 30
7 148 44
8 10 51
8 13 65
8 14 18
8 16 4
8 18 88
8 23 79
8 24 19
8 25 2
8 26 43
8 31 94
8 36 91
8 40 72
8 44 85
8 48 61
8 49 7
8 53 63
8 56 75
8 57 74
8 58 55
8 60 52
8 64 95
8 65 89
8 68 21
8 73 14
8 76 57
8 77 69
8 78 79
8 79 72
8 84 16
8 86 97
8 88 38
8 90 80
8 92 27
8 96 88
8 99 45
8 104 58
8 106 21
8 107 96
8 111 3
8 118 86
8 120 71
8 121 51
8 123 55
8 126 82
8 127 15
8 130 49
8 131 76
8 132 61
8 136 72
8 141 56
8 144 62
8 145 90
8 148 36
8 150 4
9 15 60
9 17 56
9 18 68
9 19 85
9 20 64
9 21 14
9 23 51
9 27 86
9 29 59
9 35 76
9 38 80
9 39 21
9 41 58
9 42 15
9 43 22
9 46 35
9 51 40
9 55 96
9 58 37
9 61 17
9 62 42
9 64 43
9 66 18
9 67 91
9 74 79
9 75 70
9 77 20
9 79 7
9 82 43
9 83 87
9 84 48
9 86 3
9 90 41
9 92 68
9 94 100
9 98 67
9 99 82
9 101 19
9 103 32
9 105 87
9 122 29
9 123 74
9 129 26
9 143 72
9 149 98
10 12 72
10 16 47
10 17 48
10 19 79
10 20 93
10 29 77
10 32 54
10 35 96
10 38 49
10 39 71
10 42 65
10 44 75
10 45 82
10 46 25
10 47 91
10 48 78
10 51 53
10 53 78
10 56 4
10 61 82
10 64 36
10 65 76
10 69 67
10 75 84
10 79 84
10 80 21
10 86 14
10 87 65
10 88 13
10 89 50
10 90 96
10 91 70
10 94 46
10 99 38
10 102 55
10 103 10
10 111 73
10 112 50
10 121 85
10 122 79
10 124 36
10 127 25
10 129 100
10 130 47
10 131 86
10 138 15
10 139 52
10 141 73
10 143 25
10 148 59
11 12 36
11 13 65
11 14 45
11 16 64
11 21 68
11 22 90
11 23 46
11 27 56
11 28 79
11 29 36
11 34 85
11 36 85
11 41 57
11 45 58
11 46 86
11 47 84
11 49 57
11 51 100
11 55 71
11 58 94
11 63 96
11 66 69
11 68 4
11 73 41
11 74 38
11 75 71
11 78 43
11 81 10
11 83 97
11 86 59
11 88 93
11 90 8
11 91 84
11 92 13
11 93 48
11 96 42
11 99 59
11 101 96
11 103 72
11 104 93
11 105 61
11 106 79
11 112 42
11 114 45
11 115 82
11 124 40
11 128 17
11 132 75
11 140 36
11 144 49
11 145 52
11 148 36
12 14 54
12 15 94
12 17 31
12 20 29
12 21 84
12 26 4
12 27 50
12 29 4
12 32 72
12 34 67
12 39 10
12 41 8
12 42 23
12 46 49
12 49 81
12 61 46
12 62 30
12 65 76
12 66 73
12 71 65
12 77 56
12 79 32
12 82 56
12 84 66
12 86 38
12 88 38
12 90 78
12 92 92
12 93 23
12 95 43
12 96 55
12 98 5
12 100 25
12 108 98
12 110 74
12 112 52
12 114 22
12 117 35
12 118 3
12 119 39
12 120 68
12 121 66
12 122 91
12 125 21
12 133 95
12 138 99
12 139 51
12 140 27
12 141 11
12 143 57
13 17 37
13 18 28
13 23 91
13 25 61
13 26 51
13 29 58
13 32 47
13 37 33
13 42 92
13 43 81
13 45 34
13 46 19
13 48 47
13 50 62
13 54 36
13 55 50
13 58 75
13 61 78
13 64 24
13 65 8
13 66 19
13 71 42
13 73 82
13 75 17
13 76 38
13 77 68
13 83 75
13 86 61
13 87 49
13 88 90
13 93 37
13 95 54
13 98 36
13 100 14
13 102 84
13 103 41
13 105 65
13 107 33
13 109 64
13 112 38
13 115 57
13 123 43
13 125 18
13 129 67
13 130 73
13 132 26
13 133 18
13 136 39
13 138 100
13 139 11
13 141 38
13 142 79
13 144 74
13 146 58
13 148 68
14 15 73
14 16 97
14 17 99
14 18 52
14 19 44
14 22 27
14 26 95
14 33 27
14 35 21
14 38 34
14 39 60
14 44 25
14 48 58
14 52 91
14 53 14
14 55 56
14 56 18
14 60 9
14 61 54
14 62 73
14 65 5
14 66 2
14 67 17
14 68 44
14 69 97
14 72 64
14 74 12
14 75 86
14 76 81
14 81 26
14 85 6
14 86 73
14 87 6
14 88 77
14 94 22
14 95 7
14 97 89
14 98 79
14 100 2
14 102 76
14 107 18
14 109 63
14 111 57
14 112 50
14 113 52
14 118 49
14 121 90
14 124 85
14 125 44
14 130 22
14 132 73
14 139 16
14 144 98
14 148 64
15 21 88
15 23 46
15 25 61
15 26 6
15 32 49
15 35 5
15 40 41
15 44 3
15 45 28
15 50 56
15 56 71
15 57 1
15 58 64
15 60 69
15 64 6
15 69 16
15 73 50
15 74 48
15 78 2
15 79 73
15 80 75
15 81 99
15 82 80
15 86 36
15 88 76
15 89 91
15 90 79
15 92 82
15 95 69
15 99 23
15 102 74
15 109 33
15 113 51
15 114 36
15 119 35
15 120 88
15 121 4
15 122 29
15 123 58
15 125 48
15 127 58
15 133 59
15 135 92
15 137 89
15 138 7
15 140 34
15 143 65
15 145 53
15 146 69
15 147 64
15 149 15
16 17 40
16 18 48
16 20 14
16 22 71
16 23 30
16 24 93
16 26 71
16 29 2
16 30 27
16 32 98
16 33 34
16 34 50
16 36 65
16 38 58
16 39 25
16 40 5
16 41 15
16 48 90
16 51 27
16 52 11
16 54 75
16 58 47
16 64 17
16 68 72
16 77 46
16 79 73
16 82 6
16 84 48
16 86 22
16 89 38
16 90 97
16 92 64
16 93 60
16 96 56
16 100 45
16 101 57
16 103 91
16 104 86
16 108 15
16 110 27
16 113 69
16 114 90
16 117 87
16 119 80
16 124 81
16 125 16
16 129 91
16 130 44
16 131 65
16 132 53
16 133 20
16 135 2
16 136 91
16 140 29
16 145 59
16 149 39
16 150 19
17 18 36
17 20 79
17 22 42
17 23 15
17 24 32
17 27 100
17 29 27
17 32 33
17 34 13
17 38 53
17 39 39
17 41 13
17 42 26
17 44 47
17 46 89
17 49 85
17 52 83
17 53 74
17 54 68
17 57 98
17 63 13
17 64 31
17 65 29
17 66 27
17 67 81
17 73 15
17 74 47
17 75 89
17 76 59
17 80 55
17 81 30
17 82 62
17 83 61
17 86 65
17 93 19
17 98 32
17 99 33
17 100 57
17 102 20
17 104 11
17 105 49
17 107 52
17 108 79
17 111 54
17 113 62
17 116 87
17 119 61
17 120 72
17 122 78
17 123 30
17 125 58
17 126 50
17 128 26
17 131 92
17 132 13
17 133 64
17 134 10
17 136 21
17 138 58
17 139 2
17 142 80
17 143 95
17 144 93
17 147 22
17 148 45
17 149 46
18 19 39
18 20 42
18 21 65
18 27 87
18 30 32
18 31 19
18 34 24
18 35 12
18 38 82
18 39 70
18 40 49
18 43 15
18 44 66
18 45 85
18 46 89
18 47 10
18 49 31
18 52 71
18 56 38
18 59 4
18 60 1
18 61 75
18 63 9
18 67 68
18 70 5
18 71 53
18 73 62
18 75 19
18 81 38
18 82 27
18 83 68
18 84 72
18 90 19
18 91 73
18 94 79
18 97 61
18 98 74
18 100 69
18 104 36
18 105 67
18 109 51
18 114 53
18 117 69
18 122 59
18 124 53
18 125 81
18 126 68
18 127 22
18 128 62
18 129 60
18 132 85
18 135 87
18 138 92
18 140 83
18 144 1
18 148 19
19 21 16
19 22 60
19 23 79
19 24 83
19 25 88
19 27 33
19 30 29
19 33 82
19 35 53
19 37 80
19 38 25
19 42 6
19 43 73
19 45 20
19 48 36
19 51 90
19 54 96
19 64 9
19 66 72
19 71 78
19 72 88
19 73 64
19 75 21
19 79 93
19 80 24
19 82 76
19 83 31
19 84 12
19 85 67
19 86 11
19 87 19
19 89 7
19 91 25
19 94 14
19 98 38
19 101 39
19 102 2
19 103 17
19 105 76
19 106 72
19 107 99
19 109 59
19 114 12
19 116 40
19 118 36
19 120 40
19 122 91
19 123 17
19 124 76
19 127 100
19 130 1
19 131 27
19 135 26
19 137 53
19 141 26
19 145 60
20 26 80
20 27 75
20 28 61
20 32 64
20 34 46
20 35 100
20 39 98
20 41 63
20 42 8
20 43 16
20 44 41
20 45 32
20 51 90
20 56 18
20 62 57
20 63 92
20 65 82
20 68 49
20 72 90
20 73 10
20 77 45
20 82 46
20 83 36
20 84 4
20 85 16
20 86 39
20 87 37
20 91 51
20 94 30
20 100 77
20 101 21
20 102 96
20 103 83
20 104 33
20 105 12
20 106 82
20 107 11
20 119 31
20 120 61
20 123 34
20 127 63
20 128 15
20 129 32
20 133 63
20 135 94
20 137 38
20 141 27
20 144 67
20 145 26
20 150 70
21 26 58
21 28 37
21 29 80
21 34 97
21 35 8
21 38 57
21 41 76
21 44 30
21 45 70
21 49 16
21 50 53
21 55 70
21 58 39
21 63 32
21 67 91
21 68 25
21 72 61
21 74 4
21 77 42
21 80 62
21 81 53
21 84 87
21 87 84
21 92 100
21 93 59
21 94 83
21 96 97
21 99 36
21 100 95
21 101 10
21 102 71
21 103 100
21 107 12
21 123 31
21 125 3
21 127 70
21 128 6
21 129 8
21 132 46
21 135 75
21 136 22
21 140 75
21 141 24
21 143 40
21 147 27
21 149 6
22 24 90
22 26 81
22 28 41
22 29 46
22 33 45
22 34 56
22 35 11
22 36 2
22 38 10
22 41 27
22 42 27
22 44 39
22 49 16
22 52 53
22 53 21
22 54 12
22 56 59
22 58 92
22 65 76
22 72 76
22 75 59
22 79 73
22 80 99
22 82 53
22 84 38
22 86 24
22 87 28
22 89 26
22 91 25
22 92 21
22 93 8
22 94 17
22 96 88
22 97 99
22 98 11
22 103 81
22 104 30
22 105 12
22 109 71
22 110 61
22 115 49
22 116 82
22 117 65
22 119 51
22 122 90
22 125 30
22 126 96
22 130 54
22 131 85
22 132 19
22 133 26
22 134 69
22 135 6
22 140 46
22 147 2
23 24 3
23 25 87
23 27 73
23 31 63
23 33 28
23 34 98
23 39 87
23 40 87
23 42 45
23 43 56
23 45 48
23 46 73
23 47 69
23 48 20
23 49 21
23 50 45
23 52 92
23 56 25
23 60 85
23 62 51
23 64 37
23 65 21
23 66 57
23 68 69
23 69 45
23 72 30
23 74 70
23 75 75
23 80 92
23 81 93
23 82 30
23 84 71
23 86 92
23 87 61
23 88 55
23 89 80
23 93 98
23 96 57
23 99 7
23 100 24
23 101 65
23 103 100
23 105 3
23 108 90
23 110 61
23 112 99
23 119 53
23 122 24
23 124 27
23 125 94
23 127 75
23 136 39
23 137 8
23 139 16
23 141 59
23 143 21
23 149 65
24 31 49
24 34 89
24 36 27
24 37 33
24 38 45
24 40 71
24 41 67
24 44 30
24 46 27
24 50 19
24 51 11
24 53 82
24 56 22
24 61 7
24 62 84
24 64 92
24 65 21
24 67 67
24 68 47
24 69 62
24 73 7
24 76 39
24 79 1
24 83 69
24 84 100
24 86 67
24 87 59
24 91 26
24 94 57
24 95 92
24 97 70
24 104 15
24 105 10
24 106 95
24 107 49
24 109 67
24 113 100
24 114 83
24 117 52
24 118 94
24 127 13
24 131 18
24 132 42
24 134 85
24 137 17
24 138 65
24 139 98
24 142 9
24 143 15
24 144 25
24 145 57
24 146 16
24 149 85
25 29 79
25 30 21
25 31 89
25 33 70
25 35 54
25 40 76
25 41 28
25 42 18
25 46 32
25 48 3
25 49 38
25 53 37
25 54 86
25 56 16
25 57 12
25 60 11
25 63 28
25 65 26
25 69 12
25 71 32
25 75 52
25 76 16
25 81 69
25 82 65
25 83 10
25 87 23
25 88 96
25 89 19
25 90 86
25 92 77
25 94 14
25 95 43
25 102 56
25 104 83
25 107 14
25 109 50
25 111 32
25 113 93
25 115 42
25 116 12
25 119 42
25 120 68
25 123 11
25 124 12
25 126 95
25 129 15
25 132 20
25 134 44
25 139 35
25 140 44
25 141 14
25 147 70
25 148 13
25 149 20
26 27 52
26 29 95
26 31 59
26 33 41
26 41 7
26 42 62
26 43 71
26 46 3
26 48 56
26 49 67
26 50 74
26 57 94
26 58 11
26 60 21
26 62 87
26 64 87
26 68 93
26 70 62
26 71 60
26 72 54
26 74 11
26 76 69
26 83 12
26 84 15
26 91 15
26 92 80
26 98 41
26 101 42
26 104 8
26 105 89
26 106 57
26 112 53
26 113 92
26 115 61
26 119 99
26 120 22
26 123 29
26 124 26
26 125 2
26 126 48
26 127 37
26 128 45
26 133 20
26 135 48
26 136 83
26 142 10
26 143 100
26 145 84
26 149 8
26 150 63
27 33 70
27 35 85
27 37 88
27 38 29
27 41 26
27 43 61
27 44 93
27 46 81
27 49 38
27 50 85
27 54 43
27 56 12
27 57 24
27 60 73
27 62 18
27 67 2
27 68 40
27 69 22
27 72 96
27 73 70
27 74 49
27 78 96
27 80 3
27 82 85
27 83 27
27 84 11
27 88 22
27 89 34
27 94 98
27 95 52
27 96 23
27 97 45
27 98 20
27 103 52
27 104 14
27 105 31
27 106 14
27 108 12
27 110 51
27 111 35
27 113 26
27 114 2
27 116 40
27 118 63
27 121 87
27 123 2
27 134 97
27 135 22
27 139 48
27 141 91
27 142 22
27 144 96
27 145 46
27 148 58
27 149 61
28 29 11
28 30 68
28 34 43
28 38 21
28 39 55
28 41 69
28 42 98
28 44 42
28 46 25
28 49 10
28 50 35
28 54 84
28 56 61
28 57 14
28 58 98
28 59 36
28 60 85
28 69 71
28 71 7
28 72 91
28 74 65
28 75 50
28 81 63
28 82 33
28 85 75
28 86 39
28 91 4
28 92 13
28 96 3
28 97 93
28 99 73
28 101 37
28 102 23
28 107 19
28 108 80
28 110 23
28 114 6
28 116 81
28 118 9
28 119 90
28 120 31
28 121 10
28 122 3
28 124 56
28 127 9
28 133 97
28 134 54
28 135 10
28 136 21
28 137 62
28 139 28
28 140 75
28 142 19
28 148 84
28 150 35
29 31 58
29 34 88
29 37 1
29 38 40
29 40 8
29 41 71
29 43 21
29 46 74
29 49 30
29 51 40
29 54 55
29 55 92
29 57 67
29 59 73
29 61 30
29 63 39
29 64 83
29 65 54
29 69 46
29 71 28
29 72 34
29 74 5
29 75 63
29 77 43
29 81 77
29 83 26
29 84 48
29 91 47
29 92 25
29 93 47
29 95 15
29 96 93
29 98 71
29 100 72
29 101 58
29 102 44
29 103 23
29 106 17
29 110 56
29 111 62
29 112 2
29 113 25
29 118 20
29 119 86
29 120 54
29 124 95
29 125 49
29 126 99
29 128 30
29 130 12
29 132 7
29 134 83
29 135 14
29 136 42
29 137 33
29 139 11
29 140 18
29 141 42
29 142 15
29 144 79
29 145 65
29 147 66
30 31 92
30 32 93
30 33 16
30 34 93
30 35 33
30 36 40
30 37 96
30 39 68
30 41 61
30 43 60
30 44 51
30 46 50
30 48 15
30 52 48
30 58 42
30 62 6
30 67 22
30 69 7
30 71 25
30 72 100
30 77 45
30 80 98
30 84 50
30 85 97
30 91 15
30 92 64
30 93 95
30 99 9
30 102 95
30 103 78
30 107 17
30 108 45
30 110 11
30 111 38
30 112 10
30 116 63
30 118 97
30 119 28
30 120 75
30 122 37
30 123 79
30 124 7
30 125 44
30 127 28
30 128 37
30 130 72
30 132 29
30 133 63
30 136 11
30 139 95
30 143 43
30 144 67
30 146 46
30 147 56
30 149 58
31 34 12
31 35 16
31 36 85
31 37 95
31 41 22
31 42 59
31 43 54
31 44 12
31 48 45
31 56 51
31 57 22
31 58 80
31 60 42
31 61 26
31 62 37
31 65 25
31 66 32
31 70 92
31 76 51
31 80 88
31 83 28
31 89 17
31 90 62
31 91 41
31 93 68
31 94 33
31 95 35
31 98 17
31 101 43
31 102 77
31 103 40
31 104 68
31 105 22
31 111 9
31 113 15
31 115 52
31 122 92
31 123 8
31 126 33
31 127 61
31 130 100
31 131 11
31 134 66
31 144 34
31 145 90
31 147 88
31 148 33
31 150 34
32 33 4
32 35 44
32 39 33
32 40 88
32 44 18
32 45 54
32 46 33
32 48 70
32 51 11
32 52 45
32 54 69
32 55 87
32 57 29
32 59 46
32 63 20
32 64 94
32 65 81
32 67 22
32 77 49
32 79 21
32 81 17
32 86 49
32 87 12
32 88 80
32 92 76
32 97 99
32 100 98
32 102 51
32 104 14
32 110 72
32 111 96
32 114 78
32 116 18
32 120 29
32 122 84
32 123 30
32 132 79
32 133 49
32 135 90
32 137 80
32 147 39
32 148 18
32 149 47
33 39 4
33 42 99
33 44 62
33 51 14
33 52 71
33 55 50
33 59 4
33 63 76
33 66 65
33 67 35
33 69 64
33 70 37
33 71 72
33 74 29
33 77 65
33 78 88
33 79 3
33 80 10
33 81 58
33 84 5
33 86 7
33 87 43
33 92 52
33 93 28
33 94 21
33 95 81
33 96 75
33 100 25
33 101 57
33 108 72
33 109 56
33 113 10
33 115 15
33 116 73
33 117 90
33 118 90
33 121 92
33 123 14
33 124 46
33 125 60
33 126 45
33 127 53
33 130 20
33 132 8
33 133 71
33 134 4
33 135 97
33 136 68
33 137 4
33 139 90
33 141 80
33 142 9
33 144 22
33 147 65
34 37 5
34 40 16
34 42 10
34 43 69
34 44 28
34 46 64
34 51 58
34 56 34
34 60 95
34 67 52
34 79 34
34 80 71
34 81 42
34 83 84
34 85 40
34 86 77
34 87 71
34 88 46
34 98 43
34 99 97
34 102 84
34 103 78
34 110 39
34 111 46
34 112 32
34 115 93
34 117 67
34 118 1
34 123 63
34 124 61
34 125 57
34 126 22
34 130 69
34 136 57
34 137 69
34 138 73
34 141 16
34 143 13
34 145 20
35 37 53
35 38 80
35 39 3
35 41 54
35 42 20
35 55 99
35 59 39
35 62 42
35 66 27
35 68 72
35 69 57
35 71 50
35 72 9
35 73 38
35 75 40
35 77 62
35 78 5
35 79 58
35 80 3
35 81 95
35 85 38
35 86 83
35 89 81
35 97 49
35 99 4
35 102 22
35 103 29
35 104 56
35 114 23
35 122 22
35 125 64
35 130 43
35 131 34
35 137 71
35 139 76
35 141 99
35 142 69
35 144 47
35 146 57
35 148 98
35 149 47
36 39 84
36 40 67
36 44 55
36 49 21
36 51 69
36 53 29
36 55 65
36 58 40
36 59 36
36 60 69
36 62 44
36 68 89
36 72 6
36 76 84
36 80 38
36 81 85
36 83 73
36 84 33
36 86 76
36 87 78
36 88 63
36 91 18
36 92 75
36 93 46
36 94 4
36 95 81
36 96 55
36 98 75
36 104 74
36 106 99
36 113 72
36 115 31
36 120 68
36 123 82
36 124 23
36 126 15
36 128 50
36 131 58
36 132 40
36 134 3
36 136 81
36 137 88
36 139 5
36 142 63
36 143 22
36 144 13
36 146 38
36 147 13
36 148 12
36 149 11
36 150 43
37 38 61
37 40 42
37 47 15
37 51 20
37 56 84
37 62 75
37 66 66
37 69 3
37 73 83
37 74 23
37 75 27
37 80 68
37 83 67
37 84 42
37 85 15
37 89 8
37 90 72
37 91 69
37 92 75
37 93 92
37 94 100
37 96 100
37 97 25
37 98 29
37 99 53
37 100 90
37 105 59
37 107 56
37 109 74
37 110 47
37 111 70
37 113 57
37 114 27
37 117 72
37 119 98
37 120 33
37 129 35
37 133 86
37 135 95
37 136 14
37 138 55
37 139 61
37 144 14
37 145 11
37 146 74
38 39 50
38 45 16
38 47 81
38 49 34
38 53 23
38 54 3
38 56 29
38 57 30
38 58 36
38 60 33
38 61 84
38 62 32
38 64 29
38 68 16
38 70 2
38 72 99
38 75 80
38 76 12
38 77 57
38 78 6
38 80 49
38 82 81
38 83 62
38 87 56
38 90 21
38 92 74
38 93 56
38 97 92
38 101 32
38 106 85
38 107 14
38 108 1
38 109 100
38 114 73
38 115 84
38 118 67
38 126 62
38 127 32
38 128 18
38 134 2
38 135 36
38 140 100
38 141 5
38 144 96
38 146 86
38 147 31
38 150 38
39 41 12
39 45 42
39 47 25
39 48 95
39 49 17
39 50 76
39 51 89
39 52 85
39 53 26
39 54 22
39 58 92
39 59 36
39 63 80
39 64 20
39 66 39
39 68 33
39 69 81
39 70 9
39 73 92
39 77 76
39 80 22
39 83 90
39 84 75
39 85 22
39 92 18
39 93 44
39 95 58
39 96 61
39 97 68
39 99 57
39 106 63
39 107 17
39 110 17
39 114 28
39 116 64
39 117 36
39 118 94
39 119 94
39 120 30
39 123 2
39 125 94
39 126 15
39 129 83
39 130 6
39 134 25
39 139 94
39 140 51
39 143 89
39 144 4
39 146 95
39 147 23
39 148 54
39 150 91
40 42 32
40 45 65
40 46 99
40 49 30
40 50 21
40 53 22
40 54 63
40 56 63
40 66 59
40 68 13
40 69 8
40 71 82
40 73 94
40 76 53
40 77 11
40 79 23
40 83 92
40 86 65
40 98 41
40 105 75
40 109 79
40 114 61
40 115 38
40 117 35
40 119 16
40 121 23
40 123 81
40 126 32
40 127 45
40 129 24
40 132 100
40 134 95
40 135 23
40 136 79
40 138 2
40 139 77
40 140 2
40 142 53
40 144 75
40 149 66
41 45 53
41 48 48
41 49 74
41 51 91
41 52 4
41 54 15
41 55 5
41 58 11
41 60 57
41 64 55
41 65 1
41 67 93
41 69 43
41 74 56
41 75 15
41 76 79
41 78 33
41 79 83
41 80 47
41 81 85
41 83 69
41 85 33
41 86 60
41 88 33
41 89 34
41 90 91
41 91 26
41 93 55
41 95 95
41 97 23
41 98 97
41 102 64
41 105 54
41 108 67
41 110 18
41 111 97
41 114 59
41 118 19
41 119 56
41 121 33
41 122 46
41 125 37
41 126 20
41 127 55
41 128 41
41 129 74
41 130 24
41 134 65
41 135 5
41 136 81
41 137 22
41 138 58
41 140 79
41 143 86
41 145 58
41 147 73
41 148 9
42 43 47
42 45 6
42 47 95
42 52 14
42 54 90
42 55 77
42 60 16
42 62 22
42 63 3
42 64 33
42 70 24
42 72 96
42 74 33
42 76 63
42 82 10
42 84 72
42 85 23
42 86 25
42 88 1
42 90 91
42 93 36
42 96 4
42 98 41
42 99 69
42 102 39
42 103 90
42 105 22
42 106 41
42 109 57
42 112 88
42 113 62
42 115 24
42 116 88
42 117 51
42 118 43
42 123 53
42 127 51
42 128 91
42 130 43
42 132 8
42 133 31
42 135 28
42 137 57
42 140 48
42 143 89
42 145 61
42 146 69
42 148 80
43 44 82
43 50 19
43 52 91
43 56 80
43 57 20
43 58 72
43 62 72
43 63 69
43 65 25
43 71 47
43 72 55
43 76 33
43 78 23
43 82 30
43 86 81
43 89 37
43 90 16
43 91 28
43 93 4
43 95 12
43 96 72
43 97 74
43 105 88
43 107 3
43 108 30
43 109 50
43 115 46
43 116 74
43 120 9
43 121 7
43 122 10
43 128 43
43 130 52
43 133 74
43 134 64
43 136 59
43 137 91
43 139 63
43 140 16
43 141 96
43 145 11
43 146 12
43 149 27
44 50 92
44 54 25
44 55 13
44 61 28
44 67 99
44 69 39
44 72 58
44 75 54
44 77 43
44 80 30
44 82 7
44 87 17
44 89 77
44 92 55
44 93 22
44 94 60
44 97 75
44 98 15
44 110 46
44 113 76
44 117 41
44 118 36
44 119 77
44 120 71
44 122 2
44 125 93
44 130 95
44 132 19
44 135 55
44 136 16
44 141 36
44 143 69
44 145 56
44 146 81
45 48 77
45 49 9
45 50 67
45 51 16
45 53 93
45 54 98
45 55 88
45 57 41
45 59 91
45 62 26
45 66 91
45 67 64
45 71 88
45 74 55
45 75 90
45 78 98
45 79 63
45 83 30
45 84 65
45 85 10
45 88 84
45 96 23
45 97 92
45 98 63
45 99 39
45 100 99
45 103 96
45 105 66
45 107 57
45 110 19
45 113 45
45 114 11
45 117 45
45 120 98
45 121 60
45 123 48
45 132 97
45 133 55
45 134 98
45 135 25
45 136 41
45 143 30
45 145 96
45 148 9
45 150 9
46 48 34
46 52 50
46 54 32
46 55 97
46 57 85
46 58 19
46 64 16
46 66 8
46 68 31
46 73 47
46 75 40
46 79 100
46 81 17
46 84 11
46 85 45
46 87 11
46 94 17
46 99 76
46 100 47
46 101 82
46 102 20
46 103 88
46 106 28
46 108 10
46 109 83
46 110 2
46 112 36
46 113 29
46 116 82
46 119 94
46 121 8
46 124 86
46 126 45
46 128 34
46 129 10
46 130 87
46 132 50
46 134 88
46 140 14
46 141 62
46 145 39
46 146 18
46 149 72
46 150 84
47 48 62
47 49 39
47 50 100
47 51 14
47 52 39
47 55 67
47 56 96
47 58 78
47 60 48
47 65 57
47 66 94
47 70 92
47 74 13
47 78 39
47 79 71
47 81 44
47 86 25
47 91 42
47 93 99
47 96 71
47 97 28
47 102 9
47 106 91
47 107 25
47 110 62
47 111 13
47 112 87
47 113 9
47 117 1
47 118 41
47 119 68
47 130 96
47 135 50
47 137 29
47 139 24
47 144 68
47 145 14
47 146 62
48 50 81
48 52 25
48 57 24
48 59 26
48 61 2
48 65 67
48 66 68
48 68 9
48 74 51
48 77 74
48 78 72
48 79 74
48 80 2
48 83 1
48 84 33
48 85 60
48 86 51
48 89 23
48 93 91
48 94 35
48 99 77
48 100 13
48 102 88
48 103 89
48 106 97
48 107 17
48 109 6
48 113 36
48 115 6
48 118 2
48 119 11
48 128 74
48 129 27
48 130 81
48 131 27
48 132 39
48 134 1
48 137 75
48 142 93
48 149 33
49 50 26
49 52 69
49 55 12
49 64 32
49 76 1
49 80 86
49 81 76
49 83 74
49 90 22
49 93 93
49 95 59
49 96 79
49 102 5
49 103 51
49 105 47
49 109 32
49 110 62
49 111 4
49 112 20
49 113 7
49 114 47
49 115 87
49 120 19
49 122 98
49 124 28
49 126 30
49 127 81
49 132 5
49 135 13
49 136 19
49 138 87
49 139 63
49 143 66
49 144 75
49 149 16
49 150 90
50 51 63
50 54 73
50 56 54
50 58 65
50 59 20
50 63 82
50 64 1
50 65 6
50 66 13
50 67 6
50 68 9
50 69 75
50 71 62
50 72 45
50 75 54
50 78 82
50 80 72
50 83 54
50 86 36
50 90 47
50 92 69
50 95 49
50 97 32
50 98 1
50 99 57
50 101 49
50 102 68
50 103 33
50 104 48
50 106 74
50 108 78
50 109 81
50 112 33
50 115 87
50 119 54
50 121 23
50 122 1
50 123 26
50 127 52
50 131 25
50 133 9
50 135 30
50 136 90
50 141 97
50 143 73
50 144 57
50 147 37
51 52 46
51 57 13
51 65 56
51 67 26
51 68 55
51 78 63
51 81 51
51 84 38
51 85 84
51 86 47
51 93 81
51 94 90
51 95 100
51 97 2
51 98 68
51 102 70
51 108 57
51 110 16
51 112 35
51 113 95
51 114 38
51 116 35
51 119 49
51 122 14
51 126 77
51 128 12
51 130 48
51 136 15
51 137 71
51 138 26
51 139 50
51 140 15
51 144 53
51 145 16
51 146 7
51 147 91
51 149 96
51 150 25
52 54 12
52 59 52
52 60 87
52 63 23
52 68 46
52 72 19
52 73 36
52 74 70
52 76 19
52 77 5
52 78 73
52 79 11
52 81 88
52 84 45
52 87 6
52 95 40
52 100 19
52 108 60
52 111 84
52 112 66
52 114 77
52 116 54
52 119 90
52 120 34
52 122 87
52 124 24
52 126 54
52 129 92
52 130 74
52 132 13
52 134 28
52 136 50
52 141 26
52 143 64
52 148 4
52 149 9
53 54 84
53 58 8
53 59 22
53 60 28
53 61 69
53 63 68
53 65 86
53 69 72
53 70 75
53 72 55
53 75 95
53 78 1
53 79 55
53 81 73
53 82 100
53 85 69
53 86 2
53 88 43
53 93 82
53 94 22
53 95 61
53 96 17
53 97 4
53 98 99
53 100 37
53 101 29
53 102 48
53 107 79
53 108 79
53 110 22
53 112 81
53 113 36
53 117 73
53 118 98
53 123 38
53 130 54
53 132 37
53 134 72
53 139 74
53 140 48
53 141 32
53 142 14
54 56 9
54 62 99
54 66 100
54 67 57
54 74 16
54 76 30
54 77 49
54 78 45
54 79 62
54 81 25
54 82 6
54 86 64
54 87 24
54 89 82
54 90 93
54 98 54
54 101 33
54 105 70
54 108 45
54 109 72
54 110 40
54 111 72
54 113 28
54 115 14
54 119 88
54 122 21
54 124 71
54 125 67
54 127 23
54 132 62
54 134 26
54 136 32
54 138 33
54 139 84
54 140 59
54 143 51
54 146 37
54 148 15
54 149 29
55 59 70
55 62 46
55 65 88
55 66 55
55 67 60
55 69 10
55 74 66
55 76 98
55 77 85
55 80 22
55 84 35
55 86 75
55 87 89
55 88 87
55 89 88
55 91 48
55 93 68
55 95 27
55 96 22
55 98 100
55 103 35
55 107 49
55 110 59
55 112 77
55 113 84
55 115 44
55 116 66
55 121 88
55 126 82
55 128 52
55 132 41
55 133 83
55 135 51
55 139 95
55 141 84
55 142 76
55 147 77
55 148 70
55 150 29
56 60 81
56 66 27
56 73 75
56 74 38
56 77 93
56 78 96
56 79 85
56 84 74
56 85 30
56 86 18
56 88 18
56 89 64
56 92 12
56 94 91
56 96 73
56 97 81
56 100 4
56 101 75
56 103 55
56 104 56
56 105 60
56 109 14
56 111 79
56 114 65
56 116 71
56 117 99
56 122 92
56 126 78
56 128 27
56 130 99
56 133 57
56 134 61
56 135 20
56 136 72
56 137 12
56 147 46
57 58 58
57 60 94
57 64 99
57 65 82
57 66 72
57 68 2
57 70 72
57 72 94
57 76 8
57 78 94
57 84 94
57 85 3
57 86 87
57 87 33
57 93 54
57 94 33
57 97 51
57 99 10
57 100 38
57 101 24
57 102 39
57 104 44
57 105 63
57 106 28
57 108 86
57 109 31
57 110 28
57 112 10
57 113 39
57 117 99
57 121 92
57 127 55
57 128 30
57 129 27
57 130 29
57 131 86
57 133 17
57 135 97
57 136 35
57 140 6
57 144 61
57 146 81
57 147 41
57 148 60
57 149 2
57 150 79
58 60 48
58 62 36
58 63 45
58 66 100
58 68 10
58 71 49
58 72 95
58 78 40
58 85 19
58 86 58
58 92 10
58 93 2
58 94 26
58 104 75
58 105 83
58 108 13
58 110 96
58 111 51
58 116 28
58 118 3
58 122 18
58 124 55
58 126 29
58 128 83
58 129 2
58 130 26
58 131 49
58 132 13
58 135 40
58 138 30
58 147 5
59 64 10
59 65 98
59 72 84
59 73 25
59 74 35
59 79 58
59 80 100
59 81 10
59 82 61
59 83 88
59 87 26
59 88 22
59 91 88
59 95 95
59 97 78
59 101 18
59 104 77
59 107 90
59 109 23
59 111 30
59 113 64
59 116 33
59 121 70
59 122 79
59 123 33
59 125 77
59 126 96
59 127 64
59 128 28
59 130 100
59 131 28
59 132 71
59 138 93
59 139 30
60 64 28
60 66 75
60 67 10
60 72 22
60 75 99
60 77 60
60 78 10
60 84 78
60 86 4
60 87 48
60 90 31
60 91 77
60 98 36
60 104 25
60 105 60
60 108 7
60 110 68
60 112 53
60 113 41
60 116 1
60 118 9
60 122 7
60 126 51
60 127 32
60 128 62
60 129 77
60 130 6
60 131 35
60 135 22
60 136 39
60 137 29
60 143 34
61 62 86
61 70 33
61 73 6
61 74 60
61 78 94
61 81 32
61 84 22
61 86 27
61 89 89
61 91 6
61 94 2
61 95 31
61 101 90
61 104 50
61 106 43
61 107 5
61 113 90
61 117 85
61 123 17
61 127 94
61 129 78
61 134 22
61 135 69
61 136 39
61 137 59
61 140 88
61 147 93
61 150 17
62 66 57
62 75 34
62 76 17
62 82 31
62 85 24
62 86 40
62 93 70
62 94 58
62 95 16
62 104 62
62 106 98
62 107 57
62 109 18
62 110 94
62 111 39
62 112 2
62 113 40
62 114 28
62 115 7
62 117 96
62 121 75
62 122 15
62 124 80
62 125 18
62 129 90
62 134 57
62 135 67
62 139 61
62 145 74
63 64 66
63 67 16
63 71 19
63 72 92
63 75 73
63 77 64
63 78 10
63 83 85
63 84 43
63 87 28
63 88 34
63 89 32
63 92 95
63 93 33
63 94 10
63 96 51
63 97 99
63 98 97
63 99 20
63 100 36
63 103 99
63 104 28
63 106 22
63 107 65
63 108 93
63 109 35
63 113 18
63 117 34
63 121 80
63 123 93
63 126 20
63 129 10
63 130 19
63 132 40
63 134 77
63 138 44
63 139 66
63 143 83
63 147 5
63 149 78
64 65 36
64 69 98
64 70 31
64 76 26
64 77 87
64 78 56
64 81 35
64 82 21
64 87 47
64 88 1
64 91 44
64 94 10
64 101 65
64 102 16
64 103 59
64 104 83
64 105 8
64 107 30
64 108 41
64 113 13
64 119 40
64 121 19
64 126 82
64 132 90
64 134 15
64 135 19
64 138 60
64 140 59
64 144 100
64 145 11
65 68 70
65 69 38
65 72 41
65 73 60
65 74 77
65 76 70
65 78 30
65 79 73
65 80 1
65 81 17
65 85 90
65 86 81
65 87 62
65 88 32
65 93 77
65 94 62
65 97 16
65 98 35
65 100 89
65 103 69
65 105 46
65 106 54
65 107 62
65 108 60
65 112 27
65 113 98
65 125 97
65 128 31
65 131 42
65 132 5
65 136 95
65 137 26
65 139 39
65 140 2
65 141 45
65 144 77
65 145 6
65 148 71
65 149 19
66 67 80
66 68 43
66 69 21
66 71 79
66 73 27
66 74 3
66 76 52
66 79 82
66 83 21
66 84 86
66 87 93
66 88 1
66 89 50
66 90 66
66 92 56
66 94 73
66 96 64
66 98 52
66 100 57
66 102 88
66 105 64
66 106 4
66 107 39
66 112 81
66 113 45
66 114 51
66 115 25
66 117 48
66 118 58
66 119 51
66 121 23
66 122 22
66 124 86
66 126 23
66 134 11
66 135 32
66 139 37
66 140 97
66 143 80
66 144 19
66 145 83
66 149 94
67 68 39
67 71 7
67 76 62
67 77 22
67 79 87
67 80 33
67 81 14
67 83 52
67 85 61
67 86 6
67 91 88
67 94 62
67 96 37
67 97 78
67 99 21
67 105 80
67 109 13
67 110 2
67 112 95
67 113 8
67 117 21
67 119 64
67 120 2
67 121 37
67 124 78
67 125 69
67 126 34
67 129 98
67 133 35
67 135 78
67 136 48
67 139 99
67 145 96
67 146 2
67 149 64
67 150 2
68 71 62
68 72 39
68 73 83
68 75 36
68 78 36
68 80 66
68 82 33
68 87 13
68 91 92
68 92 96
68 100 75
68 101 87
68 104 84
68 105 15
68 106 86
68 107 55
68 109 15
68 112 3
68 115 80
68 117 68
68 118 9
68 119 76
68 120 94
68 121 83
68 125 92
68 129 49
68 130 97
68 131 37
68 132 45
68 135 34
68 137 53
68 139 31
68 140 52
68 141 66
68 143 17
68 146 46
68 148 52
68 150 55
69 70 24
69 72 17
69 73 13
69 80 5
69 83 71
69 84 92
69 89 45
69 94 52
69 96 38
69 98 16
69 100 19
69 101 65
69 102 53
69 107 47
69 111 75
69 112 81
69 114 27
69 115 22
69 121 30
69 123 10
69 126 24
69 127 3
69 128 41
69 134 10
69 138 78
69 142 49
69 147 77
70 76 100
70 78 18
70 80 92
70 82 22
70 83 99
70 85 61
70 87 84
70 88 31
70 93 93
70 94 69
70 95 39
70 97 54
70 100 25
70 103 38
70 106 52
70 107 58
70 111 6
70 115 83
70 121 3
70 122 87
70 123 79
70 125 94
70 126 96
70 127 17
70 130 48
70 131 9
70 135 14
70 136 65
70 137 56
70 140 88
70 141 83
70 142 82
70 147 57
70 148 22
70 149 22
71 76 48
71 78 62
71 80 87
71 81 75
71 82 45
71 83 21
71 85 68
71 88 15
71 89 49
71 91 20
71 92 41
71 94 57
71 95 28
71 98 85
71 100 77
71 104 31
71 106 95
71 110 40
71 111 83
71 113 14
71 116 9
71 119 29
71 120 22
71 121 95
71 125 36
71 128 67
71 133 65
71 134 27
71 135 8
71 136 57
71 138 19
71 143 91
72 73 30
72 76 89
72 78 63
72 83 56
72 84 95
72 86 27
72 87 58
72 91 78
72 92 35
72 96 66
72 97 73
72 99 87
72 101 49
72 104 16
72 106 7
72 108 83
72 109 80
72 111 39
72 112 22
72 113 99
72 116 91
72 119 4
72 121 50
72 122 83
72 126 62
72 132 73
72 133 72
72 135 1
72 137 86
72 139 11
72 140 71
72 144 56
73 75 93
73 77 51
73 78 41
73 82 61
73 83 15
73 85 26
73 88 74
73 89 93
73 90 78
73 96 44
73 97 87
73 103 82
73 106 89
73 108 99
73 110 67
73 111 29
73 112 29
73 113 69
73 115 27
73 119 24
73 122 58
73 127 74
73 128 58
73 130 35
73 135 91
73 139 59
73 140 28
73 142 34
73 143 22
73 144 7
73 145 5
73 146 78
73 147 83
73 150 63
74 75 90
74 78 41
74 79 57
74 80 71
74 81 43
74 84 64
74 85 24
74 89 100
74 92 94
74 94 40
74 98 83
74 101 71
74 102 66
74 103 87
74 104 9
74 105 11
74 106 40
74 110 56
74 111 80
74 112 84
74 113 53
74 114 70
74 116 8
74 119 52
74 123 33
74 126 54
74 129 77
74 131 73
74 132 58
74 135 93
74 141 26
74 142 35
74 144 51
74 148 4
74 149 39
75 78 36
75 79 80
75 80 8
75 81 33
75 84 42
75 88 46
75 91 43
75 92 47
75 93 79
75 97 38
75 99 38
75 100 39
75 101 16
75 103 67
75 105 10
75 107 8
75 108 13
75 109 18
75 111 97
75 116 50
75 118 2
75 122 94
75 125 49
75 126 54
75 131 12
75 135 34
75 139 53
75 142 90
75 143 3
75 146 21
75 148 23
75 149 33
76 77 79
76 79 24
76 80 51
76 84 61
76 86 19
76 87 41
76 88 62
76 91 65
76 92 50
76 94 57
76 104 1
76 105 55
76 109 53
76 110 75
76 112 36
76 113 63
76 115 56
76 116 16
76 117 76
76 118 19
76 126 79
76 129 49
76 137 88
76 143 100
76 146 6
76 150 31
77 78 91
77 79 11
77 80 30
77 84 23
77 85 21
77 91 74
77 96 60
77 97 75
77 98 1
77 101 17
77 106 37
77 110 63
77 114 61
77 115 58
77 118 33
77 123 8
77 126 73
77 130 15
77 131 64
77 132 17
77 135 4
77 142 77
77 143 14
77 144 48
77 146 21
77 149 67
77 150 87
78 79 85
78 80 13
78 81 94
78 83 21
78 84 6
78 85 74
78 87 66
78 88 77
78 94 12
78 97 25
78 98 33
78 102 24
78 103 8
78 105 73
78 109 37
78 110 98
78 112 75
78 116 19
78 119 3
78 121 33
78 134 36
78 135 16
78 136 22
78 137 10
78 143 58
78 149 82
78 150 94
79 81 90
79 85 69
79 88 39
79 92 42
79 95 50
79 97 84
79 98 79
79 101 79
79 102 64
79 103 69
79 104 72
79 106 67
79 108 4
79 120 70
79 123 90
79 126 93
79 131 3
79 136 96
79 138 45
79 140 77
79 142 39
79 145 92
79 146 75
79 147 75
80 83 34
80 86 78
80 87 58
80 88 18
80 90 12
80 92 73
80 93 78
80 96 32
80 98 6
80 102 81
80 104 69
80 106 23
80 111 83
80 112 99
80 114 33
80 116 16
80 121 64
80 129 59
80 130 38
80 131 76
80 132 16
80 141 77
80 143 21
80 144 12
80 145 24
80 150 34
81 82 8
81 84 42
81 86 7
81 87 100
81 88 96
81 91 40
81 96 55
81 99 34
81 102 2
81 107 95
81 109 58
81 111 82
81 112 76
81 113 46
81 115 54
81 116 47
81 118 90
81 120 27
81 121 47
81 123 27
81 124 54
81 127 78
81 128 68
81 130 74
81 133 28
81 134 39
81 139 80
81 143 20
81 147 12
81 150 78
82 83 93
82 84 19
82 92 92
82 94 80
82 100 45
82 101 64
82 103 14
82 104 45
82 105 55
82 106 74
82 115 33
82 120 92
82 124 83
82 125 59
82 129 100
82 130 37
82 132 41
82 133 95
82 138 54
82 139 75
82 141 16
82 143 18
82 147 29
82 150 90
83 84 13
83 86 50
83 89 57
83 91 29
83 93 89
83 94 3
83 98 100
83 99 47
83 100 69
83 103 10
83 108 34
83 109 41
83 111 89
83 112 2
83 115 68
83 116 20
83 118 76
83 119 96
83 120 25
83 121 65
83 125 44
83 134 26
83 135 39
83 136 90
83 139 88
83 141 25
83 145 94
83 150 6
84 86 66
84 88 67
84 90 42
84 100 13
84 102 74
84 103 51
84 108 100
84 111 51
84 115 80
84 117 48
84 118 27
84 121 29
84 122 10
84 123 31
84 124 48
84 125 47
84 127 48
84 128 26
84 134 67
84 135 86
84 137 19
84 146 70
84 148 81
84 149 60
85 88 95
85 90 6
85 91 51
85 94 49
85 95 65
85 101 35
85 102 27
85 104 1
85 105 12
85 107 18
85 109 24
85 110 38
85 111 22
85 112 32
85 113 39
85 115 79
85 119 43
85 120 48
85 122 93
85 124 5
85 125 30
85 126 4
85 127 15
85 128 8
85 132 85
85 134 94
85 135 42
85 137 38
85 141 54
85 143 86
85 148 77
85 149 77
86 87 53
86 89 7
86 90 95
86 91 66
86 94 55
86 95 87
86 97 36
86 102 13
86 103 82
86 107 61
86 108 41
86 109 41
86 117 1
86 119 52
86 120 74
86 121 1
86 124 67
86 125 30
86 130 82
86 133 22
86 135 10
86 136 44
86 140 31
86 143 45
86 144 30
86 150 41
87 90 46
87 98 39
87 99 78
87 104 1
87 108 15
87 109 12
87 111 36
87 113 8
87 121 52
87 126 20
87 127 92
87 129 32
87 131 61
87 132 14
87 136 72
87 137 35
87 138 60
87 140 54
87 146 93
87 149 65
87 150 85
88 92 70
88 93 52
88 95 64
88 96 44
88 97 1
88 99 20
88 102 92
88 103 99
88 104 59
88 105 30
88 108 69
88 109 17
88 111 27
88 117 43
88 119 13
88 121 50
88 122 39
88 126 61
88 128 50
88 130 39
88 131 41
88 132 33
88 136 14
88 139 76
88 140 55
88 143 53
88 146 51
88 147 46
89 91 82
89 93 98
89 98 33
89 99 34
89 100 87
89 101 88
89 102 12
89 103 58
89 105 40
89 107 24
89 109 39
89 112 98
89 115 99
89 116 17
89 119 88
89 120 91
89 121 19
89 124 22
89 125 67
89 126 31
89 128 2
89 134 91
89 135 79
89 137 28
89 138 30
89 139 15
89 142 76
89 144 30
89 146 58
89 147 35
89 149 67
90 91 99
90 99 80
90 101 84
90 102 36
90 105 50
90 106 59
90 107 56
90 110 86
90 112 86
90 113 97
90 115 45
90 117 29
90 124 53
90 125 63
90 132 59
90 136 58
90 140 23
90 142 6
90 146 76
90 149 70
91 93 10
91 94 9
91 95 63
91 98 91
91 101 95
91 108 54
91 109 54
91 111 21
91 112 39
91 116 73
91 120 28
91 121 27
91 122 31
91 124 66
91 125 15
91 126 82
91 131 93
91 138 9
91 139 19
91 142 67
91 149 46
91 150 77
92 95 63
92 96 37
92 100 27
92 107 78
92 108 94
92 112 53
92 113 95
92 114 14
92 118 41
92 119 27
92 120 8
92 124 80
92 125 86
92 127 58
92 128 72
92 129 55
92 136 51
92 138 73
92 143 67
92 144 47
92 147 28
92 148 5
93 101 81
93 103 21
93 106 96
93 107 8
93 108 78
93 111 6
93 117 73
93 118 73
93 125 25
93 127 53
93 129 45
93 134 34
93 137 56
93 138 76
93 147 65
94 95 85
94 96 23
94 98 42
94 99 83
94 102 34
94 103 96
94 105 76
94 106 9
94 108 42
94 116 85
94 117 10
94 118 48
94 119 50
94 122 75
94 123 13
94 126 48
94 128 42
94 129 74
94 130 26
94 131 77
94 137 14
94 140 54
94 148 44
94 149 20
95 97 56
95 102 55
95 103 37
95 104 65
95 108 100
95 109 91
95 111 44
95 112 19
95 121 69
95 128 12
95 130 18
95 131 84
95 134 49
95 135 90
95 136 53
95 138 92
95 139 33
95 141 41
95 142 36
95 144 65
95 145 58
95 146 12
95 150 72
96 97 41
96 99 99
96 100 65
96 101 89
96 102 36
96 104 10
96 105 15
96 109 94
96 110 17
96 113 90
96 116 55
96 118 87
96 119 93
96 121 55
96 122 24
96 127 17
96 130 88
96 131 93
96 134 18
96 139 70
96 142 15
96 147 95
97 98 85
97 101 6
97 105 84
97 108 7
97 111 17
97 114 34
97 118 8
97 120 51
97 121 94
97 124 4
97 126 61
97 129 56
97 133 33
97 136 51
97 137 86
97 140 66
97 146 72
98 102 30
98 108 54
98 110 39
98 111 22
98 114 15
98 115 56
98 118 42
98 119 28
98 124 67
98 125 55
98 126 38
98 129 93
98 131 5
98 132 99
98 134 84
98 137 20
98 139 67
98 147 71
98 149 71
99 101 20
99 103 15
99 104 57
99 105 10
99 107 84
99 111 37
99 112 16
99 116 80
99 119 50
99 121 10
99 126 45
99 129 49
99 134 10
99 135 81
99 138 39
99 144 99
99 147 10
99 148 72
100 101 29
100 102 95
100 112 51
100 113 84
100 115 18
100 116 15
100 120 3
100 122 66
100 125 85
100 127 9
100 128 90
100 129 31
100 133 47
100 138 39
100 139 87
100 140 51
100 141 1
100 142 82
100 146 57
100 150 58
101 103 84
101 105 85
101 106 65
101 107 45
101 112 77
101 118 65
101 121 19
101 128 74
101 132 95
101 134 93
101 142 50
101 143 14
101 144 96
101 145 58
101 147 26
101 148 24
102 105 77
102 106 77
102 110 69
102 113 54
102 117 37
102 118 12
102 119 73
102 122 79
102 125 85
102 128 69
102 130 16
102 132 92
102 134 33
102 135 5
102 138 97
102 144 89
102 146 51
102 147 70
102 148 79
102 149 23
103 104 91
103 106 2
103 111 5
103 114 30
103 115 23
103 117 3
103 118 65
103 119 94
103 120 50
103 122 96
103 125 84
103 126 20
103 128 47
103 130 27
103 132 96
103 136 22
103 138 6
103 145 32
103 148 8
103 150 15
104 106 30
104 107 61
104 114 57
104 116 42
104 117 6
104 118 19
104 119 35
104 121 61
104 123 93
104 124 20
104 125 62
104 128 73
104 132 75
104 133 45
104 135 11
104 136 48
104 137 74
104 138 68
104 141 64
104 148 4
104 150 56
105 111 88
105 115 37
105 117 54
105 119 49
105 122 81
105 124 19
105 125 20
105 127 22
105 129 78
105 132 66
105 133 58
105 137 95
105 138 59
105 141 62
105 142 89
105 144 15
105 145 27
105 148 52
105 150 37
106 107 70
106 109 60
106 110 54
106 112 85
106 114 38
106 115 85
106 117 16
106 121 57
106 123 85
106 127 48
106 129 87
106 131 3
106 133 44
106 140 43
106 143 43
106 145 77
106 147 27
107 110 52
107 111 43
107 112 8
107 114 34
107 118 97
107 121 69
107 123 47
107 124 88
107 134 11
107 137 42
107 140 45
107 144 13
107 148 87
107 149 33
108 109 2
108 113 30
108 114 77
108 115 54
108 118 62
108 119 62
108 121 42
108 122 22
108 129 21
108 130 7
108 132 19
108 133 65
108 135 69
108 136 62
108 143 32
108 146 34
108 148 44
109 110 25
109 111 34
109 113 47
109 117 40
109 124 19
109 125 85
109 126 57
109 130 6
109 133 46
109 134 63
109 136 49
109 137 73
109 140 82
109 143 16
109 144 36
109 146 13
109 147 9
109 149 46
110 112 77
110 118 65
110 119 16
110 121 23
110 122 100
110 123 13
110 124 62
110 131 57
110 132 33
110 133 33
110 138 3
110 144 97
110 148 17
110 150 42
111 112 58
111 113 65
111 115 89
111 117 32
111 122 10
111 123 65
111 125 60
111 129 19
111 131 44
111 138 3
111 139 35
111 147 60
111 148 36
112 116 16
112 117 92
112 120 35
112 121 50
112 126 40
112 130 41
112 131 60
112 132 24
112 133 99
112 136 19
112 146 48
112 147 78
112 150 56
113 122 20
113 123 19
113 124 94
113 126 33
113 127 71
113 130 3
113 133 23
113 135 77
113 142 31
113 143 67
113 145 48
113 146 11
113 147 93
113 148 75
114 116 78
114 117 4
114 119 99
114 122 91
114 124 19
114 125 20
114 128 25
114 130 30
114 131 16
114 136 99
114 137 70
114 138 7
114 143 42
114 147 64
114 149 70
115 116 52
115 122 3
115 123 79
115 126 85
115 128 92
115 133 45
115 134 79
115 138 53
115 142 38
115 143 39
115 147 38
115 148 38
115 150 69
116 121 59
116 124 79
116 125 67
116 126 40
116 130 62
116 138 89
116 140 39
116 141 100
116 142 53
116 144 45
116 149 49
117 121 57
117 125 11
117 127 25
117 128 44
117 133 27
117 136 68
117 140 9
117 142 45
117 147 20
117 150 27
118 119 13
118 120 34
118 121 51
118 123 42
118 129 82
118 132 91
118 134 44
118 135 23
118 136 2
118 141 93
118 143 34
118 148 20
118 150 20
119 120 43
119 126 47
119 129 26
119 136 12
119 140 26
119 141 67
119 143 7
119 149 46
120 121 2
120 122 67
120 125 71
120 126 3
120 127 59
120 130 97
120 136 17
120 143 46
120 149 48
121 123 84
121 124 44
121 126 33
121 129 24
121 130 59
121 133 55
121 134 20
121 135 86
121 138 62
121 139 57
121 143 65
121 145 39
121 147 30
121 149 62
122 123 85
122 124 58
122 126 16
122 127 40
122 128 98
122 130 38
122 132 23
122 133 54
122 138 16
122 139 52
122 140 44
122 142 54
122 143 78
122 147 55
122 148 84
122 150 4
123 125 8
123 126 11
123 127 28
123 130 70
123 132 97
123 133 14
123 134 64
123 136 60
123 139 72
123 141 7
123 146 10
124 125 92
124 129 8
124 130 81
124 132 34
124 133 81
124 137 51
124 139 53
124 140 90
124 144 10
124 145 70
124 146 53
124 147 2
124 150 39
125 126 56
125 129 87
125 130 63
125 133 57
125 134 90
125 135 23
125 140 45
125 141 94
125 142 91
125 147 61
125 149 74
125 150 44
126 127 6
126 128 100
126 129 67
126 130 88
126 132 72
126 133 29
126 134 61
126 135 50
126 137 14
126 140 68
126 142 23
126 145 8
126 148 43
127 128 99
127 131 40
127 135 68
127 145 28
127 146 65
127 147 51
128 129 77
128 131 72
128 132 16
128 133 67
128 134 48
128 138 37
128 141 29
128 143 28
128 145 50
128 150 65
129 130 10
129 132 47
129 133 40
129 136 99
129 137 4
129 140 53
129 142 34
129 145 40
129 146 72
129 147 69
130 132 46
130 133 22
130 137 52
130 142 14
130 145 85
130 146 100
131 132 54
131 133 55
131 139 27
131 141 30
131 142 94
131 144 29
131 145 22
131 146 53
131 147 95
131 148 50
131 149 92
132 135 18
132 141 60
132 142 36
132 146 91
132 148 10
132 149 20
133 134 48
133 136 21
133 137 54
133 139 54
133 141 95
133 144 73
133 145 1
133 150 16
134 137 70
135 137 97
135 139 68
135 142 42
135 144 22
135 145 53
135 147 50
135 148 63
135 150 61
136 138 47
136 142 96
136 144 72
136 147 11
137 140 36
137 141 47
137 143 27
137 148 26
137 150 53
138 142 14
138 144 48
138 146 57
139 140 36
139 142 19
139 143 11
139 145 88
139 146 23
140 143 56
140 145 100
140 146 9
140 147 90
140 148 90
140 150 2
141 144 95
141 145 60
141 147 77
141 148 52
141 149 22
142 143 59
142 144 63
142 148 83
142 149 17
143 145 69
143 146 35
143 149 28
144 145 81
144 146 22
144 148 28
146 147 56
146 148 76
146 149 96
147 149 70
147 150 48
148 149 79
149 150 66
1 8 10
1 10 51
1 11 49
1 13 32
1 14 20
1 15 14
1 16 37
1 18 35
1 19 80
1 26 44
1 28 58
1 30 19
1 31 6
1 36 63
1 38 31
1 40 91
1 44 68
1 45 27
1 46 94
1 48 31
1 51 54
1 53 99
1 56 64
1 58 2
1 59 4
1 62 54
1 66 5
1 67 82
1 71 84
1 72 67
1 77 53
1 78 14
1 80 28
1 82 2
1 84 16
1 86 34
1 87 75
1 88 55
1 89 95
1 90 50
1 92 70
1 94 64
1 97 40
1 98 96
1 100 98
1 102 76
1 106 62
1 107 83
1 109 32
1 110 1
1 116 9
1 118 23
1 119 36
1 121 43
1 122 61
1 124 45
1 125 94
1 126 7
1 131 57
1 132 77
1 133 14
1 135 54
1 137 23
1 142 13
1 144 17
1 148 47
1 149 4
2 4 6
2 6 57
2 12 9
2 16 63
2 17 91
2 22 16
2 23 55
2 25 82
2 26 15
2 28 42
2 40 57
2 41 74
2 45 36
2 46 45
2 50 11
2 52 76
2 53 100
2 54 97
2 60 17
2 63 89
2 66 22
2 72 39
2 74 9
2 77 64
2 79 52
2 82 48
2 83 79
2 85 70
2 90 27
2 99 3
2 101 8
2 102 84
2 103 20
2 107 83
2 110 15
2 113 80
2 121 100
2 122 79
2 123 32
2 124 30
2 127 84
2 128 15
2 135 46
2 136 25
2 141 68
2 142 13
2 145 7
2 147 43
2 150 37
3 9 87
3 12 64
3 13 65
3 19 24
3 20 66
3 23 16
3 24 48
3 31 94
3 36 13
3 39 97
3 42 60
3 50 25
3 54 92
3 56 63
3 57 26
3 58 52
3 59 67
3 61 70
3 62 91
3 63 15
3 64 24
3 65 90
3 67 70
3 69 67
3 71 71
3 73 43
3 75 26
3 78 66
3 79 39
3 81 21
3 82 26
3 92 52
3 96 78
3 97 14
3 100 76
3 108 40
3 109 95
3 110 61
3 111 88
3 112 90
3 113 15
3 118 29
3 121 61
3 122 91
3 123 20
3 128 31
3 129 13
3 131 100
3 132 25
3 134 10
3 137 40
3 139 1
3 140 59
3 147 13
3 148 69
4 6 42
4 7 54
4 9 47
4 11 41
4 12 77
4 13 97
4 15 99
4 20 63
4 24 21
4 33 70
4 38 9
4 39 86
4 40 99
4 41 31
4 42 24
4 43 87
4 47 9
4 50 18
4 51 8
4 52 8
4 56 62
4 59 31
4 62 74
4 65 47
4 66 41
4 69 75
4 71 21
4 74 48
4 78 39
4 79 35
4 80 85
4 83 74
4 85 71
4 87 74
4 88 72
4 98 43
4 100 85
4 103 5
4 104 34
4 107 98
4 108 26
4 111 81
4 114 70
4 121 30
4 124 5
4 125 87
4 126 20
4 130 81
4 133 12
4 134 74
4 136 50
4 138 27
4 139 68
4 141 65
4 142 6
4 143 84
4 145 74
4 146 45
4 147 26
4 148 4
4 149 61
4 150 2
5 8 35
5 10 98
5 11 72
5 13 26
5 14 97
5 17 41
5 19 33
5 20 85
5 25 64
5 27 53
5 31 86
5 36 79
5 38 46
5 41 88
5 42 86
5 44 27
5 49 62
5 51 29
5 53 62
5 55 69
5 64 14
5 65 5
5 67 97
5 69 23
5 72 10
5 77 77
5 79 64
5 81 59
5 82 92
5 85 99
5 86 57
5 87 17
5 88 36
5 89 30
5 91 41
5 92 82
5 94 86
5 95 33
5 96 76
5 99 10
5 100 46
5 102 33
5 106 96
5 107 87
5 109 66
5 112 6
5 117 7
5 120 31
5 121 63
5 124 85
5 125 51
5 131 81
5 136 46
5 137 40
5 139 36
5 140 83
5 142 33
5 147 32
6 7 89
6 12 78
6 13 59
6 15 30
6 16 8
6 17 17
6 18 22
6 19 63
6 22 55
6 24 99
6 25 99
6 26 42
6 30 56
6 31 16
6 33 91
6 34 15
6 37 73
6 45 30
6 49 81
6 51 78
6 54 97
6 56 72
6 62 97
6 63 60
6 64 88
6 65 78
6 67 55
6 71 54
6 74 90
6 75 36
6 77 79
6 85 46
6 86 77
6 87 22
6 89 62
6 93 91
6 96 91
6 100 42
6 101 84
6 104 89
6 106 50
6 111 54
6 112 78
6 113 47
6 116 2
6 117 51
6 127 85
6 128 30
6 129 26
6 132 86
6 133 91
6 134 53
6 136 83
6 137 47
6 138 33
6 139 5
6 140 8
6 141 57
6 143 16
6 145 70
6 148 46
7 8 64
7 11 83
7 15 24
7 19 9
7 20 31
7 22 57
7 24 88
7 27 61
7 28 14
7 32 3
7 34 32
7 36 94
7 39 19
7 41 92
7 44 87
7 48 14
7 49 94
7 50 16
7 58 51
7 59 27
7 64 94
7 71 22
7 72 17
7 73 83
7 74 28
7 75 29
7 76 17
7 82 18
7 88 88
7 91 27
7 92 54
7 97 7
7 99 62
7 100 72
7 101 32
7 103 53
7 107 84
7 108 26
7 112 62
7 113 2
7 114 60
7 116 12
7 117 40
7 118 35
7 121 99
7 122 60
7 124 12
7 127 32
7 128 19
7 130 71
7 135 10
7 137 37
7 139 50
7 143 51
7 145 36
7 146 70
7 149 16
8 9 92
8 11 52
8 14 1
8 15 21
8 17 35
8 20 50
8 21 92
8 25 86
8 31 54
8 38 48
8 39 15
8 40 99
8 41 79
8 45 85
8 48 19
8 53 31
8 54 67
8 55 47
8 59 26
8 62 57
8 65 1
8 72 95
8 76 92
8 79 61
8 82 95
8 83 53
8 86 77
8 88 66
8 91 1
8 92 85
8 94 22
8 95 58
8 98 40
8 101 17
8 103 82
8 104 48
8 109 24
8 110 96
8 112 48
8 116 82
8 117 47
8 119 7
8 132 37
8 138 53
8 140 3
8 147 45
8 149 6
9 10 45
9 15 26
9 16 47
9 22 2
9 23 58
9 25 49
9 26 74
9 33 30
9 34 85
9 36 94
9 37 92
9 39 82
9 41 56
9 42 59
9 43 1
9 44 52
9 45 63
9 47 60
9 48 79
9 50 52
9 53 64
9 57 41
9 58 56
9 61 79
9 62 90
9 65 27
9 66 25
9 68 76
9 71 6
9 75 32
9 79 99
9 80 18
9 84 11
9 94 89
9 97 25
9 98 74
9 99 36
9 101 88
9 102 90
9 108 36
9 113 28
9 115 56
9 116 33
9 121 68
9 125 81
9 132 55
9 137 5
9 142 33
9 148 41
9 150 5
10 13 99
10 14 13
10 15 53
10 18 58
10 19 46
10 21 37
10 23 92
10 24 44
10 27 85
10 30 2
10 31 59
10 32 70
10 33 28
10 35 24
10 36 52
10 40 81
10 44 87
10 49 95
10 51 65
10 52 58
10 53 83
10 54 46
10 57 74
10 63 17
10 64 97
10 65 60
10 66 97
10 68 61
10 71 45
10 72 43
10 74 99
10 78 10
10 79 53
10 80 25
10 82 40
10 83 75
10 85 64
10 86 88
10 88 86
10 99 5
10 100 67
10 104 87
10 105 56
10 109 36
10 112 97
10 113 8
10 114 37
10 122 53
10 124 100
10 129 29
10 130 92
10 135 19
10 139 79
10 141 36
10 143 93
10 145 91
10 146 97
10 147 72
11 12 72
11 14 73
11 18 64
11 20 35
11 21 28
11 24 27
11 26 5
11 29 69
11 31 55
11 32 41
11 33 99
11 34 75
11 39 90
11 40 11
11 44 77
11 45 98
11 46 7
11 51 41
11 52 93
11 55 8
11 56 58
11 59 40
11 60 1
11 62 25
11 66 98
11 67 42
11 69 70
11 70 36
11 73 65
11 77 12
11 78 79
11 79 35
11 81 65
11 88 13
11 90 2
11 91 89
11 92 79
11 93 31
11 94 44
11 96 34
11 97 76
11 99 69
11 103 94
11 105 19
11 107 89
11 108 25
11 111 53
11 112 90
11 113 85
11 116 24
11 118 90
11 120 9
11 121 93
11 123 60
11 127 50
11 129 25
11 132 76
11 141 85
11 144 27
11 145 78
11 146 52
11 147 77
11 148 44
12 17 3
12 18 40
12 22 58
12 26 73
12 28 55
12 30 76
12 33 1
12 35 100
12 36 26
12 42 62
12 44 35
12 45 18
12 47 82
12 48 82
12 49 72
12 53 79
12 54 84
12 55 26
12 56 35
12 57 97
12 58 53
12 65 17
12 72 36
12 73 53
12 79 100
12 83 42
12 84 17
12 85 43
12 86 3
12 87 19
12 88 77
12 93 60
12 94 81
12 95 97
12 98 39
12 103 52
12 104 53
12 108 61
12 109 4
12 110 44
12 113 82
12 114 92
12 115 77
12 118 9
12 119 54
12 124 64
12 126 71
12 129 14
12 132 1
12 133 97
12 135 39
12 137 44
12 139 3
12 140 78
12 142 95
12 144 36
12 145 13
12 146 30
12 148 54
13 14 82
13 15 36
13 16 78
13 23 86
13 24 38
13 26 93
13 31 23
13 35 32
13 37 84
13 40 68
13 42 29
13 43 56
13 48 34
13 49 34
13 51 29
13 52 94
13 55 12
13 63 90
13 64 9
13 65 72
13 66 17
13 67 90
13 68 100
13 69 9
13 70 71
13 73 86
13 78 8
13 80 22
13 81 41
13 86 86
13 88 63
13 91 53
13 97 56
13 100 28
13 101 8
13 104 5
13 107 2
13 108 98
13 110 79
13 111 91
13 112 24
13 114 38
13 115 49
13 116 27
13 117 55
13 118 72
13 120 72
13 121 78
13 122 76
13 130 62
13 132 57
13 135 39
13 136 33
13 141 49
13 142 65
13 144 13
13 145 46
13 146 15
14 16 39
14 20 66
14 22 43
14 23 12
14 30 26
14 33 51
14 35 59
14 39 87
14 47 28
14 48 32
14 50 19
14 55 97
14 60 3
14 63 20
14 64 43
14 66 2
14 68 83
14 72 37
14 74 37
14 75 100
14 77 80
14 78 73
14 83 99
14 88 97
14 89 66
14 91 23
14 93 51
14 95 29
14 96 87
14 97 39
14 99 2
14 104 10
14 108 57
14 110 16
14 112 43
14 113 100
14 114 53
14 120 22
14 122 9
14 132 36
14 135 39
14 137 44
14 138 11
14 139 61
14 141 38
14 145 32
14 146 11
14 149 41
14 150 47
15 19 71
15 20 47
15 23 70
15 27 27
15 28 25
15 30 66
15 32 23
15 33 70
15 35 18
15 41 55
15 42 95
15 46 63
15 47 1
15 48 5
15 51 6
15 52 34
15 61 15
15 71 82
15 77 52
15 79 65
15 81 9
15 83 50
15 87 5
15 88 70
15 89 38
15 93 46
15 94 67
15 99 62
15 101 96
15 105 32
15 107 99
15 114 1
15 116 38
15 126 33
15 127 64
15 136 75
15 138 38
15 141 26
15 145 86
15 146 93
15 147 24
15 148 39
15 149 62
16 18 83
16 19 58
16 20 14
16 21 99
16 23 90
16 26 27
16 28 56
16 32 15
16 33 14
16 35 24
16 36 73
16 41 68
16 45 65
16 49 31
16 54 66
16 55 38
16 59 64
16 62 10
16 63 46
16 68 87
16 70 24
16 71 9
16 78 64
16 80 95
16 81 98
16 82 77
16 83 94
16 86 52
16 89 33
16 93 78
16 100 13
16 104 79
16 107 59
16 110 33
16 115 48
16 117 15
16 118 29
16 120 1
16 124 64
16 127 53
16 131 76
16 132 29
16 135 94
16 139 87
16 142 4
16 144 28
16 145 67
16 147 2
17 22 77
17 23 90
17 25 93
17 27 34
17 28 99
17 36 89
17 37 35
17 49 17
17 50 26
17 51 52
17 52 85
17 55 6
17 59 80
17 61 7
17 62 80
17 63 1
17 64 18
17 67 59
17 69 85
17 72 90
17 73 64
17 74 29
17 83 6
17 86 69
17 89 32
17 91 32
17 92 48
17 93 33
17 94 99
17 95 78
17 104 36
17 106 7
17 108 91
17 109 55
17 111 76
17 112 87
17 114 64
17 115 46
17 117 39
17 119 63
17 122 18
17 126 37
17 127 23
17 128 89
17 129 74
17 132 84
17 136 22
17 141 36
17 143 81
17 144 99
17 146 21
17 148 82
18 19 24
18 24 28
18 32 63
18 33 14
18 36 86
18 37 39
18 39 83
18 40 49
18 41 63
18 42 15
18 43 22
18 44 4
18 56 47
18 57 10
18 58 78
18 65 17
18 68 78
18 72 78
18 73 50
18 76 50
18 78 74
18 80 7
18 81 22
18 83 34
18 84 73
18 85 36
18 86 6
18 92 87
18 93 62
18 97 84
18 99 78
18 100 71
18 103 22
18 105 16
18 108 22
18 109 53
18 112 98
18 113 91
18 114 21
18 115 68
18 116 81
18 121 7
18 127 11
18 128 40
18 129 84
18 130 94
18 132 18
18 133 63
18 140 43
18 141 40
18 143 12
18 145 9
18 146 3
18 148 60
18 150 35
19 24 83
19 25 14
19 29 82
19 34 34
19 35 86
19 37 17
19 38 9
19 41 86
19 42 99
19 43 44
19 44 40
19 51 69
19 52 22
19 53 85
19 55 14
19 58 28
19 59 20
19 60 8
19 68 91
19 69 12
19 70 23
19 72 59
19 78 70
19 81 52
19 83 19
19 84 42
19 86 19
19 93 5
19 95 69
19 97 24
19 101 92
19 107 35
19 108 1
19 114 27
19 117 78
19 119 71
19 120 43
19 122 27
19 125 42
19 130 67
19 131 35
19 133 57
19 134 83
19 135 42
19 144 23
19 145 91
19 147 45
19 149 26
20 24 15
20 26 50
20 27 23
20 29 68
20 31 45
20 34 77
20 45 73
20 48 86
20 51 82
20 52 35
20 55 65
20 58 62
20 61 30
20 65 33
20 66 26
20 67 36
20 69 9
20 71 99
20 72 88
20 77 42
20 89 20
20 91 13
20 93 85
20 101 64
20 105 17
20 107 7
20 108 81
20 109 44
20 114 72
20 115 97
20 116 11
20 118 64
20 121 68
20 123 85
20 133 49
20 134 1
20 138 38
20 139 94
20 140 67
20 145 86
20 146 6
20 148 95
21 22 77
21 24 93
21 32 31
21 33 82
21 38 5
21 41 60
21 42 57
21 44 42
21 45 83
21 46 68
21 47 21
21 48 16
21 51 41
21 53 71
21 56 79
21 57 76
21 58 77
21 61 31
21 66 45
21 67 88
21 68 36
21 71 61
21 72 45
21 77 18
21 78 16
21 83 54
21 84 82
21 85 50
21 86 49
21 87 98
21 89 72
21 92 18
21 93 70
21 98 41
21 100 2
21 104 50
21 106 36
21 107 21
21 109 36
21 111 14
21 112 8
21 113 48
21 114 71
21 116 46
21 117 47
21 120 92
21 122 98
21 123 43
21 125 94
21 126 40
21 130 78
21 132 90
21 134 9
21 136 32
21 137 89
21 142 40
21 143 49
21 146 55
21 147 79
22 23 37
22 24 38
22 25 99
22 30 38
22 31 90
22 33 91
22 36 5
22 41 30
22 42 19
22 44 100
22 50 10
22 51 70
22 53 32
22 56 6
22 59 42
22 61 21
22 62 33
22 67 69
22 68 83
22 72 8
22 73 82
22 75 100
22 78 77
22 79 16
22 81 86
22 83 59
22 86 62
22 87 37
22 89 1
22 91 87
22 94 69
22 97 36
22 99 14
22 100 62
22 107 69
22 108 79
22 109 53
22 110 24
22 112 66
22 117 46
22 118 41
22 120 56
22 123 36
22 128 63
22 129 92
22 131 94
22 132 83
22 133 73
22 137 96
22 138 51
22 139 7
22 143 16
22 145 3
22 147 57
22 149 88
23 24 25
23 26 89
23 28 61
23 34 27
23 36 85
23 42 36
23 46 23
23 47 27
23 49 8
23 52 36
23 55 17
23 56 29
23 57 87
23 58 12
23 59 54
23 60 90
23 65 73
23 67 87
23 71 41
23 73 55
23 74 61
23 75 41
23 77 92
23 80 23
23 82 6
23 83 47
23 87 39
23 88 54
23 91 39
23 92 40
23 95 6
23 96 90
23 99 36
23 100 43
23 101 5
23 102 90
23 108 39
23 109 23
23 110 22
23 112 26
23 114 68
23 115 47
23 117 24
23 124 23
23 126 3
23 130 60
23 135 95
23 137 74
23 138 60
23 140 27
23 142 15
23 147 33
23 149 30
24 25 94
24 27 15
24 28 95
24 31 100
24 32 10
24 34 91
24 35 4
24 40 44
24 43 51
24 44 50
24 47 3
24 50 40
24 54 46
24 55 51
24 56 59
24 58 5
24 62 65
24 64 38
24 66 88
24 70 42
24 71 60
24 72 72
24 75 26
24 79 79
24 81 85
24 83 38
24 89 27
24 90 95
24 92 21
24 94 20
24 95 3
24 96 43
24 103 35
24 108 100
24 109 46
24 111 11
24 112 69
24 113 63
24 114 96
24 116 3
24 117 82
24 123 78
24 124 13
24 125 62
24 128 69
24 129 68
24 132 47
24 133 83
24 134 6
24 135 58
24 137 58
24 138 65
24 139 21
24 141 87
24 144 63
24 146 7
24 148 92
25 26 84
25 27 80
25 30 4
25 31 49
25 32 64
25 33 77
25 34 56
25 36 63
25 38 78
25 39 46
25 40 94
25 43 29
25 44 62
25 45 82
25 50 63
25 51 88
25 52 95
25 57 46
25 58 77
25 61 48
25 62 18
25 64 88
25 69 14
25 70 5
25 72 44
25 82 27
25 84 27
25 88 49
25 89 23
25 91 56
25 92 32
25 94 63
25 99 76
25 100 89
25 104 76
25 105 93
25 106 51
25 107 76
25 109 90
25 112 63
25 116 23
25 125 58
25 133 40
25 134 60
25 138 41
25 139 65
25 140 27
25 142 29
25 145 50
25 146 51
25 147 54
26 28 92
26 31 22
26 32 67
26 41 2
26 42 52
26 44 31
26 45 37
26 49 51
26 50 31
26 54 53
26 56 68
26 62 25
26 67 91
26 68 61
26 69 38
26 70 35
26 75 72
26 77 46
26 78 64
26 85 6
26 86 14
26 89 95
26 91 93
26 92 76
26 97 83
26 99 59
26 100 9
26 104 74
26 108 49
26 109 70
26 111 88
26 112 30
26 115 26
26 120 66
26 123 19
26 124 50
26 127 93
26 129 71
26 134 91
26 137 99
26 138 88
26 139 68
26 140 53
26 141 14
26 143 96
26 146 84
27 32 84
27 33 83
27 35 100
27 38 80
27 40 87
27 41 21
27 42 26
27 45 68
27 46 18
27 47 96
27 50 25
27 55 30
27 58 98
27 61 65
27 62 12
27 66 74
27 67 62
27 68 45
27 69 26
27 70 59
27 71 69
27 76 22
27 77 66
27 79 86
27 80 97
27 81 36
27 83 5
27 84 67
27 89 3
27 91 52
27 97 29
27 98 84
27 99 36
27 104 8
27 105 76
27 106 37
27 110 17
27 113 48
27 114 97
27 116 44
27 117 97
27 118 20
27 122 79
27 124 46
27 128 72
27 129 76
27 132 15
27 133 1
27 137 65
27 139 80
27 147 78
28 30 47
28 32 40
28 34 69
28 41 40
28 43 79
28 45 3
28 47 59
28 50 87
28 52 18
28 53 7
28 58 27
28 59 72
28 60 62
28 62 66
28 63 79
28 65 10
28 66 78
28 68 100
28 72 100
28 76 69
28 78 85
28 80 82
28 86 38
28 91 2
28 96 36
28 99 97
28 100 95
28 102 64
28 104 55
28 106 99
28 107 50
28 108 48
28 109 27
28 111 37
28 112 37
28 113 50
28 116 65
28 117 55
28 120 20
28 125 10
28 129 22
28 135 95
28 136 65
28 143 96
28 144 74
28 147 84
28 150 85
29 30 97
29 31 94
29 33 1
29 34 60
29 36 33
29 38 41
29 39 30
29 44 68
29 46 67
29 47 100
29 51 65
29 52 57
29 56 9
29 58 78
29 59 100
29 60 4
29 64 18
29 67 29
29 69 5
29 72 18
29 78 47
29 81 6
29 88 76
29 96 60
29 97 12
29 101 67
29 103 42
29 105 98
29 109 15
29 110 46
29 112 30
29 114 72
29 115 44
29 118 98
29 127 39
29 129 72
29 132 17
29 138 8
29 141 88
29 142 55
29 144 16
29 150 58
30 34 49
30 35 29
30 36 13
30 37 57
30 38 66
30 40 63
30 45 34
30 48 91
30 50 39
30 53 82
30 54 88
30 59 32
30 64 9
30 65 66
30 70 22
30 75 34
30 77 55
30 78 80
30 80 94
30 81 66
30 86 55
30 88 99
30 92 91
30 93 99
30 95 40
30 97 42
30 98 100
30 99 78
30 102 42
30 108 40
30 110 2
30 114 93
30 117 32
30 121 15
30 123 12
30 129 47
30 130 48
30 131 58
30 133 3
30 135 49
30 136 87
30 142 54
30 144 12
31 37 45
31 40 100
31 41 25
31 42 39
31 48 1
31 50 1
31 53 12
31 55 100
31 56 15
31 60 44
31 62 51
31 68 20
31 69 45
31 71 89
31 73 63
31 78 33
31 83 59
31 84 4
31 87 62
31 88 61
31 89 11
31 90 11
31 93 67
31 100 87
31 104 39
31 105 66
31 106 68
31 109 39
31 110 30
31 112 36
31 113 68
31 120 98
31 122 8
31 124 53
31 127 30
31 131 84
31 137 100
31 139 22
31 141 14
31 142 52
31 143 40
31 144 46
31 145 21
31 147 11
31 148 21
31 149 4
32 37 53
32 38 40
32 42 65
32 43 81
32 45 48
32 49 75
32 51 22
32 52 96
32 53 61
32 59 41
32 60 57
32 61 4
32 66 53
32 71 8
32 72 74
32 74 18
32 78 22
32 88 49
32 90 26
32 95 23
32 99 53
32 102 39
32 103 9
32 106 16
32 109 57
32 110 89
32 112 75
32 113 44
32 114 43
32 115 9
32 116 9
32 118 39
32 120 78
32 121 67
32 122 4
32 123 49
32 128 100
32 129 42
32 131 51
32 132 12
32 133 30
32 141 50
32 142 15
32 145 80
32 147 49
32 149 69
33 36 19
33 37 59
33 41 80
33 42 38
33 46 33
33 49 21
33 50 32
33 51 83
33 52 9
33 55 26
33 56 81
33 57 94
33 66 13
33 67 69
33 71 88
33 74 42
33 77 24
33 78 91
33 79 56
33 80 41
33 83 80
33 84 79
33 89 65
33 91 17
33 93 50
33 94 13
33 96 11
33 97 37
33 102 81
33 106 46
33 107 70
33 108 92
33 116 53
33 121 1
33 124 34
33 126 24
33 130 68
33 131 6
33 132 14
33 133 2
33 137 65
33 139 25
33 140 53
33 142 2
33 143 41
33 144 87
34 35 86
34 38 32
34 40 22
34 41 8
34 42 12
34 46 6
34 47 8
34 49 18
34 54 63
34 57 54
34 58 5
34 59 6
34 60 17
34 68 43
34 70 99
34 71 60
34 73 53
34 74 24
34 75 42
34 78 7
34 80 100
34 82 73
34 83 21
34 85 89
34 86 6
34 87 69
34 90 67
34 92 61
34 94 51
34 97 99
34 99 31
34 103 12
34 107 95
34 108 67
34 109 1
34 110 14
34 112 78
34 114 76
34 115 49
34 116 27
34 117 5
34 118 94
34 124 18
34 125 21
34 127 11
34 130 6
34 131 35
34 133 28
34 136 24
34 137 98
34 140 43
34 142 51
34 146 22
34 148 28
34 149 31
34 150 5
35 38 49
35 39 17
35 40 66
35 41 56
35 44 97
35 45 28
35 46 86
35 48 53
35 52 56
35 53 74
35 55 92
35 56 73
35 59 94
35 60 35
35 61 67
35 65 89
35 69 98
35 70 74
35 73 51
35 74 19
35 78 70
35 81 24
35 83 56
35 90 31
35 91 66
35 93 13
35 95 69
35 98 47
35 99 55
35 100 33
35 107 12
35 109 13
35 112 48
35 114 7
35 115 45
35 117 86
35 122 83
35 123 34
35 124 84
35 131 35
35 133 93
35 135 70
35 136 36
35 145 44
35 148 43
36 37 20
36 38 7
36 42 83
36 44 52
36 48 96
36 49 97
36 50 89
36 53 15
36 57 20
36 59 94
36 61 59
36 64 59
36 66 73
36 69 15
36 73 38
36 75 27
36 80 27
36 81 87
36 82 71
36 83 73
36 85 37
36 90 31
36 91 84
36 96 61
36 100 30
36 108 43
36 110 26
36 111 44
36 112 14
36 113 83
36 119 69
36 121 86
36 122 22
36 124 34
36 126 70
36 127 52
36 129 49
36 131 34
36 133 90
36 137 45
36 139 63
36 141 33
36 143 59
36 145 60
36 146 33
36 147 48
37 38 24
37 41 88
37 45 77
37 49 77
37 51 50
37 57 54
37 60 47
37 62 26
37 63 11
37 64 44
37 65 73
37 66 54
37 67 53
37 71 23
37 72 66
37 76 43
37 77 5
37 78 66
37 80 74
37 81 46
37 82 67
37 84 58
37 89 93
37 90 86
37 93 26
37 94 54
37 95 56
37 97 33
37 98 48
37 100 30
37 102 29
37 108 76
37 111 73
37 112 46
37 114 60
37 116 78
37 118 13
37 120 13
37 125 87
37 130 37
37 132 32
37 133 80
37 136 66
37 141 39
37 142 28
37 144 100
37 145 49
37 148 70
37 150 41
38 40 30
38 41 44
38 42 19
38 44 45
38 46 21
38 48 26
38 49 83
38 52 100
38 54 9
38 59 9
38 61 65
38 64 78
38 71 88
38 72 63
38 74 39
38 75 1
38 76 80
38 78 39
38 81 88
38 83 30
38 86 17
38 87 82
38 88 94
38 90 31
38 93 73
38 94 77
38 95 57
38 96 82
38 97 58
38 99 19
38 100 55
38 105 33
38 112 7
38 113 51
38 120 30
38 122 28
38 124 34
38 126 59
38 128 94
38 129 5
38 130 55
38 131 76
38 133 65
38 137 7
38 140 3
38 141 94
38 142 54
38 148 19
38 149 81
39 41 11
39 46 86
39 49 52
39 50 94
39 51 88
39 52 36
39 53 53
39 54 28
39 55 98
39 62 92
39 69 37
39 72 83
39 76 56
39 82 13
39 84 95
39 87 2
39 90 53
39 91 40
39 92 23
39 94 6
39 95 42
39 97 39
39 99 92
39 104 66
39 105 32
39 107 36
39 108 79
39 112 23
39 113 57
39 115 66
39 117 37
39 120 33
39 122 61
39 126 14
39 128 96
39 130 92
39 134 49
39 140 38
39 144 95
39 146 55
39 147 46
39 149 37
39 150 75
40 41 96
40 43 39
40 45 34
40 47 58
40 51 12
40 55 20
40 58 15
40 59 89
40 62 21
40 66 94
40 68 54
40 69 81
40 70 75
40 76 50
40 77 95
40 78 53
40 79 45
40 82 62
40 91 33
40 92 58
40 94 53
40 99 17
40 100 62
40 102 89
40 103 91
40 106 8
40 108 59
40 113 63
40 117 19
40 118 3
40 120 34
40 123 65
40 124 38
40 132 84
40 141 49
40 142 61
40 143 57
40 146 78
40 147 75
41 42 31
41 45 3
41 50 72
41 53 38
41 57 10
41 58 13
41 59 32
41 61 85
41 64 32
41 65 98
41 67 14
41 68 15
41 69 97
41 75 17
41 76 66
41 79 52
41 81 58
41 83 28
41 85 35
41 86 52
41 89 89
41 94 93
41 96 79
41 98 45
41 100 58
41 102 51
41 106 34
41 108 14
41 109 52
41 110 97
41 115 52
41 116 40
41 117 4
41 118 92
41 120 67
41 125 45
41 127 40
41 137 11
41 138 63
41 139 56
41 144 27
41 145 41
41 146 93
41 149 40
42 43 48
42 46 92
42 47 10
42 49 42
42 50 96
42 56 73
42 58 92
42 60 31
42 61 62
42 63 21
42 64 36
42 66 97
42 67 95
42 68 9
42 69 23
42 76 76
42 77 39
42 78 24
42 84 50
42 85 28
42 86 34
42 88 13
42 92 21
42 93 43
42 94 37
42 96 65
42 97 9
42 104 43
42 106 89
42 108 57
42 110 32
42 111 87
42 113 97
42 114 82
42 115 94
42 116 9
42 120 65
42 123 34
42 125 27
42 126 31
42 127 59
42 128 69
42 131 21
42 132 71
42 134 47
42 136 57
42 137 20
42 142 55
42 144 97
42 145 71
42 146 96
42 148 40
42 149 21
43 51 81
43 55 66
43 56 90
43 64 20
43 71 32
43 74 91
43 80 50
43 82 39
43 83 60
43 86 68
43 87 15
43 88 22
43 89 34
43 90 70
43 93 92
43 95 8
43 97 61
43 98 7
43 102 45
43 104 40
43 113 87
43 116 53
43 121 70
43 129 88
43 130 85
43 131 6
43 134 74
43 142 23
43 148 30
43 149 31
43 150 57
44 45 39
44 46 2
44 48 76
44 49 55
44 54 28
44 59 69
44 63 33
44 65 20
44 68 96
44 73 8
44 74 73
44 78 82
44 79 92
44 80 9
44 83 96
44 85 58
44 88 94
44 89 8
44 90 42
44 92 93
44 93 40
44 96 7
44 97 41
44 99 59
44 101 27
44 107 55
44 109 15
44 110 37
44 112 47
44 113 61
44 114 30
44 116 77
44 117 92
44 118 32
44 122 54
44 123 24
44 126 95
44 128 39
44 129 30
44 133 55
44 137 52
44 138 48
44 140 62
44 144 61
44 146 37
45 50 1
45 51 58
45 55 2
45 58 58
45 60 99
45 65 83
45 66 7
45 69 95
45 71 52
45 73 68
45 74 18
45 76 48
45 79 26
45 81 85
45 82 8
45 83 16
45 86 35
45 87 84
45 88 20
45 89 48
45 93 33
45 96 60
45 97 90
45 98 51
45 102 83
45 105 5
45 108 33
45 112 4
45 113 39
45 114 94
45 117 31
45 118 64
45 125 23
45 126 69
45 128 13
45 130 72
45 133 59
45 135 66
45 140 99
45 145 77
45 147 76
45 150 11
46 53 25
46 57 91
46 58 9
46 59 46
46 73 1
46 77 36
46 78 82
46 79 11
46 80 43
46 81 7
46 85 32
46 91 2
46 103 6
46 105 60
46 107 45
46 114 36
46 117 43
46 118 84
46 120 79
46 126 36
46 127 80
46 128 38
46 129 99
46 130 96
46 132 16
46 133 56
46 134 17
46 135 27
46 137 54
46 138 59
46 139 32
46 142 80
46 143 94
46 150 13
47 51 40
47 53 4
47 54 83
47 58 75
47 60 21
47 63 62
47 67 90
47 68 86
47 70 77
47 72 30
47 75 17
47 79 14
47 81 50
47 83 88
47 86 89
47 88 24
47 90 81
47 92 56
47 96 25
47 100 33
47 101 88
47 102 44
47 104 80
47 107 63
47 109 9
47 110 82
47 113 20
47 117 99
47 121 97
47 122 61
47 125 87
47 126 5
47 128 97
47 129 84
47 130 89
47 131 67
47 135 59
47 139 77
47 142 22
47 143 95
47 147 50
47 149 26
48 49 89
48 50 26
48 51 35
48 52 94
48 54 31
48 55 24
48 58 75
48 59 95
48 61 65
48 63 56
48 65 96
48 67 48
48 68 98
48 69 65
48 74 64
48 75 97
48 78 87
48 83 53
48 86 34
48 88 17
48 91 89
48 93 64
48 100 96
48 109 43
48 111 2
48 113 47
48 114 76
48 117 79
48 120 36
48 122 20
48 124 52
48 128 25
48 139 65
48 140 88
48 141 45
48 145 35
48 146 88
48 149 14
49 51 49
49 55 25
49 63 16
49 68 13
49 69 90
49 72 50
49 75 85
49 78 36
49 81 41
49 82 42
49 87 89
49 92 35
49 96 24
49 100 61
49 103 27
49 108 33
49 110 68
49 111 4
49 113 65
49 114 13
49 115 17
49 117 2
49 119 92
49 123 38
49 124 62
49 125 18
49 130 65
49 131 20
49 133 34
49 136 87
49 139 7
49 140 31
49 141 72
49 143 8
49 144 63
49 148 66
49 149 99
49 150 15
50 51 77
50 56 25
50 59 50
50 60 50
50 62 48
50 69 43
50 72 38
50 73 13
50 74 26
50 76 27
50 77 82
50 78 14
50 81 59
50 83 78
50 84 14
50 85 38
50 87 38
50 88 54
50 93 51
50 94 52
50 95 64
50 98 94
50 99 59
50 100 9
50 101 6
50 102 32
50 103 91
50 109 15
50 111 40
50 114 97
50 115 30
50 119 23
50 124 40
50 125 16
50 126 67
50 127 65
50 128 27
50 135 7
50 139 8
50 140 43
50 141 7
50 143 88
50 145 27
50 149 4
51 52 22
51 56 69
51 57 96
51 58 85
51 59 52
51 65 49
51 67 14
51 68 80
51 73 100
51 74 33
51 76 4
51 81 36
51 85 38
51 86 30
51 89 98
51 96 69
51 97 8
51 100 66
51 101 73
51 103 84
51 104 19
51 105 47
51 107 57
51 115 6
51 122 14
51 127 66
51 137 56
51 138 88
51 139 24
51 141 21
51 143 74
51 147 15
51 148 83
51 150 52
52 58 15
52 64 24
52 66 88
52 70 89
52 72 16
52 73 33
52 77 7
52 78 76
52 79 100
52 83 55
52 84 63
52 89 88
52 90 24
52 92 46
52 95 14
52 96 4
52 97 54
52 98 53
52 101 89
52 102 58
52 105 95
52 107 4
52 109 1
52 119 7
52 121 25
52 125 78
52 126 5
52 127 47
52 131 71
52 137 25
52 141 83
52 143 59
52 144 26
52 145 23
52 146 16
52 148 30
53 54 98
53 56 98
53 57 10
53 59 40
53 66 68
53 67 43
53 76 80
53 77 82
53 83 27
53 84 28
53 86 57
53 87 20
53 88 48
53 90 40
53 91 88
53 93 24
53 94 31
53 95 65
53 96 35
53 104 49
53 105 81
53 106 71
53 108 78
53 109 68
53 110 79
53 111 16
53 115 38
53 116 6
53 118 6
53 121 56
53 122 56
53 123 68
53 124 24
53 127 79
53 129 94
53 131 61
53 134 9
53 136 89
53 139 16
53 141 60
54 55 33
54 56 21
54 58 31
54 62 13
54 63 45
54 64 6
54 69 45
54 70 17
54 71 99
54 72 97
54 73 21
54 74 87
54 77 74
54 78 10
54 79 88
54 80 24
54 81 57
54 84 55
54 85 100
54 88 9
54 93 44
54 99 30
54 102 6
54 108 39
54 110 78
54 117 76
54 118 67
54 123 13
54 126 49
54 127 75
54 129 81
54 132 9
54 133 40
54 134 55
54 136 67
54 145 13
54 150 69
55 59 57
55 61 35
55 66 34
55 69 74
55 73 14
55 77 60
55 81 27
55 82 47
55 85 22
55 88 51
55 89 38
55 90 76
55 91 20
55 94 24
55 100 65
55 101 60
55 102 46
55 112 33
55 118 68
55 120 91
55 126 1
55 127 56
55 128 7
55 132 55
55 134 30
55 139 70
55 140 1
55 142 27
55 147 30
55 148 38
56 57 6
56 58 65
56 60 89
56 63 20
56 65 61
56 71 65
56 72 14
56 73 70
56 76 7
56 77 99
56 78 33
56 83 63
56 84 86
56 85 79
56 92 74
56 95 6
56 99 50
56 100 49
56 103 48
56 104 52
56 106 71
56 114 15
56 117 80
56 119 20
56 120 28
56 122 41
56 125 60
56 127 5
56 131 94
56 134 85
56 135 41
56 138 68
56 139 59
56 141 35
56 146 94
56 147 38
56 149 28
56 150 15
57 59 27
57 66 64
57 72 96
57 74 58
57 77 83
57 78 22
57 79 94
57 82 25
57 85 73
57 86 94
57 92 42
57 95 56
57 100 91
57 101 46
57 105 22
57 111 95
57 112 41
57 113 47
57 118 13
57 119 32
57 121 27
57 123 95
57 126 69
57 127 39
57 132 62
57 135 100
57 136 27
57 137 23
57 140 96
57 145 16
57 147 79
57 148 13
57 150 7
58 60 79
58 63 75
58 65 29
58 66 8
58 69 88
58 70 6
58 72 37
58 76 54
58 79 14
58 82 35
58 83 81
58 84 56
58 88 78
58 91 1
58 93 47
58 96 63
58 98 53
58 99 49
58 103 26
58 104 71
58 109 27
58 110 37
58 117 23
58 121 70
58 123 17
58 124 21
58 126 17
58 127 5
58 128 98
58 129 34
58 130 47
58 131 53
58 135 45
58 139 68
58 140 81
58 141 23
58 145 93
58 147 28
58 149 67
58 150 28
59 66 57
59 67 47
59 70 57
59 72 76
59 75 16
59 76 42
59 79 46
59 80 80
59 81 47
59 82 21
59 87 26
59 94 51
59 95 88
59 96 1
59 97 66
59 101 96
59 105 62
59 108 37
59 110 6
59 113 85
59 114 49
59 116 36
59 118 21
59 125 98
59 126 32
59 128 28
59 142 86
59 146 75
59 149 70
59 150 10
60 62 68
60 63 49
60 67 16
60 69 7
60 70 59
60 71 14
60 72 39
60 74 43
60 75 15
60 77 41
60 78 76
60 80 29
60 82 51
60 91 81
60 93 28
60 95 4
60 96 30
60 97 50
60 101 44
60 102 16
60 103 48
60 104 8
60 112 20
60 113 4
60 117 83
60 120 41
60 128 76
60 129 46
60 130 20
60 134 23
60 135 15
60 136 28
60 138 10
60 140 57
60 141 99
60 146 63
60 148 70
60 149 92
61 65 51
61 68 86
61 69 48
61 70 62
61 72 32
61 73 89
61 74 20
61 75 55
61 82 37
61 83 17
61 85 67
61 86 16
61 87 85
61 91 73
61 94 54
61 95 55
61 96 21
61 97 52
61 101 54
61 102 4
61 106 64
61 107 85
61 108 23
61 110 26
61 113 55
61 115 94
61 116 14
61 119 56
61 122 14
61 123 38
61 126 76
61 127 83
61 128 85
61 129 12
61 132 21
61 135 46
61 139 27
61 145 65
62 65 69
62 66 83
62 69 86
62 70 34
62 71 45
62 74 12
62 76 53
62 77 100
62 81 99
62 83 50
62 85 26
62 90 86
62 94 33
62 95 3
62 98 84
62 99 75
62 100 93
62 101 22
62 104 43
62 106 71
62 109 6
62 110 81
62 112 3
62 114 45
62 119 63
62 120 80
62 122 28
62 123 39
62 125 61
62 126 36
62 130 75
62 132 28
62 133 31
62 135 52
62 136 74
62 137 15
62 138 16
62 139 39
62 140 13
62 141 38
62 142 13
62 145 9
62 146 67
62 147 83
63 66 44
63 67 4
63 68 86
63 70 36
63 72 34
63 73 7
63 78 43
63 79 48
63 80 57
63 81 42
63 82 84
63 84 6
63 86 57
63 87 94
63 90 41
63 94 54
63 95 99
63 96 2
63 97 86
63 99 31
63 100 37
63 101 62
63 104 39
63 105 26
63 112 32
63 113 46
63 115 28
63 116 51
63 117 72
63 120 97
63 121 57
63 122 7
63 125 32
63 128 39
63 130 11
63 133 93
63 143 56
64 69 49
64 70 90
64 74 61
64 78 94
64 80 75
64 81 85
64 82 57
64 84 46
64 86 42
64 87 4
64 89 82
64 95 29
64 97 30
64 98 38
64 102 12
64 103 96
64 107 7
64 108 89
64 111 89
64 112 32
64 117 55
64 119 59
64 124 26
64 127 6
64 128 27
64 131 65
64 133 65
64 138 72
64 139 86
64 140 46
64 141 9
64 142 52
64 143 32
64 144 95
64 145 39
64 150 47
65 66 42
65 70 61
65 71 37
65 72 74
65 73 7
65 75 73
65 78 34
65 82 90
65 84 57
65 86 14
65 88 1
65 89 61
65 96 13
65 98 83
65 99 52
65 102 64
65 104 19
65 107 52
65 109 65
65 111 44
65 115 16
65 120 97
65 121 22
65 123 60
65 125 50
65 126 17
65 127 30
65 128 96
65 130 49
65 132 49
65 134 100
65 137 93
65 138 74
65 139 23
65 140 12
65 142 39
65 143 10
65 148 24
65 150 31
66 70 9
66 72 27
66 74 28
66 77 7
66 78 19
66 79 44
66 80 56
66 81 56
66 82 79
66 83 66
66 86 49
66 90 82
66 91 24
66 95 67
66 96 88
66 98 21
66 99 4
66 101 45
66 103 13
66 105 30
66 106 58
66 112 4
66 120 78
66 121 95
66 122 67
66 124 76
66 125 40
66 130 97
66 131 57
66 136 34
66 137 24
66 138 10
66 143 39
66 147 45
66 148 14
67 71 86
67 77 46
67 84 20
67 89 19
67 94 99
67 95 47
67 96 81
67 97 27
67 98 32
67 101 27
67 104 47
67 107 61
67 114 97
67 120 66
67 121 96
67 122 55
67 124 89
67 128 41
67 129 51
67 130 98
67 132 39
67 135 34
67 136 98
67 140 95
67 142 94
67 147 9
67 148 32
67 149 28
68 69 90
68 73 34
68 74 84
68 78 57
68 79 93
68 80 81
68 91 87
68 94 29
68 95 88
68 101 56
68 106 99
68 109 16
68 112 3
68 114 84
68 116 33
68 117 27
68 124 28
68 126 94
68 128 32
68 131 99
68 135 51
68 140 64
68 141 53
68 142 83
68 143 65
68 145 82
68 146 93
68 147 14
68 150 47
69 70 55
69 71 46
69 74 78
69 75 83
69 76 30
69 78 91
69 79 47
69 81 16
69 83 10
69 85 22
69 89 76
69 94 70
69 95 29
69 100 18
69 101 86
69 102 70
69 104 32
69 105 55
69 108 48
69 109 15
69 110 84
69 117 1
69 118 28
69 119 88
69 124 25
69 126 86
69 127 20
69 132 10
69 134 47
69 135 12
69 136 84
69 144 18
69 146 96
69 147 54
70 71 74
70 75 7
70 82 79
70 83 87
70 90 21
70 92 43
70 93 82
70 95 91
70 110 58
70 111 61
70 115 83
70 116 79
70 117 86
70 118 92
70 120 33
70 122 93
70 124 65
70 125 10
70 128 6
70 133 62
70 137 92
70 140 13
70 143 76
70 146 89
70 147 15
70 149 74
70 150 19
71 73 78
71 75 11
71 78 61
71 79 69
71 88 77
71 89 53
71 91 2
71 92 73
71 94 81
71 98 60
71 100 19
71 104 3
71 105 76
71 107 55
71 110 10
71 114 65
71 119 42
71 121 65
71 129 45
71 130 44
71 135 33
71 138 71
71 139 10
71 144 22
71 145 95
71 149 65
71 150 21
72 73 67
72 74 67
72 75 8
72 79 99
72 84 93
72 85 35
72 86 16
72 87 58
72 89 88
72 92 15
72 94 63
72 97 24
72 99 39
72 100 44
72 102 82
72 103 3
72 105 99
72 106 56
72 109 54
72 112 91
72 114 81
72 115 7
72 116 2
72 117 36
72 118 46
72 119 20
72 120 24
72 121 69
72 122 48
72 124 80
72 125 61
72 127 16
72 128 21
72 129 60
72 130 58
72 135 52
72 136 3
72 137 73
72 140 25
72 145 19
72 148 71
73 75 50
73 77 47
73 80 31
73 87 52
73 89 30
73 90 17
73 93 3
73 94 55
73 96 57
73 98 82
73 99 11
73 101 44
73 104 34
73 106 52
73 109 54
73 111 53
73 112 34
73 113 45
73 114 60
73 122 55
73 123 42
73 124 38
73 125 64
73 128 78
73 131 3
73 132 52
73 133 60
73 136 27
73 140 79
73 145 59
73 149 52
74 75 70
74 81 8
74 84 76
74 95 18
74 96 69
74 101 62
74 102 69
74 103 54
74 104 54
74 106 12
74 107 84
74 108 1
74 114 39
74 116 16
74 120 83
74 124 87
74 128 77
74 129 64
74 131 23
74 135 33
74 137 62
74 138 61
74 140 16
74 142 54
74 146 81
74 149 99
74 150 75
75 76 38
75 77 90
75 79 60
75 81 56
75 84 34
75 85 57
75 88 80
75 89 98
75 92 75
75 94 97
75 96 51
75 97 22
75 102 38
75 103 18
75 104 2
75 105 53
75 107 82
75 108 43
75 109 50
75 110 94
75 112 91
75 116 22
75 118 10
75 119 17
75 120 84
75 127 64
75 128 67
75 130 61
75 131 94
75 135 7
75 136 49
75 141 36
75 142 65
75 144 87
75 145 55
75 147 14
75 148 22
75 149 48
75 150 38
76 77 77
76 78 6
76 80 33
76 81 82
76 82 94
76 84 40
76 85 2
76 87 50
76 88 86
76 89 22
76 91 29
76 93 74
76 94 50
76 95 8
76 96 31
76 102 79
76 104 70
76 105 81
76 110 76
76 120 45
76 124 80
76 128 37
76 131 85
76 135 48
76 136 24
76 139 1
76 142 86
76 146 52
76 147 98
76 149 96
77 79 7
77 80 69
77 81 83
77 82 18
77 89 5
77 92 37
77 100 44
77 102 71
77 104 18
77 105 67
77 107 7
77 111 28
77 114 57
77 119 95
77 124 71
77 127 73
77 129 30
77 130 57
77 133 89
77 139 72
77 141 36
77 142 72
77 143 42
77 144 72
77 149 14
77 150 41
78 80 78
78 81 63
78 82 24
78 84 12
78 86 52
78 87 99
78 89 53
78 93 57
78 94 65
78 100 10
78 102 92
78 103 59
78 105 3
78 111 88
78 113 82
78 117 20
78 118 38
78 120 73
78 121 4
78 123 3
78 125 91
78 127 17
78 130 7
78 133 54
78 139 33
78 141 36
78 144 66
78 148 14
78 150 17
79 80 71
79 82 3
79 83 87
79 85 38
79 88 94
79 96 95
79 98 10
79 100 48
79 103 63
79 104 60
79 107 33
79 110 45
79 111 33
79 113 97
79 118 20
79 119 34
79 126 74
79 127 3
79 129 19
79 132 14
79 133 7
79 136 28
79 139 39
79 140 74
79 142 26
79 144 30
79 145 60
79 149 35
80 84 39
80 86 93
80 88 35
80 90 27
80 93 14
80 96 55
80 98 57
80 100 46
80 103 31
80 104 66
80 113 90
80 114 57
80 115 66
80 119 94
80 122 88
80 125 84
80 126 99
80 127 16
80 128 28
80 130 28
80 133 37
80 140 87
80 141 59
80 146 60
80 149 76
81 85 17
81 89 91
81 92 71
81 98 56
81 108 21
81 109 40
81 110 87
81 111 68
81 112 3
81 115 45
81 117 78
81 119 46
81 122 23
81 131 89
81 132 97
81 135 27
81 138 49
81 140 71
81 141 86
81 145 87
81 146 64
81 148 54
81 150 46
82 83 82
82 84 97
82 87 75
82 88 4
82 89 37
82 94 75
82 99 74
82 103 20
82 112 63
82 114 76
82 116 25
82 119 62
82 121 76
82 122 3
82 126 53
82 127 25
82 131 14
82 135 70
82 138 48
82 139 100
82 144 54
82 149 35
83 88 25
83 89 21
83 91 8
83 92 59
83 95 7
83 96 31
83 98 19
83 103 9
83 105 91
83 106 51
83 107 24
83 113 7
83 114 67
83 116 51
83 119 57
83 121 57
83 128 79
83 130 55
83 132 21
83 133 63
83 135 22
83 140 76
83 143 100
83 145 29
83 147 59
83 148 76
83 149 27
84 86 47
84 88 82
84 90 30
84 93 39
84 96 12
84 97 52
84 98 91
84 100 87
84 105 37
84 111 26
84 112 30
84 119 9
84 121 79
84 122 77
84 125 32
84 126 16
84 128 56
84 134 84
84 135 4
84 138 13
84 139 90
84 145 71
84 147 34
84 148 3
84 149 21
84 150 68
85 88 53
85 89 21
85 90 99
85 93 18
85 95 66
85 102 49
85 104 16
85 105 25
85 106 22
85 108 20
85 109 87
85 111 54
85 113 8
85 115 77
85 116 78
85 118 80
85 119 35
85 120 27
85 124 21
85 125 60
85 129 62
85 132 37
85 136 21
85 138 38
85 141 2
85 143 68
85 144 10
85 146 38
85 147 69
85 149 79
86 87 89
86 94 84
86 99 57
86 100 17
86 102 74
86 105 39
86 107 19
86 112 63
86 116 17
86 117 14
86 118 44
86 119 18
86 121 72
86 122 63
86 123 59
86 124 59
86 125 93
86 126 65
86 127 69
86 128 79
86 132 81
86 133 71
86 136 16
86 137 4
86 140 1
86 145 3
86 149 8
86 150 81
87 88 92
87 91 12
87 92 23
87 93 48
87 95 16
87 102 43
87 104 80
87 105 23
87 107 56
87 109 84
87 110 75
87 112 17
87 113 58
87 114 3
87 116 51
87 118 42
87 119 67
87 120 36
87 121 91
87 123 83
87 132 15
87 134 86
87 135 96
87 137 79
87 142 85
87 145 38
87 146 25
87 150 38
88 95 47
88 96 18
88 100 2
88 101 48
88 102 91
88 103 41
88 104 77
88 110 13
88 114 26
88 118 71
88 121 56
88 123 3
88 127 11
88 128 33
88 129 38
88 132 96
88 133 17
88 134 60
88 135 86
88 136 3
88 143 46
88 145 83
88 147 32
88 148 41
88 149 72
89 92 51
89 94 42
89 95 65
89 96 55
89 97 50
89 98 16
89 99 71
89 101 9
89 104 3
89 107 99
89 110 46
89 111 2
89 113 35
89 115 78
89 116 88
89 123 27
89 128 26
89 130 56
89 132 23
89 134 31
89 135 50
89 137 55
89 139 17
89 144 93
89 145 58
89 146 5
89 147 9
90 94 39
90 104 59
90 106 92
90 108 75
90 112 9
90 113 15
90 117 90
90 125 65
90 126 15
90 129 51
90 131 97
90 132 55
90 133 40
90 134 14
90 137 4
90 141 50
90 142 46
90 143 92
90 145 98
90 147 39
90 148 33
91 92 91
91 93 40
91 97 55
91 100 19
91 101 15
91 102 48
91 105 50
91 106 46
91 109 50
91 110 28
91 112 21
91 116 35
91 126 7
91 130 47
91 132 60
91 134 85
91 135 14
91 138 58
91 139 29
91 144 98
91 146 25
92 96 21
92 98 31
92 99 45
92 100 45
92 102 98
92 103 3
92 107 22
92 108 7
92 110 59
92 114 25
92 115 21
92 116 42
92 119 64
92 123 15
92 125 49
92 126 16
92 127 36
92 132 44
92 134 24
92 135 9
92 137 56
92 139 98
92 143 19
92 146 48
92 147 90
93 94 56
93 98 35
93 102 43
93 105 34
93 107 90
93 110 69
93 112 86
93 113 23
93 115 11
93 116 50
93 117 84
93 118 83
93 121 32
93 124 81
93 125 86
93 126 11
93 127 48
93 128 37
93 129 38
93 131 42
93 143 51
93 144 38
93 146 29
93 150 83
94 95 25
94 96 69
94 98 66
94 100 16
94 101 36
94 104 32
94 105 63
94 108 85
94 109 87
94 111 12
94 115 63
94 116 52
94 117 89
94 124 8
94 125 91
94 126 57
94 128 93
94 130 73
94 132 21
94 134 94
94 138 97
94 139 72
94 140 11
94 141 66
94 142 12
94 149 10
95 99 30
95 101 18
95 102 8
95 103 82
95 106 97
95 110 31
95 111 49
95 112 21
95 119 14
95 122 57
95 123 30
95 125 73
95 130 39
95 131 95
95 134 13
95 135 34
95 136 60
95 138 38
95 142 44
95 146 72
95 148 8
95 149 43
96 100 2
96 105 44
96 107 99
96 113 81
96 116 54
96 117 43
96 119 18
96 123 38
96 126 68
96 129 50
96 142 5
96 143 51
96 145 90
96 150 42
97 99 7
97 101 85
97 102 72
97 104 39
97 107 62
97 108 89
97 118 31
97 124 74
97 125 84
97 128 100
97 133 74
97 139 36
97 143 55
97 144 19
97 145 39
97 146 53
98 99 15
98 100 20
98 104 62
98 105 31
98 107 5
98 108 13
98 110 76
98 111 70
98 112 39
98 119 80
98 122 23
98 123 30
98 125 63
98 126 39
98 127 82
98 128 91
98 136 64
98 138 97
98 139 37
98 140 76
98 141 9
98 144 31
98 145 79
99 103 35
99 109 88
99 113 34
99 117 28
99 118 15
99 120 29
99 122 86
99 129 61
99 130 71
99 132 15
99 133 18
99 135 87
99 136 26
99 138 67
99 139 84
99 141 46
99 146 3
100 101 82
100 104 60
100 108 10
100 110 98
100 115 47
100 120 37
100 121 88
100 126 59
100 127 53
100 128 13
100 129 9
100 134 23
100 142 97
100 147 55
100 149 98
101 103 70
101 107 13
101 109 70
101 113 11
101 114 72
101 118 33
101 119 23
101 125 2
101 127 39
101 128 10
101 129 38
101 133 57
101 140 19
101 141 17
101 142 15
101 143 56
102 103 90
102 104 38
102 105 7
102 107 97
102 108 95
102 110 5
102 112 88
102 114 96
102 115 44
102 118 73
102 122 90
102 124 21
102 125 46
102 126 55
102 129 18
102 131 19
102 133 52
102 136 27
102 138 37
102 139 83
102 141 32
102 145 58
102 148 56
102 149 59
102 150 45
103 106 6
103 108 82
103 112 12
103 113 83
103 115 42
103 117 89
103 122 57
103 130 73
103 133 61
103 134 37
103 135 50
103 138 61
103 142 76
103 143 71
103 144 10
103 146 57
104 105 36
104 106 81
104 107 49
104 110 67
104 113 87
104 119 50
104 121 96
104 124 75
104 129 7
104 131 86
104 132 80
104 135 29
104 140 18
104 141 33
104 143 62
104 145 31
104 146 35
104 148 44
105 106 23
105 107 27
105 108 72
105 111 69
105 113 97
105 114 53
105 115 30
105 118 72
105 119 56
105 124 14
105 129 28
105 131 26
105 134 56
105 135 31
105 136 30
105 137 14
105 139 51
105 140 100
105 142 29
105 146 83
105 147 97
106 107 14
106 108 54
106 109 75
106 112 42
106 115 62
106 116 71
106 121 92
106 126 71
106 128 22
106 130 62
106 135 48
106 137 87
106 138 1
106 140 54
106 143 40
106 144 18
106 148 14
106 149 34
107 108 41
107 110 48
107 111 94
107 119 41
107 120 26
107 122 84
107 123 77
107 124 84
107 127 27
107 129 60
107 130 82
107 132 8
107 137 12
107 139 55
107 141 71
107 145 71
107 150 91
108 110 35
108 112 88
108 113 76
108 114 69
108 115 43
108 117 38
108 118 61
108 122 28
108 124 90
108 130 94
108 134 94
108 136 35
108 142 67
108 145 23
108 146 18
108 147 51
108 148 10
108 149 44
109 110 72
109 112 78
109 114 63
109 115 52
109 118 96
109 119 100
109 120 26
109 122 49
109 125 69
109 129 77
109 130 39
109 131 81
109 140 72
109 141 11
109 142 83
109 144 98
109 146 77
109 148 34
109 150 24
110 112 54
110 113 85
110 114 13
110 115 92
110 116 19
110 119 99
110 120 69
110 128 51
110 129 54
110 136 3
110 138 81
110 141 92
110 142 71
111 114 3
111 116 88
111 117 77
111 121 75
111 124 23
111 130 76
111 131 26
111 133 43
111 135 32
111 138 33
111 142 82
111 146 58
112 116 5
112 117 50
112 131 26
112 133 7
112 136 61
112 139 35
112 143 84
112 145 59
112 147 98
112 149 54
112 150 13
113 118 53
113 120 25
113 121 39
113 122 66
113 123 44
113 127 21
113 128 19
113 130 99
113 132 90
113 134 85
113 142 48
113 143 47
113 145 93
113 149 16
113 150 34
114 120 4
114 122 64
114 137 48
114 142 93
114 144 21
114 146 75
115 120 99
115 121 41
115 123 39
115 125 73
115 126 15
115 128 17
115 130 71
115 131 78
115 134 70
115 144 36
115 146 24
115 149 68
116 118 15
116 120 96
116 123 13
116 127 72
116 128 9
116 130 10
116 132 97
116 133 4
116 134 51
116 146 90
117 121 98
117 122 43
117 123 73
117 124 71
117 126 34
117 127 40
117 132 36
117 136 63
117 137 76
117 138 5
117 140 41
117 141 12
117 144 33
117 148 18
117 150 53
118 119 74
118 120 50
118 122 93
118 123 11
118 124 54
118 125 12
118 127 100
118 128 57
118 129 7
118 131 24
118 133 42
118 134 92
118 136 70
118 137 45
118 139 14
118 146 44
118 148 22
118 149 48
119 123 64
119 131 95
119 133 59
119 134 44
119 135 44
119 139 57
119 143 94
119 145 56
119 148 3
120 123 19
120 125 50
120 127 40
120 129 71
120 130 64
120 131 81
120 133 13
120 135 64
120 141 51
120 142 93
120 145 82
120 147 27
121 122 34
121 123 32
121 125 45
121 126 12
121 127 11
121 128 93
121 129 90
121 130 68
121 132 26
121 133 31
121 135 1
121 137 37
121 139 18
121 140 63
121 143 65
121 146 5
122 124 28
122 125 77
122 126 54
122 127 17
122 128 98
122 129 63
122 130 83
122 131 97
122 132 29
122 137 80
122 142 57
122 145 54
122 146 49
122 148 28
122 149 12
123 124 54
123 127 75
123 132 40
123 133 55
123 134 72
123 139 88
123 140 39
123 149 78
123 150 33
124 126 95
124 128 1
124 130 35
124 134 69
124 135 35
124 138 12
124 139 20
124 140 78
124 142 73
124 144 17
124 145 89
124 147 74
124 148 7
124 150 22
125 126 29
125 128 37
125 130 71
125 134 91
125 138 29
125 140 41
125 141 34
125 147 28
125 148 1
126 127 26
126 129 30
126 133 21
126 134 52
126 138 75
126 139 72
126 141 47
126 142 30
126 149 6
127 128 92
127 129 63
127 131 21
127 134 18
127 136 100
127 138 37
127 139 68
127 140 94
127 141 69
127 142 3
127 143 42
127 145 81
127 147 57
128 134 83
128 136 26
128 137 31
128 138 55
128 140 78
128 142 44
128 145 93
128 149 42
128 150 17
129 133 6
129 136 79
129 137 32
129 138 96
129 139 32
129 140 4
129 142 73
129 143 68
129 144 65
129 146 62
129 147 16
129 148 62
129 149 79
129 150 93
130 131 5
130 133 32
130 138 42
130 139 42
130 146 90
130 148 43
130 149 38
130 150 55
131 135 39
131 138 48
131 140 31
131 147 59
131 150 7
132 135 91
132 136 78
132 137 17
132 138 76
132 139 24
132 141 76
132 144 19
132 146 74
132 149 78
133 136 35
133 137 23
133 139 16
133 140 16
133 141 72
133 142 77
133 143 93
133 144 61
133 145 9
133 146 40
133 147 98
133 148 61
134 135 72
134 142 7
134 143 75
135 136 45
135 139 73
135 141 42
135 142 38
135 144 68
135 145 12
135 146 9
135 148 96
135 149 39
136 137 56
136 138 91
136 145 84
136 146 20
136 147 37
136 149 81
136 150 50
137 139 31
137 146 39
137 150 97
138 144 41
138 146 36
138 149 74
138 150 65
139 144 9
139 146 4
140 141 45
140 146 66
140 149 47
141 145 23
141 147 65
142 145 70
142 146 38
142 148 95
142 149 81
142 150 49
143 145 74
143 147 39
143 149 15
144 146 13
144 150 92
145 146 23
145 147 90
146 148 47
146 149 65
147 148 39
148 150 35
149 150 60
1 3 24
1 8 67
1 10 82
1 12 41
1 14 39
1 15 2
1 16 5
1 19 50
1 21 80
1 26 41
1 27 37
1 30 36
1 34 97
1 35 60
1 38 63
1 41 2
1 44 90
1 47 70
1 56 69
1 60 42
1 62 41
1 63 78
1 69 89
1 72 47
1 73 47
1 74 37
1 83 23
1 85 29
1 86 55
1 90 75
1 92 76
1 97 98
1 98 30
1 99 34
1 103 100
1 104 58
1 105 90
1 106 49
1 108 93
1 110 1
1 112 93
1 113 24
1 115 99
1 126 78
1 129 100
1 130 60
1 132 67
1 133 78
1 136 34
1 140 32
1 142 95
1 145 40
1 148 10
2 3 4
2 6 21
2 8 73
2 12 91
2 13 38
2 14 13
2 16 15
2 18 34
2 21 83
2 23 47
2 24 44
2 25 70
2 27 45
2 33 63
2 40 32
2 46 50
2 50 65
2 51 69
2 52 87
2 55 26
2 56 71
2 57 34
2 58 5
2 61 4
2 62 88
2 63 86
2 65 73
2 66 6
2 68 92
2 70 58
2 71 53
2 72 57
2 74 87
2 79 59
2 81 71
2 84 88
2 88 7
2 89 50
2 91 24
2 94 83
2 95 33
2 98 11
2 99 6
2 101 83
2 102 73
2 103 64
2 104 84
2 105 97
2 106 80
2 109 68
2 112 13
2 114 12
2 117 70
2 120 83
2 123 5
2 124 79
2 126 83
2 130 82
2 132 9
2 135 57
2 137 69
2 141 13
2 146 85
2 148 93
3 4 15
3 9 100
3 11 27
3 14 43
3 15 53
3 20 17
3 22 82
3 27 47
3 30 35
3 32 53
3 34 66
3 41 6
3 42 20
3 45 76
3 48 79
3 49 98
3 51 6
3 53 5
3 55 80
3 58 5
3 62 42
3 64 56
3 65 73
3 68 53
3 71 34
3 72 85
3 73 67
3 74 14
3 76 90
3 78 58
3 82 85
3 88 42
3 90 70
3 91 36
3 93 69
3 94 92
3 95 20
3 99 94
3 104 70
3 112 27
3 113 78
3 118 62
3 119 29
3 125 24
3 126 98
3 132 61
3 136 79
3 138 26
3 139 51
3 142 45
3 146 88
3 147 79
3 150 86
4 8 64
4 13 28
4 14 36
4 17 28
4 21 45
4 25 22
4 26 80
4 27 71
4 31 29
4 33 66
4 34 25
4 44 71
4 45 42
4 50 79
4 51 68
4 52 17
4 54 17
4 55 47
4 58 93
4 59 2
4 62 12
4 63 11
4 64 93
4 67 29
4 68 51
4 71 29
4 72 71
4 73 90
4 74 66
4 76 37
4 77 9
4 80 63
4 81 20
4 82 43
4 88 53
4 91 5
4 96 43
4 98 12
4 99 88
4 105 24
4 109 63
4 113 45
4 114 39
4 115 55
4 116 21
4 117 15
4 118 74
4 119 89
4 121 55
4 124 75
4 125 67
4 137 72
4 142 21
4 143 19
4 147 82
4 148 63
5 6 86
5 8 38
5 13 21
5 17 76
5 19 63
5 27 97
5 30 87
5 31 44
5 33 87
5 34 19
5 37 17
5 39 7
5 42 47
5 44 24
5 45 89
5 47 57
5 49 47
5 54 82
5 56 63
5 58 99
5 59 8
5 61 50
5 62 71
5 64 83
5 69 36
5 70 55
5 73 21
5 74 72
5 75 41
5 77 90
5 79 36
5 80 1
5 81 73
5 82 82
5 87 71
5 91 43
5 93 3
5 95 86
5 97 6
5 99 58
5 102 53
5 105 8
5 108 87
5 111 12
5 115 16
5 116 50
5 117 30
5 121 75
5 124 80
5 129 27
5 132 89
5 134 74
5 138 91
5 139 75
5 141 22
5 145 49
5 147 18
6 7 26
6 9 91
6 10 84
6 11 11
6 12 99
6 14 100
6 15 43
6 16 40
6 21 79
6 22 94
6 23 99
6 26 48
6 29 98
6 32 61
6 34 93
6 37 75
6 41 42
6 42 51
6 43 24
6 45 99
6 48 15
6 50 15
6 52 90
6 55 54
6 56 21
6 59 92
6 63 68
6 64 63
6 65 1
6 67 4
6 70 84
6 71 1
6 76 65
6 78 37
6 79 83
6 80 79
6 81 39
6 85 52
6 86 41
6 89 50
6 91 17
6 93 92
6 97 58
6 99 79
6 107 64
6 111 19
6 113 96
6 115 5
6 118 38
6 121 88
6 128 21
6 134 99
6 135 65
6 136 73
6 143 55
6 147 44
6 148 27
6 150 87
7 8 8
7 9 72
7 11 52
7 12 13
7 15 28
7 16 9
7 20 6
7 21 89
7 23 67
7 24 67
7 26 27
7 29 29
7 30 67
7 31 23
7 33 67
7 36 14
7 37 95
7 40 17
7 41 62
7 48 81
7 49 100
7 51 14
7 53 7
7 54 21
7 56 52
7 60 2
7 61 51
7 64 95
7 66 65
7 70 53
7 72 62
7 79 21
7 83 75
7 84 17
7 87 10
7 88 23
7 89 44
7 91 20
7 92 36
7 93 84
7 99 49
7 101 14
7 103 61
7 105 14
7 109 87
7 110 13
7 111 9
7 113 21
7 118 11
7 122 80
7 127 75
7 129 72
7 132 50
7 137 28
7 138 28
7 140 31
7 143 84
7 145 64
7 146 22
7 147 80
7 150 50
8 9 35
8 12 63
8 13 70
8 14 30
8 17 43
8 19 43
8 20 93
8 23 56
8 24 46
8 26 61
8 30 13
8 44 43
8 46 63
8 48 100
8 51 65
8 52 31
8 53 64
8 55 52
8 56 92
8 60 84
8 61 29
8 62 53
8 64 3
8 67 39
8 74 10
8 76 27
8 77 28
8 84 68
8 85 72
8 86 42
8 87 76
8 89 90
8 91 33
8 94 15
8 95 27
8 96 11
8 101 15
8 103 47
8 109 56
8 113 74
8 117 92
8 121 4
8 122 48
8 123 12
8 125 69
8 128 7
8 130 95
8 131 32
8 133 66
8 134 70
8 140 47
8 142 13
8 143 48
8 146 49
8 150 21
9 10 47
9 12 9
9 13 7
9 16 38
9 18 53
9 20 40
9 21 29
9 26 17
9 28 55
9 30 29
9 34 34
9 35 26
9 37 88
9 38 48
9 41 42
9 43 95
9 46 44
9 48 66
9 50 86
9 52 80
9 53 13
9 58 100
9 61 51
9 62 16
9 67 97
9 68 3
9 69 19
9 70 6
9 71 2
9 72 10
9 73 53
9 75 81
9 80 95
9 83 75
9 88 93
9 90 50
9 91 51
9 92 64
9 94 49
9 96 92
9 99 10
9 100 94
9 101 75
9 102 36
9 105 12
9 107 35
9 110 55
9 114 37
9 115 71
9 117 94
9 118 15
9 120 28
9 127 87
9 132 21
9 133 32
9 142 63
9 143 38
9 145 97
9 148 44
9 150 49
10 13 83
10 15 22
10 16 24
10 24 1
10 25 68
10 31 79
10 32 76
10 38 40
10 40 91
10 42 77
10 44 63
10 48 20
10 49 16
10 51 14
10 52 39
10 53 18
10 58 11
10 59 5
10 60 100
10 64 10
10 65 65
10 66 44
10 67 34
10 68 17
10 73 82
10 75 62
10 79 75
10 81 98
10 83 7
10 84 91
10 85 23
10 87 42
10 88 75
10 96 43
10 98 57
10 99 65
10 100 9
10 105 65
10 108 70
10 109 58
10 110 56
10 111 44
10 112 51
10 113 93
10 117 29
10 119 34
10 125 63
10 126 18
10 130 13
10 131 61
10 132 32
10 133 33
10 134 50
10 138 23
10 139 80
10 140 12
10 142 75
10 143 76
10 144 53
10 147 53
10 149 5
11 15 38
11 17 95
11 18 13
11 21 14
11 22 92
11 25 70
11 26 50
11 27 29
11 29 66
11 31 70
11 32 42
11 33 61
11 34 75
11 35 87
11 36 4
11 40 70
11 41 20
11 42 1
11 44 15
11 46 25
11 48 98
11 51 10
11 58 5
11 59 17
11 62 6
11 65 13
11 69 64
11 77 59
11 78 90
11 80 32
11 81 81
11 85 69
11 86 75
11 87 47
11 89 76
11 90 90
11 91 15
11 93 20
11 96 47
11 97 14
11 102 70
11 106 10
11 111 82
11 112 30
11 115 18
11 118 90
11 119 92
11 120 72
11 124 66
11 126 82
11 128 37
11 129 77
11 132 76
11 134 76
11 137 6
11 138 53
11 139 73
11 142 20
11 144 10
11 145 79
11 150 8
12 13 93
12 15 62
12 17 44
12 18 12
12 19 89
12 20 96
12 21 35
12 22 31
12 23 74
12 24 55
12 26 38
12 30 72
12 32 87
12 34 33
12 37 81
12 38 84
12 45 8
12 47 35
12 48 47
12 49 59
12 50 19
12 51 13
12 57 21
12 58 97
12 60 29
12 62 41
12 63 2
12 65 37
12 67 3
12 68 17
12 69 47
12 70 40
12 71 76
12 73 6
12 74 28
12 76 18
12 78 64
12 79 80
12 80 13
12 81 80
12 83 46
12 86 29
12 87 90
12 88 71
12 89 14
12 91 13
12 96 65
12 97 18
12 99 32
12 103 73
12 116 39
12 118 99
12 119 100
12 122 60
12 124 40
12 128 74
12 130 88
12 131 64
12 134 73
12 135 74
12 136 24
12 142 13
12 143 79
12 144 71
12 145 81
12 146 12
12 149 95
13 14 22
13 21 97
13 26 65
13 27 86
13 30 59
13 34 14
13 35 96
13 36 40
13 37 69
13 38 75
13 39 9
13 40 18
13 41 80
13 42 85
13 44 44
13 48 68
13 49 37
13 51 14
13 54 12
13 55 85
13 57 94
13 62 66
13 63 14
13 64 12
13 67 88
13 68 2
13 70 32
13 73 65
13 81 10
13 82 39
13 83 1
13 86 53
13 90 15
13 91 92
13 92 16
13 93 14
13 95 85
13 98 2
13 99 76
13 100 19
13 110 60
13 113 13
13 117 64
13 120 86
13 123 2
13 126 38
13 128 57
13 130 81
13 132 76
13 134 20
13 135 33
13 136 66
13 142 19
13 145 39
13 147 19
13 148 7
14 18 17
14 19 50
14 21 98
14 22 58
14 23 29
14 24 91
14 25 95
14 27 75
14 30 98
14 33 56
14 35 25
14 36 46
14 37 53
14 46 19
14 53 72
14 58 73
14 61 61
14 64 39
14 70 46
14 71 80
14 74 97
14 77 57
14 78 12
14 79 78
14 82 20
14 86 77
14 91 70
14 93 41
14 103 39
14 105 88
14 110 36
14 111 99
14 112 91
14 117 1
14 119 71
14 126 30
14 131 85
14 132 77
14 134 65
14 135 39
14 136 78
14 139 47
14 140 68
14 144 51
14 145 78
14 150 76
15 16 68
15 18 86
15 20 18
15 21 93
15 23 63
15 24 48
15 27 17
15 30 7
15 31 94
15 32 96
15 33 36
15 34 47
15 35 94
15 36 93
15 37 14
15 38 84
15 41 5
15 42 45
15 43 32
15 46 54
15 48 49
15 49 79
15 50 66
15 51 92
15 57 38
15 59 71
15 61 31
15 63 35
15 64 5
15 67 9
15 69 19
15 72 44
15 74 30
15 75 44
15 78 6
15 81 79
15 85 42
15 89 49
15 90 25
15 93 85
15 94 61
15 96 42
15 97 3
15 100 14
15 103 25
15 105 13
15 106 78
15 109 66
15 112 66
15 113 81
15 114 90
15 116 80
15 119 31
15 120 99
15 122 34
15 126 36
15 127 28
15 128 31
15 131 63
15 132 86
15 134 32
15 135 52
15 137 76
15 138 88
15 144 37
15 145 25
15 148 13
16 17 91
16 18 43
16 20 56
16 21 53
16 26 61
16 27 62
16 29 38
16 34 99
16 35 79
16 36 84
16 39 26
16 45 71
16 46 29
16 48 76
16 49 50
16 50 21
16 51 48
16 52 76
16 55 59
16 58 48
16 59 25
16 61 8
16 63 97
16 64 8
16 69 71
16 70 54
16 71 68
16 72 34
16 79 87
16 81 47
16 86 35
16 87 55
16 88 74
16 91 59
16 94 32
16 98 80
16 101 91
16 103 54
16 104 36
16 109 72
16 110 2
16 111 58
16 114 37
16 117 22
16 123 55
16 127 5
16 129 11
16 130 33
16 131 70
16 132 88
16 134 72
16 135 24
16 137 87
16 142 100
16 144 42
16 145 37
16 146 4
16 148 89
17 18 37
17 19 5
17 24 88
17 26 76
17 28 20
17 30 7
17 31 49
17 32 60
17 34 81
17 36 100
17 37 96
17 38 33
17 39 51
17 41 63
17 42 86
17 46 21
17 49 41
17 51 28
17 53 52
17 57 100
17 60 2
17 62 26
17 63 57
17 64 33
17 65 73
17 68 3
17 69 9
17 73 59
17 74 13
17 76 41
17 79 62
17 81 19
17 82 93
17 84 81
17 85 84
17 87 22
17 93 78
17 96 52
17 100 69
17 104 35
17 108 18
17 112 39
17 114 77
17 115 64
17 117 25
17 121 38
17 122 50
17 124 51
17 127 94
17 128 41
17 135 25
17 139 42
17 140 78
17 144 99
17 145 24
17 147 31
18 19 77
18 20 39
18 26 86
18 29 18
18 31 81
18 32 11
18 34 80
18 38 42
18 44 36
18 45 26
18 47 82
18 48 98
18 52 54
18 56 67
18 61 21
18 63 38
18 64 20
18 67 13
18 75 97
18 79 100
18 86 13
18 94 61
18 95 23
18 97 48
18 100 4
18 107 38
18 111 93
18 112 65
18 113 54
18 115 30
18 116 57
18 119 60
18 120 39
18 122 31
18 125 61
18 126 72
18 130 99
18 131 71
18 133 81
18 138 70
18 141 4
18 148 72
19 26 77
19 28 11
19 30 42
19 34 26
19 36 59
19 40 80
19 41 52
19 46 53
19 48 62
19 49 47
19 62 57
19 67 38
19 68 41
19 69 8
19 72 13
19 78 37
19 80 22
19 81 57
19 82 23
19 85 78
19 88 64
19 89 6
19 90 90
19 92 82
19 96 1
19 98 31
19 104 99
19 109 5
19 113 67
19 114 48
19 116 70
19 117 6
19 119 25
19 124 10
19 125 48
19 128 5
19 130 75
19 131 59
19 136 13
19 137 100
19 139 65
19 141 94
19 142 92
19 143 36
19 144 89
19 147 71
19 149 12
19 150 81
20 23 10
20 27 28
20 29 94
20 32 43
20 41 81
20 42 45
20 49 95
20 50 44
20 59 51
20 64 55
20 65 3
20 68 37
20 69 3
20 70 90
20 73 3
20 80 23
20 83 5
20 89 91
20 91 10
20 95 28
20 98 33
20 99 79
20 100 59
20 102 19
20 104 73
20 106 81
20 108 63
20 110 94
20 111 50
20 112 70
20 115 54
20 116 57
20 118 85
20 119 19
20 120 65
20 124 23
20 126 41
20 133 4
20 135 91
20 139 3
20 142 80
20 145 46
20 146 53
20 147 44
21 24 23
21 31 94
21 35 89
21 36 80
21 37 58
21 38 47
21 39 58
