150 10058 1
1 3 70
1 4 12
1 5 96
1 8 12
1 14 93
1 16 87
1 17 90
1 18 90
1 19 41
1 22 76
1 23 50
1 26 38
1 34 38
1 35 44
1 36 19
1 38 81
1 43 2
1 46 73
1 47 43
1 48 22
1 52 26
1 53 56
1 55 55
1 56 40
1 58 85
1 59 69
1 62 91
1 70 98
1 72 45
1 75 75
1 80 69
1 83 63
1 84 41
1 89 79
1 90 56
1 93 89
1 94 86
1 97 61
1 98 44
1 102 44
1 103 41
1 107 55
1 109 46
1 110 58
1 114 57
1 119 4
1 120 100
1 121 73
1 124 44
1 126 59
1 132 27
1 133 67
1 142 86
1 144 7
1 146 49
2 10 19
2 11 55
2 12 77
2 16 61
2 20 15
2 25 66
2 26 41
2 31 6
2 32 51
2 34 64
2 38 42
2 40 30
2 41 92
2 44 6
2 48 10
2 53 23
2 56 83
2 59 44
2 62 14
2 64 34
2 66 6
2 68 40
2 70 57
2 72 3
2 75 85
2 76 68
2 77 25
2 81 66
2 82 78
2 83 3
2 85 94
2 93 28
2 94 63
2 96 60
2 103 29
2 106 2
2 108 50
2 116 37
2 119 6
2 124 89
2 125 68
2 126 67
2 129 75
2 132 29
2 136 19
2 138 47
2 139 91
2 140 30
2 142 18
2 144 82
2 145 100
2 146 99
2 147 92
2 148 25
2 149 81
3 4 60
3 6 76
3 7 88
3 8 59
3 9 75
3 13 83
3 14 93
3 16 32
3 21 86
3 26 18
3 27 24
3 28 97
3 30 33
3 32 88
3 35 75
3 38 5
3 41 79
3 42 69
3 43 84
3 44 63
3 46 40
3 52 9
3 54 42
3 55 42
3 56 94
3 58 39
3 59 49
3 61 24
3 65 26
3 66 8
3 67 35
3 68 50
3 71 15
3 73 19
3 75 31
3 76 6
3 78 27
3 79 60
3 82 39
3 83 99
3 84 10
3 87 28
3 89 79
3 90 85
3 92 85
3 95 6
3 96 78
3 99 67
3 100 49
3 102 98
3 105 47
3 108 48
3 110 88
3 114 53
3 115 65
3 119 100
3 122 83
3 125 98
3 126 72
3 127 34
3 130 30
3 131 42
3 135 64
3 142 33
3 143 28
3 145 55
4 5 76
4 7 69
4 8 80
4 10 19
4 13 31
4 17 53
4 18 94
4 20 33
4 22 15
4 24 21
4 25 76
4 26 22
4 30 85
4 33 18
4 34 55
4 36 48
4 39 13
4 40 6
4 42 69
4 45 90
4 46 12
4 47 33
4 52 65
4 53 72
4 57 51
4 58 13
4 65 8
4 66 57
4 68 97
4 73 68
4 75 7
4 77 13
4 83 86
4 85 56
4 86 49
4 90 40
4 91 7
4 93 45
4 96 70
4 99 66
4 101 9
4 106 60
4 108 99
4 109 94
4 110 82
4 111 45
4 113 53
4 115 28
4 116 60
4 121 91
4 123 70
4 124 34
4 126 79
4 128 61
4 133 29
4 136 66
4 138 9
4 140 38
4 142 29
4 143 68
5 6 42
5 12 25
5 16 67
5 17 79
5 18 25
5 19 35
5 22 79
5 23 98
5 25 82
5 27 71
5 28 42
5 31 74
5 32 39
5 35 44
5 36 27
5 37 94
5 39 81
5 41 97
5 42 6
5 47 9
5 48 45
5 55 40
5 59 63
5 62 34
5 64 36
5 65 96
5 71 10
5 73 32
5 74 69
5 77 95
5 78 14
5 80 60
5 83 3
5 85 81
5 86 15
5 90 60
5 91 85
5 93 28
5 94 66
5 98 2
5 99 69
5 100 3
5 101 49
5 102 100
5 104 86
5 110 48
5 114 60
5 116 87
5 117 73
5 118 84
5 120 92
5 121 26
5 127 31
5 129 34
5 130 27
5 133 25
5 134 90
5 136 25
5 139 1
5 141 82
5 145 82
5 146 5
5 147 86
5 150 57
6 7 65
6 8 35
6 9 29
6 10 32
6 12 7
6 13 56
6 15 31
6 17 38
6 19 89
6 20 79
6 21 53
6 23 71
6 24 94
6 25 34
6 28 18
6 29 56
6 31 81
6 32 29
6 34 69
6 35 75
6 38 1
6 40 34
6 41 8
6 43 27
6 45 8
6 47 52
6 56 69
6 57 51
6 62 63
6 64 56
6 67 33
6 68 52
6 69 72
6 71 3
6 72 89
6 74 63
6 75 97
6 78 81
6 79 87
6 83 19
6 86 49
6 88 70
6 89 59
6 91 59
6 94 59
6 98 100
6 100 57
6 103 34
6 107 26
6 109 98
6 112 96
6 113 81
6 115 28
6 119 51
6 120 99
6 123 11
6 124 97
6 126 48
6 127 4
6 131 54
6 133 61
6 138 1
6 142 20
6 146 94
6 147 35
6 148 88
6 150 98
7 8 43
7 11 96
7 19 7
7 20 1
7 24 98
7 26 7
7 27 67
7 28 29
7 30 77
7 33 95
7 34 77
7 35 59
7 39 45
7 40 3
7 53 79
7 54 56
7 59 59
7 60 25
7 62 1
7 64 42
7 65 64
7 68 53
7 71 76
7 73 20
7 74 86
7 75 17
7 79 28
7 80 7
7 82 69
7 83 87
7 84 36
7 86 62
7 88 18
7 89 77
7 90 34
7 91 49
7 92 88
7 97 54
7 98 56
7 102 24
7 110 3
7 113 4
7 120 33
7 121 56
7 123 53
7 129 44
7 130 98
7 133 40
7 134 92
7 138 79
7 139 36
7 140 37
7 141 46
7 143 3
7 145 19
7 146 88
7 147 73
7 148 9
7 150 96
8 10 92
8 11 28
8 13 17
8 14 91
8 15 27
8 17 14
8 21 55
8 22 36
8 24 77
8 25 93
8 27 97
8 28 1
8 30 91
8 34 21
8 35 71
8 39 63
8 44 37
8 47 45
8 48 88
8 52 82
8 58 48
8 65 92
8 68 45
8 70 32
8 71 4
8 91 98
8 95 35
8 100 56
8 103 96
8 106 19
8 107 78
8 110 26
8 118 46
8 119 15
8 120 40
8 122 1
8 124 76
8 125 88
8 128 5
8 129 3
8 133 31
8 136 90
8 139 7
8 145 84
8 146 78
8 148 17
8 149 10
8 150 33
9 12 13
9 14 78
9 17 21
9 19 93
9 20 8
9 23 31
9 26 15
9 29 10
9 31 85
9 32 78
9 34 86
9 35 98
9 42 95
9 46 65
9 47 66
9 50 65
9 52 3
9 53 15
9 54 52
9 55 47
9 61 72
9 62 29
9 65 20
9 66 30
9 67 97
9 71 94
9 72 11
9 74 64
9 77 58
9 79 7
9 80 28
9 81 87
9 84 22
9 88 84
9 89 58
9 90 91
9 92 51
9 96 48
9 101 9
9 102 19
9 103 52
9 104 75
9 106 81
9 108 54
9 109 61
9 111 21
9 114 7
9 115 2
9 117 46
9 118 6
9 119 67
9 121 37
9 125 14
9 127 72
9 128 97
9 131 84
9 132 90
9 139 46
9 140 19
9 142 49
9 143 31
9 144 56
9 146 40
9 148 72
9 149 83
9 150 94
10 12 70
10 13 33
10 14 35
10 18 24
10 20 70
10 21 98
10 24 40
10 27 84
10 28 98
10 31 39
10 32 21
10 33 79
10 34 18
10 38 27
10 42 73
10 48 41
10 50 18
10 52 40
10 54 8
10 56 3
10 58 25
10 59 57
10 61 64
10 71 97
10 72 96
10 77 67
10 79 33
10 80 29
10 81 71
10 83 41
10 93 64
10 96 58
10 99 10
10 105 7
10 107 92
10 108 37
10 111 32
10 113 98
10 116 10
10 120 10
10 121 2
10 123 41
10 124 69
10 133 23
10 135 3
10 136 98
10 137 91
10 144 11
10 146 2
10 149 6
10 150 57
11 14 22
11 15 9
11 17 4
11 18 16
11 19 73
11 23 73
11 26 38
11 27 78
11 34 12
11 35 30
11 36 34
11 37 92
11 38 88
11 39 91
11 40 72
11 41 15
11 42 17
11 43 91
11 44 2
11 46 52
11 48 7
11 49 64
11 50 46
11 52 41
11 54 51
11 55 86
11 57 79
11 58 21
11 60 40
11 67 31
11 68 68
11 69 17
11 70 88
11 71 92
11 73 11
11 74 69
11 75 21
11 77 49
11 78 33
11 80 95
11 81 42
11 88 86
11 89 47
11 91 58
11 92 39
11 97 71
11 98 79
11 99 83
11 101 69
11 102 61
11 105 85
11 108 12
11 111 35
11 115 69
11 119 41
11 120 78
11 122 1
11 125 74
11 126 81
11 128 37
11 134 5
11 137 33
11 138 13
11 139 54
11 142 59
11 143 74
11 146 86
11 147 12
11 148 72
11 150 80
12 13 87
12 17 58
12 18 77
12 21 76
12 22 34
12 25 66
12 26 2
12 27 57
12 28 28
12 29 52
12 30 6
12 31 2
12 35 64
12 37 7
12 39 57
12 40 81
12 41 97
12 42 22
12 43 96
12 48 87
12 50 81
12 51 61
12 54 61
12 56 8
12 61 9
12 66 33
12 73 78
12 74 47
12 75 55
12 76 45
12 79 90
12 81 57
12 84 22
12 85 7
12 88 28
12 89 89
12 90 20
12 97 26
12 99 51
12 100 6
12 110 94
12 111 73
12 113 54
12 115 70
12 116 25
12 119 75
12 120 17
12 123 52
12 124 30
12 127 79
12 128 13
12 129 5
12 131 85
12 133 25
12 136 97
12 137 21
12 138 65
12 141 45
12 143 84
12 145 90
12 146 87
12 147 8
12 149 82
12 150 68
13 14 38
13 15 5
13 17 23
13 19 28
13 25 100
13 27 7
13 28 92
13 29 28
13 39 17
13 42 10
13 46 46
13 48 12
13 49 89
13 51 29
13 66 51
13 67 15
13 69 64
13 70 52
13 71 11
13 72 72
13 76 46
13 77 47
13 82 2
13 83 19
13 87 57
13 88 42
13 91 90
13 93 49
13 94 54
13 95 11
13 98 18
13 99 66
13 105 69
13 108 67
13 110 45
13 115 63
13 116 33
13 119 95
13 121 54
13 125 16
13 126 95
13 127 90
13 128 85
13 130 38
13 131 95
13 132 9
13 136 67
13 137 23
13 138 55
13 142 68
13 144 11
13 145 84
13 146 44
13 147 19
13 150 19
14 20 62
14 22 8
14 23 82
14 26 30
14 28 42
14 36 90
14 37 93
14 38 58
14 40 5
14 41 52
14 43 1
14 47 100
14 50 29
14 51 53
14 53 26
14 56 17
14 59 29
14 63 77
14 69 39
14 70 11
14 71 77
14 75 24
14 78 12
14 79 66
14 83 15
14 86 96
14 91 60
14 92 21
14 93 33
14 98 20
14 99 88
14 100 95
14 102 60
14 104 71
14 106 99
14 107 84
14 112 18
14 119 60
14 120 66
14 121 99
14 125 77
14 128 94
14 130 2
14 131 3
14 143 85
14 144 14
14 145 7
14 149 32
14 150 79
15 17 98
15 18 74
15 19 69
15 24 74
15 26 14
15 27 52
15 28 77
15 33 47
15 34 60
15 38 78
15 39 86
15 41 47
15 43 64
15 47 27
15 48 6
15 51 72
15 52 88
15 53 75
15 55 13
15 56 24
15 57 50
15 59 33
15 65 36
15 66 25
15 67 73
15 69 25
15 72 85
15 77 68
15 78 31
15 79 28
15 81 50
15 82 71
15 89 68
15 91 97
15 94 89
15 95 14
15 96 11
15 99 9
15 100 87
15 101 37
15 106 90
15 108 68
15 110 43
15 113 92
15 114 40
15 118 11
15 119 35
15 121 43
15 123 93
15 124 16
15 129 43
15 133 78
15 135 21
15 137 92
15 139 4
15 142 62
15 143 14
15 144 75
15 146 3
15 148 85
15 149 58
16 17 54
16 19 51
16 24 12
16 25 71
16 30 11
16 31 81
16 32 21
16 34 25
16 36 1
16 40 32
16 42 96
16 43 16
16 46 16
16 51 24
16 53 10
16 56 73
16 59 58
16 62 56
16 63 97
16 65 32
16 66 90
16 67 28
16 68 92
16 69 44
16 70 58
16 73 3
16 74 42
16 75 99
16 77 71
16 84 81
16 85 81
16 86 23
16 89 18
16 90 79
16 91 2
16 95 10
16 97 83
16 98 27
16 99 28
16 102 64
16 107 72
16 108 48
16 111 65
16 112 81
16 124 56
16 127 66
16 128 1
16 132 52
16 133 48
16 134 21
16 137 87
16 141 89
16 143 36
16 145 74
16 148 75
17 23 10
17 24 9
17 27 3
17 28 9
17 31 89
17 36 98
17 39 63
17 40 66
17 43 57
17 47 68
17 48 32
17 50 58
17 51 43
17 54 38
17 55 61
17 59 70
17 61 2
17 62 96
17 65 72
17 67 75
17 69 76
17 73 9
17 76 95
17 77 95
17 79 20
17 81 5
17 83 30
17 84 83
17 86 65
17 89 18
17 90 17
17 91 88
17 96 79
17 98 83
17 100 29
17 103 35
17 104 59
17 107 1
17 110 13
17 117 47
17 121 57
17 123 8
17 124 87
17 130 73
17 131 27
17 134 85
17 135 48
17 137 4
17 144 18
17 146 91
17 147 60
17 150 67
18 22 55
18 23 74
18 25 35
18 28 1
18 30 20
18 31 4
18 33 80
18 35 30
18 37 57
18 42 78
18 44 33
18 49 21
18 51 80
18 58 85
18 59 61
18 60 3
18 62 69
18 63 2
18 65 7
18 66 100
18 68 9
18 70 29
18 78 75
18 79 44
18 81 10
18 84 52
18 86 97
18 88 98
18 96 59
18 98 80
18 99 95
18 102 47
18 103 98
18 104 45
18 110 50
18 114 84
18 116 75
18 120 96
18 123 15
18 124 69
18 126 46
18 130 86
18 131 41
18 134 39
18 140 65
18 141 37
18 145 6
18 148 21
19 20 90
19 21 74
19 23 50
19 24 65
19 25 88
19 31 64
19 33 62
19 36 76
19 38 39
19 39 91
19 40 2
19 41 33
19 42 64
19 45 88
19 47 85
19 48 92
19 49 47
19 51 33
19 52 96
19 60 40
19 64 37
19 66 71
19 76 49
19 81 11
19 82 83
19 83 95
19 85 9
19 98 11
19 102 77
19 106 88
19 107 44
19 109 61
19 114 94
19 115 31
19 116 83
19 118 19
19 124 52
19 125 65
19 126 82
19 127 60
19 128 82
19 138 48
19 141 61
19 142 63
19 144 99
19 145 36
19 148 95
20 21 55
20 22 81
20 26 12
20 27 10
20 33 48
20 34 69
20 39 66
20 40 3
20 41 11
20 44 1
20 47 75
20 49 48
20 50 71
20 52 29
20 53 7
20 54 16
20 57 94
20 58 14
20 60 96
20 62 84
20 63 40
20 71 43
20 72 55
20 73 57
20 74 92
20 80 38
20 84 83
20 87 8
20 88 61
20 92 73
20 94 44
20 95 15
20 98 85
20 102 16
20 107 39
20 108 86
20 111 23
20 116 57
20 119 15
20 120 50
20 126 44
20 127 15
20 128 16
20 138 23
20 139 60
20 141 91
20 142 58
20 143 30
20 146 96
20 148 22
20 149 92
21 23 43
21 25 37
21 28 39
21 31 70
21 34 68
21 37 51
21 39 58
21 40 57
21 43 31
21 48 92
21 55 11
21 56 8
21 57 5
21 60 79
21 61 41
21 63 20
21 65 3
21 66 75
21 67 99
21 68 21
21 70 42
21 74 97
21 78 46
21 79 48
21 81 99
21 82 36
21 84 37
21 89 71
21 90 23
21 92 39
21 93 46
21 100 24
21 105 92
21 107 48
21 111 9
21 113 95
21 114 11
21 115 15
21 119 93
21 120 33
21 121 4
21 122 15
21 124 52
21 125 39
21 126 75
21 129 1
21 132 84
21 137 98
21 138 35
21 141 25
21 143 92
21 144 58
21 145 29
21 146 32
22 23 56
22 24 94
22 28 15
22 30 1
22 35 7
22 36 24
22 37 71
22 38 23
22 39 60
22 43 70
22 49 86
22 50 63
22 51 99
22 52 100
22 54 50
22 55 54
22 56 27
22 58 61
22 59 12
22 63 92
22 65 44
22 71 59
22 72 29
22 78 12
22 80 2
22 83 83
22 88 1
22 89 68
22 92 77
22 93 73
22 94 97
22 95 61
22 96 9
22 105 6
22 106 50
22 107 41
22 108 88
22 114 26
22 119 28
22 121 28
22 122 18
22 124 19
22 125 7
22 127 28
22 129 25
22 133 60
22 135 4
22 137 22
22 141 51
22 142 37
22 146 6
23 29 62
23 30 24
23 35 64
23 36 46
23 37 39
23 40 62
23 45 49
23 46 82
23 57 71
23 58 3
23 59 40
23 62 26
23 63 24
23 64 55
23 65 10
23 66 91
23 70 43
23 75 78
23 77 81
23 79 15
23 80 96
23 81 57
23 82 94
23 83 72
23 84 15
23 86 58
23 88 1
23 89 29
23 92 70
23 95 1
23 97 2
23 100 85
23 102 79
23 104 55
23 107 71
23 109 37
23 111 36
23 116 7
23 121 73
23 122 100
23 126 86
23 128 89
23 129 60
23 131 21
23 134 72
23 135 52
23 136 89
23 137 64
23 139 6
23 140 38
23 141 18
23 142 1
23 144 68
23 150 100
24 32 45
24 33 93
24 36 88
24 38 81
24 40 85
24 43 97
24 45 51
24 46 48
24 54 23
24 57 29
24 59 5
24 61 38
24 64 24
24 68 36
24 70 10
24 71 41
24 72 63
24 73 16
24 74 78
24 77 73
24 79 96
24 80 98
24 84 56
24 90 28
24 91 8
24 94 65
24 95 3
24 96 96
24 99 59
24 100 82
24 103 81
24 104 89
24 106 98
24 107 93
24 109 95
24 112 78
24 115 80
24 116 30
24 121 45
24 126 39
24 127 5
24 130 94
24 131 75
24 133 15
24 137 10
24 138 41
24 142 52
24 144 1
24 145 75
24 147 13
24 148 27
25 28 85
25 29 7
25 30 66
25 34 100
25 35 14
25 37 77
25 39 17
25 42 35
25 48 84
25 50 75
25 51 89
25 52 93
25 57 80
25 60 12
25 61 47
25 62 47
25 64 78
25 67 36
25 72 55
25 74 97
25 78 16
25 81 57
25 86 84
25 87 86
25 91 39
25 93 38
25 103 23
25 104 24
25 105 4
25 106 98
25 114 80
25 120 58
25 121 20
25 123 43
25 124 73
25 126 69
25 127 57
25 128 28
25 130 93
25 131 43
25 132 13
25 135 100
25 136 21
25 139 92
25 141 48
25 144 73
25 146 40
25 147 62
25 148 84
25 149 32
26 27 87
26 29 27
26 31 32
26 33 57
26 35 72
26 37 74
26 40 10
26 43 41
26 49 53
26 52 45
26 53 68
26 55 88
26 59 20
26 60 69
26 66 20
26 69 33
26 70 63
26 71 81
26 75 2
26 76 88
26 81 2
26 83 100
26 91 24
26 92 13
26 93 22
26 99 30
26 104 25
26 105 35
26 106 49
26 109 79
26 116 40
26 122 3
26 123 87
26 126 94
26 128 63
26 129 20
26 131 19
26 133 18
26 136 38
26 137 90
26 141 25
26 142 37
26 143 76
26 145 1
26 149 22
26 150 53
27 29 11
27 30 12
27 31 7
27 33 38
27 34 10
27 37 70
27 41 25
27 43 24
27 48 69
27 50 81
27 51 54
27 52 5
27 53 69
27 55 40
27 56 9
27 58 64
27 61 4
27 62 95
27 63 63
27 64 17
27 66 34
27 67 42
27 71 98
27 73 58
27 74 51
27 84 43
27 85 51
27 87 43
27 88 62
27 91 34
27 92 32
27 93 96
27 99 69
27 105 67
27 107 79
27 109 69
27 111 34
27 112 11
27 114 37
27 115 3
27 120 85
27 122 6
27 127 12
27 129 76
27 136 14
27 138 95
27 139 27
27 141 48
27 146 10
27 149 71
28 37 72
28 38 54
28 40 80
28 45 63
28 46 22
28 47 95
28 51 81
28 58 26
28 61 24
28 66 29
28 72 64
28 74 25
28 78 43
28 80 27
28 82 79
28 83 79
28 86 59
28 87 93
28 88 31
28 90 43
28 91 68
28 95 40
28 97 71
28 101 23
28 104 41
28 106 7
28 109 28
28 116 69
28 119 68
28 123 1
28 126 98
28 132 10
28 140 61
28 142 66
28 144 27
28 145 52
28 150 11
29 30 33
29 32 31
29 35 54
29 37 68
29 40 28
29 41 91
29 42 73
29 44 73
29 47 92
29 48 16
29 50 73
29 51 42
29 52 73
29 55 30
29 57 3
29 58 93
29 61 11
29 62 48
29 63 73
29 66 3
29 69 86
29 70 64
29 74 67
29 78 58
29 79 61
29 80 59
29 81 50
29 83 57
29 91 57
29 93 59
29 94 69
29 97 67
29 99 54
29 100 93
29 103 94
29 107 4
29 111 76
29 112 36
29 113 79
29 114 79
29 117 26
29 118 23
29 119 17
29 124 24
29 132 77
29 133 97
29 134 4
29 140 100
29 141 69
29 142 43
29 143 74
29 144 83
29 145 83
29 146 18
30 31 52
30 32 6
30 35 47
30 39 57
30 40 44
30 43 52
30 46 78
30 48 9
30 50 3
30 52 86
30 53 73
30 56 25
30 59 35
30 62 49
30 67 46
30 70 2
30 71 33
30 75 80
30 78 48
30 79 64
30 81 89
30 92 56
30 95 82
30 97 80
30 100 84
30 101 20
30 102 1
30 103 42
30 104 38
30 105 36
30 107 25
30 108 99
30 109 69
30 111 66
30 113 33
30 116 7
30 119 52
30 121 56
30 122 85
30 125 30
30 127 55
30 131 61
30 135 24
30 136 66
30 139 18
30 143 66
30 144 8
30 147 79
30 150 2
31 32 23
31 33 7
31 34 87
31 35 100
31 36 34
31 37 3
31 42 99
31 45 64
31 47 32
31 48 69
31 52 51
31 54 10
31 56 18
31 57 89
31 58 9
31 59 26
31 61 1
31 64 65
31 67 12
31 69 81
31 70 12
31 71 80
31 74 13
31 78 18
31 80 72
31 84 49
31 89 86
31 91 9
31 92 60
31 93 61
31 97 7
31 99 4
31 100 15
31 101 60
31 102 82
31 104 3
31 106 31
31 108 60
31 110 72
31 113 34
31 115 29
31 116 17
31 117 85
31 118 77
31 121 91
31 127 69
31 131 69
31 132 21
31 138 99
31 142 33
31 144 48
31 145 15
31 146 69
31 150 25
32 34 32
32 36 61
32 37 91
32 39 49
32 44 62
32 45 75
32 46 86
32 55 89
32 56 74
32 57 34
32 60 100
32 67 73
32 68 74
32 69 53
32 72 70
32 74 95
32 76 36
32 77 53
32 78 8
32 80 35
32 82 28
32 86 44
32 87 13
32 88 55
32 90 38
32 91 33
32 95 66
32 102 80
32 104 84
32 105 22
32 109 89
32 110 70
32 114 25
32 115 96
32 118 84
32 122 86
32 123 91
32 124 83
32 127 89
32 130 48
32 131 77
32 132 66
32 135 39
32 136 35
32 137 45
32 142 53
32 143 43
32 146 59
32 147 15
32 149 97
32 150 32
33 36 46
33 37 59
33 38 53
33 39 46
33 41 8
33 43 94
33 44 38
33 50 75
33 51 86
33 55 66
33 56 85
33 57 62
33 60 11
33 61 95
33 64 83
33 66 7
33 67 3
33 70 32
33 71 40
33 74 55
33 75 11
33 79 14
33 80 73
33 84 60
33 85 75
33 88 43
33 90 51
33 97 72
33 98 9
33 100 76
33 101 75
33 102 99
33 103 87
33 104 18
33 105 81
33 110 22
33 116 6
33 117 6
33 118 10
33 120 59
33 126 65
33 138 57
33 143 2
33 144 51
33 150 54
34 36 82
34 38 79
34 41 47
34 42 97
34 45 8
34 46 69
34 48 56
34 52 66
34 53 6
34 57 14
34 58 39
34 60 96
34 63 85
34 64 98
34 67 15
34 70 62
34 72 12
34 77 11
34 81 16
34 84 73
34 85 23
34 87 4
34 88 39
34 89 96
34 94 4
34 95 93
34 98 54
34 100 16
34 108 4
34 112 20
34 120 82
34 121 45
34 123 66
34 125 68
34 128 97
34 129 36
34 132 62
34 135 92
34 141 73
34 143 72
34 147 78
34 150 2
35 37 70
35 38 3
35 39 81
35 42 19
35 50 9
35 51 30
35 52 42
35 55 74
35 56 97
35 57 22
35 58 29
35 60 10
35 62 100
35 63 85
35 64 28
35 65 17
35 66 64
35 67 78
35 69 56
35 70 49
35 71 51
35 76 99
35 80 28
35 81 16
35 82 40
35 83 84
35 84 54
35 86 56
35 88 86
35 89 98
35 91 56
35 94 79
35 95 83
35 96 23
35 97 21
35 99 58
35 101 23
35 102 52
35 105 64
35 106 38
35 107 46
35 108 41
35 109 87
35 110 78
35 112 95
35 113 71
35 114 94
35 118 51
35 121 82
35 123 41
35 124 5
35 125 71
35 128 8
35 130 29
35 137 42
35 139 91
35 141 56
36 38 16
36 42 60
36 47 54
36 48 46
36 50 30
36 51 79
36 53 54
36 59 37
36 62 72
36 69 74
36 75 93
36 80 3
36 84 51
36 87 60
36 88 62
36 90 84
36 103 15
36 108 26
36 111 76
36 112 5
36 115 74
36 116 85
36 119 82
36 120 68
36 124 16
36 125 88
36 130 62
36 131 37
36 136 24
36 138 19
36 142 54
36 143 34
36 144 35
36 145 63
36 146 39
36 148 69
37 39 69
37 40 41
37 58 62
37 60 38
37 61 79
37 63 40
37 65 23
37 67 14
37 69 100
37 71 14
37 73 36
37 76 2
37 88 62
37 90 2
37 92 12
37 95 54
37 102 30
37 103 25
37 104 98
37 106 56
37 108 79
37 109 100
37 110 17
37 111 35
37 113 77
37 114 66
37 120 93
37 124 19
37 126 15
37 127 32
37 128 9
37 129 28
37 143 18
37 144 49
37 145 23
37 146 27
37 149 74
38 48 14
38 51 5
38 53 77
38 54 22
38 57 26
38 59 83
38 61 31
38 62 17
38 63 56
38 64 24
38 66 31
38 75 35
38 76 49
38 79 57
38 80 24
38 84 62
38 87 62
38 91 91
38 93 69
38 94 84
38 97 61
38 100 22
38 101 44
38 105 89
38 107 26
38 108 82
38 110 43
38 114 98
38 116 71
38 118 83
38 121 66
38 124 55
38 126 56
38 127 42
38 128 45
38 129 83
38 131 28
38 133 26
38 134 78
38 135 20
38 141 84
38 143 49
38 145 16
38 148 28
38 149 82
38 150 7
39 43 58
39 44 16
39 45 21
39 47 14
39 48 57
39 55 59
39 56 30
39 57 84
39 58 61
39 59 78
39 60 35
39 65 34
39 67 34
39 70 63
39 77 1
39 79 58
39 80 58
39 92 25
39 97 52
39 98 83
39 104 3
39 105 22
39 106 29
39 110 33
39 111 94
39 114 84
39 115 11
39 119 57
39 120 40
39 123 14
39 128 9
39 132 6
39 135 61
39 137 55
39 141 5
39 144 83
39 145 89
39 150 45
40 41 8
40 42 55
40 48 61
40 49 51
40 51 34
40 52 97
40 55 70
40 56 50
40 59 91
40 61 69
40 63 65
40 64 46
40 65 62
40 66 92
40 68 20
40 73 80
40 78 36
40 81 91
40 83 78
40 85 73
40 86 71
40 87 90
40 90 100
40 92 5
40 94 27
40 99 71
40 100 99
40 101 78
40 104 18
40 107 16
40 115 11
40 118 77
40 119 35
40 120 44
40 122 48
40 123 42
40 124 10
40 125 100
40 126 29
40 127 100
40 128 15
40 129 75
40 130 46
40 137 49
40 139 27
40 140 56
40 144 13
40 148 63
41 49 51
41 51 55
41 56 24
41 58 98
41 65 46
41 66 43
41 67 82
41 68 56
41 69 28
41 72 88
41 73 41
41 75 46
41 77 2
41 78 98
41 89 2
41 90 92
41 91 22
41 97 41
41 100 46
41 104 91
41 108 62
41 109 30
41 110 8
41 111 19
41 113 1
41 118 26
41 121 90
41 122 45
41 125 41
41 135 9
41 137 11
41 138 20
41 139 64
41 140 19
41 141 10
41 142 20
41 144 16
41 147 31
41 150 88
42 44 58
42 47 88
42 49 54
42 50 13
42 54 23
42 55 59
42 65 41
42 67 84
42 68 59
42 70 92
42 71 29
42 73 43
42 74 89
42 75 82
42 78 22
42 81 37
42 83 75
42 90 86
42 93 91
42 95 60
42 98 87
42 107 63
42 116 98
42 118 20
42 121 60
42 122 78
42 127 66
42 129 34
42 131 75
42 132 59
42 133 17
42 140 60
42 142 61
42 145 55
42 147 89
43 44 50
43 45 15
43 47 58
43 48 10
43 54 47
43 61 73
43 62 55
43 64 10
43 65 92
43 66 35
43 67 63
43 68 42
43 73 38
43 74 18
43 75 72
43 76 24
43 77 14
43 80 97
43 81 63
43 82 80
43 85 95
43 86 24
43 94 9
43 95 58
43 96 7
43 97 51
43 99 56
43 101 98
43 102 52
43 104 81
43 105 69
43 107 89
43 109 81
43 112 20
43 113 34
43 114 96
43 122 11
43 124 19
43 126 66
43 127 60
43 129 16
43 137 14
43 138 94
43 139 41
43 142 66
43 145 99
43 148 63
43 149 23
43 150 57
44 46 63
44 49 99
44 53 27
44 55 98
44 57 80
44 58 1
44 60 39
44 61 22
44 62 52
44 66 45
44 68 26
44 69 32
44 70 10
44 72 92
44 73 91
44 74 100
44 78 62
44 80 1
44 81 84
44 82 45
44 88 69
44 89 86
44 91 29
44 93 77
44 95 58
44 101 4
44 102 4
44 105 21
44 106 30
44 107 69
44 115 52
44 116 94
44 121 100
44 124 75
44 130 68
44 131 84
44 133 27
44 137 34
44 140 97
44 150 72
45 46 10
45 47 51
45 49 30
45 51 34
45 54 49
45 55 21
45 56 94
45 57 73
45 67 66
45 68 64
45 72 12
45 75 10
45 76 11
45 77 84
45 78 45
45 79 23
45 80 74
45 83 59
45 87 37
45 90 98
45 92 31
45 93 21
45 94 4
45 95 28
45 99 9
45 102 52
45 103 39
45 105 46
45 106 85
45 107 51
45 114 74
45 116 46
45 117 93
45 118 43
45 120 87
45 121 52
45 122 78
45 125 17
45 131 32
45 132 92
45 139 46
45 140 69
45 141 75
45 142 30
45 145 59
45 146 78
45 147 98
45 149 5
46 48 30
46 51 46
46 53 74
46 54 22
46 56 39
46 57 68
46 60 68
46 64 80
46 67 60
46 68 83
46 69 2
46 73 10
46 75 41
46 80 84
46 88 49
46 92 28
46 98 83
46 100 53
46 102 21
46 106 18
46 107 15
46 109 25
46 110 74
46 111 30
46 112 40
46 114 6
46 115 81
46 117 21
46 120 47
46 121 17
46 124 22
46 129 93
46 130 99
46 132 5
46 136 58
46 138 87
46 141 9
46 145 78
46 146 16
46 147 12
47 48 96
47 49 76
47 52 18
47 58 72
47 59 17
47 65 42
47 67 34
47 71 71
47 73 49
47 75 63
47 76 81
47 77 18
47 80 91
47 85 36
47 90 12
47 91 46
47 98 93
47 103 44
47 105 29
47 106 76
47 108 99
47 110 79
47 116 16
47 118 96
47 120 81
47 123 39
47 129 49
47 132 63
47 136 88
47 138 61
47 146 13
47 147 56
47 150 50
48 49 74
48 50 28
48 51 87
48 57 39
48 58 8
48 59 31
48 70 8
48 73 67
48 78 3
48 80 67
48 81 61
48 82 93
48 83 56
48 87 25
48 88 73
48 91 19
48 93 68
48 95 19
48 96 8
48 100 60
48 101 16
48 102 95
48 105 25
48 108 33
48 110 76
48 111 60
48 113 45
48 114 63
48 115 68
48 116 77
48 117 97
48 121 43
48 122 4
48 123 86
48 127 74
48 134 40
48 135 85
48 137 43
48 138 65
48 145 38
48 147 52
48 148 15
49 50 4
49 54 5
49 57 32
49 60 38
49 62 63
49 65 84
49 66 55
49 73 39
49 74 51
49 76 80
49 78 10
49 79 92
49 81 50
49 83 9
49 85 40
49 86 64
49 87 22
49 89 34
49 90 49
49 91 54
49 97 37
49 98 8
49 99 63
49 100 26
49 101 62
49 106 52
49 115 67
49 117 22
49 118 87
49 119 76
49 120 10
49 122 83
49 125 6
49 130 92
49 135 58
49 137 78
49 140 18
49 145 32
50 54 22
50 59 34
50 64 97
50 66 96
50 67 10
50 70 67
50 71 8
50 74 31
50 79 3
50 80 41
50 82 57
50 85 37
50 89 93
50 94 88
50 99 62
50 100 52
50 102 75
50 109 13
50 114 60
50 116 74
50 118 16
50 119 10
50 124 74
50 127 46
50 129 75
50 140 74
50 141 90
50 146 40
50 149 72
50 150 18
51 52 7
51 58 34
51 59 36
51 61 77
51 65 79
51 66 79
51 68 80
51 71 28
51 73 30
51 77 68
51 80 87
51 81 85
51 82 10
51 85 45
51 90 57
51 91 19
51 93 9
51 95 63
51 104 1
51 105 28
51 110 94
51 111 49
51 114 14
51 115 29
51 117 22
51 118 17
51 119 62
51 121 95
51 122 70
51 123 87
51 125 89
51 127 28
51 131 93
51 132 24
51 133 32
51 134 71
51 135 89
51 138 14
51 142 66
51 143 22
51 145 87
51 147 63
51 150 47
52 57 23
52 58 31
52 63 39
52 64 59
52 66 25
52 67 1
52 69 97
52 71 25
52 73 30
52 74 100
52 76 21
52 83 2
52 84 37
52 86 40
52 89 3
52 91 10
52 95 60
52 97 67
52 102 62
52 104 9
52 106 89
52 109 91
52 112 29
52 113 21
52 114 15
52 119 39
52 122 14
52 123 75
52 125 90
52 131 99
52 134 91
52 140 27
52 142 83
52 146 58
52 149 25
52 150 69
53 55 38
53 56 9
53 65 98
53 72 48
53 73 12
53 75 34
53 76 73
53 78 4
53 79 45
53 84 4
53 89 4
53 90 35
53 91 5
53 94 64
53 98 42
53 105 30
53 108 98
53 114 3
53 119 88
53 122 14
53 127 1
53 129 4
53 134 69
53 136 37
53 138 85
53 139 51
53 140 19
53 143 21
53 144 29
53 145 21
53 147 37
53 150 44
54 55 38
54 56 52
54 57 64
54 64 88
54 67 12
54 68 29
54 71 75
54 72 16
54 73 12
54 75 58
54 85 23
54 86 2
54 88 31
54 91 41
54 95 16
54 98 15
54 99 69
54 101 57
54 103 83
54 105 73
54 106 92
54 108 3
54 109 89
54 113 30
54 116 60
54 117 18
54 118 50
54 121 34
54 122 37
54 127 4
54 128 71
54 131 18
54 135 69
54 140 34
54 143 64
54 145 67
54 150 28
55 58 98
55 59 20
55 60 75
55 62 60
55 63 72
55 64 42
55 65 41
55 68 4
55 69 9
55 72 16
55 73 1
55 75 99
55 79 87
55 81 35
55 82 64
55 84 66
55 86 54
55 88 63
55 91 14
55 93 84
55 94 67
55 95 39
55 98 45
55 99 22
55 101 31
55 102 100
55 111 90
55 113 11
55 116 52
55 118 6
55 120 18
55 121 83
55 122 30
55 125 40
55 126 33
55 127 81
55 128 35
55 136 79
55 138 52
55 140 36
55 143 15
55 144 4
55 148 51
55 150 6
56 57 30
56 60 19
56 63 88
56 65 7
56 66 18
56 67 86
56 68 81
56 70 43
56 71 1
56 75 63
56 77 70
56 80 32
56 81 3
56 87 73
56 88 84
56 89 73
56 90 63
56 93 30
56 95 45
56 96 25
56 98 97
56 103 79
56 104 97
56 108 71
56 111 4
56 112 12
56 113 20
56 114 95
56 116 54
56 117 7
56 120 13
56 129 83
56 137 62
56 138 20
56 142 52
56 149 58
57 60 2
57 63 66
57 64 54
57 66 83
57 67 64
57 68 11
57 70 64
57 76 69
57 78 28
57 79 58
57 84 22
57 85 87
57 89 100
57 94 28
57 95 13
57 96 89
57 97 93
57 99 58
57 101 74
57 102 13
57 103 17
57 106 39
57 109 74
57 110 74
57 111 17
57 113 93
57 115 33
57 118 26
57 122 82
57 128 95
57 132 50
57 135 99
57 139 25
57 140 96
57 141 31
57 143 88
57 147 11
57 150 52
58 62 69
58 63 22
58 64 31
58 69 9
58 70 86
58 74 49
58 77 48
58 80 45
58 84 39
58 88 19
58 90 23
58 91 100
58 92 37
58 97 46
58 98 10
58 104 35
58 106 38
58 111 67
58 112 10
58 120 72
58 121 77
58 122 91
58 124 45
58 125 45
58 126 1
58 127 35
58 134 93
58 138 64
58 140 28
58 144 58
58 149 24
59 63 74
59 65 41
59 69 29
59 72 28
59 76 17
59 80 75
59 82 3
59 83 38
59 84 63
59 86 75
59 88 94
59 90 68
59 91 7
59 93 10
59 94 9
59 98 64
59 104 88
59 105 7
59 106 80
59 107 32
59 108 55
59 109 38
59 110 83
59 111 40
59 113 64
59 114 70
59 115 3
59 116 95
59 117 83
59 119 20
59 123 100
59 130 13
59 131 22
59 132 74
59 137 80
59 139 65
59 140 40
59 147 52
59 149 28
59 150 58
60 62 16
60 63 6
60 66 97
60 72 47
60 73 46
60 76 50
60 78 66
60 83 13
60 87 92
60 89 22
60 92 15
60 93 77
60 94 39
60 100 47
60 102 36
60 103 32
60 105 63
60 108 54
60 113 98
60 118 30
60 123 20
60 130 88
60 132 20
60 133 16
60 134 69
60 137 77
60 138 5
60 141 5
60 142 46
60 149 84
61 63 48
61 68 44
61 69 83
61 71 57
61 74 98
61 75 13
61 77 55
61 78 23
61 82 97
61 84 18
61 86 85
61 87 91
61 88 98
61 89 60
61 91 89
61 92 64
61 93 11
61 98 6
61 101 90
61 103 43
61 104 74
61 105 55
61 109 81
61 113 38
61 117 22
61 123 22
61 124 8
61 127 94
61 131 23
61 138 45
61 141 64
61 143 4
61 144 43
61 148 79
61 150 9
62 63 27
62 65 5
62 68 97
62 70 31
62 71 17
62 76 4
62 80 92
62 82 35
62 84 16
62 85 27
62 86 89
62 89 18
62 90 79
62 92 89
62 95 66
62 97 11
62 101 65
62 102 22
62 103 1
62 109 20
62 110 82
62 112 8
62 119 99
62 124 23
62 125 87
62 129 77
62 134 91
62 137 2
62 140 48
62 142 65
63 71 69
63 73 6
63 74 83
63 77 13
63 83 28
63 86 61
63 98 26
63 99 25
63 100 92
63 101 48
63 102 82
63 105 84
63 111 27
63 112 52
63 115 7
63 117 8
63 124 9
63 125 43
63 126 48
63 127 57
63 129 74
63 130 11
63 131 90
63 132 77
63 133 28
63 136 70
63 140 21
63 146 12
63 148 23
63 150 49
64 65 46
64 70 80
64 71 61
64 72 79
64 74 79
64 79 30
64 81 47
64 82 78
64 83 25
64 84 97
64 86 33
64 88 50
64 89 43
64 93 27
64 95 14
64 99 49
64 106 24
64 109 56
64 110 41
64 111 69
64 114 22
64 115 46
64 119 74
64 120 96
64 122 3
64 123 76
64 124 97
64 125 24
64 128 29
64 129 86
64 135 91
64 138 31
64 140 64
64 142 82
64 146 91
64 150 7
65 69 20
65 72 9
65 73 25
65 75 37
65 76 90
65 79 20
65 80 90
65 82 98
65 84 62
65 88 26
65 92 57
65 93 88
65 94 25
65 95 21
65 99 24
65 100 88
65 102 52
65 103 48
65 104 28
65 105 39
65 109 6
65 110 42
65 113 86
65 115 79
65 116 36
65 117 58
65 118 54
65 121 63
65 122 15
65 123 15
65 130 10
65 131 8
65 132 76
65 137 45
65 140 81
65 147 13
66 72 84
66 73 75
66 74 100
66 79 49
66 80 7
66 81 23
66 86 49
66 89 26
66 90 68
66 101 49
66 107 33
66 109 22
66 110 71
66 111 84
66 112 7
66 114 91
66 115 70
66 123 32
66 126 58
66 128 11
66 131 68
66 133 94
66 135 99
66 137 15
66 141 74
66 143 53
66 147 96
67 69 72
67 70 63
67 71 66
67 77 22
67 81 7
67 82 79
67 86 98
67 89 43
67 90 60
67 92 24
67 95 83
67 96 51
67 97 68
67 98 89
67 99 41
67 102 80
67 105 66
67 106 14
67 109 15
67 111 26
67 112 54
67 113 96
67 117 5
67 121 96
67 123 9
67 128 40
67 132 60
67 134 100
67 135 67
67 138 25
67 139 70
67 148 43
67 150 22
68 71 70
68 72 90
68 74 68
68 79 94
68 83 92
68 86 40
68 87 87
68 91 95
68 92 71
68 95 32
68 100 69
68 101 6
68 117 26
68 121 2
68 122 37
68 126 67
68 131 29
68 138 14
68 143 73
68 148 79
69 73 84
69 77 26
69 78 26
69 85 2
69 86 38
69 87 26
69 90 3
69 91 35
69 92 78
69 94 89
69 95 43
69 101 49
69 102 31
69 112 3
69 113 71
69 114 3
69 115 91
69 117 28
69 118 3
69 120 49
69 122 15
69 126 93
69 131 25
69 132 56
69 133 82
69 135 76
69 136 21
69 138 43
69 141 34
69 143 26
69 144 27
69 147 40
69 149 7
69 150 83
70 72 20
70 74 8
70 75 67
70 76 13
70 79 76
70 81 55
70 82 48
70 83 18
70 88 17
70 90 95
70 93 79
70 94 85
70 98 97
70 99 61
70 100 72
70 112 97
70 116 57
70 117 12
70 119 19
70 120 81
70 121 24
70 125 76
70 127 68
70 132 43
70 136 85
70 139 44
70 140 33
70 141 41
70 142 73
70 143 43
70 144 11
70 147 65
70 148 13
70 150 61
71 74 3
71 75 67
71 76 36
71 79 73
71 80 83
71 82 81
71 84 76
71 87 38
71 90 75
71 109 69
71 111 86
71 115 62
71 118 80
71 122 44
71 125 21
71 126 6
71 131 25
71 136 43
71 141 22
71 142 34
71 143 57
71 146 99
71 147 26
71 149 92
71 150 20
72 76 86
72 81 47
72 86 80
72 87 52
72 90 86
72 91 1
72 92 23
72 93 26
72 95 11
72 98 68
72 99 59
72 101 44
72 109 57
72 111 8
72 112 87
72 114 5
72 116 98
72 118 45
72 120 86
72 123 62
72 125 56
72 128 30
72 129 56
72 134 67
72 135 44
72 137 22
72 138 34
72 139 3
72 140 100
72 144 11
72 146 73
72 147 55
73 82 14
73 89 33
73 91 81
73 94 51
73 97 87
73 98 9
73 99 95
73 100 13
73 103 8
73 111 61
73 112 95
73 120 100
73 121 99
73 124 60
73 125 81
73 126 58
73 131 55
73 133 29
73 135 31
73 136 30
73 142 68
73 146 16
73 147 42
73 149 48
74 76 73
74 82 59
74 85 31
74 88 21
74 91 93
74 101 70
74 102 44
74 103 41
74 104 37
74 105 86
74 107 36
74 109 70
74 118 63
74 121 87
74 125 16
74 133 69
74 135 18
74 137 69
74 138 23
74 139 32
74 142 38
74 146 70
74 148 85
75 77 37
75 78 72
75 80 26
75 86 5
75 88 61
75 91 8
75 101 12
75 103 21
75 106 93
75 107 21
75 108 54
75 111 100
75 114 40
75 117 47
75 118 80
75 121 95
75 124 29
75 130 99
75 131 94
75 132 55
75 135 29
75 140 64
75 143 38
75 147 100
76 78 7
76 79 22
76 86 66
76 87 11
76 92 59
76 98 37
76 100 68
76 102 72
76 104 20
76 105 6
76 106 3
76 107 28
76 108 36
76 110 81
76 113 47
76 116 88
76 117 89
76 118 80
76 119 52
76 120 61
76 121 84
76 122 53
76 127 73
76 129 94
76 130 29
76 132 91
76 135 53
76 136 99
76 138 49
76 141 70
77 82 42
77 84 67
77 85 98
77 87 51
77 88 49
77 96 49
77 100 95
77 103 79
77 106 14
77 109 25
77 111 88
77 112 5
77 116 93
77 117 97
77 119 71
77 122 76
77 128 66
77 131 54
77 133 43
77 135 63
77 138 25
77 140 23
77 141 77
77 143 78
77 144 25
77 145 1
77 146 84
77 150 29
78 80 63
78 81 47
78 85 70
78 87 18
78 90 76
78 93 17
78 95 51
78 96 98
78 99 88
78 100 39
78 101 3
78 102 98
78 103 100
78 104 95
78 108 5
78 109 64
78 110 52
78 111 100
78 114 81
78 120 31
78 121 24
78 123 56
78 128 69
78 129 60
78 130 60
78 131 97
78 134 28
78 137 100
78 138 97
78 141 51
78 144 58
78 145 8
78 147 57
79 81 18
79 91 51
79 96 85
79 100 23
79 101 74
79 104 5
79 105 72
79 106 40
79 107 69
79 109 82
79 112 7
79 114 74
79 116 93
79 123 80
79 124 21
79 126 68
79 127 47
79 128 13
79 129 51
79 132 63
79 134 9
79 140 18
79 141 44
79 143 74
79 144 12
79 145 94
79 147 53
79 150 64
80 83 12
80 85 61
80 87 74
80 88 50
80 89 72
80 90 23
80 94 85
80 95 71
80 97 91
80 99 42
80 100 16
80 102 50
80 103 90
80 108 43
80 110 53
80 112 2
80 113 5
80 114 94
80 117 61
80 124 80
80 126 99
80 131 67
80 136 3
80 138 21
80 142 40
80 143 35
80 144 13
80 147 31
80 148 95
80 149 48
80 150 74
81 83 61
81 86 64
81 88 47
81 89 16
81 90 77
81 94 4
81 97 12
81 98 51
81 99 18
81 104 44
81 105 81
81 108 92
81 110 85
81 114 65
81 115 30
81 117 80
81 119 96
81 120 65
81 122 33
81 124 45
81 126 79
81 134 55
81 136 30
81 142 83
81 143 60
81 144 95
81 145 25
81 149 58
81 150 29
82 83 31
82 85 87
82 87 97
82 88 60
82 89 73
82 90 34
82 91 48
82 92 85
82 97 63
82 99 21
82 102 79
82 103 50
82 105 90
82 109 75
82 111 73
82 113 52
82 115 63
82 116 7
82 119 31
82 123 69
82 127 40
82 128 60
82 129 58
82 132 3
82 139 23
82 143 59
82 147 63
82 148 84
82 149 89
83 85 53
83 86 56
83 87 44
83 88 18
83 89 95
83 90 12
83 96 7
83 99 80
83 100 76
83 106 41
83 109 38
83 114 100
83 120 49
83 125 12
83 126 56
83 128 41
83 130 97
83 135 15
83 141 65
83 142 4
83 147 43
83 148 46
83 149 39
84 85 45
84 90 34
84 94 36
84 96 17
84 98 8
84 102 68
84 106 46
84 109 22
84 111 49
84 113 63
84 115 67
84 116 30
84 122 38
84 123 97
84 126 17
84 128 86
84 135 97
84 137 36
84 139 24
84 142 40
84 143 44
85 89 26
85 93 83
85 95 54
85 96 17
85 97 11
85 100 36
85 102 22
85 103 85
85 104 3
85 110 10
85 112 94
85 113 80
85 116 19
85 119 29
85 120 83
85 122 7
85 123 30
85 124 38
85 129 74
85 130 74
85 132 16
85 135 14
85 138 49
85 139 4
85 141 77
85 144 93
85 145 22
85 146 86
85 148 85
85 150 83
86 87 76
86 88 73
86 94 86
86 97 32
86 98 19
86 100 36
86 102 12
86 106 37
86 108 91
86 110 14
86 112 91
86 115 17
86 117 50
86 118 29
86 120 63
86 127 6
86 129 78
86 142 87
86 143 36
86 146 7
86 148 72
86 150 40
87 92 66
87 94 100
87 95 23
87 101 6
87 104 1
87 108 91
87 113 11
87 114 40
87 115 96
87 117 96
87 119 83
87 123 42
87 132 12
87 133 94
87 134 48
87 135 83
87 137 57
87 139 100
87 141 23
87 142 87
87 146 24
87 149 53
88 96 65
88 99 93
88 101 49
88 102 64
88 107 22
88 110 98
88 111 53
88 115 55
88 118 63
88 119 71
88 122 6
88 123 58
88 125 56
88 130 19
88 134 3
88 140 55
88 143 85
88 144 67
88 145 80
88 148 49
88 149 66
89 90 99
89 92 85
89 93 79
89 97 79
89 98 46
89 110 87
89 124 68
89 128 25
89 129 23
89 130 78
89 131 25
89 138 99
89 140 26
89 143 9
89 144 36
89 147 99
89 148 57
90 91 35
90 94 18
90 96 36
90 98 63
90 102 6
90 105 71
90 106 18
90 107 76
90 109 9
90 110 76
90 113 62
90 115 19
90 117 91
90 118 98
90 121 71
90 123 29
90 126 51
90 129 53
90 133 11
90 135 57
90 137 92
90 138 1
90 141 42
90 142 65
90 144 23
90 147 55
90 150 36
91 93 90
91 96 7
91 102 33
91 103 51
91 104 7
91 105 35
91 106 24
91 107 81
91 108 16
91 114 19
91 115 59
91 117 38
91 119 16
91 120 93
91 122 100
91 124 64
91 126 5
91 128 25
91 134 12
91 136 3
91 137 67
91 138 60
91 142 19
91 144 85
91 146 33
91 149 66
92 95 1
92 99 81
92 101 44
92 102 76
92 106 73
92 107 12
92 108 67
92 109 100
92 115 66
92 120 78
92 121 5
92 123 100
92 124 100
92 125 74
92 129 28
92 131 75
92 132 92
92 135 9
92 136 3
92 137 80
92 139 37
92 141 54
92 144 53
92 148 71
92 149 16
92 150 42
93 95 1
93 100 9
93 101 35
93 102 96
93 103 43
93 105 18
93 106 37
93 109 88
93 114 53
93 115 20
93 116 100
93 120 48
93 121 93
93 122 3
93 124 11
93 127 11
93 128 24
93 130 65
93 131 50
93 132 84
93 136 61
93 139 92
93 140 84
93 142 69
93 145 6
93 146 35
93 149 22
94 95 16
94 96 2
94 97 20
94 98 28
94 99 81
94 108 51
94 109 7
94 111 61
94 114 73
94 121 4
94 128 57
94 134 94
94 135 33
94 136 17
94 139 88
94 140 37
94 143 4
94 144 30
94 146 63
95 99 89
95 103 1
95 104 92
95 110 90
95 111 24
95 115 2
95 116 35
95 117 51
95 125 77
95 127 77
95 128 91
95 130 29
95 135 20
95 141 11
95 143 28
95 146 77
95 150 87
96 97 58
96 102 23
96 104 88
96 106 31
96 108 57
96 109 99
96 110 20
96 112 71
96 119 21
96 122 90
96 123 75
96 124 45
96 126 81
96 129 81
96 132 93
96 135 14
96 137 19
96 141 96
96 143 54
96 148 37
97 107 48
97 109 9
97 111 100
97 114 71
97 116 23
97 120 51
97 121 36
97 122 34
97 129 73
97 130 11
97 131 3
97 132 8
97 133 92
97 136 98
97 138 99
97 139 69
97 140 50
97 142 82
97 144 81
97 148 84
97 149 11
98 100 25
98 102 62
98 104 65
98 107 88
98 109 36
98 110 82
98 113 43
98 119 69
98 120 17
98 121 2
98 122 20
98 123 16
98 125 43
98 129 22
98 136 83
98 144 98
98 146 20
98 148 23
99 100 50
99 101 76
99 102 56
99 103 1
99 104 26
99 106 90
99 110 61
99 112 56
99 117 37
99 120 5
99 122 99
99 124 100
99 127 2
99 131 77
99 133 36
99 136 14
99 139 65
99 143 52
99 144 46
99 145 30
99 149 90
99 150 70
100 101 59
100 110 59
100 111 89
100 120 85
100 122 22
100 124 54
100 125 54
100 129 92
100 132 69
100 134 35
100 135 77
100 140 78
100 141 1
100 142 53
100 144 93
100 150 17
101 106 6
101 108 49
101 109 98
101 110 39
101 113 94
101 118 24
101 120 24
101 125 73
101 126 77
101 129 4
101 130 85
101 134 85
101 136 52
101 139 75
101 143 88
101 144 76
101 146 52
102 103 57
102 105 71
102 108 14
102 109 87
102 111 10
102 116 48
102 117 23
102 120 91
102 121 51
102 124 86
102 125 20
102 129 19
102 134 19
102 135 3
102 137 71
102 139 53
102 140 23
102 142 57
102 149 98
103 104 31
103 109 32
103 110 92
103 117 94
103 119 84
103 121 94
103 131 48
103 139 6
103 140 52
103 141 8
103 142 18
103 143 10
103 145 62
103 146 27
103 147 77
103 149 26
104 106 9
104 107 93
104 108 52
104 109 32
104 111 20
104 115 13
104 117 21
104 120 44
104 121 50
104 123 72
104 132 38
104 134 90
104 135 46
104 136 77
104 139 82
104 140 40
104 141 82
104 142 32
104 144 1
104 146 41
104 148 21
105 107 28
105 109 37
105 111 91
105 112 12
105 114 52
105 120 69
105 121 18
105 122 10
105 126 58
105 128 56
105 130 76
105 135 27
105 139 8
105 141 21
105 143 23
105 144 4
105 147 29
105 148 71
105 150 80
106 107 42
106 108 20
106 109 74
106 110 6
106 113 15
106 114 28
106 118 37
106 122 2
106 124 36
106 131 56
106 133 85
106 135 35
106 138 85
106 139 78
106 141 81
106 145 75
106 146 28
106 147 12
106 148 41
106 149 86
106 150 14
107 111 24
107 113 36
107 116 18
107 119 84
107 121 97
107 129 65
107 131 83
107 132 28
107 133 74
107 135 41
107 137 17
107 140 19
107 144 25
107 147 21
107 148 35
107 149 2
108 112 62
108 114 100
108 115 46
108 117 71
108 119 88
108 120 12
108 121 78
108 122 18
108 123 12
108 124 10
108 130 6
108 131 74
108 132 62
108 133 43
108 134 88
108 137 88
108 138 13
108 140 15
108 141 24
108 143 29
108 144 25
108 150 37
109 110 41
109 111 1
109 112 46
109 114 70
109 119 90
109 122 74
109 123 26
109 124 79
109 128 56
109 130 56
109 132 22
109 133 57
109 141 68
109 142 55
109 143 38
109 146 52
109 147 40
109 149 60
110 113 40
110 116 78
110 119 62
110 122 41
110 123 52
110 124 85
110 125 27
110 127 100
110 128 95
110 130 95
110 132 12
110 133 53
110 139 91
110 142 39
110 146 20
110 148 3
110 149 89
110 150 57
111 112 14
111 113 67
111 116 13
111 123 69
111 125 62
111 126 88
111 127 42
111 131 43
111 136 47
111 137 15
111 141 22
111 146 29
111 147 59
111 150 75
112 113 76
112 119 39
112 121 48
112 123 49
112 126 64
112 128 39
112 130 46
112 134 40
112 135 59
112 136 67
112 141 51
112 143 3
112 145 90
112 148 27
112 150 13
113 114 65
113 116 38
113 117 31
113 128 91
113 129 69
113 131 64
113 137 60
113 141 83
113 145 72
113 149 7
113 150 100
114 116 1
114 117 78
114 120 56
114 121 65
114 122 77
114 123 73
114 126 87
114 127 93
114 128 44
114 129 54
114 133 90
114 135 2
114 136 85
114 139 8
114 142 91
114 146 76
114 149 59
115 118 3
115 119 97
115 124 100
115 127 15
115 132 70
115 135 3
115 137 66
115 138 92
115 139 100
115 140 68
115 142 8
115 143 92
115 144 54
115 149 91
115 150 82
116 119 65
116 120 36
116 121 24
116 125 98
116 129 60
116 130 72
116 132 64
116 133 40
116 135 60
116 136 6
116 138 51
116 139 33
116 140 30
116 143 83
116 145 67
116 146 7
116 147 26
117 118 94
117 120 47
117 122 57
117 124 68
117 126 14
117 136 87
117 141 19
117 142 52
117 145 37
117 149 71
118 119 77
118 123 14
118 128 32
118 130 57
118 140 12
118 141 18
118 146 51
118 148 28
118 150 91
119 120 77
119 125 73
119 127 77
119 130 90
119 135 89
119 136 99
119 140 87
119 143 53
119 144 62
119 145 17
119 146 47
119 149 11
119 150 14
120 121 65
120 125 36
120 128 15
120 131 2
120 135 58
120 136 64
120 137 54
120 144 79
120 148 100
120 150 14
121 125 19
121 136 10
121 137 72
121 138 43
121 144 60
121 147 39
122 123 16
122 133 23
122 137 78
122 146 54
122 147 99
122 148 82
123 129 53
123 130 86
123 132 25
123 135 9
123 138 68
123 149 11
124 125 57
124 127 83
124 128 63
124 129 84
124 134 59
124 144 3
124 148 49
124 150 65
125 128 43
125 131 71
125 132 19
125 133 26
125 135 63
125 136 85
125 138 36
125 139 100
125 143 40
125 145 19
125 147 10
125 148 67
126 129 1
126 130 80
126 138 22
126 140 1
126 141 37
126 142 81
126 144 4
126 145 10
126 146 66
126 148 71
126 149 70
127 128 37
127 129 59
127 130 39
127 135 11
127 136 37
127 138 62
127 141 42
127 145 62
127 146 73
127 147 100
128 135 63
128 136 73
128 137 50
128 140 73
128 141 96
128 142 9
128 146 33
129 135 77
129 136 4
129 138 78
129 139 100
129 142 49
129 144 50
129 145 78
129 146 91
129 149 41
129 150 4
130 134 39
130 139 46
130 140 22
130 142 23
130 145 85
130 149 18
131 132 48
131 136 38
131 139 80
131 143 34
131 144 53
132 134 90
132 135 48
132 137 95
132 141 33
132 145 53
132 149 19
133 134 62
133 135 73
133 136 48
133 137 55
133 140 41
133 142 77
133 143 31
133 150 78
134 135 20
134 136 1
134 137 94
134 141 82
134 145 26
134 149 39
134 150 13
135 144 73
135 145 83
135 148 30
135 150 18
136 140 87
136 143 71
136 146 41
136 148 19
136 149 99
136 150 29
137 140 44
137 141 19
137 143 25
137 146 86
137 147 56
137 148 9
138 140 47
138 141 37
138 142 60
138 145 29
138 146 48
138 148 10
139 143 21
139 145 33
140 141 98
140 143 66
140 145 32
140 146 39
140 147 89
141 143 83
141 144 90
141 150 17
142 146 79
142 149 37
143 147 5
144 145 50
144 146 79
144 147 89
144 148 27
144 149 64
144 150 92
145 147 21
145 149 29
146 149 2
146 150 74
147 150 63
148 149 75
1 15 100
1 17 14
1 18 6
1 19 51
1 21 48
1 24 38
1 25 26
1 26 94
1 29 49
1 35 19
1 36 97
1 37 31
1 39 88
1 44 66
1 45 61
1 48 59
1 49 53
1 53 8
1 56 13
1 58 84
1 59 13
1 61 70
1 62 83
1 63 27
1 64 77
1 65 76
1 66 39
1 72 81
1 78 32
1 80 70
1 81 47
1 82 73
1 83 62
1 84 81
1 86 79
1 88 74
1 90 20
1 91 42
1 94 62
1 96 4
1 97 7
1 99 89
1 100 80
1 101 94
1 104 68
1 107 73
1 109 71
1 111 52
1 112 68
1 121 80
1 122 27
1 124 73
1 126 45
1 131 89
1 134 65
1 136 51
1 137 84
1 138 47
1 143 77
1 145 16
1 149 86
1 150 53
2 3 57
2 5 24
2 7 44
2 10 45
2 13 96
2 20 8
2 21 81
2 22 4
2 25 89
2 28 20
2 29 19
2 33 6
2 36 12
2 38 11
2 39 46
2 40 1
2 41 30
2 44 24
2 45 82
2 48 13
2 51 74
2 54 50
2 60 97
2 63 22
2 68 68
2 69 88
2 70 32
2 72 23
2 76 80
2 83 11
2 86 74
2 87 38
2 89 10
2 90 26
2 93 49
2 95 60
2 97 27
2 101 9
2 103 14
2 105 80
2 111 36
2 112 52
2 113 89
2 114 75
2 116 99
2 119 4
2 120 29
2 124 30
2 127 74
2 132 37
2 134 96
2 135 94
2 136 14
2 142 81
2 149 89
3 4 55
3 5 44
3 7 32
3 9 43
3 14 25
3 15 44
3 17 33
3 18 1
3 20 96
3 21 96
3 22 7
3 23 41
3 26 78
3 27 46
3 28 31
3 29 74
3 32 90
3 33 86
3 38 78
3 39 29
3 41 68
3 42 36
3 43 68
3 46 70
3 47 86
3 48 32
3 49 69
3 51 66
3 52 2
3 57 34
3 58 15
3 60 99
3 65 12
3 66 100
3 68 70
3 69 90
3 71 17
3 74 47
3 75 24
3 76 87
3 77 22
3 78 78
3 79 73
3 80 12
3 81 83
3 84 21
3 92 55
3 95 74
3 100 85
3 101 1
3 103 12
3 104 16
3 107 100
3 110 79
3 111 59
3 113 21
3 117 75
3 122 29
3 123 70
3 126 17
3 128 75
3 129 66
3 133 58
3 136 89
3 140 79
3 142 98
3 146 68
3 148 42
4 6 59
4 7 71
4 8 86
4 9 74
4 11 14
4 18 81
4 22 64
4 23 95
4 24 5
4 25 31
4 30 5
4 31 84
4 32 88
4 37 2
4 42 54
4 43 16
4 46 11
4 47 8
4 52 82
4 54 34
4 55 22
4 63 60
4 65 5
4 68 33
4 72 26
4 73 25
4 74 94
4 75 18
4 76 86
4 78 46
4 82 40
4 83 67
4 84 71
4 85 20
4 86 46
4 92 97
4 94 65
4 97 5
4 99 65
4 100 67
4 101 51
4 102 77
4 104 14
4 105 83
4 111 73
4 112 2
4 115 45
4 118 95
4 124 55
4 126 85
4 127 13
4 128 100
4 132 35
4 139 99
4 140 25
4 148 67
5 8 46
5 11 36
5 13 8
5 14 15
5 18 27
5 20 38
5 21 7
5 22 83
5 29 98
5 30 35
5 31 88
5 32 92
5 33 22
5 39 37
5 41 45
5 42 25
5 44 63
5 46 6
5 47 31
5 49 24
5 50 50
5 53 18
5 59 42
5 61 57
5 65 29
5 66 87
5 69 43
5 73 53
5 74 48
5 79 8
5 80 27
5 81 2
5 83 54
5 84 46
5 85 71
5 86 52
5 89 9
5 96 17
5 97 8
5 100 88
5 104 53
5 105 17
5 106 33
5 113 13
5 117 95
5 119 56
5 120 73
5 122 93
5 126 47
5 128 37
5 133 55
5 135 25
5 136 52
5 137 74
5 139 99
5 142 78
5 146 2
6 7 64
6 10 17
6 12 6
6 13 6
6 15 15
6 19 50
6 20 64
6 21 14
6 22 19
6 23 19
6 24 39
6 27 44
6 30 64
6 34 61
6 36 11
6 37 8
6 40 54
6 43 3
6 46 96
6 47 94
6 48 90
6 49 55
6 51 73
6 52 69
6 53 65
6 56 56
6 61 5
6 62 38
6 63 27
6 71 36
6 72 92
6 73 30
6 74 13
6 76 88
6 79 33
6 87 37
6 90 56
6 93 9
6 94 21
6 95 61
6 96 10
6 97 33
6 99 93
6 102 92
6 109 5
6 113 99
6 117 33
6 124 28
6 128 36
6 129 53
6 132 1
6 134 18
6 135 78
6 148 18
6 149 47
7 8 78
7 13 9
7 16 64
7 19 92
7 20 14
7 24 4
7 25 86
7 26 9
7 28 66
7 30 80
7 38 46
7 41 75
7 43 1
7 44 10
7 51 24
7 57 61
7 59 66
7 60 82
7 62 91
7 64 64
7 68 35
7 73 72
7 74 97
7 75 67
7 76 99
7 78 40
7 79 88
7 82 24
7 84 97
7 85 94
7 92 50
7 94 40
7 95 76
7 96 72
7 97 27
7 101 54
7 105 100
7 106 35
7 108 63
7 112 1
7 116 99
7 117 51
7 122 25
7 124 90
7 125 59
7 127 34
7 129 67
7 130 22
7 131 54
7 139 37
7 140 58
7 141 26
7 142 91
7 143 7
7 148 5
8 9 82
8 12 94
8 14 100
8 15 25
8 20 59
8 22 91
8 23 37
8 24 32
8 25 72
8 29 36
8 30 41
8 32 53
8 34 16
8 36 93
8 40 13
8 41 31
8 42 87
8 43 37
8 44 46
8 45 5
8 48 82
8 50 52
8 51 14
8 58 77
8 60 74
8 69 57
8 70 86
8 71 84
8 73 29
8 76 68
8 78 98
8 79 8
8 80 91
8 81 100
8 83 92
8 84 8
8 86 49
8 88 42
8 91 46
8 94 42
8 95 25
8 100 69
8 102 78
8 107 24
8 108 23
8 109 45
8 111 36
8 115 29
8 118 99
8 122 15
8 126 51
8 127 84
8 129 8
8 132 46
8 133 46
8 136 90
8 137 16
8 139 4
8 140 51
8 147 55
8 150 76
9 12 17
9 14 97
9 16 74
9 20 52
9 25 48
9 28 84
9 29 42
9 30 75
9 38 14
9 41 87
9 43 49
9 44 93
9 45 94
9 48 54
9 49 58
9 50 96
9 52 76
9 53 26
9 55 75
9 65 19
9 70 43
9 73 59
9 74 16
9 77 74
9 78 14
9 81 3
9 82 62
9 85 30
9 88 14
9 90 57
9 91 82
9 92 37
9 96 18
9 97 87
9 98 16
9 101 41
9 102 8
9 105 57
9 107 2
9 109 74
9 111 57
9 113 82
9 114 37
9 117 60
9 120 43
9 121 66
9 123 83
9 127 64
9 128 8
9 129 42
9 132 74
9 134 60
9 135 21
9 136 8
9 140 51
9 142 5
9 143 68
9 147 59
9 149 51
9 150 19
10 11 16
10 12 64
10 13 50
10 19 3
10 21 65
10 26 32
10 29 1
10 31 88
10 32 28
10 33 75
10 34 84
10 37 88
10 39 37
10 44 37
10 45 4
10 46 48
10 48 28
10 50 88
10 53 35
10 54 41
10 59 74
10 65 30
10 67 75
10 68 79
10 69 100
10 70 43
10 71 55
10 73 91
10 84 35
10 86 45
10 87 71
10 88 10
10 89 2
10 92 45
10 93 2
10 94 46
10 98 22
10 100 73
10 102 75
10 107 8
10 108 58
10 109 44
10 110 12
10 112 91
10 113 25
10 115 64
10 116 85
10 119 63
10 120 60
10 122 97
10 123 53
10 126 36
10 128 44
10 134 97
10 139 13
10 140 18
10 143 38
10 145 25
11 14 7
11 17 68
11 19 51
11 20 6
11 24 41
11 25 90
11 27 59
11 29 52
11 31 47
11 33 28
11 35 78
11 40 84
11 41 19
11 46 42
11 48 95
11 49 88
11 50 44
11 51 80
11 54 87
11 55 43
11 59 1
11 60 23
11 63 40
11 65 12
11 67 70
11 69 59
11 70 81
11 71 42
11 73 93
11 79 59
11 80 90
11 81 58
11 83 18
11 86 80
11 88 40
11 89 86
11 91 8
11 92 48
11 93 8
11 95 9
11 96 24
11 98 91
11 99 11
11 100 100
11 101 38
11 102 15
11 106 89
11 112 31
11 113 16
11 118 31
11 119 91
11 122 89
11 123 45
11 124 27
11 128 57
11 130 72
11 131 51
11 132 10
11 134 2
11 135 11
11 137 38
11 141 73
11 144 2
11 146 78
11 147 92
11 148 58
11 149 22
12 13 72
12 15 46
12 17 84
12 18 63
12 23 1
12 29 59
12 30 57
12 32 66
12 38 96
12 39 60
12 40 39
12 43 20
12 45 20
12 50 2
12 52 24
12 60 79
12 62 78
12 67 74
12 78 53
12 79 60
12 82 1
12 87 61
12 92 24
12 97 97
12 99 86
12 102 81
12 103 95
12 104 86
12 110 75
12 113 41
12 114 66
12 116 48
12 117 78
12 119 39
12 120 12
12 122 55
12 123 75
12 124 91
12 126 89
12 127 69
12 128 54
12 130 6
12 133 43
12 134 100
12 136 77
12 139 21
12 143 63
12 149 95
13 16 97
13 17 38
13 24 75
13 25 30
13 27 71
13 29 32
13 30 91
13 31 9
13 33 100
13 34 60
13 35 91
13 36 36
13 37 89
13 45 80
13 48 39
13 49 60
13 50 27
13 53 61
13 55 72
13 56 4
13 60 79
13 61 29
13 66 63
13 68 63
13 70 52
13 71 48
13 72 44
13 73 82
13 74 24
13 76 87
13 78 11
13 79 29
13 85 98
13 86 70
13 95 52
13 96 40
13 98 27
13 99 14
13 103 87
13 104 8
13 106 2
13 110 39
13 111 86
13 112 89
13 113 85
13 116 62
13 119 9
13 122 56
13 129 37
13 130 68
13 133 5
13 137 15
13 138 46
13 139 39
13 143 16
13 144 8
13 148 16
14 18 70
14 20 65
14 21 14
14 28 58
14 29 55
14 30 10
14 31 19
14 39 8
14 40 45
14 41 6
14 42 42
14 43 21
14 46 21
14 48 59
14 49 93
14 54 35
14 55 24
14 56 70
14 58 81
14 60 2
14 61 43
14 63 34
14 64 85
14 65 51
14 67 91
14 75 50
14 77 78
14 79 25
14 80 91
14 81 83
14 82 78
14 85 32
14 88 70
14 90 62
14 91 98
14 93 30
14 94 30
14 96 9
14 97 38
14 99 70
14 103 9
14 106 29
14 107 62
14 110 37
14 111 95
14 117 20
14 121 96
14 125 84
14 127 47
14 128 41
14 132 64
14 136 8
14 137 82
14 139 97
14 140 7
14 142 24
14 143 68
14 144 70
14 145 19
14 147 64
14 148 75
15 16 94
15 18 88
15 23 16
15 26 21
15 27 3
15 28 4
15 36 82
15 40 51
15 42 4
15 43 69
15 46 15
15 47 27
15 55 64
15 58 21
15 66 3
15 69 77
15 78 74
15 84 82
15 85 24
15 88 10
15 91 45
15 95 79
15 97 33
15 99 61
15 105 85
15 106 100
15 110 36
15 112 99
15 113 68
15 118 83
15 119 75
15 120 44
15 121 33
15 124 9
15 129 92
15 131 71
15 134 50
15 135 80
15 141 44
15 143 48
15 148 18
15 149 11
16 17 100
16 23 95
16 28 12
16 35 63
16 37 47
16 38 26
16 39 62
16 40 33
16 41 16
16 50 11
16 52 20
16 56 86
16 58 90
16 60 98
16 61 47
16 62 47
16 63 53
16 64 52
16 65 81
16 66 19
16 67 34
16 68 99
16 69 47
16 70 92
16 76 19
16 78 50
16 79 38
16 82 33
16 83 46
16 88 74
16 90 45
16 91 51
16 95 29
16 96 26
16 101 62
16 105 55
16 108 61
16 109 19
16 110 21
16 113 89
16 115 22
16 116 48
16 122 24
16 130 34
16 132 15
16 136 50
16 140 40
16 145 25
16 148 82
16 149 42
17 18 15
17 25 52
17 28 42
17 29 68
17 31 62
17 34 64
17 35 14
17 36 46
17 37 87
17 38 100
17 40 9
17 41 52
17 49 39
17 57 11
17 59 1
17 61 85
17 62 2
17 63 80
17 67 46
17 70 25
17 71 78
17 75 69
17 78 89
17 81 26
17 85 81
17 86 77
17 87 51
17 88 6
17 89 48
17 92 45
17 93 62
17 97 78
17 99 62
17 103 22
17 105 20
17 109 52
17 110 34
17 111 31
17 115 67
17 120 37
17 122 36
17 123 82
17 125 92
17 130 25
17 131 18
17 132 95
17 134 70
17 136 37
17 137 22
17 139 93
17 140 49
17 142 43
17 143 44
17 144 32
17 146 27
17 149 23
18 20 8
18 23 69
18 25 63
18 29 5
18 30 55
18 31 46
18 35 71
18 36 50
18 38 86
18 43 85
18 45 13
18 46 49
18 55 58
18 56 39
18 57 9
18 58 42
18 59 47
18 61 4
18 64 20
18 65 14
18 70 39
18 71 23
18 75 53
18 76 90
18 77 18
18 81 90
18 84 38
18 85 33
18 87 89
18 91 49
18 92 53
18 98 53
18 99 49
18 100 25
18 101 95
18 105 45
18 108 74
18 110 11
18 111 60
18 118 80
18 122 44
18 123 48
18 124 7
18 125 95
18 126 33
18 128 38
18 134 49
18 136 17
18 137 84
18 143 29
18 146 28
19 26 86
19 27 6
19 28 9
19 30 13
19 31 91
19 37 40
19 39 12
19 40 27
19 42 65
19 43 66
19 45 16
19 48 7
19 50 32
19 51 7
19 54 54
19 55 15
19 58 65
19 59 40
19 64 53
19 72 89
19 74 17
19 75 42
19 76 66
19 79 81
19 81 73
19 82 38
19 83 57
19 84 1
19 85 48
19 87 20
19 88 94
19 93 5
19 95 17
19 96 82
19 100 61
19 103 84
19 105 67
19 107 22
19 108 70
19 112 84
19 114 89
19 115 77
19 116 85
19 118 87
19 119 61
19 122 14
19 125 51
19 127 99
19 129 23
19 133 53
19 136 91
19 138 50
19 143 95
19 149 82
20 21 6
20 23 42
20 26 86
20 27 85
20 28 26
20 30 100
20 31 52
20 33 30
20 34 54
20 35 35
20 39 92
20 41 71
20 43 3
20 45 65
20 52 93
20 55 19
20 57 41
20 63 67
20 65 4
20 66 82
20 69 90
20 70 12
20 71 59
20 73 16
20 75 85
20 76 73
20 77 20
20 79 2
20 83 10
20 84 60
20 86 92
20 95 47
20 97 15
20 98 45
20 99 84
20 100 5
20 101 54
20 102 32
20 103 80
20 104 34
20 105 89
20 111 8
20 112 7
20 117 55
20 118 9
20 123 7
20 126 83
20 127 7
20 128 34
20 138 79
20 140 43
20 141 31
20 148 57
21 23 43
21 29 78
21 30 77
21 31 83
21 32 96
21 33 41
21 37 44
21 38 5
21 40 15
21 44 72
21 46 63
21 48 85
21 49 57
21 54 57
21 57 86
21 67 34
21 71 11
21 72 10
21 73 18
21 76 60
21 77 20
21 81 33
21 83 39
21 85 52
21 86 33
21 88 51
21 91 21
21 92 34
21 93 34
21 99 57
21 103 92
21 104 67
21 105 88
21 106 40
21 107 24
21 109 97
21 113 92
21 114 43
21 115 19
21 117 30
21 118 7
21 119 90
21 120 93
21 123 87
21 125 23
21 126 62
21 127 54
21 130 51
21 132 14
21 133 66
21 136 91
21 137 58
21 138 20
21 140 37
21 146 18
21 148 13
22 23 55
22 26 15
22 28 67
22 29 4
22 32 56
22 34 86
22 37 50
22 39 11
22 40 40
22 42 83
22 48 4
22 50 26
22 54 56
22 55 100
22 56 12
22 58 41
22 61 79
22 62 2
22 66 40
22 69 21
22 74 19
22 78 21
22 79 64
22 83 84
22 84 19
22 93 55
22 95 6
22 97 91
22 99 97
22 101 14
22 103 15
22 104 65
22 106 20
22 107 16
22 108 61
22 113 20
22 116 12
22 119 5
22 120 72
22 127 55
22 128 80
22 133 17
22 136 75
22 140 19
22 142 16
22 144 97
22 148 90
22 150 88
23 25 44
23 26 100
23 31 75
23 33 10
23 39 38
23 40 49
23 43 41
23 45 77
23 46 90
23 48 95
23 51 50
23 55 37
23 58 80
23 59 94
23 61 98
23 62 50
23 63 12
23 68 80
23 72 66
23 76 55
23 77 61
23 78 25
23 80 73
23 84 47
23 86 30
23 87 82
23 91 100
23 93 69
23 94 36
23 97 54
23 99 14
23 101 50
23 102 85
23 103 94
23 105 29
23 106 24
23 108 38
23 111 99
23 113 97
23 114 37
23 115 95
23 116 50
23 117 44
23 118 91
23 119 65
23 122 85
23 127 21
23 128 84
23 136 44
23 138 57
23 140 76
23 141 88
23 143 6
23 144 9
23 146 5
23 147 87
24 26 10
24 28 25
24 30 73
24 33 50
24 40 15
24 43 48
24 47 39
24 48 78
24 52 78
24 53 75
24 59 3
24 60 28
24 63 48
24 65 43
24 67 77
24 69 42
24 70 33
24 76 86
24 79 57
24 80 15
24 82 36
24 86 85
24 94 6
24 99 71
24 103 96
24 105 73
24 108 57
24 110 85
24 112 58
24 117 5
24 120 22
24 124 98
24 125 4
24 128 29
24 135 30
24 138 83
24 142 37
24 144 65
24 147 3
24 148 77
24 149 18
24 150 72
25 29 66
25 30 88
25 31 5
25 33 56
25 35 49
25 37 82
25 42 85
25 43 91
25 44 66
25 45 3
25 48 2
25 54 66
25 57 24
25 61 39
25 62 81
25 63 8
25 64 72
25 65 25
25 66 35
25 68 41
25 71 96
25 72 67
25 73 31
25 74 49
25 75 5
25 82 98
25 83 39
25 86 100
25 90 92
25 92 75
25 93 46
25 96 92
25 99 41
25 103 18
25 107 32
25 110 60
25 114 35
25 115 49
25 118 60
25 123 4
25 124 4
25 127 88
25 128 27
25 132 8
25 134 14
25 138 89
25 141 60
25 143 44
25 145 58
25 149 65
26 28 10
26 29 3
26 41 93
26 44 55
26 50 47
26 56 55
26 57 75
26 60 71
26 62 98
26 64 97
26 66 34
26 68 68
26 71 3
26 74 10
26 76 69
26 78 72
26 81 77
26 83 87
26 84 40
26 86 72
26 87 12
26 88 12
26 90 67
26 91 57
26 93 3
26 100 61
26 103 51
26 105 58
26 110 95
26 113 34
26 117 14
26 126 28
26 128 59
26 133 7
26 135 40
26 136 16
26 138 18
26 140 36
26 142 51
26 143 35
26 144 45
26 148 18
27 29 85
27 30 38
27 31 31
27 32 78
27 38 68
27 42 8
27 43 99
27 44 6
27 45 84
27 48 55
27 51 58
27 56 84
27 57 11
27 59 13
27 60 97
27 63 80
27 65 88
27 66 62
27 67 21
27 68 89
27 69 60
27 77 37
27 78 66
27 80 12
27 83 48
27 84 55
27 85 65
27 87 24
27 89 67
27 90 71
27 94 59
27 95 97
27 97 30
27 100 22
27 101 63
27 103 84
27 106 81
27 109 46
27 110 78
27 113 90
27 119 57
27 122 1
27 123 76
27 124 42
27 130 22
27 132 43
27 133 11
27 140 54
27 142 94
27 143 35
27 144 24
27 146 12
27 149 52
27 150 11
28 30 44
28 32 56
28 34 63
28 35 93
28 36 32
28 38 60
28 40 89
28 44 98
28 45 73
28 49 68
28 51 6
28 55 34
28 56 68
28 58 69
28 59 49
28 60 71
28 64 56
28 66 4
28 69 85
28 70 69
28 71 55
28 72 29
28 74 81
28 77 100
28 78 7
28 79 79
28 83 62
28 86 97
28 87 13
28 91 88
28 92 50
28 95 53
28 97 77
28 100 15
28 104 62
28 109 68
28 110 21
28 112 57
28 113 94
28 116 8
28 124 50
28 125 24
28 129 24
28 131 40
28 133 82
28 135 71
28 138 47
28 139 55
28 140 50
28 141 98
28 142 21
28 143 89
28 144 16
28 146 28
28 147 91
28 150 98
29 30 64
29 33 71
29 35 76
29 40 53
29 41 67
29 43 65
29 46 25
29 50 44
29 55 81
29 56 37
29 58 49
29 59 86
29 60 32
29 62 75
29 63 65
29 66 2
29 68 10
29 70 62
29 71 12
29 76 2
29 78 23
29 83 46
29 87 87
29 89 5
29 90 9
29 96 8
29 97 34
29 98 79
29 99 13
29 101 28
29 103 92
29 107 20
29 110 88
29 112 93
29 114 64
29 117 45
29 121 75
29 122 28
29 126 62
29 130 18
29 133 74
29 134 2
29 135 77
29 136 16
29 138 5
29 145 41
29 147 14
29 148 74
29 149 8
30 34 7
30 36 66
30 41 70
30 43 9
30 53 74
30 57 55
30 64 35
30 66 35
30 68 100
30 71 89
30 72 18
30 76 41
30 79 43
30 80 75
30 81 78
30 82 37
30 83 91
30 89 29
30 90 99
30 95 86
30 96 94
30 97 87
30 98 43
30 101 87
30 103 61
30 104 69
30 106 46
30 111 38
30 112 88
30 115 47
30 118 29
30 119 72
30 122 36
30 128 43
30 130 8
30 131 90
30 132 32
30 136 55
30 137 67
30 138 71
30 139 82
30 140 16
30 141 79
30 142 26
30 143 44
30 145 53
31 32 44
31 34 22
31 35 25
31 39 21
31 42 96
31 43 90
31 46 73
31 47 10
31 51 56
31 55 32
31 59 23
31 60 3
31 62 89
31 63 58
31 65 13
31 68 40
31 69 43
31 70 24
31 76 54
31 77 6
31 78 20
31 79 41
31 82 58
31 83 76
31 85 88
31 88 37
31 90 10
31 91 85
31 92 23
31 94 24
31 95 5
31 100 99
31 103 100
31 105 90
31 110 58
31 112 2
31 115 70
31 116 29
31 117 12
31 118 73
31 119 96
31 120 80
31 122 77
31 125 80
31 126 7
31 128 13
31 131 82
31 133 52
31 142 37
31 147 8
31 148 30
31 149 13
31 150 10
32 38 30
32 40 68
32 45 66
32 46 92
32 47 37
32 50 55
32 54 2
32 60 56
32 61 74
32 62 30
32 63 7
32 64 48
32 65 95
32 66 39
32 73 85
32 74 65
32 76 34
32 78 14
32 85 86
32 87 67
32 89 98
32 90 43
32 91 70
32 93 22
32 100 53
32 106 68
32 108 92
32 109 78
32 110 54
32 111 38
32 115 93
32 118 4
32 125 81
32 126 77
32 127 25
32 132 77
32 134 67
32 136 89
32 139 37
32 140 37
32 143 43
32 148 100
32 149 99
33 38 81
33 40 65
33 41 56
33 44 6
33 46 12
33 48 48
33 49 73
33 50 45
33 56 94
33 58 87
33 60 24
33 61 68
33 62 12
33 63 93
33 64 98
33 67 32
33 69 94
33 70 11
33 75 86
33 78 53
33 81 82
33 84 35
33 86 20
33 87 17
33 88 39
33 89 20
33 92 82
33 95 60
33 96 1
33 109 88
33 110 46
33 113 6
33 116 95
33 117 48
33 118 76
33 120 52
33 121 18
33 122 1
33 124 58
33 125 78
33 127 26
33 128 47
33 129 33
33 131 16
33 133 54
33 135 50
33 138 56
33 142 94
33 146 60
33 147 67
34 35 12
34 38 1
34 39 69
34 41 53
34 45 39
34 47 35
34 51 51
34 56 32
34 57 16
34 61 71
34 62 99
34 63 72
34 67 100
34 69 67
34 71 29
34 72 19
34 77 43
34 81 7
34 85 61
34 88 86
34 89 83
34 91 7
34 92 72
34 93 80
34 96 89
34 101 12
34 103 33
34 104 51
34 106 26
34 108 8
34 112 81
34 114 70
34 116 92
34 121 51
34 123 79
34 131 95
34 135 63
34 139 3
34 143 42
34 145 63
34 146 42
34 147 67
34 149 11
35 37 39
35 40 1
35 43 66
35 46 100
35 48 14
35 54 62
35 58 90
35 59 6
35 60 69
35 61 26
35 62 17
35 65 86
35 66 76
35 69 35
35 75 81
35 78 29
35 80 43
35 83 36
35 86 66
35 87 83
35 88 33
35 90 2
35 91 3
35 92 44
35 94 23
35 95 90
35 97 92
35 98 66
35 99 49
35 101 31
35 102 73
35 104 75
35 108 48
35 114 65
35 125 74
35 126 87
35 128 68
35 131 84
35 137 2
35 141 22
35 142 74
35 143 88
35 145 97
35 146 20
35 148 64
36 39 3
36 41 13
36 47 68
36 48 87
36 50 5
36 53 34
36 55 32
36 58 79
36 60 32
36 61 30
36 62 55
36 63 86
36 65 29
36 69 22
36 75 17
36 77 37
36 84 8
36 87 87
36 89 40
36 90 38
36 91 13
36 95 27
36 98 4
36 102 68
36 105 82
36 106 70
36 109 81
36 110 98
36 113 82
36 115 35
36 117 86
36 119 95
36 120 85
36 122 47
36 124 99
36 128 96
36 129 4
36 130 4
36 136 4
36 141 17
36 145 43
36 147 58
36 148 49
36 149 72
37 38 95
37 39 24
37 41 84
37 42 13
37 43 50
37 44 100
37 48 29
37 49 41
37 50 82
37 53 30
37 55 25
37 56 75
37 59 22
37 64 19
37 65 57
37 71 6
37 77 39
37 81 59
37 82 12
37 83 7
37 86 60
37 87 21
37 89 31
37 91 36
37 93 48
37 94 82
37 96 45
37 99 92
37 106 1
37 108 40
37 109 82
37 111 2
37 114 25
37 116 17
37 120 44
37 121 97
37 122 50
37 123 41
37 125 73
37 127 59
37 129 100
37 132 24
37 133 59
37 134 32
37 135 46
37 139 75
37 140 69
37 141 73
37 142 15
37 143 77
37 144 62
37 146 95
38 42 38
38 52 74
38 57 13
38 58 98
38 62 88
38 69 78
38 74 74
38 75 48
38 76 20
38 79 12
38 81 46
38 82 89
38 86 62
38 91 44
38 95 75
38 98 5
38 100 16
38 104 55
38 106 60
38 108 79
38 113 65
38 114 10
38 119 49
38 122 25
38 123 39
38 134 58
38 136 69
38 137 22
38 138 74
38 143 87
38 148 58
38 149 42
39 41 75
39 46 32
39 47 69
39 49 47
39 50 25
39 52 62
39 54 100
39 55 90
39 58 92
39 60 84
39 61 77
39 62 67
39 65 96
39 66 67
39 67 65
39 68 37
39 69 98
39 71 11
39 75 41
39 76 91
39 82 83
39 84 4
39 87 1
39 91 56
39 93 81
39 95 54
39 99 7
39 100 21
39 102 88
39 103 58
39 105 65
39 106 73
39 109 38
39 110 57
39 112 69
39 117 22
39 121 45
39 123 23
39 126 71
39 127 77
39 128 38
39 130 92
39 134 89
39 136 70
39 141 99
39 143 74
39 144 18
39 146 28
39 147 10
39 148 49
39 150 84
40 41 24
40 43 27
40 45 38
40 47 48
40 48 75
40 50 81
40 55 90
40 56 23
40 57 74
40 58 7
40 59 91
40 64 27
40 65 69
40 66 31
40 69 2
40 70 66
40 71 63
40 72 45
40 78 66
40 80 26
40 83 14
40 86 5
40 87 62
40 89 40
40 96 95
40 105 77
40 107 75
40 108 82
40 115 32
40 118 64
40 125 9
40 128 38
40 132 83
40 134 83
40 136 88
40 138 35
40 146 22
40 148 33
40 150 59
41 43 49
41 52 65
41 54 26
41 56 93
41 57 60
41 62 61
41 65 15
41 66 31
41 70 62
41 74 8
41 76 65
41 80 32
41 83 54
41 85 91
41 87 74
41 91 98
41 94 88
41 97 77
41 101 99
41 105 37
41 106 95
41 108 61
41 109 65
41 113 14
41 116 86
41 118 87
41 119 9
41 129 51
41 133 44
41 134 52
41 135 48
41 138 76
41 139 44
41 141 88
41 144 71
41 146 45
42 44 74
42 45 86
42 47 62
42 49 66
42 51 97
42 54 62
42 58 51
42 59 25
42 61 34
42 62 64
42 64 26
42 65 49
42 66 36
42 67 14
42 70 35
42 75 17
42 77 75
42 82 33
42 87 53
42 88 69
42 94 9
42 98 85
42 99 46
42 102 96
42 103 91
42 107 33
42 108 68
42 110 34
42 111 96
42 113 53
42 115 69
42 120 5
42 123 16
42 125 77
42 127 66
42 133 59
42 134 10
42 135 42
42 136 49
42 138 40
42 141 35
42 142 29
42 146 58
42 148 76
42 149 64
43 45 69
43 47 17
43 48 6
43 50 74
43 51 62
43 53 68
43 54 39
43 55 89
43 60 23
43 61 62
43 64 22
43 68 11
43 71 11
43 73 77
43 75 81
43 77 93
43 79 27
43 84 30
43 85 93
43 87 97
43 89 62
43 90 44
43 92 11
43 98 86
43 100 74
43 107 2
43 109 84
43 111 65
43 112 65
43 114 76
43 117 51
43 119 1
43 122 33
43 123 6
43 125 93
43 132 29
43 137 56
43 146 72
43 147 31
43 148 47
43 149 47
44 47 46
44 50 36
44 55 55
44 57 28
44 59 75
44 61 56
44 64 42
44 65 81
44 68 26
44 73 16
44 74 56
44 75 14
44 76 19
44 77 71
44 81 72
44 86 18
44 87 1
44 88 87
44 90 49
44 93 54
44 95 53
44 98 52
44 99 35
44 101 4
44 103 44
44 104 5
44 105 66
44 113 6
44 119 12
44 124 5
44 127 94
44 128 17
44 129 94
44 136 81
44 141 52
44 144 19
45 52 45
45 56 64
45 58 56
45 62 51
45 63 57
45 68 79
45 72 30
45 74 95
45 75 70
45 88 86
45 93 29
45 94 49
45 96 31
45 98 44
45 99 25
45 100 42
45 102 64
45 103 7
45 106 13
45 107 19
45 110 31
45 112 1
45 113 68
45 114 23
45 115 36
45 118 58
45 120 12
45 122 31
45 123 31
45 126 54
45 129 52
45 130 8
45 131 15
45 137 11
45 138 86
45 140 66
45 148 41
46 49 38
46 56 84
46 57 4
46 58 42
46 60 78
46 61 32
46 62 53
46 64 82
46 66 89
46 68 5
46 69 53
46 70 51
46 74 93
46 76 82
46 78 17
46 80 11
46 82 18
46 83 45
46 85 23
46 86 19
46 87 20
46 90 59
46 91 12
46 94 6
46 98 55
46 100 43
46 101 13
46 103 91
46 112 37
46 113 90
46 114 56
46 116 79
46 117 94
46 119 58
46 122 38
46 132 57
46 135 70
46 141 28
46 145 96
46 149 72
46 150 87
47 49 64
47 52 62
47 57 28
47 59 49
47 65 39
47 69 50
47 71 69
47 74 32
47 77 59
47 82 67
47 86 27
47 87 32
47 91 70
47 94 73
47 96 45
47 98 12
47 103 49
47 105 41
47 106 13
47 111 14
47 115 2
47 117 81
47 119 82
47 121 40
47 122 27
47 124 98
47 125 34
47 126 1
47 128 85
47 129 30
47 132 51
47 134 48
47 138 48
47 140 58
47 142 17
47 145 96
47 146 5
47 147 31
47 148 61
47 149 97
47 150 87
48 53 95
48 54 95
48 56 38
48 57 88
48 58 64
48 61 25
48 63 63
48 67 55
48 69 72
48 71 33
48 74 30
48 75 37
48 76 1
48 77 86
48 81 75
48 83 45
48 84 16
48 89 26
48 91 26
48 92 76
48 93 81
48 95 38
48 97 81
48 98 2
48 99 58
48 105 52
48 107 87
48 108 55
48 109 33
48 111 65
48 112 90
48 114 84
48 115 79
48 118 37
48 119 44
48 120 80
48 126 74
48 130 9
48 131 83
48 133 95
48 135 39
48 137 11
48 141 22
48 145 50
48 146 3
48 149 11
49 50 85
49 51 74
49 54 63
49 55 61
49 56 26
49 57 27
49 64 24
49 65 71
49 67 59
49 71 11
49 79 36
49 82 5
49 84 13
49 87 86
49 88 45
49 92 73
49 93 43
49 94 6
49 95 88
49 97 56
49 102 63
49 103 56
49 106 60
49 110 22
49 114 23
49 115 52
49 119 61
49 123 77
49 125 38
49 127 60
49 129 68
49 130 51
49 132 90
49 135 3
49 141 93
49 143 33
49 148 24
49 149 86
50 51 39
50 52 98
50 53 16
50 56 34
50 58 94
50 60 16
50 65 53
50 67 90
50 68 47
50 69 25
50 71 67
50 75 11
50 76 86
50 77 100
50 79 75
50 84 4
50 89 23
50 90 28
50 92 2
50 107 50
50 108 90
50 113 56
50 117 57
50 120 78
50 121 66
50 122 36
50 125 34
50 126 2
50 131 79
50 132 41
50 133 91
50 137 17
50 142 39
50 145 55
50 146 76
51 56 26
51 58 50
51 60 47
51 66 99
51 67 95
51 68 100
51 70 10
51 73 75
51 74 23
51 77 94
51 78 69
51 81 81
51 84 66
51 87 9
51 88 24
51 91 9
51 96 85
51 100 58
51 104 41
51 106 72
51 107 96
51 110 58
51 111 56
51 115 61
51 117 89
51 118 68
51 120 61
51 122 16
51 123 91
51 125 41
51 132 83
51 139 25
51 145 43
51 148 91
51 150 31
52 54 40
52 56 95
52 57 37
52 62 25
52 63 9
52 66 96
52 69 55
52 70 92
52 71 24
52 73 53
52 78 12
52 81 67
52 82 78
52 84 83
52 86 79
52 88 3
52 90 56
52 93 37
52 94 10
52 97 68
52 99 42
52 101 2
52 104 4
52 106 34
52 107 29
52 109 91
52 111 60
52 112 93
52 116 14
52 118 28
52 120 31
52 123 60
52 128 98
52 130 87
52 132 44
52 135 2
52 136 34
52 141 7
52 143 87
52 144 51
52 145 100
52 146 25
53 55 62
53 57 86
53 58 2
53 60 68
53 63 30
53 64 12
53 65 65
53 66 95
53 72 71
53 73 90
53 76 78
53 78 12
53 79 64
53 80 4
53 81 65
53 86 10
53 87 84
53 88 40
53 89 92
53 97 71
53 98 91
53 100 33
53 101 84
53 102 34
53 103 4
53 106 18
53 110 16
53 115 61
53 116 20
53 122 81
53 127 98
53 128 27
53 129 22
53 133 73
53 136 99
53 137 10
53 138 14
53 139 86
53 140 60
53 142 67
53 144 62
53 145 13
54 55 32
54 57 79
54 59 10
54 61 92
54 63 61
54 66 36
54 67 45
54 68 56
54 69 51
54 70 90
54 74 75
54 77 64
54 78 83
54 80 37
54 85 18
54 86 12
54 87 1
54 92 1
54 98 33
54 106 85
54 111 31
54 113 99
54 115 71
54 120 14
54 121 38
54 125 11
54 129 62
54 130 30
54 131 97
54 134 77
54 135 32
54 142 94
54 144 41
54 149 79
54 150 30
55 58 13
55 59 41
55 63 11
55 65 49
55 67 34
55 68 1
55 70 89
55 71 12
55 72 28
55 82 3
55 83 31
55 88 28
55 89 29
55 91 78
55 93 14
55 94 62
55 95 99
55 97 28
55 98 36
55 100 80
55 101 45
55 102 44
55 105 67
55 107 15
55 108 2
55 110 13
55 111 9
55 114 29
55 115 25
55 123 68
55 124 14
55 128 33
55 129 22
55 132 57
55 137 7
55 138 50
55 141 83
55 142 94
55 144 92
55 145 31
55 146 72
55 147 73
55 148 6
55 149 76
56 60 87
56 66 52
56 68 56
56 69 98
56 70 70
56 71 32
56 74 92
56 75 33
56 80 30
56 81 66
56 83 56
56 85 29
56 88 69
56 89 75
56 90 55
56 92 35
56 96 19
56 100 43
56 101 68
56 105 65
56 107 100
56 109 15
56 111 57
56 112 45
56 113 88
56 117 58
56 118 36
56 120 67
56 121 25
56 124 15
56 127 83
56 128 67
56 131 37
56 132 93
56 134 43
56 135 77
56 136 14
56 141 26
56 143 57
56 148 67
56 149 79
57 58 44
57 59 50
57 60 29
57 62 82
57 66 48
57 68 82
57 71 6
57 72 31
57 75 76
57 77 90
57 78 82
57 79 42
57 82 41
57 84 1
57 86 59
57 87 47
57 88 76
57 92 86
57 93 91
57 95 32
57 97 92
57 100 32
57 103 39
57 105 8
57 106 63
57 107 38
57 108 32
57 114 8
57 115 26
57 116 98
57 122 83
57 123 84
57 124 27
57 125 96
57 127 26
57 128 16
57 133 11
57 136 11
57 138 73
57 139 16
57 140 42
57 142 63
57 145 26
58 63 56
58 64 27
58 66 61
58 67 91
58 70 33
58 71 20
58 74 91
58 82 14
58 84 39
58 85 48
58 87 80
58 89 14
58 95 90
58 97 86
58 98 55
58 105 11
58 108 23
58 110 87
58 112 92
58 113 60
58 116 15
58 117 50
58 118 46
58 121 16
58 123 5
58 128 6
58 129 2
58 131 30
58 133 62
58 134 97
58 135 96
58 136 27
58 137 25
58 140 72
58 144 56
58 147 38
59 62 39
59 63 2
59 68 86
59 74 52
59 75 54
59 76 16
59 78 91
59 80 13
59 81 7
59 84 41
59 87 71
59 88 50
59 90 93
59 96 36
59 101 99
59 103 10
59 107 24
59 110 59
59 112 62
59 117 79
59 118 42
59 122 43
59 123 61
59 124 100
59 130 51
59 133 40
59 134 35
59 135 38
59 136 91
59 137 45
59 139 55
59 140 95
59 141 17
59 142 30
59 148 33
59 150 93
60 61 43
60 63 15
60 64 33
60 65 93
60 67 23
60 68 100
60 71 38
60 76 75
60 77 94
60 79 44
60 84 91
60 87 56
60 90 12
60 91 80
60 96 41
60 97 76
60 102 43
60 103 47
60 106 30
60 108 25
60 109 42
60 110 33
60 112 26
60 114 67
60 116 1
60 118 5
60 120 5
60 121 17
60 123 39
60 124 53
60 125 66
60 126 95
60 131 37
60 138 79
60 139 63
60 140 31
60 149 87
60 150 85
61 62 92
61 65 21
61 66 77
61 67 38
61 69 42
61 71 58
61 76 18
61 77 30
61 78 31
61 80 30
61 81 14
61 83 40
61 84 37
61 86 5
61 89 14
61 92 7
61 93 56
61 94 74
61 95 74
61 101 92
61 106 86
61 107 82
61 111 7
61 112 49
61 113 14
61 116 37
61 123 63
61 126 84
61 127 86
61 132 68
61 138 72
61 139 60
61 142 55
61 143 98
61 148 15
61 149 10
61 150 13
62 73 44
62 74 37
62 81 96
62 83 28
62 84 17
62 88 90
62 89 4
62 95 98
62 101 81
62 112 18
62 113 68
62 116 47
62 123 78
62 128 89
62 130 10
62 132 72
62 137 35
62 138 22
62 139 98
62 144 84
63 65 36
63 68 7
63 72 86
63 77 70
63 78 32
63 80 81
63 84 95
63 85 50
63 86 30
63 90 47
63 101 86
63 104 22
63 107 52
63 111 67
63 115 86
63 117 11
63 119 91
63 123 33
63 126 36
63 130 2
63 133 47
63 134 45
63 136 77
63 137 89
63 139 86
63 141 42
63 142 65
63 148 7
63 149 20
64 68 65
64 69 69
64 71 8
64 73 34
64 74 24
64 75 7
64 78 87
64 80 69
64 85 35
64 87 88
64 89 61
64 91 25
64 95 38
64 96 15
64 97 10
64 98 53
64 99 40
64 102 100
64 104 87
64 105 54
64 106 43
64 111 67
64 113 33
64 115 82
64 119 22
64 120 91
64 121 75
64 122 51
64 124 1
64 125 100
64 127 54
64 128 41
64 130 17
64 131 11
64 137 21
64 139 9
64 142 30
64 147 82
64 150 54
65 66 44
65 67 69
65 71 32
65 72 27
65 75 97
65 77 98
65 85 9
65 89 7
65 90 2
65 93 35
65 94 43
65 96 25
65 104 69
65 106 70
65 107 100
65 109 64
65 111 64
65 114 93
65 119 2
65 120 83
65 121 77
65 124 6
65 125 100
65 126 87
65 128 56
65 129 14
65 130 9
65 132 91
65 135 46
65 139 40
65 141 12
65 144 54
65 147 92
66 69 24
66 72 76
66 73 17
66 80 82
66 81 69
66 86 37
66 91 38
66 92 81
66 96 83
66 97 78
66 99 70
66 100 32
66 102 8
66 103 49
66 105 33
66 108 98
66 111 52
66 113 29
66 114 72
66 117 57
66 119 57
66 120 76
66 124 66
66 126 53
66 130 11
66 131 99
66 132 40
66 133 17
66 138 57
66 145 17
66 150 26
67 68 97
67 71 84
67 74 5
67 76 23
67 81 56
67 85 52
67 89 65
67 90 98
67 91 80
67 92 69
67 93 20
67 98 16
67 103 45
67 108 22
67 109 47
67 113 70
67 114 39
67 120 93
67 124 92
67 125 9
67 129 47
67 131 50
67 132 79
67 137 96
67 139 3
67 143 80
67 144 78
67 146 27
67 147 57
68 69 87
68 73 53
68 74 99
68 76 2
68 80 59
68 81 52
68 86 74
68 88 44
68 89 43
68 90 15
68 92 99
68 93 56
68 95 46
68 97 77
68 99 70
68 104 30
68 106 1
68 111 87
68 113 43
68 115 1
68 117 26
68 120 61
68 121 46
68 122 18
68 123 94
68 124 1
68 128 32
68 129 83
68 133 70
68 135 41
68 137 17
68 138 67
68 139 12
68 140 64
68 141 65
68 144 34
68 146 15
69 71 45
69 81 83
69 82 82
69 83 23
69 85 6
69 90 46
69 91 83
69 93 6
69 96 13
69 99 37
69 107 24
69 109 83
69 110 89
69 111 48
69 112 38
69 114 81
69 117 24
69 120 83
69 121 65
69 122 77
69 123 9
69 124 29
69 125 29
69 127 28
69 132 50
69 134 41
69 139 55
69 145 2
69 147 15
69 148 96
69 149 100
70 72 83
70 74 1
70 76 55
70 77 67
70 81 16
70 82 75
70 86 46
70 89 96
70 95 89
70 98 4
70 100 77
70 104 91
70 106 91
70 107 68
70 111 44
70 113 77
70 115 56
70 118 46
70 119 54
70 120 12
70 122 31
70 123 28
70 124 100
70 125 3
70 126 53
70 129 80
70 132 44
70 133 10
70 135 5
70 137 68
70 138 40
70 139 11
70 141 42
70 142 37
70 146 60
70 147 16
70 149 34
71 73 87
71 81 91
71 83 52
71 85 1
71 92 52
71 93 56
71 98 64
71 99 54
71 105 52
71 106 63
71 107 15
71 109 20
71 110 79
71 112 10
71 113 59
71 116 91
71 117 55
71 118 12
71 121 72
71 125 12
71 129 18
71 130 65
71 132 17
71 133 83
71 135 43
71 138 67
71 140 22
71 141 72
71 147 36
71 149 56
72 74 93
72 75 100
72 77 28
72 78 55
72 85 50
72 87 75
72 89 92
72 93 27
72 96 45
72 101 27
72 102 22
72 106 86
72 107 14
72 110 9
72 113 18
72 114 2
72 117 100
72 125 34
72 128 93
72 130 70
72 132 96
72 133 69
72 134 91
72 135 69
72 138 13
72 141 96
72 142 89
72 148 61
72 149 29
72 150 83
73 74 56
73 77 1
73 79 62
73 82 96
73 85 45
73 87 27
73 89 72
73 90 84
73 91 18
73 92 57
73 93 50
73 94 22
73 95 38
73 96 51
73 97 55
73 99 59
73 100 73
73 102 40
73 106 25
73 109 54
73 110 75
73 112 67
73 113 29
73 114 51
73 117 4
73 122 45
73 123 53
73 124 64
73 125 62
73 126 33
73 128 16
73 130 19
73 132 20
73 134 19
73 135 5
73 136 8
73 141 72
73 143 7
73 147 89
73 148 74
74 76 89
74 79 23
74 80 60
74 81 80
74 89 2
74 90 96
74 91 84
74 95 58
74 96 87
74 97 22
74 100 41
74 101 100
74 104 90
74 105 61
74 106 68
74 108 95
74 109 95
74 123 87
74 125 59
74 126 68
74 128 16
74 132 23
74 133 91
74 136 8
74 139 28
74 143 29
74 145 55
74 146 77
74 148 68
74 150 79
75 77 55
75 80 26
75 92 49
75 93 27
75 94 3
75 96 93
75 98 34
75 101 86
75 106 26
75 108 85
75 109 42
75 110 2
75 111 43
75 114 19
75 115 2
75 118 49
75 120 33
75 124 78
75 125 26
75 126 60
75 128 2
75 131 46
75 135 66
75 136 23
75 138 6
75 139 100
75 145 36
75 146 100
75 150 49
76 77 23
76 81 93
76 82 11
76 84 99
76 85 84
76 93 4
76 94 93
76 95 15
76 99 47
76 101 14
76 108 31
76 110 48
76 114 5
76 115 73
76 116 24
76 119 81
76 122 30
76 124 37
76 125 32
76 126 76
76 128 10
76 130 100
76 136 78
76 140 10
76 141 46
76 142 54
76 143 10
76 144 62
76 145 78
76 147 76
76 149 17
76 150 91
77 78 3
77 79 91
77 83 35
77 84 32
77 87 66
77 88 79
77 93 97
77 94 78
77 95 67
77 99 64
77 102 3
77 103 63
77 104 39
77 109 93
77 110 19
77 113 92
77 116 55
77 119 85
77 120 62
77 121 10
77 122 82
77 123 73
77 124 64
77 125 91
77 127 94
77 130 18
77 131 3
77 138 56
77 139 17
77 140 17
77 145 98
77 147 35
77 148 26
77 150 85
78 79 91
78 91 34
78 94 31
78 96 13
78 102 55
78 104 47
78 105 33
78 107 36
78 109 42
78 110 19
78 113 62
78 114 75
78 115 37
78 118 25
78 121 57
78 122 5
78 123 17
78 124 68
78 125 2
78 128 54
78 129 1
78 134 80
78 137 21
78 138 99
78 141 40
78 142 92
78 149 11
78 150 51
79 80 42
79 82 93
79 83 11
79 91 71
79 92 68
79 96 39
79 97 95
79 101 70
79 109 38
79 110 69
79 113 35
79 117 83
79 121 92
79 123 67
79 124 7
79 125 86
79 138 65
79 139 76
79 144 97
79 147 97
79 150 7
80 81 92
80 83 96
80 84 67
80 85 52
80 86 82
80 88 98
80 89 98
80 92 49
80 99 4
80 100 91
80 102 37
80 103 72
80 106 91
80 109 96
80 111 90
80 112 85
80 116 8
80 120 38
80 121 64
80 122 32
80 123 12
80 125 56
80 126 48
80 130 65
80 132 72
80 134 67
80 136 91
80 138 65
80 140 37
80 144 8
80 146 52
80 148 21
80 150 98
81 82 65
81 86 29
81 88 21
81 89 60
81 90 44
81 93 84
81 94 93
81 97 26
81 100 40
81 101 38
81 103 60
81 105 16
81 106 3
81 107 76
81 109 75
81 111 25
81 112 39
81 113 20
81 116 74
81 117 82
81 118 13
81 125 16
81 126 6
81 130 18
81 133 7
81 135 43
81 138 6
81 140 49
81 144 93
81 146 21
81 149 69
82 88 60
82 90 76
82 92 26
82 97 83
82 98 54
82 99 43
82 100 31
82 101 100
82 103 21
82 105 21
82 106 53
82 107 52
82 113 54
82 117 69
82 119 37
82 120 100
82 121 54
82 127 85
82 128 89
82 131 67
82 133 35
82 135 85
82 139 25
82 140 4
82 144 48
82 146 55
82 148 3
83 84 50
83 85 16
83 86 72
83 98 76
83 99 85
83 101 19
83 103 78
83 105 29
83 107 40
83 108 93
83 111 5
83 113 97
83 118 66
83 122 60
83 123 68
83 124 60
83 126 65
83 127 96
83 128 58
83 129 77
83 130 29
83 137 5
83 142 32
83 143 74
83 144 75
83 148 9
83 149 52
84 85 97
84 86 71
84 87 11
84 90 46
84 91 31
84 92 76
84 93 85
84 94 86
84 95 44
84 97 62
84 99 31
84 103 24
84 106 21
84 109 26
84 110 55
84 111 44
84 113 33
84 114 3
84 115 85
84 119 45
84 120 20
84 130 82
84 131 98
84 134 7
84 138 60
84 140 79
84 142 25
84 143 64
84 147 6
84 149 93
85 86 1
85 87 46
85 88 46
85 97 61
85 99 40
85 104 15
85 106 81
85 112 19
85 114 90
85 116 96
85 119 96
85 120 50
85 121 92
85 127 78
85 129 57
85 137 83
85 141 92
85 142 68
85 143 32
85 148 26
85 150 22
86 88 81
86 91 72
86 92 52
86 95 98
86 97 79
86 100 31
86 103 23
86 105 11
86 106 65
86 109 26
86 110 33
86 112 50
86 114 83
86 117 88
86 118 29
86 119 33
86 120 10
86 122 30
86 126 71
86 128 1
86 129 74
86 130 39
86 133 89
86 135 59
86 136 54
86 137 45
86 138 83
86 140 25
86 141 28
86 144 56
86 146 89
86 147 64
86 148 39
87 91 56
87 92 63
87 94 73
87 98 59
87 100 46
87 102 61
87 103 76
87 107 61
87 112 26
87 114 34
87 120 80
87 121 90
87 124 48
87 125 59
87 126 16
87 127 88
87 128 40
87 131 31
87 134 16
87 136 100
87 137 81
87 141 11
87 142 40
87 143 70
87 149 83
87 150 55
88 91 24
88 92 22
88 94 2
88 100 60
88 102 12
88 105 63
88 106 97
88 110 86
88 113 38
88 114 70
88 115 22
88 119 24
88 120 34
88 122 62
88 123 51
88 125 58
88 130 71
88 133 4
88 134 60
88 135 60
88 139 64
88 146 26
88 150 67
89 90 50
89 91 37
89 95 91
89 97 87
89 98 87
89 101 36
89 102 57
89 105 70
89 108 94
89 111 39
89 112 72
89 115 40
89 117 8
89 120 75
89 122 83
89 127 77
89 128 87
89 135 93
89 136 41
89 139 27
89 142 53
89 143 97
89 147 64
89 148 32
89 150 3
90 95 32
90 97 86
90 98 59
90 104 31
90 107 37
90 108 72
90 116 62
90 117 93
90 122 69
90 124 68
90 125 12
90 130 12
90 131 18
90 134 100
90 138 85
90 139 79
90 144 40
90 146 19
90 147 79
90 148 30
91 95 53
91 98 63
91 99 48
91 101 41
91 103 3
91 108 29
91 111 69
91 117 54
91 119 27
91 120 79
91 123 71
91 124 35
91 126 11
91 127 19
91 128 48
91 132 65
91 140 11
91 142 93
91 143 72
91 145 20
91 148 24
92 99 37
92 102 96
92 107 69
92 111 20
92 112 66
92 113 24
92 118 23
92 119 7
92 120 90
92 123 23
92 126 82
92 127 21
92 129 71
92 130 19
92 131 15
92 134 31
92 137 18
92 138 54
92 139 50
92 142 62
92 148 43
93 94 74
93 96 60
93 100 8
93 101 63
93 102 50
93 103 86
93 107 3
93 109 72
93 110 41
93 117 2
93 118 94
93 121 61
93 122 10
93 123 26
93 124 17
93 125 57
93 127 42
93 137 67
93 145 43
93 147 33
93 148 91
94 95 98
94 99 14
94 100 91
94 101 59
94 103 69
94 107 78
94 108 25
94 109 4
94 110 98
94 113 38
94 116 12
94 117 91
94 119 98
94 123 69
94 124 72
94 125 37
94 127 36
94 128 42
94 129 2
94 130 51
94 131 96
94 133 37
94 135 63
94 137 98
94 138 65
94 142 63
94 145 93
94 146 82
94 147 55
94 149 87
94 150 47
95 97 72
95 99 31
95 104 73
95 105 38
95 106 25
95 107 15
95 108 42
95 111 34
95 115 10
95 117 70
95 120 2
95 123 9
95 127 96
95 132 67
95 135 5
95 144 80
95 146 68
95 148 52
96 105 44
96 106 10
96 107 94
96 109 58
96 111 88
96 113 79
96 114 62
96 115 92
96 116 64
96 121 73
96 123 88
96 126 96
96 129 39
96 136 29
96 137 51
96 143 60
96 144 84
96 145 68
96 146 70
96 148 75
96 149 48
96 150 44
97 98 9
97 105 42
97 106 64
97 120 10
97 123 91
97 124 18
97 127 31
97 128 4
97 133 96
97 134 77
97 135 80
97 137 49
97 138 59
97 139 41
97 141 4
97 145 22
97 146 68
97 150 24
98 102 72
98 104 41
98 106 53
98 107 7
98 109 65
98 110 82
98 112 94
98 113 66
98 114 95
98 116 20
98 119 64
98 120 15
98 123 72
98 126 10
98 129 4
98 130 56
98 131 84
98 133 92
98 134 90
98 136 51
98 140 1
98 148 20
98 149 7
99 100 87
99 101 44
99 102 8
99 106 26
99 110 72
99 112 25
99 113 9
99 116 1
99 122 32
99 124 80
99 128 31
99 130 62
99 134 72
99 139 14
99 142 82
99 143 17
99 144 64
99 150 38
100 107 39
100 108 62
100 109 24
100 112 33
100 116 68
100 118 61
100 121 48
100 122 58
100 123 65
100 124 54
100 128 62
100 129 58
100 130 11
100 132 24
100 134 65
100 136 97
100 139 94
100 140 52
100 142 85
100 143 47
100 144 46
100 145 92
100 146 78
100 150 30
101 102 36
101 103 92
101 110 34
101 111 13
101 112 50
101 113 10
101 114 94
101 115 100
101 116 47
101 118 21
101 119 8
101 122 24
101 124 50
101 128 35
101 135 9
101 136 99
101 140 16
101 143 28
101 144 46
101 145 85
101 146 21
102 105 14
102 108 88
102 115 95
102 118 5
102 119 29
102 122 100
102 124 41
102 125 62
102 127 58
102 131 83
102 132 55
102 133 66
102 138 25
102 140 19
102 148 11
102 149 81
103 105 64
103 111 50
103 117 60
103 118 54
103 120 64
103 121 13
103 122 10
103 126 29
103 128 25
103 145 5
103 146 62
103 147 6
103 148 88
103 149 83
104 106 90
104 109 9
104 110 28
104 112 33
104 113 23
104 116 92
104 117 18
104 121 5
104 123 7
104 137 74
104 139 98
104 144 53
104 148 70
105 106 10
105 109 52
105 114 78
105 117 21
105 121 69
105 125 68
105 127 99
105 131 80
105 133 5
105 135 45
105 143 47
105 144 62
106 107 83
106 108 29
106 112 33
106 113 15
106 115 56
106 117 74
106 120 14
106 121 66
106 123 19
106 125 88
106 127 55
106 128 51
106 130 70
106 132 22
106 134 56
106 135 68
106 137 53
106 139 96
106 140 31
106 141 75
106 143 100
106 150 89
107 111 96
107 113 27
107 115 50
107 119 21
107 123 87
107 124 10
107 126 73
107 129 3
107 131 28
107 135 96
107 136 75
107 140 34
107 142 10
107 143 39
107 146 43
107 149 71
108 109 91
108 110 50
108 111 36
108 114 13
108 116 60
108 118 4
108 120 89
108 121 49
108 123 9
108 125 87
108 128 40
108 129 78
108 132 37
108 133 56
108 134 92
108 136 33
108 137 89
108 139 64
108 142 26
108 146 57
108 149 2
109 111 96
109 112 59
109 115 38
109 123 50
109 124 86
109 131 28
109 134 30
109 138 21
109 140 84
109 142 34
109 144 59
109 145 62
109 147 80
109 150 78
110 111 24
110 112 15
110 113 43
110 114 60
110 115 32
110 120 19
110 121 1
110 122 88
110 124 9
110 132 73
110 133 48
110 134 55
110 135 18
110 138 32
110 139 90
110 140 70
110 146 89
111 112 1
111 116 10
111 118 51
111 120 81
111 122 51
111 123 53
111 125 17
111 127 54
111 129 58
111 131 38
111 138 15
111 139 76
111 141 13
111 142 98
111 145 55
111 146 7
111 147 85
112 113 91
112 114 84
112 116 95
112 118 2
112 119 45
112 121 12
112 122 91
112 128 77
112 131 66
112 132 82
112 133 43
112 135 8
112 138 18
112 140 88
112 141 94
112 145 33
113 116 24
113 118 22
113 120 52
113 122 28
113 123 36
113 124 57
113 126 43
113 131 86
113 135 28
113 136 54
113 139 58
113 142 32
113 144 36
113 145 55
113 146 99
113 148 94
113 149 4
114 116 95
114 119 1
114 120 87
114 128 83
114 136 82
114 139 39
114 141 58
114 143 62
114 145 7
114 147 21
114 149 16
115 126 54
115 129 9
115 135 74
115 137 65
115 138 49
115 139 40
115 148 26
115 149 91
115 150 4
116 119 43
116 123 73
116 124 73
116 125 87
116 127 48
116 129 63
116 133 86
116 136 92
116 138 45
116 144 95
116 145 27
116 146 42
117 121 75
117 122 93
117 126 2
117 128 13
117 131 57
117 133 11
117 134 5
117 140 47
117 141 96
117 148 71
117 149 41
118 119 35
118 123 76
118 124 85
118 125 67
118 132 92
118 134 75
118 135 34
118 136 66
118 137 82
118 141 58
118 142 84
118 146 57
118 149 18
118 150 65
119 123 94
119 129 100
119 130 72
119 134 69
119 135 47
119 137 30
119 138 66
119 143 92
119 145 39
119 146 55
119 148 13
119 149 78
120 122 43
120 123 69
120 125 92
120 129 87
120 131 83
120 133 33
120 135 3
120 136 15
120 137 93
120 138 9
120 139 76
120 142 40
120 144 74
120 145 98
120 150 91
121 122 79
121 123 52
121 124 30
121 125 25
121 127 85
121 128 17
121 131 13
121 134 25
121 135 81
121 137 77
121 138 95
121 139 44
121 140 22
121 142 56
121 143 5
121 146 35
121 148 56
122 132 32
122 133 43
122 134 62
122 135 76
122 138 5
122 146 5
122 147 66
122 148 41
122 150 60
123 124 64
123 125 6
123 129 27
123 131 68
123 133 53
123 134 96
123 141 24
123 147 8
123 149 20
124 126 16
124 127 74
124 129 40
124 130 82
124 132 83
124 133 5
124 136 23
124 138 34
124 139 32
124 143 16
124 144 58
124 146 73
124 147 37
124 150 77
125 128 38
125 130 52
125 143 34
125 147 24
125 148 82
126 127 69
126 131 29
126 132 16
126 136 70
126 137 14
126 141 81
126 144 36
126 145 74
126 147 43
126 148 34
127 131 4
127 132 20
127 142 68
127 144 94
127 150 76
128 129 10
128 135 39
128 138 74
128 139 25
128 140 91
128 142 85
128 143 12
128 145 32
128 146 40
128 148 98
129 130 20
129 131 37
129 132 46
129 134 82
129 137 73
129 138 56
129 139 6
129 140 63
129 145 30
129 148 19
130 131 56
130 132 97
130 135 69
130 137 15
130 138 100
130 139 68
130 140 1
130 141 79
130 144 64
130 148 42
130 150 68
131 138 83
131 140 84
131 145 16
131 146 75
131 148 14
131 149 32
132 136 2
132 140 37
132 143 89
132 147 68
132 149 71
133 136 53
133 138 27
133 140 35
133 142 98
133 144 21
133 147 56
133 148 63
133 149 79
133 150 46
134 137 63
134 139 57
134 140 48
134 141 68
134 143 32
134 147 93
134 148 9
134 150 72
135 138 74
135 139 25
135 141 95
135 144 57
136 138 9
136 141 92
136 143 47
136 145 67
136 147 33
136 148 81
137 138 70
137 140 29
137 145 88
138 139 33
138 144 51
138 145 60
138 146 4
138 147 34
139 142 59
139 146 56
139 149 22
140 144 73
140 146 9
140 150 90
141 142 42
141 143 67
141 146 75
141 149 8
141 150 100
142 143 38
142 144 87
142 145 53
142 148 43
142 149 49
142 150 49
143 146 55
143 147 65
143 149 29
144 145 30
144 146 87
144 149 46
144 150 21
145 149 63
145 150 38
146 148 95
147 149 95
147 150 7
148 150 31
149 150 57
1 2 77
1 3 52
1 5 15
1 7 31
1 9 38
1 10 43
1 11 20
1 12 36
1 13 94
1 15 4
1 16 80
1 19 91
1 21 53
1 28 11
1 30 95
1 33 82
1 36 1
1 38 30
1 39 89
1 40 26
1 41 23
1 44 68
1 48 7
1 49 72
1 50 66
1 51 71
1 52 31
1 55 74
1 58 63
1 63 68
1 64 4
1 65 69
1 66 57
1 69 98
1 70 14
1 74 83
1 76 24
1 79 67
1 80 49
1 81 41
1 84 94
1 85 18
1 86 9
1 88 43
1 90 32
1 95 58
1 96 21
1 98 86
1 102 88
1 104 100
1 105 12
1 106 85
1 108 33
1 109 25
1 110 50
1 111 26
1 116 16
1 118 54
1 120 55
1 123 76
1 126 43
1 127 68
1 133 75
1 136 45
1 140 81
1 144 96
1 146 27
1 148 61
1 150 97
2 7 69
2 10 38
2 11 25
2 13 74
2 16 11
2 20 4
2 23 10
2 24 34
2 27 62
2 28 82
2 34 18
2 35 26
2 39 16
2 40 24
2 43 67
2 46 36
2 54 25
2 57 38
2 58 77
2 60 43
2 66 47
2 68 14
2 69 25
2 71 69
2 73 99
2 75 47
2 76 57
2 86 31
2 87 24
2 90 19
2 91 54
2 101 74
2 103 31
2 104 72
2 105 35
2 106 80
2 107 42
2 111 20
2 122 57
2 123 53
2 128 9
2 129 25
2 137 43
2 145 72
2 148 49
3 6 49
3 9 69
3 11 5
3 15 35
3 21 65
3 22 24
3 25 53
3 27 55
3 31 45
3 32 96
3 34 25
3 35 71
3 38 73
3 39 10
3 40 85
3 41 85
3 43 66
3 48 34
3 51 97
3 52 17
3 53 79
3 56 33
3 57 98
3 61 95
3 62 85
3 64 99
3 68 66
3 69 4
3 73 46
3 77 8
3 80 53
3 83 91
3 84 58
3 86 49
3 90 54
3 92 66
3 95 7
3 96 2
3 98 43
3 99 40
3 100 98
3 101 3
3 115 94
3 116 57
3 117 3
3 120 78
3 126 15
3 129 51
3 131 60
3 132 88
3 138 59
3 139 84
3 140 55
3 142 81
3 144 44
3 146 43
3 148 14
3 150 11
4 5 42
4 6 53
4 9 45
4 18 49
4 26 36
4 29 36
4 31 39
4 43 5
4 47 71
4 55 74
4 56 71
4 61 39
4 62 94
4 63 48
4 66 32
4 70 70
4 72 2
4 73 19
4 74 19
4 75 33
4 76 87
4 78 33
4 79 20
4 82 79
4 86 85
4 87 28
4 88 32
4 94 3
4 95 54
4 98 23
4 100 59
4 104 79
4 105 53
4 108 54
4 112 92
4 113 17
4 115 80
4 117 99
4 119 48
4 120 78
4 123 50
4 126 91
4 129 90
4 131 92
4 132 31
4 135 83
4 137 67
4 138 34
4 141 62
4 142 25
4 143 23
4 145 42
4 146 47
4 147 41
4 148 28
4 149 66
5 6 37
5 7 73
5 10 94
5 13 70
5 15 10
5 17 90
5 22 82
5 28 63
5 34 42
5 35 98
5 36 1
5 39 99
5 44 84
5 45 63
5 46 80
5 53 25
5 55 83
5 57 98
5 58 21
5 61 22
5 65 70
5 70 28
5 73 33
5 74 96
5 78 87
5 86 83
5 87 39
5 90 42
5 94 61
5 95 25
5 96 81
5 97 12
5 99 90
5 112 17
5 114 28
5 118 52
5 122 48
5 124 42
5 127 94
5 128 93
5 132 13
5 133 31
5 134 30
5 138 13
5 140 72
5 143 61
5 144 45
5 150 21
6 9 86
6 10 5
6 11 70
6 13 28
6 16 94
6 17 69
6 22 92
6 24 71
6 25 58
6 26 2
6 27 82
6 29 91
6 30 92
6 33 86
6 35 4
6 36 4
6 37 50
6 38 20
6 39 74
6 40 81
6 41 77
6 48 54
6 51 46
6 52 8
6 53 1
6 54 98
6 58 94
6 62 96
6 63 72
6 65 36
6 67 47
6 69 3
6 73 70
6 74 72
6 75 48
6 78 24
6 81 88
6 82 42
6 84 79
6 87 66
6 89 46
6 92 20
6 93 76
6 94 31
6 95 65
6 96 32
6 103 60
6 104 3
6 105 54
6 112 66
6 116 8
6 119 13
6 120 3
6 121 54
6 122 99
6 126 83
6 129 2
6 130 23
6 131 85
6 135 84
6 137 51
6 138 84
6 139 13
6 141 8
6 146 3
6 150 14
7 12 91
7 15 85
7 18 6
7 19 26
7 20 99
7 22 47
7 32 89
7 34 21
7 37 84
7 44 25
7 46 12
7 47 2
7 48 44
7 50 71
7 52 49
7 53 29
7 55 42
7 57 6
7 58 15
7 62 4
7 64 52
7 66 18
7 67 99
7 72 77
7 73 18
7 74 25
7 75 37
7 80 79
7 82 27
7 85 30
7 88 67
7 89 65
7 91 92
7 93 38
7 98 35
7 101 84
7 103 56
7 105 28
7 110 82
7 111 4
7 113 78
7 114 85
7 118 54
7 124 35
7 126 42
7 131 17
7 136 1
7 137 58
7 139 5
7 140 23
7 141 12
7 142 22
7 149 82
7 150 6
8 9 36
8 11 59
8 12 76
8 13 74
8 15 47
8 17 50
8 18 59
8 19 74
8 21 88
8 24 46
8 26 42
8 27 12
8 33 67
8 34 93
8 41 33
8 42 38
8 43 68
8 44 55
8 48 71
8 50 6
8 56 8
8 58 10
8 61 54
8 62 98
8 64 73
8 65 28
8 66 20
8 72 84
8 74 49
8 75 57
8 77 28
8 78 51
8 79 3
8 85 67
8 89 78
8 92 56
8 94 47
8 96 98
8 98 34
8 100 20
8 104 61
8 108 50
8 109 24
8 113 57
8 114 6
8 118 25
8 120 73
8 127 78
8 128 86
8 134 23
8 140 39
8 143 14
8 149 33
9 12 47
9 16 1
9 17 66
9 19 43
9 20 98
9 21 60
9 22 93
9 24 54
9 29 6
9 30 88
9 35 72
9 37 54
9 39 83
9 40 9
9 41 56
9 42 21
9 43 56
9 44 90
9 48 81
9 50 25
9 56 55
9 60 47
9 62 63
9 63 77
9 65 42
9 66 15
9 68 56
9 71 58
9 72 80
9 73 92
9 75 39
9 76 3
9 77 27
9 80 95
9 84 7
9 87 17
9 91 66
9 103 23
9 105 78
9 109 33
9 112 77
9 114 46
9 119 48
9 120 45
9 123 58
9 124 9
9 125 71
9 127 98
9 128 75
9 137 25
9 138 66
9 140 34
9 142 89
9 145 45
10 11 71
10 13 47
10 15 25
10 18 57
10 20 58
10 26 2
10 30 73
10 33 89
10 36 14
10 39 18
10 40 49
10 42 21
10 44 37
10 45 47
10 46 10
10 48 88
10 50 79
10 52 45
10 54 57
10 58 56
10 60 3
10 61 68
10 63 48
10 72 99
10 73 36
10 74 48
10 78 43
10 81 35
10 83 53
10 86 38
10 87 69
10 88 79
10 90 43
10 92 39
10 94 94
10 95 99
10 96 6
10 98 81
10 104 99
10 105 25
10 109 18
10 114 19
10 115 89
10 117 77
10 122 12
10 128 56
10 132 53
10 133 27
10 138 58
10 139 18
10 143 45
10 144 57
10 145 25
11 13 76
11 14 37
11 16 4
11 18 57
11 24 5
11 29 8
11 32 85
11 35 62
11 38 94
11 40 4
11 41 3
11 46 38
11 48 98
11 49 44
11 54 76
11 60 23
11 62 5
11 65 94
11 66 14
11 70 10
11 73 80
11 75 40
11 80 89
11 82 37
11 84 46
11 86 96
11 89 45
11 94 65
11 96 95
11 97 25
11 99 54
11 100 44
11 107 29
11 110 100
11 111 46
11 115 67
11 117 57
11 118 95
11 124 52
11 126 21
11 127 98
11 128 39
11 130 56
11 131 61
11 134 40
11 137 14
11 138 92
11 141 73
11 143 10
11 147 43
11 148 6
11 149 72
11 150 66
12 13 16
12 16 51
12 18 14
12 21 53
12 30 95
12 31 88
12 34 7
12 35 13
12 36 15
12 46 30
12 48 42
12 55 59
12 57 66
12 59 93
12 62 21
12 65 11
12 66 72
12 68 75
12 69 46
12 75 75
12 76 87
12 80 99
12 82 59
12 83 68
12 84 72
12 89 26
12 90 1
12 93 100
12 95 38
12 96 74
12 97 83
12 98 19
12 100 34
12 102 98
12 103 81
12 110 6
12 113 26
12 114 42
12 115 56
12 119 91
12 121 82
12 123 83
12 125 54
12 128 38
12 131 52
12 133 45
12 138 27
12 141 37
12 142 55
12 143 22
12 149 52
13 15 50
13 16 64
13 24 77
13 30 71
13 33 39
13 36 98
13 39 66
13 40 62
13 41 17
13 45 69
13 46 86
13 51 100
13 53 4
13 56 36
13 59 12
13 60 2
13 61 86
13 62 54
13 63 100
13 68 42
13 71 20
13 73 61
13 74 22
13 75 24
13 76 44
13 77 8
13 80 64
13 83 45
13 85 97
13 87 90
13 88 17
13 91 66
13 96 37
13 97 28
13 98 69
13 99 41
13 101 28
13 103 54
13 104 80
13 105 28
13 110 69
13 112 42
13 115 80
13 118 72
13 123 42
13 127 20
13 128 68
13 131 51
13 133 29
13 138 47
13 139 88
13 144 77
13 146 69
13 148 22
14 15 33
14 17 6
14 18 35
14 20 38
14 27 45
14 28 61
14 30 95
14 32 36
14 34 12
14 39 96
14 43 65
14 45 29
14 54 43
14 60 90
14 63 76
14 64 52
14 65 37
14 66 59
14 70 38
14 72 15
14 73 24
14 87 31
14 88 92
14 89 36
14 95 70
14 102 97
14 106 7
14 109 74
14 111 9
14 112 6
14 113 68
14 114 57
14 115 23
14 118 8
14 123 71
14 125 92
14 126 50
14 127 58
14 128 46
14 129 21
14 131 33
14 134 48
14 135 56
14 137 1
14 138 15
14 141 87
14 143 58
14 149 19
14 150 4
15 16 70
15 24 53
15 28 86
15 29 47
15 33 94
15 35 34
15 38 12
15 43 84
15 46 57
15 47 100
15 52 83
15 59 58
15 62 50
15 67 3
15 69 61
15 71 87
15 75 85
15 76 98
15 83 77
15 86 17
15 87 53
15 88 3
15 89 97
15 91 8
15 94 68
15 102 6
15 106 49
15 107 40
15 109 100
15 110 55
15 111 32
15 114 35
15 115 57
15 118 48
15 122 38
15 123 2
15 125 41
15 126 48
15 127 86
15 131 36
15 133 97
15 134 4
15 135 82
15 136 71
15 139 52
15 141 48
16 17 29
16 18 37
16 19 92
16 20 12
16 22 33
16 23 38
16 27 83
16 28 50
16 30 15
16 34 62
16 35 53
16 37 76
16 38 87
16 40 61
16 42 52
16 45 14
16 46 60
16 48 7
16 52 17
16 54 4
16 58 92
16 63 13
16 65 87
16 68 4
16 72 50
16 73 90
16 75 74
16 77 14
16 79 10
16 81 6
16 83 51
16 91 15
16 92 96
16 93 20
16 95 20
16 96 53
16 97 30
16 98 65
16 105 11
16 107 5
16 109 69
16 112 10
16 113 76
16 115 35
16 116 80
16 117 80
16 118 77
16 120 54
16 122 84
16 123 7
16 126 99
16 129 18
16 133 36
16 134 95
16 135 88
16 139 86
16 140 54
16 141 14
16 144 24
16 149 53
16 150 52
17 19 15
17 20 84
17 27 93
17 30 17
17 32 51
17 33 98
17 34 14
17 35 38
17 38 26
17 39 56
17 41 83
17 42 30
17 43 75
17 44 30
17 48 16
17 49 41
17 51 97
17 52 60
17 56 58
17 57 22
17 62 20
17 63 38
17 67 35
17 69 23
17 70 89
17 73 21
17 74 24
17 75 71
17 76 30
17 77 72
17 83 97
17 89 72
17 90 99
17 92 68
17 94 51
17 95 35
17 98 49
17 100 79
17 104 76
17 105 7
17 108 90
17 110 82
17 115 38
17 116 75
17 117 15
17 118 18
17 119 83
17 120 68
17 123 46
17 124 12
17 127 12
17 129 19
17 143 45
17 144 28
17 150 42
18 19 31
18 38 10
18 40 36
18 43 95
18 45 22
18 49 16
18 50 11
18 53 77
18 54 92
18 60 8
18 61 68
18 62 78
18 63 31
18 68 77
18 69 1
18 71 6
18 73 34
18 75 91
18 78 92
18 79 5
18 82 18
18 84 12
18 88 15
18 92 15
18 95 32
18 99 93
18 101 57
18 102 99
18 104 57
18 105 35
18 110 56
18 115 49
18 118 2
18 119 24
18 122 28
18 123 56
18 125 77
18 126 83
18 127 82
18 131 86
18 139 47
18 140 66
18 142 39
18 145 79
18 147 89
18 149 8
19 21 81
19 22 54
19 25 17
19 27 90
19 28 66
19 29 30
19 32 24
19 36 68
19 39 16
19 43 51
19 44 80
19 45 10
19 46 22
19 51 58
19 53 72
19 54 96
19 55 8
19 58 81
19 59 10
19 63 33
19 64 39
19 65 29
19 67 27
19 68 70
19 71 96
19 72 87
19 84 20
19 85 64
19 87 61
19 88 7
19 91 25
19 100 93
19 106 9
19 108 18
19 109 36
19 115 9
19 116 26
19 121 7
19 122 64
19 123 5
19 129 67
19 130 78
19 133 65
19 134 52
19 135 52
19 139 32
19 143 4
19 148 33
19 149 96
20 22 86
20 23 47
20 24 48
20 27 30
20 31 29
20 32 95
20 33 64
20 34 78
20 40 16
20 44 64
20 45 31
20 46 76
20 49 48
20 50 88
20 51 25
20 55 58
20 57 92
20 58 94
20 67 41
20 69 43
20 70 58
20 71 43
20 72 79
20 74 59
20 75 81
20 80 83
20 81 24
20 83 72
20 87 3
20 90 95
20 91 45
20 94 73
20 95 29
20 98 71
20 100 16
20 101 74
20 104 82
20 110 55
20 111 29
20 113 85
20 120 31
20 121 65
20 123 53
20 124 34
20 132 74
20 133 21
20 134 76
20 139 69
20 140 13
20 143 87
20 145 84
20 147 19
20 150 8
21 22 64
21 27 10
21 30 85
21 33 68
21 34 11
21 36 51
21 37 8
21 38 26
21 42 94
21 43 77
21 50 89
21 53 12
21 56 81
21 57 38
21 62 67
21 63 65
21 64 27
21 65 28
21 67 62
21 73 2
21 79 57
21 81 43
21 82 73
21 83 24
21 84 13
21 87 11
21 88 30
21 90 56
21 91 22
21 93 61
21 96 41
21 100 74
21 101 65
21 103 65
21 110 81
21 113 24
21 117 78
21 120 75
21 121 73
21 123 70
21 126 63
21 132 45
21 134 65
21 139 54
21 142 67
21 143 10
21 144 96
21 149 17
21 150 10
22 23 84
22 24 3
22 25 67
22 26 20
22 27 40
22 28 79
22 30 1
22 32 1
22 33 89
22 36 99
22 37 35
22 38 53
22 44 19
22 45 29
22 48 88
22 50 100
22 52 91
22 56 93
22 59 90
22 61 39
22 68 49
22 70 99
22 73 12
22 74 27
22 75 88
22 79 5
22 85 35
22 88 37
22 91 38
22 93 78
22 95 38
22 103 98
22 104 33
22 105 61
22 107 64
22 109 40
22 110 48
22 111 83
22 114 56
22 115 94
22 117 68
22 123 38
22 124 85
22 129 34
22 130 5
22 131 12
22 136 29
22 137 52
22 142 85
22 143 18
22 144 54
22 147 3
22 148 67
22 149 1
22 150 46
23 25 92
23 31 92
23 32 86
23 33 40
23 36 26
23 40 30
23 41 66
23 43 20
23 44 23
23 45 70
23 49 57
23 50 90
23 57 97
23 58 20
23 62 53
23 64 86
23 65 5
23 66 29
23 67 20
23 69 67
23 70 31
23 72 63
23 78 25
23 80 84
23 81 85
23 87 18
23 88 16
23 91 59
23 92 6
23 95 66
23 98 59
23 99 53
23 101 4
23 103 59
23 104 12
23 107 14
23 110 3
23 113 31
23 115 20
23 116 75
23 117 28
23 119 29
23 120 37
23 121 27
23 122 50
23 125 15
23 126 12
23 130 11
23 133 48
23 135 50
23 136 4
23 139 46
23 143 31
23 146 50
23 149 39
23 150 19
