150 10058 1
1 3 22
1 4 38
1 9 40
1 14 90
1 15 52
1 17 86
1 19 73
1 30 87
1 31 99
1 33 13
1 35 94
1 36 9
1 42 80
1 46 89
1 47 61
1 48 63
1 51 63
1 53 60
1 56 82
1 57 90
1 61 60
1 64 100
1 66 7
1 69 22
1 70 68
1 76 56
1 77 89
1 78 31
1 79 95
1 81 8
1 82 6
1 84 53
1 85 75
1 86 76
1 87 43
1 88 37
1 89 38
1 91 1
1 97 19
1 99 32
1 101 7
1 103 50
1 106 91
1 108 76
1 111 42
1 113 67
1 120 52
1 122 64
1 128 68
1 131 15
1 132 64
1 133 30
1 134 15
1 138 47
1 141 30
1 142 40
1 146 13
1 149 16
1 150 38
2 5 39
2 6 5
2 9 36
2 10 67
2 12 46
2 13 72
2 16 23
2 17 59
2 19 82
2 21 16
2 22 55
2 23 76
2 27 22
2 29 2
2 31 74
2 34 28
2 35 14
2 36 18
2 38 55
2 39 28
2 44 88
2 52 78
2 55 47
2 58 31
2 60 5
2 61 98
2 62 100
2 69 40
2 70 28
2 71 26
2 74 92
2 80 87
2 81 52
2 85 5
2 89 9
2 91 53
2 103 36
2 104 36
2 107 61
2 109 30
2 110 80
2 111 35
2 112 95
2 115 57
2 119 48
2 120 31
2 121 44
2 128 34
2 129 28
2 142 67
2 144 6
2 146 84
2 147 16
2 149 24
2 150 70
3 9 83
3 10 24
3 17 20
3 18 97
3 21 16
3 24 36
3 27 6
3 30 55
3 31 21
3 32 23
3 33 21
3 34 84
3 36 46
3 37 73
3 38 24
3 42 81
3 44 10
3 45 86
3 46 63
3 52 82
3 54 91
3 56 6
3 61 13
3 62 44
3 63 24
3 66 53
3 68 44
3 69 7
3 70 93
3 71 93
3 72 61
3 73 29
3 75 56
3 76 9
3 80 50
3 82 45
3 88 92
3 91 1
3 94 98
3 95 82
3 98 48
3 103 12
3 104 51
3 107 16
3 114 54
3 115 91
3 117 48
3 118 48
3 119 22
3 122 51
3 123 60
3 126 9
3 128 48
3 129 43
3 132 6
3 133 73
3 135 44
3 136 25
3 142 99
3 144 57
3 146 84
3 150 77
4 5 24
4 10 48
4 11 87
4 12 51
4 13 66
4 14 58
4 15 76
4 20 43
4 23 76
4 24 29
4 25 75
4 27 94
4 31 16
4 33 27
4 38 4
4 39 53
4 40 74
4 41 37
4 44 5
4 47 47
4 49 58
4 52 38
4 55 100
4 56 86
4 60 2
4 64 75
4 67 30
4 68 97
4 75 47
4 76 52
4 77 66
4 83 89
4 86 4
4 88 68
4 90 67
4 92 8
4 93 85
4 94 98
4 97 24
4 102 92
4 104 17
4 108 15
4 114 83
4 117 1
4 119 80
4 121 53
4 122 87
4 128 77
4 129 68
4 130 53
4 131 41
4 136 73
4 140 39
4 141 51
4 142 63
4 143 31
4 145 94
4 146 77
5 6 71
5 7 26
5 8 81
5 14 35
5 17 25
5 18 6
5 19 55
5 24 77
5 25 14
5 29 23
5 30 88
5 34 99
5 37 27
5 42 85
5 44 68
5 45 98
5 46 34
5 47 52
5 50 54
5 54 32
5 58 16
5 66 75
5 67 34
5 68 41
5 72 1
5 74 88
5 81 57
5 84 78
5 85 42
5 87 88
5 89 24
5 92 8
5 96 99
5 97 36
5 98 5
5 100 67
5 109 41
5 111 53
5 112 9
5 114 86
5 117 37
5 118 3
5 123 16
5 125 31
5 126 87
5 127 67
5 131 16
5 133 36
5 144 90
6 7 52
6 11 99
6 16 73
6 20 61
6 21 2
6 24 65
6 26 71
6 27 87
6 28 36
6 30 50
6 31 29
6 32 63
6 33 65
6 34 52
6 35 100
6 36 1
6 38 30
6 40 90
6 41 87
6 46 68
6 47 17
6 49 24
6 51 2
6 52 38
6 53 45
6 55 64
6 56 90
6 57 58
6 61 94
6 66 94
6 68 40
6 69 19
6 71 50
6 72 58
6 75 68
6 76 65
6 78 40
6 80 68
6 90 79
6 92 57
6 96 29
6 102 96
6 103 85
6 104 14
6 105 38
6 107 38
6 108 52
6 109 33
6 110 21
6 115 10
6 125 51
6 126 87
6 132 17
6 135 89
6 136 42
6 140 69
6 142 98
6 144 52
7 8 86
7 13 65
7 17 64
7 18 100
7 19 18
7 22 3
7 26 2
7 27 63
7 28 57
7 33 85
7 34 53
7 37 97
7 39 59
7 40 28
7 43 19
7 44 91
7 47 53
7 48 20
7 49 92
7 53 79
7 54 45
7 55 5
7 58 84
7 60 71
7 63 11
7 73 49
7 74 79
7 76 45
7 77 79
7 78 5
7 79 54
7 86 71
7 89 60
7 95 87
7 96 76
7 97 55
7 100 77
7 101 25
7 105 52
7 107 45
7 108 99
7 110 15
7 111 68
7 112 36
7 113 16
7 115 80
7 117 96
7 125 59
7 126 12
7 128 32
7 130 68
7 133 4
7 134 72
7 135 53
7 136 34
7 140 42
7 142 21
7 143 54
7 144 57
7 147 11
7 148 89
7 150 15
8 10 11
8 12 32
8 13 15
8 15 33
8 17 22
8 18 23
8 21 92
8 24 10
8 29 79
8 33 77
8 36 57
8 37 75
8 38 75
8 44 3
8 51 13
8 54 3
8 57 53
8 60 52
8 62 82
8 63 75
8 64 82
8 67 6
8 71 58
8 73 55
8 76 83
8 82 3
8 85 16
8 86 85
8 87 3
8 91 11
8 93 20
8 94 66
8 98 46
8 100 24
8 103 38
8 104 14
8 106 69
8 113 54
8 114 93
8 118 80
8 120 54
8 128 35
8 131 34
8 135 94
8 136 17
8 137 38
8 144 27
8 146 85
8 150 47
9 11 61
9 12 35
9 18 74
9 19 5
9 20 69
9 26 88
9 27 100
9 30 4
9 31 56
9 32 71
9 35 69
9 39 27
9 43 65
9 44 65
9 49 53
9 50 7
9 52 62
9 54 78
9 55 17
9 56 45
9 58 89
9 63 12
9 64 62
9 65 53
9 67 65
9 70 36
9 71 23
9 72 45
9 75 96
9 76 19
9 77 62
9 79 60
9 80 81
9 81 30
9 87 46
9 88 42
9 90 15
9 91 54
9 93 21
9 96 99
9 98 65
9 99 86
9 103 81
9 104 26
9 108 92
9 109 99
9 113 30
9 115 17
9 118 17
9 119 27
9 121 58
9 123 92
9 124 60
9 125 31
9 126 85
9 129 39
9 132 65
9 142 37
9 146 84
9 147 65
10 13 76
10 15 24
10 16 18
10 17 41
10 18 39
10 21 77
10 24 87
10 27 26
10 28 99
10 30 92
10 35 15
10 37 72
10 38 8
10 40 84
10 41 16
10 42 83
10 43 87
10 47 97
10 48 60
10 49 70
10 51 29
10 55 96
10 56 47
10 58 5
10 59 98
10 61 25
10 62 94
10 67 39
10 70 18
10 71 1
10 72 18
10 74 86
10 80 11
10 81 85
10 86 24
10 89 29
10 90 81
10 91 72
10 95 1
10 96 39
10 102 17
10 103 40
10 104 73
10 109 70
10 111 79
10 120 33
10 121 67
10 122 61
10 127 42
10 128 50
10 130 63
10 132 63
10 133 83
10 135 100
10 137 87
10 140 18
10 147 72
10 149 53
10 150 17
11 12 79
11 13 67
11 19 79
11 20 23
11 22 24
11 24 17
11 27 26
11 30 96
11 31 9
11 34 15
11 35 54
11 36 36
11 37 75
11 38 44
11 39 24
11 41 55
11 42 28
11 44 34
11 51 88
11 55 5
11 60 19
11 61 8
11 64 66
11 69 50
11 70 54
11 71 28
11 74 24
11 75 9
11 78 90
11 81 5
11 82 70
11 86 49
11 87 45
11 90 65
11 91 66
11 93 66
11 94 10
11 95 46
11 98 84
11 101 3
11 102 22
11 103 17
11 104 89
11 105 51
11 110 16
11 111 47
11 113 19
11 117 3
11 125 6
11 126 98
11 127 1
11 128 72
11 132 30
11 134 62
11 136 45
11 137 76
11 138 92
11 140 57
11 144 28
11 145 24
11 147 42
11 149 22
12 13 56
12 14 75
12 15 39
12 16 72
12 20 84
12 21 21
12 23 45
12 27 73
12 29 41
12 34 23
12 36 56
12 38 95
12 41 87
12 45 83
12 46 89
12 47 27
12 48 69
12 50 67
12 54 61
12 57 12
12 60 49
12 61 77
12 62 78
12 66 95
12 68 83
12 69 10
12 72 41
12 76 69
12 78 6
12 79 35
12 80 96
12 81 97
12 83 28
12 84 3
12 86 95
12 87 57
12 92 8
12 94 67
12 98 43
12 101 98
12 102 56
12 103 69
12 105 50
12 107 77
12 110 58
12 116 65
12 118 100
12 119 9
12 123 62
12 125 65
12 126 99
12 129 29
12 130 66
12 131 16
12 132 4
12 133 60
12 134 20
12 137 57
12 138 6
12 140 30
12 142 11
12 145 21
13 15 30
13 17 59
13 18 61
13 21 68
13 25 31
13 26 39
13 29 66
13 32 98
13 35 95
13 38 6
13 39 68
13 42 71
13 43 93
13 48 52
13 55 93
13 57 73
13 60 85
13 64 76
13 65 29
13 69 85
13 82 65
13 85 87
13 86 56
13 87 64
13 89 97
13 90 31
13 92 82
13 97 18
13 99 75
13 105 44
13 109 66
13 111 72
13 120 82
13 123 25
13 125 81
13 128 43
13 134 16
13 135 80
13 137 60
13 138 69
13 139 75
13 141 93
13 146 35
13 150 22
14 16 28
14 23 57
14 26 85
14 27 98
14 31 88
14 34 58
14 35 58
14 36 48
14 38 38
14 39 8
14 44 26
14 47 44
14 55 14
14 56 100
14 58 87
14 60 70
14 61 3
14 62 38
14 71 72
14 72 34
14 75 2
14 76 87
14 77 74
14 79 19
14 80 1
14 81 15
14 87 31
14 89 78
14 92 66
14 93 99
14 98 80
14 100 12
14 102 38
14 106 33
14 108 23
14 112 61
14 115 70
14 116 21
14 119 92
14 120 89
14 123 20
14 124 83
14 125 29
14 129 20
14 133 58
14 134 91
14 135 81
14 136 53
14 139 89
14 141 41
14 143 44
14 144 42
14 146 2
14 148 77
15 16 75
15 17 93
15 18 36
15 19 63
15 21 7
15 22 33
15 24 34
15 27 63
15 28 35
15 32 14
15 33 50
15 36 97
15 39 94
15 47 37
15 48 39
15 50 83
15 51 19
15 53 5
15 55 6
15 56 86
15 57 51
15 61 97
15 67 82
15 69 2
15 71 83
15 73 58
15 75 78
15 76 57
15 80 64
15 90 82
15 92 74
15 94 46
15 95 90
15 102 96
15 103 100
15 106 2
15 114 37
15 117 100
15 118 29
15 119 27
15 122 53
15 125 40
15 130 93
15 131 44
15 136 76
15 137 55
15 139 9
15 140 100
15 142 92
15 143 43
15 148 95
16 23 55
16 25 44
16 26 53
16 27 34
16 29 82
16 30 51
16 33 80
16 38 60
16 40 24
16 44 5
16 47 55
16 49 18
16 54 51
16 57 91
16 62 45
16 63 59
16 69 15
16 75 85
16 76 69
16 81 22
16 82 37
16 84 92
16 85 47
16 87 55
16 88 69
16 96 81
16 97 29
16 98 34
16 99 17
16 100 49
16 104 71
16 105 75
16 106 71
16 111 76
16 114 26
16 116 98
16 120 35
16 121 51
16 123 29
16 125 28
16 127 92
16 129 18
16 130 79
16 133 83
16 136 93
16 145 37
17 19 22
17 20 48
17 22 61
17 23 94
17 24 15
17 30 37
17 33 36
17 34 78
17 36 47
17 43 61
17 45 15
17 53 97
17 56 90
17 57 3
17 59 43
17 61 47
17 64 30
17 65 9
17 66 18
17 68 16
17 69 18
17 74 85
17 75 75
17 79 64
17 82 87
17 85 90
17 86 61
17 87 51
17 89 47
17 90 59
17 95 27
17 96 2
17 100 24
17 101 71
17 107 50
17 109 64
17 110 89
17 112 54
17 113 26
17 116 47
17 118 3
17 121 38
17 125 86
17 126 20
17 128 16
17 129 40
17 130 2
17 131 15
17 133 71
17 139 16
17 142 72
17 143 97
17 145 46
17 146 67
17 147 66
17 148 21
17 149 3
17 150 57
18 19 30
18 22 23
18 23 51
18 24 28
18 25 2
18 26 58
18 28 32
18 35 70
18 37 35
18 42 100
18 43 11
18 44 48
18 47 80
18 48 81
18 51 37
18 52 50
18 54 99
18 55 42
18 58 32
18 60 68
18 61 35
18 64 71
18 68 34
18 72 2
18 73 76
18 77 73
18 78 42
18 80 75
18 82 95
18 84 72
18 85 9
18 87 56
18 88 67
18 89 73
18 90 81
18 92 96
18 97 61
18 102 58
18 107 49
18 112 52
18 113 74
18 114 39
18 120 51
18 123 19
18 124 28
18 126 44
18 127 51
18 131 67
18 138 95
18 140 24
18 141 10
18 144 43
18 145 74
18 147 63
18 148 54
18 150 34
19 20 98
19 24 74
19 27 69
19 29 60
19 30 7
19 40 43
19 43 4
19 45 19
19 48 69
19 49 95
19 54 99
19 55 96
19 56 57
19 58 93
19 59 27
19 64 74
19 66 75
19 68 67
19 71 43
19 74 68
19 78 35
19 79 16
19 82 40
19 83 33
19 84 82
19 85 84
19 87 78
19 93 33
19 97 84
19 107 16
19 111 56
19 112 84
19 116 94
19 117 72
19 121 85
19 123 83
19 126 59
19 132 38
19 138 67
19 140 18
19 142 32
19 144 60
19 147 22
19 148 15
20 23 72
20 25 68
20 34 53
20 35 45
20 36 19
20 37 98
20 40 37
20 43 75
20 46 75
20 47 36
20 50 26
20 51 30
20 57 72
20 59 76
20 60 48
20 62 96
20 64 47
20 65 58
20 68 4
20 70 53
20 71 62
20 74 11
20 76 46
20 77 63
20 78 42
20 79 80
20 81 44
20 82 84
20 85 2
20 86 38
20 89 60
20 93 36
20 94 76
20 95 46
20 96 97
20 99 81
20 100 15
20 101 76
20 105 31
20 106 39
20 107 53
20 108 12
20 109 43
20 111 1
20 112 54
20 113 15
20 118 9
20 128 10
20 129 95
20 131 53
20 137 22
20 139 35
20 140 43
20 143 88
20 145 50
20 146 21
20 148 19
20 149 64
21 23 93
21 24 84
21 25 1
21 26 41
21 33 35
21 34 51
21 36 91
21 37 99
21 40 29
21 42 2
21 43 100
21 44 61
21 46 92
21 48 37
21 58 26
21 63 33
21 69 1
21 71 14
21 77 79
21 80 59
21 81 58
21 83 26
21 84 20
21 88 90
21 91 19
21 93 46
21 96 74
21 97 8
21 98 2
21 101 30
21 103 60
21 105 5
21 109 37
21 110 34
21 112 60
21 113 56
21 116 38
21 117 63
21 118 53
21 119 10
21 130 80
21 132 24
21 138 73
21 139 82
21 143 43
21 146 79
22 26 44
22 27 54
22 28 54
22 32 53
22 33 46
22 34 18
22 35 11
22 36 70
22 41 46
22 45 66
22 46 39
22 51 2
22 54 9
22 55 98
22 61 82
22 65 69
22 66 29
22 69 53
22 71 54
22 72 48
22 73 83
22 74 25
22 75 29
22 77 96
22 78 88
22 79 76
22 83 66
22 88 88
22 89 58
22 90 77
22 91 69
22 97 96
22 99 32
22 101 33
22 103 49
22 105 81
22 108 80
22 114 68
22 117 10
22 119 18
22 120 42
22 127 91
22 130 30
22 131 86
22 132 89
22 133 35
22 137 89
22 138 35
22 139 53
22 140 87
22 144 40
22 145 8
22 146 39
22 147 25
22 148 10
22 149 20
23 24 78
23 26 48
23 27 52
23 28 39
23 29 55
23 34 21
23 36 21
23 38 24
23 40 100
23 41 92
23 44 74
23 45 65
23 46 45
23 48 53
23 50 39
23 56 46
23 57 50
23 60 1
23 70 99
23 71 93
23 77 91
23 79 94
23 80 38
23 81 87
23 84 14
23 87 95
23 88 23
23 95 94
23 97 93
23 100 65
23 104 98
23 108 60
23 109 19
23 116 33
23 117 67
23 121 34
23 123 18
23 125 33
23 126 5
23 127 51
23 128 91
23 131 7
23 134 93
23 137 99
23 141 57
23 143 65
23 147 62
23 150 94
24 27 60
24 28 76
24 29 44
24 30 96
24 32 12
24 34 79
24 37 91
24 38 98
24 39 16
24 40 56
24 42 81
24 46 37
24 50 34
24 57 93
24 59 65
24 60 60
24 62 66
24 63 64
24 64 3
24 68 65
24 74 96
24 78 23
24 79 53
24 81 11
24 83 13
24 94 27
24 95 92
24 97 3
24 101 44
24 106 37
24 108 81
24 110 26
24 112 32
24 115 74
24 118 6
24 120 80
24 121 18
24 122 53
24 123 78
24 125 45
24 131 66
24 132 32
24 136 4
24 137 33
24 138 41
24 139 24
24 146 48
24 148 100
24 149 58
25 27 30
25 28 10
25 29 62
25 32 44
25 33 23
25 35 42
25 38 62
25 42 49
25 43 50
25 48 2
25 49 81
25 51 40
25 54 66
25 55 73
25 58 85
25 61 78
25 65 4
25 68 30
25 69 92
25 71 7
25 73 43
25 79 12
25 82 46
25 85 73
25 86 25
25 87 61
25 89 78
25 90 14
25 91 82
25 93 66
25 96 81
25 99 33
25 101 49
25 108 96
25 110 25
25 112 5
25 115 86
25 119 64
25 120 70
25 121 88
25 126 21
25 128 41
25 131 2
25 132 2
25 133 87
25 137 40
25 138 86
25 141 45
25 147 2
25 148 12
26 29 100
26 31 77
26 34 87
26 35 84
26 36 82
26 37 4
26 38 35
26 43 66
26 44 85
26 45 86
26 48 63
26 51 61
26 53 84
26 55 25
26 59 42
26 62 2
26 64 17
26 65 19
26 67 46
26 72 91
26 73 77
26 75 81
26 77 88
26 79 98
26 80 7
26 81 98
26 87 44
26 88 56
26 90 14
26 92 27
26 93 21
26 95 34
26 96 77
26 98 66
26 100 97
26 101 74
26 102 65
26 105 94
26 106 63
26 108 8
26 109 10
26 110 14
26 115 82
26 120 82
26 122 82
26 126 39
26 128 61
26 131 27
26 133 59
26 135 36
26 136 1
26 138 73
26 139 73
26 140 36
26 141 41
26 142 92
26 143 20
26 144 100
26 145 18
26 150 27
27 29 19
27 33 35
27 34 18
27 36 27
27 37 40
27 38 48
27 39 29
27 40 58
27 42 20
27 45 63
27 47 17
27 51 73
27 56 18
27 59 60
27 60 55
27 61 63
27 63 17
27 69 42
27 71 38
27 72 82
27 75 9
27 77 2
27 78 4
27 80 44
27 83 89
27 84 11
27 85 29
27 88 50
27 91 13
27 92 40
27 93 49
27 96 74
27 97 6
27 98 80
27 100 31
27 101 77
27 102 97
27 103 78
27 105 85
27 111 63
27 112 27
27 113 36
27 115 87
27 118 46
27 120 65
27 123 55
27 126 41
27 129 40
27 130 87
27 132 74
27 133 46
27 135 63
27 142 88
27 147 8
27 148 60
27 150 35
28 32 42
28 36 41
28 37 58
28 38 38
28 40 27
28 41 17
28 42 97
28 43 76
28 45 31
28 50 39
28 51 24
28 52 2
28 55 49
28 58 49
28 59 73
28 62 19
28 64 44
28 68 19
28 69 71
28 70 86
28 71 60
28 72 40
28 73 62
28 75 84
28 78 91
28 79 75
28 80 14
28 81 44
28 83 43
28 86 2
28 89 5
28 91 73
28 93 73
28 97 90
28 98 6
28 99 54
28 101 45
28 103 28
28 105 56
28 109 75
28 110 81
28 115 77
28 119 72
28 120 8
28 121 72
28 126 59
28 127 58
28 128 27
28 129 16
28 133 64
28 135 5
28 139 60
28 140 87
28 142 20
28 144 82
28 150 66
29 32 68
29 33 46
29 34 36
29 35 80
29 39 47
29 43 80
29 53 91
29 57 27
29 58 60
29 59 90
29 63 66
29 65 28
29 69 93
29 70 37
29 73 93
29 75 48
29 79 17
29 80 82
29 83 31
29 86 17
29 88 65
29 90 31
29 94 96
29 97 13
29 98 48
29 100 60
29 108 6
29 110 50
29 112 27
29 113 10
29 116 53
29 117 9
29 119 68
29 120 25
29 124 100
29 128 45
29 129 62
29 130 76
29 137 36
29 139 55
29 140 59
29 141 93
29 142 31
29 144 87
29 146 60
29 149 46
29 150 46
30 37 48
30 38 24
30 39 8
30 40 41
30 41 61
30 44 3
30 45 77
30 47 43
30 49 96
30 50 58
30 53 40
30 56 44
30 60 53
30 61 97
30 62 13
30 65 61
30 67 74
30 70 45
30 71 6
30 73 35
30 75 76
30 76 93
30 78 56
30 82 89
30 83 3
30 86 42
30 87 28
30 88 81
30 89 89
30 92 57
30 93 42
30 94 7
30 96 13
30 98 45
30 99 91
30 104 70
30 105 79
30 108 92
30 109 35
30 119 37
30 121 35
30 123 89
30 126 100
30 131 66
30 133 80
30 136 68
30 137 4
30 139 100
30 141 43
30 142 42
30 144 43
30 145 20
30 146 70
31 33 56
31 35 27
31 40 55
31 41 95
31 45 85
31 46 6
31 47 89
31 48 67
31 49 85
31 50 47
31 51 93
31 52 22
31 57 67
31 60 66
31 66 95
31 68 56
31 72 15
31 73 16
31 76 3
31 79 56
31 84 86
31 85 72
31 86 65
31 88 91
31 89 46
31 90 32
31 94 17
31 95 35
31 97 32
31 99 76
31 101 20
31 106 52
31 108 25
31 109 95
31 110 94
31 116 10
31 119 98
31 121 68
31 122 57
31 123 40
31 124 26
31 127 45
31 128 80
31 129 35
31 133 54
31 134 42
31 137 71
31 138 50
31 141 43
31 142 98
31 143 33
31 145 6
31 147 78
31 150 87
32 37 30
32 39 75
32 41 15
32 47 31
32 49 2
32 52 10
32 53 10
32 54 6
32 57 30
32 61 87
32 67 55
32 69 84
32 73 45
32 74 61
32 75 100
32 77 78
32 79 57
32 80 24
32 82 27
32 88 18
32 91 15
32 96 15
32 98 59
32 100 70
32 102 14
32 103 100
32 105 35
32 109 80
32 111 77
32 119 69
32 120 2
32 121 7
32 124 28
32 132 27
32 136 15
32 138 79
32 139 60
32 147 39
32 148 64
32 149 84
33 35 31
33 39 77
33 40 17
33 41 36
33 44 59
33 46 58
33 48 9
33 49 7
33 50 71
33 51 60
33 53 98
33 54 47
33 56 76
33 60 50
33 63 93
33 64 27
33 69 43
33 70 88
33 72 9
33 73 37
33 76 89
33 77 4
33 78 35
33 80 63
33 82 80
33 86 11
33 88 64
33 91 96
33 98 36
33 100 15
33 103 23
33 104 48
33 105 75
33 107 41
33 108 22
33 109 77
33 110 81
33 114 57
33 116 47
33 124 26
33 132 65
33 136 68
33 138 39
33 139 85
34 37 9
34 38 68
34 40 25
34 45 29
34 48 79
34 54 6
34 56 70
34 57 31
34 61 12
34 62 66
34 68 67
34 72 48
34 73 41
34 77 7
34 79 70
34 80 58
34 82 74
34 86 56
34 93 40
34 96 69
34 97 90
34 102 87
34 104 44
34 105 45
34 106 33
34 107 45
34 112 46
34 119 69
34 122 70
34 125 13
34 126 82
34 129 33
34 134 46
34 136 51
34 143 65
34 145 49
34 147 20
34 148 39
35 39 46
35 42 29
35 47 50
35 50 91
35 51 98
35 52 7
35 59 41
35 60 94
35 61 81
35 64 59
35 65 56
35 66 85
35 69 43
35 70 24
35 71 92
35 76 61
35 78 54
35 80 89
35 81 9
35 82 14
35 83 10
35 84 71
35 85 1
35 86 33
35 88 1
35 89 31
35 94 100
35 95 9
35 96 73
35 97 97
35 99 2
35 102 77
35 104 43
35 105 16
35 107 89
35 109 77
35 113 97
35 114 76
35 117 28
35 119 67
35 121 88
35 122 84
35 124 100
35 126 58
35 128 15
35 129 64
35 135 65
35 138 18
35 139 92
35 149 92
36 37 36
36 40 95
36 42 100
36 45 60
36 49 87
36 50 42
36 53 93
36 54 29
36 55 26
36 59 67
36 60 92
36 61 9
36 62 87
36 63 10
36 65 78
36 66 15
36 75 97
36 81 24
36 84 65
36 87 23
36 89 27
36 98 76
36 99 53
36 100 75
36 102 30
36 108 43
36 110 2
36 112 76
36 115 85
36 117 79
36 120 32
36 125 83
36 129 10
36 132 35
36 133 41
36 145 41
36 148 34
36 150 1
37 44 88
37 45 74
37 46 68
37 49 98
37 57 24
37 59 48
37 60 28
37 63 42
37 65 63
37 67 94
37 77 65
37 82 65
37 84 49
37 88 82
37 89 96
37 96 92
37 97 57
37 98 10
37 100 63
37 101 65
37 102 3
37 104 99
37 112 94
37 115 2
37 116 45
37 120 24
37 121 44
37 125 29
37 126 20
37 128 58
37 129 13
37 130 78
37 134 73
37 135 85
37 136 55
37 140 10
37 142 32
37 147 37
37 148 58
37 149 97
38 39 29
38 40 31
38 41 8
38 42 45
38 46 82
38 47 14
38 49 72
38 53 41
38 59 25
38 60 86
38 63 11
38 68 75
38 69 21
38 72 51
38 73 56
38 74 10
38 79 81
38 81 75
38 83 67
38 84 8
38 86 92
38 88 3
38 89 21
38 90 36
38 92 87
38 94 62
38 96 37
38 104 38
38 107 38
38 109 20
38 114 9
38 118 21
38 119 7
38 123 76
38 127 16
38 131 5
38 134 4
38 136 16
38 141 10
38 142 88
38 147 16
38 149 26
38 150 68
39 42 20
39 43 17
39 45 75
39 46 86
39 49 31
39 52 91
39 58 93
39 61 4
39 62 51
39 67 39
39 68 7
39 70 73
39 72 19
39 73 5
39 74 30
39 79 8
39 86 22
39 87 48
39 89 52
39 94 42
39 96 85
39 97 97
39 98 77
39 104 37
39 106 8
39 107 14
39 113 98
39 114 64
39 116 47
39 118 92
39 119 54
39 120 33
39 122 5
39 123 5
39 125 1
39 126 34
39 132 53
39 133 27
39 136 98
39 138 11
39 145 23
39 146 40
39 147 75
39 148 11
40 45 64
40 47 35
40 48 67
40 49 3
40 50 75
40 51 5
40 52 99
40 53 51
40 54 5
40 59 47
40 62 6
40 65 71
40 67 54
40 69 55
40 71 29
40 73 18
40 76 54
40 80 66
40 81 47
40 86 26
40 87 10
40 88 81
40 90 45
40 91 17
40 95 16
40 98 87
40 100 100
40 101 72
40 102 98
40 103 9
40 105 49
40 108 35
40 112 8
40 116 12
40 117 48
40 122 38
40 123 8
40 129 16
40 135 3
40 136 74
40 139 98
40 147 59
40 148 81
40 149 76
40 150 79
41 43 19
41 44 97
41 45 57
41 47 66
41 48 45
41 49 51
41 50 49
41 52 65
41 53 77
41 57 57
41 60 89
41 61 60
41 63 37
41 64 40
41 65 5
41 67 47
41 69 54
41 70 88
41 72 80
41 74 34
41 78 19
41 81 31
41 85 25
41 86 33
41 87 73
41 89 48
41 92 29
41 93 16
41 94 17
41 96 70
41 97 30
41 110 90
41 123 95
41 125 9
41 126 87
41 129 62
41 132 39
41 134 82
41 135 18
41 137 34
41 138 82
41 140 71
41 141 28
41 149 5
42 43 16
42 45 39
42 48 46
42 53 53
42 56 56
42 57 31
42 58 5
42 59 100
42 64 28
42 65 18
42 66 39
42 68 69
42 71 41
42 72 26
42 73 7
42 74 78
42 75 21
42 77 24
42 78 97
42 79 24
42 80 13
42 84 77
42 87 58
42 91 49
42 92 36
42 94 20
42 96 87
42 98 80
42 99 90
42 100 52
42 111 81
42 114 15
42 115 98
42 116 51
42 120 27
42 121 69
42 122 48
42 124 95
42 125 74
42 126 95
42 129 83
42 130 1
42 131 68
42 132 51
42 134 11
42 137 7
42 139 81
42 140 88
42 141 13
42 143 2
43 44 67
43 47 45
43 50 12
43 51 5
43 54 62
43 56 22
43 57 8
43 58 23
43 59 28
43 60 60
43 62 26
43 63 22
43 64 14
43 65 23
43 66 66
43 67 97
43 69 85
43 71 62
43 72 90
43 73 53
43 82 42
43 84 37
43 86 65
43 92 51
43 94 27
43 96 48
43 97 94
43 98 40
43 103 53
43 106 48
43 109 51
43 110 46
43 115 84
43 117 48
43 118 25
43 119 36
43 122 67
43 123 100
43 128 74
43 130 92
43 131 64
43 132 42
43 135 61
43 137 75
43 141 52
43 142 8
43 143 82
43 144 67
43 147 72
44 45 71
44 46 73
44 48 58
44 50 84
44 54 98
44 55 83
44 56 86
44 57 88
44 58 61
44 60 34
44 61 59
44 62 33
44 70 69
44 72 55
44 74 95
44 76 61
44 80 2
44 81 31
44 82 54
44 83 32
44 92 5
44 94 2
44 103 45
44 105 17
44 109 64
44 114 27
44 116 12
44 118 75
44 119 21
44 121 84
44 122 35
44 123 99
44 124 88
44 125 14
44 127 24
44 128 41
44 129 51
44 131 88
44 134 66
44 136 53
44 137 3
44 140 98
44 141 26
44 143 43
44 144 6
44 145 83
44 148 81
45 47 31
45 51 87
45 54 38
45 57 41
45 62 81
45 68 46
45 71 19
45 76 28
45 78 21
45 81 84
45 83 22
45 84 76
45 86 89
45 88 22
45 90 8
45 91 68
45 92 2
45 94 56
45 98 67
45 100 53
45 101 91
45 103 67
45 107 88
45 109 43
45 112 17
45 113 86
45 116 19
45 118 60
45 120 81
45 121 95
45 124 56
45 126 65
45 127 24
45 128 50
45 129 36
45 130 51
45 136 93
45 137 38
45 139 23
45 140 76
45 141 81
45 142 20
45 148 56
45 149 33
46 47 85
46 49 81
46 53 55
46 54 37
46 62 40
46 63 5
46 64 20
46 65 32
46 68 82
46 73 51
46 75 69
46 76 34
46 77 19
46 81 50
46 82 2
46 84 65
46 85 12
46 86 74
46 88 67
46 92 86
46 93 27
46 94 53
46 95 45
46 96 92
46 99 35
46 100 38
46 101 24
46 102 77
46 105 52
46 108 10
46 110 77
46 117 2
46 118 29
46 119 52
46 121 58
46 127 40
46 129 73
46 132 5
46 134 51
46 135 50
46 136 33
46 137 31
46 138 8
46 139 13
46 140 2
46 141 51
46 142 4
46 143 94
46 145 25
46 147 7
46 148 22
46 149 25
47 53 6
47 60 3
47 61 11
47 62 77
47 67 94
47 68 5
47 69 90
47 77 28
47 78 94
47 79 85
47 83 90
47 85 44
47 91 34
47 95 13
47 97 100
47 98 99
47 105 57
47 111 49
47 112 64
47 117 6
47 119 92
47 120 38
47 121 22
47 123 72
47 125 16
47 127 15
47 129 24
47 130 51
47 134 57
47 135 43
47 136 55
47 138 17
47 139 32
47 140 50
47 145 72
47 146 59
47 147 51
47 149 66
47 150 21
48 52 48
48 54 3
48 55 78
48 56 84
48 64 97
48 73 54
48 75 22
48 80 90
48 81 64
48 82 17
48 84 84
48 91 92
48 92 93
48 93 93
48 96 69
48 100 61
48 103 8
48 107 97
48 108 20
48 110 62
48 112 64
48 115 17
48 118 84
48 120 12
48 121 88
48 123 41
48 124 54
48 126 70
48 128 45
48 129 23
48 132 15
48 135 32
48 138 10
48 140 89
48 141 74
48 142 51
48 143 8
48 149 10
49 50 40
49 57 13
49 60 47
49 63 9
49 64 27
49 70 13
49 72 43
49 75 53
49 77 49
49 82 43
49 83 49
49 84 98
49 85 81
49 87 93
49 88 64
49 90 17
49 92 39
49 94 8
49 97 53
49 105 3
49 106 60
49 110 5
49 113 79
49 115 87
49 116 45
49 117 73
49 118 2
49 121 16
49 125 19
49 132 77
49 133 70
49 137 58
49 139 31
49 140 97
49 145 14
49 148 92
50 51 79
50 52 17
50 57 44
50 61 96
50 62 32
50 66 35
50 72 85
50 74 4
50 76 4
50 79 14
50 80 47
50 86 20
50 88 35
50 90 16
50 92 56
50 93 19
50 96 24
50 100 85
50 101 85
50 102 69
50 104 29
50 106 69
50 109 34
50 110 72
50 114 13
50 116 80
50 117 33
50 118 31
50 119 19
50 120 47
50 121 60
50 122 5
50 126 100
50 127 48
50 130 34
50 133 40
50 135 55
50 136 66
50 139 9
50 142 42
50 147 72
51 52 61
51 56 12
51 57 17
51 61 60
51 62 42
51 72 17
51 75 63
51 76 61
51 79 97
51 81 95
51 84 42
51 85 96
51 91 72
51 93 23
51 94 16
51 95 1
51 98 88
51 99 3
51 100 77
51 102 24
51 103 33
51 104 25
51 105 35
51 107 21
51 114 80
51 118 65
51 124 5
51 126 43
51 134 76
51 139 63
51 144 11
51 149 19
51 150 87
52 53 87
52 55 28
52 60 70
52 65 81
52 67 40
52 71 45
52 72 36
52 74 11
52 77 94
52 78 21
52 80 64
52 81 86
52 82 42
52 85 28
52 86 5
52 87 96
52 88 100
52 93 10
52 94 36
52 95 92
52 99 79
52 107 63
52 111 41
52 114 23
52 118 2
52 119 91
52 120 72
52 121 80
52 122 45
52 131 39
52 132 42
52 134 87
52 139 75
52 141 56
52 143 38
52 145 47
52 146 26
52 148 9
52 150 71
53 54 19
53 61 52
53 62 16
53 63 25
53 67 36
53 70 100
53 71 45
53 72 25
53 75 26
53 78 17
53 81 57
53 84 17
53 86 8
53 89 48
53 94 96
53 96 30
53 97 23
53 98 96
53 99 25
53 100 8
53 101 57
53 103 28
53 104 92
53 105 42
53 106 64
53 108 90
53 111 18
53 113 20
53 116 38
53 121 57
53 124 6
53 130 67
53 133 30
53 136 53
53 138 87
53 144 57
53 145 57
53 146 28
53 147 46
53 148 29
53 149 46
54 57 83
54 61 90
54 65 64
54 66 96
54 69 19
54 70 53
54 71 51
54 79 23
54 80 12
54 82 68
54 83 56
54 84 34
54 85 93
54 88 19
54 91 38
54 95 89
54 96 77
54 99 31
54 100 14
54 102 80
54 103 93
54 104 19
54 113 5
54 114 15
54 116 59
54 117 17
54 118 41
54 120 24
54 123 65
54 125 82
54 128 59
54 130 78
54 133 24
54 136 65
54 140 26
54 141 74
54 142 100
54 147 56
55 56 23
55 61 40
55 62 67
55 65 68
55 68 43
55 69 92
55 70 27
55 73 40
55 74 83
55 76 57
55 77 40
55 78 69
55 79 86
55 81 70
55 84 14
55 89 77
55 92 61
55 94 75
55 96 77
55 97 81
55 98 11
55 105 21
55 108 37
55 109 23
55 110 25
55 113 84
55 120 3
55 121 16
55 125 11
55 129 70
55 131 2
55 132 3
55 136 80
55 140 76
55 141 67
55 144 59
55 148 32
55 149 54
56 58 45
56 60 25
56 64 25
56 65 64
56 66 43
56 73 83
56 76 2
56 78 10
56 79 28
56 80 81
56 82 36
56 83 32
56 84 40
56 91 94
56 92 57
56 94 95
56 104 72
56 110 24
56 111 23
56 113 17
56 114 1
56 115 60
56 116 42
56 119 30
56 121 9
56 122 13
56 124 26
56 126 70
56 127 41
56 128 82
56 129 41
56 133 5
56 135 21
56 136 5
56 137 13
56 138 5
56 142 31
56 143 77
56 149 63
56 150 97
57 60 25
57 61 53
57 64 24
57 71 25
57 73 95
57 75 55
57 76 55
57 77 87
57 78 19
57 80 35
57 82 60
57 83 39
57 86 81
57 87 82
57 89 81
57 90 53
57 92 83
57 93 68
57 94 64
57 96 49
57 98 58
57 99 93
57 100 12
57 103 33
57 107 28
57 108 90
57 109 16
57 112 84
57 113 62
57 114 77
57 115 82
57 116 91
57 119 87
57 120 49
57 123 32
57 125 72
57 129 88
57 130 68
57 133 23
57 136 28
57 137 78
57 140 7
57 141 46
57 142 24
57 143 18
57 145 32
57 147 90
57 150 75
58 60 28
58 62 4
58 63 49
58 67 36
58 71 21
58 72 70
58 73 46
58 75 13
58 76 54
58 78 17
58 82 95
58 84 50
58 85 63
58 86 41
58 91 84
58 92 76
58 93 15
58 94 84
58 98 51
58 99 89
58 103 81
58 105 50
58 106 35
58 109 10
58 111 87
58 112 2
58 113 20
58 115 82
58 117 68
58 120 26
58 125 14
58 129 66
58 134 95
58 135 65
58 138 99
58 139 59
58 142 9
58 149 40
59 60 1
59 61 56
59 69 69
59 74 39
59 76 38
59 78 100
59 79 69
59 81 68
59 85 42
59 89 15
59 90 85
59 95 42
59 98 68
59 107 90
59 109 2
59 113 60
59 115 98
59 119 33
59 120 55
59 121 10
59 122 60
59 124 30
59 127 88
59 128 39
59 129 5
59 131 33
59 136 92
59 138 75
59 141 58
59 142 74
59 143 94
59 144 64
59 147 26
60 64 28
60 67 56
60 69 4
60 71 95
60 73 82
60 78 88
60 80 59
60 81 47
60 84 1
60 85 93
60 89 85
60 90 92
60 91 70
60 92 92
60 97 72
60 99 46
60 106 52
60 108 90
60 114 42
60 118 58
60 122 11
60 124 10
60 125 22
60 128 2
60 129 17
60 130 96
60 132 99
60 133 57
60 139 13
60 140 24
60 143 63
61 63 17
61 64 93
61 72 26
61 75 47
61 78 79
61 79 7
61 82 49
61 85 32
61 89 14
61 90 38
61 94 54
61 95 63
61 99 42
61 101 78
61 103 27
61 104 23
61 106 30
61 108 72
61 109 74
61 110 80
61 113 66
61 114 94
61 116 64
61 117 55
61 118 80
61 119 57
61 121 48
61 122 72
61 134 5
61 135 78
61 136 46
61 141 35
61 147 46
61 149 9
61 150 98
62 67 21
62 69 33
62 75 69
62 80 40
62 82 70
62 85 39
62 90 26
62 91 48
62 93 31
62 98 86
62 101 21
62 104 36
62 105 13
62 106 17
62 108 97
62 109 48
62 110 93
62 111 73
62 114 8
62 115 18
62 119 11
62 120 48
62 121 97
62 122 73
62 124 78
62 125 66
62 127 13
62 128 35
62 131 50
62 132 27
62 133 74
62 138 77
62 139 74
62 141 85
62 142 50
62 143 13
62 144 55
62 146 1
62 147 12
62 148 70
63 65 86
63 66 10
63 71 4
63 73 87
63 74 8
63 75 70
63 77 44
63 78 59
63 79 81
63 80 93
63 84 95
63 85 29
63 90 13
63 91 96
63 96 21
63 97 12
63 100 16
63 102 15
63 103 95
63 107 22
63 112 73
63 113 43
63 118 41
63 120 4
63 122 92
63 125 57
63 132 52
63 133 86
63 136 14
63 137 35
63 138 6
63 140 79
63 141 48
64 66 72
64 67 100
64 71 58
64 72 3
64 75 83
64 76 17
64 78 50
64 79 28
64 82 34
64 85 1
64 86 69
64 88 77
64 91 62
64 94 68
64 96 59
64 97 47
64 98 33
64 99 87
64 105 56
64 106 53
64 108 35
64 111 47
64 112 67
64 113 30
64 114 61
64 115 49
64 117 70
64 119 17
64 120 37
64 121 80
64 124 11
64 136 64
64 137 67
64 139 12
64 142 27
64 145 98
64 148 64
64 150 4
65 66 25
65 68 5
65 69 15
65 70 34
65 71 74
65 73 46
65 74 11
65 75 30
65 77 100
65 83 58
65 86 76
65 88 84
65 89 65
65 90 36
65 92 30
65 93 10
65 94 27
65 96 50
65 110 49
65 111 91
65 112 68
65 113 78
65 114 62
65 115 22
65 118 1
65 121 26
65 122 91
65 123 85
65 126 78
65 127 60
65 128 63
65 136 60
65 137 74
65 139 8
65 140 10
65 143 24
65 144 58
65 145 3
65 147 89
65 148 6
65 150 25
66 68 25
66 69 64
66 71 4
66 74 52
66 75 46
66 78 88
66 79 29
66 80 27
66 81 2
66 85 76
66 86 23
66 89 55
66 90 75
66 96 84
66 97 78
66 99 46
66 101 52
66 103 74
66 107 6
66 109 73
66 110 47
66 112 70
66 116 39
66 120 38
66 122 50
66 123 81
66 126 67
66 134 23
66 137 13
66 140 89
66 143 65
66 145 17
66 146 3
66 149 32
67 70 83
67 72 68
67 73 63
67 77 47
67 81 40
67 83 21
67 84 71
67 86 69
67 87 28
67 90 26
67 92 73
67 94 95
67 95 66
67 97 72
67 101 90
67 106 98
67 107 33
67 114 66
67 116 25
67 123 73
67 124 70
67 126 82
67 133 7
67 142 12
67 144 66
67 145 91
67 147 55
67 150 16
68 71 65
68 72 29
68 73 11
68 74 92
68 78 29
68 81 76
68 85 55
68 86 36
68 88 39
68 89 32
68 96 67
68 97 94
68 99 43
68 100 28
68 104 64
68 108 4
68 113 73
68 115 28
68 118 57
68 119 48
68 124 68
68 125 18
68 128 69
68 129 74
68 131 93
68 133 14
68 135 93
68 140 39
68 141 81
68 143 27
68 146 38
69 70 21
69 71 56
69 75 51
69 80 69
69 81 65
69 84 64
69 85 3
69 86 36
69 87 54
69 90 41
69 91 29
69 92 47
69 96 96
69 102 17
69 105 5
69 106 85
69 109 47
69 110 27
69 113 62
69 114 95
69 117 62
69 120 7
69 121 14
69 122 82
69 123 89
69 125 49
69 127 21
69 136 94
69 138 16
69 139 84
69 142 13
69 144 89
69 148 2
69 149 70
70 71 69
70 74 82
70 81 30
70 83 26
70 89 6
70 94 48
70 99 100
70 100 33
70 103 48
70 104 39
70 105 2
70 107 63
70 108 45
70 109 42
70 113 21
70 115 41
70 120 30
70 122 32
70 124 88
70 126 85
70 129 45
70 132 72
70 133 5
70 134 36
70 135 80
70 136 60
70 143 32
70 145 48
70 147 7
70 148 46
70 150 3
71 72 34
71 75 4
71 79 78
71 81 21
71 83 19
71 84 23
71 85 70
71 86 89
71 87 47
71 88 29
71 89 49
71 91 87
71 93 63
71 95 89
71 96 30
71 100 12
71 104 61
71 105 50
71 106 76
71 109 75
71 111 70
71 112 92
71 113 30
71 115 37
71 116 30
71 118 67
71 119 97
71 120 71
71 121 44
71 123 26
71 133 94
71 137 25
71 139 71
71 143 80
71 146 56
72 74 52
72 78 9
72 82 54
72 85 20
72 86 28
72 87 3
72 91 64
72 92 45
72 95 74
72 102 63
72 103 18
72 106 6
72 107 93
72 109 33
72 111 48
72 112 67
72 113 14
72 114 22
72 115 36
72 119 88
72 125 77
72 127 99
72 129 14
72 130 82
72 131 30
72 134 13
72 136 48
72 140 22
72 144 28
72 146 93
72 147 48
72 148 47
72 150 17
73 75 8
73 76 14
73 79 11
73 87 51
73 94 72
73 96 15
73 98 75
73 100 12
73 103 28
73 105 87
73 110 7
73 113 18
73 115 69
73 119 51
73 120 45
73 121 37
73 122 97
73 128 11
73 133 43
73 143 39
73 144 15
73 146 59
73 147 79
73 149 6
74 75 79
74 76 9
74 77 49
74 81 75
74 84 9
74 85 39
74 87 37
74 88 91
74 91 99
74 94 28
74 95 80
74 97 99
74 98 79
74 99 62
74 100 89
74 103 21
74 106 26
74 108 93
74 110 61
74 112 27
74 114 50
74 115 84
74 118 32
74 120 35
74 121 68
74 122 55
74 125 15
74 126 53
74 127 29
74 129 21
74 131 79
74 135 73
74 142 50
74 146 11
74 147 64
74 149 36
75 76 24
75 77 87
75 78 42
75 82 19
75 89 61
75 90 53
75 92 57
75 94 75
75 97 63
75 100 62
75 101 46
75 104 15
75 108 77
75 111 28
75 113 73
75 114 37
75 116 40
75 117 49
75 118 62
75 120 38
75 122 30
75 123 35
75 125 82
75 127 35
75 128 2
75 129 93
75 133 84
75 134 13
75 135 21
75 140 54
75 141 7
75 142 64
75 144 27
75 145 8
75 146 16
76 79 17
76 80 22
76 81 87
76 82 17
76 85 27
76 87 26
76 90 15
76 93 4
76 94 18
76 96 32
76 98 58
76 100 7
76 106 89
76 107 36
76 108 100
76 112 64
76 113 33
76 117 56
76 121 47
76 122 86
76 124 86
76 125 95
76 128 94
76 131 43
76 133 14
76 136 29
76 139 77
76 141 19
76 150 2
77 78 91
77 82 78
77 84 19
77 85 91
77 86 64
77 89 40
77 90 97
77 91 40
77 95 12
77 96 86
77 101 97
77 102 69
77 104 86
77 105 8
77 106 74
77 109 10
77 111 76
77 115 61
77 116 57
77 117 2
77 120 57
77 123 29
77 125 13
77 128 18
77 129 67
77 131 73
77 134 2
77 139 15
77 141 78
77 147 69
77 148 100
77 149 80
77 150 3
78 79 36
78 80 72
78 81 60
78 82 77
78 84 9
78 87 76
78 88 62
78 90 7
78 93 42
78 94 94
78 100 59
78 101 64
78 105 8
78 106 6
78 107 91
78 112 87
78 113 53
78 114 82
78 116 34
78 119 44
78 121 4
78 122 62
78 123 58
78 125 45
78 127 42
78 128 53
78 133 88
78 136 47
78 138 82
78 139 41
78 142 86
78 143 37
78 145 49
78 146 34
78 149 90
79 80 66
79 81 62
79 85 40
79 86 52
79 90 27
79 101 70
79 103 82
79 108 65
79 109 90
79 113 57
79 116 31
79 117 45
79 118 47
79 124 10
79 125 32
79 130 81
79 135 17
79 136 65
79 140 24
79 141 26
79 142 89
79 143 53
79 146 54
79 147 58
80 81 74
80 83 9
80 86 64
80 88 25
80 89 32
80 90 38
80 91 4
80 94 20
80 97 17
80 98 61
80 99 23
80 100 82
80 101 1
80 102 44
80 107 23
80 108 70
80 110 58
80 111 67
80 114 82
80 116 99
80 117 38
80 119 84
80 120 33
80 121 30
80 122 23
80 123 9
80 125 35
80 127 52
80 129 11
80 130 16
80 131 78
80 134 9
80 136 97
80 137 75
80 138 22
80 139 86
80 145 42
80 146 56
80 147 47
81 84 53
81 86 46
81 88 94
81 90 89
81 91 39
81 92 69
81 93 53
81 98 24
81 99 23
81 106 5
81 107 61
81 108 88
81 109 31
81 110 37
81 112 36
81 113 15
81 118 100
81 119 86
81 123 59
81 125 38
81 126 6
81 128 64
81 138 3
81 141 91
81 144 66
81 145 31
81 150 100
82 87 59
82 88 25
82 89 10
82 92 34
82 93 63
82 94 25
82 97 4
82 100 35
82 104 3
82 105 82
82 106 18
82 108 76
82 109 8
82 110 84
82 111 47
82 114 32
82 115 92
82 116 56
82 117 71
82 118 53
82 119 49
82 120 82
82 122 53
82 123 100
82 124 26
82 127 97
82 131 87
82 132 88
82 135 72
82 136 48
82 137 32
82 139 87
82 140 13
82 141 28
82 144 29
82 148 25
83 84 98
83 85 3
83 86 33
83 88 97
83 95 31
83 102 48
83 104 57
83 111 50
83 112 38
83 113 13
83 115 27
83 117 85
83 119 11
83 121 7
83 122 15
83 123 51
83 124 65
83 127 5
83 128 57
83 131 49
83 132 35
83 134 70
83 136 34
83 137 56
83 141 50
83 145 45
83 148 83
83 149 13
84 85 44
84 86 35
84 87 75
84 89 36
84 91 21
84 94 87
84 95 81
84 98 6
84 99 5
84 101 12
84 102 10
84 105 27
84 108 45
84 109 5
84 111 56
84 112 51
84 114 89
84 115 58
84 119 33
84 120 67
84 122 63
84 123 99
84 127 36
84 128 36
84 130 86
84 132 25
84 134 63
84 136 45
84 137 47
84 138 35
84 143 27
84 146 7
84 148 23
85 86 3
85 90 12
85 92 5
85 97 33
85 99 50
85 103 93
85 104 57
85 108 86
85 109 31
85 111 9
85 113 5
85 117 96
85 124 88
85 125 53
85 132 77
85 135 84
85 136 87
85 138 41
85 139 74
85 140 32
85 143 89
85 144 7
85 145 29
85 146 100
85 149 86
86 92 50
86 98 1
86 102 94
86 103 36
86 106 6
86 119 20
86 124 31
86 125 63
86 130 51
86 132 75
86 134 17
86 135 64
86 136 30
86 138 14
86 139 66
86 143 29
86 147 34
86 148 83
86 150 26
87 91 70
87 92 15
87 94 72
87 95 49
87 96 66
87 98 52
87 102 73
87 103 31
87 105 8
87 109 28
87 114 46
87 117 15
87 118 41
87 120 80
87 124 82
87 128 89
87 132 32
87 134 65
87 135 65
87 137 100
87 138 82
87 139 89
87 140 33
87 144 45
87 145 32
87 146 83
87 147 89
87 148 39
87 150 2
88 90 21
88 91 23
88 92 21
88 94 96
88 97 36
88 98 23
88 102 52
88 103 78
88 108 9
88 112 81
88 115 23
88 117 48
88 118 90
88 120 46
88 125 92
88 127 95
88 129 48
88 132 68
88 134 36
88 135 12
88 139 20
88 140 96
88 142 23
88 143 71
88 146 45
88 148 16
88 149 15
88 150 2
89 90 51
89 93 9
89 96 64
89 98 86
89 102 12
89 105 56
89 106 49
89 107 57
89 108 44
89 112 93
89 115 14
89 120 1
89 121 10
89 128 58
89 129 5
89 136 47
89 137 95
89 138 52
89 139 84
89 142 37
89 144 36
89 145 8
89 148 2
89 149 65
89 150 2
90 91 58
90 96 53
90 97 85
90 100 52
90 106 65
90 108 33
90 110 56
90 112 18
90 113 16
90 114 11
90 116 16
90 120 60
90 121 95
90 123 74
90 126 72
90 127 89
90 129 64
90 132 83
90 134 46
90 136 68
90 142 62
90 143 14
90 145 25
90 146 11
90 148 12
90 150 84
91 93 84
91 94 79
91 96 64
91 99 76
91 101 3
91 105 35
91 108 8
91 109 92
91 110 69
91 113 39
91 114 50
91 125 80
91 127 12
91 128 37
91 129 47
91 130 63
91 139 22
91 140 92
91 143 88
91 145 69
92 94 8
92 96 33
92 99 83
92 100 17
92 107 22
92 112 81
92 115 28
92 117 82
92 119 62
92 122 11
92 123 32
92 124 31
92 130 70
92 132 29
92 134 60
92 135 63
92 136 33
92 141 1
92 142 92
92 144 40
92 145 42
92 149 32
92 150 50
93 97 74
93 99 25
93 102 13
93 104 15
93 105 61
93 108 65
93 112 11
93 113 14
93 117 62
93 121 20
93 122 93
93 123 87
93 128 97
93 129 36
93 132 1
93 136 68
93 142 38
93 143 52
93 144 53
93 145 44
93 149 48
94 95 97
94 103 38
94 104 88
94 105 64
94 109 82
94 110 45
94 112 44
94 115 38
94 116 73
94 118 93
94 119 59
94 120 86
94 122 38
94 125 89
94 126 3
94 128 91
94 133 86
94 134 7
94 137 32
94 139 40
94 140 24
94 141 34
94 144 2
94 145 60
95 98 52
95 101 71
95 103 33
95 105 41
95 106 43
95 110 39
95 113 62
95 119 8
95 121 25
95 124 54
95 128 67
95 131 59
95 132 1
95 133 95
95 135 15
95 136 47
95 137 82
95 138 14
95 143 54
95 145 85
95 147 13
95 149 53
95 150 42
96 98 41
96 101 32
96 102 6
96 103 65
96 104 20
96 105 57
96 106 100
96 110 27
96 112 22
96 113 46
96 114 18
96 118 62
96 119 68
96 120 54
96 121 24
96 122 11
96 123 23
96 124 83
96 127 5
96 131 56
96 133 35
96 134 68
96 138 84
96 142 67
96 143 65
96 145 13
96 146 48
96 149 41
97 98 59
97 99 36
97 100 64
97 105 31
97 107 63
97 111 12
97 112 7
97 115 43
97 116 37
97 117 56
97 118 98
97 119 75
97 120 35
97 121 75
97 127 25
97 130 29
97 140 35
97 141 14
97 142 21
97 143 11
97 144 25
97 145 84
97 147 51
97 149 77
98 103 45
98 104 26
98 109 92
98 110 57
98 114 75
98 115 93
98 116 50
98 117 20
98 122 17
98 127 2
98 131 41
98 132 1
98 135 68
98 136 24
98 138 1
98 139 25
98 141 42
98 142 8
98 143 88
98 144 86
98 145 96
98 148 9
98 149 38
99 100 14
99 102 16
99 105 86
99 106 31
99 110 37
99 111 60
99 112 67
99 115 93
99 117 39
99 119 39
99 120 67
99 122 98
99 123 16
99 125 49
99 127 48
99 128 56
99 129 98
99 133 24
99 136 56
99 140 22
99 146 19
99 149 26
100 103 53
100 104 45
100 105 78
100 111 20
100 112 92
100 113 50
100 114 51
100 118 63
100 121 60
100 122 42
100 126 71
100 134 14
100 139 41
100 140 1
100 141 50
100 142 70
100 150 24
101 107 36
101 108 96
101 111 28
101 113 7
101 114 65
101 115 47
101 121 78
101 122 97
101 124 24
101 127 47
101 128 12
101 131 3
101 132 17
101 136 63
101 138 30
101 139 32
101 142 73
101 143 74
101 145 56
101 147 37
101 150 86
102 104 46
102 106 80
102 112 21
102 113 29
102 115 19
102 119 98
102 121 41
102 122 51
102 123 70
102 127 5
102 129 10
102 131 49
102 138 25
102 139 51
102 141 15
102 142 24
102 145 86
103 104 85
103 110 55
103 115 14
103 117 44
103 118 4
103 121 10
103 123 42
103 124 64
103 125 35
103 127 7
103 131 23
103 133 1
103 134 82
103 136 39
103 140 98
103 144 55
103 145 20
103 148 3
103 150 51
104 106 37
104 111 66
104 112 80
104 117 20
104 118 52
104 119 29
104 122 39
104 125 28
104 136 57
104 137 97
104 139 97
104 144 99
104 145 52
105 110 63
105 112 91
105 114 55
105 115 85
105 119 53
105 123 43
105 127 24
105 130 44
105 131 93
105 133 8
105 134 49
105 135 98
105 140 64
105 144 49
105 145 29
105 149 41
106 108 98
106 109 24
106 111 66
106 114 13
106 117 42
106 118 80
106 119 36
106 122 19
106 124 38
106 126 69
106 128 16
106 131 39
106 139 62
106 140 72
106 142 37
106 143 67
106 144 5
106 147 99
106 149 95
107 113 31
107 118 16
107 121 58
107 122 97
107 126 100
107 127 69
107 128 79
107 129 82
107 133 50
107 135 24
107 136 2
107 137 71
107 139 46
107 140 39
107 149 1
108 111 77
108 112 75
108 113 53
108 116 86
108 122 54
108 123 74
108 124 80
108 127 57
108 129 87
108 130 71
108 132 55
108 133 37
108 137 99
108 139 83
108 140 91
108 142 85
108 145 20
108 146 38
108 148 54
109 111 41
109 116 89
109 122 20
109 125 7
109 126 62
109 127 34
109 130 96
109 132 46
109 135 50
109 137 20
109 139 94
109 142 96
109 144 26
109 146 10
109 147 73
109 148 87
109 150 12
110 111 21
110 112 77
110 113 74
110 114 35
110 120 6
110 121 27
110 123 77
110 125 72
110 127 12
110 128 29
110 131 99
110 135 79
110 136 80
110 138 58
110 140 23
110 141 25
110 142 86
110 143 89
110 144 50
110 147 11
111 112 100
111 114 71
111 118 76
111 121 86
111 122 86
111 124 55
111 127 99
111 128 98
111 130 43
111 136 2
111 137 79
111 139 77
111 140 89
111 143 47
111 148 5
112 113 60
112 114 95
112 117 34
112 118 36
112 119 14
112 121 44
112 122 2
112 123 63
112 124 63
112 130 20
112 131 28
112 136 10
112 138 34
112 139 90
112 141 1
112 143 95
112 144 92
112 146 97
112 147 90
112 149 80
112 150 83
113 115 14
113 116 66
113 118 91
113 122 83
113 123 28
113 125 30
113 134 22
113 135 24
113 140 68
113 141 61
113 143 100
113 144 9
113 145 47
113 147 31
113 148 43
113 149 96
113 150 77
114 117 29
114 120 85
114 121 34
114 125 87
114 129 16
114 130 3
114 131 53
114 137 23
114 138 71
114 141 20
114 143 80
114 145 23
114 146 18
114 148 76
115 116 17
115 117 77
115 119 85
115 121 98
115 122 94
115 128 99
115 129 47
115 131 19
115 132 26
115 133 20
115 135 24
115 138 14
115 139 18
115 143 92
115 144 86
115 147 85
116 120 14
116 123 98
116 127 3
116 128 8
116 132 50
116 136 40
116 137 6
116 139 19
116 140 30
116 141 21
116 143 17
116 146 65
116 147 30
116 148 90
116 149 100
116 150 84
117 118 45
117 120 72
117 121 68
117 122 77
117 124 21
117 125 9
117 128 52
117 129 31
117 131 64
117 134 100
117 136 9
117 141 49
117 142 59
117 143 68
117 145 91
117 147 86
118 120 99
118 122 54
118 123 74
118 125 90
118 126 12
118 128 15
118 131 59
118 132 23
118 133 40
118 134 45
118 136 100
118 138 46
118 139 46
118 142 98
118 143 21
118 147 76
118 149 81
119 123 79
119 127 77
119 134 82
119 135 59
119 136 49
119 139 58
119 141 84
119 147 82
119 148 49
119 149 14
120 126 50
120 130 98
120 131 69
120 134 98
120 137 39
120 139 36
120 140 86
120 141 59
120 144 59
120 147 80
121 125 31
121 128 3
121 129 79
121 132 95
121 133 63
121 137 49
121 139 3
121 140 86
121 142 73
121 144 84
121 146 11
121 148 37
121 149 13
121 150 81
122 125 96
122 127 30
122 128 70
122 133 12
122 137 55
122 138 67
122 140 85
122 143 81
122 145 78
122 148 23
122 149 55
122 150 20
123 124 70
123 128 67
123 131 73
123 132 50
123 133 58
123 135 67
123 137 87
123 139 43
123 143 89
123 147 76
124 125 67
124 126 44
124 130 6
124 131 37
124 132 28
124 134 86
124 135 49
124 136 75
124 138 45
124 139 15
124 141 20
124 142 40
124 148 42
125 133 49
125 134 73
125 135 35
125 137 56
125 138 66
125 139 53
125 143 86
125 148 47
126 127 48
126 128 80
126 129 16
126 130 49
126 131 6
126 132 50
126 134 57
126 144 15
126 145 10
126 150 48
127 135 94
127 137 17
127 138 17
127 139 32
127 148 17
128 129 69
128 132 67
128 134 95
128 141 4
128 143 11
128 145 77
128 146 65
128 148 61
128 149 32
128 150 45
129 130 37
129 131 87
129 133 63
129 136 11
129 138 59
129 143 40
129 148 58
129 149 78
129 150 42
130 134 30
130 136 16
130 142 75
130 144 81
130 145 70
130 148 44
130 150 80
131 132 42
131 133 20
131 135 14
131 136 22
131 137 14
131 140 64
131 141 46
131 142 70
131 143 64
131 149 73
132 134 38
132 135 46
132 136 15
132 139 93
132 140 70
132 141 54
132 144 18
132 146 23
132 147 19
132 149 63
132 150 63
133 134 39
133 138 54
133 139 76
133 140 39
133 143 45
133 147 47
133 148 32
134 135 98
134 136 57
134 138 71
134 142 75
134 145 98
134 146 27
134 148 88
135 136 35
135 139 18
135 140 59
135 143 95
135 144 45
135 146 92
135 148 32
135 149 28
136 137 73
136 141 62
136 145 23
136 148 21
136 149 52
137 138 44
137 139 28
137 140 81
137 142 32
137 144 18
137 147 50
137 148 10
137 150 32
138 140 78
138 142 69
138 145 82
138 149 84
138 150 46
139 143 84
139 147 24
139 148 12
140 143 86
140 145 31
141 142 76
141 143 59
141 144 8
141 145 74
141 146 61
141 147 76
141 148 89
141 149 11
141 150 8
142 144 74
142 145 48
142 146 95
142 148 91
142 150 45
143 144 73
143 145 14
143 146 94
143 148 17
144 147 42
145 146 43
145 148 99
147 150 89
149 150 57
1 4 59
1 5 5
1 7 43
1 9 84
1 11 79
1 12 21
1 14 86
1 17 38
1 18 14
1 22 27
1 26 15
1 28 85
1 31 31
1 38 30
1 39 67
1 46 77
1 49 94
1 52 2
1 54 74
1 55 89
1 59 84
1 66 30
1 67 71
1 71 16
1 76 13
1 79 10
1 81 14
1 83 87
1 85 71
1 87 39
1 88 79
1 90 82
1 92 82
1 97 32
1 99 5
1 101 74
1 102 90
1 103 75
1 104 48
1 108 44
1 109 44
1 115 14
1 116 35
1 124 47
1 125 37
1 126 64
1 128 31
1 132 90
1 134 43
1 137 36
1 142 94
1 143 56
1 146 55
2 6 28
2 10 73
2 21 77
2 23 23
2 24 100
2 25 26
2 28 35
2 30 16
2 32 64
2 33 46
2 38 14
2 43 14
2 47 14
2 53 73
2 54 87
2 56 7
2 58 80
2 59 97
2 60 2
2 61 21
2 62 51
2 63 98
2 66 13
2 67 94
2 70 2
2 71 16
2 72 63
2 73 8
2 74 36
2 78 65
2 82 40
2 84 70
2 85 23
2 86 4
2 87 76
2 91 38
2 93 70
2 96 23
2 98 56
2 99 71
2 101 90
2 103 83
2 104 44
2 105 20
2 106 88
2 107 8
2 109 95
2 112 64
2 113 74
2 116 94
2 118 61
2 120 5
2 122 59
2 125 18
2 130 93
2 132 47
2 134 54
2 136 100
2 137 59
2 138 25
2 139 51
2 140 16
2 141 83
2 143 74
3 4 95
3 7 41
3 9 14
3 10 60
3 12 7
3 13 51
3 14 86
3 18 26
3 19 5
3 21 74
3 22 20
3 23 58
3 26 65
3 27 66
3 29 66
3 33 35
3 34 72
3 35 67
3 37 40
3 38 36
3 42 3
3 52 86
3 53 90
3 54 82
3 55 94
3 56 44
3 57 8
3 60 4
3 61 65
3 62 20
3 68 33
3 72 88
3 75 46
3 76 38
3 82 79
3 84 88
3 93 77
3 97 3
3 101 79
3 105 48
3 110 77
3 111 50
3 117 95
3 125 11
3 126 44
3 130 50
3 131 75
3 135 2
3 136 13
3 137 43
3 138 22
3 140 12
3 142 67
3 144 100
3 146 42
4 5 10
4 6 43
4 7 41
4 8 5
4 9 31
4 10 34
4 19 16
4 20 20
4 21 52
4 22 40
4 27 11
4 31 51
4 32 63
4 33 3
4 36 57
4 37 97
4 38 14
4 39 94
4 41 4
4 42 64
4 45 44
4 49 100
4 52 78
4 54 59
4 61 92
4 62 30
4 67 26
4 68 16
4 69 82
4 70 20
4 75 94
4 76 18
4 92 15
4 96 88
4 99 23
4 100 12
4 102 74
4 103 84
4 105 33
4 106 27
4 107 92
4 109 51
4 112 27
4 116 32
4 118 35
4 119 87
4 120 59
4 121 72
4 122 35
4 125 67
4 127 81
4 128 11
4 131 31
4 132 8
4 133 78
4 135 45
4 136 10
4 140 6
4 144 34
4 146 94
4 149 39
5 8 7
5 9 3
5 14 2
5 16 44
5 17 80
5 18 8
5 24 3
5 27 98
5 30 48
5 37 59
5 38 34
5 43 55
5 47 55
5 50 74
5 54 88
5 55 53
5 57 74
5 60 22
5 62 82
5 63 73
5 64 59
5 65 13
5 70 80
5 71 14
5 72 52
5 73 90
5 74 12
5 75 91
5 77 9
5 78 66
5 80 43
5 82 48
5 83 31
5 84 78
5 85 43
5 86 81
5 87 78
5 88 71
5 91 13
5 95 81
5 99 20
5 100 65
5 109 95
5 110 46
5 111 72
5 112 89
5 117 41
5 118 33
5 119 68
5 123 34
5 124 56
5 126 59
5 129 76
5 132 4
5 136 23
5 137 70
5 140 85
5 145 72
5 147 91
5 150 19
6 8 44
6 9 76
6 20 1
6 23 75
6 33 1
6 36 45
6 37 4
6 38 38
6 42 8
6 47 89
6 48 92
6 52 24
6 54 42
6 55 90
6 59 23
6 60 22
6 61 58
6 62 99
6 66 40
6 76 38
6 77 62
6 79 59
6 80 74
6 81 16
6 82 53
6 83 84
6 85 70
6 89 21
6 96 64
6 97 78
6 99 5
6 100 75
6 102 30
6 103 53
6 105 47
6 106 37
6 111 51
6 113 98
6 115 64
6 120 48
6 122 71
6 123 30
6 127 29
6 131 50
6 138 18
6 140 85
6 141 52
6 142 11
6 146 91
6 148 100
6 149 93
7 10 48
7 11 28
7 12 30
7 14 85
7 15 66
7 17 20
7 20 61
7 24 86
7 29 24
7 33 2
7 35 19
7 37 91
7 39 52
7 40 57
7 41 62
7 42 88
7 45 63
7 48 72
7 51 77
7 52 17
7 55 21
7 58 51
7 59 57
7 60 21
7 61 84
7 63 63
7 65 86
7 71 48
7 72 74
7 79 87
7 82 65
7 90 25
7 93 82
7 97 42
7 99 3
7 102 15
7 103 10
7 104 39
7 105 5
7 106 70
7 109 57
7 113 2
7 114 87
7 116 14
7 117 22
7 119 63
7 120 58
7 121 100
7 122 41
7 123 17
7 124 31
7 125 21
7 127 59
7 130 45
7 131 47
7 141 31
7 144 47
7 146 90
7 148 13
8 11 17
8 12 18
8 13 86
8 14 34
8 15 3
8 17 95
8 19 91
8 20 75
8 23 87
8 25 79
8 27 18
8 30 18
8 32 68
8 33 55
8 40 5
8 41 28
8 43 14
8 50 59
8 53 14
8 54 93
8 57 100
8 58 57
8 59 55
8 60 74
8 62 4
8 64 83
8 66 92
8 70 57
8 71 91
8 73 36
8 75 4
8 77 87
8 82 13
8 83 41
8 88 64
8 89 3
8 95 57
8 98 15
8 99 33
8 104 78
8 105 40
8 108 1
8 110 39
8 116 57
8 117 65
8 118 36
8 125 35
8 127 57
8 130 36
8 134 89
8 139 70
8 142 87
8 143 68
8 145 98
8 146 13
8 147 66
8 150 40
9 11 46
9 13 93
9 14 78
9 17 79
9 18 90
9 19 93
9 20 33
9 26 75
9 29 75
9 33 100
9 37 37
9 39 2
9 41 24
9 42 55
9 43 15
9 47 50
9 54 1
9 58 12
9 62 44
9 65 86
9 66 24
9 67 70
9 68 97
9 71 93
9 73 58
9 75 57
9 82 32
9 88 100
9 93 16
9 99 42
9 101 96
9 102 26
9 104 62
9 105 38
9 106 40
9 111 92
9 114 56
9 118 7
9 120 4
9 122 51
9 124 99
9 127 24
9 132 47
9 135 4
9 139 49
9 141 66
9 145 6
9 147 75
9 150 23
10 13 24
10 15 70
10 16 16
10 17 8
10 18 3
10 19 45
10 20 56
10 21 30
10 23 57
10 24 68
10 27 80
10 28 25
10 30 5
10 31 72
10 32 87
10 33 91
10 37 44
10 39 63
10 41 49
10 46 31
10 47 63
10 49 24
10 50 76
10 57 94
10 59 86
10 61 36
10 62 68
10 63 66
10 66 22
10 71 52
10 74 66
10 77 41
10 78 91
10 80 47
10 81 85
10 85 18
10 87 56
10 89 30
10 94 35
10 95 25
10 99 63
10 102 52
10 103 47
10 104 17
10 107 78
10 109 8
10 110 19
10 111 96
10 112 6
10 113 24
10 116 42
10 117 77
10 119 27
10 124 79
10 126 35
10 127 82
10 130 11
10 132 12
10 135 49
10 140 34
10 142 16
11 14 40
11 17 27
11 21 64
11 22 32
11 25 42
11 29 86
11 32 53
11 33 48
11 36 30
11 39 62
11 40 30
11 45 41
11 58 63
11 61 55
11 62 15
11 63 2
11 66 17
11 69 76
11 70 81
11 75 56
11 76 23
11 77 55
11 82 62
11 83 80
11 85 91
11 87 39
11 88 29
11 90 35
11 92 43
11 94 28
11 95 41
11 97 54
11 101 74
11 106 98
11 108 85
11 112 56
11 113 12
11 114 27
11 115 56
11 121 21
11 123 4
11 126 13
11 128 46
11 129 6
11 130 23
11 133 12
11 141 32
11 143 6
11 145 4
11 146 14
11 148 46
11 149 45
12 15 21
12 16 73
12 18 79
12 24 12
12 30 37
12 33 99
12 34 66
12 35 37
12 37 3
12 39 88
12 40 97
12 41 99
12 46 45
12 50 17
12 51 47
12 57 86
12 59 33
12 62 66
12 63 9
12 65 59
12 66 99
12 73 67
12 74 96
12 76 82
12 77 78
12 79 12
12 81 54
12 85 53
12 86 33
12 89 50
12 90 50
12 94 26
12 100 37
12 107 98
12 108 46
12 112 67
12 114 86
12 116 43
12 118 85
12 120 99
12 125 37
12 126 25
12 127 41
12 132 81
12 133 62
12 134 13
12 143 56
12 144 85
12 145 39
12 147 55
12 148 55
12 149 63
13 14 81
13 16 33
13 18 63
13 20 58
13 22 72
13 23 57
13 26 72
13 28 93
13 30 92
13 32 47
13 33 85
13 34 26
13 36 26
13 38 20
13 40 60
13 41 48
13 43 89
13 45 49
13 46 74
13 47 75
13 51 97
13 55 28
13 56 52
13 57 88
13 58 28
13 64 74
13 68 59
13 70 6
13 72 73
13 74 68
13 77 60
13 81 23
13 85 47
13 91 15
13 93 55
13 94 95
13 96 76
13 98 43
13 99 59
13 100 33
13 101 68
13 105 73
13 106 34
13 111 40
13 113 26
13 114 33
13 115 51
13 116 75
13 119 90
13 124 56
13 126 75
13 128 96
13 130 33
13 137 62
13 140 15
13 142 58
13 143 62
13 144 36
13 145 42
13 150 12
14 16 10
14 18 60
14 19 96
14 20 88
14 23 65
14 24 69
14 30 85
14 31 25
14 38 80
14 40 7
14 42 51
14 54 31
14 58 75
14 59 56
14 61 44
14 63 36
14 64 1
14 67 40
14 68 60
14 69 80
14 70 81
14 73 63
14 75 39
14 78 88
14 80 39
14 82 71
14 87 41
14 88 57
14 91 30
14 92 11
14 94 24
14 95 100
14 99 64
14 100 41
14 101 97
14 105 77
14 107 63
14 108 27
14 110 97
14 116 84
14 118 78
14 123 65
14 124 92
14 126 43
14 127 42
14 131 76
14 132 21
14 136 37
14 139 81
14 140 87
14 141 69
14 143 52
14 144 76
14 145 40
14 147 98
14 148 99
14 150 88
15 16 18
15 20 41
15 26 55
15 27 11
15 28 78
15 29 45
15 31 40
15 34 30
15 35 90
15 41 20
15 45 12
15 48 89
15 49 17
15 50 89
15 53 35
15 55 18
15 57 36
15 59 79
15 62 31
15 63 73
15 65 41
15 69 30
15 74 52
15 75 57
15 77 83
15 78 46
15 79 63
15 80 35
15 81 4
15 83 18
15 86 34
15 89 31
15 90 84
15 92 82
15 93 17
15 96 58
15 97 84
15 98 88
15 101 56
15 105 100
15 106 7
15 112 8
15 113 60
15 114 20
15 115 62
15 117 87
15 121 55
15 125 84
15 126 52
15 127 72
15 130 41
15 132 31
15 140 68
15 143 1
15 145 91
15 146 54
15 149 88
16 17 75
16 18 51
16 24 74
16 26 54
16 31 14
16 33 29
16 36 96
16 37 24
16 38 27
16 39 82
16 42 78
16 44 77
16 49 24
16 53 8
16 55 53
16 56 85
16 59 11
16 65 45
16 66 23
16 67 65
16 70 10
16 72 28
16 73 28
16 75 19
16 76 63
16 79 61
16 81 100
16 83 86
16 84 82
16 91 43
16 92 26
16 94 22
16 95 93
16 97 97
16 101 36
16 103 54
16 110 31
16 112 47
16 113 67
16 120 67
16 121 85
16 122 31
16 128 46
16 129 90
16 133 74
16 135 43
16 136 77
16 140 32
16 145 69
16 147 36
16 149 36
17 19 73
17 20 11
17 21 15
17 24 73
17 29 44
17 30 15
17 32 38
17 33 79
17 34 65
17 36 76
17 41 50
17 42 50
17 46 31
17 47 26
17 48 74
17 50 50
17 51 1
17 55 35
17 56 93
17 59 52
17 60 60
17 62 83
17 63 75
17 68 6
17 70 2
17 73 48
17 74 38
17 77 71
17 79 22
17 81 27
17 84 45
17 88 4
17 93 48
17 94 84
17 95 24
17 97 24
17 98 77
17 100 16
17 101 82
17 106 24
17 107 79
17 108 67
17 109 59
17 111 60
17 112 87
17 114 49
17 115 68
17 116 35
17 118 58
17 120 10
17 121 27
17 124 16
17 126 14
17 128 29
17 129 37
17 130 93
17 131 81
17 132 83
17 133 76
17 134 5
17 142 18
17 148 13
17 149 8
17 150 29
18 19 97
18 23 75
18 24 93
18 26 47
18 28 82
18 29 96
18 32 84
18 39 97
18 41 15
18 42 100
18 43 98
18 46 48
18 47 45
18 51 52
18 53 29
18 54 88
18 56 50
18 61 43
18 62 68
18 63 67
18 69 61
18 72 78
18 73 57
18 74 86
18 78 28
18 79 59
18 81 3
18 83 63
18 85 25
18 87 52
18 88 69
18 91 21
18 93 6
18 94 90
18 96 57
18 97 97
18 98 88
18 99 76
18 101 66
18 103 28
18 104 62
18 114 10
18 116 71
18 121 13
18 122 85
18 123 73
18 126 79
18 128 12
18 132 34
18 133 36
18 135 9
18 137 95
18 138 38
18 139 98
18 140 1
18 143 1
18 144 71
18 145 93
18 146 14
18 149 85
19 25 99
19 26 23
19 31 26
19 32 54
19 33 54
19 34 81
19 37 57
19 38 78
19 41 42
19 47 79
19 50 64
19 51 16
19 54 38
19 56 87
19 58 61
19 61 83
19 62 27
19 63 56
19 66 1
19 69 8
19 70 28
19 74 58
19 78 34
19 80 54
19 81 83
19 82 7
19 84 42
19 88 65
19 92 70
19 98 75
19 99 4
19 100 34
19 101 10
19 102 89
19 106 26
19 107 67
19 108 3
19 109 71
19 110 49
19 111 7
19 112 25
19 114 5
19 118 24
19 119 9
19 124 69
19 128 77
19 129 75
19 132 91
19 133 1
19 137 86
19 141 9
19 143 23
19 144 100
19 146 8
19 147 3
19 148 83
19 150 87
20 29 36
20 30 16
20 31 83
20 32 10
20 33 37
20 34 55
20 35 44
20 41 63
20 42 57
20 44 81
20 45 53
20 46 6
20 54 25
20 55 13
20 58 16
20 59 90
20 62 62
20 63 87
20 67 18
20 69 42
20 72 65
20 74 85
20 76 8
20 77 41
20 78 24
20 80 69
20 81 37
20 84 32
20 87 99
20 90 2
20 93 7
20 97 74
20 99 30
20 101 83
20 105 71
20 106 73
20 107 29
20 111 26
20 112 95
20 114 37
20 117 97
20 118 85
20 119 23
20 123 69
20 125 95
20 127 40
20 128 4
20 134 79
20 138 6
20 139 80
20 144 20
20 145 52
20 147 94
21 23 12
21 24 94
21 26 89
21 27 26
21 32 93
21 33 22
21 36 91
21 41 37
21 45 44
21 50 97
21 51 78
21 57 18
21 67 88
21 70 89
21 71 41
21 72 93
21 75 81
21 77 41
21 78 44
21 79 6
21 80 58
21 81 48
21 82 89
21 83 45
21 84 89
21 89 67
21 91 41
21 92 67
21 93 47
21 94 35
21 96 84
21 97 54
21 102 88
21 107 76
21 108 96
21 109 13
21 114 38
21 115 70
21 122 41
21 130 81
21 132 27
21 135 35
21 138 95
21 139 58
21 141 51
21 142 25
21 146 11
21 148 38
22 23 28
22 24 61
22 28 60
22 29 98
22 38 53
22 39 42
22 41 49
22 45 43
22 46 62
22 47 6
22 48 30
22 55 78
22 57 24
22 58 36
22 59 50
22 66 44
22 67 60
22 68 38
22 70 29
22 75 77
22 78 57
22 82 89
22 89 86
22 90 67
22 92 53
22 95 69
22 96 30
22 98 76
22 99 77
22 109 30
22 113 10
22 115 83
22 116 15
22 117 40
22 120 3
22 123 85
22 124 89
22 125 29
22 129 90
22 132 52
22 133 91
22 135 49
22 136 91
22 138 53
22 139 2
22 143 83
22 148 22
22 150 8
23 29 93
23 32 51
23 33 81
23 35 67
23 36 62
23 38 10
23 41 99
23 48 78
23 56 100
23 62 30
23 63 47
23 67 36
23 68 50
23 74 63
23 78 48
23 79 49
23 80 5
23 81 35
23 86 71
23 91 92
23 93 85
23 95 68
23 100 76
23 104 59
23 106 66
23 107 53
23 109 54
23 110 71
23 115 80
23 116 83
23 124 94
23 125 13
23 126 23
23 127 29
23 128 78
23 130 66
23 131 45
23 132 55
23 136 96
23 137 32
23 139 62
23 141 25
23 144 59
23 147 96
23 148 19
24 26 2
24 29 83
24 30 1
24 32 14
24 35 39
24 37 67
24 39 50
24 41 75
24 42 72
24 49 4
24 50 13
24 54 13
24 55 24
24 56 26
24 58 31
24 61 70
24 62 92
24 65 55
24 67 51
24 68 21
24 70 97
24 71 67
24 75 14
24 77 26
24 78 16
24 80 46
24 85 87
24 86 95
24 87 29
24 88 64
24 89 80
24 95 95
24 98 20
24 99 3
24 102 30
24 104 14
24 105 72
24 111 49
24 112 33
24 113 23
24 114 81
24 115 65
24 121 5
24 122 18
24 124 74
24 126 36
24 127 25
24 130 95
24 131 85
24 134 88
24 139 73
24 141 77
24 143 62
24 144 74
24 145 73
24 146 79
24 150 36
25 28 9
25 32 21
25 33 93
25 37 28
25 39 55
25 41 25
25 44 48
25 45 66
25 46 14
25 48 70
25 49 21
25 55 22
25 56 98
25 58 8
25 61 20
25 70 88
25 74 55
25 75 7
25 77 21
25 84 77
25 85 94
25 88 76
25 92 61
25 93 28
25 95 61
25 96 74
25 101 57
25 102 14
25 103 82
25 104 63
25 108 2
25 110 5
25 115 11
25 116 34
25 118 10
25 119 5
25 121 70
25 123 19
25 125 67
25 132 58
25 136 5
25 137 20
25 140 25
25 141 62
25 143 97
25 144 67
26 27 39
26 28 53
26 34 86
26 35 26
26 37 68
26 39 99
26 41 72
26 44 53
26 48 25
26 49 80
26 50 60
26 57 65
26 58 25
26 61 72
26 63 71
26 68 68
26 69 5
26 71 81
26 73 51
26 79 1
26 80 97
26 81 90
26 83 1
26 91 45
26 92 40
26 93 71
26 95 14
26 103 40
26 104 86
26 105 21
26 106 57
26 110 51
26 111 38
26 115 55
26 119 80
26 120 10
26 122 22
26 123 45
26 129 81
26 131 16
26 134 17
26 135 40
26 137 77
26 138 18
26 141 59
26 142 87
26 144 55
26 145 54
27 28 18
27 31 79
27 32 97
27 34 33
27 35 70
27 37 37
27 38 53
27 44 4
27 45 29
27 48 24
27 49 99
27 51 36
27 52 86
27 55 97
27 59 19
27 60 76
27 62 89
27 66 1
27 69 20
27 70 52
27 73 19
27 74 19
27 78 39
27 82 56
27 85 16
27 90 26
27 92 15
27 95 22
27 96 51
27 99 24
27 100 13
27 101 89
27 102 5
27 105 58
27 106 9
27 107 85
27 108 98
27 109 52
27 113 50
27 114 96
27 119 50
27 120 26
27 122 79
27 128 24
27 129 83
27 130 86
27 131 28
27 138 37
27 140 29
27 141 68
27 142 78
27 144 10
27 148 17
27 150 46
28 29 46
28 32 57
28 35 49
28 39 65
28 42 74
28 45 77
28 47 19
28 51 13
28 55 58
28 56 49
28 59 7
28 61 99
28 67 24
28 70 87
28 71 80
28 74 84
28 78 20
28 79 66
28 85 34
28 88 90
28 90 35
28 96 38
28 99 91
28 101 3
28 104 89
28 106 55
28 109 53
28 110 66
28 114 17
28 115 78
28 116 49
28 117 36
28 118 2
28 119 26
28 125 6
28 127 70
28 128 69
28 131 65
28 132 75
28 136 97
28 137 92
28 138 29
28 139 31
28 140 45
28 142 58
28 143 3
28 144 41
28 149 42
28 150 62
29 30 84
29 36 87
29 37 44
29 40 58
29 42 27
29 50 17
29 51 4
29 53 23
29 59 21
29 63 5
29 64 18
29 68 66
29 70 78
29 74 63
29 76 49
29 83 5
29 88 72
29 89 10
29 90 30
29 92 69
29 94 30
29 95 18
29 97 64
29 100 19
29 103 76
29 104 20
29 105 55
29 113 33
29 114 73
29 117 92
29 119 46
29 120 81
29 121 49
29 123 32
29 126 32
29 127 31
29 132 61
29 133 81
29 137 67
29 141 93
29 142 28
29 143 59
30 31 42
30 33 33
30 35 59
30 36 98
30 37 55
30 38 76
30 40 89
30 41 62
30 48 3
30 49 34
30 51 89
30 54 44
30 57 36
30 60 2
30 61 17
30 63 4
30 65 54
30 66 11
30 69 15
30 71 73
30 73 54
30 78 67
30 80 12
30 82 97
30 83 91
30 85 99
30 89 46
30 90 81
30 92 12
30 93 70
30 96 18
30 99 94
30 104 2
30 108 35
30 114 23
30 115 36
30 118 97
30 123 66
30 126 51
30 128 34
30 133 68
30 134 1
30 138 12
30 139 15
30 141 30
30 142 3
30 147 89
30 149 26
31 40 100
31 41 23
31 44 40
31 47 65
31 52 51
31 57 50
31 59 26
31 60 29
31 62 29
31 66 48
31 69 10
31 70 66
31 71 81
31 72 22
31 74 62
31 75 61
31 78 8
31 80 68
31 82 92
31 83 99
31 86 56
31 89 43
31 90 85
31 92 9
31 93 80
31 95 2
31 105 21
31 108 85
31 110 52
31 114 90
31 116 66
31 117 4
31 119 32
31 121 79
31 124 31
31 129 82
31 132 11
31 134 28
31 136 87
31 142 43
31 143 98
31 144 62
31 145 83
32 33 7
32 34 24
32 35 28
32 40 84
32 41 99
32 42 37
32 43 40
32 51 63
32 52 72
32 54 49
32 55 59
32 56 68
32 57 28
32 59 88
32 60 90
32 63 56
32 64 35
32 68 76
32 70 15
32 71 12
32 72 27
32 73 95
32 76 99
32 78 59
32 80 87
32 83 70
32 86 69
32 90 50
32 93 5
32 96 9
32 97 33
32 99 57
32 101 14
32 102 39
32 107 32
32 108 42
32 110 57
32 111 2
32 116 90
32 118 8
32 119 75
32 123 45
32 124 34
32 125 48
32 126 47
32 129 57
32 131 74
32 133 74
32 138 84
32 139 96
32 140 30
32 144 41
32 145 91
32 147 88
33 36 79
33 37 61
33 39 66
33 44 10
33 49 59
33 50 94
33 52 87
33 55 16
33 56 94
33 63 21
33 64 57
33 65 42
33 66 29
33 69 31
33 73 77
33 74 81
33 76 32
33 77 35
33 78 50
33 82 1
33 87 94
33 89 38
33 90 70
33 93 59
33 94 73
33 99 29
33 102 34
33 105 9
33 106 100
33 109 87
33 112 74
33 113 18
33 114 5
33 115 65
33 117 47
33 118 21
33 119 44
33 120 66
33 121 93
33 128 25
33 131 30
33 133 49
33 137 25
33 138 43
33 141 1
33 143 70
33 144 23
33 145 34
33 147 80
33 150 99
34 35 86
34 36 41
34 41 50
34 42 31
34 43 86
34 45 74
34 50 97
34 53 15
34 54 51
34 55 28
34 56 7
34 61 53
34 67 62
34 68 53
34 69 54
34 70 29
34 71 65
34 72 93
34 79 59
34 83 65
34 87 55
34 98 45
34 103 33
34 104 12
34 105 33
34 107 43
34 108 71
34 109 44
34 113 25
34 116 83
34 120 9
34 121 72
34 122 83
34 131 28
34 133 18
34 134 97
34 136 78
34 139 6
34 141 29
34 142 23
34 143 25
35 36 34
35 38 29
35 39 61
35 40 75
35 41 42
35 43 20
35 44 14
35 53 30
35 57 22
35 62 51
35 64 76
35 66 23
35 70 77
35 72 48
35 77 48
35 79 79
35 81 32
35 82 75
35 84 55
35 85 55
35 88 93
35 89 44
35 90 39
35 100 89
35 101 21
35 102 20
35 104 20
35 106 67
35 107 84
35 108 12
35 109 36
35 115 58
35 116 4
35 117 5
35 124 78
35 125 39
35 127 85
35 130 52
35 132 61
35 137 52
35 139 34
35 144 99
35 148 62
35 149 42
36 42 13
36 43 93
36 45 64
36 46 98
36 48 8
36 49 95
36 50 89
36 52 26
36 54 55
36 55 62
36 56 89
36 57 32
36 58 47
36 60 31
36 63 30
36 64 67
36 67 84
36 70 48
36 71 7
36 76 68
36 84 95
36 85 62
36 87 92
36 89 64
36 91 34
36 94 60
36 97 82
36 98 62
36 100 1
36 101 8
36 103 51
36 104 88
36 105 48
36 109 84
36 113 53
36 115 25
36 117 84
36 118 18
36 119 45
36 121 22
36 126 13
36 128 60
36 132 61
36 135 18
36 140 19
36 145 44
36 146 85
36 150 82
37 41 75
37 43 79
37 44 49
37 45 14
37 49 13
37 53 50
37 54 9
37 56 44
37 57 7
37 60 19
37 63 31
37 64 49
37 65 42
37 66 38
37 70 13
37 71 65
37 73 22
37 81 16
37 82 37
37 87 6
37 88 11
37 95 2
37 96 90
37 97 62
37 99 2
37 103 93
37 104 12
37 105 71
37 106 90
37 108 2
37 110 75
37 111 60
37 113 38
37 114 6
37 115 67
37 117 49
37 121 50
37 128 34
37 129 70
37 130 51
37 133 96
37 138 41
37 139 88
37 140 88
37 143 66
37 146 21
37 148 60
37 150 31
38 39 80
38 40 4
38 42 6
38 44 65
38 45 37
38 50 52
38 52 32
38 54 73
38 56 55
38 57 20
38 63 72
38 67 93
38 72 17
38 73 73
38 76 99
38 78 88
38 80 39
38 87 26
38 90 43
38 91 55
38 93 35
38 96 89
38 101 79
38 104 48
38 105 93
38 106 88
38 108 30
38 110 7
38 112 81
38 113 98
38 114 25
38 116 28
38 117 60
38 124 26
38 131 37
38 134 83
38 135 40
38 138 49
38 141 92
38 145 2
38 146 5
38 147 1
38 149 61
39 40 77
39 45 2
39 46 56
39 47 29
39 49 88
39 53 98
39 55 12
39 61 45
39 62 69
39 68 14
39 70 53
39 71 32
39 72 44
39 73 21
39 74 29
39 76 16
39 77 90
39 79 33
39 82 32
39 83 11
39 88 12
39 89 91
39 90 69
39 91 49
39 93 19
39 94 13
39 95 40
39 96 5
39 97 5
39 98 91
39 101 12
39 102 94
39 103 73
39 104 61
39 105 75
39 109 29
39 111 55
39 113 23
39 117 23
39 119 5
39 120 2
39 121 68
39 122 38
39 125 67
39 127 78
39 131 20
39 133 22
39 140 53
39 141 90
39 142 49
39 149 58
40 41 35
40 42 41
40 43 75
40 45 22
40 46 80
40 48 70
40 52 24
40 58 66
40 67 40
40 68 25
40 71 26
40 73 48
40 74 42
40 75 40
40 76 99
40 78 86
40 79 33
40 81 92
40 83 33
40 84 94
40 86 26
40 90 1
40 92 51
40 93 45
40 96 93
40 97 19
40 99 16
40 100 53
40 106 6
40 108 47
40 110 65
40 111 61
40 112 86
40 114 93
40 115 88
40 116 31
40 118 31
40 120 19
40 132 73
40 133 2
40 134 49
40 135 68
40 136 1
40 138 60
40 144 95
40 145 4
40 149 21
40 150 81
41 42 9
41 44 23
41 45 64
41 50 44
41 55 58
41 57 99
41 58 83
41 63 63
41 64 80
41 65 25
41 66 77
41 69 91
41 70 26
41 77 67
41 85 61
41 86 54
41 87 58
41 90 37
41 92 82
41 94 93
41 96 40
41 97 36
41 98 60
41 99 14
41 101 23
41 102 84
41 103 14
41 108 80
41 110 48
41 116 67
41 117 51
41 122 83
41 126 94
41 128 38
41 139 30
41 144 47
41 145 80
41 146 39
41 150 86
42 52 53
42 56 79
42 58 65
42 60 64
42 64 4
42 66 61
42 67 30
42 68 94
42 69 66
42 71 57
42 72 38
42 75 14
42 76 44
42 79 73
42 80 46
42 86 69
42 92 76
42 94 27
42 100 59
42 101 86
42 102 99
42 104 63
42 108 82
42 110 67
42 119 76
42 121 1
42 123 36
42 124 51
42 125 89
42 127 12
42 129 71
42 130 68
42 133 64
42 139 7
42 140 75
42 142 39
42 144 76
42 146 21
42 149 100
43 46 34
43 47 95
43 48 61
43 49 91
43 52 58
43 55 8
43 57 22
43 58 31
43 66 44
43 67 20
43 71 35
43 76 35
43 78 86
43 81 82
43 84 2
43 85 50
43 86 18
43 89 14
43 91 31
43 92 60
43 93 41
43 97 96
43 101 26
43 102 92
43 104 26
43 105 96
43 106 93
43 108 25
43 109 63
43 112 1
43 113 33
43 114 91
43 115 88
43 116 68
43 118 41
43 122 93
43 123 72
43 124 10
43 125 39
43 127 95
43 128 8
43 133 80
43 135 77
43 138 45
43 144 88
43 145 64
44 45 32
44 46 44
44 48 44
44 49 51
44 51 28
44 56 87
44 57 66
44 59 100
44 60 29
44 61 84
44 63 77
44 65 91
44 67 24
44 70 91
44 71 25
44 79 85
44 80 17
44 81 75
44 82 59
44 84 45
44 85 3
44 86 38
44 88 10
44 94 41
44 96 19
44 97 45
44 98 61
44 100 98
44 102 84
44 103 19
44 106 25
44 110 10
44 111 90
44 112 47
44 114 49
44 117 82
44 120 63
44 123 87
44 124 77
44 126 25
44 128 91
44 130 65
44 131 72
44 132 36
44 136 75
44 137 96
44 138 38
44 142 82
44 145 5
44 146 19
44 147 39
44 148 67
44 149 44
44 150 26
45 47 66
45 48 58
45 52 85
45 55 43
45 59 40
45 61 95
45 64 3
45 66 56
45 70 11
45 74 47
45 76 86
45 77 86
45 79 81
45 80 28
45 81 45
45 84 28
45 86 31
45 88 90
45 89 67
45 90 75
45 95 99
45 96 28
45 97 15
45 101 2
45 102 33
45 103 45
45 105 13
45 108 15
45 111 51
45 114 18
45 116 80
45 117 67
45 118 90
45 123 2
45 124 94
45 127 50
45 132 85
45 135 21
45 139 83
45 140 50
45 141 77
45 143 96
45 144 31
45 145 33
45 146 56
45 147 98
45 148 17
45 149 67
45 150 54
46 49 89
46 50 49
46 51 39
46 52 56
46 53 59
46 55 8
46 56 16
46 57 21
46 66 17
46 67 27
46 74 90
46 75 55
46 78 34
46 81 32
46 84 92
46 88 23
46 95 25
46 96 91
46 103 97
46 105 2
46 115 35
46 116 39
46 117 97
46 119 69
46 120 33
46 123 83
46 124 57
46 125 94
46 128 93
46 129 92
46 130 77
46 133 13
46 138 33
46 140 74
46 142 10
46 143 69
46 145 67
46 147 40
47 50 100
47 53 60
47 56 51
47 60 37
47 61 94
47 64 54
47 73 44
47 76 33
47 77 30
47 78 29
47 80 34
47 88 22
47 90 21
47 93 66
47 95 24
47 98 67
47 100 75
47 103 12
47 105 11
47 106 28
47 107 15
47 110 73
47 111 63
47 113 97
47 115 34
47 122 86
47 125 52
47 126 33
47 127 54
47 128 24
47 131 87
47 132 76
47 133 21
47 138 18
47 139 86
47 142 29
47 143 59
47 144 74
47 147 43
47 149 51
48 54 49
48 55 24
48 57 98
48 59 7
48 61 86
48 62 96
48 64 24
48 67 58
48 72 80
48 75 26
48 77 84
48 83 85
48 85 48
48 86 26
48 87 92
48 89 71
48 91 65
48 92 11
48 93 39
48 94 6
48 96 3
48 99 18
48 101 69
48 104 52
48 106 1
48 107 9
48 109 59
48 117 45
48 119 86
48 122 95
48 124 43
48 125 65
48 129 94
48 134 74
48 135 22
48 136 82
48 140 46
48 141 7
48 143 50
48 147 78
49 51 73
49 53 8
49 56 73
49 57 83
49 58 77
49 63 52
49 64 36
49 69 84
49 72 20
49 74 49
49 75 70
49 82 38
49 83 54
49 85 24
49 89 80
49 94 92
49 95 25
49 96 47
49 101 34
49 104 24
49 113 1
49 114 6
49 115 59
49 118 15
49 120 65
49 123 99
49 125 45
49 127 63
49 128 10
49 131 27
49 132 66
49 134 47
49 136 13
49 138 21
49 140 44
49 141 38
49 143 33
49 145 57
49 148 22
49 149 13
49 150 33
50 52 20
50 53 47
50 57 17
50 59 99
50 61 72
50 66 59
50 68 2
50 69 49
50 70 33
50 72 60
50 77 99
50 78 68
50 81 50
50 85 87
50 86 1
50 89 91
50 90 63
50 94 29
50 98 92
50 101 49
50 112 70
50 115 60
50 116 58
50 118 13
50 119 3
50 120 34
50 123 48
50 124 45
50 127 89
50 129 83
50 130 97
50 132 65
50 133 20
50 134 61
50 136 95
50 140 4
50 141 38
50 142 36
50 143 100
50 144 46
50 145 31
50 146 79
50 149 92
51 52 43
51 53 44
51 54 30
51 55 51
51 57 58
51 60 21
51 62 50
51 63 62
51 65 5
51 69 8
51 70 61
51 77 61
51 78 2
51 79 26
51 80 51
51 86 99
51 87 41
51 91 14
51 95 51
51 97 62
51 100 53
51 104 27
51 106 32
51 107 57
51 113 48
51 115 4
51 118 98
51 119 75
51 120 99
51 122 57
51 123 75
51 128 39
51 130 37
51 135 31
51 136 11
51 138 62
51 139 23
51 142 16
51 143 80
51 144 12
51 146 49
51 148 54
51 149 10
51 150 11
52 53 11
52 54 43
52 55 39
52 58 41
52 59 61
52 60 64
52 61 97
52 62 40
52 63 11
52 64 84
52 66 5
52 72 46
52 74 44
52 76 5
52 79 82
52 80 82
52 82 81
52 85 88
52 88 54
52 89 20
52 90 64
52 91 61
52 96 52
52 99 21
52 101 33
52 102 51
52 103 51
52 104 23
52 105 10
52 106 82
52 107 83
52 108 85
52 109 70
52 110 26
52 118 31
52 119 61
52 122 22
52 124 53
52 125 32
52 126 79
52 127 19
52 130 67
52 131 33
52 135 9
52 136 35
52 146 75
52 148 33
52 150 75
53 54 64
53 60 7
53 64 80
53 65 50
53 66 80
53 70 16
53 72 47
53 73 95
53 81 51
53 82 98
53 86 21
53 87 100
53 88 14
53 92 96
53 93 15
53 94 11
53 98 78
53 99 73
53 101 50
53 103 29
53 106 25
53 108 81
53 109 99
53 110 1
53 113 91
53 114 93
53 116 94
53 117 21
53 118 21
53 123 46
53 125 69
53 126 79
53 127 3
53 131 31
53 134 25
53 135 41
53 139 19
53 140 16
53 141 82
53 142 17
53 143 56
53 145 6
53 149 76
54 57 11
54 58 91
54 59 91
54 60 8
54 61 76
54 62 96
54 63 87
54 65 19
54 68 22
54 71 33
54 72 45
54 73 25
54 78 27
54 80 90
54 82 52
54 83 31
54 84 72
54 86 59
54 91 95
54 92 6
54 94 79
54 95 91
54 97 99
54 98 47
54 99 31
54 102 39
54 103 53
54 104 32
54 105 97
54 108 40
54 110 50
54 114 84
54 115 8
54 116 50
54 119 60
54 121 62
54 122 65
54 125 53
54 126 69
54 129 42
54 130 95
54 131 47
54 132 16
54 136 96
54 139 86
54 140 72
54 142 9
54 144 57
54 145 59
54 146 94
54 149 20
54 150 15
55 56 21
55 58 97
55 59 21
55 62 37
55 63 84
55 69 25
55 70 4
55 71 66
55 74 47
55 78 27
55 81 19
55 82 31
55 85 72
55 86 77
55 87 93
55 91 17
55 94 24
55 95 95
55 96 22
55 98 77
55 102 8
55 107 24
55 115 53
55 117 14
55 118 96
55 119 23
55 122 98
55 124 58
55 126 65
55 128 61
55 129 56
55 132 84
55 133 71
55 134 30
55 139 99
55 140 86
55 145 67
55 149 79
56 59 67
56 68 61
56 70 3
56 74 81
56 75 96
56 76 76
56 77 9
56 79 66
56 85 74
56 87 64
56 93 92
56 94 48
56 95 52
56 101 97
56 102 83
56 104 45
56 106 71
56 110 82
56 115 94
56 116 82
56 119 34
56 121 59
56 124 47
56 145 48
56 146 67
56 147 2
56 148 24
57 58 85
57 64 3
57 69 38
57 70 43
57 72 95
57 73 90
57 74 48
57 77 29
57 80 97
57 83 31
57 89 46
57 92 73
57 94 56
57 96 91
57 100 45
57 101 44
57 102 72
57 103 68
57 110 2
57 112 52
57 115 64
57 116 92
57 119 55
57 120 23
57 125 73
57 126 40
57 127 97
57 128 44
57 140 87
57 141 19
57 150 99
58 59 64
58 60 7
58 62 35
58 65 58
58 66 22
58 68 71
58 69 32
58 71 90
58 76 7
58 78 49
58 80 39
58 82 57
58 83 47
58 84 22
58 89 46
58 95 67
58 98 16
58 100 97
58 102 83
58 103 33
58 105 95
58 108 20
58 114 31
58 115 4
58 116 75
58 118 74
58 119 91
58 120 47
58 123 64
58 124 4
58 127 36
58 129 82
58 130 97
58 131 87
58 133 53
58 139 65
58 141 77
58 146 3
59 60 93
59 61 59
59 62 14
59 64 53
59 69 34
59 70 71
59 71 78
59 73 92
59 74 31
59 75 76
59 78 10
59 80 22
59 81 21
59 88 17
59 91 46
59 92 66
59 93 60
59 98 95
59 99 20
59 100 92
59 101 46
59 102 52
59 103 27
59 106 70
59 108 25
59 110 48
59 111 38
59 113 75
59 114 57
59 123 81
59 124 8
59 125 86
59 126 19
59 130 1
59 133 14
59 134 34
59 135 79
59 136 57
59 138 63
59 139 82
59 143 6
59 144 9
59 147 59
59 148 99
59 149 23
60 61 61
60 64 91
60 67 60
60 68 40
60 76 9
60 77 9
60 80 93
60 82 7
60 83 76
60 85 51
60 87 3
60 88 69
60 90 43
60 91 9
60 96 9
60 97 7
60 99 99
60 100 83
60 103 78
60 105 59
60 106 55
60 110 85
60 111 67
60 112 68
60 113 7
60 114 23
60 117 67
60 118 15
60 120 68
60 121 81
60 127 63
60 131 59
60 133 41
60 136 58
60 137 99
60 140 79
60 145 34
60 148 81
61 65 90
61 66 4
61 67 81
61 68 21
61 72 96
61 73 100
61 74 92
61 75 70
61 77 34
61 83 83
61 86 33
61 87 39
61 93 7
61 94 18
61 96 86
61 97 67
61 102 16
61 103 35
61 107 51
61 109 39
61 119 15
61 123 73
61 125 42
61 126 12
61 128 62
61 130 17
61 133 20
61 134 17
61 136 55
61 139 6
61 143 86
62 68 21
62 71 63
62 72 63
62 74 62
62 76 100
62 77 39
62 78 26
62 81 12
62 83 65
62 88 29
62 89 81
62 90 39
62 91 79
62 92 19
62 95 96
62 97 86
62 98 62
62 99 7
62 100 50
62 103 86
62 105 87
62 108 8
62 111 77
62 113 45
62 114 96
62 115 82
62 123 55
62 126 11
62 127 98
62 129 28
62 130 20
62 135 38
62 137 80
62 139 30
62 140 70
62 142 32
62 145 99
63 66 18
63 67 45
63 71 51
63 72 52
63 75 70
63 77 95
63 80 56
63 81 91
63 84 78
63 88 51
63 89 96
63 90 82
63 92 73
63 99 32
63 100 22
63 102 1
63 103 78
63 107 65
63 108 67
63 110 36
63 114 32
63 116 74
63 117 3
63 125 40
63 130 10
63 132 94
63 133 99
63 135 98
63 138 95
63 139 64
63 141 31
63 142 80
63 143 11
63 145 5
63 146 82
63 147 52
63 149 59
64 71 7
64 72 47
64 76 65
64 79 42
64 81 28
64 82 61
64 83 33
64 84 18
64 86 89
64 87 95
64 89 15
64 90 32
64 94 37
64 99 91
64 101 42
64 102 37
64 103 24
64 105 36
64 109 28
64 110 10
64 116 54
64 119 6
64 120 60
64 121 80
64 122 60
64 124 52
64 125 33
64 127 26
64 131 3
64 135 66
64 137 72
64 141 70
64 144 62
64 145 36
64 148 22
64 149 30
65 68 90
65 69 23
65 70 76
65 73 100
65 76 79
65 86 64
65 87 85
65 88 46
65 89 16
65 90 51
65 91 42
65 93 54
65 95 74
65 96 20
65 102 28
65 106 71
65 108 80
65 116 72
65 121 90
65 124 63
65 127 2
65 129 93
65 131 9
65 137 8
65 139 89
65 142 76
65 148 100
66 69 23
66 76 24
66 79 49
66 80 84
66 83 16
66 84 56
66 88 90
66 89 85
66 90 73
66 92 1
66 93 14
66 97 50
66 98 91
66 99 74
66 101 77
66 104 64
66 107 3
66 108 78
66 109 98
66 110 81
66 111 4
66 113 77
66 117 42
66 120 70
66 124 88
66 126 21
66 134 62
66 135 6
66 139 2
66 140 48
66 144 89
66 145 52
66 148 51
67 68 6
67 70 58
67 72 87
67 74 95
67 78 96
67 81 72
67 82 12
67 83 22
67 89 76
67 91 46
67 92 70
67 98 77
67 99 44
67 100 77
67 102 67
67 103 31
67 107 22
67 109 19
67 113 18
67 114 58
67 118 61
67 119 35
67 120 52
67 121 3
67 122 3
67 126 16
67 127 61
67 128 46
67 134 82
67 135 8
67 137 73
67 139 51
67 141 99
67 142 1
67 148 86
67 150 59
68 71 29
68 72 97
68 73 42
68 74 23
68 75 93
68 79 20
68 86 93
68 91 50
68 98 81
68 99 64
68 108 68
68 110 18
68 111 10
68 112 10
68 116 66
68 117 18
68 118 31
68 119 85
68 123 48
68 124 93
68 125 44
68 127 43
68 128 73
68 129 18
68 131 17
68 134 24
68 136 21
68 140 13
68 143 80
68 146 50
68 148 58
68 149 90
68 150 65
69 70 39
69 71 97
69 72 12
69 77 14
69 78 64
69 88 63
69 89 76
69 91 95
69 92 25
69 93 52
69 94 14
69 97 16
69 105 100
69 106 96
69 107 63
69 108 65
69 112 24
69 115 21
69 117 66
69 120 40
69 122 47
69 126 28
69 127 82
69 128 55
69 134 30
69 139 76
69 140 42
69 141 14
69 144 39
69 148 70
69 149 91
69 150 29
70 71 9
70 72 28
70 76 11
70 79 89
70 80 43
70 82 40
70 84 79
70 87 31
70 91 96
70 95 61
70 96 12
70 98 74
70 99 46
70 102 68
70 103 74
70 104 99
70 108 89
70 109 45
70 110 10
70 114 38
70 115 89
70 119 29
70 121 69
70 123 39
70 126 98
70 127 57
70 128 73
70 129 56
70 130 72
70 132 29
70 135 65
70 136 23
70 137 58
70 138 39
70 145 12
70 148 49
71 72 41
71 73 7
71 82 36
71 83 17
71 84 77
71 85 91
71 86 78
71 90 81
71 94 32
71 95 20
71 97 30
71 98 71
71 101 4
71 103 34
71 106 56
71 108 49
71 113 85
71 114 94
71 115 53
71 116 96
71 120 27
71 121 26
71 124 41
71 126 100
71 131 94
71 138 87
71 139 23
71 142 31
71 143 15
71 147 53
71 149 55
71 150 46
72 76 5
72 84 9
72 87 45
72 88 50
72 90 48
72 91 35
72 96 93
72 102 52
72 103 16
72 104 94
72 105 100
72 106 82
72 108 95
72 109 66
72 113 83
72 114 3
72 116 9
72 117 89
72 118 58
72 124 20
72 126 26
72 128 80
72 133 76
72 134 3
72 137 98
72 140 21
72 143 61
72 144 22
72 149 77
72 150 69
73 74 90
73 75 10
73 76 36
73 77 7
73 86 38
73 87 90
73 88 56
73 89 56
73 90 38
73 91 88
73 93 91
73 97 67
73 100 64
73 103 69
73 107 37
73 108 50
73 110 41
73 111 58
73 112 52
73 113 100
73 114 81
73 116 42
73 119 47
73 121 67
73 122 53
73 130 90
73 131 66
73 132 52
73 134 72
73 140 74
73 141 48
73 142 18
73 145 71
73 146 64
73 147 34
73 148 90
74 79 34
74 81 6
74 83 41
74 84 27
74 88 94
74 89 59
74 90 57
74 95 56
74 96 37
74 97 50
74 99 80
74 101 20
74 102 15
74 107 66
74 109 37
74 110 97
74 117 20
74 123 29
74 125 29
74 126 53
74 127 64
74 130 8
74 131 96
74 132 2
74 134 42
74 145 64
74 146 9
74 149 4
74 150 89
75 80 97
75 81 72
75 82 57
75 84 32
75 86 100
75 87 40
75 91 52
75 92 38
75 101 27
75 102 5
75 103 11
75 107 82
75 109 95
75 116 56
75 117 13
75 118 100
75 120 90
75 121 68
75 123 32
75 131 18
75 132 17
75 133 91
75 134 18
75 135 3
75 139 35
75 140 36
75 148 76
75 149 92
76 77 88
76 79 51
76 81 94
76 86 72
76 87 95
76 91 46
76 94 8
76 98 20
76 99 21
76 101 57
76 102 20
76 103 64
76 104 87
76 106 82
76 108 14
76 109 87
76 112 66
76 113 48
76 120 23
76 121 95
76 122 92
76 124 98
76 127 81
76 130 21
76 132 88
76 133 36
76 137 53
76 139 74
76 141 61
76 143 22
76 144 40
76 150 95
77 79 23
77 81 6
77 82 12
77 85 97
77 87 74
77 88 25
77 89 65
77 91 43
77 92 84
77 93 8
77 98 59
77 102 34
77 110 100
77 113 35
77 117 59
77 118 74
77 121 14
77 124 36
77 130 11
77 131 23
77 137 18
77 139 30
77 145 61
77 147 84
77 148 64
78 81 9
78 83 24
78 85 61
78 88 14
78 91 9
78 92 81
78 94 25
78 96 77
78 97 24
78 104 28
78 111 16
78 116 63
78 120 8
78 124 4
78 126 69
78 129 90
78 133 90
78 134 9
78 135 66
78 136 11
78 137 58
78 139 62
78 147 27
79 80 67
79 83 8
79 85 9
79 88 88
79 91 87
79 92 8
79 95 29
79 96 72
79 97 40
79 101 23
79 103 86
79 105 82
79 107 46
79 110 9
79 112 15
79 114 62
79 117 62
79 118 97
79 121 51
79 122 53
79 123 66
79 125 9
79 126 53
79 129 1
79 130 34
79 136 51
79 137 90
79 140 41
79 144 60
79 145 91
79 150 7
80 81 1
80 85 69
80 92 100
80 93 48
80 98 49
80 99 76
80 105 85
80 106 85
80 107 24
80 110 4
80 115 9
80 116 70
80 121 55
80 123 50
80 126 19
80 130 83
80 134 98
80 137 96
80 139 89
80 141 46
80 150 14
81 82 59
81 83 28
81 84 6
81 85 87
81 92 10
81 97 26
81 107 55
81 108 92
81 109 40
81 111 66
81 113 16
81 116 3
81 120 36
81 121 62
81 124 87
81 125 3
81 126 11
81 127 86
81 132 17
81 133 92
81 136 1
81 138 34
81 139 30
81 140 48
81 143 54
81 146 30
81 147 52
82 83 92
82 84 18
82 85 32
82 86 3
82 87 65
82 89 52
82 90 79
82 92 19
82 93 62
82 94 50
82 97 82
82 103 21
82 105 61
82 106 31
82 109 13
82 114 48
82 115 99
82 117 79
82 122 9
82 124 72
82 126 75
82 129 86
82 131 70
82 133 7
82 137 100
82 139 68
82 140 6
82 142 34
82 147 19
82 150 43
83 84 84
83 86 52
83 97 56
83 98 62
83 99 61
83 100 90
83 103 95
83 107 90
83 108 43
83 109 58
83 115 64
83 117 49
83 118 87
83 121 84
83 122 2
83 125 98
83 127 15
83 130 58
83 131 34
83 132 8
83 143 15
83 145 15
84 85 82
84 87 91
84 88 59
84 93 78
84 94 98
84 95 16
84 96 10
84 99 48
84 101 30
84 102 40
84 104 3
84 108 86
84 112 85
84 114 91
84 115 35
84 119 72
84 122 76
84 124 46
84 127 21
84 131 47
84 132 57
84 138 95
84 143 84
84 144 47
84 145 13
84 146 27
84 148 86
84 149 98
84 150 55
85 86 41
85 94 66
85 96 57
85 97 17
85 99 17
85 101 22
85 106 53
85 109 74
85 110 31
85 111 36
85 112 39
85 114 22
85 116 39
85 117 28
85 120 51
85 123 5
85 124 27
85 128 58
85 129 32
85 131 21
85 133 62
85 136 40
85 144 63
85 145 77
85 146 76
85 148 19
86 88 87
86 89 7
86 90 37
86 93 67
86 95 54
86 99 100
86 100 47
86 101 74
86 102 44
86 104 93
86 106 56
86 107 98
86 108 51
86 112 82
86 115 65
86 117 11
86 121 30
86 123 5
86 125 73
86 127 51
86 132 85
86 134 43
86 143 10
86 146 98
87 90 47
87 93 23
87 94 30
87 99 30
87 100 39
87 105 90
87 107 73
87 108 41
87 115 75
87 120 35
87 121 42
87 122 45
87 125 51
87 130 70
87 131 77
87 132 48
87 133 16
87 134 22
87 137 45
87 138 51
87 140 77
87 141 84
87 142 99
87 147 36
87 148 67
87 150 82
88 96 7
88 98 22
88 102 68
88 105 83
88 106 32
88 107 4
88 118 97
88 119 29
88 121 97
88 122 21
88 123 36
88 125 63
88 126 3
88 132 33
88 134 93
88 136 45
88 137 22
88 141 82
88 144 44
88 150 65
89 90 59
89 91 70
89 97 59
89 100 76
89 101 10
89 105 53
89 112 52
89 117 21
89 118 17
89 119 79
89 121 16
89 123 39
89 124 32
89 125 42
89 127 30
89 129 35
89 130 41
89 131 44
89 135 17
89 136 80
89 146 2
89 148 50
90 94 85
90 95 100
90 97 53
90 100 53
90 105 8
90 107 21
90 108 66
90 110 4
90 111 16
90 115 32
90 116 64
90 118 2
90 119 6
90 121 47
90 126 82
90 128 5
90 129 67
90 133 87
90 142 74
90 146 72
90 147 57
90 148 66
90 149 78
91 93 81
91 98 38
91 99 38
91 100 13
91 101 75
91 102 60
91 103 33
91 106 64
91 107 43
91 110 66
91 112 57
91 119 7
91 120 80
91 121 12
91 125 56
91 126 98
91 128 58
91 137 27
91 138 47
91 139 22
91 141 36
91 142 87
91 148 46
91 149 30
92 93 40
92 98 6
92 99 42
92 101 19
92 103 35
92 105 55
92 107 31
92 109 66
92 110 26
92 111 9
92 119 11
92 121 77
92 126 1
92 132 83
92 138 11
92 147 2
92 148 53
92 150 23
93 94 98
93 101 55
93 103 90
93 104 68
93 106 56
93 109 59
93 110 30
93 115 44
93 116 49
93 125 4
93 126 44
93 128 91
93 129 64
93 130 5
93 136 29
93 145 38
93 146 54
93 148 76
94 97 64
94 99 67
94 105 91
94 107 2
94 109 29
94 110 3
94 111 78
94 112 88
94 113 72
94 114 97
94 120 44
94 121 81
94 122 79
94 124 21
94 125 33
94 127 42
94 129 14
94 131 37
94 134 6
94 136 89
94 137 34
94 138 54
94 140 16
94 145 4
94 146 73
94 147 43
94 148 67
94 150 31
95 97 56
95 99 27
95 100 43
95 101 22
95 106 5
95 108 11
95 111 59
95 114 56
95 116 15
95 117 47
95 118 81
95 124 69
95 127 15
95 135 91
95 141 40
95 145 29
95 149 47
96 100 64
96 101 87
96 105 3
96 107 42
96 108 2
96 110 45
96 111 82
96 114 39
96 116 18
96 118 71
96 122 54
96 125 56
96 126 39
96 127 11
96 129 85
96 132 57
96 134 53
96 135 45
96 137 93
96 139 95
96 140 23
96 142 24
96 145 52
96 147 76
96 148 36
97 98 50
97 99 3
97 104 1
97 105 58
97 109 98
97 110 65
97 111 29
97 112 28
97 113 48
97 115 75
97 121 67
97 124 69
97 126 15
97 128 3
97 133 36
97 134 31
97 138 89
97 141 72
97 142 31
97 143 34
97 146 44
97 147 83
97 148 4
98 104 87
98 105 88
98 106 32
98 107 22
98 108 35
98 110 31
98 111 43
98 114 11
98 116 32
98 117 77
98 118 29
98 120 46
98 121 74
98 124 12
98 125 50
98 126 52
98 128 26
98 131 73
98 132 99
98 133 19
98 134 22
98 138 34
98 140 29
98 143 29
98 144 29
98 145 69
98 147 74
98 150 63
99 101 6
99 105 30
99 109 70
99 111 53
99 112 58
99 116 99
99 117 28
99 119 13
99 121 61
99 126 27
99 127 43
99 128 92
99 131 83
99 132 42
99 135 22
99 136 13
99 137 46
99 143 83
99 144 70
99 145 15
99 146 3
99 148 26
99 150 46
100 101 19
100 106 33
100 107 34
100 113 80
100 116 8
100 121 88
100 125 16
100 127 32
100 130 97
100 139 13
100 140 12
100 142 51
100 143 18
100 147 36
100 149 88
101 102 7
101 104 98
101 106 53
101 112 11
101 113 98
101 114 90
101 118 35
101 120 45
101 121 23
101 122 97
101 125 9
101 126 47
101 130 63
101 131 65
101 139 43
101 140 73
101 142 18
101 143 81
101 144 86
102 105 66
102 108 59
102 109 96
102 111 62
102 114 67
102 121 81
102 126 17
102 127 17
102 128 47
102 131 49
102 137 23
102 138 59
102 139 75
102 143 33
102 146 34
102 147 27
102 148 20
103 104 49
103 105 50
103 110 91
103 111 64
103 115 79
103 116 19
103 117 100
103 118 43
103 119 74
103 120 60
103 121 37
103 122 92
103 124 42
103 125 89
103 126 53
103 134 68
103 136 75
103 140 45
103 142 78
103 143 52
103 144 100
103 147 69
103 148 72
104 106 61
104 108 16
104 109 38
104 110 63
104 111 85
104 115 47
104 119 79
104 120 93
104 127 21
104 130 42
104 133 71
104 135 10
104 137 18
104 140 69
104 142 66
104 143 20
104 147 34
105 106 55
105 109 75
105 110 28
105 113 99
105 119 62
105 122 45
105 128 21
105 130 13
105 141 95
105 143 80
105 145 32
105 147 63
105 148 93
105 149 27
106 107 99
106 108 87
106 109 4
106 111 56
106 115 71
106 122 7
106 129 11
106 130 16
106 135 70
106 136 35
106 137 24
106 138 58
106 140 100
106 141 1
106 143 62
106 145 40
106 149 96
107 108 89
107 110 8
107 111 60
107 113 66
107 114 71
107 119 84
107 122 48
107 123 53
107 125 60
107 126 55
107 127 84
107 128 92
107 131 9
107 135 30
107 137 29
107 138 32
107 139 94
107 140 52
107 142 91
107 144 73
107 146 100
107 148 1
107 150 18
108 109 21
108 110 97
108 111 2
108 112 13
108 115 85
108 116 56
108 117 89
108 118 38
108 120 50
108 122 40
108 123 2
108 127 85
108 129 97
108 131 61
108 132 23
108 133 94
108 135 96
108 140 1
108 146 53
108 148 14
109 114 53
109 115 27
109 120 95
109 121 42
109 128 49
109 131 68
109 134 1
109 135 63
109 141 21
109 144 13
109 145 7
109 146 77
110 114 71
110 116 7
110 117 56
110 120 85
110 122 100
110 123 30
110 125 36
110 128 97
110 131 22
110 132 40
110 134 67
110 135 27
110 137 84
110 138 41
110 142 82
110 143 72
110 146 46
111 112 67
111 116 94
111 117 85
111 121 25
111 125 81
111 128 15
111 137 89
111 141 68
111 144 18
111 146 21
112 113 51
112 116 29
112 119 64
112 122 45
112 124 23
112 127 45
112 131 46
112 132 46
112 133 82
112 134 43
112 135 3
112 136 12
112 142 63
112 144 98
112 147 42
112 149 7
113 127 24
113 129 40
113 131 5
113 133 48
113 138 32
113 141 100
113 145 56
113 146 23
113 147 38
113 149 29
114 115 13
114 119 75
114 125 26
114 127 50
114 130 62
114 132 65
114 133 82
114 134 44
114 136 52
114 137 2
114 138 22
114 141 100
114 142 47
114 144 41
114 146 18
115 116 47
115 119 66
115 121 46
115 122 85
115 123 98
115 124 61
115 126 7
115 127 10
115 128 16
115 135 2
115 137 27
115 140 61
115 144 83
115 145 56
115 149 62
116 118 73
116 120 66
116 125 29
116 128 71
116 129 59
116 132 16
116 133 32
116 137 33
116 138 73
116 139 41
116 143 56
116 146 22
116 147 94
116 149 55
117 121 99
117 122 25
117 124 39
117 129 45
117 130 7
117 131 41
117 136 38
117 139 52
117 140 76
117 144 43
117 145 20
117 149 78
117 150 79
118 120 86
118 122 66
118 123 67
118 128 51
118 131 96
118 132 45
118 139 92
118 140 86
118 141 75
118 142 20
118 145 85
118 146 81
118 150 65
119 120 72
119 122 1
119 124 7
119 125 56
119 129 88
119 130 58
119 131 27
119 133 6
119 136 23
119 137 51
119 138 95
119 139 45
119 142 15
119 143 45
119 144 66
119 146 9
119 147 58
119 149 78
120 121 18
120 125 62
120 127 13
120 129 85
120 135 30
120 136 28
120 139 86
120 140 99
120 142 8
120 143 67
120 145 83
121 123 77
121 124 45
121 126 3
121 127 99
121 128 74
121 130 1
121 131 77
121 133 85
121 139 67
121 141 28
121 143 40
121 146 61
121 147 92
122 123 78
122 124 65
122 125 67
122 126 69
122 128 62
122 134 91
122 135 24
122 137 62
122 138 13
122 140 32
122 142 8
122 147 90
122 150 74
123 124 96
123 126 41
123 128 6
123 132 17
123 135 90
123 138 71
123 141 26
123 145 89
123 147 72
123 149 10
124 130 51
124 131 78
124 133 69
124 134 89
124 137 86
124 138 2
124 142 18
124 143 26
124 144 37
124 145 87
125 126 39
125 127 72
125 128 71
125 130 92
125 133 11
125 134 79
125 135 2
125 136 94
125 139 99
125 141 25
125 142 70
125 143 16
125 146 92
126 127 72
126 129 21
126 130 25
126 131 53
126 133 98
126 141 78
126 143 60
126 144 79
126 149 87
126 150 28
127 128 11
127 132 6
127 133 61
127 134 2
127 135 33
127 136 24
127 140 12
127 141 2
127 142 65
127 143 18
127 147 67
127 148 47
127 149 71
127 150 13
128 130 58
128 135 87
128 137 100
128 139 51
128 140 53
128 142 95
128 147 27
128 149 27
128 150 3
129 132 69
129 135 10
129 144 53
129 147 54
129 148 18
129 150 48
130 131 67
130 133 10
130 135 94
130 136 39
130 139 27
130 143 7
130 144 30
130 147 82
130 148 31
131 133 64
131 134 29
131 137 56
131 138 55
131 146 9
131 150 36
132 138 37
132 143 26
133 138 82
133 141 56
133 142 29
133 143 77
133 145 80
133 146 61
133 149 72
134 135 28
134 139 37
134 140 23
134 142 99
134 145 53
134 148 73
134 150 85
135 137 43
135 142 26
135 143 39
135 147 79
135 148 59
136 142 64
136 143 5
136 148 60
136 149 16
137 142 97
137 145 56
137 146 10
137 147 39
137 149 78
137 150 39
138 144 74
138 145 99
138 146 44
138 147 92
138 148 69
138 150 6
139 140 72
139 141 27
139 145 7
139 148 40
139 149 4
139 150 67
140 141 34
140 142 46
140 146 24
140 147 5
140 150 54
141 143 71
141 145 15
141 146 13
141 147 77
141 148 80
142 144 99
142 145 48
142 146 98
143 144 28
143 145 39
143 150 66
144 145 96
144 147 93
144 150 24
145 147 40
145 148 71
145 149 12
145 150 58
146 148 49
146 150 18
147 148 17
149 150 89
1 3 75
1 4 11
1 7 58
1 10 11
1 12 81
1 14 28
1 15 88
1 16 50
1 19 81
1 20 24
1 24 65
1 26 45
1 28 6
1 30 65
1 32 42
1 34 47
1 41 90
1 43 35
1 45 13
1 47 97
1 49 76
1 52 17
1 53 83
1 58 56
1 59 85
1 64 40
1 65 86
1 67 95
1 68 64
1 69 54
1 71 81
1 73 83
1 76 8
1 78 53
1 84 87
1 85 13
1 86 64
1 87 97
1 90 76
1 92 69
1 95 84
1 96 72
1 98 30
1 99 78
1 104 51
1 105 100
1 106 55
1 110 32
1 112 79
1 113 25
1 114 40
1 115 59
1 121 87
1 126 56
1 131 68
1 134 9
1 137 9
1 140 4
1 141 41
1 142 59
1 145 40
1 146 80
1 147 21
1 148 53
1 149 35
2 3 53
2 8 21
2 10 60
2 16 56
2 17 17
2 18 93
2 20 47
2 23 59
2 24 33
2 25 31
2 26 55
2 30 71
2 32 78
2 34 84
2 38 30
2 42 4
2 43 86
2 44 8
2 47 82
2 48 12
2 49 9
2 50 5
2 54 37
2 55 92
2 56 2
2 57 71
2 58 63
2 64 3
2 65 86
2 68 44
2 69 71
2 70 70
2 71 35
2 75 27
2 76 64
2 78 2
2 79 28
2 80 57
2 82 99
2 90 70
2 91 12
2 93 7
2 94 98
2 95 26
2 96 22
2 100 58
2 101 70
2 102 53
2 104 27
2 105 77
2 108 30
2 110 93
2 111 98
2 112 47
2 114 21
2 115 70
2 116 76
2 117 37
2 118 76
2 119 47
2 122 53
2 124 55
2 128 91
2 129 8
2 130 78
2 131 37
2 135 17
2 137 95
2 138 39
2 139 47
2 149 52
3 11 12
3 14 60
3 15 32
3 21 38
3 22 17
3 26 32
3 29 61
3 32 16
3 33 65
3 35 7
3 40 53
3 46 53
3 50 44
3 51 97
3 54 67
3 55 61
3 56 38
3 59 98
3 60 19
3 62 76
3 63 91
3 64 57
3 67 21
3 69 5
3 72 16
3 76 54
3 79 57
3 80 70
3 81 6
3 82 79
3 83 90
3 89 13
3 90 47
3 91 73
3 92 38
3 99 9
3 106 59
3 107 43
3 108 54
3 109 67
3 110 43
3 111 65
3 113 11
3 114 68
3 116 80
3 119 44
3 121 2
3 122 39
3 123 77
3 127 40
3 130 44
3 132 49
3 134 16
3 136 23
3 138 57
3 139 92
3 143 28
3 144 83
3 145 79
3 146 30
3 148 100
3 150 72
4 5 72
4 6 16
4 7 90
4 8 66
4 11 57
4 12 61
4 13 23
4 17 44
4 19 55
4 20 8
4 22 56
4 25 4
4 33 53
4 35 83
4 37 99
4 38 71
4 43 21
4 44 70
4 45 31
4 48 98
4 54 68
4 57 54
4 60 87
4 61 12
4 63 93
4 68 45
4 69 40
4 71 14
4 72 10
4 73 12
4 75 75
4 76 49
4 80 75
4 84 11
4 85 18
4 87 50
4 89 72
4 90 43
4 94 81
4 95 71
4 106 64
4 108 12
4 113 34
4 118 8
4 121 64
4 123 3
4 129 43
4 131 74
4 132 1
4 140 10
4 143 78
4 146 4
4 147 7
4 148 26
4 149 49
5 7 31
5 11 74
5 12 33
5 18 94
5 20 54
5 22 90
5 25 4
5 26 37
5 27 78
5 28 58
5 29 65
5 31 63
5 32 58
5 37 49
5 38 62
5 39 93
5 45 7
5 47 42
5 53 78
5 55 86
5 59 3
5 60 49
5 62 87
5 64 86
5 65 14
5 67 92
5 72 11
5 74 45
5 76 36
5 77 5
5 81 41
5 83 95
5 85 40
5 87 3
5 94 78
5 96 28
5 97 59
5 98 56
5 99 11
5 104 91
5 105 42
5 106 32
5 108 55
5 111 87
5 113 90
5 118 76
5 120 55
5 121 93
5 125 7
5 127 12
5 132 27
5 133 69
5 139 40
5 140 13
5 143 44
5 145 44
5 147 63
5 148 79
5 149 19
6 7 25
6 10 11
6 15 72
6 18 89
6 20 9
6 21 71
6 22 29
6 24 96
6 30 78
6 31 73
6 34 7
6 36 99
6 39 29
6 48 31
6 49 55
6 50 7
6 54 20
6 55 35
6 61 27
6 67 9
6 71 5
6 74 11
6 75 88
6 77 56
6 78 100
6 79 6
6 85 59
6 87 86
6 90 54
6 93 90
6 94 83
6 95 42
6 97 30
6 98 95
6 100 12
6 107 86
6 109 21
6 110 71
6 113 9
6 116 86
6 119 77
6 123 44
6 124 84
6 126 16
6 131 36
6 132 21
6 135 79
6 138 41
6 140 42
6 142 44
6 145 68
6 146 80
6 148 67
7 9 82
7 10 20
7 11 85
7 12 28
7 13 84
7 14 92
7 17 19
7 19 71
7 22 3
7 26 49
7 29 99
7 30 85
7 31 85
7 32 30
7 34 3
7 37 99
7 39 80
7 40 43
7 43 67
7 44 34
7 45 43
7 47 26
7 48 97
7 53 18
7 55 20
7 56 15
7 58 77
7 61 11
7 66 18
7 75 36
7 76 63
7 85 25
7 87 40
7 88 94
7 93 31
7 94 13
7 97 69
7 100 65
7 105 53
7 107 77
7 108 51
7 113 50
7 114 49
7 117 79
7 121 76
7 122 81
7 123 19
7 124 95
7 125 30
7 134 32
7 135 40
7 137 41
7 139 17
7 141 60
7 143 46
7 146 100
7 148 68
7 150 46
8 12 28
8 14 4
8 16 85
8 17 24
8 25 34
8 28 69
8 32 39
8 36 100
8 41 27
8 42 89
8 44 52
8 48 61
8 50 25
8 52 49
8 61 27
8 65 3
8 67 61
8 69 27
8 72 35
8 74 18
8 75 11
8 78 54
8 79 52
8 83 17
8 86 32
8 88 57
8 95 59
8 97 46
8 98 78
8 99 40
8 100 18
8 103 100
8 109 24
8 112 66
8 115 68
8 116 89
8 119 41
8 120 85
8 122 73
8 128 67
8 131 69
8 133 56
8 135 77
8 136 73
8 137 6
8 138 33
8 140 32
8 142 42
8 144 16
8 146 97
8 147 7
8 149 49
9 10 64
9 11 32
9 13 81
9 15 53
9 22 77
9 23 34
9 25 6
9 33 64
9 34 54
9 35 54
9 39 80
9 41 99
9 46 15
9 53 92
9 56 13
9 58 8
9 60 11
9 62 73
9 68 67
9 70 35
9 72 52
9 73 95
9 74 84
9 75 13
9 79 3
9 83 86
9 84 91
9 85 93
9 87 88
9 90 5
9 96 58
9 98 81
9 103 70
9 104 53
9 109 56
9 114 75
9 115 96
9 117 52
9 119 78
9 124 79
9 126 36
9 127 45
9 129 36
9 136 31
9 137 42
9 139 30
9 140 21
9 141 50
9 142 52
9 143 62
9 145 41
9 147 65
9 150 4
10 14 14
10 15 95
10 17 5
10 18 82
10 19 57
10 20 17
10 21 1
10 22 52
10 23 97
10 26 43
10 29 81
10 30 78
10 33 34
10 34 93
10 36 53
10 37 80
10 40 15
10 42 83
10 44 72
10 45 69
10 46 57
10 48 84
10 50 88
10 52 67
10 53 18
10 54 45
10 56 69
10 59 47
10 65 21
10 67 79
10 69 47
10 70 77
10 74 84
10 76 16
10 77 64
10 79 74
10 81 62
10 82 80
10 86 52
10 93 57
10 94 28
10 95 41
10 100 60
10 103 58
10 104 46
10 105 82
10 106 49
10 108 87
10 109 62
10 110 71
10 113 77
10 114 54
10 116 32
10 119 3
10 122 18
10 124 58
10 128 79
10 131 42
10 138 5
10 139 31
10 142 89
10 144 2
10 146 30
10 148 35
10 149 64
11 12 93
11 16 71
11 18 53
11 19 67
11 22 66
11 24 88
11 27 85
11 28 54
11 32 93
11 33 14
11 35 45
11 41 98
11 43 3
11 47 43
11 52 28
11 55 49
11 56 73
11 62 37
11 67 73
11 69 56
11 71 7
11 72 98
11 75 40
11 79 88
11 83 22
11 86 3
11 87 80
11 88 26
11 89 63
11 90 91
11 94 55
11 97 59
11 98 90
11 103 73
11 105 29
11 106 32
11 107 44
11 113 28
11 120 71
11 126 65
11 128 12
11 130 9
11 131 23
11 134 8
11 139 96
11 141 4
11 145 74
11 148 92
11 149 98
11 150 28
12 14 13
12 15 95
12 17 13
12 18 61
12 19 75
12 26 96
12 29 74
12 31 55
12 32 10
12 35 61
12 38 32
12 39 100
12 44 42
12 47 8
12 50 81
12 56 90
12 58 98
12 62 63
12 65 84
12 66 11
12 68 96
12 69 98
12 70 90
12 73 85
12 76 76
12 80 83
12 82 31
12 85 95
12 89 45
12 93 85
12 94 59
12 95 32
12 98 34
12 100 72
12 101 34
12 113 60
12 114 32
12 119 78
12 120 50
12 122 75
12 124 27
12 126 72
12 130 31
12 132 67
12 133 49
12 134 84
12 140 30
12 146 56
12 148 3
13 15 39
13 19 24
13 20 64
13 21 92
13 22 30
13 24 92
13 26 53
13 29 39
13 30 97
13 31 66
13 36 12
13 37 3
13 41 95
13 43 58
13 46 32
13 47 74
13 48 43
13 50 61
13 51 62
13 52 88
13 56 80
13 60 27
13 61 99
13 62 33
13 63 42
13 66 72
13 68 96
13 73 86
13 74 78
13 78 37
13 79 69
13 80 97
13 81 5
13 87 11
13 88 34
13 89 6
13 90 87
13 92 22
13 94 73
13 95 54
13 97 46
13 101 3
13 102 58
13 107 6
13 108 70
13 109 74
13 113 68
13 114 93
13 116 9
13 117 93
13 121 22
13 122 35
13 125 93
13 127 40
13 130 67
13 132 62
13 135 59
13 137 35
13 140 92
13 143 22
13 145 65
13 149 43
14 15 53
14 16 6
14 19 63
14 21 25
14 22 16
14 28 88
14 29 39
14 31 12
14 35 16
14 38 44
14 40 66
14 52 66
14 53 81
14 55 78
14 60 23
14 61 37
14 63 95
14 68 3
14 69 18
14 70 41
14 71 88
14 75 3
14 78 73
14 79 42
14 82 75
14 83 25
14 87 67
14 89 81
14 90 57
14 92 48
14 94 6
14 95 100
14 98 87
14 99 36
14 103 79
14 104 2
14 105 18
14 108 80
14 109 97
14 112 49
14 113 23
14 116 80
14 118 14
14 119 19
14 125 69
14 128 17
14 129 51
14 131 10
14 132 90
14 138 31
14 139 73
14 143 36
14 144 7
14 146 62
15 16 80
15 17 65
15 23 98
15 26 4
15 27 17
15 28 65
15 30 15
15 31 17
15 32 54
15 34 97
15 37 81
15 39 69
15 49 80
15 50 83
15 55 73
15 56 52
15 57 65
15 64 57
15 70 44
15 72 73
15 83 25
15 84 28
15 85 87
15 86 31
15 87 38
15 92 67
15 93 96
15 95 27
15 98 2
15 106 14
15 108 65
15 109 78
15 113 40
15 116 20
15 118 53
15 119 28
15 121 43
15 123 86
15 125 77
15 133 93
15 135 21
15 142 72
15 143 17
15 144 22
15 146 98
15 148 12
15 150 40
16 17 98
16 24 65
16 25 61
16 27 77
16 29 79
16 30 78
16 32 17
16 35 33
16 36 95
16 38 80
16 39 36
16 44 30
16 47 44
16 48 46
16 51 45
16 52 87
16 53 79
16 55 65
16 56 9
16 59 5
16 61 36
16 63 51
16 64 59
16 68 40
16 71 29
16 75 94
16 76 31
16 78 69
16 86 87
16 88 100
16 89 8
16 92 80
16 94 51
16 95 39
16 96 33
16 97 39
16 99 64
16 100 42
16 105 21
16 109 6
16 111 23
16 115 58
16 117 23
16 118 6
16 123 36
16 124 12
16 126 44
16 128 73
16 130 98
16 134 26
16 135 59
16 138 5
16 140 84
16 141 98
16 142 53
16 144 80
16 145 26
16 147 83
16 148 90
16 150 10
17 18 67
17 20 96
17 27 59
17 31 7
17 33 90
17 35 40
17 38 84
17 41 54
17 42 44
17 46 84
17 48 26
17 50 23
17 54 54
17 56 6
17 58 47
17 59 60
17 61 52
17 62 10
17 65 19
17 67 28
17 69 97
17 75 37
17 76 65
17 80 72
17 84 57
17 86 98
17 88 99
17 95 31
17 97 93
17 98 60
17 99 34
17 103 81
17 109 7
17 111 4
17 115 45
17 117 79
17 119 73
17 120 99
17 121 79
17 122 66
17 123 70
17 124 74
17 127 64
17 128 92
17 129 54
17 130 2
17 131 67
17 132 99
17 133 31
17 134 14
17 137 32
17 139 93
17 144 34
17 145 74
17 148 9
18 20 64
18 21 57
18 22 12
18 24 45
18 31 96
18 32 34
18 38 33
18 41 85
18 47 82
18 48 69
18 50 2
