150 10058 1
1 6 88
1 11 9
1 15 1
1 17 90
1 18 6
1 20 91
1 21 7
1 22 57
1 23 99
1 28 25
1 33 68
1 36 49
1 37 41
1 41 9
1 42 63
1 45 56
1 46 61
1 47 62
1 48 77
1 52 94
1 55 82
1 56 13
1 58 87
1 63 36
1 64 10
1 65 15
1 74 46
1 84 38
1 85 94
1 86 85
1 87 65
1 89 51
1 91 41
1 92 96
1 94 10
1 100 87
1 101 8
1 103 24
1 104 91
1 109 61
1 115 100
1 119 77
1 121 69
1 122 85
1 131 71
1 134 7
1 137 78
1 138 90
1 141 80
1 143 76
1 145 26
1 148 93
1 150 100
2 3 78
2 8 54
2 15 22
2 20 11
2 21 79
2 25 68
2 27 39
2 32 18
2 33 16
2 34 45
2 36 96
2 37 68
2 42 34
2 44 17
2 51 49
2 52 44
2 54 52
2 55 58
2 57 53
2 58 95
2 59 6
2 65 98
2 66 76
2 68 47
2 70 62
2 77 87
2 80 56
2 84 18
2 85 83
2 86 69
2 88 78
2 89 21
2 90 33
2 96 91
2 98 36
2 99 2
2 100 47
2 104 55
2 105 47
2 106 58
2 110 22
2 111 75
2 112 76
2 117 30
2 118 21
2 119 55
2 121 59
2 123 63
2 124 54
2 125 77
2 127 52
2 131 26
2 135 13
2 139 19
2 141 17
2 146 87
2 150 90
3 6 11
3 7 11
3 10 65
3 11 92
3 14 8
3 15 35
3 16 74
3 18 11
3 22 62
3 27 4
3 31 99
3 33 32
3 37 34
3 38 52
3 41 20
3 42 38
3 44 19
3 45 41
3 48 85
3 50 78
3 54 43
3 55 37
3 57 30
3 65 64
3 66 18
3 67 94
3 70 40
3 73 83
3 76 27
3 77 39
3 79 86
3 91 78
3 94 78
3 95 57
3 97 66
3 100 60
3 104 67
3 106 65
3 107 82
3 110 63
3 112 40
3 114 98
3 117 83
3 125 21
3 128 49
3 129 3
3 134 94
3 135 13
3 140 88
3 141 40
4 10 26
4 12 32
4 18 23
4 20 5
4 22 12
4 26 54
4 28 33
4 33 78
4 34 46
4 42 22
4 44 92
4 45 96
4 47 51
4 50 6
4 52 9
4 54 66
4 58 31
4 59 49
4 64 37
4 65 35
4 67 72
4 68 69
4 69 69
4 71 75
4 72 6
4 75 63
4 77 69
4 83 75
4 85 42
4 86 75
4 93 21
4 99 39
4 100 35
4 101 72
4 103 89
4 106 59
4 107 57
4 111 50
4 115 100
4 119 23
4 121 73
4 123 67
4 126 16
4 127 24
4 128 53
4 130 92
4 132 33
4 134 33
4 137 21
4 139 84
4 145 83
4 146 9
4 147 52
4 148 5
5 6 69
5 11 34
5 12 18
5 13 39
5 14 84
5 16 43
5 23 46
5 25 23
5 28 47
5 29 64
5 30 43
5 32 82
5 33 15
5 34 16
5 35 26
5 37 31
5 39 41
5 41 74
5 43 68
5 46 31
5 47 91
5 49 47
5 51 16
5 55 25
5 61 21
5 62 8
5 65 15
5 74 93
5 75 88
5 76 78
5 77 91
5 79 55
5 83 16
5 84 56
5 88 14
5 91 50
5 92 72
5 95 98
5 99 14
5 101 91
5 102 54
5 103 7
5 104 40
5 105 29
5 108 84
5 109 78
5 110 57
5 111 12
5 113 39
5 114 20
5 116 20
5 117 7
5 118 13
5 119 1
5 120 30
5 121 33
5 122 47
5 124 95
5 128 31
5 129 27
5 131 17
5 132 88
5 140 83
5 141 14
5 143 21
5 145 96
5 149 46
6 7 11
6 8 33
6 9 73
6 11 94
6 12 72
6 13 35
6 14 43
6 16 81
6 19 82
6 22 48
6 24 68
6 28 73
6 30 7
6 32 90
6 33 33
6 36 55
6 37 8
6 40 36
6 41 82
6 43 1
6 44 90
6 45 79
6 47 25
6 52 87
6 53 15
6 54 82
6 56 39
6 57 32
6 58 19
6 61 99
6 67 55
6 72 72
6 76 3
6 77 2
6 78 17
6 79 11
6 86 86
6 88 97
6 90 44
6 95 2
6 97 42
6 100 75
6 101 73
6 102 66
6 103 52
6 105 17
6 106 69
6 108 94
6 110 89
6 111 3
6 112 89
6 113 31
6 115 77
6 120 12
6 124 84
6 126 79
6 131 79
6 135 6
6 137 32
6 140 64
6 143 94
6 149 25
7 9 46
7 12 52
7 13 98
7 14 45
7 15 87
7 17 66
7 18 9
7 19 19
7 21 30
7 23 82
7 26 33
7 27 58
7 28 97
7 30 51
7 32 25
7 34 98
7 35 77
7 37 100
7 39 68
7 42 79
7 43 24
7 45 42
7 47 28
7 50 40
7 51 34
7 53 34
7 54 94
7 55 30
7 56 20
7 58 16
7 61 5
7 63 41
7 66 76
7 70 91
7 72 26
7 74 45
7 75 8
7 79 35
7 82 72
7 83 18
7 86 79
7 88 14
7 90 84
7 92 5
7 94 11
7 101 41
7 102 15
7 106 19
7 108 73
7 109 99
7 114 93
7 116 77
7 120 40
7 121 98
7 123 72
7 126 99
7 134 19
7 136 39
7 138 75
7 140 36
7 142 26
7 145 84
7 147 60
7 149 13
8 12 36
8 13 26
8 16 4
8 17 44
8 18 26
8 20 28
8 21 30
8 24 42
8 28 82
8 29 59
8 33 8
8 36 92
8 37 97
8 40 98
8 47 79
8 50 26
8 51 37
8 52 82
8 53 76
8 54 85
8 55 77
8 56 77
8 63 3
8 65 60
8 66 48
8 67 78
8 69 24
8 73 44
8 83 44
8 84 81
8 85 14
8 87 24
8 93 78
8 97 20
8 99 40
8 101 98
8 102 23
8 103 31
8 107 12
8 111 26
8 112 4
8 113 10
8 114 64
8 115 87
8 118 6
8 119 99
8 120 32
8 121 65
8 123 61
8 124 47
8 127 94
8 128 50
8 132 68
8 133 37
8 135 22
8 136 77
8 138 96
8 140 66
8 144 61
8 148 57
8 150 71
9 13 20
9 15 48
9 16 40
9 18 70
9 20 21
9 23 42
9 30 26
9 31 9
9 41 76
9 42 2
9 43 31
9 46 82
9 48 78
9 51 62
9 52 19
9 54 24
9 56 11
9 61 53
9 64 33
9 65 50
9 66 17
9 67 12
9 72 76
9 73 54
9 75 57
9 82 93
9 83 74
9 85 47
9 87 26
9 88 91
9 89 19
9 93 16
9 101 2
9 103 59
9 104 76
9 105 95
9 107 11
9 109 19
9 112 66
9 115 20
9 116 43
9 119 2
9 121 12
9 125 29
9 126 9
9 133 89
9 134 71
9 135 68
9 137 85
9 138 8
9 143 56
9 148 54
9 149 24
10 11 68
10 12 59
10 13 26
10 18 47
10 19 7
10 20 24
10 27 49
10 33 69
10 34 84
10 35 1
10 36 35
10 38 97
10 42 47
10 43 60
10 44 11
10 45 25
10 48 56
10 52 97
10 54 78
10 56 91
10 59 93
10 64 78
10 65 79
10 66 26
10 67 40
10 75 87
10 77 82
10 78 43
10 79 6
10 82 81
10 84 80
10 85 59
10 87 79
10 88 74
10 89 3
10 90 19
10 92 46
10 93 46
10 98 85
10 100 42
10 102 85
10 103 18
10 105 78
10 107 54
10 111 42
10 112 18
10 118 51
10 120 12
10 125 57
10 129 77
10 130 52
10 132 91
10 134 53
10 137 22
10 138 6
10 139 36
10 140 37
10 141 93
10 143 67
10 145 14
10 148 30
10 149 6
10 150 96
11 13 90
11 15 24
11 20 6
11 21 12
11 22 48
11 23 33
11 24 55
11 27 24
11 30 37
11 31 46
11 32 39
11 33 37
11 34 21
11 38 33
11 45 99
11 46 9
11 47 4
11 48 74
11 49 30
11 50 65
11 53 43
11 62 72
11 63 56
11 64 1
11 66 100
11 67 44
11 69 84
11 70 30
11 71 38
11 72 8
11 74 100
11 75 68
11 76 82
11 78 15
11 82 53
11 87 33
11 88 79
11 93 22
11 94 9
11 96 23
11 102 82
11 103 16
11 106 23
11 108 73
11 115 58
11 116 20
11 118 61
11 119 83
11 120 62
11 121 40
11 122 75
11 125 56
11 127 31
11 128 14
11 129 41
11 131 42
11 136 6
11 138 50
11 144 25
11 148 67
11 149 85
12 13 81
12 14 63
12 17 22
12 18 74
12 19 89
12 22 34
12 29 1
12 32 39
12 33 53
12 34 63
12 36 85
12 38 72
12 40 69
12 41 77
12 42 86
12 45 49
12 47 51
12 51 22
12 52 10
12 53 92
12 55 26
12 56 64
12 57 13
12 58 92
12 63 85
12 65 66
12 69 86
12 71 45
12 73 59
12 77 7
12 80 7
12 83 65
12 88 8
12 89 76
12 91 8
12 92 11
12 93 83
12 95 82
12 97 78
12 98 79
12 100 28
12 102 49
12 105 69
12 113 35
12 115 63
12 116 5
12 117 68
12 123 58
12 125 66
12 126 97
12 129 66
12 132 69
12 135 49
12 136 42
12 137 89
12 138 91
12 139 70
12 141 35
12 143 18
12 144 95
12 147 40
12 149 24
13 14 19
13 16 18
13 17 62
13 21 6
13 23 71
13 24 79
13 27 19
13 29 9
13 30 17
13 32 73
13 34 84
13 37 7
13 38 89
13 40 39
13 42 10
13 43 100
13 47 25
13 48 50
13 51 53
13 52 39
13 53 40
13 54 27
13 55 23
13 56 20
13 60 63
13 62 55
13 63 91
13 68 30
13 70 12
13 71 34
13 75 83
13 76 4
13 77 37
13 81 53
13 85 77
13 87 78
13 90 89
13 91 6
13 92 72
13 94 70
13 97 63
13 99 16
13 102 83
13 103 89
13 104 46
13 108 28
13 111 42
13 114 87
13 116 65
13 119 19
13 121 88
13 124 80
13 128 59
13 129 96
13 130 25
13 131 75
13 132 4
13 144 84
13 145 6
14 15 96
14 18 9
14 21 95
14 22 7
14 23 36
14 25 43
14 26 34
14 29 53
14 34 21
14 35 74
14 40 76
14 41 22
14 42 66
14 43 2
14 45 19
14 48 24
14 51 86
14 52 73
14 56 15
14 57 82
14 60 23
14 64 37
14 65 19
14 67 66
14 74 9
14 78 78
14 79 55
14 80 27
14 81 87
14 82 52
14 83 23
14 85 31
14 94 21
14 95 52
14 97 10
14 100 37
14 102 9
14 105 79
14 109 1
14 112 31
14 113 16
14 117 94
14 118 79
14 122 62
14 123 23
14 124 100
14 125 80
14 126 64
14 127 5
14 128 65
14 129 92
14 136 58
14 139 64
14 143 96
14 150 22
15 17 41
15 23 32
15 27 70
15 29 89
15 33 76
15 34 95
15 36 2
15 37 69
15 40 67
15 41 80
15 42 21
15 46 92
15 47 51
15 52 29
15 55 83
15 63 45
15 64 42
15 65 23
15 67 45
15 68 16
15 69 80
15 75 50
15 81 78
15 82 74
15 84 80
15 88 72
15 96 64
15 97 99
15 98 39
15 99 78
15 100 18
15 102 60
15 103 54
15 105 56
15 107 70
15 111 5
15 114 49
15 116 17
15 118 13
15 120 15
15 122 78
15 124 21
15 126 55
15 129 61
15 130 62
15 131 90
15 133 15
15 135 53
15 137 10
15 141 27
15 142 77
15 149 95
16 17 87
16 18 76
16 19 21
16 22 43
16 25 36
16 27 46
16 28 23
16 37 38
16 39 94
16 40 36
16 45 29
16 48 23
16 51 65
16 52 87
16 54 70
16 56 64
16 60 30
16 61 9
16 63 49
16 64 67
16 65 100
16 70 97
16 71 26
16 72 64
16 74 59
16 77 88
16 79 52
16 81 27
16 83 85
16 84 21
16 86 36
16 89 42
16 94 59
16 96 46
16 102 56
16 105 23
16 107 77
16 110 78
16 111 85
16 113 24
16 120 79
16 125 26
16 126 78
16 127 48
16 128 96
16 130 88
16 132 19
16 135 85
16 139 86
16 141 100
16 144 67
16 145 5
16 150 17
17 20 40
17 21 30
17 25 28
17 27 66
17 30 39
17 31 40
17 32 2
17 33 15
17 38 71
17 40 55
17 41 66
17 46 47
17 50 35
17 54 17
17 55 65
17 56 77
17 59 57
17 60 93
17 62 91
17 64 91
17 66 99
17 67 6
17 68 87
17 71 24
17 73 98
17 75 31
17 78 95
17 81 53
17 83 74
17 84 33
17 85 19
17 90 83
17 91 20
17 97 52
17 99 57
17 101 55
17 103 2
17 105 60
17 106 79
17 108 37
17 110 8
17 113 93
17 115 70
17 118 20
17 119 55
17 120 76
17 121 63
17 122 38
17 123 64
17 124 23
17 128 7
17 130 21
17 135 69
17 136 56
17 138 90
17 139 66
17 141 78
17 142 32
17 143 79
17 144 22
17 147 23
17 150 54
18 20 84
18 26 71
18 27 39
18 28 59
18 29 52
18 33 58
18 41 30
18 43 16
18 44 69
18 45 66
18 47 56
18 49 34
18 52 39
18 55 82
18 58 55
18 59 2
18 65 80
18 67 36
18 70 26
18 71 19
18 72 4
18 74 66
18 75 36
18 76 21
18 79 94
18 84 59
18 85 93
18 88 93
18 96 11
18 97 97
18 99 69
18 100 24
18 103 36
18 105 87
18 106 42
18 107 49
18 109 33
18 110 14
18 113 53
18 114 71
18 115 87
18 116 20
18 117 9
18 119 62
18 120 75
18 122 37
18 123 81
18 124 29
18 125 16
18 126 24
18 127 5
18 128 61
18 129 87
18 131 17
18 133 4
18 138 60
18 139 65
18 142 30
18 147 13
18 149 41
18 150 94
19 24 60
19 25 54
19 27 80
19 32 44
19 34 25
19 36 32
19 42 100
19 43 56
19 44 93
19 48 100
19 49 93
19 58 59
19 59 85
19 60 79
19 63 63
19 70 67
19 73 87
19 77 60
19 83 89
19 84 27
19 85 94
19 86 13
19 88 29
19 89 38
19 90 6
19 91 52
19 92 85
19 93 1
19 96 97
19 98 8
19 99 96
19 101 29
19 102 16
19 106 83
19 108 78
19 109 98
19 110 57
19 111 6
19 113 12
19 114 37
19 117 2
19 118 91
19 120 96
19 121 17
19 126 78
19 130 83
19 131 33
19 133 86
19 134 17
19 135 81
19 138 59
19 139 50
19 142 56
19 147 4
19 148 34
19 150 27
20 23 15
20 24 69
20 25 61
20 30 86
20 33 31
20 39 31
20 44 47
20 45 34
20 48 24
20 49 47
20 50 38
20 52 7
20 55 36
20 60 69
20 63 40
20 65 49
20 66 97
20 67 100
20 68 75
20 70 84
20 71 53
20 72 28
20 74 79
20 77 97
20 82 37
20 83 86
20 84 11
20 85 71
20 89 43
20 92 22
20 93 35
20 94 55
20 95 70
20 104 7
20 114 63
20 115 58
20 117 36
20 119 72
20 122 80
20 128 9
20 129 93
20 131 90
20 139 96
20 140 53
20 142 44
20 143 4
20 144 55
20 145 67
20 146 96
20 149 72
21 22 46
21 24 24
21 26 64
21 27 1
21 28 13
21 32 50
21 33 32
21 34 70
21 44 46
21 47 83
21 51 2
21 52 41
21 55 17
21 57 66
21 59 1
21 60 69
21 66 42
21 67 73
21 68 37
21 69 59
21 70 24
21 73 2
21 75 77
21 81 96
21 86 86
21 88 49
21 89 22
21 91 51
21 92 47
21 94 91
21 96 88
21 98 86
21 99 3
21 101 96
21 103 27
21 104 42
21 106 47
21 110 24
21 115 6
21 120 37
21 121 51
21 122 57
21 125 48
21 126 26
21 131 27
21 136 80
21 139 38
21 145 23
22 23 86
22 26 39
22 27 62
22 28 90
22 29 26
22 31 96
22 35 72
22 36 28
22 39 50
22 40 3
22 41 57
22 45 9
22 46 100
22 48 46
22 53 23
22 55 78
22 58 65
22 59 33
22 61 61
22 65 85
22 66 14
22 68 19
22 69 2
22 74 82
22 79 74
22 80 24
22 84 67
22 85 62
22 91 46
22 93 96
22 94 25
22 95 16
22 99 75
22 100 91
22 101 27
22 102 66
22 105 19
22 106 14
22 108 95
22 111 61
22 112 67
22 113 59
22 114 68
22 116 55
22 117 51
22 118 39
22 121 27
22 125 97
22 129 70
22 130 28
22 133 55
22 137 7
22 139 94
22 146 9
22 148 64
22 150 15
23 30 57
23 38 79
23 42 98
23 44 12
23 46 24
23 47 18
23 48 5
23 53 46
23 55 100
23 56 18
23 63 79
23 65 16
23 71 69
23 73 12
23 75 82
23 78 97
23 79 87
23 81 1
23 82 60
23 83 86
23 84 100
23 85 9
23 86 12
23 87 3
23 88 66
23 93 35
23 94 91
23 99 50
23 101 82
23 102 55
23 107 100
23 110 50
23 111 100
23 114 63
23 115 3
23 116 69
23 121 82
23 122 27
23 123 12
23 124 99
23 127 38
23 131 69
23 134 65
23 137 95
23 138 14
23 140 67
23 142 60
23 148 99
23 149 22
24 27 67
24 28 14
24 31 8
24 32 85
24 33 68
24 35 82
24 36 85
24 39 90
24 41 31
24 43 67
24 45 57
24 48 60
24 51 77
24 53 1
24 55 57
24 57 100
24 58 81
24 59 71
24 60 22
24 62 34
24 65 38
24 66 85
24 68 57
24 71 82
24 72 6
24 73 34
24 82 64
24 84 53
24 88 36
24 89 100
24 91 51
24 92 91
24 93 72
24 94 67
24 96 99
24 98 62
24 100 11
24 113 9
24 117 90
24 118 93
24 119 52
24 122 68
24 124 66
24 128 90
24 131 21
24 132 51
24 134 85
24 141 49
24 142 44
24 149 67
25 29 82
25 33 53
25 36 7
25 37 50
25 40 17
25 42 12
25 46 7
25 49 83
25 50 65
25 56 53
25 60 52
25 66 89
25 67 71
25 69 51
25 73 66
25 76 76
25 77 26
25 79 56
25 83 15
25 89 57
25 92 27
25 94 100
25 96 73
25 97 12
25 103 40
25 109 60
25 110 3
25 111 87
25 116 98
25 117 94
25 118 92
25 125 98
25 130 25
25 132 72
25 136 31
25 137 79
25 138 90
25 140 69
25 141 92
25 148 13
25 149 39
26 29 85
26 31 45
26 36 11
26 40 20
26 41 92
26 44 66
26 47 66
26 48 8
26 49 5
26 51 24
26 53 9
26 54 92
26 56 26
26 58 30
26 59 58
26 62 85
26 63 69
26 64 37
26 70 19
26 73 84
26 79 17
26 81 27
26 86 62
26 87 86
26 88 21
26 90 53
26 92 84
26 93 71
26 95 5
26 98 94
26 99 99
26 100 49
26 101 28
26 106 28
26 108 58
26 109 81
26 111 86
26 112 52
26 113 89
26 114 67
26 117 9
26 118 68
26 123 64
26 124 9
26 125 29
26 126 72
26 129 49
26 131 40
26 132 1
26 134 91
26 136 23
26 140 48
26 141 29
26 146 3
26 147 60
26 149 71
26 150 12
27 29 41
27 34 56
27 38 52
27 39 79
27 42 54
27 43 88
27 44 65
27 45 51
27 50 91
27 51 42
27 52 14
27 56 56
27 58 18
27 62 47
27 63 71
27 65 14
27 66 18
27 67 85
27 71 80
27 72 25
27 74 62
27 78 96
27 79 27
27 80 21
27 81 47
27 86 32
27 88 88
27 89 96
27 92 19
27 93 3
27 95 26
27 96 5
27 97 31
27 99 30
27 102 24
27 103 86
27 104 84
27 107 67
27 108 99
27 113 42
27 117 27
27 118 32
27 126 65
27 127 58
27 129 82
27 135 42
27 139 75
27 143 97
28 30 29
28 34 91
28 37 64
28 39 8
28 42 47
28 46 57
28 49 12
28 50 59
28 51 21
28 52 75
28 53 81
28 59 47
28 60 84
28 63 89
28 65 29
28 68 29
28 69 4
28 73 1
28 75 5
28 77 60
28 79 99
28 81 20
28 84 70
28 86 3
28 91 38
28 96 91
28 97 8
28 98 79
28 106 74
28 107 57
28 113 89
28 116 38
28 119 93
28 123 32
28 129 37
28 130 2
28 132 2
28 134 73
28 137 46
28 138 53
28 139 6
28 143 34
28 144 25
28 146 17
29 36 44
29 37 31
29 40 22
29 41 61
29 51 50
29 52 24
29 53 86
29 55 79
29 56 11
29 59 14
29 60 3
29 61 83
29 63 95
29 65 46
29 66 59
29 68 96
29 70 37
29 73 98
29 74 33
29 77 33
29 81 78
29 83 80
29 85 28
29 88 74
29 89 86
29 90 60
29 91 8
29 92 15
29 94 28
29 95 11
29 96 80
29 99 45
29 100 8
29 101 41
29 111 90
29 113 42
29 115 53
29 120 87
29 123 13
29 124 62
29 125 93
29 130 53
29 136 25
29 138 50
29 142 39
29 144 97
29 145 7
29 149 75
30 31 98
30 32 56
30 38 73
30 40 20
30 41 69
30 42 88
30 43 97
30 49 28
30 51 33
30 53 38
30 54 75
30 55 45
30 61 92
30 71 84
30 77 6
30 78 82
30 79 52
30 81 12
30 85 45
30 87 63
30 89 28
30 90 46
30 92 53
30 93 73
30 100 65
30 103 36
30 104 10
30 106 61
30 107 46
30 113 62
30 117 6
30 118 71
30 123 66
30 124 2
30 126 71
30 128 37
30 129 11
30 130 64
30 133 40
30 134 59
30 138 25
30 147 6
30 149 27
31 32 87
31 34 100
31 36 4
31 38 16
31 41 31
31 44 96
31 45 84
31 46 61
31 48 34
31 51 63
31 52 75
31 53 13
31 56 28
31 62 27
31 63 89
31 68 82
31 71 30
31 73 36
31 74 74
31 77 38
31 78 70
31 80 30
31 81 38
31 82 25
31 84 19
31 85 86
31 86 21
31 96 65
31 101 82
31 104 98
31 105 34
31 109 20
31 110 70
31 111 18
31 112 57
31 113 15
31 114 74
31 115 63
31 116 31
31 119 60
31 120 13
31 122 79
31 123 47
31 125 76
31 127 60
31 128 84
31 129 57
31 133 78
31 135 48
31 138 29
31 141 2
31 143 32
31 146 4
31 148 35
31 150 53
32 33 46
32 38 72
32 39 73
32 42 83
32 44 55
32 45 59
32 46 49
32 48 62
32 51 64
32 53 4
32 56 32
32 66 42
32 70 63
32 71 79
32 73 7
32 75 3
32 77 9
32 78 9
32 80 43
32 82 32
32 83 27
32 85 58
32 87 64
32 88 8
32 93 87
32 94 51
32 98 36
32 100 47
32 102 100
32 105 34
32 108 51
32 113 84
32 114 15
32 115 16
32 117 31
32 119 13
32 128 66
32 129 89
32 139 90
32 140 73
32 141 78
32 150 94
33 35 56
33 40 27
33 41 7
33 43 52
33 45 33
33 48 46
33 52 34
33 53 24
33 58 97
33 61 85
33 65 54
33 66 88
33 67 80
33 68 56
33 70 21
33 71 78
33 73 50
33 78 58
33 79 82
33 80 12
33 82 17
33 84 52
33 85 51
33 87 94
33 89 85
33 90 85
33 91 19
33 93 7
33 94 46
33 96 18
33 98 44
33 105 44
33 106 87
33 107 57
33 108 57
33 109 87
33 110 39
33 111 48
33 115 86
33 118 72
33 120 62
33 122 68
33 124 74
33 125 1
33 127 79
33 130 73
33 131 2
33 133 21
33 134 12
33 135 9
33 137 55
33 139 22
33 142 40
33 144 49
33 147 51
33 149 35
34 39 14
34 40 1
34 42 76
34 43 6
34 47 9
34 50 1
34 51 10
34 52 45
34 54 28
34 55 79
34 57 7
34 63 1
34 65 85
34 70 33
34 72 35
34 73 23
34 74 7
34 75 88
34 77 6
34 88 38
34 89 18
34 91 100
34 93 3
34 94 25
34 96 53
34 98 80
34 99 3
34 105 22
34 106 11
34 110 21
34 111 51
34 113 57
34 114 16
34 115 60
34 116 40
34 120 76
34 123 53
34 126 42
34 127 55
34 128 10
34 129 28
34 130 15
34 133 80
34 134 68
34 136 65
34 137 61
34 138 95
34 139 68
34 140 94
34 142 98
34 145 10
34 148 81
35 37 44
35 42 25
35 50 40
35 53 100
35 58 65
35 59 58
35 62 65
35 63 62
35 65 60
35 69 75
35 71 40
35 72 74
35 76 7
35 79 69
35 80 76
35 83 80
35 88 31
35 89 87
35 92 93
35 95 29
35 98 78
35 102 58
35 103 87
35 106 28
35 107 25
35 112 49
35 113 90
35 116 95
35 117 48
35 121 55
35 125 24
35 129 54
35 131 59
35 133 78
35 136 19
35 140 73
35 142 49
35 143 56
35 148 42
35 149 6
36 39 86
36 43 28
36 46 40
36 51 100
36 52 6
36 60 64
36 62 100
36 63 29
36 64 75
36 66 92
36 67 32
36 69 62
36 70 1
36 72 63
36 73 23
36 75 16
36 76 3
36 77 19
36 79 64
36 80 44
36 81 93
36 84 72
36 93 42
36 94 98
36 101 11
36 103 68
36 107 49
36 108 5
36 113 89
36 114 63
36 117 46
36 118 86
36 119 27
36 121 1
36 126 73
36 129 58
36 131 25
36 134 46
36 136 2
36 138 80
36 140 58
36 143 3
36 145 51
36 148 87
37 39 17
37 42 99
37 43 58
37 49 93
37 54 51
37 56 54
37 59 100
37 63 38
37 68 73
37 69 74
37 71 66
37 72 92
37 73 18
37 75 59
37 80 77
37 81 97
37 82 68
37 86 15
37 89 46
37 101 44
37 106 30
37 109 62
37 112 4
37 113 64
37 115 25
37 116 1
37 119 2
37 122 98
37 123 11
37 125 17
37 127 71
37 130 21
37 132 78
37 134 87
37 136 71
37 138 88
37 142 38
37 143 79
37 144 61
37 145 26
37 146 75
37 149 78
38 42 45
38 44 67
38 45 88
38 46 41
38 48 72
38 50 62
38 54 70
38 56 81
38 57 47
38 59 19
38 69 67
38 70 7
38 72 15
38 75 97
38 76 10
38 77 81
38 79 87
38 80 71
38 87 5
38 93 90
38 96 10
38 98 74
38 102 22
38 105 47
38 107 59
38 108 1
38 115 38
38 119 50
38 120 57
38 121 42
38 122 78
38 123 42
38 128 49
38 129 100
38 130 94
38 131 24
38 133 17
38 134 31
38 135 29
38 137 35
38 139 28
38 140 84
38 142 84
38 145 46
38 148 2
39 40 85
39 42 47
39 44 43
39 49 90
39 51 56
39 52 97
39 54 63
39 58 64
39 64 36
39 66 39
39 67 79
39 73 48
39 76 79
39 77 62
39 86 47
39 88 99
39 89 88
39 91 66
39 92 80
39 95 44
39 100 9
39 101 33
39 106 31
39 107 25
39 108 20
39 111 6
39 116 10
39 119 10
39 120 39
39 123 47
39 124 97
39 126 22
39 127 40
39 131 8
39 132 3
39 133 53
39 136 82
39 138 95
39 140 83
39 141 65
39 143 65
39 144 66
39 145 33
39 147 22
39 150 94
40 41 94
40 42 43
40 43 15
40 44 31
40 45 66
40 46 47
40 48 88
40 49 2
40 55 17
40 57 4
40 59 76
40 62 95
40 65 90
40 66 84
40 67 94
40 70 66
40 73 94
40 77 67
40 82 59
40 85 53
40 88 94
40 89 42
40 92 31
40 94 41
40 96 17
40 97 84
40 99 72
40 100 70
40 101 97
40 102 49
40 103 37
40 104 78
40 107 18
40 109 37
40 111 33
40 119 69
40 121 33
40 124 91
40 129 4
40 131 42
40 133 19
40 134 30
40 135 40
40 139 4
40 142 53
40 143 3
40 144 74
40 145 6
40 147 94
41 44 65
41 46 9
41 48 5
41 49 76
41 55 97
41 56 51
41 59 97
41 60 24
41 61 18
41 62 21
41 64 11
41 66 17
41 72 83
41 82 90
41 83 32
41 84 76
41 94 18
41 95 74
41 96 46
41 97 64
41 98 49
41 102 68
41 108 100
41 109 26
41 112 93
41 118 24
41 120 79
41 121 7
41 122 21
41 123 49
41 126 28
41 127 22
41 128 70
41 129 86
41 132 33
41 133 11
41 138 50
41 143 59
41 144 32
41 146 63
41 149 100
42 44 47
42 51 26
42 53 64
42 58 38
42 63 40
42 66 31
42 67 72
42 68 14
42 69 5
42 74 87
42 76 75
42 78 30
42 86 92
42 90 56
42 92 80
42 93 30
42 96 100
42 99 18
42 103 4
42 106 98
42 107 25
42 108 54
42 110 70
42 116 68
42 117 16
42 118 52
42 119 46
42 120 18
42 124 83
42 130 55
42 131 65
42 139 38
42 141 51
42 144 40
42 149 74
43 49 87
43 56 36
43 59 4
43 60 31
43 63 1
43 66 82
43 67 20
43 71 4
43 72 83
43 73 49
43 74 20
43 78 63
43 80 20
43 82 12
43 84 3
43 85 71
43 87 26
43 90 53
43 91 45
43 92 14
43 93 100
43 95 1
43 96 20
43 99 25
43 106 75
43 107 23
43 110 59
43 111 27
43 112 48
43 113 78
43 117 79
43 124 89
43 125 16
43 129 58
43 132 63
43 134 45
43 135 34
43 136 95
43 139 7
43 141 28
43 145 86
43 146 55
43 149 90
44 47 74
44 48 33
44 54 7
44 57 70
44 59 62
44 63 36
44 69 82
44 70 71
44 71 48
44 74 87
44 75 73
44 83 56
44 85 6
44 86 100
44 87 31
44 90 17
44 92 73
44 96 79
44 98 97
44 101 97
44 102 6
44 104 74
44 111 60
44 113 38
44 115 81
44 116 100
44 124 52
44 125 42
44 130 20
44 131 19
44 133 90
44 135 73
44 137 58
44 140 88
44 142 65
44 145 88
45 47 17
45 48 7
45 50 8
45 51 64
45 52 10
45 53 29
45 56 8
45 58 22
45 61 89
45 64 98
45 69 93
45 71 15
45 75 88
45 76 65
45 78 21
45 80 45
45 81 16
45 84 24
45 87 69
45 88 6
45 89 12
45 92 35
45 95 41
45 98 99
45 99 9
45 101 89
45 103 27
45 104 3
45 105 39
45 108 56
45 109 10
45 110 67
45 113 60
45 115 88
45 119 29
45 123 69
45 124 93
45 126 60
45 129 19
45 130 7
45 133 20
45 134 17
45 135 39
45 140 19
45 143 11
45 147 77
45 149 19
45 150 4
46 48 32
46 49 35
46 51 65
46 53 52
46 54 2
46 61 75
46 63 11
46 66 85
46 69 36
46 72 45
46 74 50
46 77 20
46 78 66
46 82 18
46 84 79
46 85 39
46 98 45
46 100 39
46 101 63
46 103 52
46 105 9
46 111 5
46 116 53
46 118 88
46 119 63
46 122 10
46 123 52
46 127 84
46 131 98
46 132 44
46 133 56
46 134 79
46 135 82
46 137 61
46 138 59
46 140 26
46 141 43
47 48 58
47 51 33
47 52 46
47 53 33
47 55 52
47 62 64
47 63 19
47 66 80
47 67 3
47 72 37
47 74 62
47 75 77
47 76 39
47 78 55
47 84 53
47 94 88
47 102 40
47 103 34
47 104 35
47 106 9
47 107 28
47 108 69
47 109 4
47 115 95
47 118 93
47 119 88
47 121 50
47 122 82
47 123 57
47 124 78
47 128 74
47 129 81
47 131 97
47 133 74
47 135 59
47 136 81
47 137 86
47 138 59
47 142 12
47 143 1
47 144 13
47 146 91
47 147 22
47 149 61
47 150 65
48 51 54
48 52 85
48 53 82
48 55 2
48 59 42
48 60 78
48 61 52
48 64 11
48 65 27
48 67 82
48 68 61
48 79 72
48 84 7
48 85 86
48 87 16
48 88 1
48 90 8
48 91 53
48 95 28
48 99 3
48 100 14
48 104 94
48 106 60
48 108 72
48 111 63
48 112 32
48 116 52
48 125 30
48 126 6
48 128 44
48 129 74
48 130 19
48 132 50
48 133 94
48 135 72
48 137 23
48 138 12
48 139 64
48 140 80
48 141 31
48 143 100
48 145 22
48 146 31
48 148 66
48 149 95
48 150 12
49 52 39
49 53 58
49 55 2
49 61 56
49 63 93
49 68 100
49 70 77
49 72 62
49 73 34
49 75 20
49 77 33
49 79 36
49 80 79
49 82 56
49 83 85
49 84 34
49 86 45
49 87 79
49 89 68
49 90 78
49 93 74
49 95 82
49 99 20
49 100 56
49 102 34
49 106 41
49 111 6
49 113 60
49 115 44
49 126 16
49 128 21
49 131 32
49 135 20
49 136 7
49 139 82
49 140 35
49 141 25
49 148 72
50 53 21
50 56 21
50 58 85
50 59 7
50 62 5
50 65 65
50 67 78
50 70 99
50 72 56
50 76 69
50 77 80
50 78 78
50 79 94
50 80 51
50 81 36
50 82 98
50 88 45
50 89 69
50 93 38
50 95 11
50 97 53
50 99 87
50 100 16
50 103 66
50 104 65
50 105 11
50 111 78
50 112 66
50 116 3
50 122 73
50 125 14
50 131 25
50 133 40
50 139 32
50 142 91
50 145 90
50 147 18
50 149 79
51 53 57
51 55 90
51 56 10
51 57 48
51 58 35
51 61 12
51 66 47
51 67 2
51 69 79
51 73 44
51 75 41
51 83 8
51 84 5
51 85 32
51 87 100
51 94 40
51 98 55
51 99 84
51 100 33
51 101 48
51 102 52
51 104 45
51 105 13
51 110 6
51 111 42
51 112 21
51 113 82
51 114 96
51 117 89
51 119 73
51 120 6
51 121 69
51 122 75
51 125 36
51 126 87
51 133 46
51 138 1
51 139 59
51 141 86
51 142 60
51 145 49
51 147 19
51 149 42
51 150 68
52 56 82
52 59 68
52 62 65
52 63 89
52 66 97
52 67 65
52 68 93
52 69 31
52 73 19
52 77 66
52 78 64
52 84 65
52 85 62
52 87 84
52 88 21
52 92 7
52 98 89
52 101 13
52 107 92
52 108 28
52 110 69
52 112 87
52 114 17
52 116 28
52 117 40
52 120 26
52 122 66
52 123 35
52 124 62
52 126 77
52 128 24
52 132 82
52 133 16
52 134 40
52 137 97
52 138 82
52 140 56
52 141 98
52 149 77
53 54 77
53 55 43
53 56 68
53 57 34
53 59 39
53 61 70
53 63 52
53 64 37
53 65 7
53 66 17
53 68 79
53 71 83
53 75 26
53 76 11
53 77 85
53 78 74
53 79 15
53 84 77
53 85 23
53 87 63
53 88 46
53 89 31
53 94 28
53 95 64
53 98 12
53 99 75
53 100 75
53 102 36
53 103 82
53 104 6
53 106 94
53 115 69
53 116 14
53 118 60
53 120 90
53 122 2
53 123 90
53 124 93
53 128 7
53 131 100
53 132 70
53 138 63
53 139 19
53 140 67
53 141 58
53 145 20
53 146 65
53 148 3
54 55 97
54 60 17
54 61 26
54 63 7
54 66 84
54 70 10
54 71 56
54 73 3
54 76 90
54 77 80
54 80 9
54 82 48
54 85 13
54 87 69
54 89 48
54 90 82
54 95 49
54 102 95
54 103 5
54 106 62
54 107 70
54 110 23
54 111 74
54 112 2
54 114 43
54 115 49
54 117 32
54 120 58
54 121 49
54 123 9
54 124 71
54 125 93
54 127 22
54 131 77
54 144 44
54 145 52
54 146 49
55 56 73
55 58 91
55 59 97
55 60 20
55 61 87
55 62 53
55 64 85
55 65 88
55 66 51
55 67 14
55 68 7
55 70 81
55 72 66
55 74 95
55 78 22
55 79 26
55 81 21
55 83 38
55 88 69
55 89 81
55 90 66
55 93 71
55 100 10
55 101 1
55 102 71
55 104 85
55 105 16
55 108 16
55 109 99
55 112 73
55 116 3
55 128 38
55 129 30
55 133 36
55 134 43
55 135 31
55 136 17
55 137 52
55 139 28
55 140 30
55 149 68
56 57 32
56 58 21
56 59 49
56 62 89
56 63 27
56 64 79
56 66 97
56 67 100
56 69 34
56 71 44
56 72 87
56 73 31
56 75 13
56 79 47
56 81 41
56 82 14
56 84 25
56 85 22
56 86 79
56 89 58
56 90 7
56 92 37
56 95 45
56 98 42
56 100 75
56 101 78
56 102 94
56 103 65
56 109 11
56 110 95
56 112 87
56 113 5
56 117 72
56 118 14
56 122 84
56 124 87
56 128 99
56 132 84
56 134 20
56 136 57
56 138 59
56 140 70
56 141 90
56 144 45
56 145 18
56 147 19
56 148 86
56 149 84
56 150 62
57 60 25
57 61 35
57 62 7
57 65 54
57 66 5
57 69 86
57 71 51
57 77 73
57 78 55
57 79 28
57 81 72
57 82 58
57 83 79
57 84 54
57 85 72
57 86 44
57 87 50
57 89 56
57 90 17
57 92 31
57 93 47
57 94 58
57 95 31
57 96 26
57 97 34
57 99 75
57 104 57
57 109 42
57 110 13
57 111 52
57 113 77
57 115 40
57 118 55
57 119 8
57 125 69
57 129 90
57 132 8
57 134 56
57 135 34
57 141 75
57 147 42
58 59 53
58 61 6
58 62 96
58 63 99
58 67 95
58 68 22
58 72 87
58 73 37
58 77 18
58 83 60
58 84 89
58 85 31
58 88 90
58 89 46
58 92 49
58 97 22
58 100 93
58 102 59
58 104 31
58 109 15
58 120 52
58 124 85
58 125 37
58 127 39
58 133 9
58 134 42
58 135 13
58 147 14
59 66 93
59 68 73
59 69 53
59 75 60
59 76 8
59 77 17
59 83 56
59 86 58
59 87 32
59 89 87
59 92 28
59 93 71
59 94 6
59 95 40
59 96 89
59 97 45
59 103 17
59 104 77
59 105 70
59 109 28
59 113 9
59 115 51
59 116 42
59 118 65
59 120 82
59 121 6
59 123 42
59 127 43
59 129 86
59 133 45
59 136 38
59 137 78
59 138 31
59 140 25
59 144 12
59 147 1
59 149 93
60 61 64
60 67 38
60 69 97
60 70 93
60 73 69
60 74 83
60 76 6
60 79 85
60 83 3
60 84 58
60 85 17
60 89 13
60 90 37
60 94 75
60 99 8
60 105 43
60 106 10
60 111 97
60 112 28
60 114 57
60 117 75
60 118 82
60 119 58
60 120 61
60 122 36
60 125 25
60 126 31
60 127 81
60 128 54
60 131 30
60 132 46
60 137 75
60 143 50
60 145 43
60 146 89
61 65 33
61 66 48
61 68 20
61 74 36
61 79 26
61 81 22
61 84 89
61 87 6
61 88 95
61 93 22
61 100 8
61 103 59
61 105 97
61 110 8
61 111 89
61 115 36
61 119 35
61 120 26
61 122 94
61 123 13
61 125 70
61 128 49
61 133 33
61 136 51
61 139 64
61 143 8
61 145 24
62 63 41
62 64 59
62 65 72
62 67 60
62 69 4
62 70 13
62 72 58
62 75 11
62 77 10
62 79 13
62 80 51
62 83 55
62 87 59
62 92 85
62 94 28
62 95 78
62 97 29
62 99 93
62 102 27
62 108 43
62 112 85
62 115 72
62 117 98
62 119 26
62 120 37
62 121 34
62 122 52
62 123 35
62 124 77
62 126 40
62 127 21
62 128 13
62 129 21
62 130 2
62 131 28
62 132 86
62 135 86
62 140 6
62 141 17
62 144 69
62 145 55
62 149 22
63 65 59
63 66 24
63 67 11
63 68 41
63 70 52
63 71 34
63 74 92
63 76 29
63 78 28
63 82 16
63 83 50
63 84 12
63 91 46
63 92 11
63 94 70
63 102 96
63 109 59
63 112 37
63 114 66
63 115 7
63 117 61
63 119 25
63 120 42
63 122 31
63 124 93
63 125 67
63 126 64
63 130 91
63 131 50
63 135 17
63 136 76
63 138 91
63 141 1
63 146 84
63 148 45
64 66 21
64 68 32
64 70 92
64 71 61
64 72 55
64 73 24
64 74 24
64 75 7
64 82 2
64 84 49
64 86 86
64 89 86
64 92 45
64 94 77
64 95 70
64 96 35
64 100 94
64 103 100
64 104 84
64 106 10
64 110 19
64 111 92
64 114 76
64 116 9
64 118 38
64 121 77
64 124 11
64 127 65
64 130 35
64 133 75
64 134 74
64 138 41
64 147 82
64 148 42
64 150 7
65 69 18
65 70 60
65 71 97
65 73 100
65 76 26
65 80 62
65 82 40
65 85 79
65 86 53
65 87 46
65 88 31
65 89 59
65 90 11
65 91 61
65 102 15
65 103 100
65 104 45
65 105 79
65 106 79
65 107 9
65 111 97
65 112 95
65 115 40
65 119 14
65 120 24
65 121 67
65 122 64
65 124 41
65 127 29
65 132 93
65 136 99
65 137 29
65 139 8
65 148 23
65 150 34
66 67 3
66 70 24
66 77 88
66 78 3
66 80 43
66 81 80
66 82 54
66 83 62
66 86 10
66 88 89
66 95 23
66 96 26
66 97 97
66 98 2
66 99 93
66 101 79
66 104 90
66 105 10
66 107 34
66 110 100
66 111 98
66 113 32
66 120 62
66 121 31
66 123 55
66 124 21
66 125 58
66 130 96
66 133 38
66 141 95
66 143 81
66 144 8
66 147 5
66 148 53
66 149 80
67 68 63
67 69 98
67 73 7
67 75 73
67 78 85
67 80 74
67 82 84
67 83 64
67 89 20
67 91 32
67 92 73
67 93 47
67 96 54
67 97 40
67 98 54
67 99 88
67 102 61
67 105 86
67 106 1
67 107 97
67 108 18
67 111 53
67 112 60
67 113 79
67 116 67
67 118 9
67 120 58
67 122 73
67 125 63
67 130 93
67 131 50
67 132 24
67 133 43
67 137 81
67 138 2
67 139 1
67 144 5
67 146 47
67 148 96
67 149 29
68 72 14
68 76 56
68 79 61
68 82 35
68 83 90
68 88 59
68 95 97
68 98 26
68 99 51
68 106 56
68 107 10
68 108 77
68 111 78
68 113 25
68 114 54
68 116 44
68 117 27
68 120 56
68 122 57
68 124 51
68 126 19
68 128 62
68 130 100
68 132 9
68 134 66
68 135 78
68 138 19
68 139 41
68 141 68
68 142 70
68 144 59
68 146 36
68 147 35
68 148 73
68 149 78
69 72 48
69 77 18
69 82 1
69 83 18
69 84 45
69 87 8
69 91 74
69 101 17
69 103 43
69 105 7
69 109 80
69 110 9
69 111 38
69 112 83
69 116 72
69 118 54
69 121 67
69 128 64
69 129 82
69 130 39
69 131 31
69 132 5
69 135 54
69 137 20
69 144 62
69 148 60
69 150 48
70 71 9
70 72 67
70 73 66
70 75 44
70 76 57
70 79 49
70 80 56
70 82 53
70 83 82
70 92 89
70 95 37
70 98 88
70 99 2
70 109 87
70 111 37
70 115 12
70 116 35
70 117 65
70 121 40
70 122 6
70 123 53
70 124 47
70 126 38
70 127 79
70 129 29
70 130 34
70 133 17
70 136 69
70 137 42
70 139 86
70 140 96
70 143 68
70 144 3
70 145 52
70 146 88
71 73 79
71 83 11
71 89 2
71 95 47
71 103 13
71 104 30
71 105 45
71 111 66
71 112 58
71 113 30
71 115 63
71 116 23
71 120 55
71 123 68
71 132 36
71 136 17
71 138 19
71 139 26
71 142 91
71 144 53
71 148 59
71 149 58
72 73 84
72 75 40
72 82 37
72 89 52
72 92 37
72 94 59
72 96 42
72 97 26
72 104 7
72 106 94
72 107 38
72 110 6
72 111 20
72 113 22
72 116 74
72 118 34
72 119 53
72 120 62
72 123 98
72 126 43
72 127 96
72 130 34
72 131 93
72 137 72
72 139 25
72 140 39
72 142 90
72 149 5
73 74 93
73 76 12
73 79 68
73 82 77
73 87 66
73 88 42
73 89 50
73 91 44
73 92 84
73 94 93
73 96 14
73 98 29
73 99 42
73 102 12
73 106 44
73 108 11
73 109 54
73 111 7
73 112 58
73 113 98
73 117 1
73 118 48
73 119 5
73 120 32
73 128 78
73 134 56
73 137 63
73 139 69
73 143 70
73 145 88
73 146 52
73 150 30
74 75 55
74 76 5
74 77 38
74 80 46
74 83 86
74 86 9
74 91 30
74 92 35
74 94 34
74 95 90
74 96 32
74 97 27
74 98 99
74 99 72
74 102 6
74 103 97
74 104 97
74 106 65
74 110 11
74 111 20
74 112 70
74 120 73
74 121 65
74 123 11
74 125 22
74 126 59
74 127 17
74 130 88
74 131 88
74 134 67
74 135 61
74 136 84
74 138 81
74 145 64
74 148 35
75 77 28
75 84 77
75 85 24
75 86 66
75 88 21
75 92 50
75 93 4
75 96 35
75 101 81
75 103 17
75 106 69
75 109 53
75 110 68
75 112 58
75 118 66
75 120 59
75 121 21
75 122 33
75 123 79
75 125 3
75 126 9
75 128 91
75 133 65
75 134 57
75 138 34
75 142 84
75 143 36
75 149 40
76 78 7
76 79 33
76 82 59
76 83 20
76 88 16
76 90 33
76 92 41
76 93 11
76 95 92
76 98 75
76 99 62
76 101 37
76 102 71
76 104 64
76 106 20
76 108 31
76 109 56
76 118 47
76 121 96
76 122 73
76 124 58
76 126 54
76 128 75
76 129 25
76 130 71
76 131 23
76 134 84
76 135 34
76 142 28
76 143 95
76 145 7
76 147 91
76 148 6
76 150 73
77 79 52
77 87 74
77 89 29
77 97 89
77 99 32
77 100 15
77 103 3
77 112 21
77 116 13
77 122 96
77 124 7
77 128 53
77 132 58
77 137 13
77 139 10
77 140 100
77 144 73
77 145 14
77 149 49
78 79 69
78 80 92
78 83 51
78 84 62
78 85 14
78 87 90
78 88 99
78 89 3
78 91 34
78 93 66
78 96 26
78 97 63
78 98 94
78 99 66
78 101 95
78 103 60
78 105 73
78 110 68
78 111 23
78 112 82
78 114 81
78 119 41
78 120 40
78 121 26
78 122 68
78 124 80
78 126 60
78 127 49
78 128 77
78 130 59
78 132 20
78 134 35
78 137 81
78 139 29
78 140 3
78 143 10
78 148 71
78 149 55
78 150 19
79 83 65
79 89 11
79 92 31
79 95 62
79 99 63
79 102 79
79 103 1
79 104 50
79 106 86
79 110 37
79 113 74
79 114 49
79 115 78
79 118 3
79 119 92
79 120 55
79 121 11
79 123 46
79 127 77
79 128 1
79 132 90
79 136 53
79 138 49
79 140 50
79 141 65
79 142 31
79 144 26
79 147 43
80 81 39
80 83 62
80 84 37
80 87 58
80 89 97
80 90 74
80 96 9
80 99 77
80 100 43
80 102 79
80 103 26
80 105 84
80 106 56
80 108 78
80 110 26
80 111 70
80 112 17
80 114 40
80 115 65
80 116 50
80 121 42
80 127 87
80 128 56
80 135 66
80 136 35
80 137 53
80 139 21
80 142 59
80 144 20
80 146 96
80 147 24
80 149 97
81 83 41
81 85 100
81 86 85
81 88 68
81 95 13
81 97 32
81 98 98
81 100 94
81 101 33
81 103 11
81 106 7
81 108 40
81 111 95
81 112 91
81 114 39
81 115 79
81 117 12
81 121 32
81 124 89
81 125 90
81 130 57
81 131 57
81 135 52
81 137 35
81 140 73
81 143 27
81 144 77
81 146 66
81 150 2
82 85 39
82 86 72
82 88 57
82 91 5
82 92 85
82 95 44
82 101 80
82 104 8
82 105 61
82 114 54
82 121 29
82 122 78
82 123 50
82 125 75
82 126 55
82 129 54
82 131 78
82 133 38
82 135 94
82 136 88
82 139 5
82 140 76
82 141 96
82 144 82
82 145 14
82 149 88
83 84 87
83 85 69
83 91 18
83 93 41
83 98 42
83 100 56
83 101 70
83 102 25
83 106 37
83 110 3
83 111 97
83 120 44
83 121 45
83 127 56
83 128 89
83 130 50
83 135 51
83 138 52
83 139 26
83 140 33
83 141 14
83 145 60
83 147 85
83 149 88
84 90 91
84 98 85
84 99 76
84 100 81
84 101 58
84 103 40
84 107 41
84 112 41
84 117 51
84 118 5
84 120 13
84 121 91
84 122 67
84 124 1
84 125 11
84 126 69
84 127 57
84 129 33
84 130 16
84 131 10
84 133 50
84 134 29
84 138 62
84 139 38
84 140 2
84 143 100
84 150 4
85 86 82
85 90 92
85 95 63
85 103 93
85 104 50
85 105 69
85 110 91
85 111 97
85 112 94
85 119 54
85 121 31
85 125 71
85 132 6
85 135 74
85 140 18
85 141 72
85 147 68
86 88 37
86 89 65
86 93 6
86 94 44
86 101 50
86 102 16
86 104 85
86 110 81
86 111 77
86 112 92
86 113 59
86 115 90
86 117 87
86 118 9
86 121 14
86 123 58
86 124 96
86 125 34
86 127 5
86 128 43
86 131 38
86 136 22
86 137 53
86 138 6
86 142 42
86 144 39
86 145 36
86 146 79
86 150 28
87 89 67
87 97 76
87 98 15
87 101 70
87 104 69
87 106 52
87 109 63
87 112 64
87 113 57
87 114 62
87 115 13
87 116 12
87 117 26
87 123 65
87 124 41
87 132 52
87 133 26
87 134 44
87 135 29
87 136 64
87 137 95
87 138 71
87 143 26
87 146 44
87 149 26
88 93 18
88 95 19
88 98 83
88 102 32
88 105 23
88 106 45
88 108 29
88 110 89
88 114 57
88 120 45
88 121 42
88 122 58
88 123 37
88 127 71
88 128 72
88 130 18
88 135 63
88 136 32
88 137 70
88 138 91
88 141 100
88 143 77
88 144 66
88 145 39
88 147 98
88 149 89
88 150 99
89 90 50
89 93 82
89 95 73
89 96 91
89 97 19
89 100 97
89 101 95
89 104 95
89 111 23
89 114 55
89 116 8
89 118 6
89 121 40
89 126 5
89 127 43
89 128 8
89 133 36
89 135 34
89 136 1
89 144 83
89 148 13
90 94 40
90 98 15
90 103 48
90 104 86
90 106 85
90 107 96
90 113 76
90 119 35
90 122 75
90 123 65
90 125 50
90 128 65
90 129 38
90 134 56
90 136 48
90 137 70
90 141 73
90 145 18
90 150 99
91 94 25
91 95 13
91 99 62
91 100 65
91 101 8
91 102 100
91 104 41
91 105 57
91 106 96
91 107 13
91 112 83
91 113 81
91 117 27
91 119 90
91 121 48
91 124 66
91 125 5
91 128 24
91 130 69
91 133 45
91 136 81
91 137 43
91 138 27
91 139 53
91 142 98
91 143 9
91 144 71
92 93 61
92 94 66
92 95 44
92 99 47
92 101 5
92 103 51
92 107 11
92 110 9
92 114 79
92 116 25
92 117 23
92 119 25
92 121 82
92 125 38
92 133 66
92 137 11
92 138 53
92 142 68
92 143 73
92 146 98
92 147 38
92 149 1
93 94 5
93 104 58
93 107 54
93 108 21
93 113 14
93 118 3
93 119 82
93 122 24
93 123 29
93 124 44
93 126 88
93 127 91
93 128 91
93 131 13
93 134 76
93 135 3
93 138 30
93 141 53
93 142 86
93 144 53
93 146 60
93 150 86
94 97 30
94 99 82
94 100 24
94 104 76
94 105 51
94 113 31
94 114 100
94 115 24
94 116 96
94 117 14
94 118 37
94 119 68
94 120 9
94 121 53
94 123 99
94 124 95
94 126 73
94 127 60
94 133 84
94 134 1
94 135 16
94 138 8
94 141 62
94 142 36
94 143 39
94 145 95
95 97 89
95 99 84
95 101 46
95 102 29
95 103 24
95 105 76
95 111 16
95 113 37
95 119 48
95 120 60
95 123 38
95 124 4
95 127 55
95 129 13
95 130 66
95 133 83
95 136 57
95 138 54
95 140 60
95 141 99
95 142 74
95 144 24
95 145 25
95 148 96
96 97 24
96 100 74
96 103 30
96 107 2
96 110 16
96 111 14
96 113 19
96 118 73
96 120 63
96 121 12
96 123 31
96 124 34
96 125 16
96 126 68
96 127 34
96 138 95
96 141 77
96 144 91
96 147 13
96 148 69
96 150 11
97 98 99
97 100 67
97 104 90
97 106 78
97 110 74
97 111 99
97 114 74
97 115 83
97 120 90
97 123 23
97 125 34
97 131 17
97 132 86
97 133 80
97 139 75
97 141 91
97 142 23
97 145 77
97 147 37
97 148 77
98 99 89
98 102 25
98 108 100
98 110 40
98 111 73
98 114 86
98 115 98
98 119 64
98 120 19
98 121 67
98 127 62
98 128 92
98 129 16
98 135 89
98 139 57
98 140 57
98 143 89
98 144 82
98 146 27
99 102 5
99 103 14
99 108 42
99 114 75
99 121 38
99 129 85
99 134 41
99 137 57
99 139 50
99 144 66
99 146 69
99 148 30
99 150 35
100 101 20
100 104 29
100 105 8
100 109 67
100 111 31
100 114 94
100 115 80
100 117 77
100 120 27
100 121 85
100 122 42
100 123 3
100 124 35
100 125 70
100 126 61
100 127 47
100 129 76
100 137 64
100 139 77
100 144 16
100 145 16
100 146 8
100 148 40
101 102 90
101 103 47
101 104 1
101 107 76
101 111 8
101 114 21
101 115 98
101 116 96
101 123 96
101 126 86
101 132 82
101 134 2
101 139 40
101 141 28
101 143 34
101 144 93
101 147 89
101 149 89
102 103 12
102 106 99
102 107 69
102 109 80
102 111 62
102 115 53
102 116 67
102 122 94
102 124 7
102 125 78
102 127 12
102 128 63
102 130 92
102 131 83
102 134 4
102 135 45
102 136 28
102 137 17
102 138 99
102 139 29
102 140 51
102 141 16
102 142 47
102 148 60
102 149 17
102 150 20
103 104 11
103 105 30
103 107 56
103 110 33
103 114 74
103 117 38
103 119 46
103 122 2
103 123 93
103 125 31
103 132 49
103 136 72
103 137 45
103 139 35
103 143 64
103 146 57
103 148 37
103 149 99
103 150 14
104 107 7
104 108 38
104 110 29
104 112 67
104 113 21
104 116 91
104 117 7
104 119 72
104 126 43
104 130 74
104 134 5
104 136 73
104 138 31
104 139 24
104 145 26
104 150 12
105 107 97
105 109 25
105 113 11
105 114 68
105 116 33
105 117 95
105 119 6
105 120 91
105 122 24
105 124 41
105 125 99
105 131 10
105 132 77
105 134 64
105 135 90
105 137 27
105 138 91
105 141 21
105 143 4
105 146 21
105 147 2
106 108 21
106 109 65
106 110 76
106 114 54
106 118 50
106 122 33
106 123 90
106 124 82
106 126 36
106 130 68
106 132 30
106 135 82
106 140 9
106 143 8
106 145 45
106 150 60
107 108 26
107 109 33
107 112 89
107 114 61
107 116 13
107 117 52
107 134 99
107 135 77
107 141 57
107 144 69
107 145 73
107 146 70
108 112 5
108 113 60
108 114 85
108 116 11
108 118 40
108 120 20
108 124 26
108 126 67
108 127 33
108 131 78
108 134 78
108 136 62
108 138 30
108 139 8
108 142 59
108 145 78
108 146 20
109 110 8
109 111 72
109 112 75
109 114 53
109 115 9
109 119 40
109 120 99
109 127 27
109 128 97
109 133 78
109 136 16
109 137 12
109 141 72
109 142 22
109 146 92
109 147 77
110 111 93
110 118 31
110 121 22
110 125 67
110 133 37
110 136 19
110 137 5
110 140 86
110 141 36
110 142 70
110 145 60
110 146 57
110 147 78
110 148 57
111 112 78
111 113 12
111 115 49
111 119 35
111 120 32
111 121 6
111 122 19
111 124 74
111 126 32
111 128 1
111 135 58
111 139 51
111 144 32
111 150 36
112 114 54
112 117 59
112 118 31
112 120 48
112 122 99
112 124 41
112 125 12
112 126 24
112 128 70
112 133 18
112 137 82
112 139 51
112 142 79
112 143 6
112 144 17
112 147 91
112 148 36
112 150 14
113 114 32
113 115 57
113 116 88
113 117 48
113 122 10
113 124 24
113 126 72
113 133 63
113 135 100
113 139 18
113 140 72
113 141 85
113 142 64
113 145 75
113 150 52
114 115 51
114 116 77
114 119 24
114 122 58
114 124 42
114 125 74
114 127 64
114 128 44
114 129 22
114 132 76
114 133 16
114 138 100
114 140 73
114 141 8
114 147 7
114 150 42
115 116 25
115 118 70
115 121 48
115 122 25
115 123 15
115 124 94
115 126 90
115 133 51
115 134 11
115 135 2
115 138 31
115 139 75
115 141 17
115 144 9
115 146 79
115 147 10
115 150 81
116 117 20
116 119 32
116 123 14
116 126 17
116 127 16
116 128 13
116 129 71
116 130 77
116 131 74
116 133 48
116 134 85
116 135 21
116 136 34
116 138 42
116 139 23
116 143 6
116 145 49
116 147 100
117 120 72
117 124 31
117 125 11
117 130 88
117 133 100
117 140 73
117 141 23
117 143 76
117 147 96
117 148 62
117 149 74
117 150 1
118 120 21
118 123 6
118 139 90
118 142 46
118 144 69
118 145 84
118 146 32
118 149 53
118 150 73
119 121 84
119 123 94
119 134 2
119 135 2
119 136 12
119 137 1
119 138 78
119 139 46
119 140 73
119 141 20
119 145 93
119 148 100
120 121 80
120 129 27
120 130 5
120 131 45
120 135 98
120 136 94
120 139 19
120 140 73
120 141 79
120 146 76
120 147 36
120 148 20
120 149 19
121 123 42
121 128 54
121 131 83
121 132 30
121 134 95
121 135 18
121 136 54
121 139 22
121 140 100
121 147 88
121 148 89
122 127 76
122 132 80
122 134 4
122 135 46
122 136 95
122 137 90
122 139 66
122 140 66
122 143 65
122 144 15
122 148 100
123 124 37
123 125 47
123 128 96
123 132 8
123 136 59
123 137 45
123 139 72
123 140 98
123 141 61
123 146 63
123 148 16
123 150 43
124 134 67
124 135 60
124 137 14
124 138 2
124 142 44
124 144 1
124 145 77
124 147 12
124 150 30
125 126 16
125 127 48
125 130 56
125 131 26
125 137 5
125 138 90
125 139 13
125 140 78
125 145 82
125 148 78
126 128 29
126 129 24
126 131 55
126 133 68
126 135 3
126 141 71
126 142 86
126 144 82
126 147 1
127 130 13
127 133 75
127 141 44
127 144 9
127 147 44
127 148 78
127 149 3
127 150 40
128 129 80
128 131 85
128 135 57
128 136 27
128 138 6
128 141 25
128 144 68
128 146 54
128 149 50
129 130 68
129 131 31
129 132 14
129 134 60
129 135 80
129 136 10
129 137 95
129 139 65
129 145 42
129 150 56
130 133 73
130 134 1
130 135 49
130 137 86
130 138 58
130 140 16
130 145 16
130 149 10
131 132 65
131 135 6
131 136 55
131 137 59
131 139 55
131 140 22
131 143 45
131 144 35
131 145 69
131 149 82
131 150 89
132 133 66
132 134 18
132 138 89
132 142 81
132 145 20
132 149 33
133 135 72
133 138 57
133 140 79
133 143 69
133 147 14
133 148 10
133 150 15
134 141 74
134 145 45
135 141 36
135 142 57
135 144 52
135 145 15
135 146 73
135 149 54
135 150 69
136 139 28
136 140 68
136 141 1
136 144 53
136 147 29
136 149 78
137 138 76
137 142 84
137 145 69
137 149 66
138 139 88
138 143 95
138 144 28
138 147 29
138 149 28
139 141 58
139 142 22
139 143 5
140 141 34
140 143 73
140 144 1
140 145 80
140 147 26
140 149 9
140 150 58
141 143 44
141 145 44
141 149 16
142 144 20
142 145 22
142 146 51
142 148 90
142 149 14
143 145 91
143 146 34
143 149 84
144 146 93
144 148 25
145 146 17
145 148 6
146 149 98
147 150 93
1 7 96
1 11 100
1 12 46
1 13 87
1 17 51
1 18 6
1 19 85
1 24 57
1 25 28
1 26 9
1 30 26
1 32 20
1 34 72
1 36 86
1 38 74
1 42 30
1 43 22
1 46 63
1 49 48
1 51 66
1 52 54
1 53 42
1 55 31
1 57 18
1 62 2
1 64 8
1 66 5
1 70 34
1 71 65
1 72 56
1 75 60
1 81 63
1 82 64
1 83 47
1 86 26
1 87 37
1 91 9
1 92 52
1 93 4
1 97 21
1 103 16
1 107 67
1 109 55
1 115 23
1 120 97
1 123 48
1 129 32
1 130 38
1 131 71
1 132 2
1 134 45
1 135 26
1 139 7
1 140 34
1 142 46
1 143 37
1 145 40
1 147 64
1 150 94
2 6 36
2 11 79
2 13 47
2 15 14
2 16 60
2 17 91
2 19 68
2 20 33
2 22 21
2 24 78
2 25 62
2 26 19
2 27 56
2 29 46
2 30 58
2 32 79
2 33 72
2 36 100
2 38 21
2 39 35
2 42 94
2 44 15
2 45 45
2 46 22
2 50 24
2 53 92
2 55 57
2 57 22
2 59 9
2 61 7
2 64 86
2 65 12
2 69 43
2 70 7
2 71 91
2 72 56
2 73 96
2 74 34
2 76 33
2 81 98
2 82 51
2 83 87
2 89 85
2 94 82
2 95 79
2 96 42
2 97 25
2 101 79
2 106 58
2 107 48
2 111 49
2 115 24
2 116 6
2 119 72
2 120 42
2 121 100
2 126 69
2 127 30
2 128 9
2 136 21
2 140 29
2 142 53
2 144 96
3 9 88
3 13 64
3 17 65
3 18 61
3 20 66
3 27 58
3 30 100
3 32 4
3 34 83
3 41 10
3 42 93
3 43 21
3 46 45
3 47 32
3 49 54
3 50 11
3 55 95
3 61 52
3 62 28
3 65 38
3 66 55
3 70 66
3 73 42
3 79 5
3 81 66
3 82 47
3 87 86
3 89 24
3 92 95
3 93 48
3 94 25
3 98 47
3 100 62
3 112 7
3 114 77
3 116 21
3 121 8
3 122 91
3 123 59
3 124 4
3 125 39
3 129 39
3 132 8
3 134 27
3 139 57
3 140 63
3 141 91
3 142 28
3 147 6
3 149 4
3 150 79
4 8 49
4 10 49
4 13 66
4 17 78
4 20 73
4 21 59
4 22 48
4 23 47
4 24 24
4 25 64
4 28 87
4 29 83
4 30 36
4 31 88
4 32 100
4 33 77
4 34 43
4 37 72
4 39 76
4 43 55
4 47 64
4 49 2
4 51 89
4 52 92
4 53 31
4 54 91
4 56 10
4 59 60
4 63 2
4 69 47
4 71 65
4 72 100
4 76 81
4 77 66
4 80 20
4 81 9
4 84 97
4 86 3
4 88 94
4 91 18
4 92 22
4 95 44
4 96 58
4 98 39
4 100 74
4 106 68
4 107 5
4 112 33
4 115 98
4 118 49
4 120 77
4 128 30
4 130 59
4 132 38
4 135 42
4 137 17
4 138 82
4 143 90
4 144 13
5 6 3
5 7 8
5 10 51
5 18 4
5 23 52
5 24 73
5 25 78
5 28 78
5 32 31
5 33 31
5 34 19
5 39 62
5 40 9
5 45 40
5 47 67
5 48 43
5 50 13
5 51 64
5 55 20
5 56 62
5 61 44
5 64 39
5 67 8
5 74 88
5 76 1
5 77 11
5 80 66
5 81 34
5 82 92
5 83 41
5 86 93
5 88 23
5 89 90
5 90 22
5 92 33
5 93 9
5 95 86
5 97 22
5 99 38
5 100 23
5 104 77
5 112 92
5 114 31
5 117 29
5 119 75
5 123 63
5 124 3
5 125 49
5 129 22
5 132 99
5 133 10
5 134 49
5 136 25
5 137 90
5 140 36
5 141 99
5 145 19
5 147 99
5 149 36
5 150 31
6 7 82
6 12 18
6 17 93
6 21 32
6 23 57
6 24 9
6 26 69
6 28 74
6 30 10
6 32 18
6 33 59
6 34 72
6 35 16
6 38 62
6 39 27
6 40 43
6 41 77
6 45 73
6 46 37
6 47 82
6 49 24
6 50 89
6 51 17
6 52 12
6 54 1
6 56 22
6 58 83
6 60 62
6 63 88
6 64 57
6 65 99
6 67 8
6 70 6
6 71 64
6 72 2
6 73 25
6 74 71
6 76 82
6 77 53
6 79 71
6 80 19
6 83 84
6 86 35
6 87 100
6 90 28
6 91 3
6 92 95
6 93 100
6 95 18
6 97 89
6 98 78
6 99 97
6 100 80
6 104 60
6 105 60
6 106 82
6 108 16
6 111 61
6 113 85
6 114 62
6 115 38
6 116 61
6 119 94
6 122 73
6 125 17
6 126 81
6 127 18
6 131 24
6 133 3
6 135 31
6 136 26
6 137 75
6 139 91
6 140 86
6 144 9
6 147 98
6 150 83
7 12 38
7 13 76
7 15 30
7 17 34
7 18 54
7 20 16
7 22 96
7 30 63
7 32 56
7 33 94
7 34 58
7 39 91
7 40 65
7 42 3
7 43 84
7 46 7
7 48 94
7 49 14
7 53 82
7 55 68
7 56 96
7 57 10
7 59 34
7 62 13
7 70 72
7 73 29
7 76 21
7 78 31
7 81 42
7 84 13
7 85 69
7 91 9
7 100 84
7 101 64
7 106 86
7 109 69
7 110 50
7 114 39
7 117 58
7 120 80
7 121 77
7 123 30
7 128 68
7 130 7
7 134 62
7 135 13
7 136 19
7 138 15
7 140 28
7 141 82
7 144 6
7 147 29
7 150 57
8 9 41
8 13 94
8 14 82
8 16 19
8 18 80
8 19 59
8 25 3
8 26 77
8 31 89
8 34 78
8 36 21
8 38 36
8 40 44
8 41 46
8 45 66
8 47 24
8 51 17
8 55 47
8 56 39
8 63 37
8 65 77
8 66 52
8 69 97
8 72 39
8 74 39
8 76 1
8 78 71
8 80 78
8 81 85
8 82 49
8 86 34
8 88 93
8 90 59
8 91 3
8 92 35
8 93 68
8 95 19
8 96 64
8 99 66
8 103 52
8 105 8
8 106 100
8 107 49
8 110 73
8 113 18
8 114 73
8 118 60
8 120 5
8 124 69
8 129 24
8 131 7
8 133 12
8 136 32
8 139 94
8 140 98
8 141 82
8 142 70
8 145 55
8 149 21
8 150 65
9 14 3
9 16 49
9 19 43
9 22 41
9 24 95
9 28 53
9 29 96
9 31 97
9 33 99
9 38 45
9 40 78
9 41 46
9 42 43
9 52 50
9 55 82
9 56 50
9 58 6
9 63 73
9 67 36
9 69 94
9 71 90
9 75 39
9 76 97
9 77 3
9 80 92
9 84 95
9 85 19
9 88 61
9 90 71
9 91 35
9 92 83
9 96 38
9 103 72
9 106 51
9 107 30
9 109 90
9 110 46
9 116 64
9 118 78
9 122 90
9 123 89
9 125 50
9 127 51
9 129 15
9 131 34
9 132 98
9 134 92
9 138 38
9 139 37
9 140 92
9 142 16
9 149 57
9 150 69
10 12 18
10 14 7
10 18 39
10 19 71
10 23 75
10 25 59
10 29 69
10 31 39
10 32 69
10 33 32
10 36 39
10 40 76
10 41 70
10 42 53
10 43 99
10 44 7
10 46 10
10 48 4
10 52 58
10 53 24
10 54 58
10 55 77
10 56 2
10 57 76
10 60 41
10 61 59
10 62 71
10 68 48
10 76 37
10 78 59
10 83 62
10 85 34
10 87 16
10 88 51
10 89 90
10 90 27
10 92 47
10 95 54
10 98 34
10 99 86
10 100 71
10 103 89
10 105 37
10 108 50
10 111 92
10 112 44
10 113 87
10 114 23
10 115 1
10 116 95
10 120 91
10 130 74
10 131 92
10 132 61
10 134 43
10 139 15
10 142 61
10 143 55
10 145 77
11 12 93
11 18 40
11 21 1
11 22 50
11 27 72
11 38 83
11 39 31
11 40 21
11 44 77
11 45 32
11 51 44
11 52 83
11 57 56
11 58 27
11 64 100
11 66 53
11 70 15
11 72 29
11 75 93
11 77 83
11 78 81
11 84 66
11 86 24
11 87 56
11 89 8
11 90 3
11 92 37
11 97 62
11 101 70
11 103 84
11 105 92
11 109 31
11 113 55
11 117 35
11 121 88
11 122 44
11 130 56
11 134 81
11 135 52
11 136 19
11 138 42
11 139 70
11 143 76
11 144 55
11 149 46
12 14 78
12 21 51
12 23 54
12 25 60
12 26 12
12 27 93
12 28 23
12 31 78
12 32 52
12 33 77
12 38 96
12 41 100
12 46 57
12 48 95
12 51 14
12 53 75
12 54 52
12 55 54
12 57 97
12 65 88
12 72 30
12 77 7
12 78 97
12 81 61
12 82 99
12 83 64
12 88 80
12 91 2
12 94 69
12 96 96
12 99 2
12 102 48
12 103 78
12 104 50
12 105 42
12 107 58
12 108 36
12 111 76
12 115 18
12 118 66
12 119 74
12 120 79
12 121 7
12 122 97
12 123 51
12 124 28
12 129 30
12 131 57
12 133 32
12 136 64
12 138 39
12 139 48
12 147 48
13 17 42
13 18 41
13 20 39
13 22 14
13 26 5
13 30 16
13 31 88
13 32 99
13 34 16
13 36 72
13 37 81
13 40 37
13 42 49
13 43 81
13 44 13
13 49 4
13 50 29
13 51 28
13 54 66
13 55 90
13 56 54
13 60 50
13 64 75
13 66 89
13 68 30
13 70 75
13 76 20
13 79 36
13 80 29
13 81 46
13 85 90
13 86 29
13 87 67
13 89 76
13 91 48
13 93 84
13 97 45
13 99 82
13 100 91
13 101 18
13 102 82
13 105 80
13 107 27
13 108 2
13 113 85
13 115 56
13 117 67
13 118 50
13 121 48
13 123 96
13 125 39
13 128 97
13 129 68
13 130 51
13 132 97
13 136 60
13 139 10
13 140 98
13 141 97
13 142 52
13 143 64
13 144 53
13 148 9
13 149 89
13 150 35
14 17 62
14 19 75
14 24 68
14 31 36
14 35 63
14 36 13
14 40 96
14 41 79
14 44 86
14 45 4
14 49 8
14 51 33
14 53 85
14 54 76
14 55 52
14 57 74
14 58 91
14 62 83
14 67 89
14 68 54
14 70 95
14 73 7
14 74 91
14 76 14
14 78 6
14 81 17
14 88 65
14 89 97
14 91 31
14 92 50
14 95 43
14 97 70
14 101 86
14 103 12
14 104 96
14 105 17
14 107 82
14 109 36
14 111 75
14 112 87
14 115 80
14 116 14
14 120 60
14 121 65
14 123 65
14 124 35
14 125 96
14 126 1
14 129 98
14 130 90
14 132 88
14 133 21
14 136 11
14 137 65
14 140 16
14 141 27
14 142 2
14 145 27
15 18 7
15 19 35
15 20 52
15 23 73
15 24 71
15 25 47
15 32 15
15 33 96
15 39 80
15 40 88
15 41 39
15 42 96
15 48 73
15 52 2
15 54 9
15 55 53
15 57 7
15 58 62
15 67 90
15 69 22
15 71 70
15 73 1
15 74 6
15 77 15
15 78 1
15 79 11
15 83 48
15 84 3
15 87 3
15 91 9
15 102 22
15 103 19
15 107 92
15 110 94
15 112 89
15 116 71
15 117 94
15 120 78
15 126 7
15 128 69
15 129 22
15 137 99
15 139 79
15 141 99
15 142 67
15 146 38
15 148 53
16 17 25
16 20 37
16 22 32
16 23 16
16 26 10
16 28 35
16 29 5
16 31 26
16 32 48
16 34 1
16 41 31
16 47 75
16 48 74
16 50 72
16 53 82
16 60 25
16 63 90
16 67 59
16 68 17
16 80 98
16 81 39
16 83 46
16 84 11
16 85 61
16 86 11
16 89 28
16 90 45
16 91 31
16 102 78
16 105 23
16 106 37
16 108 79
16 110 1
16 114 3
16 116 48
16 118 68
16 119 51
16 120 62
16 126 52
16 130 12
16 132 57
16 134 84
16 135 58
16 136 92
16 137 56
16 142 18
16 144 79
16 147 46
17 22 67
17 24 65
17 25 84
17 26 16
17 28 31
17 29 4
17 32 2
17 35 42
17 36 63
17 37 47
17 42 55
17 43 42
17 54 96
17 56 78
17 59 35
17 60 52
17 61 33
17 66 67
17 72 84
17 76 26
17 77 89
17 84 74
17 87 70
17 92 32
17 95 77
17 96 14
17 101 74
17 102 8
17 105 76
17 108 66
17 111 8
17 112 56
17 113 42
17 114 11
17 116 14
17 117 37
17 118 39
17 120 2
17 127 1
17 128 98
17 130 28
17 135 88
17 139 74
17 141 52
17 144 41
17 147 14
18 20 36
18 23 35
18 25 22
18 26 80
18 27 14
18 29 20
18 31 58
18 32 99
18 34 43
18 35 48
18 37 14
18 42 79
18 43 75
18 44 3
18 45 34
18 46 6
18 49 44
18 50 1
18 53 81
18 56 91
18 57 86
18 58 1
18 59 96
18 60 55
18 61 7
18 62 43
18 63 18
18 66 77
18 67 97
18 73 85
18 75 38
18 85 23
18 89 60
18 90 63
18 97 59
18 99 61
18 105 82
18 109 34
18 112 82
18 120 19
18 122 80
18 126 24
18 129 73
18 133 36
18 135 78
18 136 76
18 140 46
18 142 3
18 143 28
18 146 33
18 148 95
19 29 6
19 30 77
19 31 72
19 33 1
19 35 87
19 37 58
19 39 83
19 45 80
19 46 37
19 50 32
19 51 9
19 55 66
19 57 10
19 60 31
19 62 96
19 63 61
19 65 94
19 67 74
19 70 67
19 72 71
19 75 18
19 80 63
19 82 40
19 84 21
19 85 40
19 88 42
19 92 41
19 94 20
19 95 66
19 96 48
19 101 9
19 102 33
19 105 37
19 106 99
19 109 14
19 111 83
19 112 58
19 113 87
19 118 56
19 120 45
19 121 91
19 123 39
19 126 35
19 129 76
19 132 52
19 133 76
19 134 6
19 135 32
19 138 14
19 139 1
19 141 41
19 142 29
19 143 91
19 144 31
19 145 15
19 146 23
19 148 49
20 26 11
20 27 98
20 29 39
20 32 97
20 34 21
20 36 20
20 37 45
20 40 67
20 41 13
20 46 18
20 47 43
20 48 77
20 49 89
20 50 8
20 51 72
20 52 23
20 56 71
20 57 84
20 59 37
20 62 33
20 63 31
20 64 3
20 65 44
20 68 42
20 70 65
20 78 49
20 80 79
20 81 89
20 82 42
20 83 54
20 84 96
20 85 28
20 87 19
20 88 33
20 89 65
20 91 56
20 96 99
20 98 72
20 99 39
20 100 93
20 103 93
20 104 63
20 110 63
20 114 89
20 115 99
20 119 47
20 120 3
20 122 23
20 124 7
20 127 98
20 129 37
20 136 30
20 137 95
20 142 20
20 143 56
20 145 67
20 146 48
20 148 40
20 150 78
21 22 18
21 23 75
21 24 51
21 26 56
21 28 64
21 29 45
21 33 40
21 34 6
21 39 40
21 40 82
21 41 80
21 42 81
21 43 76
21 47 57
21 50 99
21 51 84
21 52 96
21 59 98
21 65 42
21 68 85
21 74 66
21 75 86
21 76 85
21 77 7
21 80 43
21 82 49
21 83 67
21 84 2
21 87 1
21 89 10
21 90 55
21 95 48
21 96 26
21 98 88
21 103 7
21 106 73
21 107 91
21 108 77
21 111 23
21 113 81
21 117 21
21 118 37
21 122 51
21 124 76
21 128 37
21 134 56
21 140 70
21 143 53
21 144 77
21 146 37
21 147 78
21 148 3
21 150 5
22 25 90
22 26 37
22 28 5
22 32 39
22 34 92
22 35 79
22 38 94
22 39 64
22 41 98
22 42 100
22 44 15
22 46 11
22 47 50
22 48 54
22 55 38
22 56 56
22 57 74
22 58 46
22 61 41
22 66 40
22 67 37
22 68 7
22 75 15
22 76 7
22 79 98
22 83 74
22 85 31
22 86 78
22 89 23
22 91 47
22 92 20
22 93 1
22 97 49
22 98 97
22 99 74
22 100 83
22 101 58
22 107 91
22 108 43
22 109 93
22 111 42
22 113 84
22 117 1
22 118 56
22 119 29
22 122 100
22 124 41
22 127 75
22 129 57
22 132 59
22 133 55
22 134 15
22 135 95
22 136 1
22 137 11
22 142 49
22 144 18
22 149 20
23 25 35
23 27 20
23 29 41
23 32 37
23 35 61
23 36 28
23 39 7
23 42 41
23 44 26
23 46 90
23 50 2
23 54 92
23 56 13
23 57 60
23 58 86
23 59 30
23 61 15
23 65 1
23 66 14
23 68 76
23 69 27
23 74 49
23 78 28
23 80 28
23 83 94
23 85 11
23 94 25
23 96 99
23 97 2
23 99 12
23 100 93
23 101 53
23 112 66
23 113 3
23 114 78
23 117 55
23 123 17
23 124 34
23 125 41
23 127 51
23 129 1
23 132 52
23 134 95
23 136 29
23 138 83
23 139 22
23 141 64
23 147 18
24 26 96
24 35 54
24 40 88
24 41 18
24 44 85
24 48 65
24 53 64
24 61 35
24 64 21
24 69 52
24 71 18
24 73 1
24 75 88
24 80 21
24 92 83
24 94 79
24 95 60
24 98 9
24 100 33
24 101 88
24 102 7
24 104 33
24 107 89
24 110 36
24 111 2
24 113 77
24 114 36
24 115 12
24 117 6
24 118 30
24 119 24
24 120 78
24 121 45
24 123 27
24 125 51
24 127 39
24 128 85
24 135 94
24 139 69
24 141 94
24 142 16
24 143 44
24 146 38
24 150 41
25 26 40
25 27 65
25 32 67
25 33 48
25 36 3
25 37 70
25 42 5
25 45 18
25 46 56
25 47 39
25 57 48
25 58 51
25 61 8
25 62 16
25 64 18
25 66 28
25 70 38
25 71 94
25 74 35
25 75 96
25 79 44
25 81 57
25 82 52
25 83 48
25 85 87
25 87 74
25 89 67
25 90 57
25 91 79
25 95 53
25 96 23
25 99 9
25 110 11
25 111 80
25 113 24
25 119 14
25 123 2
25 125 80
25 126 1
25 128 26
25 129 88
25 130 54
25 132 2
25 134 74
25 136 93
25 137 66
25 140 34
25 142 76
25 144 3
25 145 68
25 146 23
25 149 13
26 29 92
26 32 69
26 34 17
26 35 14
26 40 68
26 49 97
26 51 76
26 53 5
26 54 28
26 55 83
26 57 40
26 58 26
26 63 56
26 64 7
26 66 94
26 67 69
26 74 79
26 75 32
26 76 67
26 77 78
26 86 85
26 88 19
26 89 74
26 90 90
26 92 10
26 97 76
26 99 70
26 100 59
26 101 34
26 102 54
26 104 5
26 106 57
26 107 12
26 111 37
26 116 4
26 119 57
26 123 32
26 125 98
26 127 38
26 128 8
26 135 23
26 136 37
26 140 85
26 143 20
26 144 9
26 145 23
26 149 82
26 150 100
27 28 41
27 33 51
27 35 36
27 40 16
27 42 54
27 43 1
27 44 50
27 47 36
27 53 42
27 55 27
27 56 18
27 57 27
27 63 21
27 69 75
27 71 52
27 73 91
27 74 34
27 75 72
27 76 98
27 78 25
27 80 60
27 83 16
27 84 83
27 85 36
27 97 61
27 99 43
27 100 8
27 102 21
27 104 31
27 105 81
27 107 56
27 108 90
27 109 99
27 116 38
27 121 59
27 122 15
27 124 12
27 125 32
27 127 4
27 132 20
27 137 81
27 138 82
27 141 14
27 149 22
28 29 35
28 30 16
28 33 27
28 37 69
28 40 81
28 41 91
28 48 31
28 51 57
28 55 96
28 56 33
28 62 6
28 70 29
28 71 31
28 73 11
28 75 45
28 76 20
28 79 57
28 80 96
28 83 81
28 89 67
28 90 57
28 91 61
28 92 21
28 95 51
28 96 69
28 97 31
28 100 25
28 101 27
28 102 3
28 103 81
28 106 46
28 109 16
28 110 72
28 114 80
28 120 87
28 122 17
28 123 81
28 125 61
28 128 45
28 132 93
28 134 92
28 136 74
28 137 57
28 139 71
28 140 68
28 146 82
28 147 88
28 148 60
29 32 9
29 33 50
29 38 78
29 40 13
29 43 20
29 46 27
29 48 2
29 49 46
29 53 66
29 59 6
29 60 52
29 61 98
29 63 13
29 64 49
29 65 27
29 66 16
29 69 68
29 74 16
29 75 83
29 76 3
29 80 6
29 81 12
29 84 24
29 87 36
29 91 46
29 92 27
29 94 62
29 96 25
29 97 36
29 98 25
29 103 43
29 107 92
29 109 52
29 111 9
29 112 59
29 113 59
29 117 41
29 119 30
29 120 79
29 121 60
29 122 62
29 123 27
29 128 49
29 130 31
29 132 7
29 133 23
29 135 95
29 139 90
29 140 57
29 141 38
29 142 40
29 146 70
29 147 76
30 32 36
30 33 37
30 36 93
30 38 90
30 40 87
30 41 55
30 42 37
30 43 78
30 46 94
30 53 74
30 55 92
30 57 95
30 59 33
30 60 46
30 64 16
30 67 47
30 72 23
30 74 73
30 77 28
30 81 30
30 84 95
30 87 47
30 90 76
30 93 46
30 95 25
30 97 93
30 99 74
30 101 38
30 104 16
30 108 40
30 110 68
30 111 1
30 114 3
30 115 74
30 119 74
30 121 91
30 127 34
30 133 19
30 134 83
30 136 88
30 139 34
30 142 49
30 146 57
30 150 33
31 33 47
31 36 98
31 37 31
31 38 93
31 40 84
31 41 68
31 43 39
31 44 18
31 45 43
31 49 58
31 55 70
31 56 20
31 57 30
31 58 74
31 59 41
31 60 73
31 62 33
31 64 99
31 68 87
31 73 100
31 77 2
31 78 93
31 79 27
31 80 52
31 83 43
31 84 27
31 89 58
31 91 15
31 92 77
31 94 82
31 96 54
31 97 73
31 98 33
31 99 72
31 102 2
31 103 63
31 105 16
31 106 78
31 108 50
31 109 36
31 110 11
31 111 41
31 115 66
31 120 71
31 121 25
31 125 59
31 126 27
31 127 10
31 133 17
31 134 90
31 136 32
31 138 1
31 141 64
31 142 44
31 144 5
31 147 84
32 33 43
32 35 63
32 36 79
32 38 67
32 39 6
32 41 92
32 42 81
32 46 68
32 51 55
32 53 32
32 55 46
32 56 52
32 58 24
32 66 25
32 67 76
32 68 11
32 69 35
32 71 96
32 72 22
32 73 72
32 75 65
32 78 35
32 82 29
32 83 42
32 88 26
32 96 65
32 101 99
32 102 86
32 103 10
32 106 87
32 107 34
32 108 74
32 111 70
32 112 96
32 114 59
32 116 40
32 119 4
32 120 59
32 125 49
32 126 44
32 127 47
32 129 56
32 130 82
32 132 29
32 133 8
32 134 54
32 138 93
32 139 82
32 142 100
33 36 8
33 37 14
33 39 24
33 46 8
33 47 21
33 49 11
33 51 71
33 52 10
33 54 57
33 56 7
33 59 31
33 61 73
33 62 74
33 64 7
33 66 8
33 70 21
33 71 30
33 72 50
33 75 29
33 78 35
33 79 82
33 81 76
33 83 24
33 85 37
33 86 57
33 88 70
33 91 81
33 92 21
33 93 28
33 94 96
33 95 54
33 98 48
33 101 37
33 102 93
33 109 51
33 110 67
33 111 96
33 112 59
33 114 98
33 117 53
33 118 33
33 120 63
33 123 77
33 126 56
33 130 87
33 132 5
33 134 25
33 135 34
33 137 26
33 138 73
33 139 32
33 142 91
33 145 8
33 148 64
33 149 30
34 40 4
34 41 62
34 47 27
34 48 14
34 49 92
34 50 21
34 55 87
34 57 75
34 61 45
34 68 4
34 71 14
34 73 1
34 75 46
34 76 11
34 77 57
34 80 14
34 81 28
34 82 27
34 85 73
34 86 15
34 89 92
34 91 47
34 95 72
34 96 56
34 98 13
34 101 50
34 105 59
34 106 6
34 108 80
34 112 82
34 113 96
34 114 15
34 120 100
34 121 33
34 122 56
34 124 41
34 128 50
34 129 35
34 131 15
34 132 6
34 134 24
34 138 100
34 140 41
34 141 22
34 143 20
34 144 53
34 145 22
34 146 88
35 36 36
35 38 14
35 39 53
35 42 24
35 44 12
35 45 92
35 49 87
35 51 63
35 57 13
35 58 5
35 62 15
35 69 58
35 71 14
35 74 90
35 81 78
35 82 69
35 83 29
35 84 8
35 85 74
35 86 54
35 90 5
35 93 91
35 94 31
35 96 43
35 97 32
35 98 22
35 102 16
35 103 59
35 112 23
35 114 33
35 118 88
35 121 52
35 122 100
35 123 1
35 124 90
35 125 43
35 128 34
35 130 11
35 134 38
35 136 93
35 137 18
35 141 85
35 142 75
35 144 72
35 148 45
35 149 7
36 37 12
36 41 48
36 45 94
36 47 61
36 48 4
36 57 43
36 58 34
36 62 26
36 66 2
36 67 22
36 68 32
36 72 39
36 73 93
36 75 5
36 77 55
36 79 20
36 81 91
36 82 4
36 86 2
36 87 77
36 89 20
36 94 31
36 98 40
36 102 16
36 103 12
36 104 68
36 106 42
36 107 48
36 112 75
36 115 32
36 116 43
36 117 6
36 119 86
36 121 67
36 125 73
36 126 20
36 129 7
36 131 16
36 136 52
36 137 23
36 140 80
36 143 57
36 144 51
36 147 74
36 149 10
37 43 6
37 44 32
37 45 17
37 46 34
37 47 1
37 52 67
37 53 64
37 54 17
37 56 81
37 58 43
37 61 42
37 62 12
37 63 97
37 64 85
37 66 85
37 67 9
37 68 76
37 71 71
37 74 45
37 79 81
37 85 46
37 89 40
37 90 72
37 91 85
37 93 100
37 96 9
37 100 58
37 107 93
37 108 28
37 116 30
37 119 68
37 120 99
37 121 51
37 123 13
37 127 97
37 130 60
37 131 92
37 135 98
37 136 41
37 137 72
37 139 29
37 140 90
37 146 57
37 147 23
37 150 38
38 40 89
38 41 73
38 42 98
38 44 14
38 45 43
38 48 60
38 50 34
38 54 52
38 55 79
38 60 66
38 61 46
38 64 78
38 68 20
38 73 62
38 75 99
38 77 96
38 78 34
38 87 5
38 90 35
38 95 56
38 97 39
38 98 12
38 108 74
38 113 74
38 116 70
38 118 92
38 120 67
38 122 18
38 124 72
38 128 4
38 130 11
38 132 86
38 134 59
38 136 30
38 137 25
38 145 16
38 146 100
38 149 22
38 150 79
39 40 36
39 41 25
39 44 82
39 45 21
39 47 69
39 49 29
39 51 70
39 53 46
39 59 42
39 60 78
39 64 91
39 65 89
39 67 82
39 73 36
39 74 92
39 78 59
39 80 73
39 83 58
39 85 1
39 86 83
39 89 28
39 90 68
39 93 65
39 96 23
39 99 100
39 102 14
39 103 24
39 106 70
39 107 4
39 108 24
39 111 81
39 113 54
39 119 69
39 121 60
39 123 40
39 126 60
39 127 2
39 128 73
39 134 19
39 138 58
39 140 100
39 142 1
39 143 89
39 144 94
39 145 91
39 147 65
40 41 97
40 43 37
40 44 66
40 46 9
40 54 98
40 56 25
40 60 12
40 63 64
40 67 94
40 68 27
40 70 89
40 71 97
40 72 84
40 83 60
40 85 83
40 86 62
40 88 7
40 89 66
40 92 33
40 93 50
40 94 64
40 95 74
40 97 53
40 98 92
40 100 39
40 102 63
40 103 34
40 104 61
40 107 82
40 108 51
40 111 47
40 112 97
40 113 25
40 114 45
40 118 65
40 119 24
40 121 41
40 122 55
40 124 19
40 125 2
40 127 6
40 128 57
40 130 66
40 131 66
40 135 61
40 137 83
40 138 3
40 140 49
40 142 95
40 143 48
40 144 35
41 44 66
41 45 49
41 49 51
41 50 63
41 51 98
41 55 85
41 56 83
41 57 53
41 58 15
41 60 1
41 63 34
41 69 51
41 71 41
41 78 33
41 80 22
41 81 60
41 88 2
41 90 96
41 91 9
41 92 48
41 93 73
41 94 46
41 96 55
41 99 24
41 101 98
41 108 86
41 109 87
41 111 66
41 112 56
41 115 13
41 116 96
41 118 5
41 125 3
41 126 44
41 127 22
41 128 49
41 133 70
41 135 99
41 139 94
41 141 77
41 145 54
41 150 49
42 44 96
42 46 61
42 47 50
42 48 19
42 51 55
42 53 80
42 54 66
42 55 86
42 58 38
42 59 98
42 65 57
42 68 4
42 69 98
42 72 55
42 73 64
42 74 19
42 76 23
42 77 57
42 80 38
42 84 93
42 85 25
42 86 47
42 87 16
42 90 22
42 92 98
42 93 74
42 94 21
42 95 69
42 96 13
42 98 61
42 101 71
42 102 63
42 107 94
42 109 92
42 112 48
42 113 16
42 115 15
42 116 3
42 118 94
42 128 15
42 130 17
42 131 90
42 135 1
42 137 41
42 140 52
42 141 26
42 142 4
42 148 39
42 150 41
43 44 28
43 45 50
43 46 14
43 48 48
43 50 82
43 56 55
43 58 27
43 61 79
43 62 63
43 64 77
43 65 60
43 66 29
43 67 46
43 70 28
43 72 69
43 73 84
43 78 6
43 80 62
43 82 23
43 84 74
43 89 73
43 90 88
43 91 66
43 93 66
43 101 16
43 103 61
43 104 78
43 106 2
43 107 69
43 110 27
43 111 78
43 112 21
43 113 74
43 114 81
43 115 1
43 117 37
43 118 15
43 120 89
43 122 96
43 123 89
43 134 81
43 138 84
43 140 60
43 142 77
43 143 97
43 145 97
43 149 2
44 46 71
44 48 58
44 51 91
44 53 91
44 56 37
44 57 70
44 65 76
44 68 63
44 69 30
44 71 38
44 72 23
44 77 76
44 79 33
44 81 69
44 82 82
44 83 37
44 86 94
44 91 35
44 92 56
44 94 90
44 103 21
44 104 49
44 108 75
44 109 31
44 110 81
44 111 80
44 116 17
44 117 12
44 118 73
44 119 79
44 121 27
44 124 87
44 125 50
44 126 23
44 127 25
44 128 96
44 130 35
44 131 18
44 132 71
44 135 43
44 136 49
44 137 85
44 139 58
44 140 65
44 144 47
44 146 63
44 149 10
45 48 66
45 50 57
45 51 32
45 54 95
45 56 53
45 61 96
45 62 7
45 63 64
45 64 1
45 65 87
45 72 74
45 73 33
45 75 44
45 77 13
45 85 27
45 89 37
45 92 78
45 94 18
45 96 38
45 99 31
45 100 42
45 105 31
45 110 44
45 111 57
45 113 17
45 115 38
45 117 64
45 120 43
45 121 41
45 123 55
45 124 47
45 128 65
45 131 93
45 135 45
45 139 45
45 140 39
45 141 57
45 143 86
45 144 60
46 49 62
46 53 30
46 56 76
46 57 91
46 59 84
46 61 75
46 62 44
46 67 81
46 70 13
46 72 35
46 74 81
46 76 48
46 84 57
46 85 24
46 87 57
46 88 55
46 92 59
46 93 7
46 95 95
46 97 57
46 98 70
46 100 35
46 104 58
46 105 88
46 106 44
46 108 75
46 110 87
46 111 2
46 112 17
46 113 35
46 114 5
46 117 30
46 119 55
46 123 39
46 124 50
46 128 11
46 132 77
46 136 97
46 137 24
46 138 51
46 140 16
46 147 43
47 48 91
47 49 76
47 53 58
47 55 11
47 57 80
47 60 10
47 65 16
47 66 63
47 69 31
47 70 96
47 75 42
47 76 13
47 78 20
47 80 41
47 83 41
47 92 61
47 94 25
47 101 88
47 102 53
47 103 43
47 106 37
47 108 59
47 109 16
47 113 56
47 114 51
47 115 2
47 116 32
47 121 98
47 123 29
47 127 95
47 128 14
47 129 21
47 131 56
47 132 21
47 134 44
47 136 17
47 137 12
47 140 14
47 145 15
47 146 48
48 49 87
48 51 7
48 54 48
48 58 81
48 60 31
48 63 2
48 66 69
48 70 8
48 71 97
48 82 78
48 83 13
48 86 71
48 92 23
48 100 21
48 106 39
48 108 7
48 109 21
48 113 63
48 115 41
48 116 87
48 117 13
48 118 99
48 120 49
48 121 85
48 122 80
48 124 44
48 126 38
48 130 71
48 132 51
48 135 69
48 138 42
48 143 40
48 144 20
48 145 69
48 147 54
49 52 41
49 54 100
49 55 91
49 58 87
49 59 25
49 61 29
49 62 11
49 63 85
49 65 52
49 67 12
49 68 99
49 73 12
49 74 53
49 80 18
49 81 55
49 82 57
49 84 34
49 90 88
49 91 55
49 94 80
49 100 22
49 101 37
49 103 67
49 105 69
49 107 80
49 108 82
49 111 17
49 112 83
49 113 25
49 115 46
49 116 35
49 119 41
49 123 81
49 125 64
49 126 40
49 128 18
49 133 74
49 136 88
49 137 17
49 139 64
49 141 42
49 144 53
49 145 63
49 146 48
49 147 62
49 148 17
49 150 80
50 51 21
50 53 3
50 54 97
50 56 6
50 59 79
50 61 68
50 62 25
50 64 94
50 65 51
50 73 93
50 75 39
50 76 90
50 78 95
50 79 59
50 85 68
50 91 83
50 92 69
50 93 93
50 94 26
50 99 71
50 100 94
50 103 7
50 105 20
50 106 20
50 108 5
50 110 37
50 115 50
50 117 75
50 118 97
50 122 55
50 124 32
50 125 96
50 126 67
50 131 93
50 132 65
50 133 35
50 137 19
50 140 10
50 141 50
50 143 31
50 144 7
50 145 78
50 146 16
50 148 57
50 149 65
51 55 9
51 57 60
51 59 32
51 60 17
51 61 33
51 62 74
51 66 41
51 69 12
51 70 53
51 71 11
51 73 54
51 74 36
51 76 98
51 79 97
51 82 72
51 83 22
51 85 6
51 87 82
51 88 50
51 89 47
51 94 12
51 95 18
51 96 79
51 98 86
51 99 65
51 106 91
51 109 33
51 110 57
51 115 84
51 118 31
51 119 76
51 121 76
51 124 95
51 133 25
51 134 85
51 138 77
51 139 63
51 141 35
51 144 24
51 146 51
51 148 55
51 149 35
52 54 29
52 55 69
52 56 93
52 57 83
52 59 78
52 60 4
52 66 2
52 67 67
52 70 96
52 73 77
52 75 61
52 76 2
52 78 97
52 79 64
52 80 50
52 85 91
52 89 19
52 91 39
52 96 81
52 105 19
52 106 25
52 107 91
52 108 39
52 109 26
52 110 14
52 112 99
52 115 92
52 118 98
52 121 93
52 123 43
52 124 71
52 125 81
52 128 58
52 129 75
52 131 30
52 134 45
52 136 89
52 140 56
52 142 46
52 143 1
52 144 73
52 147 14
52 148 56
52 149 32
53 57 41
53 60 67
53 61 2
53 62 87
53 64 31
53 65 71
53 67 27
53 69 26
53 75 74
53 76 55
53 77 45
53 78 74
53 81 88
53 84 34
53 85 44
53 89 5
53 100 6
53 102 12
53 103 46
53 106 93
53 107 26
53 108 34
53 109 83
53 110 3
53 111 47
53 114 36
53 121 78
53 122 11
53 123 47
53 124 46
53 128 34
53 132 74
53 133 29
53 135 16
53 136 96
53 139 30
53 140 3
53 141 84
53 142 9
53 144 15
53 148 82
54 61 2
54 64 58
54 65 31
54 66 54
54 67 26
54 68 99
54 70 62
54 71 20
54 77 71
54 81 59
54 82 35
54 90 77
54 91 49
54 92 30
54 94 58
54 96 43
54 99 27
54 102 30
54 103 14
54 105 4
54 110 55
54 112 59
54 117 67
54 118 76
54 120 5
54 121 67
54 123 9
54 125 63
54 126 39
54 127 91
54 128 99
54 130 17
54 131 34
54 132 88
54 133 98
54 135 61
54 138 36
54 139 53
54 140 76
54 141 99
54 144 23
55 57 47
55 59 70
55 60 22
55 63 49
55 64 62
55 65 16
55 67 76
55 68 83
55 73 26
55 76 19
55 78 79
55 82 71
55 83 64
55 85 30
55 87 11
55 94 81
55 99 52
55 100 54
55 101 34
55 102 87
55 103 44
55 104 66
55 107 62
55 112 37
55 113 15
55 114 42
55 116 51
55 117 67
55 121 6
55 122 57
55 124 39
55 125 13
55 127 45
55 128 18
55 134 30
55 136 5
55 139 43
55 140 91
55 142 40
55 146 42
55 150 67
56 58 57
56 60 59
56 61 66
56 62 90
56 69 71
56 72 57
56 74 75
56 77 37
56 79 95
56 81 29
56 83 22
56 84 26
56 85 42
56 87 64
56 88 50
56 92 4
56 96 66
56 102 91
56 103 15
56 105 61
56 106 70
56 110 14
56 117 20
56 118 66
56 121 17
56 123 29
56 125 37
56 132 5
56 136 89
56 139 15
56 140 10
56 142 42
56 143 12
56 144 40
56 145 76
56 147 87
56 150 16
57 67 100
57 68 72
57 69 15
57 71 85
57 72 67
57 73 45
57 74 63
57 75 36
57 79 79
57 84 91
57 85 23
57 88 10
57 91 80
57 98 32
57 99 77
57 101 25
57 103 70
57 104 98
57 105 75
57 106 92
57 108 47
57 109 69
57 114 45
57 115 7
57 117 95
57 123 59
57 125 58
57 127 22
57 129 17
57 130 67
57 131 95
57 133 62
57 137 12
57 138 12
57 140 39
57 144 20
57 145 93
57 147 56
57 148 3
57 149 95
58 63 58
58 64 9
58 65 88
58 67 99
58 73 3
58 74 33
58 78 64
58 82 94
58 87 41
58 88 49
58 89 98
58 91 30
58 93 53
58 94 1
58 95 76
58 96 13
58 97 85
58 98 83
58 102 48
58 103 17
58 104 64
58 105 44
58 108 36
58 111 45
58 113 70
58 114 59
58 117 82
58 120 44
58 122 82
58 123 46
58 124 33
58 125 29
58 126 62
58 127 74
58 128 5
58 131 89
58 133 100
58 135 20
58 137 67
58 139 13
58 143 68
58 147 41
58 150 45
59 63 99
59 64 64
59 65 63
59 69 32
59 71 47
59 72 15
59 74 33
59 75 25
59 83 46
59 90 42
59 100 17
59 108 77
59 115 4
59 117 82
59 118 39
59 120 97
59 121 48
59 124 71
59 128 85
59 129 53
59 131 63
59 132 28
59 134 28
59 138 72
59 139 88
59 140 56
59 142 97
59 144 74
59 147 32
59 148 89
59 150 72
60 61 48
60 66 44
60 67 93
60 70 15
60 71 23
60 72 76
60 75 1
60 76 47
60 78 13
60 79 93
60 80 2
60 81 19
60 82 51
60 84 57
60 85 11
60 86 47
60 87 57
60 89 93
60 90 64
60 91 40
60 93 20
60 95 63
60 98 99
60 100 18
60 103 49
60 104 51
60 106 7
60 111 44
60 112 85
60 114 28
60 117 47
60 119 78
60 120 48
60 121 99
60 122 63
60 124 56
60 127 16
60 128 34
60 132 68
60 133 21
60 134 23
60 138 18
60 139 13
60 140 68
60 146 49
60 147 39
61 63 29
61 64 97
61 66 66
61 68 72
61 69 87
61 70 5
61 71 63
61 72 10
61 73 96
61 74 39
61 75 8
61 80 63
61 85 74
61 86 72
61 88 16
61 89 3
61 90 97
61 94 6
61 95 36
61 98 97
61 99 23
61 101 42
61 102 36
61 108 10
61 109 90
61 113 40
61 115 20
61 116 58
61 119 83
61 121 80
61 124 67
61 126 74
61 127 4
61 133 7
61 134 55
61 137 94
61 140 97
61 141 45
61 143 66
61 144 41
61 145 25
61 146 31
61 148 40
61 150 44
62 63 90
62 66 43
62 68 22
62 71 29
62 73 28
62 76 93
62 77 72
62 79 79
62 83 12
62 84 51
62 86 31
62 88 92
62 89 68
62 94 68
62 96 8
62 99 35
62 100 94
62 110 30
62 113 56
62 116 68
62 118 24
62 121 39
62 122 8
62 124 4
62 126 27
62 129 78
62 133 12
62 134 10
62 136 5
62 141 69
62 142 7
62 144 58
62 146 98
62 150 1
63 65 41
63 69 60
63 72 27
63 73 66
63 79 52
63 89 61
63 90 75
63 92 26
63 93 49
63 97 8
63 99 1
63 100 65
63 104 76
63 105 77
63 107 89
63 109 64
63 111 36
63 113 42
63 115 14
63 118 82
63 127 43
63 128 22
63 129 8
63 134 72
63 135 49
63 137 93
63 139 13
63 145 8
63 146 18
63 147 49
63 148 66
63 149 95
64 69 48
64 74 22
64 75 56
64 76 85
64 82 19
64 83 84
64 86 72
64 89 85
64 90 44
64 91 21
64 93 60
64 94 10
64 96 7
64 104 87
64 105 72
64 106 91
64 107 50
64 108 61
64 109 14
64 110 25
64 111 68
64 112 59
64 121 52
64 123 41
64 125 7
64 128 88
64 135 89
64 139 86
64 140 25
64 142 82
64 143 27
64 145 29
64 148 14
64 150 18
65 67 23
65 68 100
65 69 29
65 70 53
65 71 37
65 73 13
65 74 38
65 75 84
65 78 66
65 79 27
65 80 31
65 81 22
65 87 14
65 90 59
65 97 74
65 99 99
65 100 56
65 104 50
65 107 6
65 109 32
65 110 99
65 113 37
65 115 45
65 119 81
65 125 22
65 128 57
65 131 87
65 137 51
65 142 20
65 144 55
65 146 4
66 67 11
66 68 66
66 69 90
66 71 42
66 75 64
66 76 1
66 77 87
66 85 13
66 89 85
66 92 26
66 93 78
66 95 83
66 102 88
66 105 53
66 109 67
66 111 30
66 112 30
66 113 66
66 114 44
66 117 47
66 118 73
66 123 24
66 124 24
66 128 86
66 129 18
66 130 88
66 132 70
66 134 51
66 136 6
66 139 95
66 141 62
66 142 62
66 147 16
66 148 76
66 149 3
67 71 4
67 72 24
67 75 84
67 77 45
67 79 21
67 85 8
67 87 21
67 88 41
67 90 47
67 92 51
67 96 35
67 97 100
67 100 9
67 104 34
67 105 35
67 106 77
67 109 99
67 112 14
67 114 18
67 115 3
67 117 22
67 118 49
67 120 50
67 122 39
67 127 72
67 128 61
67 133 26
67 135 98
67 138 49
67 140 49
67 142 69
67 144 3
67 145 61
67 146 6
67 147 99
68 73 85
68 78 67
68 80 45
68 82 48
68 83 9
68 84 7
68 85 40
68 86 3
68 91 97
68 92 76
68 95 77
68 99 69
68 101 92
68 103 88
68 104 40
68 108 28
68 113 29
68 116 55
68 117 31
68 126 28
68 127 14
68 128 97
68 134 43
68 137 9
68 138 64
68 139 51
68 140 4
68 141 1
68 143 65
68 145 27
68 146 98
68 149 58
69 72 70
69 79 67
69 82 66
69 84 66
69 85 58
69 88 99
69 90 65
69 92 39
69 95 65
69 97 25
69 98 20
69 99 81
69 102 20
69 108 84
69 109 76
69 113 74
69 115 79
69 117 46
69 119 97
69 120 39
69 121 23
69 130 30
69 132 2
69 133 93
69 134 29
69 137 1
69 140 1
69 141 33
69 144 46
69 146 66
69 147 32
69 149 71
70 71 33
70 72 86
70 73 87
70 74 99
70 76 76
70 77 51
70 79 86
70 81 51
70 82 1
70 83 78
70 86 96
70 88 86
70 91 41
70 92 27
70 94 79
70 95 47
70 99 96
70 101 59
70 102 43
70 107 81
70 108 79
70 109 91
70 115 33
70 119 39
70 122 31
70 123 26
70 124 33
70 127 13
70 129 28
70 132 99
70 133 45
70 137 90
70 138 89
70 139 31
70 140 33
70 141 70
70 145 30
70 146 4
70 149 26
71 78 8
71 80 3
71 83 56
71 84 13
71 102 5
71 103 57
71 108 62
71 110 50
71 112 77
71 117 87
71 122 65
71 128 66
71 134 90
71 135 11
71 138 72
71 140 80
71 142 12
71 143 5
71 146 10
71 150 82
72 73 5
72 74 68
72 75 70
72 76 74
72 77 70
72 78 91
72 82 27
72 84 34
72 85 51
72 87 40
72 88 57
72 92 87
72 94 60
72 98 89
72 100 50
72 104 91
72 111 50
72 112 15
72 113 99
72 114 61
72 115 86
72 118 81
72 121 41
72 122 31
72 124 9
72 125 23
72 128 70
72 129 68
72 132 43
72 133 84
72 135 20
72 140 97
72 142 38
72 143 99
73 74 53
73 75 75
73 77 69
73 78 20
73 80 57
73 85 13
73 89 54
73 91 49
73 96 9
73 97 82
73 99 71
73 101 96
73 102 49
73 103 21
73 104 55
73 105 39
73 109 96
73 110 38
73 111 3
73 120 80
73 123 34
73 126 53
73 129 82
73 133 45
73 135 41
73 146 31
73 147 47
73 148 79
73 149 8
73 150 25
74 75 5
74 77 24
74 78 21
74 81 51
74 82 6
74 83 94
74 89 1
74 97 64
74 103 61
74 104 71
74 106 22
74 107 73
74 109 18
74 111 23
74 112 36
74 115 45
74 120 99
74 124 60
74 125 88
74 126 41
74 130 13
74 135 70
74 136 6
74 139 13
74 141 75
75 77 6
75 78 64
75 80 18
75 84 66
75 85 92
75 86 88
75 89 2
75 91 54
75 92 20
75 93 93
75 99 30
75 100 30
75 101 87
75 107 7
75 108 64
75 109 66
75 113 10
75 117 88
75 121 56
75 122 49
75 126 16
75 127 62
75 130 28
75 133 24
75 134 43
75 135 96
75 136 64
75 139 71
75 143 20
75 147 74
75 149 17
75 150 88
76 80 13
76 82 38
76 83 74
76 85 23
76 88 37
76 89 6
76 91 93
76 96 78
76 97 91
76 100 82
76 103 46
76 104 95
76 105 47
76 106 15
76 109 37
76 113 4
76 114 24
76 116 81
76 118 81
76 119 52
76 120 30
76 124 3
76 126 56
76 128 1
76 129 70
76 132 62
76 142 77
76 144 8
76 145 34
76 146 99
76 148 92
77 79 48
77 81 59
77 84 63
77 86 6
77 90 20
77 95 68
77 96 82
77 100 27
77 103 18
77 104 71
77 105 55
77 107 48
77 108 29
77 110 61
77 113 43
77 115 72
77 117 83
77 121 71
77 122 38
77 123 100
77 130 68
77 131 84
77 132 27
77 134 49
77 137 65
77 141 91
77 142 48
77 144 58
77 146 42
78 79 18
78 81 96
78 82 17
78 83 25
78 84 86
78 85 77
78 86 81
78 88 81
78 90 20
78 92 1
78 93 8
78 94 51
78 95 87
78 97 1
78 99 54
78 100 77
78 102 62
78 104 66
78 106 35
78 111 15
78 113 11
78 114 79
78 115 65
78 118 61
78 119 12
78 120 12
78 122 3
78 125 45
78 126 74
78 127 4
78 129 87
78 131 71
78 133 72
78 134 41
78 135 39
78 139 29
78 140 90
78 142 12
78 143 51
78 147 94
79 80 16
79 82 26
79 83 24
79 88 31
79 91 94
79 92 94
79 93 23
79 95 71
79 100 28
79 103 47
79 104 45
79 105 98
79 109 74
79 112 16
79 113 84
79 118 47
79 119 66
79 120 92
79 125 31
79 128 96
79 130 34
79 134 41
79 135 32
79 140 17
79 141 16
79 145 10
79 148 64
79 150 21
80 84 71
80 85 86
80 86 22
80 87 24
80 91 96
80 92 62
80 98 99
80 103 44
80 105 6
80 106 35
80 111 86
80 123 86
80 124 32
80 127 89
80 132 51
80 137 59
80 141 84
80 146 79
80 150 49
81 82 47
81 84 97
81 85 71
81 92 41
81 97 26
81 98 56
81 103 66
81 104 95
81 109 38
81 110 49
81 112 14
81 114 44
81 115 55
81 118 89
81 121 31
81 124 91
81 126 42
81 131 74
81 136 100
81 137 36
81 138 42
81 141 38
81 144 65
81 148 26
81 150 81
82 83 61
82 87 95
82 91 68
82 93 4
82 96 13
82 101 66
82 104 44
82 106 12
82 108 78
82 115 90
82 116 53
82 119 5
82 121 27
82 124 96
82 130 4
82 132 84
82 136 4
82 139 76
83 87 70
83 89 36
83 90 100
83 91 97
83 94 81
83 95 84
83 98 57
83 101 12
83 102 27
83 103 6
83 104 18
83 110 27
83 112 26
83 113 39
83 114 13
83 117 2
83 118 43
83 120 33
83 121 98
83 123 66
83 124 87
83 125 67
83 128 52
83 129 90
83 130 38
83 134 22
83 137 99
83 142 28
83 143 16
83 145 16
83 146 96
83 148 12
83 149 62
83 150 70
84 85 31
84 87 39
84 88 78
84 91 1
84 93 32
84 94 28
84 101 10
84 107 68
84 111 42
84 115 58
84 117 60
84 118 40
84 125 12
84 126 36
84 128 8
84 129 69
84 130 43
84 131 72
84 135 16
84 139 71
84 143 48
84 145 75
84 147 80
84 148 78
84 149 90
85 86 65
85 87 48
85 89 90
85 90 16
85 93 74
85 94 48
85 99 67
85 100 88
85 102 14
85 104 44
85 106 60
85 111 17
85 113 51
85 114 7
85 117 47
85 118 27
85 120 71
85 121 36
85 124 80
85 125 23
85 130 52
85 132 73
85 142 2
85 145 37
85 147 38
85 150 65
86 88 50
86 94 34
86 100 34
86 106 21
86 107 3
86 108 15
86 109 62
86 111 49
86 112 86
86 117 21
86 122 15
86 128 61
86 132 81
86 136 7
86 137 97
86 143 85
86 145 9
86 147 80
86 150 75
87 89 80
87 91 69
87 92 58
87 93 80
87 94 5
87 95 59
87 96 34
87 97 83
87 104 11
87 107 8
87 112 86
87 115 52
87 119 79
87 121 9
87 137 77
87 140 24
87 142 54
87 143 22
87 146 14
87 147 8
87 149 51
88 89 84
88 91 83
88 92 68
88 93 51
88 94 10
88 97 76
88 103 86
88 104 70
88 107 64
88 110 23
88 111 87
88 113 87
88 116 24
88 118 60
88 120 6
88 123 72
88 125 57
88 128 93
88 129 52
88 131 57
88 135 67
88 136 38
88 139 78
88 140 96
88 141 59
88 144 13
88 145 81
88 146 3
88 147 62
88 148 100
88 150 1
89 90 57
89 99 61
89 104 7
89 108 28
89 111 87
89 113 86
89 115 14
89 116 9
89 117 19
89 119 89
89 120 4
89 121 94
89 123 89
89 125 79
89 127 91
89 129 2
89 131 24
89 132 67
89 133 96
89 134 17
89 135 1
89 137 63
89 138 67
89 142 82
89 144 30
89 145 36
89 147 43
89 148 79
90 91 60
90 95 51
90 98 64
90 100 15
90 103 85
90 104 61
90 106 47
90 108 88
90 109 69
90 112 97
90 116 48
90 120 58
90 123 45
90 125 4
90 130 62
90 133 8
90 134 46
90 141 83
90 145 10
90 148 21
90 150 89
91 95 93
91 96 41
91 97 23
91 99 27
91 109 40
91 114 4
91 115 59
91 121 36
91 122 4
91 128 65
91 129 25
91 132 31
91 133 56
91 134 60
91 136 84
91 137 98
91 138 68
91 139 65
91 140 33
91 144 28
91 146 8
91 147 29
91 148 59
92 93 39
92 99 9
92 102 81
92 103 80
92 104 3
92 110 14
92 112 9
92 114 61
92 118 82
92 119 32
92 123 37
92 124 89
92 129 36
92 134 82
92 136 32
92 138 82
92 141 83
92 142 55
92 146 84
92 147 64
92 148 48
92 149 32
93 105 41
93 106 63
93 107 11
93 109 85
93 111 54
93 118 26
93 119 17
93 122 14
93 125 23
93 126 28
93 127 76
93 129 4
93 130 39
93 132 74
93 133 66
93 134 99
93 135 13
93 138 47
93 141 58
93 143 23
93 144 68
93 146 3
93 149 55
93 150 64
94 99 99
94 100 26
94 101 26
94 104 52
94 105 20
94 106 69
94 110 54
94 111 32
94 112 96
94 113 42
94 114 35
94 115 45
94 118 41
94 120 39
94 121 93
94 122 95
94 123 56
94 124 31
94 125 93
94 126 98
94 133 74
94 134 58
94 138 33
94 142 45
94 143 35
94 144 67
94 145 32
94 149 11
94 150 31
95 96 36
95 97 63
95 98 97
95 99 47
95 101 29
95 102 67
95 105 56
95 109 82
95 110 11
95 112 2
95 115 28
95 117 100
95 119 34
95 121 24
95 124 32
95 126 86
95 128 19
95 129 5
95 132 74
95 134 74
95 136 28
95 139 3
95 140 44
95 141 7
95 143 96
95 144 55
95 145 41
95 146 34
95 148 90
95 149 37
95 150 43
96 97 52
96 98 13
96 100 91
96 101 26
96 104 67
96 109 61
96 110 47
96 113 59
96 116 25
96 118 89
96 119 64
96 120 29
96 126 20
96 129 95
96 131 95
96 134 69
96 135 76
96 139 38
96 140 10
96 141 87
96 144 41
96 147 100
97 98 1
97 99 12
97 103 57
97 104 9
97 107 72
97 108 89
97 112 87
97 114 29
97 115 45
97 116 1
97 119 90
97 120 23
97 121 38
97 122 3
97 123 62
97 127 16
97 129 94
97 131 19
97 132 16
97 135 57
97 136 69
97 140 67
97 145 58
97 147 32
98 100 51
98 101 31
98 106 59
98 107 27
98 108 12
98 110 37
98 111 98
98 112 77
98 113 14
98 114 57
98 118 84
98 119 86
98 120 55
98 121 5
98 126 22
98 129 10
98 131 61
98 133 48
98 136 12
98 141 34
98 145 14
98 146 89
98 149 18
99 100 72
99 104 90
99 108 88
99 109 50
99 110 5
99 115 44
99 116 13
99 117 72
99 118 85
99 121 88
99 123 1
99 124 93
99 127 9
99 128 28
99 129 26
99 138 82
99 142 86
99 144 8
99 146 51
99 148 32
99 149 42
99 150 20
100 108 35
100 110 32
100 111 43
100 112 21
100 114 83
100 116 78
100 120 39
100 121 62
100 122 37
100 124 48
100 125 96
100 126 54
100 128 50
100 129 4
100 130 96
100 131 8
100 133 44
100 135 55
100 137 94
100 139 40
100 142 52
100 143 11
100 144 29
100 145 82
100 147 91
100 148 69
100 150 8
101 102 3
101 103 79
101 104 91
101 109 55
101 112 13
101 113 70
101 115 98
101 117 78
101 124 21
101 125 2
101 126 18
101 130 58
101 138 80
101 140 41
101 142 81
101 146 14
101 148 31
101 150 96
102 105 33
102 106 2
102 108 89
102 110 15
102 113 53
102 117 87
102 120 26
102 121 51
102 124 34
102 127 19
102 128 43
102 129 75
102 133 68
102 136 97
102 138 12
102 139 24
102 140 79
102 142 33
102 143 66
103 104 82
103 105 50
103 106 18
103 108 79
103 109 55
103 111 60
103 113 1
103 116 100
103 117 86
103 118 64
103 121 73
103 125 52
103 126 44
103 127 82
103 128 23
103 129 59
103 131 55
103 132 43
103 135 49
103 137 65
103 139 63
103 142 23
103 144 74
103 146 79
103 147 43
103 148 100
104 106 69
104 108 43
104 109 48
104 112 75
104 116 57
104 119 92
104 122 76
104 124 32
104 126 48
104 127 37
104 128 75
104 130 9
104 132 90
104 136 43
104 137 53
104 139 87
104 142 7
104 144 43
105 106 25
105 107 63
105 113 86
105 117 71
105 123 56
105 124 27
105 127 73
105 128 70
105 130 45
105 131 63
105 133 40
105 139 53
105 143 5
105 144 41
105 145 13
105 148 98
106 108 100
106 113 87
106 114 19
106 123 35
106 125 30
106 127 47
106 130 16
106 135 68
106 140 14
106 143 73
106 145 80
106 147 26
107 108 92
107 109 15
107 110 65
107 112 54
107 119 23
107 126 70
107 127 71
107 130 56
107 134 88
107 137 45
107 138 90
107 140 58
107 142 47
107 144 36
107 145 4
107 147 56
107 148 25
107 149 1
108 109 62
108 111 97
108 115 16
108 116 20
108 117 51
108 119 62
108 120 14
108 123 84
108 126 75
108 127 93
108 131 3
108 135 77
108 137 17
108 139 72
108 142 54
108 148 59
109 110 1
109 111 37
109 112 47
109 116 99
109 120 62
109 121 47
109 126 79
109 128 41
109 129 59
109 132 37
109 133 20
109 141 38
109 143 21
109 144 42
109 145 19
109 147 1
109 148 68
110 121 57
110 122 33
110 125 40
110 128 65
110 133 14
110 134 79
110 135 8
110 139 47
110 142 20
110 143 8
110 145 58
110 147 22
110 148 44
110 149 87
111 113 32
111 114 29
111 115 35
111 117 77
111 119 100
111 120 14
111 121 62
111 123 78
111 124 93
111 127 57
111 128 28
111 132 91
111 135 37
111 137 71
111 138 1
111 140 88
111 141 34
111 144 98
111 145 42
111 148 20
111 150 6
112 116 36
112 117 61
112 118 10
112 119 43
112 123 83
112 130 57
112 132 37
112 133 25
112 135 48
112 136 46
112 137 20
112 143 10
112 147 79
112 149 67
113 117 99
113 118 80
113 119 89
113 123 45
113 126 1
113 129 77
113 131 64
113 133 74
113 134 15
113 138 29
113 144 32
113 146 37
113 147 77
114 118 62
114 119 29
114 122 34
114 125 15
114 126 24
114 131 60
114 134 19
114 136 78
114 137 43
114 139 61
114 140 43
114 143 59
114 145 42
114 146 6
114 147 87
114 148 37
115 117 9
115 118 95
115 122 44
115 123 42
115 124 11
115 125 11
115 128 1
115 141 11
115 142 4
115 143 2
115 148 39
115 149 70
116 120 86
116 121 22
116 122 35
116 123 69
116 124 38
116 127 36
116 128 95
116 129 36
116 132 7
116 135 55
116 136 42
116 142 28
116 145 2
116 147 88
116 150 37
117 118 28
117 119 10
117 124 91
117 125 61
117 126 99
117 129 54
117 132 86
117 133 82
117 135 68
117 136 42
117 137 98
117 141 44
117 142 87
117 144 33
117 145 95
117 147 53
117 148 71
117 149 38
117 150 94
118 120 75
118 121 64
118 122 89
118 123 55
118 125 28
118 126 37
118 130 6
118 131 21
118 134 16
118 135 90
118 136 59
118 138 18
118 141 84
118 142 78
118 143 90
118 144 9
118 145 69
118 146 17
118 148 23
119 121 86
119 124 69
119 132 12
119 137 32
119 139 49
119 140 51
119 145 30
119 146 9
119 147 28
119 149 55
119 150 67
120 121 98
120 127 17
120 129 44
120 131 69
120 135 48
120 136 8
120 139 55
120 140 91
120 142 83
120 145 77
120 147 13
120 148 64
120 149 25
120 150 86
121 123 92
121 124 60
121 128 78
121 129 91
121 130 90
121 132 4
121 135 18
121 136 71
121 137 56
121 139 33
121 140 4
121 141 30
121 146 94
121 147 78
121 148 67
122 124 70
122 131 76
122 132 23
122 137 45
122 141 93
122 145 80
122 149 82
122 150 67
123 128 89
123 131 25
123 133 68
123 134 60
123 137 92
123 148 6
124 126 23
124 127 36
124 129 62
124 130 21
124 134 94
124 136 65
124 147 41
125 130 15
125 131 54
125 134 88
125 135 59
125 138 60
125 140 43
125 148 64
125 149 83
126 129 76
126 130 1
126 134 27
126 138 94
126 139 55
126 140 8
126 145 87
126 147 62
126 148 68
126 149 91
127 129 66
127 130 22
127 143 5
127 144 96
127 145 29
127 146 19
127 149 62
127 150 64
128 129 11
128 132 96
128 134 64
128 135 64
128 136 5
128 139 85
128 141 52
128 142 97
128 144 21
128 147 62
128 148 29
128 149 52
129 132 37
129 133 34
129 135 66
129 139 65
129 141 55
129 142 35
129 145 96
129 149 48
129 150 21
130 134 89
130 135 16
130 136 32
130 138 59
130 143 68
130 145 75
130 146 41
131 136 59
131 139 16
131 144 57
131 146 79
131 148 69
132 134 95
132 139 52
132 141 64
132 143 55
132 145 29
132 146 100
132 148 58
132 149 88
132 150 2
133 138 25
133 139 75
133 142 82
133 146 23
133 148 41
133 150 14
134 135 72
134 137 7
134 142 76
134 146 73
134 147 40
134 148 46
135 136 18
135 137 91
135 138 39
135 139 72
135 140 90
135 142 28
135 144 31
135 149 19
136 143 62
136 144 95
136 148 22
136 149 98
137 138 99
137 139 86
137 140 45
137 142 100
137 145 40
137 146 66
137 149 95
138 141 86
138 145 51
138 147 11
138 148 76
139 140 94
139 142 59
140 141 22
140 144 41
141 142 94
141 144 47
141 145 68
141 146 59
141 149 27
142 144 48
142 146 33
142 147 64
142 150 83
143 149 9
144 146 30
144 147 10
144 149 86
144 150 40
145 146 9
145 149 2
146 150 4
147 150 8
148 150 10
149 150 83
1 6 78
1 7 3
1 8 95
1 9 54
1 12 41
1 13 83
1 14 86
1 18 9
1 20 3
1 21 75
1 25 97
1 26 44
1 27 50
1 32 30
1 36 83
1 38 25
1 40 70
1 45 28
1 46 75
1 47 48
1 50 78
1 51 15
1 54 85
1 56 100
1 59 85
1 64 6
1 65 10
1 73 71
1 78 75
1 93 96
1 95 37
1 97 78
1 98 94
1 100 99
1 102 86
1 107 64
1 108 76
1 109 42
1 110 8
1 113 38
1 116 61
1 117 81
1 118 17
1 123 89
1 128 63
1 129 31
1 130 1
1 131 75
1 132 50
1 136 83
1 137 74
1 138 11
1 139 59
1 140 55
1 144 97
1 145 52
1 146 48
1 147 40
2 3 5
2 5 62
2 9 41
2 14 12
2 16 37
2 17 10
2 18 66
2 21 26
2 23 12
2 24 97
2 25 98
2 26 12
2 28 32
2 33 79
2 35 56
2 36 98
2 39 91
2 42 80
2 45 29
2 47 69
2 48 90
2 49 16
2 54 75
2 59 85
2 60 46
2 61 48
2 62 52
2 63 52
2 65 77
2 71 36
2 72 53
2 78 44
2 81 69
2 82 99
2 85 24
2 86 36
2 87 62
2 94 51
2 95 94
2 101 72
2 104 93
2 108 15
2 110 32
2 111 20
2 116 67
2 121 15
2 122 68
2 127 16
2 131 14
2 132 67
2 135 43
2 137 93
2 138 67
2 139 25
2 144 56
2 145 82
2 146 17
2 149 73
3 12 93
3 17 23
3 18 37
3 19 38
3 20 63
3 22 44
3 23 62
3 25 52
3 26 4
3 27 88
3 29 33
3 30 51
3 34 27
3 37 9
3 40 57
3 41 61
3 43 32
3 44 10
3 47 14
3 48 3
3 51 48
3 52 79
3 59 2
3 63 54
3 64 47
3 70 79
3 71 78
3 72 66
3 75 83
3 77 82
3 80 29
3 81 72
3 82 61
3 83 29
3 84 73
3 87 11
3 91 97
3 98 90
3 99 34
3 106 57
3 108 61
3 110 82
3 114 26
3 123 82
3 127 77
3 129 29
3 131 72
3 133 31
3 140 23
3 141 67
3 143 34
3 144 6
3 145 90
3 148 72
3 149 30
3 150 22
4 5 95
4 6 44
4 7 45
4 8 17
4 9 95
4 10 17
4 11 56
4 14 23
4 18 19
4 19 46
4 22 17
4 23 74
4 24 27
4 28 10
4 33 5
4 35 89
4 37 61
4 39 66
4 40 9
4 41 36
4 42 55
4 43 5
4 47 62
4 48 49
4 49 74
4 50 86
4 55 1
4 56 88
4 57 62
4 64 50
4 65 37
4 68 78
4 69 39
4 70 3
4 76 84
4 79 52
4 80 58
4 83 13
4 84 92
4 85 12
4 87 95
4 96 92
4 97 90
4 98 42
4 100 73
4 101 53
4 104 45
4 106 92
4 109 68
4 115 10
4 116 47
4 118 94
4 120 98
4 123 88
4 126 52
4 132 55
4 133 38
4 134 99
4 136 89
4 137 24
4 139 10
4 140 60
4 142 76
4 147 92
4 148 77
5 6 95
5 14 16
5 15 28
5 18 27
5 19 64
5 20 8
5 27 96
5 29 83
5 30 73
5 31 39
5 39 7
5 40 42
5 43 48
5 44 96
5 47 98
5 53 75
5 60 1
5 62 96
5 63 22
5 64 25
5 66 95
5 72 49
5 75 96
5 85 53
5 88 35
5 89 11
5 90 45
5 91 61
5 93 54
5 95 18
5 96 45
5 97 70
5 99 64
5 106 71
5 110 6
5 111 16
5 112 11
5 113 79
5 115 60
5 119 66
5 123 54
5 125 22
5 126 2
5 127 74
5 129 24
5 130 42
5 132 93
5 133 55
5 134 8
5 136 59
5 137 6
5 138 13
5 140 9
5 145 89
5 148 28
5 150 67
6 9 68
6 11 43
6 15 88
6 19 30
6 24 17
6 25 52
6 26 70
6 27 13
6 36 40
6 39 100
6 40 25
6 41 67
6 43 40
6 44 98
6 46 16
6 49 75
6 51 55
6 52 74
6 54 17
6 56 35
6 60 79
6 61 11
6 62 59
6 64 23
6 67 23
6 68 88
6 70 99
6 75 50
6 81 20
6 82 3
6 84 35
6 85 81
6 87 94
6 90 41
6 91 88
6 92 34
6 94 23
6 95 62
6 99 71
6 102 29
6 107 34
6 108 85
6 110 27
6 113 62
6 117 41
6 121 28
6 122 34
6 124 23
6 125 27
6 129 31
6 130 84
6 135 98
6 138 79
6 139 41
6 140 35
6 141 90
6 142 88
6 143 93
6 145 25
6 146 22
6 147 78
6 148 38
6 150 44
7 9 72
7 11 23
7 14 32
7 15 8
7 16 27
7 19 40
7 20 28
7 24 30
7 30 59
7 33 46
7 35 41
7 38 55
7 39 18
7 41 50
7 42 8
7 43 48
7 44 16
7 45 70
7 48 61
7 51 69
7 55 11
7 58 100
7 59 29
7 60 97
7 73 91
7 77 43
7 80 22
7 81 49
7 89 69
7 94 71
7 96 66
7 98 100
7 100 100
7 103 42
7 106 64
7 116 32
7 118 2
7 121 30
7 122 55
7 124 39
7 126 82
7 128 37
7 129 32
7 133 97
7 134 92
7 135 59
7 136 71
7 139 57
7 142 55
7 146 34
7 147 27
8 9 90
8 11 8
8 12 100
8 16 6
8 17 16
8 18 50
8 22 56
8 23 14
8 27 34
8 29 71
8 32 54
8 38 42
8 39 60
8 47 77
8 48 64
8 49 36
8 58 8
8 60 8
8 61 22
8 67 96
8 68 54
8 69 77
8 76 10
8 77 79
8 78 4
8 79 14
8 80 94
8 82 77
8 83 13
8 87 77
8 88 69
8 95 49
8 97 32
8 102 21
8 105 58
8 112 6
8 114 76
8 118 93
8 119 43
8 120 3
8 125 70
8 132 40
8 137 2
8 140 25
8 143 66
8 145 70
8 147 42
8 150 59
9 13 88
9 15 92
9 18 91
9 19 65
9 20 82
9 22 54
9 23 25
9 24 22
9 25 24
9 29 91
9 34 62
9 37 78
9 39 82
9 40 34
9 41 68
9 43 66
9 44 68
9 51 17
9 55 17
9 56 58
9 57 19
9 62 83
9 69 39
9 71 50
9 75 25
9 78 63
9 81 5
9 85 61
9 89 19
9 92 29
9 93 86
9 94 87
9 95 72
9 96 65
9 98 76
9 100 67
9 102 99
9 105 4
9 108 71
9 111 27
9 113 1
9 114 2
9 118 46
9 119 23
9 120 42
9 121 93
9 124 65
9 131 43
9 136 32
9 137 10
9 138 65
9 139 31
9 143 43
9 146 60
9 149 51
10 11 21
10 13 28
10 19 10
10 27 82
10 29 21
10 30 24
10 31 98
10 38 67
10 40 84
10 41 90
10 46 6
10 47 33
10 48 59
10 49 82
10 50 32
10 51 75
10 52 70
10 53 64
10 57 57
10 59 72
10 61 79
10 62 29
10 65 72
10 67 71
10 68 46
10 69 98
10 72 33
10 75 41
10 79 70
10 80 39
10 84 57
10 86 81
10 88 54
10 89 31
10 90 38
10 91 43
10 93 89
10 100 99
10 102 95
10 103 44
10 105 66
10 107 56
10 109 9
10 110 87
10 113 100
10 114 48
10 116 71
10 119 1
10 120 98
10 121 46
10 126 33
10 127 71
10 131 79
10 132 68
10 134 75
10 139 51
10 143 36
10 144 87
10 149 57
10 150 30
11 13 3
11 14 33
11 20 21
11 23 88
11 25 8
11 26 56
11 28 91
11 32 70
11 34 61
11 37 59
11 38 57
11 39 29
11 40 88
11 41 31
11 42 35
11 45 99
11 48 83
11 49 98
11 50 41
11 60 35
11 61 63
11 64 53
11 65 80
11 66 27
11 68 81
11 72 73
11 74 37
11 76 62
11 77 35
11 81 98
11 86 6
11 87 47
11 88 40
11 89 54
11 91 86
11 96 81
11 99 19
11 100 2
11 102 60
11 104 67
11 105 66
11 106 80
11 109 92
11 113 58
11 114 24
11 117 90
11 120 72
11 123 10
11 124 39
11 125 6
11 127 67
11 132 47
11 135 3
11 136 6
11 138 58
11 145 45
11 146 35
11 148 22
11 149 19
11 150 37
12 13 23
12 14 18
12 15 56
12 17 90
12 18 43
12 19 43
12 27 7
12 28 86
12 34 49
12 38 14
12 39 97
12 40 70
12 47 99
12 51 15
12 53 79
12 64 93
12 66 27
12 67 62
12 71 3
12 73 71
12 74 5
12 75 14
12 83 57
12 88 53
12 93 92
12 94 78
12 96 97
12 100 84
12 104 21
12 106 75
12 109 48
12 110 18
12 111 40
12 113 45
12 114 12
12 115 5
12 118 95
12 123 87
12 124 1
12 125 77
12 128 50
12 129 42
12 130 5
12 131 60
12 144 84
12 145 58
12 146 42
13 17 17
13 18 8
13 19 14
13 21 9
13 22 6
13 27 93
13 28 73
13 32 86
13 36 10
13 38 43
13 40 37
13 43 34
13 44 91
13 45 33
13 48 18
13 49 74
13 50 89
13 53 78
13 56 78
13 61 58
13 62 85
13 66 91
13 67 27
13 69 67
13 73 62
13 77 16
13 81 18
13 85 24
13 95 88
13 96 65
13 99 85
13 100 90
13 101 18
13 102 69
13 106 54
13 107 11
13 109 66
13 110 70
13 111 68
13 114 47
13 115 68
13 120 3
13 122 27
13 127 53
13 130 89
13 136 30
13 137 46
13 140 40
13 144 94
13 147 36
13 148 4
13 150 21
14 15 35
14 19 32
14 22 44
14 25 66
14 26 94
14 27 71
14 28 42
14 32 66
14 33 70
14 35 71
14 42 34
14 43 2
14 45 15
14 47 23
14 48 14
14 50 18
14 51 97
14 56 94
14 57 79
14 63 48
14 66 2
14 67 48
14 69 21
14 70 88
14 73 12
14 75 10
14 78 31
14 82 92
14 84 7
14 86 74
14 89 24
14 92 41
14 102 32
14 103 76
14 107 11
14 108 97
14 114 26
14 116 44
14 119 74
14 120 63
14 121 65
14 124 21
14 128 10
14 131 41
14 132 41
14 133 58
14 134 90
14 135 37
14 136 3
14 139 10
14 140 51
14 141 78
14 144 62
14 149 82
15 21 45
15 23 59
15 24 42
15 25 92
15 31 79
15 33 5
15 37 4
15 39 75
15 40 60
15 42 8
15 50 20
15 51 74
15 53 28
15 57 15
15 58 22
15 60 77
15 62 99
15 63 3
15 71 21
15 73 59
15 75 89
15 77 32
15 79 3
15 81 84
15 83 38
15 85 89
15 88 51
15 89 93
15 91 94
15 92 14
15 94 54
15 96 99
15 99 81
15 100 8
15 103 81
15 104 72
15 109 94
15 110 94
15 111 95
15 113 66
15 119 34
15 120 18
15 122 11
15 124 55
15 125 58
15 133 73
15 134 43
15 135 70
15 136 94
15 137 60
15 142 65
15 144 32
15 148 98
16 17 68
16 19 48
16 20 7
16 21 78
16 30 44
16 33 39
16 38 33
16 39 57
16 41 18
16 43 62
16 46 75
16 48 20
16 50 16
16 52 82
16 55 21
16 56 28
16 58 54
16 62 87
16 65 2
16 69 98
16 70 59
16 71 18
16 73 42
16 77 72
16 79 2
16 80 22
16 81 61
16 82 78
16 83 6
16 87 23
16 88 1
16 91 1
16 97 66
16 101 84
16 105 14
16 108 9
16 111 52
16 113 1
16 114 54
16 116 91
16 117 60
16 118 19
16 120 64
16 122 60
16 125 31
16 127 33
16 128 24
16 129 80
16 130 81
16 133 50
16 135 14
16 140 96
16 141 34
16 142 97
16 144 45
16 145 56
16 148 85
16 150 76
17 20 52
17 22 89
17 23 58
17 24 95
17 26 25
17 27 57
17 28 95
17 29 96
17 31 40
17 36 8
17 39 48
17 40 47
17 45 36
17 46 15
17 48 95
17 49 85
17 51 43
17 56 61
17 57 1
17 58 41
17 60 45
17 63 8
17 67 11
17 72 14
17 79 14
17 80 34
17 85 25
17 86 76
17 91 31
17 92 56
17 93 64
17 95 29
17 97 42
17 100 3
17 102 75
17 107 29
17 109 66
17 111 14
17 114 24
17 115 5
17 116 75
17 118 30
17 121 8
17 123 15
17 126 56
17 129 78
17 132 83
17 134 33
17 135 23
17 137 19
17 139 90
17 144 58
17 147 53
17 148 15
18 23 99
18 27 83
18 28 16
18 31 68
18 34 56
18 37 47
18 41 88
18 44 53
18 46 84
18 51 87
18 52 57
18 54 44
18 59 47
18 60 85
18 61 23
18 62 42
18 64 44
18 69 33
18 70 14
18 77 63
18 79 89
18 81 79
18 82 89
18 84 71
18 85 77
18 87 94
18 90 63
18 91 31
18 92 96
18 94 32
18 95 46
18 101 84
18 103 86
18 104 67
18 105 36
18 106 90
18 110 86
18 111 31
18 112 98
18 115 96
18 117 60
18 118 92
18 122 56
18 123 36
