150 10058 1
1 2 58
1 5 31
1 6 14
1 16 37
1 17 26
1 20 94
1 22 62
1 25 93
1 29 41
1 39 97
1 50 72
1 52 26
1 53 76
1 57 1
1 59 73
1 63 67
1 64 31
1 65 44
1 67 70
1 69 27
1 70 42
1 71 28
1 73 38
1 75 93
1 76 54
1 78 38
1 82 24
1 86 30
1 92 64
1 97 11
1 98 92
1 99 50
1 100 58
1 103 50
1 107 75
1 108 5
1 109 83
1 112 64
1 113 30
1 114 51
1 120 80
1 123 41
1 133 14
1 134 76
1 136 3
1 137 87
1 141 68
1 146 1
1 148 98
2 3 33
2 4 16
2 5 51
2 9 59
2 13 86
2 14 50
2 16 53
2 17 54
2 19 10
2 21 92
2 24 31
2 36 77
2 37 57
2 38 38
2 43 79
2 44 27
2 45 68
2 50 43
2 52 90
2 58 90
2 67 3
2 68 63
2 69 13
2 73 36
2 75 71
2 80 4
2 81 40
2 82 77
2 83 53
2 87 79
2 89 30
2 91 47
2 96 68
2 99 11
2 102 11
2 105 31
2 108 89
2 109 64
2 112 43
2 114 20
2 117 53
2 121 21
2 123 76
2 127 96
2 130 26
2 138 62
2 139 36
2 141 93
2 146 70
2 147 74
2 148 47
2 149 12
2 150 26
3 7 52
3 8 80
3 14 3
3 15 85
3 17 46
3 18 87
3 20 33
3 21 69
3 25 55
3 26 33
3 28 50
3 29 64
3 30 66
3 33 91
3 37 33
3 38 4
3 39 45
3 40 53
3 43 60
3 44 9
3 46 82
3 49 63
3 52 77
3 53 35
3 56 33
3 57 27
3 58 75
3 59 51
3 60 51
3 61 24
3 62 95
3 63 39
3 67 10
3 71 84
3 72 54
3 75 46
3 76 28
3 78 94
3 80 95
3 81 97
3 84 75
3 88 33
3 92 90
3 93 61
3 94 67
3 95 27
3 97 80
3 100 89
3 104 19
3 106 72
3 117 31
3 120 92
3 127 58
3 128 80
3 129 22
3 130 73
3 131 9
3 134 93
3 143 67
3 145 25
3 147 68
3 149 9
4 5 12
4 7 76
4 8 56
4 10 90
4 11 17
4 12 100
4 16 34
4 18 42
4 21 53
4 25 35
4 29 82
4 34 57
4 37 98
4 44 65
4 45 96
4 47 32
4 48 53
4 54 10
4 55 64
4 56 47
4 57 52
4 58 98
4 70 5
4 71 2
4 75 76
4 76 29
4 80 22
4 84 15
4 85 81
4 86 78
4 89 23
4 91 99
4 94 4
4 95 57
4 97 64
4 101 49
4 103 19
4 107 50
4 110 49
4 117 92
4 119 78
4 122 98
4 124 45
4 129 24
4 134 72
4 135 36
4 137 40
4 149 78
4 150 98
5 7 63
5 8 74
5 9 49
5 11 63
5 12 85
5 13 27
5 14 91
5 15 6
5 17 4
5 18 62
5 23 55
5 29 57
5 32 93
5 33 11
5 37 62
5 41 7
5 42 25
5 43 38
5 44 28
5 45 49
5 47 84
5 50 86
5 53 68
5 57 33
5 59 27
5 64 62
5 65 79
5 67 82
5 69 58
5 70 95
5 72 73
5 73 5
5 74 96
5 76 2
5 77 63
5 85 45
5 87 52
5 88 93
5 89 79
5 93 83
5 95 30
5 99 5
5 100 62
5 104 54
5 105 61
5 106 20
5 108 28
5 110 52
5 112 44
5 113 95
5 114 45
5 115 85
5 117 93
5 119 52
5 122 18
5 126 24
5 129 97
5 138 43
5 140 19
5 141 55
5 148 64
6 7 54
6 9 85
6 12 82
6 15 67
6 16 14
6 17 26
6 24 86
6 26 44
6 28 66
6 29 53
6 30 74
6 31 44
6 33 72
6 34 70
6 35 38
6 38 61
6 39 61
6 40 1
6 43 99
6 49 48
6 52 13
6 54 13
6 62 36
6 65 36
6 69 26
6 72 23
6 73 23
6 76 71
6 82 28
6 83 81
6 85 76
6 87 48
6 88 84
6 89 34
6 90 25
6 91 21
6 93 32
6 95 96
6 96 7
6 97 30
6 99 49
6 100 36
6 102 98
6 104 83
6 105 24
6 112 27
6 115 72
6 117 70
6 118 22
6 121 95
6 125 56
6 126 17
6 127 26
6 128 4
6 129 57
6 130 75
6 131 14
6 132 98
6 133 92
6 135 32
6 139 97
6 141 5
6 142 9
6 144 31
6 145 7
6 146 83
6 147 51
6 148 49
6 149 60
6 150 67
7 8 2
7 10 23
7 13 96
7 14 63
7 15 73
7 17 43
7 18 47
7 21 87
7 25 77
7 27 25
7 28 84
7 30 62
7 31 42
7 32 70
7 39 91
7 40 61
7 44 9
7 46 58
7 47 41
7 49 66
7 54 6
7 55 64
7 58 8
7 59 68
7 61 11
7 65 60
7 68 40
7 72 19
7 73 97
7 74 65
7 76 12
7 77 46
7 78 32
7 83 27
7 91 48
7 93 36
7 96 49
7 99 40
7 101 53
7 102 67
7 103 18
7 104 89
7 105 53
7 106 83
7 107 92
7 109 20
7 111 60
7 120 72
7 122 66
7 123 27
7 125 35
7 127 18
7 128 73
7 129 23
7 130 2
7 131 87
7 132 82
7 135 59
7 137 28
7 141 46
7 143 80
7 144 89
7 148 58
7 150 32
8 14 88
8 18 13
8 19 21
8 20 60
8 24 92
8 26 33
8 27 79
8 28 76
8 39 5
8 40 20
8 41 17
8 48 89
8 50 31
8 57 55
8 58 21
8 63 18
8 65 86
8 69 95
8 73 58
8 75 44
8 77 73
8 78 42
8 80 61
8 87 91
8 90 56
8 91 69
8 93 80
8 96 26
8 97 32
8 101 82
8 102 8
8 103 52
8 105 57
8 106 60
8 107 93
8 108 95
8 111 61
8 116 78
8 119 52
8 122 13
8 124 29
8 126 69
8 127 43
8 128 30
8 129 19
8 130 63
8 131 65
8 132 17
8 133 82
8 137 78
8 142 3
8 144 64
8 145 56
8 147 19
8 148 91
9 11 53
9 15 7
9 17 3
9 18 26
9 19 41
9 21 45
9 23 11
9 27 6
9 28 50
9 30 74
9 34 27
9 35 21
9 37 2
9 41 82
9 42 36
9 43 74
9 44 73
9 45 82
9 47 57
9 49 71
9 51 100
9 52 79
9 53 82
9 55 66
9 57 3
9 61 61
9 66 93
9 67 14
9 70 27
9 73 13
9 75 39
9 76 47
9 80 62
9 86 40
9 87 39
9 88 64
9 92 77
9 97 30
9 99 92
9 101 3
9 102 2
9 103 17
9 106 46
9 108 77
9 109 71
9 122 38
9 124 5
9 125 94
9 126 84
9 127 54
9 132 73
9 136 15
9 138 20
9 139 89
9 140 58
9 143 76
9 146 35
9 149 62
9 150 49
10 11 13
10 14 54
10 16 52
10 17 4
10 20 35
10 21 92
10 25 52
10 26 64
10 28 75
10 29 38
10 33 8
10 34 36
10 36 89
10 38 51
10 39 64
10 50 23
10 56 43
10 57 56
10 61 4
10 66 49
10 67 48
10 69 65
10 71 56
10 72 82
10 77 45
10 80 92
10 82 1
10 83 42
10 88 38
10 89 38
10 91 35
10 92 22
10 93 100
10 94 50
10 95 65
10 99 37
10 100 46
10 101 58
10 102 7
10 103 24
10 106 49
10 109 36
10 110 70
10 113 62
10 114 66
10 115 33
10 117 54
10 123 39
10 129 96
10 130 47
10 138 69
10 139 86
10 141 94
10 145 17
10 146 58
10 148 43
10 149 40
11 12 33
11 15 6
11 16 56
11 18 50
11 19 87
11 21 49
11 22 82
11 26 14
11 30 84
11 35 19
11 37 77
11 38 12
11 39 86
11 42 75
11 44 84
11 50 80
11 51 1
11 55 11
11 58 29
11 59 59
11 61 42
11 63 30
11 66 44
11 68 73
11 71 81
11 72 11
11 73 73
11 74 44
11 77 8
11 78 14
11 80 41
11 83 63
11 84 35
11 86 8
11 95 39
11 97 31
11 98 69
11 99 91
11 100 43
11 101 49
11 104 90
11 117 97
11 119 99
11 121 32
11 124 46
11 128 26
11 131 83
11 135 77
11 139 27
11 143 13
11 147 44
11 149 8
12 14 57
12 15 23
12 17 48
12 20 94
12 27 86
12 28 50
12 30 97
12 32 71
12 35 6
12 39 99
12 40 20
12 41 36
12 43 4
12 48 13
12 52 8
12 53 88
12 57 80
12 58 57
12 60 73
12 61 84
12 62 36
12 67 38
12 69 54
12 70 96
12 76 77
12 78 49
12 79 88
12 82 71
12 92 88
12 97 74
12 100 37
12 101 35
12 103 29
12 104 55
12 108 94
12 109 19
12 112 12
12 115 10
12 116 35
12 118 42
12 120 80
12 121 70
12 123 83
12 124 67
12 128 54
12 131 57
12 132 90
12 133 38
12 134 55
12 138 75
12 139 9
12 140 13
12 145 84
12 147 26
12 148 84
12 149 65
13 14 12
13 15 65
13 22 14
13 23 93
13 24 34
13 25 10
13 29 100
13 32 75
13 35 32
13 39 73
13 40 77
13 51 93
13 54 53
13 57 42
13 58 4
13 60 3
13 63 56
13 64 98
13 67 4
13 68 8
13 71 41
13 72 43
13 73 86
13 76 11
13 78 23
13 80 95
13 82 95
13 85 35
13 86 36
13 88 82
13 89 19
13 90 33
13 96 52
13 97 15
13 100 82
13 101 98
13 103 22
13 104 73
13 105 2
13 106 2
13 113 24
13 114 82
13 117 47
13 119 86
13 122 82
13 125 82
13 126 32
13 127 89
13 131 54
13 137 78
13 138 11
13 142 88
13 143 52
13 148 77
13 150 53
14 19 69
14 20 46
14 23 24
14 24 5
14 27 22
14 31 8
14 35 80
14 37 16
14 41 84
14 42 97
14 44 26
14 45 29
14 46 15
14 47 81
14 50 10
14 52 34
14 53 52
14 56 27
14 59 98
14 61 65
14 64 21
14 66 51
14 67 95
14 68 16
14 69 48
14 74 67
14 75 60
14 79 4
14 80 3
14 81 23
14 84 81
14 86 78
14 87 59
14 88 33
14 89 59
14 91 6
14 92 12
14 93 95
14 96 33
14 99 67
14 101 4
14 103 94
14 104 92
14 105 18
14 106 5
14 109 14
14 113 76
14 114 76
14 120 23
14 122 32
14 125 74
14 127 96
14 131 11
14 136 96
14 145 77
14 146 60
14 147 47
14 149 81
15 17 17
15 18 16
15 19 28
15 20 97
15 21 70
15 22 17
15 25 32
15 26 1
15 34 89
15 35 74
15 43 30
15 46 1
15 49 63
15 50 31
15 51 31
15 53 43
15 55 37
15 58 97
15 60 93
15 61 52
15 63 17
15 67 84
15 74 6
15 78 81
15 86 37
15 87 76
15 89 88
15 90 62
15 91 24
15 94 13
15 96 24
15 102 98
15 108 35
15 109 5
15 111 40
15 112 97
15 113 74
15 114 47
15 117 28
15 120 82
15 124 30
15 128 77
15 131 58
15 132 30
15 133 10
15 134 87
15 138 36
15 139 100
15 140 48
15 141 38
15 148 38
16 19 10
16 21 83
16 24 86
16 31 33
16 32 97
16 34 97
16 38 44
16 39 86
16 40 54
16 42 56
16 43 96
16 46 1
16 49 55
16 50 51
16 51 72
16 62 28
16 64 76
16 65 27
16 66 41
16 67 59
16 69 91
16 73 15
16 79 3
16 81 32
16 82 12
16 83 56
16 87 93
16 92 77
16 97 76
16 101 44
16 103 96
16 105 42
16 106 4
16 108 29
16 111 53
16 115 41
16 117 65
16 118 98
16 119 55
16 123 45
16 130 90
16 133 19
16 136 12
16 137 4
16 139 96
16 141 87
16 142 5
16 148 100
16 150 6
17 18 33
17 21 41
17 22 47
17 23 96
17 30 96
17 32 82
17 37 13
17 38 64
17 39 7
17 40 64
17 42 86
17 47 5
17 48 57
17 51 63
17 56 18
17 62 5
17 65 32
17 69 82
17 71 95
17 74 52
17 80 3
17 81 35
17 83 96
17 86 63
17 91 59
17 92 16
17 98 80
17 101 47
17 102 24
17 107 82
17 110 56
17 111 33
17 113 25
17 114 68
17 116 67
17 119 26
17 121 33
17 126 76
17 128 24
17 132 19
17 133 48
17 135 1
17 141 51
17 144 53
17 147 50
18 21 19
18 24 79
18 26 30
18 27 18
18 32 81
18 41 12
18 44 95
18 46 57
18 47 68
18 48 54
18 52 76
18 53 51
18 54 80
18 59 25
18 60 44
18 67 78
18 68 34
18 72 35
18 77 5
18 81 41
18 86 40
18 88 62
18 89 30
18 92 28
18 103 67
18 108 1
18 109 71
18 114 94
18 115 96
18 116 100
18 117 35
18 118 14
18 119 41
18 121 70
18 123 74
18 127 15
18 129 83
18 131 56
18 132 12
18 138 52
18 142 60
18 143 98
18 145 40
18 146 31
18 150 78
19 22 57
19 23 51
19 25 32
19 29 55
19 34 2
19 35 60
19 36 20
19 40 17
19 42 30
19 44 93
19 50 12
19 51 73
19 56 26
19 59 18
19 60 12
19 62 51
19 65 17
19 66 92
19 68 36
19 69 54
19 70 64
19 72 13
19 73 8
19 75 76
19 80 49
19 81 30
19 82 41
19 84 87
19 87 69
19 88 55
19 93 14
19 94 10
19 96 8
19 97 61
19 98 91
19 99 22
19 100 72
19 102 40
19 103 82
19 105 58
19 106 21
19 112 82
19 114 92
19 118 62
19 122 80
19 125 79
19 126 51
19 128 7
19 134 74
19 135 78
19 136 67
19 139 9
19 140 70
19 141 80
19 144 92
19 147 97
19 150 62
20 24 73
20 27 52
20 29 36
20 32 4
20 33 70
20 35 59
20 38 26
20 39 33
20 40 38
20 41 68
20 42 45
20 43 83
20 45 19
20 51 64
20 53 83
20 57 28
20 58 89
20 59 48
20 62 82
20 64 51
20 66 4
20 67 69
20 76 75
20 77 35
20 81 27
20 82 30
20 85 78
20 86 94
20 90 17
20 93 90
20 96 63
20 97 72
20 98 68
20 99 82
20 100 6
20 101 23
20 104 67
20 106 20
20 112 96
20 113 52
20 114 99
20 122 76
20 123 18
20 124 91
20 126 100
20 129 37
20 130 46
20 132 86
20 135 14
20 138 80
20 139 1
20 141 71
20 144 24
20 145 44
20 146 20
20 147 15
20 148 41
21 23 36
21 25 30
21 33 19
21 41 30
21 43 27
21 44 77
21 45 6
21 46 35
21 48 46
21 50 71
21 55 35
21 57 81
21 61 35
21 63 89
21 64 35
21 65 10
21 68 61
21 70 94
21 71 100
21 72 100
21 74 31
21 76 52
21 78 24
21 79 10
21 80 91
21 92 8
21 94 99
21 95 16
21 96 49
21 97 71
21 101 98
21 102 52
21 106 29
21 108 3
21 110 10
21 112 30
21 115 68
21 122 83
21 123 93
21 125 89
21 127 21
21 128 48
21 133 64
21 139 31
21 141 64
21 144 45
21 145 80
21 149 9
21 150 81
22 29 12
22 30 26
22 32 69
22 33 41
22 35 11
22 37 93
22 40 74
22 42 51
22 45 45
22 48 66
22 51 18
22 54 31
22 56 64
22 63 8
22 66 92
22 69 61
22 70 63
22 72 71
22 75 18
22 77 12
22 78 29
22 82 88
22 83 16
22 85 23
22 86 54
22 89 29
22 91 4
22 92 9
22 96 27
22 98 91
22 100 9
22 101 51
22 102 78
22 106 18
22 115 86
22 116 23
22 117 80
22 118 6
22 122 40
22 129 86
22 130 68
22 131 44
22 133 62
22 137 47
22 139 85
22 142 30
22 143 71
22 144 63
22 146 75
22 147 85
22 148 63
22 149 99
22 150 53
23 24 89
23 27 43
23 31 43
23 33 34
23 35 60
23 41 84
23 43 1
23 47 37
23 48 79
23 49 30
23 51 88
23 54 84
23 56 50
23 58 7
23 61 56
23 66 5
23 67 72
23 69 99
23 74 30
23 76 79
23 77 61
23 78 48
23 79 91
23 80 15
23 83 24
23 84 79
23 86 1
23 87 88
23 89 48
23 93 58
23 95 43
23 97 12
23 98 45
23 102 24
23 103 24
23 106 29
23 110 56
23 114 10
23 115 42
23 117 56
23 119 12
23 120 90
23 125 42
23 128 21
23 137 34
23 139 76
24 25 13
24 31 89
24 34 23
24 36 29
24 38 66
24 41 77
24 42 1
24 46 25
24 49 48
24 51 69
24 54 24
24 59 69
24 60 80
24 63 38
24 67 50
24 72 16
24 74 37
24 81 38
24 83 69
24 85 71
24 87 51
24 89 50
24 93 16
24 94 50
24 99 62
24 100 66
24 101 68
24 103 46
24 104 14
24 105 70
24 110 14
24 116 65
24 125 42
24 129 78
24 132 30
24 137 100
24 140 37
24 142 85
24 143 62
24 145 75
25 28 68
25 33 95
25 34 17
25 35 100
25 39 61
25 44 66
25 48 95
25 49 79
25 50 20
25 61 33
25 62 98
25 68 90
25 71 63
25 81 39
25 82 51
25 84 60
25 95 43
25 97 76
25 100 82
25 106 54
25 114 70
25 118 30
25 121 68
25 122 60
25 123 39
25 124 80
25 127 55
25 131 11
25 132 96
25 133 55
25 139 85
25 142 17
25 143 11
25 146 76
25 147 86
26 27 20
26 28 86
26 31 31
26 34 46
26 41 96
26 44 85
26 46 1
26 51 66
26 53 10
26 55 65
26 56 77
26 59 18
26 62 69
26 65 36
26 67 56
26 73 9
26 81 21
26 83 60
26 85 58
26 88 25
26 89 63
26 92 26
26 93 39
26 94 16
26 97 69
26 100 74
26 103 82
26 104 27
26 105 58
26 106 42
26 107 23
26 110 66
26 111 36
26 112 40
26 114 88
26 115 78
26 118 6
26 119 73
26 121 93
26 122 75
26 125 29
26 128 23
26 129 72
26 130 92
26 132 44
26 136 14
26 137 29
26 138 82
26 139 7
26 141 25
26 142 10
26 144 52
26 145 17
26 147 67
27 29 13
27 30 20
27 33 29
27 35 69
27 36 61
27 43 94
27 49 50
27 50 37
27 55 39
27 58 77
27 61 78
27 62 20
27 63 56
27 65 43
27 66 17
27 69 87
27 70 11
27 71 18
27 72 66
27 74 43
27 75 40
27 79 78
27 84 13
27 85 94
27 86 14
27 87 64
27 89 16
27 90 92
27 92 56
27 100 68
27 103 30
27 104 62
27 109 83
27 111 94
27 113 1
27 115 12
27 116 11
27 117 94
27 118 77
27 123 52
27 125 3
27 129 93
27 133 48
27 135 30
27 138 48
27 143 86
27 147 96
27 148 68
28 30 2
28 31 22
28 34 37
28 38 29
28 39 92
28 50 45
28 54 61
28 55 47
28 56 1
28 59 72
28 65 50
28 66 51
28 67 3
28 68 20
28 75 46
28 76 1
28 81 96
28 86 29
28 98 5
28 100 25
28 102 21
28 105 52
28 107 81
28 108 92
28 114 36
28 117 84
28 119 64
28 121 19
28 123 5
28 124 84
28 126 19
28 130 96
28 134 38
28 135 35
28 136 50
28 137 24
28 138 84
28 144 62
28 149 32
29 41 80
29 42 2
29 45 2
29 48 94
29 49 21
29 51 47
29 52 32
29 53 2
29 54 39
29 57 99
29 58 17
29 59 72
29 61 63
29 64 32
29 67 71
29 72 94
29 75 57
29 76 26
29 79 40
29 80 52
29 84 50
29 88 37
29 89 67
29 91 30
29 92 80
29 95 79
29 96 57
29 98 6
29 100 63
29 101 53
29 103 35
29 105 35
29 106 3
29 111 68
29 113 9
29 117 71
29 118 65
29 121 53
29 123 90
29 126 87
29 128 4
29 134 26
29 135 83
29 136 22
29 137 16
29 138 2
29 143 1
29 144 97
29 146 9
29 147 22
29 148 86
30 31 49
30 34 41
30 37 47
30 38 93
30 46 88
30 47 64
30 49 99
30 53 75
30 59 77
30 64 47
30 67 65
30 69 71
30 70 36
30 71 3
30 72 24
30 75 39
30 82 54
30 88 44
30 89 15
30 91 95
30 93 95
30 95 100
30 98 93
30 101 17
30 103 32
30 104 95
30 105 29
30 108 95
30 110 45
30 111 59
30 112 80
30 114 91
30 116 37
30 117 33
30 119 83
30 120 65
30 127 9
30 128 8
30 129 63
30 130 68
30 132 78
30 136 81
30 142 29
30 143 88
30 144 48
30 145 72
30 148 94
30 150 26
31 35 60
31 37 59
31 39 68
31 40 91
31 41 29
31 47 58
31 49 53
31 50 64
31 53 77
31 63 4
31 65 35
31 66 52
31 67 98
31 68 42
31 72 69
31 73 53
31 80 65
31 81 37
31 82 57
31 84 85
31 85 40
31 89 84
31 90 96
31 92 39
31 93 71
31 97 90
31 98 30
31 99 100
31 100 8
31 101 84
31 104 5
31 108 77
31 110 8
31 112 53
31 115 2
31 116 88
31 118 27
31 119 14
31 120 59
31 121 76
31 123 24
31 124 83
31 129 71
31 131 6
31 133 5
31 137 31
31 144 87
31 148 65
31 149 17
31 150 20
32 35 74
32 36 28
32 43 61
32 44 37
32 47 49
32 48 56
32 53 69
32 54 33
32 55 15
32 56 57
32 57 58
32 61 92
32 62 64
32 64 45
32 66 59
32 67 97
32 81 46
32 84 66
32 86 21
32 87 23
32 90 17
32 91 83
32 95 47
32 98 7
32 99 13
32 100 89
32 101 37
32 102 69
32 105 84
32 106 34
32 108 28
32 110 56
32 111 13
32 115 82
32 118 94
32 120 6
32 122 96
32 123 63
32 129 15
32 132 4
32 133 75
32 136 71
32 140 11
32 142 68
32 149 46
32 150 5
33 38 90
33 40 69
33 41 8
33 42 28
33 43 1
33 47 84
33 49 92
33 52 39
33 56 97
33 58 47
33 59 41
33 60 95
33 68 68
33 70 66
33 72 98
33 73 76
33 80 6
33 84 79
33 86 39
33 90 38
33 92 46
33 93 26
33 94 67
33 95 53
33 100 73
33 101 43
33 106 37
33 110 48
33 112 21
33 117 29
33 119 79
33 120 95
33 123 43
33 124 97
33 129 13
33 130 21
33 133 21
33 134 42
33 136 58
33 141 85
33 145 88
33 147 16
33 150 1
34 38 2
34 40 92
34 45 70
34 47 62
34 51 21
34 54 63
34 59 92
34 61 93
34 62 62
34 63 43
34 64 60
34 65 27
34 73 74
34 74 98
34 75 85
34 77 52
34 78 18
34 80 5
34 81 23
34 86 39
34 98 74
34 100 63
34 105 27
34 108 78
34 110 9
34 111 68
34 112 93
34 119 52
34 124 28
34 126 22
34 131 45
34 132 41
34 133 88
34 139 12
34 143 92
34 145 82
34 148 36
35 36 70
35 37 72
35 38 5
35 45 38
35 49 100
35 50 26
35 53 68
35 55 59
35 56 23
35 64 8
35 66 23
35 68 76
35 71 90
35 73 41
35 74 67
35 78 98
35 80 96
35 81 22
35 82 90
35 83 50
35 84 63
35 85 45
35 94 49
35 95 74
35 96 84
35 102 92
35 108 55
35 109 46
35 110 65
35 111 76
35 112 15
35 115 3
35 119 53
35 120 7
35 124 87
35 130 22
35 132 78
35 133 46
35 137 17
35 139 90
35 143 65
35 146 51
35 148 30
36 39 89
36 44 49
36 45 77
36 51 16
36 52 69
36 57 58
36 58 75
36 59 34
36 60 53
36 62 19
36 66 93
36 68 20
36 69 60
36 71 99
36 73 50
36 75 45
36 77 8
36 80 58
36 87 57
36 88 49
36 90 88
36 91 10
36 94 6
36 97 50
36 98 12
36 102 18
36 110 80
36 111 50
36 117 38
36 118 30
36 119 97
36 121 82
36 130 86
36 133 99
36 134 83
36 135 73
36 138 4
36 141 64
36 142 1
36 143 67
36 144 49
36 148 34
37 39 47
37 40 2
37 42 37
37 44 55
37 47 2
37 53 92
37 60 16
37 62 25
37 63 16
37 65 55
37 69 92
37 71 82
37 73 74
37 76 60
37 81 52
37 83 84
37 88 12
37 91 46
37 92 2
37 96 58
37 97 33
37 101 57
37 104 91
37 109 7
37 112 99
37 113 18
37 118 86
37 122 93
37 123 45
37 131 14
37 133 81
37 134 19
37 137 95
37 138 69
37 142 13
37 148 62
37 149 84
38 42 76
38 43 98
38 45 89
38 46 95
38 48 73
38 49 46
38 52 8
38 53 14
38 54 79
38 55 7
38 57 11
38 59 92
38 63 75
38 66 53
38 69 8
38 73 71
38 77 46
38 80 93
38 82 83
38 85 67
38 94 12
38 97 74
38 98 100
38 101 3
38 103 12
38 105 35
38 106 38
38 108 91
38 110 40
38 111 67
38 112 52
38 117 86
38 119 96
38 121 67
38 123 74
38 126 27
38 127 59
38 135 78
38 137 54
38 142 3
38 143 11
38 144 67
38 146 83
38 148 79
38 150 56
39 41 75
39 43 86
39 44 63
39 47 48
39 49 46
39 50 74
39 51 9
39 54 8
39 58 49
39 61 67
39 64 4
39 69 27
39 70 44
39 71 90
39 73 50
39 78 91
39 79 9
39 85 55
39 88 53
39 89 21
39 90 48
39 95 7
39 96 19
39 97 54
39 101 34
39 103 64
39 105 98
39 107 62
39 108 34
39 111 27
39 113 60
39 116 16
39 118 44
39 120 49
39 122 69
39 124 21
39 126 73
39 132 99
39 134 60
39 137 42
39 140 62
39 143 100
39 144 62
39 145 65
39 148 85
40 43 54
40 44 53
40 45 69
40 47 97
40 48 88
40 49 57
40 51 16
40 52 83
40 53 54
40 54 77
40 55 29
40 56 79
40 63 55
40 64 87
40 70 30
40 74 20
40 75 56
40 76 82
40 78 47
40 79 51
40 80 56
40 83 17
40 84 20
40 90 19
40 94 26
40 95 23
40 97 94
40 100 63
40 101 64
40 105 64
40 108 39
40 109 21
40 113 23
40 118 66
40 121 21
40 122 87
40 128 82
40 133 16
40 137 40
40 140 39
40 145 63
40 149 28
40 150 2
41 42 26
41 45 71
41 49 24
41 50 7
41 52 73
41 55 84
41 59 67
41 60 34
41 61 88
41 63 37
41 65 46
41 67 45
41 68 25
41 73 16
41 74 61
41 75 37
41 76 72
41 77 47
41 83 82
41 94 46
41 95 21
41 98 99
41 100 70
41 106 31
41 107 1
41 108 75
41 109 71
41 110 28
41 112 62
41 118 76
41 121 63
41 122 3
41 123 13
41 127 24
41 130 42
41 131 36
41 135 4
41 136 58
41 137 79
41 138 18
41 140 95
41 141 94
41 143 6
41 146 48
41 147 94
41 148 74
41 149 5
42 43 40
42 45 36
42 47 81
42 48 44
42 53 38
42 54 73
42 56 93
42 57 98
42 59 9
42 61 18
42 63 32
42 64 55
42 65 10
42 67 66
42 68 28
42 70 94
42 72 2
42 74 19
42 76 48
42 78 91
42 79 62
42 80 22
42 84 81
42 88 13
42 89 100
42 94 78
42 95 76
42 96 33
42 97 12
42 99 92
42 100 39
42 102 70
42 104 100
42 106 89
42 108 50
42 109 60
42 110 78
42 112 95
42 113 3
42 122 87
42 125 15
42 126 72
42 129 83
42 130 70
42 131 85
42 132 27
42 134 100
42 135 37
42 141 63
42 142 91
42 147 83
43 44 39
43 49 52
43 50 11
43 58 36
43 62 89
43 66 84
43 69 53
43 78 77
43 81 16
43 82 64
43 85 33
43 89 99
43 94 76
43 97 20
43 100 93
43 103 7
43 108 41
43 113 79
43 114 65
43 115 91
43 118 78
43 119 31
43 120 37
43 125 20
43 126 92
43 130 43
43 132 78
43 141 15
43 142 65
43 145 88
43 149 68
43 150 42
44 47 33
44 48 25
44 49 37
44 51 22
44 52 21
44 53 87
44 59 13
44 62 86
44 68 32
44 73 99
44 75 12
44 80 13
44 84 76
44 85 64
44 87 38
44 91 37
44 93 25
44 96 62
44 101 55
44 102 51
44 103 94
44 104 18
44 111 43
44 112 44
44 118 64
44 119 7
44 120 30
44 122 92
44 123 40
44 129 96
44 140 79
44 142 43
44 143 27
44 144 84
44 147 82
44 150 16
45 46 77
45 47 44
45 51 2
45 52 9
45 53 5
45 54 34
45 55 73
45 56 55
45 57 54
45 62 47
45 63 6
45 64 1
45 67 20
45 68 54
45 69 90
45 71 34
45 72 42
45 73 57
45 75 8
45 84 33
45 86 89
45 90 77
45 93 3
45 99 87
45 102 85
45 106 2
45 110 96
45 111 25
45 114 62
45 117 28
45 119 29
45 120 12
45 121 18
45 126 5
45 127 92
45 129 19
45 131 98
45 136 48
45 140 55
45 141 63
45 143 42
45 150 91
46 51 91
46 54 83
46 56 82
46 58 83
46 59 67
46 60 69
46 62 83
46 63 83
46 69 60
46 71 47
46 72 9
46 73 33
46 77 22
46 78 15
46 79 17
46 82 83
46 83 14
46 85 68
46 87 62
46 91 98
46 93 43
46 95 15
46 98 30
46 99 18
46 105 82
46 107 29
46 108 21
46 111 32
46 116 78
46 118 54
46 121 77
46 123 16
46 124 34
46 125 32
46 130 67
46 132 11
46 134 3
46 135 100
46 138 3
46 140 51
46 146 19
47 49 32
47 51 69
47 55 83
47 57 56
47 58 90
47 61 18
47 62 2
47 63 28
47 64 60
47 65 63
47 68 67
47 69 66
47 70 97
47 78 60
47 81 12
47 86 24
47 87 82
47 88 76
47 94 39
47 97 43
47 98 12
47 99 97
47 103 94
47 104 60
47 106 13
47 108 63
47 109 32
47 111 58
47 114 47
47 115 79
47 120 49
47 123 23
47 130 39
47 133 100
47 135 54
47 138 71
47 140 5
47 143 76
47 146 90
48 49 54
48 54 4
48 56 69
48 58 9
48 60 100
48 62 9
48 63 21
48 65 11
48 67 59
48 68 49
48 70 69
48 72 26
48 73 80
48 74 70
48 79 22
48 80 14
48 82 77
48 85 73
48 87 31
48 88 81
48 90 76
48 93 57
48 94 68
48 96 96
48 99 47
48 101 76
48 103 96
48 104 54
48 106 52
48 107 78
48 109 52
48 111 23
48 112 29
48 117 9
48 121 87
48 122 12
48 124 89
48 126 50
48 128 86
48 130 27
48 132 8
48 136 79
48 138 73
48 140 59
48 144 69
48 149 46
49 52 9
49 56 32
49 61 33
49 64 53
49 65 83
49 69 45
49 70 24
49 72 76
49 73 28
49 74 63
49 77 54
49 78 30
49 80 29
49 84 76
49 87 8
49 88 93
49 90 4
49 91 91
49 92 57
49 94 10
49 98 49
49 100 18
49 101 48
49 102 70
49 103 95
49 108 84
49 111 59
49 118 41
49 119 51
49 126 35
49 129 41
49 133 83
49 135 91
49 136 62
49 137 52
49 138 79
49 139 50
49 140 93
49 142 73
49 143 90
49 146 21
49 147 30
49 150 52
50 52 58
50 54 87
50 55 18
50 56 14
50 58 9
50 59 52
50 60 85
50 67 24
50 68 64
50 72 68
50 75 69
50 78 25
50 80 44
50 84 63
50 85 46
50 89 4
50 93 35
50 98 26
50 105 36
50 111 85
50 112 32
50 114 1
50 115 52
50 116 46
50 118 78
50 123 57
50 124 79
50 125 92
50 127 17
50 130 49
50 131 59
50 132 88
50 133 1
50 137 60
50 141 55
50 142 79
50 144 5
50 150 15
51 53 3
51 60 81
51 62 64
51 65 54
51 67 3
51 72 94
51 73 55
51 75 50
51 78 43
51 79 17
51 83 87
51 86 63
51 88 68
51 90 82
51 91 70
51 92 89
51 95 14
51 99 36
51 101 56
51 103 53
51 105 62
51 107 96
51 115 34
51 119 36
51 120 8
51 123 39
51 124 97
51 129 78
51 130 46
51 133 72
51 134 72
51 138 59
51 140 42
51 145 5
51 147 39
51 148 30
52 54 22
52 55 17
52 58 24
52 59 74
52 60 1
52 64 10
52 68 60
52 69 49
52 71 35
52 72 60
52 75 91
52 76 79
52 78 33
52 80 37
52 82 1
52 89 12
52 90 96
52 92 97
52 95 56
52 100 44
52 101 72
52 104 26
52 105 14
52 108 49
52 109 14
52 112 76
52 113 22
52 114 55
52 117 81
52 119 33
52 122 22
52 124 67
52 125 11
52 131 79
52 132 51
52 133 24
52 134 64
52 136 7
52 137 11
52 140 34
52 142 59
52 145 14
53 55 90
53 60 28
53 61 62
53 62 40
53 63 62
53 65 34
53 70 9
53 75 13
53 78 100
53 79 13
53 82 71
53 86 97
53 90 85
53 93 74
53 96 44
53 101 80
53 102 19
53 104 9
53 106 21
53 109 27
53 111 43
53 112 95
53 114 91
53 117 30
53 118 65
53 119 44
53 120 91
53 121 2
53 122 47
53 124 95
53 125 49
53 129 57
53 131 28
53 134 59
53 136 27
53 137 38
53 140 96
53 141 97
53 146 44
54 55 10
54 56 21
54 57 95
54 62 29
54 63 82
54 66 1
54 67 71
54 69 46
54 70 73
54 71 70
54 74 36
54 79 66
54 82 29
54 85 95
54 87 23
54 89 70
54 92 36
54 93 60
54 94 8
54 95 14
54 97 16
54 100 100
54 104 74
54 107 62
54 110 57
54 111 99
54 113 31
54 115 1
54 116 8
54 117 96
54 118 57
54 124 90
54 125 51
54 126 5
54 128 81
54 129 55
54 130 73
54 132 40
54 134 53
54 135 12
54 136 80
54 138 75
54 145 60
54 147 62
54 148 36
55 58 33
55 59 15
55 60 37
55 61 47
55 62 53
55 65 29
55 67 51
55 71 3
55 72 40
55 75 8
55 76 63
55 78 12
55 81 70
55 83 27
55 85 39
55 87 40
55 88 1
55 89 29
55 91 15
55 99 50
55 102 44
55 105 67
55 107 19
55 108 98
55 110 18
55 113 70
55 115 55
55 116 97
55 118 45
55 119 8
55 120 41
55 122 61
55 126 52
55 127 13
55 128 28
55 130 46
55 134 23
55 143 7
55 144 11
55 148 20
56 58 77
56 59 69
56 61 9
56 62 87
56 63 35
56 67 30
56 68 65
56 75 3
56 78 3
56 79 28
56 80 48
56 85 59
56 86 96
56 88 32
56 93 3
56 100 1
56 101 4
56 103 12
56 106 46
56 109 70
56 110 98
56 114 4
56 115 25
56 116 82
56 117 89
56 118 17
56 124 74
56 126 43
56 127 34
56 132 1
56 134 87
56 135 79
56 136 8
56 141 35
56 144 78
56 146 32
57 58 39
57 59 48
57 60 51
57 61 78
57 62 39
57 63 1
57 64 31
57 65 96
57 66 6
57 68 28
57 69 14
57 71 13
57 72 6
57 77 51
57 78 40
57 79 63
57 80 86
57 82 50
57 83 15
57 86 76
57 89 59
57 90 74
57 92 2
57 94 72
57 95 2
57 96 20
57 97 72
57 98 63
57 100 72
57 104 5
57 105 72
57 106 2
57 107 8
57 108 88
57 109 53
57 113 61
57 114 49
57 118 36
57 119 93
57 120 56
57 123 53
57 125 83
57 127 90
57 129 31
57 130 60
57 132 77
57 135 50
57 136 66
57 138 80
57 139 90
57 145 54
57 147 91
57 148 3
57 149 50
57 150 26
58 62 2
58 65 36
58 68 52
58 69 69
58 70 12
58 71 68
58 73 73
58 77 30
58 80 12
58 81 85
58 85 23
58 89 90
58 90 77
58 94 2
58 97 6
58 101 14
58 104 56
58 109 39
58 110 48
58 111 44
58 112 75
58 113 15
58 118 13
58 121 51
58 122 63
58 123 11
58 125 3
58 128 92
58 129 83
58 132 69
58 134 66
58 135 62
58 136 45
58 138 38
58 139 30
58 141 77
58 145 32
59 61 9
59 62 83
59 66 97
59 67 4
59 70 98
59 76 38
59 81 94
59 84 91
59 85 42
59 90 85
59 91 36
59 94 45
59 96 49
59 101 66
59 104 63
59 115 69
59 116 7
59 117 7
59 119 99
59 124 50
59 126 29
59 127 41
59 129 87
59 133 71
59 140 50
59 142 97
59 143 47
59 145 17
59 146 98
59 148 44
59 150 83
60 63 10
60 65 5
60 67 29
60 69 64
60 70 55
60 71 55
60 72 78
60 74 72
60 76 34
60 77 65
60 78 21
60 82 68
60 87 6
60 88 2
60 89 38
60 95 81
60 96 48
60 100 46
60 101 32
60 103 58
60 104 3
60 105 41
60 106 58
60 110 18
60 111 51
60 114 73
60 115 84
60 117 1
60 118 76
60 121 37
60 124 19
60 127 29
60 128 25
60 129 78
60 130 24
60 132 40
60 136 77
60 139 8
60 141 37
60 148 95
60 149 23
60 150 32
61 62 24
61 63 71
61 65 16
61 73 7
61 75 55
61 76 19
61 78 67
61 79 6
61 81 7
61 84 45
61 87 20
61 89 11
61 90 31
61 91 9
61 98 17
61 100 7
61 107 39
61 110 33
61 111 46
61 114 1
61 116 27
61 117 50
61 118 30
61 121 24
61 130 12
61 133 23
61 137 11
61 139 95
61 143 99
61 148 66
61 149 85
61 150 78
62 65 27
62 68 69
62 69 24
62 70 6
62 73 21
62 74 28
62 76 16
62 78 99
62 79 51
62 80 14
62 83 5
62 84 61
62 85 30
62 88 39
62 91 56
62 93 65
62 94 93
62 95 84
62 97 23
62 98 25
62 100 58
62 103 75
62 106 17
62 107 95
62 108 78
62 109 86
62 110 56
62 111 74
62 112 94
62 114 44
62 116 73
62 120 65
62 125 30
62 126 30
62 130 73
62 131 50
62 134 75
62 138 34
62 139 46
62 141 89
62 146 2
62 149 77
62 150 14
63 67 4
63 82 22
63 84 96
63 87 24
63 88 59
63 89 18
63 93 21
63 96 58
63 98 67
63 99 99
63 100 73
63 102 60
63 103 15
63 105 1
63 107 40
63 108 17
63 109 51
63 110 61
63 111 100
63 113 23
63 114 92
63 115 2
63 116 33
63 118 65
63 121 54
63 123 58
63 125 21
63 128 86
63 129 83
63 135 85
63 136 88
63 142 4
63 149 46
64 68 92
64 71 45
64 73 3
64 76 7
64 78 99
64 79 70
64 81 24
64 84 66
64 85 36
64 87 87
64 88 90
64 91 44
64 92 3
64 95 49
64 97 25
64 98 37
64 102 44
64 103 2
64 105 22
64 106 88
64 107 52
64 110 30
64 111 62
64 112 43
64 116 91
64 117 11
64 118 88
64 122 58
64 124 24
64 125 37
64 129 95
64 131 80
64 132 67
64 134 73
64 135 2
64 140 82
64 143 8
64 146 61
64 149 15
64 150 73
65 68 81
65 70 60
65 72 9
65 73 43
65 76 91
65 77 65
65 79 90
65 80 90
65 84 62
65 86 6
65 89 65
65 95 9
65 97 84
65 99 96
65 100 35
65 101 44
65 106 4
65 108 76
65 114 87
65 118 77
65 120 53
65 121 77
65 124 60
65 125 12
65 127 13
65 128 25
65 137 49
65 138 24
65 140 91
65 141 66
65 145 26
65 146 36
66 67 44
66 77 67
66 79 97
66 81 68
66 87 63
66 90 38
66 92 52
66 95 5
66 97 53
66 98 84
66 99 70
66 102 14
66 103 66
66 108 29
66 110 50
66 112 45
66 113 82
66 114 30
66 118 47
66 120 83
66 122 97
66 123 75
66 125 25
66 127 12
66 128 21
66 132 70
66 134 98
66 143 89
66 144 78
66 148 82
66 149 37
66 150 41
67 68 86
67 69 43
67 72 56
67 73 68
67 75 12
67 76 86
67 78 91
67 79 100
67 81 83
67 83 88
67 85 5
67 87 36
67 91 26
67 94 67
67 95 85
67 96 94
67 97 12
67 99 41
67 102 51
67 103 52
67 105 92
67 106 25
67 109 12
67 110 1
67 118 88
67 123 48
67 125 55
67 128 72
67 131 13
67 132 85
67 133 75
67 137 1
67 142 30
67 143 89
67 144 53
67 148 33
68 69 48
68 70 74
68 73 50
68 76 72
68 78 27
68 82 37
68 84 47
68 88 35
68 91 31
68 95 91
68 99 78
68 100 40
68 103 73
68 104 24
68 107 46
68 114 87
68 116 58
68 117 93
68 118 19
68 119 34
68 122 40
68 123 30
68 124 48
68 127 33
68 135 31
68 141 8
68 142 12
68 144 86
68 147 8
68 148 86
68 150 54
69 70 34
69 71 15
69 72 99
69 73 78
69 75 16
69 79 15
69 81 58
69 83 34
69 84 32
69 85 7
69 87 70
69 88 96
69 89 54
69 91 27
69 93 88
69 95 92
69 96 99
69 98 45
69 99 67
69 102 1
69 103 55
69 109 4
69 116 12
69 120 30
69 122 20
69 131 93
69 133 78
69 134 45
69 137 1
69 146 39
69 147 10
69 148 19
69 149 83
70 74 11
70 76 48
70 77 81
70 79 42
70 82 32
70 87 79
70 90 100
70 91 67
70 92 4
70 93 18
70 96 44
70 97 18
70 98 77
70 99 96
70 104 60
70 107 41
70 109 98
70 110 28
70 111 3
70 113 48
70 115 49
70 121 50
70 122 15
70 123 26
70 124 77
70 126 45
70 128 14
70 138 18
70 141 42
70 142 87
70 146 56
70 147 19
70 148 21
70 149 39
70 150 8
71 75 82
71 76 85
71 81 39
71 85 37
71 90 59
71 95 6
71 97 61
71 99 6
71 103 63
71 104 12
71 108 60
71 110 63
71 111 85
71 112 43
71 113 80
71 122 32
71 123 41
71 124 14
71 125 11
71 126 17
71 131 32
71 132 63
71 134 70
71 135 51
71 138 17
71 140 26
71 141 75
71 143 14
71 145 16
71 146 40
71 147 95
71 148 2
71 149 19
71 150 16
72 73 13
72 75 70
72 77 1
72 79 5
72 81 100
72 82 90
72 84 66
72 87 93
72 92 86
72 95 9
72 97 57
72 98 15
72 99 82
72 105 91
72 107 37
72 109 77
72 112 95
72 117 36
72 118 50
72 119 26
72 120 67
72 122 69
72 124 13
72 127 7
72 132 98
72 134 75
72 138 94
72 140 27
72 143 66
72 147 20
72 148 86
72 149 79
72 150 95
73 74 90
73 78 97
73 86 18
73 87 2
73 89 69
73 90 64
73 91 80
73 93 94
73 95 91
73 96 88
73 102 22
73 107 16
73 109 18
73 110 67
73 112 25
73 113 32
73 115 40
73 118 51
73 119 47
73 120 30
73 122 50
73 125 78
73 126 3
73 127 14
73 132 62
73 135 33
73 145 16
73 146 66
73 149 53
74 80 27
74 84 82
74 85 17
74 87 54
74 90 87
74 94 45
74 97 94
74 99 5
74 101 73
74 112 74
74 115 90
74 117 32
74 119 61
74 122 84
74 125 86
74 126 34
74 136 48
74 137 22
74 138 46
74 139 45
74 140 53
74 145 61
74 148 34
74 150 35
75 76 69
75 80 99
75 82 36
75 83 88
75 85 14
75 86 39
75 87 98
75 88 44
75 92 81
75 100 9
75 104 77
75 107 34
75 109 76
75 110 91
75 117 25
75 121 36
75 122 50
75 123 68
75 124 45
75 125 51
75 127 57
75 131 75
75 132 86
75 136 62
75 144 27
75 145 58
75 147 24
75 149 79
76 78 17
76 84 71
76 86 20
76 88 95
76 91 50
76 92 17
76 94 56
76 95 56
76 99 56
76 100 63
76 101 62
76 104 41
76 105 91
76 106 65
76 110 75
76 112 79
76 115 98
76 122 72
76 124 23
76 125 7
76 133 44
76 134 42
76 136 56
76 137 95
76 138 22
76 139 4
76 141 24
76 143 85
76 145 39
76 147 2
76 148 79
76 149 67
77 78 49
77 81 95
77 84 34
77 86 38
77 91 96
77 92 25
77 94 2
77 96 12
77 98 19
77 99 7
77 100 93
77 103 52
77 107 25
77 108 96
77 110 46
77 111 26
77 114 14
77 116 23
77 117 29
77 125 87
77 126 78
77 127 8
77 129 58
77 130 25
77 131 99
77 132 69
77 134 81
77 137 73
77 139 80
77 140 91
77 141 64
77 146 5
78 82 97
78 87 25
78 93 6
78 95 42
78 96 74
78 99 14
78 102 84
78 105 1
78 107 27
78 108 93
78 113 87
78 115 41
78 119 70
78 120 78
78 121 90
78 125 86
78 127 28
78 130 10
78 132 19
78 133 25
78 134 41
78 139 33
78 140 26
78 145 42
79 82 57
79 83 17
79 86 38
79 87 76
79 89 12
79 92 63
79 93 94
79 95 76
79 96 58
79 97 79
79 98 42
79 102 80
79 105 35
79 109 96
79 111 18
79 119 25
79 122 56
79 123 9
79 127 38
79 128 91
79 132 46
79 133 89
79 136 33
79 138 96
79 140 19
79 141 7
79 142 49
79 143 74
79 145 54
79 149 20
80 82 64
80 83 45
80 88 7
80 89 54
80 91 16
80 96 81
80 98 65
80 106 1
80 118 12
80 119 27
80 120 46
80 122 12
80 130 83
80 134 79
80 137 99
80 138 39
80 142 14
80 146 23
80 148 99
80 149 58
81 85 82
81 86 73
81 87 76
81 92 18
81 94 30
81 95 39
81 97 82
81 98 85
81 100 72
81 102 61
81 103 61
81 104 93
81 107 25
81 113 99
81 114 4
81 119 39
81 122 18
81 124 5
81 126 8
81 132 12
81 134 39
81 138 33
81 139 8
81 140 42
81 141 72
81 142 38
81 145 29
81 148 12
82 84 70
82 85 14
82 86 25
82 92 43
82 94 44
82 98 54
82 99 50
82 100 95
82 101 48
82 106 96
82 107 33
82 110 87
82 111 16
82 123 87
82 127 46
82 132 75
82 136 65
82 138 31
82 141 60
82 144 44
82 146 43
82 149 50
83 84 50
83 91 82
83 93 83
83 94 2
83 97 34
83 101 20
83 103 37
83 104 1
83 106 18
83 108 44
83 109 92
83 113 84
83 116 4
83 118 6
83 128 40
83 134 93
83 137 95
83 139 48
83 142 71
84 90 52
84 93 66
84 103 79
84 104 90
84 105 94
84 109 66
84 115 31
84 117 18
84 118 3
84 122 30
84 124 69
84 125 91
84 126 15
84 128 16
84 129 74
84 132 46
84 135 19
84 136 83
84 139 76
84 149 53
84 150 20
85 87 82
85 88 90
85 91 5
85 92 59
85 93 17
85 94 55
85 96 22
85 97 22
85 99 6
85 100 43
85 101 42
85 104 13
85 110 3
85 113 26
85 121 45
85 122 74
85 123 84
85 124 1
85 126 61
85 127 9
85 128 16
85 130 93
85 131 47
85 132 97
85 135 77
85 136 66
85 140 32
85 144 16
85 145 33
85 146 24
85 147 83
86 87 12
86 88 80
86 89 60
86 91 24
86 92 38
86 95 85
86 96 42
86 97 83
86 101 96
86 103 93
86 104 33
86 106 78
86 108 62
86 109 23
86 112 36
86 115 68
86 117 32
86 124 87
86 126 21
86 127 33
86 129 77
86 137 70
86 140 46
86 142 72
86 143 65
86 147 31
86 148 76
86 149 31
87 88 2
87 90 50
87 91 74
87 94 95
87 95 98
87 96 35
87 97 50
87 98 35
87 99 86
87 100 58
87 101 58
87 102 61
87 103 52
87 105 24
87 107 85
87 108 54
87 111 48
87 112 73
87 117 10
87 119 93
87 126 99
87 127 92
87 128 33
87 129 12
87 131 37
87 132 96
87 135 80
87 136 32
87 137 56
87 140 13
87 143 14
87 144 78
87 146 91
87 147 18
87 148 10
88 89 78
88 94 16
88 95 64
88 103 15
88 106 38
88 109 28
88 115 92
88 118 16
88 127 58
88 128 67
88 129 91
88 130 73
88 131 86
88 133 69
88 135 9
88 136 89
88 138 61
88 139 28
88 140 51
88 144 90
88 145 78
88 146 89
88 148 9
89 90 9
89 93 39
89 95 31
89 96 77
89 104 3
89 105 41
89 111 57
89 116 88
89 118 43
89 121 83
89 123 64
89 126 99
89 127 48
89 131 38
89 132 39
89 134 48
89 135 43
89 137 16
89 138 96
89 141 96
89 146 77
89 148 98
89 150 27
90 94 53
90 96 4
90 97 6
90 98 76
90 99 17
90 104 69
90 105 7
90 109 14
90 133 65
90 137 68
90 143 96
90 145 96
90 148 62
91 97 35
91 99 17
91 101 47
91 102 4
91 106 77
91 108 13
91 110 98
91 111 50
91 112 46
91 113 42
91 114 17
91 115 69
91 117 82
91 118 20
91 119 84
91 121 73
91 122 51
91 123 38
91 125 91
91 126 96
91 127 14
91 130 15
91 133 99
91 134 57
91 135 83
91 136 43
91 137 17
91 138 36
91 140 36
91 146 28
91 148 70
91 150 65
92 93 19
92 95 75
92 97 45
92 99 28
92 101 63
92 102 38
92 103 55
92 104 9
92 105 76
92 112 86
92 115 39
92 117 55
92 118 13
92 119 59
92 120 44
92 121 83
92 124 36
92 126 52
92 132 31
92 135 95
92 136 56
92 137 42
92 138 45
92 141 97
92 147 65
92 148 9
93 94 17
93 98 37
93 101 11
93 102 75
93 110 71
93 111 24
93 114 11
93 116 49
93 122 82
93 124 43
93 125 96
93 126 13
93 128 22
93 139 51
93 140 49
93 142 47
93 144 78
93 147 60
93 148 49
93 150 88
94 96 8
94 97 9
94 98 45
94 101 6
94 106 15
94 107 8
94 108 19
94 110 32
94 117 92
94 119 25
94 124 26
94 126 25
94 130 4
94 132 59
94 133 69
94 137 49
94 141 63
94 146 84
95 98 4
95 101 74
95 103 97
95 104 34
95 109 29
95 113 92
95 114 98
95 115 74
95 117 55
95 121 85
95 125 75
95 128 20
95 131 36
95 132 50
95 133 44
95 136 70
95 140 43
95 143 14
95 146 82
96 98 51
96 100 98
96 101 36
96 104 76
96 106 77
96 108 79
96 109 87
96 111 14
96 112 69
96 114 98
96 116 99
96 118 67
96 121 27
96 129 52
96 138 66
96 142 65
96 143 63
96 147 64
97 100 86
97 102 23
97 107 5
97 110 90
97 115 31
97 117 56
97 119 11
97 120 21
97 123 85
97 127 5
97 131 73
97 134 59
97 135 65
97 136 62
97 137 56
97 138 24
97 145 4
97 149 28
98 99 19
98 100 5
98 102 78
98 103 27
98 104 31
98 105 19
98 108 10
98 109 85
98 110 4
98 113 5
98 119 96
98 120 71
98 122 89
98 125 94
98 126 53
98 127 25
98 133 85
98 136 52
98 138 44
98 141 62
98 143 20
98 147 3
98 148 67
98 149 36
99 102 72
99 103 57
99 106 72
99 107 14
99 111 12
99 112 3
99 114 28
99 117 96
99 119 28
99 120 29
99 123 77
99 130 13
99 131 43
99 133 78
99 134 37
99 135 37
99 137 29
99 141 59
99 142 94
99 143 60
99 145 54
99 146 99
99 147 32
99 149 45
99 150 77
100 103 49
100 108 34
100 110 45
100 114 48
100 118 1
100 119 79
100 120 41
100 124 100
100 127 70
100 129 24
100 130 90
100 133 68
100 134 45
100 136 52
100 137 39
100 139 56
100 140 92
100 142 53
100 143 54
100 145 68
100 146 35
100 148 25
100 150 57
101 106 65
101 108 50
101 110 67
101 111 57
101 112 86
101 114 30
101 121 39
101 124 17
101 125 88
101 126 85
101 127 42
101 130 34
101 132 46
101 135 2
101 136 48
101 137 21
101 140 25
101 142 60
101 146 74
101 150 37
102 103 81
102 105 85
102 106 30
102 109 42
102 112 19
102 114 69
102 115 57
102 117 76
102 121 38
102 122 52
102 123 40
102 124 13
102 126 94
102 128 86
102 132 1
102 134 13
102 135 73
102 139 21
102 141 13
102 142 15
102 144 10
102 146 2
102 148 70
103 104 89
103 108 47
103 110 72
103 112 56
103 116 6
103 121 79
103 124 29
103 125 71
103 127 36
103 128 52
103 130 41
103 132 67
103 134 14
103 137 68
103 138 80
103 140 41
103 142 98
103 144 61
103 145 70
103 147 64
103 148 54
103 149 59
104 106 99
104 116 33
104 117 15
104 120 66
104 121 30
104 124 34
104 125 94
104 135 95
104 137 13
104 141 85
104 145 55
104 147 21
104 148 78
105 108 39
105 109 52
105 114 36
105 119 17
105 122 41
105 125 31
105 129 93
105 130 60
105 132 61
105 137 26
105 138 5
105 141 3
105 143 37
105 144 15
105 147 13
106 111 6
106 112 8
106 116 62
106 117 79
106 118 30
106 121 34
106 125 65
106 128 21
106 130 29
106 132 46
106 134 10
106 142 44
106 143 53
106 149 78
106 150 5
107 111 21
107 114 56
107 115 12
107 116 35
107 117 76
107 120 3
107 121 43
107 126 81
107 130 72
107 131 21
107 134 97
107 136 12
107 138 94
107 139 19
107 141 11
107 143 15
107 145 46
107 146 38
107 147 5
107 149 85
107 150 45
108 110 43
108 111 55
108 114 95
108 119 41
108 120 89
108 122 56
108 125 53
108 128 66
108 129 91
108 133 27
108 135 13
108 136 68
108 137 49
108 138 12
108 143 72
108 144 58
108 145 28
108 146 54
108 147 40
108 149 16
109 111 9
109 117 49
109 119 4
109 120 12
109 129 90
109 131 97
109 133 49
109 134 65
109 136 86
109 138 4
109 139 40
109 143 1
109 146 45
109 147 68
109 149 77
110 111 67
110 112 80
110 113 19
110 115 98
110 117 57
110 118 72
110 119 84
110 122 94
110 124 18
110 126 45
110 131 90
110 133 45
110 134 27
110 140 34
110 141 57
110 143 20
110 144 77
110 147 94
111 119 83
111 120 24
111 121 72
111 122 62
111 125 95
111 126 91
111 129 79
111 131 44
111 136 77
111 138 26
111 139 93
111 141 38
111 142 17
111 143 35
112 114 51
112 115 44
112 116 76
112 118 44
112 119 22
112 121 74
112 123 57
112 129 45
112 130 75
112 132 91
112 133 54
112 134 34
112 135 46
112 138 3
112 142 7
112 144 62
112 145 23
112 146 15
112 147 71
112 148 22
113 114 73
113 116 74
113 117 3
113 118 86
113 121 51
113 122 73
113 123 64
113 124 8
113 125 54
113 128 18
113 129 27
113 130 75
113 132 90
113 138 67
113 139 39
113 141 21
113 142 1
113 143 37
113 144 30
113 145 3
113 146 59
113 147 49
114 115 7
114 116 12
114 117 37
114 119 32
114 120 19
114 123 78
114 124 36
114 125 36
114 126 42
114 129 33
114 131 16
114 136 14
114 138 36
114 140 14
114 141 56
114 146 43
114 148 100
114 150 63
115 116 64
115 117 87
115 124 53
115 125 73
115 126 79
115 127 11
115 128 53
115 136 66
115 137 78
115 138 11
115 140 52
115 141 2
115 142 84
115 143 82
115 145 57
115 146 22
116 117 62
116 125 27
116 127 33
116 131 88
116 132 30
116 133 84
116 134 5
116 135 86
116 136 88
116 137 69
116 138 36
116 142 17
116 143 66
116 144 1
116 145 29
116 147 34
116 149 1
117 125 67
117 127 97
117 131 69
117 133 97
117 136 58
117 137 26
117 139 65
117 142 9
117 145 87
117 146 7
118 121 38
118 126 7
118 130 77
118 131 19
118 133 92
118 134 23
118 137 50
118 138 12
118 140 10
118 142 21
118 144 98
118 146 63
118 148 82
118 150 66
119 120 5
119 122 19
119 123 24
119 125 76
119 126 51
119 127 50
119 140 8
119 148 97
119 149 76
120 122 13
120 123 32
120 126 84
120 127 62
120 129 88
120 133 11
120 134 95
120 137 82
120 138 92
120 141 94
120 144 97
120 146 73
120 147 48
120 148 87
121 122 59
121 126 18
121 128 18
121 131 1
121 134 43
121 136 14
121 143 37
121 144 43
121 148 18
121 149 47
122 123 51
122 125 32
122 126 50
122 127 60
122 132 32
122 135 26
122 145 69
122 147 12
122 148 39
122 149 42
122 150 53
123 126 83
123 128 61
123 129 42
123 131 23
123 134 40
123 136 91
123 139 74
123 140 59
124 126 46
124 129 35
124 131 48
124 133 51
124 134 33
124 135 28
124 136 42
124 138 42
124 142 66
124 145 11
124 146 27
125 128 99
125 130 53
125 131 53
125 133 75
125 136 79
125 144 4
125 145 48
125 146 91
125 149 76
125 150 46
126 127 99
126 128 5
126 134 5
126 135 35
126 136 60
126 140 88
126 148 22
126 149 78
126 150 93
127 128 69
127 129 44
127 130 23
127 131 26
127 132 25
127 135 91
127 137 36
127 138 45
127 142 83
127 146 21
127 150 85
128 130 21
128 133 95
128 136 91
128 138 47
128 139 54
128 140 91
128 145 100
128 146 82
128 148 10
128 150 13
129 131 16
129 132 97
129 133 36
129 137 50
129 139 33
129 141 2
129 142 75
129 143 25
129 147 15
129 148 1
129 149 1
130 131 33
130 132 36
130 135 93
130 136 54
130 141 79
130 143 50
130 145 93
131 134 45
131 136 88
131 137 50
131 145 84
131 147 72
131 148 8
131 149 33
132 134 99
132 137 10
132 139 52
132 141 74
132 142 1
132 144 27
132 146 53
132 148 13
132 150 52
133 135 25
133 139 95
133 142 94
133 144 68
133 146 71
133 147 100
133 148 79
133 149 38
134 135 11
134 137 80
134 140 18
134 141 94
134 142 84
134 144 56
134 146 12
134 147 34
134 149 33
135 137 70
135 139 47
135 140 70
135 143 42
136 138 3
136 140 65
136 148 30
136 149 59
136 150 73
137 138 57
137 139 22
137 143 64
137 145 67
137 146 2
137 147 80
137 149 38
137 150 21
138 140 30
138 141 73
138 143 45
138 144 8
138 145 79
138 146 48
138 148 47
139 140 77
139 141 34
139 142 69
139 144 87
139 145 90
139 149 1
139 150 51
140 142 21
140 143 1
140 144 36
140 145 58
140 146 59
140 147 4
140 149 55
140 150 42
141 142 5
141 144 86
141 145 61
141 147 35
141 150 15
142 145 42
142 146 57
142 147 67
144 146 37
144 149 91
145 148 49
147 148 15
147 150 64
148 150 31
1 3 73
1 7 20
1 11 10
1 14 34
1 15 13
1 17 35
1 22 36
1 24 5
1 25 6
1 28 72
1 30 90
1 32 34
1 34 97
1 35 37
1 37 80
1 44 20
1 45 7
1 46 53
1 50 36
1 52 14
1 54 85
1 56 97
1 57 4
1 60 69
1 63 94
1 65 43
1 71 47
1 74 60
1 75 9
1 76 84
1 77 38
1 78 85
1 83 73
1 84 77
1 86 68
1 99 10
1 100 63
1 104 67
1 105 99
1 106 47
1 121 47
1 125 69
1 128 85
1 129 3
1 130 93
1 134 99
1 141 41
1 142 85
1 143 73
1 144 68
1 147 89
2 3 45
2 4 87
2 7 88
2 8 32
2 10 41
2 11 19
2 20 10
2 23 69
2 26 8
2 33 37
2 34 86
2 35 44
2 37 64
2 39 94
2 41 29
2 42 75
2 46 5
2 52 55
2 53 19
2 55 9
2 56 33
2 57 59
2 58 41
2 63 35
2 64 60
2 65 60
2 69 39
2 70 17
2 71 60
2 72 31
2 75 46
2 76 44
2 77 83
2 82 4
2 84 60
2 86 82
2 90 88
2 95 98
2 99 83
2 101 53
2 102 69
2 104 94
2 105 71
2 108 18
2 111 18
2 112 93
2 113 58
2 118 6
2 121 96
2 124 92
2 126 66
2 129 11
2 133 86
2 136 39
2 137 72
2 138 19
2 139 2
2 140 56
2 144 96
2 145 84
2 149 60
3 6 68
3 7 80
3 11 90
3 12 83
3 13 49
3 14 44
3 15 37
3 16 80
3 19 51
3 22 62
3 26 88
3 27 80
3 30 3
3 32 91
3 34 60
3 37 94
3 38 60
3 40 15
3 41 74
3 42 74
3 43 57
3 44 3
3 47 72
3 48 17
3 49 40
3 52 16
3 56 82
3 57 16
3 59 29
3 60 68
3 61 50
3 65 94
3 67 81
3 68 25
3 69 28
3 70 83
3 72 73
3 73 89
3 74 46
3 75 72
3 76 46
3 80 25
3 83 73
3 87 68
3 102 90
3 104 27
3 110 79
3 112 34
3 115 27
3 118 40
3 119 15
3 124 87
3 131 42
3 132 48
3 135 25
3 139 67
3 141 76
3 142 90
3 143 10
3 145 21
3 147 7
3 150 36
4 7 44
4 8 65
4 10 62
4 13 63
4 20 8
4 22 88
4 28 66
4 30 17
4 33 59
4 36 44
4 37 97
4 38 93
4 40 39
4 50 89
4 51 86
4 52 6
4 56 60
4 62 71
4 63 28
4 67 88
4 70 38
4 73 80
4 76 24
4 78 98
4 79 85
4 81 17
4 87 97
4 88 15
4 93 76
4 94 77
4 95 26
4 96 62
4 98 29
4 99 18
4 101 9
4 104 28
4 108 69
4 109 1
4 113 71
4 114 51
4 115 19
4 118 94
4 126 90
4 128 85
4 129 96
4 132 73
4 135 41
4 137 65
4 138 77
4 141 68
4 142 31
4 144 5
4 147 17
4 148 99
5 9 72
5 10 82
5 11 36
5 12 7
5 13 88
5 14 71
5 18 92
5 19 43
5 21 84
5 22 43
5 27 65
5 37 62
5 38 35
5 39 63
5 40 57
5 42 34
5 43 22
5 48 49
5 49 94
5 55 72
5 56 47
5 58 56
5 64 40
5 65 47
5 67 93
5 73 49
5 74 42
5 75 17
5 76 1
5 78 61
5 79 94
5 81 65
5 84 87
5 85 49
5 90 84
5 92 77
5 93 1
5 94 35
5 99 54
5 104 3
5 105 50
5 109 46
5 112 20
5 117 61
5 118 65
5 121 86
5 123 14
5 124 23
5 125 34
5 127 98
5 128 20
5 129 93
5 130 57
5 133 68
5 136 92
5 144 50
5 145 73
5 148 19
5 150 37
6 7 27
6 8 24
6 13 97
6 14 100
6 16 61
6 18 34
6 19 20
6 20 31
6 22 71
6 23 45
6 27 13
6 30 50
6 34 2
6 35 86
6 36 30
6 40 36
6 43 65
6 45 77
6 46 9
6 49 92
6 50 45
6 51 39
6 52 88
6 57 28
6 58 82
6 62 47
6 67 93
6 68 36
6 71 12
6 75 36
6 77 49
6 78 58
6 80 31
6 84 89
6 91 28
6 92 84
6 93 66
6 94 79
6 95 100
6 97 4
6 100 37
6 101 51
6 103 71
6 108 76
6 110 63
6 115 3
6 121 40
6 134 66
6 137 43
6 140 92
6 143 11
6 145 91
6 146 85
6 148 32
7 9 87
7 11 29
7 13 48
7 14 100
7 15 45
7 21 12
7 24 86
7 25 92
7 26 51
7 29 87
7 30 96
7 31 77
7 32 1
7 37 20
7 38 97
7 42 32
7 47 71
7 51 20
7 55 4
7 56 96
7 71 26
7 77 63
7 78 31
7 84 58
7 86 65
7 88 53
7 90 26
7 91 93
7 93 61
7 97 96
7 100 31
7 102 59
7 106 1
7 110 44
7 111 55
7 115 60
7 123 36
7 124 19
7 131 10
7 132 36
7 133 54
7 145 28
7 146 30
7 147 28
7 150 66
8 9 8
8 15 52
8 16 89
8 17 44
8 18 79
8 21 16
8 23 45
8 24 66
8 26 66
8 31 32
8 32 71
8 37 93
8 39 98
8 44 45
8 45 26
8 49 59
8 54 12
8 55 98
8 59 43
8 64 64
8 65 28
8 68 42
8 79 18
8 81 28
8 83 29
8 87 74
8 89 77
8 91 100
8 92 84
8 93 88
8 97 1
8 98 91
8 103 11
8 104 89
8 106 74
8 107 24
8 110 91
8 112 72
8 113 79
8 117 92
8 118 35
8 120 39
8 121 62
8 122 7
8 123 99
8 125 88
8 128 80
8 129 74
8 130 40
8 136 9
8 143 33
8 144 40
8 145 59
8 146 60
8 148 50
8 149 14
9 12 62
9 13 70
9 15 50
9 19 20
9 20 59
9 23 54
9 24 72
9 25 67
9 26 52
9 27 50
9 28 77
9 29 49
9 30 61
9 31 34
9 32 39
9 33 34
9 34 69
9 35 17
9 42 18
9 43 76
9 44 74
9 45 49
9 46 75
9 52 75
9 53 75
9 54 13
9 55 30
9 58 9
9 59 65
9 62 61
9 63 41
9 64 5
9 66 77
9 67 85
9 73 87
9 74 21
9 75 78
9 77 28
9 78 30
9 80 1
9 83 17
9 86 26
9 89 57
9 90 85
9 91 16
9 92 18
9 99 44
9 103 20
9 107 34
9 109 86
9 110 52
9 112 41
9 114 95
9 121 39
9 122 23
9 123 15
9 124 98
9 128 39
9 133 96
9 135 79
9 137 30
9 140 65
9 141 58
9 146 87
9 147 43
10 13 18
10 16 65
10 18 10
10 19 34
10 21 90
10 25 62
10 26 35
10 36 91
10 38 87
10 39 69
10 40 77
10 43 94
10 44 61
10 46 95
10 48 3
10 60 66
10 64 15
10 65 76
10 69 32
10 71 77
10 75 95
10 76 16
10 77 25
10 79 44
10 80 95
10 87 10
10 96 75
10 97 3
10 100 38
10 101 75
10 102 5
10 103 34
10 106 42
10 111 93
10 113 85
10 118 89
10 121 98
10 125 78
10 128 97
10 130 57
10 136 80
10 138 84
10 140 60
10 142 49
10 144 25
10 145 74
10 147 43
10 149 56
10 150 55
11 18 42
11 23 21
11 28 72
11 32 63
11 33 41
11 34 27
11 38 5
11 41 78
11 44 60
11 45 96
11 46 91
11 47 97
11 49 35
11 51 89
11 52 92
11 53 88
11 54 60
11 55 61
11 58 98
11 59 46
11 60 74
11 61 24
11 71 81
11 87 45
11 92 81
11 93 46
11 99 93
11 100 88
11 102 85
11 104 62
11 106 98
11 108 65
11 111 29
11 117 40
11 118 34
11 120 42
11 126 59
11 132 44
11 133 42
11 134 70
11 137 8
11 138 77
11 141 83
11 143 47
11 144 80
11 147 21
11 148 90
12 16 25
12 17 87
12 19 28
12 22 18
12 25 71
12 28 17
12 31 75
12 35 76
12 37 50
12 38 26
12 39 12
12 46 19
12 53 70
12 57 4
12 58 22
12 59 76
12 60 65
12 61 36
12 62 2
12 65 20
12 66 68
12 67 93
12 70 2
12 73 73
12 75 57
12 77 93
12 82 95
12 91 48
12 93 82
12 96 16
12 99 61
12 101 73
12 105 65
12 107 97
12 108 3
12 109 24
12 111 33
12 112 18
12 113 48
12 114 73
12 121 42
12 124 91
12 132 17
12 134 85
12 136 58
12 141 29
12 142 26
12 145 95
13 16 24
13 21 12
13 23 17
13 27 8
13 30 5
13 32 47
13 37 58
13 38 37
13 40 44
13 41 1
13 42 86
13 43 41
13 45 50
13 46 31
13 48 45
13 49 51
13 57 67
13 59 75
13 63 89
13 65 59
13 67 19
13 68 8
13 72 17
13 73 44
13 75 26
13 80 82
13 81 3
13 82 9
13 83 91
13 87 22
13 89 84
13 92 84
13 94 96
13 95 88
13 97 9
13 100 11
13 102 23
13 104 14
13 107 87
13 110 4
13 114 75
13 123 3
13 125 33
13 126 87
13 127 33
13 128 45
13 131 70
13 132 50
13 140 79
13 141 5
13 147 37
13 149 45
14 22 57
14 23 59
14 24 39
14 26 6
14 27 33
14 28 75
14 29 18
14 30 19
14 31 34
14 32 16
14 37 92
14 39 1
14 40 53
14 41 20
14 44 44
14 45 35
14 48 32
14 49 51
14 53 82
14 54 42
14 56 72
14 57 57
14 58 26
14 62 62
14 63 69
14 66 95
14 68 22
14 70 3
14 73 75
14 77 13
14 80 15
14 85 4
14 89 92
14 101 62
14 104 68
14 108 33
14 109 20
14 111 57
14 112 25
14 114 74
14 118 25
14 120 58
14 123 32
14 125 73
14 130 15
14 134 68
14 137 40
14 138 75
14 142 18
14 146 83
14 149 51
14 150 81
15 17 100
15 19 58
15 23 23
15 24 100
15 25 4
15 27 89
15 30 23
15 33 28
15 37 13
15 38 2
15 39 78
15 41 24
15 43 62
15 44 36
15 45 77
15 51 32
15 55 84
15 56 42
15 57 82
15 59 20
15 61 77
15 62 65
15 63 54
15 65 77
15 67 57
15 68 79
15 73 59
15 74 88
15 75 88
15 78 45
15 82 18
15 86 92
15 88 92
15 90 58
15 95 20
15 96 13
15 98 65
15 101 26
15 102 21
15 108 32
15 110 2
15 113 15
15 116 35
15 117 36
15 118 81
15 119 52
15 120 6
15 123 30
15 126 15
15 129 53
15 131 83
15 133 12
15 136 13
15 138 47
15 141 17
15 146 71
15 149 7
16 17 75
16 19 95
16 20 3
16 21 25
16 22 4
16 23 75
16 24 62
16 26 20
16 28 86
16 29 16
16 33 60
16 35 98
16 37 54
16 39 57
16 42 83
16 44 3
16 45 69
16 46 98
16 50 9
16 51 100
16 55 95
16 56 32
16 61 86
16 63 15
16 66 91
16 67 40
16 69 80
16 72 82
16 73 37
16 74 79
16 77 9
16 79 15
16 80 91
16 81 16
16 84 26
16 87 27
16 88 27
16 98 1
16 99 93
16 103 90
16 105 11
16 106 33
16 107 45
16 108 4
16 110 49
16 115 89
16 118 42
16 121 78
16 129 55
16 130 8
16 135 14
16 136 56
16 140 64
16 141 38
16 143 57
16 148 69
17 24 24
17 26 69
17 40 81
17 43 89
17 44 40
17 46 84
17 47 62
17 48 6
17 49 10
17 53 82
17 54 97
17 68 20
17 71 72
17 75 70
17 81 78
17 85 18
17 86 67
17 89 6
17 91 68
17 92 75
17 93 10
17 95 53
17 97 7
17 99 92
17 101 23
17 102 94
17 103 99
17 110 60
17 112 13
17 113 8
17 115 2
17 116 61
17 117 9
17 118 41
17 119 46
17 121 63
17 125 65
17 126 62
17 131 16
17 132 97
17 134 34
17 136 37
17 137 57
17 141 76
17 147 93
17 149 33
17 150 46
18 19 97
18 23 23
18 24 63
18 28 37
18 30 36
18 33 82
18 44 45
18 45 53
18 46 63
18 58 89
18 59 33
18 60 79
18 61 9
18 68 64
18 71 44
18 77 94
18 79 21
18 80 71
18 83 99
18 85 51
18 88 15
18 91 5
18 92 21
18 94 84
18 104 23
18 106 85
18 111 55
18 112 23
18 115 27
18 116 54
18 117 88
18 118 40
18 120 14
18 122 55
18 126 46
18 131 60
18 132 42
18 133 35
18 134 64
18 138 65
18 139 60
18 143 48
18 148 7
18 150 23
19 21 61
19 22 86
19 24 98
19 26 51
19 28 37
19 29 80
19 31 8
19 33 41
19 37 89
19 44 46
19 45 69
19 46 87
19 48 66
19 49 50
19 51 42
19 52 67
19 56 2
19 62 7
19 68 98
19 70 88
19 73 35
19 74 59
19 76 26
19 79 66
19 81 6
19 83 20
19 85 39
19 91 83
19 95 84
19 97 67
19 98 55
19 99 49
19 100 30
19 102 94
19 104 80
19 105 28
19 108 33
19 110 30
19 112 76
19 113 47
19 118 22
19 121 93
19 122 53
19 125 25
19 126 68
19 128 18
19 133 63
19 137 64
19 140 93
19 142 55
19 143 83
19 144 69
19 148 64
19 149 35
19 150 7
20 22 43
20 25 4
20 28 14
20 29 95
20 30 20
20 31 85
20 37 61
20 38 65
20 39 88
20 43 34
20 44 78
20 45 16
20 49 19
20 50 99
20 52 78
20 54 74
20 55 93
20 59 9
20 61 70
20 62 18
20 63 8
20 68 78
20 70 16
20 71 23
20 72 54
20 80 35
20 82 8
20 83 64
20 85 15
20 92 70
20 104 27
20 106 82
20 115 100
20 117 57
20 123 76
20 128 83
20 130 45
20 131 93
20 134 97
20 135 71
20 138 11
20 142 51
20 145 16
20 146 81
20 148 86
20 149 9
21 32 73
21 34 16
21 36 5
21 37 12
21 38 81
21 41 23
21 43 64
21 44 85
21 46 21
21 48 23
21 51 79
21 54 68
21 56 61
21 59 56
21 61 48
21 63 2
21 65 58
21 66 90
21 67 5
21 71 73
21 75 66
21 76 21
21 77 89
21 80 31
21 83 44
21 85 15
21 86 64
21 90 13
21 94 81
21 97 73
21 98 7
21 105 92
21 108 4
21 110 80
21 114 48
21 116 29
21 119 54
21 120 70
21 122 98
21 123 63
21 124 77
21 128 79
21 133 43
21 137 25
21 142 61
21 150 59
22 24 78
22 26 93
22 31 15
22 32 30
22 33 97
22 34 30
22 35 29
22 36 54
22 37 99
22 40 47
22 43 67
22 44 29
22 48 43
22 49 44
22 55 39
22 56 98
22 57 70
22 62 34
22 66 9
22 70 100
22 72 16
22 73 52
22 77 62
22 88 86
22 90 79
22 91 97
22 92 84
22 94 63
22 95 69
22 101 76
22 102 13
22 103 25
22 104 41
22 107 74
22 108 52
22 111 26
22 112 74
22 113 43
22 115 22
22 120 42
22 122 58
22 124 100
22 125 31
22 127 81
22 130 8
22 131 43
22 134 6
22 136 55
22 137 91
22 139 28
22 141 47
22 148 25
22 149 68
23 26 50
23 27 10
23 29 70
23 33 57
23 36 25
23 38 98
23 39 14
23 41 42
23 42 94
23 45 79
23 50 53
23 54 87
23 55 86
23 58 95
23 60 41
23 68 66
23 69 20
23 71 4
23 72 69
23 75 35
23 83 92
23 85 33
23 86 23
23 87 54
23 90 35
23 94 78
23 96 28
23 100 57
23 101 79
23 102 54
23 103 77
23 104 83
23 107 75
23 108 94
23 109 15
23 112 12
23 113 99
23 115 70
23 122 87
23 124 93
23 127 58
23 133 35
23 134 62
23 139 26
23 140 58
23 142 73
23 146 59
23 150 38
24 25 71
24 30 4
24 33 93
24 34 16
24 35 45
24 38 5
24 39 2
24 43 1
24 46 54
24 49 96
24 53 1
24 55 28
24 57 48
24 60 66
24 63 42
24 64 98
24 69 46
24 70 19
24 72 33
24 76 92
24 77 11
24 78 35
24 79 81
24 80 47
24 81 55
24 86 88
24 87 59
24 89 37
24 91 50
24 93 59
24 94 49
24 102 14
24 104 90
24 109 90
24 110 42
24 115 94
24 116 33
24 120 3
24 121 28
24 126 59
24 128 39
24 129 43
24 133 55
24 134 35
24 138 70
24 139 37
24 140 96
24 142 93
24 143 86
24 144 93
24 145 45
24 147 45
24 150 76
25 26 42
25 27 33
25 32 31
25 35 56
25 37 63
25 46 86
25 49 21
25 51 82
25 52 96
25 53 62
25 54 69
25 60 74
25 64 85
25 65 79
25 68 38
25 70 8
25 72 67
25 74 68
25 77 29
25 78 26
25 83 86
25 85 31
25 88 1
25 91 74
25 93 68
25 94 6
25 114 85
25 118 85
25 120 3
25 124 17
25 126 83
25 127 8
25 128 49
25 130 61
25 131 79
25 133 79
25 140 30
25 141 34
25 142 91
25 145 87
25 146 78
25 147 22
25 148 90
26 29 46
26 30 22
26 35 22
26 36 98
26 38 72
26 39 16
26 41 73
26 46 3
26 49 80
26 50 13
26 51 99
26 53 80
26 57 86
26 62 32
26 64 32
26 65 35
26 67 44
26 69 99
26 70 5
26 71 34
26 72 64
26 73 79
26 79 63
26 83 46
26 84 48
26 88 35
26 91 3
26 95 70
26 96 23
26 99 54
26 101 9
26 107 99
26 110 17
26 118 51
26 120 55
26 121 3
26 122 97
26 123 18
26 125 99
26 127 54
26 129 94
26 130 62
26 132 68
26 140 2
26 141 52
26 142 22
26 143 21
26 144 44
26 147 89
26 148 20
27 32 66
27 34 70
27 35 36
27 38 61
27 40 99
27 42 11
27 43 58
27 44 47
27 45 79
27 46 6
27 51 83
27 52 75
27 54 39
27 55 3
27 56 48
27 66 31
27 67 32
27 78 49
27 87 22
27 93 27
27 96 88
27 101 76
27 104 39
27 105 70
27 109 86
27 113 86
27 114 1
27 116 17
27 117 49
27 118 41
27 126 82
27 129 47
27 130 34
27 132 91
27 133 46
27 134 3
27 137 3
27 138 82
27 140 72
27 141 30
27 142 68
27 143 56
27 149 55
27 150 72
28 33 32
28 34 41
28 38 6
28 40 74
28 44 41
28 45 11
28 48 75
28 52 99
28 56 99
28 64 90
28 65 61
28 68 22
28 70 50
28 72 89
28 73 80
28 75 7
28 77 3
28 79 80
28 84 74
28 86 92
28 90 47
28 92 36
28 97 64
28 101 17
28 105 15
28 108 58
28 109 83
28 111 85
28 112 94
28 113 51
28 114 33
28 117 49
28 118 58
28 123 41
28 124 32
28 126 94
28 129 91
28 133 81
28 135 47
28 140 7
28 141 11
28 142 97
28 149 72
29 30 3
29 32 79
29 34 24
29 35 83
29 40 37
29 44 56
29 46 21
29 49 39
29 50 33
29 51 59
29 53 71
29 56 73
29 57 77
29 58 50
29 59 85
29 60 52
29 63 94
29 64 89
29 65 26
29 67 17
29 69 23
29 71 71
29 74 89
29 75 25
29 76 17
29 77 10
29 79 96
29 82 12
29 83 43
29 89 90
29 90 27
29 91 22
29 92 64
29 94 39
29 97 57
29 98 25
29 102 76
29 106 8
29 108 81
29 110 60
29 111 100
29 119 79
29 120 71
29 122 61
29 123 62
29 125 76
29 129 99
29 130 53
29 132 14
29 133 10
29 135 100
29 137 27
29 138 48
29 139 94
29 140 53
29 142 58
29 145 53
29 146 29
29 147 16
30 42 25
30 47 22
30 49 84
30 52 68
30 56 18
30 57 91
30 58 40
30 63 63
30 64 9
30 66 91
30 67 53
30 70 77
30 71 17
30 74 80
30 75 63
30 76 96
30 78 3
30 81 80
30 82 60
30 83 54
30 89 89
30 91 24
30 92 86
30 95 82
30 96 22
30 98 96
30 100 7
30 101 42
30 103 55
30 105 19
30 106 96
30 110 30
30 111 86
30 119 68
30 123 9
30 125 75
30 132 22
30 133 5
30 135 17
30 136 18
30 138 39
30 142 92
30 150 35
31 33 96
31 34 95
31 36 7
31 39 89
31 40 57
31 41 13
31 42 49
31 45 58
31 48 47
31 51 1
31 52 20
31 55 49
31 57 1
31 58 32
31 65 61
31 68 26
31 70 66
31 73 27
31 74 78
31 75 55
31 79 47
31 81 16
31 82 48
31 86 99
31 87 61
31 91 4
31 96 64
31 100 72
31 101 44
31 108 22
31 110 55
31 111 10
31 113 40
31 116 45
31 117 25
31 122 40
31 127 13
31 129 85
31 131 63
31 132 68
31 133 79
31 134 72
31 135 13
31 138 9
31 142 34
31 143 40
31 144 63
31 147 83
31 148 79
31 149 9
31 150 29
32 33 43
32 37 47
32 38 68
32 39 56
32 53 61
32 54 22
32 56 41
32 57 42
32 59 43
32 60 67
32 62 59
32 63 51
32 65 60
32 66 10
32 67 15
32 68 3
32 70 73
32 73 8
32 74 81
32 78 70
32 79 19
32 80 83
32 84 73
32 86 9
32 88 17
32 90 23
32 92 80
32 93 26
32 98 88
32 106 94
32 107 56
32 109 32
32 113 91
32 116 3
32 118 3
32 120 87
32 122 14
32 126 4
32 127 44
32 128 100
32 134 26
32 135 62
32 137 22
32 145 60
33 34 50
33 35 85
33 36 13
33 38 49
33 41 70
33 43 63
33 44 1
33 46 92
33 47 43
33 51 38
33 52 92
33 58 58
33 61 10
33 64 86
33 70 1
33 73 41
33 76 53
33 78 31
33 79 91
33 83 62
33 85 50
33 87 10
33 88 8
33 89 46
33 92 64
33 94 28
33 97 40
33 98 73
33 99 44
33 101 75
33 105 57
33 110 13
33 111 89
33 112 67
33 115 11
33 118 12
33 121 6
33 125 35
33 126 41
33 127 80
33 131 81
33 135 8
33 139 20
33 141 65
33 143 92
33 146 23
33 147 94
33 148 36
34 35 39
34 39 4
34 40 66
34 43 51
34 44 76
34 48 19
34 50 91
34 51 96
34 53 32
34 54 59
34 55 54
34 57 26
34 63 55
34 67 38
34 70 47
34 71 49
34 72 37
34 73 34
34 74 54
34 75 52
34 78 27
34 82 84
34 85 13
34 90 17
34 91 99
34 95 66
34 96 14
34 100 84
34 103 84
34 106 26
34 107 67
34 108 92
34 109 6
34 112 84
34 116 20
34 120 69
34 121 46
34 123 76
34 126 33
34 127 36
34 128 59
34 129 88
34 131 12
34 138 44
34 142 66
34 147 51
34 149 37
35 43 56
35 47 4
35 49 62
35 51 82
35 54 56
35 58 47
35 59 69
35 60 62
35 62 99
35 65 86
35 67 20
35 68 97
35 71 59
35 73 95
35 74 3
35 75 65
35 81 29
35 84 4
35 92 25
35 95 9
35 99 21
35 101 54
35 103 17
35 108 61
35 117 41
35 118 90
35 120 49
35 138 55
35 139 26
35 141 15
35 143 19
35 147 20
35 148 68
35 149 9
36 37 16
36 38 5
36 42 54
36 44 10
36 45 9
36 47 86
36 49 2
36 55 90
36 57 33
36 58 19
36 60 35
36 65 33
36 67 3
36 68 46
36 69 16
36 73 23
36 74 4
36 78 24
36 80 41
36 84 53
36 85 13
36 92 20
36 95 67
36 99 2
36 111 17
36 114 65
36 115 57
36 116 50
36 117 98
36 119 82
36 125 39
36 132 50
36 133 65
36 135 6
36 136 13
36 137 67
36 140 86
36 141 41
36 143 78
36 145 61
36 148 9
36 149 46
36 150 59
37 38 100
37 40 65
37 43 55
37 45 91
37 48 28
37 56 86
37 58 42
37 59 85
37 63 15
37 64 26
37 65 44
37 66 42
37 68 91
37 70 42
37 75 42
37 77 70
37 80 64
37 81 4
37 83 99
37 84 22
37 85 8
37 87 4
37 89 28
37 90 76
37 91 61
37 94 75
37 99 29
37 100 72
37 101 26
37 102 99
37 108 80
37 109 62
37 113 6
37 114 96
37 115 13
37 116 40
37 118 87
37 120 18
37 122 52
37 127 60
37 130 50
37 131 72
37 132 31
37 133 50
37 134 37
37 135 37
37 136 49
37 138 86
37 142 83
37 144 69
37 150 84
38 39 85
38 40 84
38 41 50
38 42 16
38 44 53
38 47 20
38 53 80
38 58 34
38 60 92
38 62 77
38 63 80
38 64 91
38 65 98
38 66 27
38 70 94
38 72 96
38 75 23
38 78 32
38 80 89
38 81 2
38 82 18
38 83 55
38 87 64
38 89 39
38 90 18
38 93 79
38 94 93
38 97 12
38 101 67
38 104 69
38 107 50
38 108 57
38 111 36
38 113 97
38 114 5
38 115 91
38 117 39
38 121 92
38 123 53
38 130 24
38 131 23
38 132 50
38 133 62
38 134 98
38 136 46
38 138 41
38 142 40
38 144 39
38 146 54
38 149 66
39 42 63
39 45 44
39 46 97
39 48 47
39 54 86
39 57 27
39 58 58
39 60 68
39 62 41
39 63 18
39 68 96
39 72 28
39 73 45
39 74 73
39 77 89
39 78 15
39 84 79
39 86 90
39 88 24
39 89 80
39 93 67
39 97 57
39 98 29
39 100 97
39 103 71
39 109 11
39 110 25
39 113 44
39 119 21
39 124 52
39 128 84
39 131 37
39 132 10
39 135 47
39 137 71
39 139 74
39 140 56
39 141 35
39 143 68
39 145 44
39 148 4
39 149 95
40 42 74
40 43 37
40 46 41
40 49 33
40 53 88
40 55 68
40 56 33
40 58 4
40 59 66
40 62 43
40 63 45
40 64 18
40 66 53
40 67 66
40 70 90
40 71 37
40 72 9
40 73 97
40 74 9
40 76 35
40 77 100
40 88 93
40 90 78
40 91 72
40 92 88
40 98 54
40 101 93
40 107 14
40 112 44
40 114 4
40 117 15
40 123 48
40 126 11
40 132 11
40 133 40
40 134 92
40 139 49
40 140 69
40 141 59
40 145 78
40 147 97
40 149 15
41 42 14
41 43 1
41 44 30
41 46 93
41 47 30
41 48 62
41 50 96
41 53 85
41 56 45
41 59 100
41 60 24
41 63 82
41 64 42
41 69 92
41 70 38
41 79 89
41 80 76
41 87 12
41 89 77
41 91 65
41 92 24
41 93 51
41 94 12
41 96 22
41 97 62
41 99 11
41 100 97
41 102 35
41 106 81
41 107 89
41 109 16
41 110 52
41 111 14
41 115 3
41 119 90
41 120 65
41 123 61
41 124 15
41 125 82
41 126 16
41 128 84
41 130 74
41 133 83
41 135 20
41 136 71
41 139 91
41 143 42
41 150 24
42 45 25
42 46 21
42 47 49
42 50 52
42 53 90
42 55 69
42 56 1
42 57 6
42 58 62
42 59 19
42 60 37
42 62 70
42 63 67
42 65 30
42 66 65
42 67 100
42 69 77
42 70 65
42 72 65
42 73 53
42 74 47
42 75 52
42 78 24
42 80 33
42 82 26
42 95 61
42 97 2
42 99 26
42 101 2
42 102 77
42 114 57
42 115 52
42 118 2
42 121 56
42 122 82
42 126 55
42 129 61
42 133 87
42 135 83
42 139 67
42 143 19
42 148 89
43 45 45
43 47 45
43 48 46
43 50 89
43 53 54
43 54 2
43 57 6
43 60 96
43 63 65
43 64 7
43 65 66
43 66 1
43 67 91
43 72 49
43 73 75
43 74 27
43 75 49
43 76 45
43 79 7
43 80 8
43 81 95
43 84 99
43 86 72
43 88 33
43 92 96
43 94 82
43 97 62
43 99 24
43 101 10
43 103 97
43 105 7
43 106 25
43 107 26
43 112 36
43 115 90
43 119 87
43 123 20
43 126 89
43 127 23
43 128 94
43 131 34
43 132 40
43 135 61
43 137 31
43 141 60
43 142 8
43 143 2
43 146 16
43 148 16
43 149 20
44 47 45
44 50 66
44 54 22
44 55 2
44 56 98
44 57 63
44 58 77
44 62 47
44 69 40
44 70 82
44 72 86
44 74 25
44 76 87
44 78 17
44 79 42
44 81 17
44 82 33
44 83 19
44 86 13
44 91 70
44 92 61
44 95 19
44 96 22
44 101 10
44 102 51
44 107 43
44 109 69
44 113 38
44 114 83
44 119 30
44 120 43
44 124 13
44 127 75
44 129 2
44 131 9
44 132 68
44 133 62
44 134 4
44 136 81
44 138 65
44 140 94
44 142 23
44 143 53
44 144 100
44 146 30
44 147 100
45 47 53
45 48 21
45 49 5
45 53 64
45 54 97
45 56 71
45 69 30
45 71 60
45 72 41
45 74 53
45 79 93
45 81 56
45 88 98
45 89 82
45 90 44
45 92 30
45 98 73
45 100 21
45 101 92
45 105 23
45 107 83
45 111 37
45 114 99
45 115 60
45 116 55
45 117 87
45 121 82
45 123 37
45 125 67
45 127 52
45 128 100
45 130 61
45 132 6
45 133 6
45 138 41
45 147 54
45 150 6
46 47 82
46 48 89
46 52 71
46 53 11
46 54 47
46 56 42
46 59 31
46 60 97
46 61 21
46 62 50
46 63 13
46 64 80
46 68 2
46 71 91
46 72 23
46 74 98
46 76 21
46 78 13
46 81 96
46 83 58
46 91 23
46 92 59
46 93 80
46 95 36
46 101 48
46 105 77
46 108 51
46 113 31
46 118 8
46 124 10
46 127 58
46 130 39
46 131 57
46 134 44
46 135 55
46 137 50
46 142 99
46 145 37
46 146 73
46 147 84
46 150 28
47 48 35
47 54 51
47 56 6
47 59 44
47 62 39
47 63 7
47 64 32
47 67 70
47 68 48
47 69 55
47 72 77
47 73 64
47 76 16
47 77 97
47 79 7
47 80 8
47 85 36
47 86 36
47 87 94
47 93 78
47 101 59
47 104 100
47 105 27
47 106 96
47 108 36
47 109 49
47 110 22
47 112 88
47 114 45
47 117 85
47 118 38
47 120 16
47 123 21
47 124 81
47 125 24
47 131 31
47 132 60
47 136 1
47 140 30
47 141 47
47 147 86
47 148 88
47 149 22
48 50 33
48 52 94
48 58 9
48 60 22
48 65 68
48 70 45
48 71 81
48 72 4
48 74 38
48 75 44
48 79 2
48 87 24
48 96 25
48 103 81
48 104 18
48 106 64
48 108 70
48 111 64
48 114 44
48 115 96
48 116 47
48 121 55
48 124 66
48 129 45
48 131 90
48 133 14
48 136 59
48 139 3
48 140 71
48 142 49
48 147 51
48 148 13
48 149 9
48 150 38
49 53 80
49 54 38
49 56 68
49 57 32
49 60 26
49 62 96
49 65 10
49 68 64
49 70 12
49 73 99
49 74 92
49 75 67
49 78 1
49 79 66
49 80 99
49 81 98
49 82 1
49 83 69
49 84 28
49 86 95
49 88 44
49 89 63
49 90 28
49 92 3
49 94 62
49 99 27
49 101 17
49 102 34
49 103 51
49 104 3
49 109 9
49 110 69
49 111 52
49 113 38
49 114 99
49 115 72
49 117 80
49 118 67
49 119 3
49 120 26
49 121 62
49 124 47
49 128 48
49 129 76
49 130 77
49 133 39
49 134 98
49 139 25
49 141 96
49 142 53
49 143 56
49 144 44
49 147 62
49 149 97
49 150 73
50 55 25
50 58 96
50 59 2
50 65 29
50 66 73
50 67 10
50 68 13
50 73 94
50 74 97
50 76 89
50 77 53
50 78 15
50 80 48
50 81 58
50 84 60
50 85 15
50 88 35
50 90 33
50 91 93
50 100 30
50 102 8
50 103 17
50 105 88
50 109 27
50 112 87
50 113 94
50 114 72
50 118 71
50 121 75
50 122 54
50 123 5
50 130 63
50 131 56
50 132 80
50 133 15
50 135 86
50 140 28
50 142 67
50 143 31
50 144 39
50 146 57
50 150 19
51 53 67
51 56 82
51 59 20
51 60 27
51 64 79
51 66 20
51 67 91
51 71 11
51 73 99
51 74 62
51 76 30
51 79 87
51 80 10
51 82 46
51 83 1
51 86 67
51 93 38
51 95 52
51 96 28
51 102 77
51 103 22
51 107 49
51 110 72
51 111 35
51 112 7
51 115 41
51 117 25
51 118 9
51 119 15
51 123 51
51 125 38
51 126 62
51 127 62
51 128 30
51 132 68
51 133 52
51 134 99
51 137 73
51 138 24
51 139 77
51 142 84
51 146 73
52 53 4
52 56 65
52 65 18
52 67 59
52 68 83
52 69 16
52 72 74
52 73 93
52 74 19
52 75 67
52 80 51
52 81 61
52 82 6
52 86 28
52 91 69
52 95 74
52 96 40
52 97 39
52 100 59
52 102 64
52 105 33
52 106 74
52 112 71
52 118 38
52 120 31
52 121 82
52 124 74
52 127 62
52 128 6
52 131 82
52 133 54
52 135 81
52 141 75
52 144 58
52 145 9
52 146 27
52 147 89
52 149 82
52 150 44
53 62 90
53 66 92
53 70 69
53 72 84
53 75 62
53 76 62
53 78 29
53 79 5
53 80 83
53 84 48
53 85 9
53 86 1
53 87 10
53 93 43
53 95 60
53 97 100
53 98 98
53 100 29
53 104 53
53 109 6
53 110 74
53 113 2
53 114 73
53 115 53
53 116 43
53 121 81
53 123 50
53 124 71
53 125 27
53 128 52
53 131 57
53 132 60
53 133 20
53 137 22
53 138 3
53 139 65
53 140 11
53 145 54
53 146 71
53 148 20
53 149 98
54 56 37
54 58 32
54 59 70
54 62 14
54 65 38
54 67 65
54 73 53
54 76 72
54 78 6
54 80 87
54 81 97
54 82 25
54 85 60
54 92 54
54 94 97
54 97 52
54 98 29
54 103 96
54 109 89
54 111 71
54 114 44
54 118 58
54 120 73
54 121 85
54 125 51
54 126 60
54 127 26
54 128 93
54 130 3
54 134 39
54 135 46
54 136 17
54 137 12
54 141 41
54 150 51
55 56 58
55 61 15
55 62 47
55 63 1
55 67 96
55 70 82
55 73 51
55 76 2
55 78 28
55 79 17
55 82 82
55 83 68
55 84 70
55 87 2
55 94 13
55 98 5
55 99 58
55 114 100
55 115 73
55 116 94
55 120 56
55 121 43
55 125 33
55 127 25
55 129 33
55 131 56
55 132 89
55 133 20
55 134 44
55 137 6
55 138 44
55 139 53
55 140 78
55 142 64
55 143 81
55 144 84
55 146 21
55 147 86
55 148 59
56 57 28
56 59 75
56 61 73
56 62 26
56 64 66
56 69 92
56 70 67
56 73 24
56 74 8
56 75 1
56 77 75
56 78 17
56 80 61
56 81 84
56 82 98
56 83 83
56 84 14
56 85 72
56 87 53
56 93 34
56 97 40
56 100 26
56 101 97
56 102 54
56 103 87
56 109 73
56 114 99
56 119 52
56 121 86
56 123 3
56 125 5
56 126 58
56 128 13
56 130 94
56 131 40
56 133 34
56 136 37
56 138 57
56 139 41
56 143 22
56 146 97
56 150 68
57 58 27
57 62 16
57 71 94
57 74 12
57 77 17
57 78 61
57 80 17
57 81 51
57 82 16
57 84 92
57 85 70
57 99 80
57 102 81
57 107 7
57 109 3
57 111 56
57 112 37
57 113 79
57 116 51
57 118 83
57 119 9
57 122 48
57 125 74
57 131 38
57 133 65
57 134 92
57 141 79
57 146 42
57 149 21
57 150 15
58 64 30
58 67 83
58 69 2
58 73 9
58 74 96
58 76 82
58 78 29
58 81 51
58 84 77
58 87 28
58 89 99
58 90 86
58 94 24
58 96 30
58 104 27
58 105 76
58 107 83
58 109 83
58 110 74
58 112 9
58 113 53
58 115 36
58 116 94
58 117 99
58 118 66
58 119 83
58 120 39
58 122 95
58 126 44
58 127 1
58 128 34
58 129 13
58 134 48
58 138 4
58 139 100
58 144 95
58 150 92
59 60 42
59 63 22
59 67 1
59 69 53
59 70 22
59 73 94
59 78 67
59 86 100
59 93 46
59 98 76
59 100 41
59 102 39
59 106 37
59 109 97
59 113 23
59 117 99
59 118 94
59 119 15
59 124 68
59 126 45
59 128 94
59 130 98
59 131 74
59 132 74
59 135 79
59 137 50
59 138 60
59 139 1
59 140 76
59 142 70
59 146 46
59 149 55
60 61 78
60 67 66
60 71 47
60 76 20
60 79 1
60 81 61
60 82 47
60 87 56
60 88 86
60 91 56
60 93 52
60 96 75
60 97 78
60 103 58
60 106 27
60 107 82
60 113 78
60 118 86
60 121 65
60 124 87
60 129 18
60 134 6
60 140 25
60 143 64
60 149 42
61 63 66
61 64 92
61 66 82
61 68 6
61 70 64
61 71 38
61 74 38
61 75 93
61 76 97
61 77 11
61 78 94
61 79 63
61 81 90
61 82 42
61 83 27
61 85 77
61 92 86
61 96 18
61 97 73
61 99 83
61 101 30
61 106 96
61 110 8
61 113 90
61 119 75
61 121 78
61 123 57
61 125 54
61 127 39
61 128 24
61 130 81
61 134 93
61 143 9
61 144 6
61 149 37
62 63 10
62 66 86
62 67 9
62 68 61
62 69 11
62 70 29
62 72 95
62 74 17
62 75 100
62 81 57
62 82 10
62 84 57
62 85 69
62 86 2
62 88 6
62 89 71
62 90 4
62 94 99
62 98 70
62 100 8
62 101 58
62 103 73
62 105 97
62 109 43
62 111 67
62 112 29
62 114 99
62 115 94
62 117 87
62 121 76
62 123 81
62 125 80
62 126 6
62 128 76
62 129 38
62 131 23
62 132 28
62 134 89
62 136 18
62 137 97
62 138 57
62 141 3
62 146 15
62 147 8
62 149 6
62 150 73
63 65 49
63 67 88
63 71 44
63 73 77
63 74 18
63 75 58
63 77 77
63 78 76
63 80 97
63 84 22
63 85 20
63 89 11
63 93 88
63 99 99
63 100 71
63 101 42
63 102 47
63 103 22
63 104 58
63 111 80
63 116 33
63 121 100
63 122 60
63 123 16
63 124 78
63 125 1
63 130 34
63 131 27
63 134 64
63 136 82
63 137 44
63 138 21
63 144 18
64 68 3
64 69 88
64 73 61
64 75 97
64 76 86
64 79 20
64 81 41
64 86 72
64 88 4
64 90 59
64 93 9
64 98 74
64 102 34
64 103 74
64 105 52
64 117 72
64 119 38
64 123 28
64 127 64
64 128 69
64 135 70
64 140 85
64 142 43
64 146 85
64 148 78
65 68 90
65 72 98
65 77 56
65 79 45
65 82 90
65 83 24
65 85 25
65 86 99
65 90 25
65 93 64
65 94 83
65 99 91
65 107 34
65 108 80
65 109 66
65 110 3
65 111 54
65 114 78
65 115 25
65 117 13
65 118 51
65 122 45
65 124 73
65 130 31
65 131 35
65 134 79
65 135 86
65 140 99
65 141 64
65 142 37
65 143 82
65 144 29
65 147 45
66 67 93
66 68 15
66 72 53
66 73 42
66 82 31
66 85 70
66 87 21
66 90 35
66 93 53
66 94 65
66 98 76
66 99 22
66 103 12
66 104 61
66 105 29
66 107 81
66 113 39
66 117 22
66 118 100
66 119 39
66 121 36
66 122 97
66 126 77
66 127 31
66 128 94
66 129 8
66 130 47
66 136 61
66 144 96
66 146 72
66 149 46
66 150 47
67 69 30
67 73 8
67 75 95
67 76 3
67 79 96
67 80 46
67 86 53
67 87 19
67 93 79
67 95 25
67 96 87
67 97 82
67 98 56
67 99 17
67 100 34
67 101 10
67 102 39
67 104 59
67 107 85
67 108 10
67 111 46
67 115 80
67 116 86
67 122 49
67 123 39
67 124 70
67 127 29
67 129 97
67 130 21
67 131 32
67 133 96
67 135 50
67 137 8
67 139 73
67 140 9
67 141 92
68 71 55
68 73 23
68 75 23
68 80 43
68 81 40
68 82 17
68 83 34
68 84 7
68 85 41
68 90 85
68 91 72
68 97 60
68 100 44
68 102 19
68 103 39
68 106 65
68 111 14
68 113 63
68 115 94
68 116 12
68 119 46
68 120 59
68 121 37
68 122 97
68 132 70
68 138 27
68 139 11
68 140 28
68 142 11
68 145 57
68 146 80
68 149 41
69 70 21
69 74 85
69 78 58
69 79 17
69 87 18
69 89 38
69 90 26
69 92 11
69 93 23
69 94 70
69 99 69
69 100 42
69 105 69
69 107 30
69 118 22
69 119 53
69 123 13
69 124 38
69 133 47
69 135 34
69 136 42
69 137 32
69 140 98
69 143 31
69 146 30
69 147 11
69 149 52
70 73 35
70 75 67
70 84 66
70 86 58
70 87 59
70 88 1
70 89 82
70 92 34
70 93 54
70 95 18
70 96 67
70 97 99
70 102 81
70 105 33
70 110 29
70 111 87
70 113 3
70 115 99
70 117 88
70 118 83
70 119 97
70 121 38
70 123 59
70 127 57
70 128 50
70 129 29
70 132 26
70 133 34
70 140 22
70 145 77
70 148 40
70 149 29
70 150 74
71 74 16
71 79 5
71 81 82
71 82 77
71 83 79
71 86 12
71 87 29
71 92 97
71 93 10
71 96 75
71 104 23
71 107 79
71 108 44
71 109 66
71 111 9
71 112 24
71 115 37
71 118 90
71 119 64
71 121 49
71 127 34
71 129 84
71 131 80
71 139 76
71 145 44
71 149 19
72 74 83
72 76 66
72 79 68
72 92 62
72 93 9
72 97 72
72 98 1
72 99 22
72 101 91
72 102 5
72 103 57
72 104 91
72 105 21
72 108 57
72 109 8
72 110 10
72 113 5
72 115 58
72 116 65
72 117 71
72 120 96
72 122 1
72 123 1
72 127 58
72 131 11
72 133 62
72 134 64
72 135 83
72 136 18
72 137 11
72 139 72
72 140 24
72 141 48
72 143 72
72 146 74
72 147 1
72 149 96
72 150 55
73 74 67
73 76 78
73 81 33
73 83 2
73 86 93
73 87 90
73 90 35
73 91 48
73 95 94
73 98 52
73 104 53
73 105 97
73 107 79
73 108 76
73 114 88
73 115 62
73 117 5
73 119 36
73 121 20
73 127 27
73 128 32
73 129 99
73 131 14
73 135 12
73 137 8
73 139 66
73 148 22
73 149 23
74 80 92
74 83 94
74 86 85
74 88 11
74 90 66
74 92 23
74 95 21
74 96 70
74 98 13
74 99 99
74 100 77
74 101 73
74 103 39
74 104 26
74 105 67
74 108 52
74 110 30
74 111 82
74 112 96
74 118 67
74 121 42
74 123 71
74 128 68
74 131 60
74 132 35
74 134 63
74 137 63
74 138 17
74 139 57
74 141 47
74 142 37
74 146 45
75 76 41
75 77 15
75 78 80
75 79 73
75 83 88
75 85 54
75 87 68
75 90 41
75 91 61
75 92 80
75 93 24
75 95 78
75 96 66
75 98 65
75 103 17
75 104 27
75 106 22
75 107 83
75 111 45
75 113 31
75 114 59
75 115 11
75 118 7
75 120 32
75 121 84
75 122 62
75 126 26
75 127 69
75 129 100
75 131 75
75 132 12
75 137 40
75 138 35
75 142 55
75 144 1
75 145 14
75 146 43
75 148 12
75 149 40
76 77 72
76 79 35
76 82 88
76 85 47
76 88 100
76 93 98
76 99 62
76 104 42
76 105 81
76 112 29
76 113 96
76 114 9
76 116 45
76 121 23
76 123 43
76 124 17
76 127 1
76 129 93
76 131 98
76 133 21
76 134 88
76 136 96
76 141 92
76 142 20
76 143 16
76 148 12
77 79 24
77 81 89
77 83 73
77 84 14
77 85 3
77 87 12
77 88 27
77 90 22
77 93 13
77 96 36
77 98 13
77 101 9
77 102 55
77 103 34
77 106 85
77 107 19
77 109 26
77 112 46
77 114 36
77 115 27
77 118 85
77 120 51
77 121 51
77 122 56
77 123 16
77 124 45
77 128 27
77 129 45
77 132 96
77 134 23
77 141 2
77 142 7
77 145 76
77 147 98
77 150 28
78 79 19
78 82 63
78 84 16
78 89 52
78 93 61
78 95 6
78 98 64
78 99 40
78 100 69
78 103 52
78 104 7
78 105 40
78 106 18
78 112 14
78 115 62
78 116 35
78 118 58
78 123 78
78 126 54
78 127 65
78 138 21
78 141 13
78 144 32
78 145 36
78 150 64
79 81 35
79 85 84
79 86 53
79 88 89
79 94 28
79 97 58
79 98 37
79 99 51
79 103 55
79 106 17
79 108 15
79 109 50
79 114 46
79 116 63
79 119 87
79 127 70
79 129 94
79 130 57
79 131 28
79 133 8
79 138 1
79 140 39
79 141 94
79 142 18
79 144 55
79 145 29
80 81 14
80 82 59
80 84 80
80 87 51
80 91 54
80 94 57
80 95 37
80 97 36
80 99 72
80 100 57
80 101 58
80 102 17
80 104 25
80 109 90
80 110 61
80 112 86
80 115 93
80 118 52
80 121 64
80 126 35
80 128 46
80 129 63
80 130 61
80 132 30
80 133 62
80 136 39
80 137 66
80 140 91
80 145 56
80 147 1
80 148 28
80 150 35
81 95 88
81 96 91
81 98 2
81 99 81
81 101 5
81 103 43
81 106 94
81 110 49
81 111 29
81 113 99
81 121 69
81 126 21
81 128 77
81 131 65
81 137 23
81 138 82
81 139 56
81 140 4
81 142 29
81 144 80
81 145 64
81 147 37
82 84 9
82 85 20
82 86 75
82 89 93
82 90 95
82 94 55
82 95 21
82 100 65
82 102 13
82 103 51
82 106 40
82 107 82
82 109 87
82 110 26
82 112 65
82 114 17
82 120 46
82 121 17
82 123 93
82 126 7
82 127 61
82 128 29
82 131 11
82 133 71
82 135 27
82 137 86
82 141 56
82 145 83
82 147 9
83 86 91
83 93 62
83 94 22
83 96 96
83 99 85
83 100 18
83 102 49
83 107 5
83 109 84
83 111 20
83 113 36
83 114 73
83 116 60
83 119 42
83 120 15
83 123 20
83 125 6
83 126 52
83 127 46
83 128 14
83 132 37
83 134 3
83 135 71
83 138 28
83 141 67
83 143 28
83 144 50
83 145 84
83 146 100
83 147 29
83 150 72
84 86 12
84 88 5
84 90 62
84 98 17
84 99 95
84 101 54
84 108 83
84 109 13
84 111 32
84 113 73
84 115 50
84 116 53
84 117 37
84 120 53
84 121 95
84 122 23
84 123 35
84 125 37
84 126 68
84 131 69
84 132 7
84 133 1
84 138 76
84 140 71
84 144 57
84 147 58
84 149 77
85 89 100
85 90 56
85 91 62
85 92 57
85 93 13
85 94 1
85 97 25
85 99 11
85 100 46
85 105 70
85 108 57
85 112 62
85 116 35
85 117 31
85 119 11
85 124 47
85 129 36
85 131 21
85 135 94
85 138 50
85 139 70
85 143 63
85 145 2
86 87 68
86 89 24
86 90 59
86 94 46
86 96 31
86 97 82
86 98 84
86 100 23
86 103 44
86 104 13
86 109 12
86 111 78
86 112 11
86 114 43
86 126 40
86 128 53
86 130 56
86 132 27
86 133 89
86 137 31
86 139 74
86 147 36
86 149 1
86 150 78
87 89 34
87 90 55
87 91 37
87 92 18
87 93 45
87 94 58
87 95 100
87 96 69
87 101 15
87 105 22
87 106 40
87 107 41
87 108 9
87 109 16
87 110 57
87 111 68
87 113 71
87 114 21
87 115 73
87 119 15
87 121 75
87 124 98
87 125 74
87 128 3
87 129 40
87 132 45
87 139 18
87 146 84
87 147 60
88 94 73
88 95 47
88 97 34
88 99 89
88 100 53
88 101 16
88 103 21
88 104 39
88 107 78
88 110 66
88 111 28
88 112 76
88 113 39
88 114 52
88 115 92
88 119 45
88 122 90
88 124 78
88 126 5
88 127 47
88 128 34
88 130 48
88 131 41
88 135 59
88 136 75
88 137 56
88 138 53
88 139 12
88 142 76
88 145 19
88 148 23
88 150 76
89 96 15
89 99 41
89 100 43
89 101 52
89 106 12
89 110 19
89 111 66
89 112 11
89 114 92
89 116 5
89 119 30
89 120 55
89 122 21
89 125 62
89 126 71
89 128 97
89 129 50
89 132 15
89 138 40
89 141 21
89 143 5
89 144 43
89 149 50
90 93 36
90 96 85
90 98 43
90 101 24
90 102 37
90 103 7
90 106 70
90 110 65
90 116 11
90 121 17
90 125 77
90 130 14
90 131 14
90 138 15
90 141 70
90 143 99
90 149 26
90 150 36
91 93 7
91 95 65
91 99 27
91 101 87
91 104 67
91 107 32
91 108 36
91 110 19
91 112 66
91 113 89
91 114 97
91 115 40
91 127 35
91 130 57
91 133 57
91 134 76
91 136 15
91 141 47
91 143 12
91 144 94
91 145 38
91 148 81
91 149 60
91 150 65
92 96 30
92 99 71
92 101 97
92 114 24
92 118 89
92 121 49
92 122 81
92 125 76
92 127 67
92 131 96
92 134 31
92 136 43
92 138 86
92 139 31
92 140 32
92 142 48
92 143 40
92 148 82
92 149 40
93 95 84
93 99 13
93 100 82
93 105 40
93 111 54
93 114 14
93 117 100
93 120 75
93 124 48
93 126 1
93 127 5
93 129 64
93 132 95
93 133 50
93 136 7
93 137 91
93 139 88
93 141 97
93 143 46
93 146 58
94 96 69
94 97 80
94 100 65
94 103 18
94 104 40
94 105 67
94 106 39
94 110 82
94 112 68
94 114 88
94 125 87
94 126 88
94 128 45
94 130 65
94 131 38
94 132 26
94 136 75
94 142 10
94 144 49
94 146 17
94 148 5
95 96 96
95 97 68
95 100 88
95 101 20
95 102 10
95 105 59
95 108 63
95 110 72
95 112 80
95 114 39
95 118 16
95 119 96
95 120 14
95 121 1
95 122 3
95 126 87
95 127 100
95 132 97
95 134 50
95 138 44
95 140 57
95 141 48
95 148 75
95 149 2
95 150 43
96 97 88
96 98 42
96 101 76
96 103 4
96 106 52
96 108 39
96 113 62
96 116 37
96 121 7
96 125 77
96 127 43
96 128 44
96 129 31
96 133 82
96 135 91
96 137 61
96 139 2
96 140 99
96 143 95
96 145 53
96 148 10
96 149 12
97 98 27
97 100 68
97 101 9
97 109 55
97 113 46
97 114 68
97 116 79
97 117 78
97 119 56
97 120 72
97 127 94
97 130 49
97 132 40
97 135 21
97 138 4
97 140 7
97 142 85
97 147 62
97 150 84
98 101 95
98 104 20
98 105 44
98 114 4
98 116 61
98 120 43
98 124 31
98 126 6
98 127 52
98 128 52
98 130 31
98 131 63
98 136 16
98 139 46
98 141 62
98 142 8
98 143 4
98 148 63
98 149 8
98 150 51
99 101 8
99 102 89
99 103 75
99 104 34
99 106 5
99 110 61
99 111 60
99 113 38
99 114 79
99 117 3
99 118 67
99 119 22
99 121 34
99 122 74
99 123 45
99 124 55
99 131 74
99 135 100
99 142 49
99 143 25
99 144 80
99 145 18
100 104 25
100 105 70
100 108 49
100 113 77
100 114 86
100 115 46
100 116 79
100 118 16
100 120 6
100 123 59
100 124 49
100 125 36
100 126 59
100 128 98
100 130 80
100 134 75
100 135 63
100 139 91
100 141 1
100 142 11
100 143 91
100 145 52
100 147 99
100 148 19
100 150 32
101 103 58
101 104 65
101 105 8
101 106 64
101 107 2
101 109 98
101 110 13
101 112 72
101 114 23
101 115 63
101 121 69
101 122 55
101 123 65
101 126 91
101 129 70
101 130 20
101 131 65
101 132 91
101 133 2
101 134 48
101 135 44
101 136 52
101 137 53
101 138 9
101 139 98
101 140 52
101 141 28
101 145 59
101 148 67
101 150 9
102 106 90
102 107 94
102 113 31
102 116 70
102 118 63
102 119 34
102 120 53
102 123 70
102 124 88
102 125 33
102 129 34
102 132 81
102 133 54
102 134 25
102 135 84
102 137 67
102 138 17
102 139 71
102 144 10
102 145 96
102 146 46
102 148 45
102 149 34
103 104 70
103 105 14
103 106 23
103 107 94
103 114 62
103 117 58
103 126 29
103 127 100
103 129 99
103 130 78
103 131 27
103 132 46
103 133 68
103 135 65
103 136 63
103 139 20
103 143 20
103 146 52
103 148 1
103 149 2
103 150 67
104 105 82
104 106 71
104 107 9
104 108 71
104 110 49
104 121 12
104 123 47
104 125 2
104 126 14
104 131 2
104 136 52
104 145 86
104 149 69
105 106 97
105 109 38
105 111 61
105 115 18
105 118 49
105 119 50
105 122 54
105 124 28
105 126 78
105 127 87
105 128 66
105 130 89
105 137 16
105 139 95
105 140 100
105 141 5
105 143 97
105 145 56
105 147 17
106 107 25
106 109 86
106 110 63
106 112 85
106 113 30
106 115 53
106 117 69
106 118 73
106 120 57
106 121 27
106 123 51
106 125 76
106 129 13
106 130 79
106 132 80
106 133 35
106 137 23
106 140 49
106 145 29
106 148 88
106 149 32
107 110 43
107 113 49
107 118 79
107 123 68
107 127 83
107 131 46
107 134 90
107 135 85
107 141 31
107 143 17
107 145 38
107 146 63
107 148 44
108 110 83
108 111 80
108 112 43
108 113 38
108 114 88
108 115 93
108 116 57
108 118 86
108 123 68
108 131 14
108 132 39
108 136 7
108 141 46
108 145 22
108 149 89
108 150 80
109 111 99
109 112 15
109 115 58
109 116 92
109 122 64
109 125 54
109 135 67
109 136 24
109 137 17
109 140 55
109 141 95
109 142 90
109 143 51
109 144 46
109 147 52
110 113 6
110 115 81
110 117 29
110 119 91
110 120 98
110 125 12
110 127 66
110 131 63
110 138 34
110 139 32
110 141 38
110 143 31
110 145 83
110 147 39
110 148 38
110 149 100
111 117 41
111 123 60
111 130 5
111 131 1
111 132 61
111 133 21
111 137 26
111 138 18
111 139 23
111 143 13
111 145 6
111 147 97
112 113 43
112 116 83
112 118 91
112 123 23
112 125 38
112 126 56
112 127 26
112 130 62
112 133 65
112 135 24
112 137 21
112 140 81
112 144 82
112 147 95
112 149 21
112 150 15
113 114 29
113 116 98
113 117 13
113 122 24
113 124 78
113 128 1
113 130 30
113 132 21
113 135 8
113 144 91
113 146 75
113 149 76
113 150 94
114 115 23
114 116 79
114 118 79
114 120 52
114 121 51
114 122 56
114 123 36
114 125 72
114 127 77
114 128 48
114 129 39
114 131 4
114 133 83
114 134 85
114 139 5
114 142 4
114 143 24
114 144 51
114 145 3
114 147 83
114 148 89
115 117 33
115 118 45
115 121 73
115 123 6
115 125 79
115 126 41
115 131 7
115 133 19
115 136 95
115 144 92
115 146 94
115 148 88
116 117 63
116 121 54
116 122 48
116 125 32
116 126 72
116 130 40
116 131 88
116 133 81
116 134 8
116 135 39
116 140 91
116 144 64
116 149 33
116 150 82
117 121 85
117 124 76
117 127 76
117 129 84
117 135 76
117 137 85
117 143 85
117 144 51
117 150 53
118 123 22
118 126 29
118 127 33
118 131 16
118 134 93
118 136 14
118 137 24
118 139 72
118 144 69
119 120 89
119 124 37
119 127 83
119 129 31
119 131 75
119 133 81
119 136 58
119 137 93
119 140 70
119 142 64
119 146 40
119 148 64
120 122 10
120 123 35
120 125 31
120 127 58
120 130 48
120 133 36
120 135 75
120 140 35
120 142 32
120 145 16
120 146 60
120 147 42
120 148 18
121 122 98
121 127 85
121 132 24
121 138 40
121 140 86
121 143 13
121 144 90
121 149 65
122 123 98
122 124 55
122 126 17
122 129 14
122 131 89
122 132 80
122 136 99
122 142 7
122 144 88
122 149 70
122 150 78
123 126 28
123 127 11
123 129 84
123 130 9
123 131 52
123 132 57
123 134 6
123 136 72
123 138 93
123 140 38
123 142 69
123 144 29
123 145 100
123 147 45
123 149 77
124 126 73
124 127 50
124 129 22
124 130 17
124 135 69
124 139 53
124 140 79
124 146 21
124 148 8
125 127 45
125 128 98
125 131 90
125 134 98
125 135 35
125 138 82
125 139 2
125 141 48
125 142 23
125 146 25
125 150 11
126 127 93
126 128 16
126 131 41
126 133 82
126 137 1
126 138 54
126 140 31
126 141 20
126 143 34
126 144 39
126 147 39
126 148 52
126 150 2
127 129 78
127 131 88
127 132 60
127 133 100
127 137 91
127 139 14
127 141 69
127 146 70
127 149 8
128 129 85
128 132 89
128 135 48
128 136 44
128 138 78
128 142 36
128 143 5
128 146 94
128 148 27
129 130 72
129 132 29
129 133 79
129 135 86
129 139 53
129 141 87
129 144 4
129 145 98
129 146 67
129 148 17
129 149 70
130 131 20
130 133 9
130 135 84
130 136 55
130 138 50
130 147 28
130 150 49
131 132 92
131 138 46
131 144 15
131 147 86
131 148 95
131 149 2
132 133 30
132 134 55
132 138 84
132 141 23
132 142 82
132 149 73
132 150 72
133 134 7
133 136 27
133 137 62
133 141 17
133 142 40
133 143 37
133 148 13
133 150 9
134 137 77
134 138 47
134 141 55
134 142 39
134 145 88
134 147 39
134 149 52
134 150 83
135 137 48
135 141 37
135 143 54
135 144 15
135 145 14
135 149 17
135 150 13
136 138 6
136 141 52
136 143 60
136 146 14
137 138 14
137 140 58
137 141 61
137 145 28
137 146 29
137 148 41
137 149 20
137 150 63
138 139 23
138 142 90
138 145 20
138 148 49
138 149 39
138 150 97
139 140 10
139 142 22
139 143 13
139 144 37
139 147 43
139 148 29
139 149 64
139 150 13
140 141 70
140 142 67
140 143 56
140 144 68
140 145 6
140 150 16
141 146 100
141 150 71
142 144 19
142 145 16
142 148 3
142 149 99
143 144 76
143 145 37
143 149 80
144 145 97
144 146 81
144 148 52
144 149 29
145 150 93
146 150 82
147 148 44
147 149 81
148 149 15
149 150 91
1 3 77
1 5 19
1 6 78
1 7 7
1 8 54
1 9 56
1 10 16
1 14 30
1 19 86
1 20 75
1 22 17
1 26 57
1 32 47
1 34 100
1 37 75
1 38 80
1 42 11
1 45 64
1 48 35
1 53 34
1 56 94
1 58 53
1 61 13
1 67 74
1 71 30
1 73 71
1 75 9
1 76 8
1 77 67
1 78 12
1 91 91
1 92 73
1 94 69
1 96 41
1 97 16
1 99 43
1 102 47
1 104 55
1 106 11
1 107 65
1 110 65
1 113 36
1 114 25
1 115 75
1 116 87
1 119 60
1 120 39
1 123 16
1 127 40
1 128 92
1 130 67
1 132 85
1 133 3
1 135 95
1 140 63
1 141 79
1 146 42
1 148 100
1 150 82
2 3 83
2 4 69
2 7 58
2 10 24
2 12 68
2 15 72
2 17 89
2 19 47
2 32 56
2 33 87
2 34 63
2 35 13
2 39 67
2 40 22
2 44 62
2 47 97
2 48 18
2 49 27
2 56 96
2 59 77
2 61 2
2 64 26
2 66 60
2 73 14
2 75 78
2 76 50
2 83 12
2 85 62
2 89 47
2 90 12
2 94 12
2 95 86
2 98 86
2 100 50
2 103 1
2 104 19
2 105 22
2 106 21
2 108 96
2 112 32
2 113 42
2 117 10
2 121 69
2 122 42
2 123 96
2 124 65
2 129 21
2 131 93
2 135 71
2 136 60
2 137 81
2 138 78
2 141 16
2 148 91
2 149 70
3 4 82
3 5 98
3 6 64
3 11 30
3 13 1
3 15 58
3 19 8
3 21 76
3 24 26
3 27 96
3 29 79
3 32 36
3 34 13
3 35 38
3 38 25
3 41 61
3 47 45
3 55 63
3 58 1
3 59 4
3 60 70
3 62 63
3 66 16
3 69 55
3 71 70
3 73 92
3 74 35
3 76 51
3 79 88
3 80 6
3 84 46
3 86 34
3 88 89
3 89 23
3 91 52
3 93 88
3 94 39
3 97 78
3 98 75
3 101 7
3 105 51
3 107 18
3 108 68
3 109 28
3 114 68
3 119 94
3 121 9
3 128 49
3 136 25
3 138 78
3 139 30
3 140 2
3 142 96
3 143 97
3 144 36
3 146 12
3 150 16
4 7 76
4 8 42
4 9 33
4 10 56
4 11 68
4 12 17
4 14 65
4 15 56
4 19 35
4 26 48
4 27 57
4 28 64
4 32 17
4 33 18
4 35 34
4 37 25
4 38 67
4 39 92
4 43 52
4 47 62
4 48 34
4 49 62
4 50 16
4 52 84
4 53 41
4 54 98
4 57 51
4 58 44
4 59 21
4 62 74
4 63 13
4 67 41
4 69 69
4 70 99
4 74 51
4 76 27
4 79 86
4 81 58
4 86 23
4 87 27
4 88 29
4 90 12
4 91 29
4 93 17
4 94 2
4 99 1
4 100 92
4 103 53
4 106 76
4 107 65
4 108 89
4 109 22
4 110 95
4 111 70
4 113 20
4 116 77
4 122 81
4 123 97
4 126 72
4 129 31
4 130 29
4 132 45
4 135 46
4 138 97
4 142 51
4 146 59
4 148 30
4 149 68
5 10 51
5 11 65
5 14 26
5 16 75
5 19 94
5 20 49
5 23 67
5 26 81
5 28 17
5 34 94
5 38 95
5 40 40
5 41 85
5 42 96
5 48 9
5 50 95
5 51 85
5 55 52
5 57 33
5 58 17
5 60 19
5 61 93
5 62 33
5 64 43
5 66 35
5 68 28
5 74 80
5 75 65
5 76 24
5 77 83
5 78 28
5 80 29
5 81 27
5 83 96
5 84 36
5 86 77
5 89 79
5 91 7
5 94 50
5 96 97
5 99 98
5 100 13
5 102 84
5 107 17
5 109 22
5 113 84
5 118 30
5 121 58
5 124 92
5 131 70
5 141 13
5 142 90
5 144 3
5 147 80
6 10 69
6 12 16
6 13 84
6 16 89
6 18 72
6 22 71
6 24 53
6 26 99
6 28 36
6 31 75
6 32 94
6 36 40
6 37 20
6 39 84
6 43 94
6 48 91
6 50 2
6 51 15
6 52 77
6 59 4
6 60 15
6 62 4
6 63 62
6 65 84
6 68 43
6 70 41
6 71 90
6 76 38
6 78 84
6 79 24
6 81 85
6 83 47
6 88 53
6 89 33
6 90 98
6 96 41
6 97 8
6 100 98
6 102 57
6 103 93
6 105 24
6 107 43
6 111 52
6 114 44
6 117 53
6 119 73
6 123 72
6 125 52
6 127 95
6 128 100
6 132 83
6 133 78
6 136 44
6 140 26
6 150 66
7 9 90
7 10 84
7 11 51
7 14 13
7 17 55
7 18 35
7 24 3
7 25 38
7 26 24
7 27 36
7 32 20
7 33 56
7 39 51
7 40 7
7 41 4
7 42 7
7 43 9
7 47 85
7 56 88
7 62 94
7 64 84
7 65 5
7 69 44
7 71 56
7 72 43
7 74 64
7 78 27
7 83 54
7 85 46
7 87 10
7 93 38
7 94 55
7 95 90
7 96 25
7 98 8
7 101 80
7 103 62
7 105 14
7 108 12
7 110 98
7 113 14
7 117 38
7 119 75
7 127 94
7 130 65
7 132 40
7 135 9
7 137 18
7 139 60
7 140 34
7 142 47
7 150 34
8 15 21
8 24 4
8 31 28
8 32 53
8 33 83
8 37 86
8 38 86
8 39 80
8 41 27
8 42 75
8 45 76
8 46 7
8 47 4
8 49 7
8 50 27
8 51 46
8 53 72
8 54 42
8 55 30
8 59 20
8 61 57
8 62 90
8 67 98
8 70 11
8 74 75
8 80 63
8 81 32
8 87 73
8 90 52
8 92 31
8 97 71
8 103 57
8 108 22
8 110 2
8 111 81
8 113 2
8 115 14
8 117 4
8 118 59
8 119 62
8 120 4
8 126 22
8 131 38
8 133 41
8 134 23
8 136 5
8 137 40
8 138 97
8 141 85
8 142 23
8 143 24
8 144 89
8 145 67
8 146 100
8 148 49
8 149 81
8 150 6
9 10 55
9 13 23
9 14 92
9 15 67
9 17 78
9 22 17
9 23 49
9 24 52
9 25 50
9 31 1
9 32 81
9 33 45
9 37 31
9 38 88
9 39 99
9 41 56
9 42 94
9 46 7
9 47 57
9 48 35
9 49 46
9 51 100
9 52 87
9 54 70
9 55 47
9 59 77
9 60 1
9 62 1
9 64 15
9 65 98
9 68 5
9 69 71
9 72 77
9 74 100
9 75 96
9 76 21
9 78 7
9 80 18
9 82 80
9 83 82
9 85 95
9 87 28
9 88 87
9 94 8
9 97 85
9 98 45
9 100 73
9 108 46
9 113 96
9 115 55
9 116 79
9 122 90
9 124 18
9 125 44
9 128 69
9 129 45
9 135 17
9 138 83
9 140 27
9 141 16
9 142 53
9 144 15
9 145 67
9 146 66
9 149 35
10 13 17
10 16 20
10 17 20
10 21 90
10 25 92
10 27 83
10 28 53
10 32 14
10 36 45
10 39 90
10 42 42
10 43 87
10 44 37
10 46 30
10 49 63
10 50 57
10 59 24
10 63 21
10 66 38
10 68 50
10 77 100
10 80 25
10 83 14
10 84 76
10 86 32
10 88 87
10 90 4
10 91 88
10 96 18
10 97 38
10 101 46
10 104 13
10 106 73
10 107 90
10 110 15
10 114 49
10 115 55
10 116 31
10 118 79
10 119 88
10 121 74
10 122 67
10 125 33
10 128 46
10 131 91
10 138 11
10 139 62
10 140 79
10 141 86
10 144 39
10 146 42
10 147 25
10 148 81
10 150 59
11 12 56
11 14 49
11 15 83
11 16 78
11 18 25
11 19 44
11 20 43
11 31 67
11 35 81
11 36 32
11 42 13
11 48 3
11 53 25
11 55 37
11 56 5
11 58 13
11 61 99
11 63 98
11 64 99
11 70 94
11 71 95
11 72 20
11 77 57
11 78 31
11 79 26
11 80 83
11 83 48
11 84 84
11 86 22
11 87 1
11 94 35
11 95 56
11 97 61
11 99 92
11 102 1
11 105 3
11 107 93
11 112 75
11 114 26
11 115 74
11 116 90
11 119 7
11 120 42
11 123 55
11 128 59
11 132 52
11 133 71
11 134 13
11 136 33
11 139 44
11 141 74
11 142 35
11 144 58
12 15 27
12 16 75
12 17 16
12 19 68
12 23 59
12 24 78
12 30 34
12 35 18
12 37 85
12 38 10
12 41 31
12 45 48
12 46 98
12 48 88
12 49 76
12 52 35
12 53 94
12 54 4
12 55 35
12 56 69
12 61 85
12 64 16
12 65 66
12 68 61
12 71 16
12 73 85
12 74 37
12 75 42
12 77 72
12 78 50
12 82 28
12 84 72
12 89 66
12 90 45
12 97 79
12 99 58
12 100 45
12 101 38
12 109 14
12 111 49
12 112 23
12 113 71
12 114 14
12 115 14
12 117 32
12 120 44
12 122 66
12 123 78
12 124 42
12 128 100
12 130 49
12 133 24
12 135 17
12 136 62
12 138 1
12 147 23
12 149 29
13 14 97
13 15 96
13 16 71
13 17 30
13 23 26
13 24 29
13 25 81
13 26 59
13 30 17
13 39 30
13 40 54
13 49 10
13 50 96
13 51 43
13 56 95
13 57 61
13 64 51
13 67 67
13 70 12
13 76 92
13 77 61
13 81 76
13 85 93
13 87 33
13 88 62
13 89 82
13 90 79
13 98 15
13 102 36
13 103 24
13 104 29
13 105 29
13 107 12
13 109 5
13 111 61
13 113 34
13 115 90
13 116 95
13 117 91
13 119 14
13 121 28
13 123 24
13 124 53
13 126 72
13 127 2
13 130 22
13 131 15
13 133 53
13 138 68
13 139 69
13 142 12
13 143 54
13 145 53
13 146 3
13 147 57
13 148 28
14 15 72
14 16 13
14 17 88
14 18 68
14 24 1
14 26 25
14 27 7
14 29 81
14 39 28
14 40 73
14 42 4
14 47 25
14 48 62
14 54 2
14 57 62
14 59 58
14 61 64
14 62 12
14 63 74
14 65 84
14 66 40
14 69 4
14 71 79
14 72 67
14 74 25
14 75 88
14 76 94
14 77 48
14 79 8
14 81 60
14 82 73
14 83 81
14 87 32
14 89 46
14 91 40
14 92 49
14 95 94
14 97 23
14 101 12
14 102 52
14 103 49
14 104 58
14 110 59
14 112 17
14 113 65
14 114 11
14 115 90
14 117 77
14 120 40
14 121 94
14 122 51
14 125 78
14 127 33
14 129 18
14 135 50
14 136 18
14 137 10
14 138 24
14 140 82
14 148 41
14 150 17
15 16 43
15 19 6
15 20 87
15 23 11
15 24 36
15 25 36
15 26 62
15 27 64
15 29 34
15 31 48
15 32 93
15 33 4
15 36 92
15 39 14
15 41 39
15 46 56
15 47 32
15 49 48
15 50 94
15 52 65
15 62 64
15 63 75
15 71 67
15 72 93
15 74 58
15 78 43
15 80 20
15 84 65
15 86 18
15 88 40
15 89 26
15 90 39
15 94 24
15 97 5
15 98 2
15 105 96
15 106 20
15 108 47
15 110 52
15 112 26
15 116 71
15 118 78
15 119 10
15 121 92
15 125 74
15 126 45
15 127 36
15 130 77
15 131 16
15 132 22
15 135 58
15 136 80
15 137 97
15 138 72
15 140 58
15 142 46
15 143 7
15 144 86
15 148 76
15 149 39
16 17 63
16 19 87
16 26 67
16 28 48
16 29 15
16 30 71
16 32 36
16 36 71
16 37 45
16 39 27
16 42 81
16 44 25
16 46 52
16 49 95
16 50 26
16 51 44
16 53 87
16 55 57
16 62 14
16 63 11
16 67 75
16 68 98
16 69 88
16 72 81
16 73 82
16 74 17
16 75 63
16 76 40
16 78 100
16 82 61
16 83 75
16 84 72
16 87 88
16 88 54
16 90 30
16 93 77
16 95 98
16 97 76
16 99 18
16 100 43
16 101 96
16 103 53
16 105 64
16 107 94
16 110 91
16 111 31
16 112 48
16 113 2
16 116 56
16 117 39
16 118 46
16 124 3
16 133 17
16 135 5
16 136 78
16 137 68
16 138 47
16 139 48
16 140 30
16 142 32
16 150 7
17 20 3
17 21 56
17 23 11
17 27 96
17 28 48
17 29 26
17 30 76
17 33 6
17 35 77
17 36 37
17 38 55
17 41 56
17 42 89
17 45 40
17 46 30
17 49 25
17 50 75
17 51 22
17 52 57
17 56 69
17 60 99
17 63 18
17 64 85
17 65 39
17 67 13
17 70 22
17 71 48
17 72 15
17 77 97
17 80 60
17 86 82
17 88 74
17 90 57
17 94 30
17 95 92
17 96 63
17 100 93
17 102 65
17 105 74
17 106 93
17 107 54
17 109 81
17 111 39
17 112 52
17 114 30
17 116 31
17 118 2
17 119 70
17 121 66
17 123 87
17 125 61
17 126 75
17 127 1
17 129 69
17 130 50
17 131 34
17 134 11
17 137 35
17 138 89
17 146 27
17 147 51
17 149 58
17 150 92
18 19 33
18 20 47
18 21 90
18 23 42
18 24 18
18 28 18
18 29 11
18 30 30
18 31 84
18 33 82
18 34 47
18 35 67
18 38 89
18 40 35
18 42 36
18 43 27
18 44 37
18 45 94
18 49 65
18 54 17
18 56 26
18 59 90
18 68 29
18 69 34
18 70 18
18 71 99
18 74 18
18 78 96
18 82 3
18 84 38
18 86 33
18 89 7
18 93 31
18 97 31
18 99 87
18 100 39
18 102 62
18 106 29
18 107 59
18 108 1
18 115 43
18 119 42
18 121 95
18 124 89
18 125 21
18 126 41
18 128 56
18 129 80
18 130 47
18 132 14
18 133 16
18 134 38
18 137 51
18 139 15
18 142 15
18 143 5
18 146 94
18 147 35
19 20 4
19 21 47
19 23 97
19 28 48
19 31 16
19 34 4
19 35 44
19 36 22
19 37 65
19 38 95
19 39 81
19 42 9
19 43 88
19 47 45
19 48 8
19 49 36
19 50 7
19 52 22
19 64 89
19 75 1
19 79 32
19 82 62
19 84 18
19 91 7
19 92 86
19 94 89
19 96 87
19 99 9
19 102 93
19 103 3
19 106 68
19 107 93
19 110 62
19 111 48
19 113 99
19 114 85
19 119 82
19 128 27
19 130 83
19 131 24
19 134 99
19 135 33
19 141 80
19 142 63
19 143 57
19 144 54
19 147 65
19 150 33
20 21 89
20 24 45
20 41 66
20 42 63
20 45 74
20 48 81
20 50 37
20 51 83
20 56 59
20 58 86
20 60 55
20 61 43
20 62 94
20 63 27
20 67 87
20 68 17
20 70 86
20 71 66
20 74 37
20 77 7
20 79 85
20 82 75
20 83 87
20 87 57
20 88 53
20 89 79
20 90 91
20 93 17
20 94 10
20 96 52
20 97 8
20 98 74
20 103 6
20 107 66
20 112 24
20 113 91
20 115 24
20 118 24
20 120 17
20 122 41
20 123 88
20 124 3
20 126 51
20 127 33
20 128 81
20 133 90
20 134 78
20 137 44
20 138 18
20 141 80
20 142 28
20 146 34
20 148 80
20 149 71
21 25 78
21 33 41
21 37 59
21 38 80
21 40 35
21 41 46
21 42 27
21 46 26
21 47 47
21 48 39
21 51 17
21 54 15
21 56 33
21 59 100
21 62 66
21 66 66
21 67 10
21 68 4
21 70 81
21 71 11
21 73 36
21 74 69
21 75 13
21 76 14
21 77 73
21 78 26
21 81 68
21 86 78
21 89 19
21 90 1
21 93 83
21 95 55
21 96 85
21 99 39
21 101 18
21 105 81
21 106 45
21 109 58
21 110 76
21 117 69
21 118 83
21 119 48
21 120 72
21 122 84
21 125 65
21 127 93
21 128 63
21 130 4
21 133 70
21 134 3
21 137 62
21 139 77
21 140 81
21 142 41
21 143 51
21 144 86
21 148 53
21 149 73
22 23 94
22 24 11
