150 10058 1
1 2 88
1 5 67
1 7 68
1 12 41
1 13 29
1 17 44
1 26 59
1 27 10
1 28 19
1 33 67
1 35 78
1 39 15
1 42 49
1 44 13
1 45 51
1 48 12
1 49 8
1 50 77
1 60 18
1 61 80
1 62 65
1 63 99
1 65 22
1 68 100
1 71 1
1 77 13
1 78 92
1 79 4
1 80 19
1 84 72
1 87 46
1 91 36
1 96 85
1 97 3
1 99 22
1 101 45
1 102 23
1 105 46
1 106 6
1 109 77
1 110 62
1 111 30
1 112 96
1 114 1
1 116 50
1 120 29
1 121 49
1 124 98
1 125 95
1 128 16
1 129 7
1 131 37
1 137 25
1 138 76
1 140 37
1 141 46
1 143 15
1 145 6
1 147 85
1 148 4
2 6 85
2 7 11
2 9 19
2 12 46
2 14 96
2 16 95
2 17 91
2 22 53
2 25 91
2 28 85
2 30 69
2 32 57
2 37 19
2 38 14
2 39 89
2 40 81
2 41 49
2 44 31
2 45 82
2 47 73
2 48 49
2 54 19
2 55 53
2 57 13
2 58 75
2 59 2
2 64 30
2 65 74
2 67 46
2 68 61
2 73 45
2 74 15
2 80 33
2 81 21
2 82 18
2 84 9
2 85 8
2 86 60
2 87 91
2 90 41
2 91 77
2 93 41
2 95 75
2 98 37
2 104 7
2 108 69
2 117 74
2 118 85
2 120 39
2 123 28
2 128 58
2 129 63
2 132 73
2 134 68
2 135 27
2 138 28
2 140 94
2 143 30
2 144 95
2 149 53
2 150 18
3 4 31
3 5 1
3 6 55
3 9 16
3 10 51
3 13 16
3 14 89
3 16 84
3 17 10
3 18 35
3 19 35
3 20 39
3 27 20
3 28 52
3 29 70
3 35 93
3 37 86
3 39 95
3 40 46
3 42 31
3 43 35
3 48 40
3 53 88
3 56 13
3 62 70
3 63 14
3 64 4
3 65 22
3 66 100
3 72 21
3 79 92
3 82 1
3 83 87
3 87 49
3 90 39
3 94 21
3 95 47
3 96 74
3 97 7
3 98 47
3 105 8
3 107 55
3 108 73
3 110 66
3 115 10
3 118 8
3 119 94
3 120 20
3 122 13
3 125 84
3 126 9
3 127 81
3 130 31
3 132 32
3 136 9
3 141 23
3 143 16
3 144 93
3 145 33
3 149 61
4 5 95
4 10 82
4 12 42
4 14 61
4 15 48
4 17 39
4 26 63
4 33 97
4 34 1
4 35 33
4 37 20
4 38 39
4 40 9
4 42 7
4 44 23
4 46 33
4 47 16
4 51 14
4 54 9
4 57 69
4 60 18
4 62 39
4 65 83
4 66 13
4 68 93
4 69 93
4 72 85
4 73 83
4 75 61
4 76 25
4 77 59
4 80 96
4 81 80
4 84 58
4 85 50
4 89 61
4 92 70
4 94 54
4 95 74
4 99 98
4 101 13
4 102 4
4 111 74
4 112 74
4 113 98
4 118 1
4 121 26
4 124 40
4 126 100
4 127 41
4 129 88
4 131 28
4 132 72
4 135 99
4 138 54
4 139 21
4 142 10
4 144 21
4 145 92
4 146 5
4 149 70
4 150 42
5 6 70
5 9 68
5 14 85
5 15 25
5 16 31
5 18 87
5 21 93
5 22 49
5 25 47
5 29 67
5 31 7
5 32 72
5 33 60
5 35 25
5 37 76
5 42 45
5 44 94
5 45 35
5 48 59
5 50 84
5 51 36
5 56 60
5 57 35
5 58 75
5 62 49
5 65 95
5 71 15
5 73 45
5 75 45
5 76 49
5 81 55
5 83 2
5 85 92
5 90 14
5 93 70
5 95 32
5 96 79
5 97 86
5 99 15
5 100 71
5 102 50
5 103 48
5 104 76
5 110 98
5 111 60
5 114 19
5 119 42
5 120 24
5 121 41
5 122 65
5 123 59
5 126 84
5 130 89
5 131 84
5 132 33
5 136 67
5 138 63
5 140 89
5 143 76
5 145 78
5 146 59
6 7 73
6 8 82
6 10 26
6 13 65
6 14 93
6 16 33
6 17 76
6 19 95
6 28 89
6 29 59
6 31 69
6 32 14
6 34 13
6 36 74
6 42 59
6 45 35
6 47 93
6 48 6
6 50 31
6 51 65
6 64 5
6 68 67
6 69 10
6 76 50
6 78 83
6 79 33
6 83 71
6 86 92
6 87 78
6 88 8
6 89 2
6 93 97
6 94 86
6 96 22
6 97 67
6 99 71
6 101 48
6 102 78
6 103 52
6 104 69
6 110 48
6 114 24
6 117 100
6 118 64
6 119 77
6 120 7
6 124 65
6 125 65
6 126 90
6 128 68
6 129 88
6 130 87
6 131 87
6 133 100
6 134 9
6 137 71
6 139 69
6 142 5
6 143 30
6 145 47
6 147 37
6 150 84
7 12 82
7 14 80
7 15 78
7 17 80
7 20 20
7 24 7
7 25 41
7 26 68
7 28 85
7 32 92
7 40 27
7 41 77
7 43 7
7 44 80
7 45 98
7 46 100
7 47 11
7 48 93
7 49 29
7 50 62
7 56 96
7 60 2
7 62 17
7 63 95
7 72 85
7 76 14
7 77 35
7 80 5
7 82 86
7 85 2
7 87 45
7 92 11
7 93 26
7 97 78
7 98 37
7 99 69
7 102 68
7 103 67
7 104 18
7 107 53
7 110 12
7 111 47
7 112 66
7 115 41
7 116 50
7 119 14
7 121 72
7 122 72
7 123 62
7 124 5
7 126 79
7 128 45
7 129 88
7 132 99
7 133 49
7 137 22
7 141 52
7 146 28
7 149 44
7 150 34
8 14 32
8 16 28
8 25 1
8 30 50
8 32 100
8 34 88
8 36 59
8 39 48
8 43 12
8 46 93
8 48 62
8 51 40
8 52 100
8 53 100
8 61 77
8 62 19
8 64 3
8 65 95
8 68 31
8 69 81
8 75 13
8 78 3
8 79 46
8 81 15
8 82 46
8 88 18
8 91 97
8 92 79
8 93 78
8 94 87
8 95 95
8 97 62
8 98 83
8 99 77
8 101 35
8 106 26
8 107 26
8 112 1
8 113 41
8 114 9
8 118 40
8 119 8
8 120 18
8 121 59
8 123 33
8 124 55
8 126 98
8 128 18
8 130 98
8 135 15
8 144 27
8 147 91
8 148 21
8 149 55
8 150 5
9 13 39
9 14 76
9 15 26
9 16 33
9 19 96
9 20 34
9 23 6
9 24 70
9 25 91
9 26 64
9 28 84
9 29 90
9 32 55
9 37 99
9 41 47
9 49 82
9 51 93
9 52 89
9 54 10
9 55 42
9 56 100
9 58 32
9 61 17
9 63 50
9 64 83
9 67 23
9 68 24
9 73 70
9 75 8
9 78 82
9 79 29
9 80 90
9 82 87
9 83 11
9 87 88
9 92 51
9 93 85
9 95 15
9 97 17
9 98 33
9 99 73
9 101 78
9 103 79
9 107 9
9 109 81
9 111 53
9 112 61
9 115 59
9 116 40
9 118 24
9 121 59
9 122 5
9 124 44
9 132 40
9 133 98
9 134 33
9 135 65
9 136 10
9 137 65
9 140 57
9 141 21
9 142 80
9 145 68
9 149 81
10 11 37
10 13 57
10 14 18
10 19 73
10 20 65
10 21 72
10 23 73
10 26 12
10 30 94
10 32 19
10 37 40
10 44 99
10 46 64
10 50 47
10 52 66
10 56 12
10 64 79
10 68 85
10 69 27
10 70 89
10 71 30
10 72 41
10 74 94
10 80 46
10 81 54
10 82 66
10 84 96
10 87 93
10 88 3
10 91 55
10 92 45
10 95 63
10 96 80
10 97 91
10 98 62
10 101 44
10 102 97
10 110 25
10 112 24
10 115 95
10 121 91
10 125 73
10 126 86
10 128 59
10 133 68
10 135 63
10 136 77
10 139 48
10 140 45
10 141 16
10 142 55
10 143 98
10 145 32
10 148 100
10 149 5
10 150 1
11 13 42
11 15 68
11 19 97
11 29 100
11 30 56
11 33 47
11 35 100
11 38 49
11 39 53
11 40 66
11 41 55
11 44 31
11 46 72
11 47 66
11 48 46
11 51 37
11 52 73
11 55 3
11 59 48
11 64 40
11 65 79
11 69 68
11 70 66
11 71 52
11 73 76
11 74 30
11 77 19
11 78 8
11 80 79
11 88 25
11 89 68
11 90 36
11 92 14
11 95 13
11 97 63
11 99 48
11 101 68
11 102 91
11 105 1
11 106 56
11 108 3
11 109 42
11 110 1
11 111 73
11 112 68
11 113 98
11 118 14
11 119 37
11 120 89
11 122 48
11 123 81
11 125 43
11 126 6
11 128 36
11 130 27
11 132 61
11 137 94
11 140 68
11 141 87
11 147 70
12 15 29
12 16 55
12 17 100
12 18 39
12 19 9
12 28 10
12 30 75
12 31 77
12 32 25
12 33 59
12 37 15
12 43 19
12 48 81
12 49 32
12 50 44
12 53 25
12 58 3
12 60 84
12 62 97
12 64 46
12 66 37
12 71 85
12 72 55
12 74 70
12 75 54
12 85 4
12 87 99
12 93 74
12 95 64
12 99 36
12 104 18
12 105 46
12 107 79
12 109 4
12 110 85
12 115 40
12 116 88
12 119 96
12 121 33
12 123 5
12 127 22
12 130 21
12 131 65
12 132 85
12 137 89
12 142 1
12 144 90
13 18 4
13 19 55
13 20 34
13 23 23
13 25 61
13 30 98
13 31 4
13 32 71
13 36 47
13 37 13
13 39 67
13 40 40
13 46 26
13 47 90
13 48 42
13 50 83
13 51 90
13 53 69
13 55 82
13 58 92
13 60 67
13 61 52
13 64 56
13 65 82
13 70 27
13 71 36
13 77 91
13 78 55
13 80 15
13 87 37
13 95 77
13 98 64
13 99 42
13 105 98
13 108 33
13 109 48
13 110 89
13 111 23
13 114 8
13 116 91
13 121 36
13 123 67
13 124 28
13 126 84
13 129 58
13 133 14
13 134 66
13 137 7
13 139 81
13 141 77
13 143 18
13 146 36
13 147 8
14 21 67
14 22 9
14 23 70
14 24 92
14 30 100
14 32 33
14 34 63
14 38 47
14 39 30
14 40 64
14 49 50
14 50 85
14 51 63
14 56 1
14 59 13
14 61 15
14 62 85
14 65 27
14 67 24
14 69 100
14 70 98
14 73 94
14 78 19
14 81 5
14 83 66
14 88 5
14 89 63
14 90 49
14 91 93
14 92 64
14 94 6
14 96 95
14 97 38
14 99 14
14 101 41
14 102 25
14 103 89
14 106 35
14 107 6
14 110 46
14 112 4
14 114 15
14 115 50
14 117 87
14 119 11
14 125 46
14 126 97
14 128 23
14 129 30
14 130 82
14 131 83
14 132 96
14 135 100
14 136 54
14 141 11
14 146 58
14 147 45
14 149 9
14 150 33
15 17 29
15 18 72
15 24 23
15 26 65
15 27 16
15 29 90
15 30 58
15 31 66
15 34 18
15 35 92
15 37 44
15 41 11
15 44 71
15 48 21
15 50 12
15 54 19
15 60 24
15 62 82
15 63 42
15 64 54
15 65 85
15 69 97
15 74 25
15 75 4
15 77 25
15 78 9
15 79 97
15 81 66
15 87 23
15 90 9
15 94 64
15 98 4
15 101 33
15 104 6
15 107 9
15 108 78
15 109 5
15 110 65
15 111 2
15 112 84
15 113 31
15 120 22
15 126 2
15 127 81
15 129 84
15 141 48
15 143 32
15 144 57
15 145 4
16 17 21
16 18 4
16 19 7
16 22 34
16 24 55
16 31 90
16 33 87
16 34 23
16 35 67
16 37 14
16 39 77
16 43 46
16 47 68
16 48 82
16 49 45
16 50 65
16 51 90
16 55 81
16 56 10
16 58 8
16 60 27
16 61 93
16 66 67
16 68 84
16 71 74
16 76 55
16 77 88
16 78 47
16 79 76
16 86 69
16 91 91
16 98 6
16 99 38
16 106 63
16 108 89
16 109 44
16 110 91
16 115 4
16 116 36
16 117 14
16 118 93
16 123 37
16 128 82
16 129 89
16 130 44
16 135 15
16 146 44
16 148 63
16 150 91
17 21 48
17 25 26
17 26 4
17 28 95
17 29 90
17 30 57
17 35 77
17 38 98
17 39 42
17 40 66
17 44 39
17 48 76
17 49 9
17 50 99
17 51 5
17 54 54
17 57 79
17 58 73
17 61 40
17 64 68
17 66 20
17 67 69
17 72 65
17 73 13
17 75 38
17 76 81
17 77 43
17 80 7
17 82 46
17 83 85
17 85 2
17 88 30
17 91 76
17 92 20
17 96 15
17 97 28
17 98 55
17 99 34
17 101 67
17 105 52
17 110 90
17 112 34
17 113 87
17 116 11
17 119 90
17 122 64
17 123 97
17 124 39
17 128 22
17 131 6
17 133 21
17 135 4
17 136 46
17 140 60
17 141 79
18 22 26
18 27 100
18 30 59
18 37 94
18 38 92
18 46 27
18 48 48
18 50 2
18 51 13
18 52 70
18 58 98
18 61 60
18 62 2
18 63 32
18 64 48
18 65 66
18 66 19
18 68 7
18 69 48
18 70 58
18 72 65
18 75 23
18 81 40
18 82 24
18 83 90
18 84 56
18 87 27
18 89 58
18 91 57
18 93 78
18 94 32
18 99 98
18 104 32
18 110 27
18 112 35
18 117 65
18 118 100
18 121 100
18 122 82
18 127 19
18 132 62
18 143 13
18 144 44
18 148 36
18 149 33
19 20 69
19 22 92
19 24 80
19 27 80
19 28 41
19 31 89
19 33 54
19 37 42
19 41 13
19 47 19
19 48 93
19 49 4
19 53 25
19 55 3
19 56 2
19 57 59
19 58 27
19 59 60
19 61 34
19 62 90
19 64 83
19 65 78
19 70 23
19 72 40
19 76 47
19 78 52
19 79 14
19 84 52
19 85 21
19 86 80
19 90 92
19 95 32
19 99 69
19 102 16
19 104 64
19 105 19
19 107 44
19 108 82
19 111 29
19 112 22
19 115 64
19 116 79
19 125 30
19 128 3
19 129 62
19 130 56
19 132 67
19 135 49
19 136 15
19 141 62
19 142 96
19 143 89
19 148 29
19 149 14
20 21 87
20 22 74
20 25 35
20 29 37
20 31 5
20 32 96
20 34 7
20 43 91
20 46 64
20 48 73
20 50 48
20 51 81
20 53 75
20 55 22
20 56 69
20 60 89
20 63 20
20 66 28
20 72 10
20 75 42
20 76 2
20 77 2
20 78 59
20 79 80
20 80 19
20 81 74
20 84 21
20 87 44
20 95 40
20 96 82
20 98 8
20 101 65
20 104 93
20 105 80
20 106 93
20 107 11
20 110 17
20 111 100
20 115 67
20 116 12
20 120 21
20 121 45
20 123 100
20 124 38
20 129 52
20 130 2
20 131 50
20 132 26
20 139 57
20 144 51
20 148 91
20 150 12
21 22 7
21 25 46
21 26 39
21 30 86
21 31 62
21 32 70
21 33 75
21 40 96
21 41 55
21 43 45
21 44 84
21 48 11
21 51 27
21 54 53
21 56 74
21 59 14
21 60 26
21 61 79
21 66 52
21 67 88
21 68 60
21 70 3
21 71 49
21 72 59
21 75 49
21 81 78
21 83 16
21 85 14
21 91 55
21 93 64
21 95 61
21 97 25
21 104 26
21 106 50
21 107 75
21 109 10
21 111 2
21 112 88
21 114 21
21 121 100
21 123 20
21 124 4
21 126 69
21 127 13
21 130 77
21 132 84
21 133 29
21 134 4
21 136 30
21 142 76
21 143 21
21 147 13
21 150 83
22 25 85
22 28 50
22 34 60
22 37 55
22 42 86
22 43 50
22 44 29
22 45 83
22 47 88
22 49 5
22 52 38
22 53 32
22 55 3
22 60 42
22 62 76
22 63 54
22 65 62
22 66 35
22 69 9
22 70 44
22 71 98
22 73 55
22 75 56
22 76 15
22 77 12
22 78 79
22 79 88
22 80 90
22 93 56
22 95 5
22 96 78
22 97 29
22 99 10
22 102 12
22 104 22
22 105 83
22 106 37
22 108 4
22 110 4
22 111 33
22 112 45
22 118 76
22 119 82
22 122 23
22 125 18
22 126 38
22 138 53
22 140 11
22 143 13
22 146 24
22 147 60
22 150 37
23 24 45
23 25 80
23 26 48
23 28 84
23 29 15
23 33 63
23 36 41
23 37 43
23 40 83
23 43 77
23 45 48
23 49 31
23 52 52
23 53 13
23 56 83
23 57 9
23 61 11
23 62 83
23 63 73
23 67 79
23 74 29
23 75 54
23 77 10
23 83 35
23 86 91
23 88 13
23 90 87
23 94 31
23 95 94
23 96 20
23 98 74
23 99 29
23 102 4
23 105 9
23 107 28
23 108 60
23 109 60
23 111 2
23 112 33
23 115 2
23 116 73
23 119 24
23 123 38
23 126 50
23 127 25
23 128 89
23 129 9
23 130 84
23 133 16
23 135 40
23 136 87
23 137 39
23 143 13
23 144 22
23 145 19
23 146 71
23 148 97
23 150 56
24 26 3
24 27 45
24 28 40
24 34 68
24 35 6
24 40 8
24 41 77
24 44 95
24 47 73
24 51 19
24 53 94
24 54 48
24 55 33
24 64 30
24 65 50
24 68 30
24 69 53
24 70 56
24 76 26
24 78 52
24 80 91
24 87 4
24 90 10
24 92 5
24 94 40
24 99 20
24 102 21
24 103 82
24 105 2
24 107 60
24 109 25
24 115 54
24 124 35
24 129 56
24 130 5
24 134 54
24 136 86
24 138 97
24 139 36
24 142 35
24 149 94
25 26 79
25 32 8
25 33 39
25 34 56
25 37 34
25 38 59
25 39 16
25 40 87
25 45 63
25 47 80
25 49 32
25 50 95
25 51 42
25 63 19
25 69 18
25 73 32
25 78 84
25 80 65
25 81 86
25 83 91
25 84 72
25 85 94
25 86 60
25 87 21
25 88 27
25 91 77
25 92 42
25 95 30
25 96 64
25 97 84
25 100 68
25 103 88
25 104 65
25 105 94
25 107 66
25 108 53
25 110 61
25 111 49
25 115 7
25 116 62
25 117 47
25 119 98
25 120 54
25 121 65
25 122 40
25 123 42
25 125 75
25 126 7
25 128 95
25 129 78
25 130 96
25 131 37
25 132 60
25 133 93
25 135 83
25 136 84
25 139 40
25 140 94
25 142 23
25 143 24
25 144 77
25 146 16
26 28 46
26 30 21
26 31 29
26 32 44
26 33 32
26 36 67
26 38 52
26 39 72
26 40 46
26 43 54
26 46 48
26 49 50
26 50 24
26 52 36
26 62 71
26 64 34
26 65 94
26 68 32
26 72 90
26 80 85
26 82 63
26 83 55
26 84 36
26 86 93
26 89 88
26 91 28
26 93 73
26 94 7
26 100 35
26 105 7
26 107 81
26 109 84
26 110 3
26 112 36
26 113 24
26 116 99
26 117 88
26 120 22
26 121 42
26 122 96
26 123 33
26 126 59
26 128 78
26 133 15
26 141 45
26 142 30
26 145 79
26 146 40
26 147 7
26 150 59
27 29 70
27 30 19
27 31 49
27 33 3
27 34 21
27 39 54
27 40 16
27 41 48
27 45 75
27 46 17
27 47 53
27 50 25
27 51 40
27 53 68
27 54 98
27 55 68
27 56 48
27 57 12
27 62 82
27 64 81
27 67 49
27 68 25
27 70 35
27 74 68
27 80 4
27 81 78
27 85 100
27 87 3
27 88 24
27 89 83
27 91 91
27 98 78
27 99 45
27 100 7
27 101 72
27 102 19
27 106 35
27 107 40
27 108 48
27 112 9
27 117 19
27 122 20
27 125 67
27 128 55
27 129 83
27 130 42
27 135 26
27 136 42
27 137 80
27 142 43
27 145 79
27 149 15
28 29 50
28 30 59
28 31 22
28 32 59
28 35 96
28 37 36
28 38 41
28 39 85
28 40 51
28 42 14
28 45 67
28 46 49
28 48 86
28 50 57
28 52 44
28 59 27
28 68 98
28 69 48
28 70 94
28 71 68
28 73 10
28 74 11
28 76 54
28 77 42
28 79 74
28 80 17
28 86 17
28 89 23
28 90 59
28 93 91
28 101 65
28 102 40
28 103 82
28 110 44
28 112 93
28 113 20
28 114 97
28 116 80
28 120 74
28 121 29
28 122 52
28 123 70
28 124 60
28 127 14
28 128 86
28 134 74
28 135 45
28 137 100
28 138 56
28 141 38
28 142 88
28 143 57
28 144 46
28 146 99
28 149 63
29 31 40
29 36 60
29 38 84
29 39 97
29 40 73
29 41 87
29 43 36
29 44 44
29 46 87
29 52 94
29 56 56
29 58 55
29 60 80
29 62 74
29 64 32
29 65 49
29 66 63
29 70 99
29 74 7
29 78 49
29 80 6
29 81 26
29 83 50
29 84 66
29 85 69
29 87 59
29 88 85
29 89 100
29 92 38
29 93 28
29 96 98
29 97 33
29 104 79
29 109 48
29 111 70
29 114 74
29 126 98
29 127 46
29 128 66
29 129 74
29 130 8
29 132 18
29 136 31
29 137 37
29 138 59
29 140 59
29 144 16
29 145 36
29 147 31
29 149 84
29 150 98
30 34 22
30 35 7
30 40 80
30 41 34
30 42 98
30 43 67
30 50 85
30 51 80
30 54 9
30 55 84
30 58 47
30 61 60
30 62 77
30 64 80
30 66 20
30 68 100
30 77 51
30 78 4
30 81 6
30 83 81
30 89 69
30 90 88
30 95 35
30 97 78
30 99 70
30 100 66
30 108 31
30 119 6
30 120 77
30 121 30
30 122 48
30 124 69
30 125 9
30 126 67
30 131 89
30 132 73
30 133 16
30 135 73
30 137 16
30 139 1
30 143 54
30 144 1
30 145 26
30 146 64
30 147 14
30 150 13
31 37 28
31 40 66
31 43 94
31 46 70
31 48 48
31 51 17
31 52 60
31 53 56
31 56 54
31 58 43
31 59 37
31 66 2
31 67 22
31 68 26
31 69 44
31 72 59
31 75 27
31 77 58
31 79 30
31 82 86
31 85 25
31 89 42
31 91 60
31 93 52
31 94 40
31 96 22
31 98 24
31 100 90
31 108 42
31 109 33
31 110 94
31 111 26
31 112 53
31 114 26
31 115 46
31 120 96
31 121 85
31 124 9
31 125 33
31 126 77
31 128 21
31 129 63
31 131 28
31 132 6
31 133 69
31 138 70
31 147 100
31 148 39
31 149 4
31 150 96
32 33 25
32 34 35
32 36 15
32 44 97
32 45 45
32 47 19
32 53 77
32 58 77
32 59 96
32 61 52
32 63 84
32 64 39
32 69 66
32 72 82
32 75 32
32 78 34
32 81 75
32 82 7
32 85 14
32 87 81
32 88 92
32 90 11
32 91 79
32 94 79
32 98 57
32 101 46
32 103 31
32 104 41
32 108 13
32 109 3
32 110 41
32 113 90
32 116 62
32 117 99
32 118 79
32 119 72
32 122 50
32 126 84
32 132 58
32 135 78
32 138 33
32 139 84
32 141 95
32 143 25
32 145 93
32 147 4
32 150 90
33 34 76
33 37 39
33 40 56
33 43 68
33 44 80
33 45 42
33 46 1
33 48 64
33 51 48
33 53 57
33 55 99
33 56 83
33 62 77
33 64 82
33 69 15
33 72 82
33 74 76
33 77 26
33 81 70
33 82 61
33 84 91
33 88 64
33 89 47
33 90 60
33 91 87
33 92 30
33 93 9
33 100 95
33 103 45
33 112 51
33 115 5
33 116 90
33 117 89
33 118 91
33 119 84
33 120 1
33 122 26
33 123 51
33 129 57
33 131 42
33 132 70
33 135 14
33 136 39
33 137 41
33 139 62
33 147 66
33 148 20
33 149 20
34 35 49
34 39 66
34 45 58
34 46 33
34 51 39
34 54 54
34 56 44
34 58 91
34 67 78
34 70 18
34 71 83
34 72 75
34 75 20
34 78 78
34 81 23
34 88 48
34 90 42
34 92 93
34 93 2
34 96 26
34 100 75
34 101 33
34 102 18
34 104 41
34 107 16
34 109 28
34 110 69
34 113 84
34 117 61
34 118 81
34 119 90
34 121 90
34 124 5
34 127 12
34 129 56
34 131 40
34 134 40
34 137 7
34 138 88
34 140 52
34 142 61
34 143 69
34 144 33
34 146 22
34 148 25
35 41 69
35 42 6
35 43 17
35 46 53
35 50 96
35 51 81
35 52 96
35 54 9
35 55 94
35 57 18
35 58 61
35 63 88
35 65 87
35 66 35
35 68 65
35 69 37
35 70 99
35 71 26
35 73 85
35 74 63
35 78 2
35 89 64
35 93 17
35 96 13
35 99 29
35 103 84
35 104 19
35 107 77
35 114 3
35 115 94
35 117 24
35 118 98
35 119 1
35 122 76
35 123 53
35 127 58
35 128 51
35 133 14
35 135 38
35 137 86
35 139 63
35 141 63
35 142 86
35 144 60
35 145 27
36 40 54
36 41 55
36 42 90
36 43 45
36 48 38
36 52 99
36 55 35
36 58 48
36 60 85
36 62 53
36 66 11
36 67 3
36 68 64
36 69 14
36 70 34
36 74 76
36 79 67
36 82 54
36 84 87
36 85 35
36 89 83
36 91 62
36 92 79
36 94 42
36 95 77
36 98 12
36 100 9
36 101 22
36 104 54
36 106 19
36 113 42
36 114 96
36 116 12
36 118 35
36 120 27
36 123 17
36 124 42
36 126 40
36 127 3
36 130 50
36 133 1
36 135 92
36 138 44
36 143 21
36 144 9
36 148 71
37 38 83
37 41 7
37 44 58
37 45 21
37 47 66
37 49 54
37 52 72
37 57 84
37 59 49
37 60 7
37 62 18
37 63 77
37 64 28
37 65 79
37 69 1
37 70 35
37 73 67
37 74 46
37 77 51
37 78 4
37 81 80
37 83 67
37 85 97
37 88 61
37 93 71
37 94 75
37 96 55
37 98 10
37 101 96
37 104 81
37 111 48
37 112 65
37 114 32
37 120 99
37 121 97
37 124 84
37 125 91
37 126 73
37 128 1
37 131 31
37 132 34
37 133 52
37 135 95
37 139 83
37 144 98
37 146 3
37 148 95
37 150 90
38 40 93
38 42 13
38 43 100
38 47 38
38 48 33
38 51 89
38 54 91
38 55 16
38 57 34
38 59 90
38 61 30
38 65 13
38 69 92
38 70 21
38 71 38
38 72 97
38 85 84
38 87 1
38 88 40
38 89 89
38 90 17
38 92 36
38 93 66
38 95 31
38 96 25
38 102 63
38 110 5
38 116 67
38 118 54
38 120 14
38 124 8
38 126 75
38 130 27
38 131 9
38 132 91
38 142 59
38 143 37
38 150 99
39 40 23
39 41 96
39 42 86
39 48 2
39 50 24
39 52 42
39 53 39
39 56 83
39 57 78
39 58 12
39 59 68
39 60 7
39 61 92
39 62 50
39 63 90
39 67 25
39 71 4
39 72 82
39 73 88
39 76 62
39 78 69
39 80 45
39 81 11
39 82 56
39 84 6
39 86 24
39 90 62
39 97 78
39 99 78
39 100 9
39 102 10
39 104 55
39 105 30
39 107 17
39 108 9
39 109 27
39 110 47
39 111 42
39 112 97
39 113 4
39 115 51
39 119 72
39 121 57
39 122 6
39 123 1
39 125 88
39 128 98
39 129 69
39 136 77
39 139 4
39 146 98
39 147 62
39 150 88
40 45 38
40 47 1
40 51 61
40 56 25
40 59 60
40 60 97
40 67 79
40 70 44
40 72 3
40 76 27
40 78 47
40 79 50
40 81 81
40 86 30
40 91 10
40 97 91
40 101 99
40 103 98
40 108 50
40 111 2
40 113 8
40 114 37
40 115 44
40 119 3
40 132 2
40 133 54
40 135 33
40 136 40
40 143 94
41 48 71
41 52 12
41 60 8
41 61 44
41 65 75
41 66 81
41 67 4
41 69 60
41 70 73
41 71 20
41 74 79
41 75 1
41 78 75
41 80 16
41 82 37
41 84 28
41 85 96
41 86 82
41 90 70
41 91 45
41 93 100
41 95 34
41 97 87
41 101 47
41 102 3
41 103 49
41 105 78
41 109 52
41 110 33
41 115 57
41 116 51
41 119 27
41 121 62
41 123 79
41 129 84
41 133 28
41 134 82
41 139 74
41 140 89
41 143 11
42 44 57
42 47 36
42 48 21
42 51 91
42 54 8
42 55 46
42 56 81
42 57 53
42 59 15
42 64 69
42 67 70
42 68 17
42 69 49
42 70 89
42 72 63
42 74 92
42 75 31
42 76 5
42 78 48
42 79 2
42 80 60
42 81 3
42 83 18
42 84 90
42 87 87
42 93 62
42 99 77
42 100 38
42 101 98
42 105 25
42 106 77
42 107 16
42 108 83
42 109 54
42 111 50
42 112 9
42 113 66
42 115 53
42 117 4
42 118 73
42 120 57
42 122 16
42 124 59
42 127 98
42 128 35
42 130 27
42 134 54
42 136 37
42 138 3
42 140 56
42 144 11
42 150 95
43 45 99
43 46 58
43 49 2
43 53 62
43 55 58
43 56 72
43 61 17
43 63 7
43 65 81
43 66 13
43 67 77
43 68 12
43 74 36
43 75 9
43 76 44
43 81 100
43 83 69
43 86 86
43 93 83
43 94 58
43 102 32
43 103 39
43 105 61
43 108 24
43 109 45
43 112 71
43 116 40
43 118 76
43 120 78
43 121 22
43 123 93
43 124 16
43 127 95
43 128 88
43 131 71
43 132 31
43 133 9
43 134 1
43 135 21
43 138 11
43 141 21
43 143 1
43 146 53
43 150 26
44 46 30
44 52 32
44 56 30
44 59 33
44 60 46
44 61 36
44 64 92
44 66 91
44 68 9
44 71 71
44 73 55
44 79 81
44 81 18
44 85 89
44 86 4
44 87 59
44 89 2
44 102 86
44 107 74
44 108 89
44 112 77
44 115 69
44 119 60
44 120 73
44 121 24
44 124 67
44 126 92
44 127 3
44 129 69
44 130 68
44 134 28
44 142 33
44 144 46
44 146 98
45 46 44
45 47 58
45 48 37
45 49 52
45 53 66
45 55 48
45 57 90
45 60 95
45 64 51
45 67 93
45 72 20
45 74 24
45 78 19
45 79 86
45 80 72
45 83 89
45 85 78
45 86 16
45 88 34
45 97 82
45 98 65
45 99 47
45 100 37
45 102 75
45 105 18
45 107 7
45 108 97
45 118 24
45 121 26
45 125 16
45 131 14
45 132 8
45 133 83
45 139 49
45 141 50
45 142 14
45 143 35
45 148 62
46 49 46
46 54 80
46 57 4
46 61 70
46 63 44
46 70 84
46 73 62
46 75 27
46 77 17
46 79 46
46 80 91
46 82 18
46 83 69
46 86 34
46 87 95
46 88 57
46 91 85
46 93 82
46 99 28
46 101 44
46 102 14
46 103 40
46 104 50
46 105 76
46 115 57
46 116 25
46 118 24
46 123 55
46 125 27
46 127 87
46 128 73
46 132 5
46 136 93
46 137 16
46 138 9
46 141 65
46 142 86
46 143 26
46 144 57
46 149 98
46 150 51
47 48 47
47 54 41
47 56 70
47 59 67
47 64 34
47 68 20
47 70 73
47 72 66
47 73 86
47 74 31
47 77 18
47 81 98
47 83 7
47 88 47
47 94 21
47 96 99
47 100 98
47 101 55
47 102 22
47 103 86
47 110 66
47 111 12
47 112 39
47 116 93
47 117 44
47 118 64
47 121 94
47 122 69
47 123 68
47 127 53
47 130 89
47 131 60
47 132 19
47 133 96
47 136 27
47 137 90
47 139 16
47 141 55
47 146 39
47 149 98
47 150 34
48 54 32
48 55 85
48 56 4
48 64 87
48 65 59
48 67 61
48 68 54
48 74 85
48 75 41
48 76 67
48 77 24
48 79 52
48 80 47
48 83 28
48 84 81
48 93 14
48 103 88
48 105 54
48 107 73
48 108 33
48 110 5
48 111 24
48 115 5
48 117 48
48 119 26
48 123 20
48 124 47
48 126 22
48 133 33
48 135 68
48 136 36
48 139 66
48 140 66
48 142 49
48 144 100
48 145 4
48 146 33
48 149 37
49 50 97
49 52 31
49 56 54
49 58 89
49 62 95
49 63 19
49 64 72
49 67 95
49 68 79
49 69 90
49 70 69
49 73 91
49 74 87
49 75 23
49 76 79
49 79 5
49 84 56
49 86 54
49 89 84
49 96 98
49 98 70
49 99 85
49 100 10
49 101 18
49 103 81
49 104 21
49 105 15
49 106 35
49 107 66
49 115 13
49 122 43
49 123 15
49 127 16
49 128 16
49 130 97
49 134 46
49 136 5
49 139 72
49 140 96
49 141 31
49 142 19
49 144 41
49 146 45
49 147 67
49 150 87
50 54 4
50 59 73
50 64 22
50 66 70
50 69 69
50 70 87
50 71 99
50 73 79
50 80 81
50 81 63
50 85 51
50 88 9
50 89 82
50 91 42
50 94 21
50 97 70
50 99 37
50 103 93
50 104 40
50 106 64
50 109 80
50 113 27
50 114 51
50 115 36
50 119 28
50 120 46
50 121 95
50 124 30
50 136 36
50 139 5
50 140 10
50 144 93
50 146 33
51 54 10
51 56 8
51 57 74
51 58 26
51 64 79
51 65 61
51 68 6
51 69 3
51 71 62
51 72 79
51 73 70
51 76 36
51 81 55
51 85 21
51 86 50
51 87 21
51 89 21
51 90 22
51 92 73
51 101 5
51 103 27
51 104 4
51 107 34
51 109 42
51 114 18
51 117 34
51 120 93
51 121 85
51 129 34
51 132 54
51 133 31
51 140 99
51 141 26
51 144 76
51 145 8
51 149 95
51 150 98
52 54 48
52 55 82
52 56 23
52 59 100
52 62 96
52 63 88
52 64 97
52 67 7
52 68 78
52 69 61
52 72 65
52 73 65
52 75 31
52 76 31
52 79 40
52 83 93
52 84 67
52 85 57
52 86 92
52 87 63
52 91 84
52 95 52
52 96 5
52 98 63
52 99 85
52 102 5
52 104 54
52 105 64
52 106 53
52 107 32
52 108 77
52 110 34
52 111 15
52 112 10
52 113 57
52 115 48
52 118 98
52 119 38
52 120 3
52 121 96
52 123 28
52 124 94
52 125 18
52 129 10
52 131 43
52 132 42
52 134 87
52 138 72
52 142 49
52 146 35
52 148 82
52 149 61
52 150 84
53 56 82
53 59 32
53 65 7
53 66 100
53 74 41
53 75 70
53 76 93
53 78 65
53 79 9
53 80 2
53 81 43
53 82 4
53 84 3
53 87 10
53 89 39
53 93 57
53 96 43
53 97 73
53 98 28
53 99 96
53 101 49
53 102 43
53 105 19
53 106 18
53 107 54
53 111 100
53 112 50
53 119 15
53 122 65
53 124 65
53 125 38
53 128 27
53 131 3
53 138 8
53 140 34
53 141 51
53 144 21
53 147 5
53 148 33
54 56 29
54 58 85
54 60 25
54 61 98
54 66 27
54 68 33
54 71 40
54 73 82
54 74 57
54 75 75
54 78 61
54 80 89
54 85 95
54 87 17
54 88 83
54 90 63
54 93 96
54 97 44
54 99 72
54 100 95
54 101 100
54 102 48
54 103 31
54 104 6
54 107 80
54 108 55
54 110 20
54 111 44
54 113 77
54 114 13
54 117 86
54 120 4
54 122 94
54 129 84
54 133 59
54 135 99
54 137 32
54 141 50
54 142 41
54 143 96
54 144 94
54 146 14
54 149 61
55 56 53
55 60 76
55 62 58
55 68 29
55 70 76
55 79 13
55 84 89
55 85 18
55 86 36
55 91 98
55 92 87
55 93 88
55 95 8
55 96 90
55 99 76
55 103 53
55 106 30
55 113 54
55 114 71
55 116 93
55 117 96
55 119 76
55 122 48
55 124 85
55 125 44
55 126 65
55 127 26
55 129 1
55 134 76
55 137 37
55 146 27
55 148 16
55 149 13
56 57 28
56 58 77
56 62 21
56 65 53
56 66 58
56 67 51
56 77 52
56 80 23
56 83 66
56 84 67
56 86 6
56 88 27
56 89 6
56 90 28
56 93 10
56 94 46
56 96 20
56 101 70
56 102 84
56 103 77
56 105 57
56 106 39
56 109 76
56 111 93
56 114 98
56 115 3
56 117 42
56 118 88
56 121 85
56 122 91
56 129 11
56 130 77
56 131 36
56 133 12
56 146 40
56 147 26
57 59 63
57 60 55
57 62 8
57 65 77
57 68 43
57 69 18
57 71 94
57 72 94
57 74 78
57 75 30
57 79 39
57 84 36
57 87 22
57 88 94
57 89 87
57 91 83
57 95 43
57 96 71
57 97 93
57 100 76
57 106 91
57 107 23
57 108 63
57 110 72
57 111 83
57 114 18
57 116 20
57 118 86
57 120 14
57 122 92
57 123 39
57 124 21
57 128 47
57 131 93
57 133 49
57 138 74
57 142 27
57 146 54
57 149 86
58 59 19
58 61 74
58 63 30
58 64 11
58 66 22
58 70 76
58 72 14
58 73 7
58 74 92
58 75 15
58 76 31
58 78 59
58 79 83
58 80 21
58 81 50
58 83 87
58 85 74
58 87 8
58 91 81
58 94 50
58 97 19
58 100 34
58 101 29
58 102 70
58 105 93
58 110 96
58 117 61
58 119 21
58 120 87
58 123 63
58 125 94
58 126 27
58 131 72
58 132 30
58 135 99
58 141 25
58 144 27
58 145 30
58 146 89
58 148 21
58 149 70
59 61 65
59 64 57
59 65 15
59 66 22
59 67 52
59 70 80
59 71 6
59 72 69
59 74 39
59 76 99
59 77 31
59 79 56
59 80 12
59 82 61
59 84 78
59 85 79
59 86 63
59 88 91
59 96 61
59 98 26
59 101 70
59 106 31
59 107 95
59 108 81
59 109 18
59 111 5
59 112 60
59 113 75
59 118 56
59 119 91
59 120 94
59 122 51
59 124 64
59 128 70
59 133 34
59 137 79
59 138 8
59 142 95
59 144 39
59 145 85
59 148 42
59 149 95
60 61 78
60 63 99
60 66 18
60 67 92
60 68 81
60 70 33
60 72 65
60 77 6
60 78 27
60 93 55
60 96 71
60 97 64
60 98 18
60 100 15
60 101 36
60 104 59
60 106 92
60 107 77
60 109 92
60 110 59
60 114 40
60 117 36
60 124 48
60 125 83
60 126 84
60 127 65
60 130 75
60 131 63
60 135 57
60 136 82
60 139 54
60 140 76
60 142 59
60 143 87
60 144 29
60 146 89
60 149 69
61 70 16
61 71 71
61 73 22
61 76 27
61 80 7
61 82 52
61 83 42
61 87 25
61 95 2
61 96 78
61 99 80
61 104 49
61 106 77
61 108 18
61 110 19
61 113 33
61 114 99
61 115 95
61 117 19
61 120 24
61 121 79
61 124 3
61 125 94
61 126 12
61 127 95
61 130 68
61 132 5
61 135 60
61 137 17
61 141 3
61 144 53
62 63 84
62 66 75
62 68 16
62 70 60
62 71 56
62 73 35
62 75 43
62 78 71
62 79 35
62 80 31
62 83 49
62 84 21
62 85 65
62 89 83
62 94 88
62 96 43
62 99 25
62 100 31
62 101 34
62 102 55
62 105 80
62 108 4
62 112 8
62 113 78
62 114 65
62 115 48
62 116 76
62 118 3
62 122 62
62 125 31
62 126 21
62 129 26
62 131 13
62 133 28
62 135 66
62 142 2
62 143 96
62 144 82
62 145 33
62 147 83
62 148 65
62 149 60
62 150 11
63 65 11
63 70 7
63 71 34
63 73 27
63 74 7
63 75 70
63 82 32
63 87 98
63 88 67
63 90 3
63 96 99
63 101 98
63 109 5
63 110 74
63 111 8
63 118 79
63 119 71
63 120 63
63 121 19
63 123 10
63 127 95
63 133 1
63 134 85
63 135 27
63 136 12
63 137 97
63 140 78
63 143 50
63 145 15
63 147 84
64 66 69
64 67 38
64 69 96
64 71 87
64 72 91
64 74 84
64 77 26
64 78 17
64 81 32
64 83 23
64 86 86
64 88 25
64 89 25
64 91 41
64 94 43
64 100 3
64 109 33
64 111 60
64 113 51
64 114 12
64 117 6
64 118 12
64 124 79
64 125 93
64 133 15
64 142 65
64 150 90
65 69 73
65 77 10
65 78 48
65 79 24
65 81 16
65 82 66
65 87 9
65 91 88
65 92 92
65 93 39
65 95 2
65 100 37
65 102 41
65 104 24
65 109 35
65 112 18
65 113 47
65 114 56
65 115 49
65 117 88
65 118 48
65 125 62
65 127 36
65 130 22
65 133 90
65 135 77
65 136 70
65 139 79
65 141 33
65 143 5
65 145 72
65 146 3
65 148 53
65 149 41
65 150 34
66 67 90
66 68 37
66 71 9
66 77 80
66 79 55
66 82 79
66 83 64
66 84 85
66 85 11
66 86 1
66 89 68
66 91 32
66 93 93
66 99 77
66 100 65
66 102 63
66 105 41
66 106 30
66 107 31
66 108 12
66 111 56
66 113 99
66 114 47
66 115 52
66 116 45
66 119 91
66 120 54
66 121 22
66 122 18
66 124 7
66 125 35
66 131 75
66 133 81
66 134 85
66 135 39
66 142 85
66 143 23
66 144 72
66 147 69
66 150 21
67 68 28
67 69 85
67 72 8
67 73 28
67 75 81
67 76 90
67 79 9
67 82 10
67 84 49
67 86 52
67 87 16
67 88 70
67 97 65
67 99 3
67 100 65
67 111 72
67 112 11
67 118 14
67 122 24
67 124 42
67 126 54
67 128 54
67 129 19
67 132 90
67 134 60
67 135 82
67 139 70
67 142 94
67 143 2
68 69 61
68 72 37
68 78 62
68 82 24
68 83 2
68 86 63
68 92 87
68 96 22
68 97 3
68 98 52
68 99 85
68 100 54
68 103 5
68 105 58
68 106 40
68 107 14
68 108 81
68 109 93
68 110 74
68 111 4
68 112 72
68 113 17
68 118 25
68 119 16
68 120 6
68 121 81
68 122 35
68 125 12
68 127 53
68 130 94
68 132 30
68 133 3
68 134 61
68 135 58
68 139 43
68 140 22
68 141 89
68 142 56
68 143 46
68 146 73
68 148 33
68 149 2
68 150 99
69 70 21
69 71 93
69 73 50
69 74 5
69 78 67
69 84 9
69 86 21
69 87 39
69 89 68
69 91 51
69 92 69
69 93 23
69 94 40
69 96 98
69 99 49
69 107 64
69 109 22
69 113 94
69 115 25
69 117 8
69 121 31
69 123 94
69 128 36
69 130 42
69 134 90
69 136 60
69 137 52
69 138 36
69 142 6
69 143 57
69 144 9
69 146 7
69 149 81
69 150 8
70 71 51
70 73 88
70 75 92
70 77 69
70 80 100
70 81 64
70 82 92
70 83 46
70 88 98
70 89 1
70 90 90
70 91 23
70 92 66
70 93 62
70 100 57
70 102 82
70 104 92
70 106 3
70 107 41
70 111 10
70 114 98
70 116 11
70 118 1
70 122 46
70 128 77
70 133 19
70 135 98
70 139 89
70 145 39
70 147 29
70 149 43
71 74 12
71 75 1
71 77 68
71 79 56
71 81 14
71 82 14
71 84 7
71 85 57
71 86 65
71 90 58
71 91 60
71 92 71
71 95 82
71 97 85
71 99 87
71 102 30
71 106 74
71 107 68
71 110 62
71 114 89
71 116 68
71 118 31
71 119 24
71 121 22
71 122 19
71 123 82
71 126 74
71 132 59
71 139 45
71 141 72
71 149 85
71 150 77
72 73 63
72 76 75
72 80 27
72 83 76
72 84 86
72 88 42
72 90 75
72 92 92
72 93 34
72 97 9
72 99 38
72 100 98
72 103 81
72 105 26
72 107 37
72 109 15
72 116 71
72 119 11
72 124 91
72 125 66
72 126 45
72 128 57
72 133 88
72 134 13
72 143 1
72 149 32
72 150 24
73 76 54
73 85 81
73 87 9
73 91 33
73 92 33
73 94 97
73 97 66
73 101 38
73 106 11
73 107 71
73 108 45
73 116 23
73 117 52
73 120 70
73 122 33
73 126 59
73 129 47
73 130 40
73 135 53
73 137 96
73 139 11
73 140 61
73 141 55
73 142 26
73 149 34
73 150 91
74 75 6
74 76 73
74 79 6
74 80 80
74 83 81
74 85 37
74 91 38
74 93 76
74 95 10
74 99 43
74 101 99
74 106 46
74 108 81
74 109 32
74 110 15
74 112 54
74 113 100
74 115 16
74 118 75
74 120 28
74 124 52
74 125 42
74 130 54
74 131 19
74 132 81
74 136 21
74 141 31
74 145 49
74 146 34
75 77 79
75 84 29
75 88 23
75 89 23
75 90 26
75 92 85
75 96 7
75 99 92
75 101 41
75 103 69
75 106 2
75 107 5
75 108 76
75 109 43
75 112 53
75 118 58
75 119 65
75 121 57
75 122 91
75 123 58
75 126 39
75 127 42
75 132 99
75 134 15
75 135 65
75 140 10
75 141 13
75 142 81
75 143 31
75 145 76
75 147 28
75 149 14
75 150 11
76 78 72
76 81 44
76 82 96
76 83 70
76 84 8
76 87 68
76 88 81
76 95 45
76 97 80
76 100 43
76 101 51
76 102 42
76 105 13
76 107 31
76 108 34
76 110 87
76 112 94
76 114 6
76 115 57
76 117 67
76 124 4
76 125 51
76 126 16
76 129 92
76 131 5
76 134 34
76 136 54
76 138 67
76 141 83
76 143 18
76 144 95
76 145 28
76 148 13
77 78 26
77 81 3
77 82 75
77 84 79
77 86 69
77 89 69
77 90 51
77 92 81
77 95 81
77 96 78
77 97 37
77 98 70
77 99 9
77 101 55
77 104 63
77 106 84
77 107 25
77 108 73
77 109 75
77 110 41
77 111 10
77 113 31
77 116 57
77 117 37
77 118 51
77 123 43
77 124 65
77 127 71
77 129 57
77 130 27
77 134 45
77 135 98
77 138 19
77 139 81
77 142 42
77 143 13
77 148 50
78 79 1
78 80 64
78 81 25
78 89 8
78 91 94
78 93 66
78 95 45
78 97 54
78 104 15
78 110 14
78 111 50
78 112 71
78 117 100
78 119 12
78 120 90
78 126 64
78 128 69
78 129 12
78 131 100
78 133 21
78 144 71
78 147 28
78 148 22
78 150 42
79 81 52
79 83 57
79 91 12
79 92 71
79 94 9
79 98 81
79 99 91
79 100 69
79 101 8
79 104 80
79 105 20
79 106 86
79 109 69
79 113 4
79 114 24
79 115 60
79 116 97
79 117 37
79 121 46
79 122 36
79 124 49
79 126 51
79 132 85
79 139 24
79 140 76
79 147 37
79 149 12
79 150 6
80 82 4
80 84 24
80 85 96
80 87 86
80 90 13
80 96 65
80 97 40
80 99 20
80 100 17
80 105 31
80 107 72
80 111 21
80 118 46
80 120 84
80 127 61
80 130 72
80 131 84
80 133 25
80 135 3
80 137 31
80 138 87
80 140 54
80 142 69
80 148 13
81 84 72
81 91 38
81 100 50
81 101 12
81 104 60
81 105 41
81 106 79
81 107 84
81 108 47
81 115 15
81 119 45
81 122 49
81 123 99
81 127 12
81 129 6
81 130 95
81 131 81
81 132 63
81 133 55
81 134 65
81 136 40
81 138 9
81 148 51
82 83 67
82 89 5
82 90 50
82 92 49
82 93 56
82 98 95
82 99 50
82 102 53
82 103 23
82 104 76
82 105 11
82 108 7
82 113 67
82 116 24
82 117 45
82 118 64
82 120 3
82 121 27
82 122 33
82 123 67
82 125 89
82 128 91
82 131 7
82 134 45
82 138 96
82 139 41
82 144 9
82 147 27
82 149 10
83 86 94
83 91 30
83 95 61
83 96 4
83 97 93
83 102 26
83 104 94
83 112 89
83 114 25
83 116 39
83 117 12
83 118 70
83 119 30
83 121 28
83 122 75
83 123 68
83 124 97
83 128 21
83 131 87
83 134 61
83 135 13
83 138 58
83 139 76
83 140 19
83 142 7
83 144 64
83 146 2
83 148 14
84 85 47
84 92 36
84 94 86
84 95 27
84 98 50
84 100 22
84 101 16
84 104 1
84 109 49
84 111 33
84 112 49
84 113 25
84 117 6
84 119 87
84 125 28
84 128 92
84 130 34
84 133 61
84 139 88
84 141 75
84 142 23
84 144 78
84 145 72
84 148 56
85 89 90
85 91 97
85 92 72
85 96 84
85 97 44
85 99 94
85 101 62
85 105 99
85 108 39
85 109 79
85 110 24
85 111 78
85 118 80
85 119 72
85 124 28
85 128 85
85 129 100
85 133 78
85 134 60
85 136 76
85 137 22
85 138 6
85 139 86
85 140 83
85 145 37
85 147 15
85 148 80
85 149 76
85 150 29
86 87 94
86 88 15
86 89 55
86 90 83
86 92 35
86 96 77
86 97 55
86 104 79
86 107 55
86 108 90
86 110 74
86 112 17
86 113 30
86 115 13
86 119 86
86 120 35
86 126 71
86 127 66
86 130 18
86 131 93
86 134 83
86 136 98
86 138 63
86 140 90
86 147 73
86 148 11
86 150 8
87 89 89
87 90 9
87 91 14
87 93 32
87 96 2
87 97 98
87 99 29
87 102 12
87 106 70
87 108 73
87 109 29
87 117 88
87 118 48
87 121 6
87 122 33
87 123 30
87 124 33
87 125 70
87 128 40
87 129 63
87 130 89
87 131 48
87 132 98
87 134 71
87 135 1
87 136 37
87 143 88
87 146 65
87 147 89
88 89 98
88 92 76
88 94 27
88 98 38
88 100 71
88 101 31
88 103 34
88 105 34
88 106 82
88 107 32
88 108 10
88 109 83
88 111 77
88 112 73
88 113 51
88 114 100
88 115 99
88 116 19
88 117 66
88 118 85
88 120 47
88 123 7
88 124 5
88 125 3
88 126 55
88 129 25
88 130 98
88 131 47
88 132 43
88 134 79
88 135 51
88 137 17
88 138 18
88 140 11
88 141 68
88 144 83
88 148 16
89 90 90
89 91 13
89 96 31
89 103 64
89 108 28
89 112 40
89 114 10
89 118 59
89 119 94
89 120 95
89 121 69
89 122 75
89 124 69
89 126 1
89 127 50
89 128 31
89 129 55
89 133 51
89 139 56
89 142 54
89 144 87
89 145 52
89 146 72
90 91 36
90 93 77
90 95 25
90 97 23
90 98 33
90 102 11
90 104 1
90 116 82
90 117 51
90 119 65
90 122 19
90 128 95
90 130 77
90 134 20
90 137 84
90 138 23
90 140 57
90 146 55
90 148 40
90 149 96
91 93 92
91 94 73
91 96 27
91 99 60
91 101 73
91 103 27
91 105 86
91 106 76
91 111 41
91 112 69
91 115 40
91 116 50
91 123 14
91 124 18
91 125 96
91 127 22
91 131 26
91 132 8
91 142 1
91 143 44
91 147 68
92 93 58
92 102 97
92 103 87
92 109 94
92 111 23
92 116 74
92 117 50
92 119 100
92 120 70
92 121 12
92 124 93
92 129 91
92 137 35
92 139 3
92 141 4
92 142 98
92 145 23
92 147 75
93 95 80
93 96 61
93 97 31
93 102 96
93 105 3
93 106 48
93 111 88
93 114 91
93 115 2
93 119 36
93 120 14
93 123 21
93 128 90
93 131 40
93 133 74
93 137 44
93 141 35
93 142 10
93 145 89
93 147 44
93 150 38
94 95 8
94 98 37
94 99 6
94 101 25
94 102 24
94 106 51
94 107 94
94 110 11
94 112 63
94 114 8
94 115 12
94 118 54
94 120 29
94 122 11
94 123 3
94 124 40
94 125 39
94 132 13
94 134 2
94 137 38
94 139 9
94 143 62
94 144 94
94 145 44
94 146 19
94 147 92
94 148 2
94 150 47
95 98 73
95 101 50
95 104 45
95 105 58
95 107 45
95 108 99
95 110 97
95 112 32
95 115 91
95 117 12
95 118 11
95 121 12
95 122 34
95 123 28
95 124 71
95 126 27
95 127 12
95 137 87
95 140 98
95 143 45
95 148 88
95 149 70
95 150 22
96 99 11
96 101 13
96 104 81
96 105 23
96 106 29
96 109 38
96 110 42
96 112 81
96 114 46
96 119 67
96 121 1
96 125 12
96 126 96
96 127 83
96 130 62
96 133 63
96 134 63
96 137 84
96 140 19
96 141 32
96 143 84
96 144 7
96 145 74
96 146 27
96 147 7
97 101 31
97 102 75
97 104 65
97 108 1
97 109 94
97 111 64
97 115 77
97 117 47
97 119 59
97 120 52
97 121 43
97 122 74
97 132 100
97 133 32
97 137 87
97 138 21
97 140 56
97 147 65
98 101 29
98 102 88
98 106 95
98 109 83
98 110 50
98 111 53
98 114 15
98 115 76
98 116 87
98 120 51
98 121 18
98 124 5
98 127 56
98 128 12
98 131 15
98 132 84
98 134 33
98 136 42
98 138 45
98 139 16
98 142 74
98 144 66
98 149 58
98 150 18
99 102 86
99 103 90
99 112 98
99 116 1
99 118 93
99 121 9
99 123 82
99 128 54
99 129 52
99 130 55
99 131 47
99 132 44
99 133 64
99 135 46
99 137 34
99 139 60
99 140 85
99 141 17
99 143 87
99 148 45
100 104 69
100 106 84
100 108 30
100 111 74
100 114 14
100 118 37
100 119 35
100 120 13
100 122 51
100 126 44
100 130 23
100 139 49
100 141 86
100 143 37
100 144 22
100 146 25
101 102 59
101 103 42
101 106 90
101 110 78
101 113 11
101 115 69
101 116 82
101 121 70
101 122 33
101 125 99
101 127 18
101 137 31
101 138 90
101 143 95
101 145 67
101 146 1
101 148 51
102 104 59
102 111 6
102 112 41
102 113 67
102 123 23
102 127 70
102 129 96
102 130 14
102 131 5
102 134 95
102 135 42
102 144 6
102 147 46
102 148 73
102 149 92
103 114 29
103 119 16
103 124 9
103 125 73
103 127 43
103 129 79
103 132 44
103 138 51
103 140 9
103 145 69
103 146 34
103 147 40
103 148 33
103 150 79
104 106 69
104 107 88
104 109 7
104 113 24
104 117 45
104 118 74
104 122 19
104 125 17
104 126 57
104 127 32
104 130 88
104 131 28
104 132 10
104 133 18
104 134 99
104 138 35
104 139 69
104 141 62
104 142 81
104 145 92
104 149 6
105 106 82
105 108 78
105 110 22
105 112 32
105 116 24
105 117 91
105 119 31
105 121 66
105 122 94
105 125 55
105 126 98
105 128 45
105 131 72
105 133 61
105 136 66
105 141 19
105 145 42
105 146 65
105 149 47
105 150 4
106 110 91
106 118 78
106 119 53
106 121 51
106 122 43
106 123 72
106 124 48
106 126 96
106 131 30
106 137 65
106 142 39
106 144 8
106 146 47
106 147 84
106 148 41
106 150 84
107 109 43
107 111 56
107 113 25
107 114 23
107 116 47
107 122 51
107 123 39
107 124 69
107 125 57
107 126 36
107 127 99
107 131 71
107 132 75
107 133 64
107 141 85
107 143 96
107 144 31
107 145 52
108 112 11
108 118 20
108 126 100
108 127 85
108 128 71
108 129 30
108 131 60
108 133 30
108 136 3
108 142 93
108 143 45
108 146 34
108 148 70
108 149 28
109 113 14
109 116 35
109 117 78
109 119 53
109 123 70
109 124 4
109 127 27
109 133 44
109 136 73
109 138 33
109 139 41
109 140 14
109 142 70
109 148 56
110 112 5
110 114 83
110 115 23
110 116 87
110 121 39
110 125 95
110 126 51
110 128 37
110 132 84
110 134 9
110 136 71
110 137 4
110 138 37
110 139 9
110 140 11
110 141 82
110 142 67
110 143 6
110 144 38
110 145 74
110 146 68
110 147 58
111 114 47
111 116 69
111 118 99
111 119 11
111 122 21
111 125 87
111 126 2
111 128 24
111 129 41
111 132 44
111 143 46
111 144 57
111 148 23
112 113 40
112 115 56
112 116 65
112 120 82
112 121 51
112 125 22
112 127 26
112 128 31
112 134 53
112 135 88
112 136 64
112 139 41
112 140 89
112 144 37
112 146 44
112 150 11
113 116 11
113 117 67
113 118 57
113 120 31
113 121 9
113 123 78
113 124 89
113 131 49
113 132 14
113 134 34
113 138 95
113 144 68
113 146 57
114 117 96
114 119 33
114 122 20
114 123 19
114 124 37
114 125 80
114 129 13
114 130 84
114 133 59
114 141 32
114 142 47
114 143 94
114 145 95
115 116 44
115 120 13
115 122 11
115 123 78
115 124 68
115 125 7
115 127 85
115 131 19
115 134 71
115 135 39
115 136 67
115 137 75
115 148 71
115 150 1
116 120 1
116 121 41
116 123 10
116 125 1
116 128 92
116 131 51
116 133 76
116 135 84
116 137 30
116 139 8
116 140 70
116 142 33
116 143 67
116 150 61
117 119 95
117 121 15
117 123 36
117 128 94
117 129 49
117 131 88
117 133 91
117 134 79
117 136 65
117 137 11
117 142 70
117 146 86
117 147 13
117 148 32
118 121 33
118 124 6
118 130 7
118 133 22
118 134 49
118 137 85
118 139 82
118 145 24
118 147 12
119 121 69
119 128 97
119 129 1
119 131 79
119 133 37
119 135 53
119 137 19
119 138 56
119 141 35
119 142 96
119 143 93
119 144 66
119 148 87
120 121 71
120 124 91
120 129 65
120 130 52
120 132 94
120 139 37
120 140 1
120 142 83
120 143 97
121 124 73
121 125 95
121 127 33
121 128 33
121 131 99
121 134 91
121 139 38
121 140 36
121 141 98
121 143 97
121 148 98
122 131 6
122 138 4
122 140 51
122 141 29
122 142 11
122 145 100
122 146 56
122 148 51
123 124 40
123 129 71
123 131 82
123 135 56
123 136 75
123 139 65
123 141 58
123 142 49
123 144 77
123 147 51
123 148 83
124 125 18
124 127 35
124 132 36
124 138 6
124 140 27
124 142 14
124 144 45
124 145 39
124 147 37
124 148 45
124 149 82
125 138 20
125 139 67
125 140 77
125 141 34
125 142 74
125 143 83
125 149 42
126 127 29
126 129 68
126 130 23
126 133 21
126 137 39
126 138 35
126 141 81
126 144 31
126 147 10
126 149 11
127 129 96
127 131 14
127 133 51
127 134 54
127 138 3
127 140 10
127 146 99
127 149 99
128 129 60
128 130 17
128 132 53
128 133 85
128 134 39
128 135 2
128 137 88
128 138 7
128 141 70
128 143 35
128 144 41
128 146 74
128 147 4
128 149 36
129 130 45
129 131 27
129 133 7
129 134 83
129 135 61
129 138 45
129 143 79
129 145 52
129 146 84
129 149 85
130 134 24
130 138 93
130 142 77
130 143 3
130 144 42
131 132 96
131 133 41
131 135 29
131 137 59
131 140 17
131 141 90
131 142 65
131 144 22
131 148 4
131 149 97
131 150 2
132 138 45
132 139 75
132 144 30
132 147 19
132 148 6
132 150 21
133 135 99
133 137 8
133 141 41
133 145 48
133 148 26
133 150 5
134 135 6
134 136 7
134 137 49
134 141 49
134 142 37
134 143 19
134 144 74
134 146 78
134 147 78
135 141 12
135 142 23
135 143 40
135 144 50
135 145 81
135 146 31
136 137 15
136 141 48
136 143 8
136 145 50
136 148 65
136 149 9
137 140 76
137 142 7
137 144 2
137 145 15
137 147 52
137 148 39
137 149 32
138 140 44
138 143 95
138 146 50
138 147 26
139 143 27
139 144 15
139 146 64
139 150 2
140 141 50
140 147 59
141 143 68
141 148 85
141 149 43
142 144 88
142 147 88
143 144 22
143 146 84
143 147 64
143 148 86
143 149 87
144 145 50
144 146 42
144 150 37
145 146 16
145 147 36
145 148 91
145 150 33
146 147 48
146 148 58
146 150 76
147 148 7
148 149 64
149 150 27
1 4 6
1 9 11
1 10 19
1 12 89
1 13 23
1 15 69
1 17 63
1 18 14
1 20 84
1 21 67
1 22 50
1 26 63
1 30 97
1 31 65
1 34 77
1 39 29
1 41 5
1 45 62
1 48 94
1 51 54
1 54 61
1 57 20
1 60 96
1 61 54
1 63 28
1 72 5
1 73 40
1 76 67
1 79 34
1 80 76
1 82 91
1 86 21
1 88 79
1 92 21
1 95 96
1 96 49
1 99 90
1 100 27
1 102 15
1 105 29
1 110 67
1 112 77
1 113 10
1 114 90
1 117 47
1 119 18
1 120 95
1 121 37
1 126 86
1 127 10
1 129 28
1 130 40
1 135 72
1 138 45
1 144 23
1 145 43
1 146 80
1 147 75
2 3 18
2 4 75
2 5 19
2 7 6
2 11 61
2 13 46
2 16 62
2 21 75
2 22 21
2 25 90
2 29 12
2 30 23
2 31 9
2 32 90
2 33 43
2 34 24
2 38 11
2 40 67
2 42 53
2 43 84
2 44 82
2 45 49
2 49 43
2 51 82
2 55 77
2 56 40
2 58 89
2 59 8
2 61 50
2 62 39
2 64 73
2 66 59
2 68 37
2 72 48
2 73 39
2 74 67
2 77 13
2 78 23
2 83 69
2 84 76
2 85 95
2 88 81
2 89 16
2 90 94
2 91 47
2 93 16
2 96 36
2 100 49
2 102 31
2 103 51
2 107 34
2 111 2
2 114 65
2 117 17
2 118 82
2 119 53
2 120 30
2 121 94
2 123 88
2 124 18
2 125 69
2 128 40
2 131 47
2 133 6
2 134 92
2 137 10
2 150 39
3 4 30
3 6 17
3 7 55
3 8 51
3 11 37
3 16 40
3 17 3
3 18 90
3 19 58
3 26 51
3 29 23
3 30 70
3 33 7
3 40 30
3 41 57
3 42 24
3 46 65
3 48 18
3 49 26
3 57 63
3 58 10
3 63 97
3 71 45
3 72 25
3 74 45
3 76 11
3 80 15
3 90 7
3 91 39
3 92 41
3 93 11
3 94 81
3 97 42
3 98 40
3 100 6
3 102 32
3 104 17
3 109 84
3 110 67
3 117 42
3 122 99
3 125 23
3 127 31
3 131 26
3 140 4
3 142 26
3 144 17
3 147 47
3 150 88
4 5 3
4 7 13
4 12 3
4 15 1
4 17 64
4 25 93
4 26 52
4 27 99
4 30 38
4 34 21
4 42 35
4 44 74
4 46 48
4 54 69
4 56 45
4 60 84
4 63 58
4 64 91
4 68 28
4 69 55
4 77 31
4 78 98
4 79 92
4 81 58
4 86 96
4 87 99
4 92 87
4 93 11
4 95 97
4 99 43
4 100 97
4 101 85
4 102 8
4 104 79
4 105 57
4 108 6
4 115 70
4 116 77
4 117 45
4 119 44
4 121 55
4 122 73
4 123 51
4 126 64
4 127 35
4 130 65
4 132 85
4 133 20
4 136 93
4 139 44
4 141 95
4 142 91
4 143 50
4 145 96
4 148 66
4 149 60
5 6 81
5 7 67
5 10 59
5 11 87
5 14 8
5 15 63
5 16 31
5 19 2
5 23 7
5 24 51
5 25 95
5 26 68
5 27 41
5 29 82
5 35 52
5 36 80
5 39 3
5 43 60
5 44 86
5 46 61
5 49 82
5 53 24
5 55 77
5 58 7
5 60 63
5 61 30
5 64 31
5 66 59
5 68 69
5 71 52
5 73 60
5 80 52
5 82 62
5 85 4
5 87 78
5 88 23
5 90 67
5 92 88
5 93 49
5 94 9
5 95 69
5 100 83
5 101 12
5 102 94
5 105 23
5 107 86
5 111 91
5 125 15
5 126 23
5 127 49
5 129 58
5 130 95
5 135 43
5 140 16
5 141 5
5 143 50
5 144 88
5 150 66
6 8 92
6 16 92
6 19 78
6 20 92
6 22 98
6 27 5
6 28 87
6 33 95
6 42 61
6 43 11
6 46 77
6 47 95
6 51 72
6 52 10
6 53 83
6 54 94
6 56 75
6 57 37
6 60 17
6 61 97
6 64 49
6 71 11
6 72 8
6 74 43
6 75 43
6 77 14
6 78 16
6 83 25
6 84 51
6 85 89
6 87 21
6 88 73
6 89 52
6 91 38
6 92 89
6 93 93
6 95 46
6 97 10
6 99 53
6 100 44
6 104 91
6 110 84
6 111 15
6 118 60
6 119 42
6 124 13
6 125 89
6 127 69
6 129 35
6 132 35
6 136 90
6 137 41
6 138 24
6 140 32
6 141 97
6 145 76
6 148 42
6 149 22
7 8 34
7 11 37
7 12 87
7 13 88
7 16 99
7 17 82
7 18 31
7 21 50
7 24 43
7 28 91
7 30 92
7 31 35
7 33 1
7 37 13
7 39 47
7 44 22
7 46 55
7 48 47
7 51 12
7 58 23
7 59 2
7 63 56
7 64 34
7 66 41
7 71 64
7 88 11
7 89 96
7 92 51
7 96 9
7 99 87
7 101 61
7 110 12
7 118 66
7 123 100
7 133 24
7 135 74
7 140 69
7 143 19
7 147 26
7 149 8
8 13 97
8 15 15
8 17 13
8 20 44
8 26 79
8 27 6
8 28 58
8 29 63
8 31 63
8 32 32
8 33 52
8 34 20
8 35 10
8 36 73
8 39 86
8 41 26
8 42 25
8 43 21
8 45 38
8 47 27
8 48 19
8 54 87
8 56 32
8 57 39
8 58 3
8 59 17
8 63 30
8 67 94
8 68 63
8 69 23
8 73 8
8 79 89
8 80 97
8 87 99
8 88 75
8 91 65
8 101 56
8 102 71
8 103 67
8 104 69
8 106 48
8 114 34
8 123 18
8 124 2
8 127 16
8 128 93
8 135 43
8 136 56
8 139 44
8 140 5
8 141 65
8 142 27
8 143 79
8 146 10
8 147 78
8 148 77
8 149 49
8 150 81
9 10 47
9 14 7
9 15 24
9 18 12
9 21 13
9 22 30
9 23 80
9 24 36
9 25 34
9 27 52
9 28 71
9 29 93
9 30 22
9 33 16
9 34 64
9 36 81
9 37 28
9 38 4
9 39 44
9 40 80
9 41 97
9 43 46
9 44 15
9 50 19
9 51 89
9 58 85
9 63 7
9 65 87
9 66 56
9 67 85
9 69 57
9 71 80
9 72 4
9 73 79
9 75 82
9 80 70
9 82 75
9 83 88
9 84 76
9 86 94
9 87 15
9 88 17
9 90 83
9 92 40
9 94 42
9 95 22
9 96 98
9 100 41
9 105 52
9 106 14
9 107 54
9 108 9
9 110 72
9 111 4
9 114 43
9 115 52
9 118 4
9 124 31
9 127 36
9 131 38
9 133 82
9 135 40
9 138 37
9 143 49
9 145 82
9 148 25
9 150 45
10 12 78
10 16 82
10 17 25
10 18 96
10 19 4
10 22 76
10 23 57
10 25 59
10 28 15
10 30 55
10 31 61
10 33 77
10 35 87
10 38 73
10 42 25
10 43 18
10 44 43
10 45 54
10 47 69
10 48 62
10 49 84
10 51 51
10 58 55
10 59 73
10 60 70
10 66 3
10 67 44
10 71 39
10 72 2
10 76 29
10 79 55
10 82 78
10 84 70
10 85 22
10 86 15
10 87 55
10 92 44
10 93 33
10 96 53
10 97 69
10 104 62
10 105 74
10 116 4
10 117 95
10 122 6
10 125 45
10 126 9
10 127 100
10 129 4
10 130 32
10 131 95
10 132 14
10 135 23
10 137 82
10 138 86
10 139 30
10 142 96
10 149 37
11 12 7
11 14 29
11 15 19
11 18 80
11 20 46
11 21 6
11 25 20
11 27 76
11 28 65
11 29 60
11 34 96
11 37 17
11 40 14
11 41 34
11 43 74
11 45 24
11 52 91
11 57 91
11 63 26
11 66 100
11 70 34
11 71 92
11 72 73
11 73 77
11 80 49
11 85 100
11 86 24
11 90 65
11 91 82
11 92 50
11 94 85
11 96 64
11 98 63
11 99 96
11 100 29
11 102 42
11 107 8
11 110 40
11 113 24
11 118 91
11 120 56
11 122 22
11 124 63
11 126 64
11 128 94
11 130 41
11 133 58
11 137 55
11 139 94
11 142 96
11 143 5
11 145 66
11 147 46
12 14 86
12 15 44
12 16 65
12 19 9
12 21 94
12 29 6
12 30 43
12 33 52
12 34 50
12 36 53
12 39 19
12 40 96
12 41 16
12 47 62
12 48 99
12 50 84
12 52 5
12 53 7
12 54 77
12 57 88
12 62 8
12 63 78
12 69 9
12 73 11
12 74 17
12 78 35
12 81 50
12 82 14
12 83 55
12 87 84
12 89 56
12 91 82
12 92 55
12 93 98
12 96 56
12 97 13
12 99 75
12 100 20
12 107 91
12 108 32
12 109 2
12 115 53
12 123 58
12 124 22
12 126 61
12 127 61
12 128 10
12 129 59
12 130 93
12 131 69
12 133 16
12 135 39
12 141 14
12 144 71
12 146 82
12 148 94
12 149 6
12 150 33
13 14 93
13 15 96
13 16 54
13 17 42
13 18 26
13 22 87
13 25 94
13 28 88
13 29 25
13 34 51
13 36 52
13 37 64
13 40 55
13 42 49
13 44 1
13 45 22
13 46 1
13 48 100
13 50 67
13 52 63
13 60 12
13 62 46
13 64 48
13 68 88
13 70 43
13 71 17
13 72 52
13 76 25
13 79 83
13 81 19
13 84 24
13 85 37
13 86 75
13 89 81
13 92 85
13 93 82
13 97 40
13 99 52
13 100 46
13 102 90
13 103 33
13 110 78
13 116 82
13 118 48
13 119 5
13 123 20
13 125 8
13 128 59
13 129 45
13 132 77
13 133 33
13 134 63
13 135 65
13 137 82
13 139 88
13 140 33
13 141 23
13 146 36
13 148 98
13 149 42
14 17 41
14 18 80
14 19 13
14 21 1
14 23 92
14 25 82
14 26 18
14 28 5
14 32 43
14 33 80
14 34 36
14 35 79
14 40 46
14 41 6
14 43 9
14 45 42
14 46 70
14 47 22
14 49 64
14 50 94
14 51 63
14 54 67
14 56 78
14 59 75
14 60 83
14 63 72
14 70 93
14 75 22
14 80 57
14 81 25
14 85 30
14 87 62
14 92 84
14 93 46
14 97 53
14 101 46
14 108 73
14 110 14
14 113 29
14 115 22
14 125 31
14 126 4
14 129 66
14 131 20
14 133 77
14 139 25
14 142 64
14 146 52
15 17 84
15 22 40
15 25 47
15 26 31
15 32 72
15 36 37
15 37 40
15 38 26
15 41 16
15 43 88
15 44 50
15 45 81
15 47 43
15 52 7
15 53 41
15 54 96
15 59 54
15 60 52
15 62 19
15 66 88
15 68 32
15 69 99
15 78 58
15 81 79
15 86 27
15 89 7
15 91 68
15 92 97
15 93 30
15 95 4
15 100 77
15 106 32
15 109 49
15 112 65
15 113 74
15 114 67
15 115 26
15 121 21
15 124 89
15 126 11
15 127 3
15 128 29
15 129 32
15 133 11
15 134 62
15 139 95
15 141 77
15 143 9
15 148 24
15 149 3
16 18 1
16 19 94
16 20 36
16 21 7
16 24 57
16 25 35
16 26 87
16 28 68
16 31 43
16 32 15
16 33 45
16 34 100
16 36 32
16 37 40
16 38 93
16 42 58
16 43 26
16 44 60
16 47 3
16 49 28
16 51 82
16 59 27
16 62 49
16 64 25
16 67 96
16 71 10
16 74 100
16 75 65
16 76 1
16 79 5
16 82 5
16 86 32
16 87 40
16 96 18
16 103 41
16 109 54
16 111 41
16 115 49
16 117 13
16 121 90
16 123 25
16 125 23
16 126 33
16 129 28
16 130 67
16 132 81
16 133 38
16 135 90
16 140 25
16 148 7
17 19 81
17 20 53
17 23 81
17 28 49
17 30 59
17 31 99
17 35 63
17 38 97
17 39 67
17 43 35
17 44 41
17 46 67
17 56 52
17 58 43
17 59 75
17 60 50
17 71 100
17 72 36
17 76 3
17 84 86
17 85 83
17 87 26
17 89 73
17 91 65
17 92 39
17 97 82
17 98 46
17 100 9
17 102 55
17 110 11
17 111 3
17 114 52
17 116 32
17 126 74
17 130 78
17 131 95
17 132 48
17 133 65
17 134 37
17 136 69
17 138 88
17 142 73
17 144 70
17 146 55
17 150 84
18 20 47
18 21 76
18 25 22
18 27 32
18 28 43
18 31 55
18 32 94
18 33 16
18 35 59
18 38 21
18 41 12
18 43 74
18 49 5
18 50 85
18 51 26
18 53 46
18 54 66
18 57 6
18 61 3
18 63 31
18 64 3
18 67 28
18 68 70
18 72 83
18 75 22
18 79 8
18 83 60
18 85 46
18 87 95
18 89 89
18 90 98
18 91 14
18 96 65
18 98 52
18 99 67
18 102 91
18 103 12
18 104 71
18 105 62
18 107 72
18 108 79
18 109 6
18 112 54
18 116 74
18 119 25
18 120 90
18 126 46
18 127 9
18 130 13
18 133 6
18 134 60
18 135 58
18 136 64
18 137 35
18 147 4
18 149 6
19 24 50
19 26 8
19 27 67
19 28 85
19 29 9
19 30 38
19 31 57
19 33 49
19 39 42
19 41 26
19 42 44
19 45 81
19 46 8
19 49 84
19 50 76
19 52 17
19 54 35
19 56 48
19 57 96
19 58 28
19 61 14
19 62 26
19 63 44
19 70 43
19 71 62
19 72 39
19 74 56
19 75 40
19 76 43
19 77 28
19 79 86
19 86 70
19 87 13
19 89 34
19 93 51
19 95 73
19 98 86
19 99 85
19 102 20
19 103 56
19 104 57
19 110 65
19 111 41
19 112 72
19 113 99
19 115 47
19 117 37
19 119 24
19 121 94
19 123 9
19 125 25
19 126 15
19 128 57
19 129 46
19 132 100
19 134 14
19 136 3
19 137 42
19 138 6
19 140 40
19 142 22
19 144 3
19 146 82
19 148 60
20 29 54
20 32 100
20 35 4
20 38 83
20 40 59
20 44 73
20 47 1
20 50 42
20 51 60
20 52 42
20 56 91
20 57 17
20 63 74
20 64 65
20 65 52
20 66 35
20 67 56
20 69 62
20 75 22
20 77 8
20 78 5
20 81 59
20 82 71
20 85 95
20 88 69
20 89 7
20 91 84
20 95 8
20 97 69
20 99 82
20 102 98
20 104 81
20 107 54
20 108 1
20 109 86
20 110 84
20 111 62
20 112 75
20 113 34
20 114 98
20 116 88
20 122 3
20 123 6
20 125 31
20 127 8
20 128 33
20 129 94
20 131 50
20 135 72
20 141 89
20 144 24
20 147 49
20 149 86
21 23 56
21 25 99
21 26 9
21 29 9
21 31 78
21 34 48
21 35 43
21 42 25
21 46 81
21 51 99
21 53 58
21 58 21
21 60 64
21 62 76
21 63 29
21 65 39
21 67 52
21 68 86
21 73 40
21 75 6
21 76 97
21 78 8
21 80 54
21 81 59
21 89 55
21 90 92
21 92 58
21 93 38
21 94 58
21 97 60
21 98 82
21 100 37
21 101 65
21 102 19
21 107 52
21 110 59
21 112 70
21 113 7
21 114 44
21 115 78
21 117 73
21 121 43
21 122 14
21 124 71
21 126 56
21 132 50
21 133 13
21 140 43
21 143 77
21 144 75
21 145 95
21 147 15
21 148 90
21 149 97
21 150 54
22 23 37
22 26 31
22 27 29
22 30 1
22 35 35
22 38 52
22 42 14
22 45 13
22 47 27
22 48 95
22 52 63
22 57 78
22 58 35
22 62 15
22 64 40
22 69 82
22 70 60
22 71 49
22 72 57
22 75 49
22 82 83
22 87 44
22 89 25
22 91 83
22 94 40
22 97 55
22 102 52
22 103 45
22 105 20
22 109 49
22 110 92
22 112 36
22 118 32
22 119 41
22 120 36
22 125 87
22 129 18
22 130 14
22 131 72
22 132 11
22 134 51
22 136 87
22 147 45
22 149 57
23 24 49
23 25 51
23 27 64
23 31 15
23 35 58
23 36 24
23 39 12
23 44 36
23 45 71
23 46 85
23 47 41
23 48 34
23 50 66
23 56 76
23 68 80
23 71 54
23 72 8
23 73 91
23 74 66
23 75 100
23 76 87
23 79 18
23 80 89
23 83 66
23 84 48
23 85 23
23 86 7
23 87 24
23 92 34
23 95 42
23 99 80
23 100 81
23 102 32
23 103 86
23 104 94
23 105 65
23 106 69
23 108 100
23 116 32
23 117 6
23 119 20
23 123 72
23 126 64
23 128 11
23 132 28
23 133 93
23 134 72
23 136 36
23 137 61
23 138 82
23 140 17
23 142 50
23 145 62
23 149 96
23 150 72
24 25 59
24 26 54
24 29 61
24 30 28
24 31 86
24 33 87
24 34 51
24 38 7
24 47 51
24 48 91
24 50 97
24 51 14
24 52 85
24 55 60
24 56 58
24 59 21
24 61 8
24 63 83
24 65 70
24 68 67
24 70 94
24 82 41
24 83 8
24 87 2
24 88 100
24 90 47
24 95 36
24 97 55
24 98 52
24 99 30
24 101 64
24 103 50
24 104 36
24 105 86
24 109 80
24 111 56
24 112 23
24 114 17
24 115 42
24 117 78
24 119 80
24 120 19
24 121 64
24 122 34
24 126 45
24 128 83
24 129 30
24 130 88
24 132 24
24 135 20
24 136 84
24 138 84
24 140 81
24 146 76
24 147 6
24 150 20
25 27 70
25 28 18
25 29 77
25 30 90
25 33 36
25 34 87
25 38 37
25 39 60
25 43 31
25 44 82
25 45 82
25 50 17
25 52 10
25 55 11
25 57 86
25 59 7
25 61 36
25 64 60
25 67 83
25 71 38
25 73 84
25 77 95
25 81 23
25 82 4
25 86 47
25 91 53
25 92 5
25 93 35
25 95 28
25 100 76
25 102 4
25 104 22
25 108 3
25 110 92
25 112 47
25 113 38
25 114 70
25 116 27
25 117 55
25 119 61
25 120 76
25 125 55
25 127 34
25 130 31
25 133 86
25 134 3
25 141 97
25 144 73
25 146 25
25 148 20
26 40 39
26 44 7
26 46 97
26 47 62
26 50 51
26 51 11
26 54 68
26 56 64
26 58 30
26 59 46
26 63 93
26 64 65
26 67 90
26 72 39
26 73 62
26 74 90
26 75 81
26 83 98
26 84 54
26 85 14
26 86 81
26 89 27
26 90 84
26 98 91
26 99 46
26 101 88
26 103 25
26 105 63
26 106 88
26 110 64
26 111 77
26 115 15
26 118 51
26 121 98
26 127 51
26 129 33
26 130 81
26 133 82
26 135 45
26 138 3
26 140 45
26 141 1
26 142 97
26 144 64
26 145 68
26 147 69
26 148 81
27 30 12
27 33 40
27 36 62
27 37 84
27 39 76
27 41 42
27 44 55
27 49 10
27 51 63
27 52 56
27 55 15
27 57 73
27 58 48
27 59 58
27 60 6
27 61 14
27 62 68
27 63 53
27 64 51
27 65 52
27 67 8
27 68 22
27 72 10
27 75 91
27 76 72
27 79 10
27 81 62
27 83 83
27 85 58
27 87 49
27 89 40
27 90 36
27 94 93
27 97 22
27 98 96
27 99 85
27 100 12
27 104 44
27 105 63
27 106 17
27 107 3
27 111 5
27 113 23
27 120 81
27 124 81
27 125 13
27 126 22
27 128 5
27 129 31
27 130 49
27 131 98
27 135 73
27 138 22
27 139 66
27 144 62
27 149 7
27 150 33
28 32 43
28 36 49
28 38 86
28 41 61
28 42 18
28 43 91
28 44 37
28 48 50
28 49 84
28 53 44
28 54 29
28 55 25
28 56 74
28 59 94
28 68 49
28 70 45
28 71 56
28 73 38
28 76 83
28 83 5
28 89 92
28 91 76
28 93 50
28 95 87
28 97 87
28 100 92
28 101 20
28 102 16
28 103 91
28 105 18
28 109 69
28 112 66
28 113 1
28 117 39
28 119 42
28 120 72
28 123 94
28 124 57
28 125 7
28 126 9
28 127 18
28 133 15
28 134 62
28 137 83
28 140 44
28 143 9
28 145 92
28 148 23
28 149 86
29 33 68
29 34 28
29 36 81
29 38 50
29 41 90
29 45 97
29 47 88
29 55 32
29 56 72
29 60 72
29 62 12
29 66 8
29 69 57
29 73 33
29 77 38
29 78 95
29 81 66
29 85 89
29 89 23
29 90 55
29 93 8
29 99 41
29 104 64
29 112 85
29 113 63
29 114 67
29 115 50
29 116 5
29 119 91
29 121 66
29 122 5
29 125 29
29 131 94
29 132 43
29 138 39
29 139 80
29 141 81
29 142 6
29 143 34
29 145 89
29 147 60
29 149 78
29 150 8
30 33 6
30 34 23
30 40 63
30 41 49
30 43 21
30 46 12
30 47 85
30 48 88
30 49 65
30 50 57
30 51 79
30 55 94
30 61 15
30 62 93
30 65 73
30 68 49
30 69 69
30 74 54
30 76 14
30 77 77
30 78 68
30 79 72
30 80 82
30 82 80
30 83 45
30 86 15
30 90 71
30 91 88
30 92 55
30 93 23
30 95 87
30 112 100
30 113 47
30 118 72
30 119 2
30 120 88
30 123 30
30 127 72
30 129 23
30 130 74
30 133 25
30 135 89
30 138 62
30 139 92
30 140 4
30 141 93
30 142 29
30 145 59
30 149 68
31 32 6
31 34 61
31 37 89
31 38 68
31 39 48
31 40 77
31 41 97
31 43 90
31 47 24
31 49 22
31 57 4
31 58 26
31 60 55
31 61 38
31 63 81
31 68 42
31 69 25
31 70 73
31 71 39
31 76 39
31 78 37
31 81 61
31 82 89
31 83 12
31 86 85
31 88 80
31 94 76
31 96 15
31 99 56
31 102 82
31 104 37
31 106 21
31 107 74
31 109 43
31 111 53
31 112 64
31 113 50
31 117 62
31 118 28
31 126 53
31 131 80
31 133 8
31 134 78
31 136 45
31 140 94
31 141 58
31 144 24
31 146 17
31 147 79
31 150 5
32 34 35
32 35 15
32 36 57
32 41 9
32 44 56
32 45 5
32 46 90
32 49 15
32 52 71
32 53 46
32 54 2
32 57 60
32 58 53
32 60 7
32 68 67
32 69 11
32 71 22
32 73 50
32 75 78
32 79 93
32 80 51
32 82 68
32 83 93
32 84 67
32 85 42
32 86 95
32 89 81
32 90 36
32 92 22
32 93 42
32 97 48
32 103 74
32 104 23
32 105 26
32 106 13
32 107 38
32 109 38
32 110 87
32 111 93
32 112 39
32 118 77
32 120 100
32 121 43
32 122 2
32 124 6
32 125 42
32 128 4
32 129 33
32 131 13
32 132 19
32 133 72
32 136 29
32 139 93
32 140 97
33 34 66
33 37 5
33 39 12
33 40 85
33 42 54
33 45 82
33 50 60
33 51 52
33 55 80
33 58 98
33 61 98
33 65 8
33 66 95
33 71 11
33 74 18
33 79 36
33 81 65
33 85 37
33 86 100
33 89 39
33 90 81
33 91 25
33 92 61
33 93 94
33 96 63
33 97 33
33 105 12
33 108 62
33 112 94
33 113 57
33 114 28
33 116 64
33 118 10
33 119 68
33 120 91
33 122 35
33 123 53
33 124 36
33 130 44
33 135 33
33 137 4
33 139 1
33 140 46
33 141 61
33 142 72
33 143 26
33 145 38
33 147 39
34 45 100
34 50 41
34 51 45
34 52 19
34 54 22
34 55 84
34 60 25
34 61 22
34 63 42
34 65 29
34 67 50
34 68 34
34 69 68
34 70 37
34 73 34
34 77 82
34 81 11
34 82 44
34 83 60
34 84 90
34 87 2
34 89 65
34 94 8
34 95 87
34 96 7
34 98 9
34 104 41
34 107 10
34 111 94
34 114 29
34 115 85
34 118 40
34 123 69
34 124 27
34 125 12
34 126 70
34 127 66
34 132 32
34 133 56
34 134 50
34 135 4
34 138 23
34 144 52
34 150 32
35 38 26
35 42 86
35 43 63
35 50 66
35 53 37
35 55 55
35 56 12
35 58 82
35 63 34
35 64 37
35 66 61
35 69 6
35 72 1
35 88 50
35 90 13
35 92 35
35 101 5
35 104 96
35 105 85
35 107 40
35 112 71
35 113 44
35 116 32
35 118 55
35 120 64
35 121 52
35 123 85
35 130 6
35 131 99
35 135 64
35 140 50
35 145 23
35 146 8
35 148 53
36 40 17
36 44 43
36 46 27
36 50 10
36 51 44
36 53 56
36 54 73
36 55 85
36 56 11
36 58 44
36 59 6
36 61 42
36 62 87
36 64 4
36 65 92
36 67 6
36 69 81
36 73 95
36 74 32
36 76 100
36 78 91
36 79 95
36 83 41
36 85 78
36 88 26
36 92 40
36 96 38
36 97 9
36 98 88
36 99 6
36 100 81
36 103 66
36 108 78
36 111 86
36 115 4
36 117 76
36 119 57
36 121 70
36 124 88
36 127 3
36 129 100
36 130 89
36 131 18
36 132 55
36 141 89
36 142 81
36 144 48
36 145 85
36 146 77
36 147 24
37 40 89
37 43 52
37 46 91
37 48 26
37 51 28
37 53 2
37 54 37
37 55 5
37 56 26
37 57 22
37 58 58
37 63 94
37 65 77
37 70 20
37 71 3
37 72 68
37 73 63
37 74 34
37 75 39
37 76 83
37 77 28
37 79 34
37 85 88
37 87 39
37 88 78
37 90 40
37 94 23
37 95 9
37 96 65
37 98 31
37 100 44
37 101 100
37 102 14
37 105 97
37 108 83
37 109 29
37 113 87
37 117 2
37 120 42
37 121 45
37 123 44
37 124 100
37 125 11
37 127 31
37 133 31
37 134 35
37 136 94
37 137 40
37 143 21
37 144 63
37 145 11
37 146 29
37 150 30
38 39 92
38 40 56
38 41 16
38 45 23
38 46 47
38 48 19
38 50 46
38 51 62
38 52 18
38 55 39
38 56 49
38 63 86
38 66 52
38 68 58
38 69 2
38 74 40
38 75 64
38 76 11
38 82 60
38 84 20
38 85 28
38 87 7
38 88 32
38 91 56
38 93 19
38 98 47
38 103 51
38 108 65
38 110 78
38 111 83
38 119 81
38 124 78
38 126 62
38 127 25
38 129 35
38 131 38
38 132 35
38 134 2
38 135 71
38 137 100
38 138 38
38 140 98
38 146 84
38 147 57
38 148 42
39 41 20
39 43 69
39 45 38
39 48 65
39 49 67
39 50 9
39 53 31
39 57 11
39 59 18
39 62 93
39 63 83
39 64 26
39 65 54
39 68 41
39 70 26
39 72 89
39 73 38
39 74 94
39 75 36
39 77 5
39 80 46
39 82 73
39 84 45
39 85 80
39 89 97
39 92 78
39 93 59
39 95 29
39 97 20
39 100 64
39 104 83
39 105 13
39 107 80
39 108 64
39 110 6
39 112 8
39 113 4
39 114 55
39 116 20
39 117 69
39 118 98
39 122 22
39 125 96
39 128 99
39 134 64
39 135 28
39 140 3
39 141 12
39 142 83
39 146 51
39 147 33
40 41 50
40 44 80
40 45 11
40 46 98
40 47 62
40 48 69
40 50 86
40 51 35
40 52 86
40 53 74
40 54 32
40 56 76
40 62 11
40 66 18
40 69 30
40 81 94
40 84 56
40 85 21
40 86 85
40 92 20
40 94 43
40 97 53
40 98 41
40 99 50
40 102 80
40 103 59
40 104 23
40 105 90
40 107 84
40 108 86
40 109 5
40 110 96
40 111 5
40 112 3
40 118 16
40 121 84
40 122 3
40 125 73
40 126 70
40 128 55
40 129 97
40 130 100
40 131 58
40 133 54
40 134 45
40 136 45
40 137 84
40 138 46
40 139 53
40 141 27
40 142 9
40 143 69
40 145 68
40 147 68
40 148 11
40 149 45
41 42 48
41 43 93
41 45 67
41 46 43
41 47 99
41 49 29
41 51 86
41 52 12
41 57 35
41 58 97
41 59 96
41 66 68
41 72 92
41 74 6
41 75 98
41 78 14
41 79 55
41 80 28
41 81 84
41 83 93
41 84 50
41 86 96
41 87 97
41 89 25
41 92 5
41 93 21
41 94 58
41 96 33
41 97 8
41 101 25
41 102 94
41 103 75
41 104 8
41 106 34
41 108 71
41 111 6
41 113 100
41 115 98
41 116 54
41 117 41
41 119 92
41 120 35
41 121 47
41 124 100
41 128 64
41 129 25
41 130 78
41 131 92
41 132 29
41 139 78
41 142 75
41 145 28
41 147 58
41 148 37
41 149 52
42 47 67
42 48 79
42 51 91
42 53 82
42 56 56
42 57 67
42 61 70
42 62 44
42 64 99
42 66 3
42 67 61
42 69 32
42 71 44
42 72 91
42 73 9
42 75 12
42 77 15
42 78 32
42 79 91
42 80 19
42 81 44
42 82 9
42 83 51
42 86 80
42 91 27
42 100 56
42 101 79
42 105 25
42 106 96
42 107 44
42 108 16
42 109 40
42 113 32
42 115 100
42 116 40
42 117 60
42 118 85
42 119 41
42 121 36
42 122 40
42 123 50
42 127 17
42 130 79
42 133 63
42 134 25
42 138 85
42 139 96
42 142 41
42 143 87
42 149 61
42 150 35
43 45 76
43 49 78
43 53 57
43 54 48
43 56 73
43 57 33
43 58 23
43 62 48
43 65 76
43 69 54
43 70 55
43 72 56
43 74 73
43 75 16
43 76 59
43 79 45
43 83 45
43 84 71
43 85 27
43 87 32
43 89 72
43 91 19
43 92 46
43 94 12
43 95 12
43 98 36
43 100 78
43 101 64
43 104 75
43 105 64
43 107 90
43 109 67
43 111 12
43 112 2
43 113 93
43 115 51
43 125 73
43 126 48
43 127 58
43 128 68
43 129 61
43 133 14
43 141 4
43 142 20
43 149 56
44 49 35
44 62 40
44 63 68
44 65 14
44 66 36
44 67 13
44 68 46
44 74 89
44 75 2
44 76 7
44 77 9
44 78 21
44 84 50
44 86 20
44 87 13
44 88 40
44 91 67
44 94 93
44 97 88
44 100 56
44 101 3
44 102 25
44 106 52
44 109 66
44 110 86
44 116 88
44 117 81
44 118 72
44 119 10
44 122 26
44 123 6
44 125 30
44 126 45
44 128 54
44 130 52
44 131 55
44 132 24
44 141 60
44 144 8
44 147 46
45 47 78
45 48 86
45 49 52
45 55 28
45 56 31
45 58 86
45 62 73
45 65 56
45 68 70
45 69 92
45 72 72
45 77 13
45 79 17
45 83 40
45 85 68
45 86 50
45 90 3
45 91 17
45 94 64
45 96 99
45 97 77
45 98 56
45 100 79
45 101 34
45 106 69
45 108 67
45 109 87
45 110 56
45 113 55
45 115 12
45 119 93
45 121 51
45 126 3
45 129 10
45 130 71
45 131 35
45 133 84
45 134 27
45 135 24
45 136 84
45 139 15
45 140 57
45 142 5
45 146 18
45 148 46
45 149 56
46 50 40
46 51 42
46 55 80
46 58 71
46 59 99
46 61 1
46 63 81
46 67 92
46 68 30
46 74 50
46 79 61
46 83 11
46 85 47
46 86 87
46 87 77
46 88 68
46 91 92
46 92 99
46 94 15
46 96 20
46 97 9
46 98 19
46 99 12
46 102 13
46 103 16
46 107 54
46 108 89
46 114 20
46 115 29
46 118 11
46 119 18
46 120 94
46 121 11
46 123 90
46 127 11
46 130 1
46 134 62
46 135 60
46 136 22
46 144 9
46 150 18
47 57 18
47 58 57
47 59 51
47 60 72
47 61 57
47 65 87
47 70 1
47 72 74
47 74 69
47 76 75
47 78 28
47 81 46
47 82 2
47 85 76
47 88 33
47 90 99
47 91 78
47 92 9
47 93 88
47 95 14
47 96 14
47 100 72
47 102 75
47 103 98
47 104 55
47 110 6
47 113 24
47 114 97
47 115 79
47 117 88
47 122 76
47 124 51
47 126 19
47 127 50
47 130 10
47 131 62
47 135 15
47 138 35
47 140 13
47 141 5
47 144 73
47 145 97
47 148 4
47 149 55
48 49 7
48 50 76
48 51 77
48 52 70
48 55 39
48 60 75
48 61 46
48 62 15
48 63 98
48 66 83
48 71 71
48 72 51
48 74 70
48 78 30
48 81 27
48 87 31
48 88 54
48 89 31
48 92 93
48 94 69
48 97 7
48 98 1
48 106 87
48 109 90
48 110 51
48 111 25
48 113 95
48 114 81
48 119 27
48 120 28
48 123 82
48 124 58
48 126 21
48 127 28
48 131 83
48 132 48
48 133 86
48 136 34
48 138 13
48 139 94
48 141 84
48 143 31
48 144 100
48 146 35
48 147 11
48 148 23
48 149 10
49 51 76
49 52 44
49 54 37
49 57 70
49 58 88
49 59 16
49 62 37
49 69 8
49 73 87
49 87 50
49 95 97
49 98 76
49 101 25
49 102 17
49 103 64
49 107 15
49 108 3
49 110 90
49 111 37
49 113 57
49 114 36
49 119 48
49 122 56
49 130 40
49 134 61
49 138 75
49 142 16
49 143 76
49 147 55
49 150 36
50 53 11
50 54 24
50 61 34
50 68 99
50 70 57
50 73 43
50 74 12
50 79 60
50 83 47
50 84 8
50 85 11
50 86 11
50 90 79
50 91 11
50 93 23
50 97 25
50 98 32
50 99 43
50 100 58
50 102 44
50 103 54
50 107 36
50 111 12
50 113 63
50 115 77
50 118 69
50 122 53
50 124 63
50 130 40
50 131 57
50 132 31
50 133 30
50 134 78
50 136 30
50 137 49
50 138 33
50 143 20
50 148 28
51 58 12
51 61 31
51 68 97
51 69 89
51 71 82
51 75 23
51 76 60
51 79 46
51 81 28
51 84 21
51 91 36
51 95 37
51 96 98
51 98 60
51 99 38
51 108 72
51 109 44
51 113 52
51 115 64
51 120 13
51 126 1
51 132 73
51 133 83
51 135 53
51 136 27
51 140 31
51 143 56
51 144 85
51 145 24
51 147 28
51 148 26
52 55 37
52 57 83
52 58 22
52 61 25
52 63 100
52 65 73
52 66 99
52 67 14
52 72 79
52 77 10
52 79 12
52 82 7
52 84 21
52 87 9
52 91 41
52 93 35
52 94 16
52 95 17
52 98 57
52 100 81
52 101 86
52 102 23
52 104 48
52 105 7
52 107 28
52 110 7
52 111 16
52 114 89
52 115 63
52 116 61
52 117 7
52 118 82
52 119 15
52 121 73
52 122 100
52 123 13
52 124 59
52 125 73
52 126 24
52 131 64
52 135 73
52 139 13
52 140 11
52 141 82
52 143 58
52 145 4
52 146 73
53 55 63
53 62 3
53 66 84
53 68 63
53 75 75
53 78 66
53 80 91
53 82 66
53 91 13
53 94 37
53 97 27
53 100 46
53 101 66
53 105 70
53 114 9
53 115 36
53 119 52
53 122 87
53 123 88
53 124 69
53 125 44
53 128 62
53 130 82
53 135 75
53 136 15
53 137 37
53 138 58
53 140 61
53 141 94
53 142 13
53 143 41
53 147 95
54 55 56
54 58 5
54 63 15
54 67 45
54 69 83
54 71 25
54 72 52
54 75 43
54 78 20
54 79 30
54 81 77
54 83 71
54 84 6
54 85 15
54 86 31
54 88 93
54 89 56
54 95 1
54 98 15
54 102 10
54 103 16
54 104 42
54 106 34
54 110 7
54 111 94
54 112 9
54 114 70
54 118 69
54 119 87
54 121 2
54 123 23
54 124 94
54 125 67
54 126 10
54 127 67
54 128 85
54 133 90
54 135 61
54 139 80
54 141 89
54 144 39
54 147 26
54 150 18
55 58 35
55 59 65
55 64 16
55 69 85
55 71 5
55 74 46
55 75 11
55 76 27
55 78 76
55 79 22
55 80 98
55 82 63
55 83 19
55 84 91
55 86 91
55 92 85
55 98 65
55 100 52
55 102 85
55 110 69
55 113 10
55 115 85
55 120 96
55 122 34
55 124 76
55 125 60
55 126 83
55 128 3
55 130 96
55 132 14
55 138 23
55 140 22
55 143 34
55 149 48
56 58 26
56 60 48
56 64 83
56 66 23
56 67 86
56 68 68
56 70 98
56 74 50
56 77 75
56 78 83
56 81 43
56 82 26
56 83 54
56 84 23
56 85 48
56 86 98
56 88 39
56 92 13
56 95 44
56 97 98
56 98 84
56 99 19
56 103 37
56 105 14
56 112 4
56 115 93
56 116 43
56 119 27
56 120 89
56 121 55
56 122 91
56 123 63
56 125 69
56 131 29
56 133 25
56 134 52
56 143 55
56 144 85
56 145 31
56 146 60
56 148 66
57 59 1
57 61 70
57 62 3
57 63 63
57 65 46
57 67 48
57 69 30
57 71 62
57 72 39
57 74 52
57 79 71
57 80 83
57 84 70
57 85 89
57 88 98
57 93 1
57 94 49
57 98 27
57 102 98
57 106 2
57 113 7
57 115 10
57 118 74
57 121 76
57 122 37
57 125 28
57 129 51
57 131 29
57 132 23
57 135 83
57 138 55
57 139 31
57 141 44
57 144 83
57 145 71
57 146 64
57 147 94
57 148 14
57 150 36
58 59 1
58 61 39
58 64 35
58 75 99
58 78 93
58 79 38
58 83 89
58 84 63
58 85 59
58 92 61
58 94 7
58 95 45
58 97 14
58 99 97
58 101 31
58 108 18
58 109 73
58 110 94
58 111 20
58 113 32
58 117 34
58 120 33
58 122 66
58 124 17
58 134 17
58 135 78
58 137 49
58 138 80
58 139 87
58 140 73
58 145 42
58 147 23
58 149 55
58 150 76
59 62 13
59 63 46
59 64 38
59 65 66
59 66 6
59 69 52
59 71 17
59 72 52
59 75 85
59 78 48
59 79 79
59 80 99
59 89 33
59 91 99
59 93 86
59 96 52
59 97 48
59 99 91
59 100 38
59 101 12
59 106 34
59 107 3
59 111 81
59 112 62
59 116 95
59 117 20
59 120 42
59 125 64
59 127 52
59 130 38
59 131 55
59 132 46
59 136 54
59 137 79
59 138 66
59 145 57
59 146 80
59 147 13
59 148 45
59 149 30
60 61 51
60 64 84
60 65 26
60 76 7
60 80 100
60 81 74
60 84 11
60 85 52
60 88 61
60 90 15
60 92 1
60 93 78
60 94 7
60 96 95
60 97 16
60 101 15
60 103 19
60 107 51
60 110 4
60 112 46
60 113 4
60 114 23
60 117 95
60 119 52
60 121 2
60 125 95
60 126 39
60 128 23
60 129 74
60 130 54
60 132 2
60 140 80
60 142 26
60 145 9
60 146 93
60 149 87
61 62 20
61 66 21
61 69 18
61 72 86
61 73 44
61 79 42
61 82 62
61 83 71
61 86 61
61 88 13
61 89 91
61 91 29
61 94 33
61 101 21
61 103 64
61 106 94
61 115 84
61 117 40
61 118 72
61 119 94
61 120 85
61 121 81
61 122 97
61 130 23
61 131 24
61 132 62
61 136 70
61 137 62
61 138 13
61 140 8
61 143 23
61 144 73
61 146 50
62 66 78
62 67 43
62 68 22
62 71 5
62 73 1
62 75 78
62 83 36
62 88 58
62 91 53
62 94 36
62 100 6
62 104 93
62 107 29
62 108 19
62 109 40
62 118 28
62 119 66
62 122 92
62 132 12
62 136 19
62 137 52
62 142 97
62 143 7
62 145 25
62 146 67
62 148 91
62 150 17
63 67 91
63 70 55
63 71 89
63 73 10
63 76 95
63 79 10
63 80 72
63 83 85
63 91 92
63 93 49
63 94 65
63 97 29
63 98 98
63 99 12
63 101 78
63 102 4
63 103 70
63 106 21
63 107 6
63 108 93
63 109 9
63 111 17
63 112 88
63 113 82
63 115 18
63 119 6
63 123 67
63 126 23
63 127 46
63 128 61
63 131 89
63 132 7
63 133 84
63 139 81
63 141 71
63 144 44
63 145 10
63 149 70
63 150 28
64 72 23
64 76 72
64 77 51
64 80 12
64 86 39
64 88 98
64 91 13
64 93 93
64 95 17
64 98 17
64 101 99
64 103 46
64 107 98
64 111 92
64 112 98
64 114 44
64 115 3
64 116 59
64 118 7
64 119 62
64 120 98
64 126 24
64 127 18
64 129 30
64 130 68
64 131 39
64 132 23
64 133 8
64 135 32
64 137 79
64 142 79
64 146 64
64 150 54
65 66 81
65 70 52
65 72 58
65 74 94
65 76 74
65 79 47
65 84 33
65 85 22
65 86 11
65 95 36
65 96 89
65 97 6
65 98 69
65 101 93
65 102 2
65 103 17
65 106 50
65 107 59
65 108 15
65 111 39
65 114 95
65 115 41
65 116 62
65 118 56
65 119 70
65 122 3
65 126 89
65 127 44
65 129 43
65 130 15
65 131 33
65 133 40
65 137 28
65 139 50
65 142 69
65 144 45
65 145 72
66 68 90
66 69 96
66 71 10
66 74 81
66 76 46
66 78 95
66 85 50
66 86 47
66 90 78
66 91 25
66 93 66
66 94 74
66 99 84
66 101 29
66 102 9
66 103 83
66 104 55
66 108 97
66 113 24
66 116 32
66 119 2
66 121 27
66 130 87
66 133 24
66 135 58
66 136 2
66 140 41
66 143 9
66 145 6
66 149 67
66 150 45
67 71 29
67 75 17
67 76 69
67 80 79
67 82 67
67 85 15
67 94 97
67 98 91
67 100 11
67 101 81
67 105 16
67 108 33
67 121 82
67 128 51
67 131 47
67 135 45
67 136 75
67 137 76
67 138 48
67 140 45
67 141 23
67 142 83
67 145 100
68 71 3
68 73 53
68 75 84
68 76 95
68 83 49
68 85 53
68 87 83
68 90 50
68 91 20
68 93 47
68 95 7
68 98 17
68 99 73
68 103 72
68 104 55
68 105 55
68 110 85
68 111 60
68 114 1
68 115 50
68 117 31
68 119 38
68 121 57
68 122 75
68 123 61
68 124 24
68 127 49
68 130 46
68 132 65
68 133 89
68 144 71
68 147 45
68 149 65
68 150 23
69 71 23
69 72 5
69 77 98
69 79 25
69 81 77
69 83 31
69 88 38
69 90 96
69 93 50
69 95 63
69 97 94
69 98 52
69 101 15
69 102 44
69 103 59
69 104 66
69 105 21
69 106 13
69 108 61
69 113 71
69 114 93
69 116 35
69 119 83
69 120 54
69 121 58
69 126 54
69 134 76
69 137 83
69 140 59
69 144 11
69 145 76
69 149 54
69 150 92
70 72 19
70 73 45
70 76 53
70 77 9
70 82 100
70 83 44
70 86 61
70 88 29
70 92 76
70 93 3
70 95 56
70 99 3
70 100 69
70 101 39
70 102 41
70 105 85
70 106 8
70 107 8
70 109 64
70 110 66
70 113 20
70 116 93
70 119 60
70 120 70
70 121 4
70 122 67
70 124 67
70 127 94
70 129 84
70 132 45
70 133 23
70 134 76
70 137 84
70 144 26
70 145 7
70 149 15
71 72 24
71 75 37
71 76 75
71 78 84
71 79 73
71 80 44
71 84 6
71 88 4
71 90 59
71 91 53
71 95 59
71 96 32
71 98 73
71 99 86
71 100 11
71 103 99
71 104 29
71 105 8
71 106 99
71 111 58
71 112 22
71 113 51
71 114 95
71 116 40
71 119 29
71 120 90
71 121 77
71 123 23
71 126 19
71 128 51
71 130 51
71 131 42
71 132 76
71 136 50
71 140 40
71 141 36
71 142 17
71 144 5
71 145 6
71 150 16
72 79 88
72 80 18
72 82 41
72 86 1
72 88 44
72 89 11
72 94 67
72 95 24
72 100 43
72 103 27
72 107 63
72 114 90
72 118 99
72 121 4
72 125 23
72 127 79
72 128 35
72 133 21
72 136 34
72 138 18
72 139 77
72 142 59
72 144 19
72 148 40
72 149 97
72 150 16
73 75 42
73 79 69
73 80 74
73 84 50
73 85 13
73 86 55
73 90 47
73 94 65
73 95 64
73 96 36
73 97 53
73 103 59
73 106 39
73 110 98
73 114 94
73 116 2
73 121 41
73 122 78
73 123 6
73 125 62
73 126 58
73 130 72
73 131 73
73 133 88
73 134 24
73 135 65
73 138 29
73 139 78
73 140 24
73 143 31
73 146 59
73 148 25
74 77 5
74 85 36
74 86 81
74 87 8
74 88 64
74 90 2
74 93 9
74 95 72
74 97 16
74 98 42
74 99 67
74 102 68
74 103 55
74 110 42
74 111 69
74 112 89
74 113 6
74 116 99
74 118 35
74 119 99
74 120 11
74 121 38
74 125 16
74 126 52
74 131 30
74 132 36
74 133 66
74 134 97
74 135 25
74 136 63
74 140 76
74 141 56
74 144 89
75 76 1
75 77 56
75 78 97
75 79 53
75 80 83
75 81 34
75 82 18
75 83 25
75 84 80
75 85 24
75 86 6
75 87 9
75 90 80
75 93 17
75 94 24
75 95 56
75 96 17
75 98 39
75 99 8
75 101 85
75 103 1
75 105 1
75 110 52
75 112 78
75 113 85
75 115 51
75 116 41
75 117 53
75 120 26
75 121 55
75 122 27
75 123 8
75 125 73
75 127 49
75 129 51
75 132 15
75 137 36
75 139 14
75 143 69
75 146 50
75 149 68
76 82 47
76 83 40
76 87 45
76 89 59
76 96 88
76 99 33
76 104 71
76 109 20
76 110 34
76 112 8
76 113 76
76 118 2
76 119 42
76 120 25
76 122 14
76 123 20
76 125 37
76 126 2
76 132 55
76 137 34
76 139 45
76 142 36
76 146 6
76 147 96
76 148 19
76 149 57
77 78 64
77 83 95
77 86 60
77 87 46
77 92 86
77 96 79
77 99 65
77 100 11
77 101 95
77 107 61
77 110 16
77 112 66
77 113 94
77 126 74
77 127 63
77 129 20
77 133 98
77 135 6
77 137 49
77 141 67
77 142 5
77 144 44
77 149 94
77 150 61
78 82 10
78 85 46
78 88 12
78 94 27
78 95 15
78 96 48
78 99 98
78 100 76
78 104 20
78 105 6
78 111 68
78 112 23
78 114 3
78 116 65
78 118 48
78 125 46
78 126 73
78 132 55
78 134 5
78 136 7
78 140 37
78 142 22
78 145 35
78 146 36
78 149 39
78 150 10
79 81 84
79 82 93
79 83 98
79 84 16
79 85 29
79 86 36
79 91 79
79 94 67
79 96 29
79 97 44
79 100 78
79 102 9
79 106 51
79 107 41
79 108 22
79 109 99
79 110 79
79 113 11
79 116 20
79 121 21
79 122 100
79 125 16
79 132 58
79 137 10
79 139 89
79 140 42
79 147 9
79 148 3
80 83 96
80 84 60
80 90 19
80 92 42
80 93 51
80 96 22
80 97 17
80 102 27
80 104 1
80 105 81
80 107 76
80 108 94
80 109 7
80 114 93
80 115 51
80 117 86
80 118 42
80 120 28
80 123 16
80 124 69
80 126 83
80 128 55
80 129 15
80 130 7
80 132 85
80 133 92
80 135 96
80 137 41
80 139 9
80 140 19
80 142 99
80 143 12
80 144 76
80 145 61
80 146 8
80 148 29
80 149 54
81 83 20
81 84 34
81 85 55
81 87 41
81 91 49
81 93 70
81 100 25
81 101 85
81 102 11
81 107 25
81 110 90
81 114 69
81 115 10
81 116 100
81 117 99
81 120 7
81 121 16
81 124 60
81 125 59
81 128 20
81 133 20
81 137 10
81 142 89
81 143 79
81 146 5
82 83 71
82 86 79
82 87 48
82 88 5
82 94 27
82 98 88
82 101 75
82 105 37
82 106 69
82 107 21
82 110 44
82 111 57
82 121 76
82 127 38
82 129 41
82 130 78
82 131 86
82 137 82
82 139 13
82 141 54
82 142 93
82 143 98
82 150 93
83 84 30
83 86 50
83 87 73
83 89 21
83 90 78
83 93 85
83 94 72
83 97 51
83 98 92
83 103 32
83 107 10
83 116 59
83 118 58
83 119 91
83 120 72
83 123 75
83 125 70
83 129 46
83 131 44
83 135 29
83 136 42
83 137 87
83 138 9
83 139 92
83 144 16
83 146 12
83 147 88
83 149 32
83 150 52
84 86 3
84 87 78
84 88 34
84 89 98
84 92 12
84 94 21
84 96 22
84 97 9
84 100 94
84 101 53
84 104 50
84 109 28
84 110 45
84 111 70
84 113 79
84 114 87
84 116 6
84 120 15
84 125 84
84 127 49
84 135 5
84 136 56
84 138 66
84 139 58
84 140 28
84 142 92
84 144 100
84 146 41
84 147 52
84 150 62
85 87 83
85 93 54
85 95 29
85 96 20
85 105 36
85 110 47
85 112 15
85 114 16
85 116 73
85 119 17
85 123 58
85 124 3
85 128 100
85 130 16
85 132 46
85 133 85
85 134 97
85 135 31
85 137 74
85 139 66
85 140 86
85 141 38
85 143 81
85 145 72
85 150 88
86 90 81
86 91 79
86 93 69
86 94 94
86 97 17
86 99 23
86 101 80
86 104 94
86 110 8
86 113 48
86 117 100
86 118 26
86 121 16
86 123 64
86 125 88
86 131 68
86 134 58
86 135 40
86 140 98
86 141 90
86 142 60
86 144 59
86 149 20
87 89 100
87 90 34
87 94 84
87 96 20
87 97 17
87 98 65
87 103 46
87 104 86
87 105 49
87 106 87
87 110 63
87 111 63
87 114 89
87 115 88
87 117 18
87 120 22
87 121 70
87 124 35
87 130 19
87 134 77
87 135 61
87 136 94
87 144 20
87 148 69
87 150 40
88 89 47
88 98 45
88 99 3
88 100 96
88 101 43
88 103 45
88 106 19
88 107 76
88 111 77
88 115 33
88 116 65
88 123 67
88 125 61
88 129 93
88 130 39
88 131 31
88 133 22
88 135 19
88 138 8
88 140 11
88 141 94
88 142 24
88 146 6
88 148 5
88 150 53
89 91 21
89 92 93
89 93 64
89 95 44
89 96 48
89 98 42
89 101 94
89 102 64
89 111 84
89 114 36
89 116 32
89 117 35
89 118 37
89 120 16
89 125 14
89 128 54
89 134 24
89 135 28
89 136 72
89 137 20
89 139 10
89 140 53
89 141 26
89 143 22
89 149 57
89 150 92
90 93 19
90 95 43
90 97 75
90 98 6
90 99 37
90 104 44
90 105 18
90 106 70
90 107 85
90 111 56
90 112 100
90 114 12
90 115 54
90 121 27
90 124 70
90 130 1
90 133 66
90 134 64
90 135 67
90 140 89
90 142 41
90 147 45
90 148 84
91 92 37
91 98 31
91 102 74
91 103 96
91 104 45
91 105 47
91 108 23
91 109 6
91 110 76
91 111 19
91 112 41
91 115 8
91 116 50
91 119 86
91 121 33
91 128 83
91 129 97
91 134 99
91 135 26
91 137 30
91 139 6
91 140 44
91 142 72
91 144 97
91 150 53
92 94 71
92 98 37
92 100 73
92 102 43
92 110 89
92 112 50
92 113 43
92 114 72
92 115 8
92 118 9
92 119 27
92 121 74
92 122 70
92 125 1
92 134 96
92 137 35
92 141 55
92 148 93
92 149 7
92 150 53
93 96 38
93 97 42
93 98 50
93 104 2
93 107 52
93 108 24
93 110 22
93 111 35
93 112 69
93 113 4
93 115 91
93 118 100
93 119 34
93 120 81
93 122 75
93 125 32
93 129 84
93 131 8
93 132 74
93 137 42
93 140 75
93 141 12
93 143 7
93 148 20
93 150 40
94 95 20
94 96 60
94 107 48
94 108 79
94 117 53
94 121 65
94 122 94
94 123 56
94 124 41
94 125 35
94 126 73
94 128 58
94 129 11
94 130 47
94 131 95
94 133 18
94 136 25
94 137 39
94 140 98
94 144 13
94 146 16
95 100 30
95 103 73
95 106 25
95 108 66
95 109 8
95 118 37
95 120 57
95 122 69
95 123 46
95 124 27
95 126 18
95 127 13
95 131 98
95 134 19
95 138 31
95 141 57
95 143 100
95 144 88
95 148 59
95 149 97
96 98 86
96 100 100
96 101 80
96 111 97
96 112 23
96 113 55
96 115 49
96 120 84
96 124 81
96 127 85
96 129 18
96 130 100
96 132 100
96 134 35
96 135 24
96 141 21
96 145 94
96 147 3
96 148 9
96 149 22
97 102 44
97 104 69
97 107 78
97 114 58
97 115 54
97 118 80
97 121 30
97 122 19
97 127 44
97 128 40
97 130 20
97 132 51
97 135 48
97 142 20
97 146 27
97 147 46
97 150 58
98 100 74
98 101 40
98 105 52
98 109 90
98 111 99
98 113 100
98 114 60
98 115 76
98 119 85
98 122 69
98 123 10
98 126 97
98 128 79
98 129 11
98 130 46
98 132 5
98 133 73
98 138 77
98 141 17
98 144 9
98 145 14
98 146 80
99 111 37
99 113 72
99 114 27
99 121 11
99 123 46
99 128 2
99 130 21
99 131 48
99 132 16
99 134 62
99 135 88
99 137 62
99 140 80
99 142 33
99 149 4
99 150 85
100 101 47
100 102 36
100 105 100
100 107 98
100 110 18
100 111 63
100 112 5
100 113 85
100 115 58
100 118 44
100 120 87
100 121 71
100 123 57
100 127 7
100 131 96
100 132 83
100 133 16
100 134 42
100 135 49
100 137 3
100 139 25
100 140 48
100 149 92
101 102 59
101 104 65
101 106 95
101 111 70
101 118 91
101 122 19
101 123 94
101 127 53
101 128 84
101 131 88
101 132 32
101 134 96
101 135 93
101 136 86
101 137 2
101 142 54
101 143 74
101 144 37
101 148 33
101 149 46
102 104 38
102 107 19
102 108 83
102 109 99
102 115 92
102 118 8
102 119 67
102 120 24
102 124 84
102 126 52
102 131 81
102 133 15
102 141 69
102 142 80
102 143 75
102 144 90
102 145 63
102 146 90
102 147 90
102 148 97
103 105 46
103 106 81
103 107 2
103 111 71
103 115 25
103 117 25
103 121 32
103 122 79
103 125 36
103 126 73
103 127 37
103 128 53
103 131 7
103 132 51
103 133 71
103 134 48
103 138 23
103 139 7
103 140 19
103 144 91
103 147 72
104 105 97
104 108 21
104 110 28
104 112 64
104 114 44
104 115 17
104 116 24
104 117 55
104 120 40
104 121 28
104 123 1
104 124 42
104 127 66
104 128 46
104 130 76
104 131 54
104 132 51
104 135 17
104 137 17
104 140 52
104 142 82
104 145 99
104 147 48
104 149 82
104 150 10
105 112 14
105 114 29
105 122 22
105 125 17
105 132 6
105 133 66
105 136 84
105 137 24
105 144 42
105 146 29
105 147 50
105 149 64
106 110 69
106 111 65
106 112 84
106 113 47
106 114 39
106 115 39
106 116 17
106 118 2
106 119 12
106 127 90
106 132 10
106 139 2
106 141 52
106 142 100
106 143 69
106 148 11
107 108 89
107 110 79
107 112 66
107 118 5
107 119 32
107 120 44
107 122 61
107 124 60
107 126 87
107 127 30
107 130 29
107 132 89
107 135 64
107 136 2
107 137 58
107 139 88
107 144 78
107 146 63
107 150 65
108 109 26
108 112 37
108 113 13
108 114 77
108 116 24
108 118 8
108 119 43
108 121 68
108 126 56
108 128 55
108 129 62
108 130 38
108 136 5
108 138 51
108 140 12
108 145 24
108 147 56
108 149 70
108 150 85
109 110 37
109 113 9
109 116 37
109 117 57
109 118 99
109 120 10
109 122 63
109 125 34
109 126 34
109 131 92
109 138 28
109 144 50
109 148 77
109 149 76
110 113 79
110 114 31
110 115 20
110 116 37
110 122 34
110 123 81
110 124 75
110 127 93
110 128 88
110 132 10
110 133 96
110 137 24
110 146 90
110 147 49
111 118 15
111 120 72
111 121 86
111 125 45
111 127 69
111 128 95
111 130 66
111 132 65
111 141 78
111 143 26
111 146 76
111 147 34
111 150 96
112 114 85
112 115 46
112 118 2
112 122 1
112 123 8
112 125 35
112 130 65
112 138 92
112 140 79
112 143 74
112 144 41
112 145 17
112 150 29
113 114 82
113 116 24
113 120 9
113 121 54
113 123 58
113 128 16
113 129 81
113 132 17
113 134 92
113 142 32
113 147 20
113 149 73
114 118 13
114 122 3
114 125 33
114 128 3
114 129 69
114 130 38
114 134 2
114 139 68
114 146 7
114 147 44
114 148 24
114 149 82
114 150 75
115 116 33
115 117 40
115 124 39
115 126 94
115 128 92
115 132 5
115 135 57
115 138 28
115 139 7
115 141 97
115 142 23
115 144 90
115 148 66
115 150 57
116 125 25
116 131 8
116 132 31
116 133 27
116 134 4
116 135 65
116 136 17
116 143 3
116 144 22
116 147 16
116 149 87
116 150 77
117 118 92
117 119 82
117 120 10
117 121 33
117 123 42
117 129 90
117 132 9
117 133 48
117 135 48
117 138 18
117 139 13
117 141 13
117 145 24
117 150 69
118 129 27
118 131 78
118 135 58
118 140 78
118 143 17
118 144 87
118 146 47
118 148 21
118 150 84
119 123 80
119 125 94
119 127 75
119 129 12
119 131 5
119 134 40
119 135 5
119 136 90
119 140 25
119 141 7
119 142 81
119 143 83
119 146 5
119 149 97
119 150 31
120 124 19
120 126 4
120 128 59
120 129 67
120 130 82
120 132 10
120 139 10
120 144 5
120 146 55
120 148 55
120 149 53
120 150 21
121 122 32
121 124 90
121 128 66
121 130 59
121 133 82
121 134 47
121 135 3
121 137 79
121 139 39
121 141 51
121 142 23
121 146 79
121 150 8
122 124 99
122 126 89
122 127 70
122 130 46
122 132 2
122 134 87
122 137 31
122 140 45
122 142 31
122 147 38
122 150 94
123 125 72
123 127 35
123 129 100
123 132 2
123 134 19
123 135 54
123 136 6
123 138 41
123 140 35
123 142 83
123 144 39
123 145 39
123 147 47
123 150 40
124 125 61
124 129 1
124 130 13
124 132 15
124 136 37
124 139 44
124 143 13
124 146 55
124 147 40
124 150 25
125 127 46
125 129 22
125 136 68
125 137 13
125 140 38
125 143 72
125 145 8
125 148 5
126 130 28
126 132 99
126 133 37
126 134 12
126 136 70
126 139 78
126 143 25
126 144 47
126 146 89
127 128 4
127 129 74
127 131 30
127 132 78
127 134 19
127 135 96
127 137 51
127 138 58
127 140 2
127 141 59
127 142 56
127 148 56
128 131 52
128 132 60
128 136 51
128 143 67
128 145 5
128 149 84
129 132 43
129 134 66
129 135 66
129 138 85
129 140 37
129 142 87
129 144 4
129 145 31
129 148 72
130 131 28
130 132 3
130 134 37
130 135 31
130 139 85
130 141 60
130 142 40
131 133 70
131 134 25
131 135 69
131 138 92
131 140 91
131 143 46
131 144 1
131 147 8
131 148 94
131 150 90
132 133 46
132 135 77
132 136 78
132 138 66
132 140 11
132 141 58
132 144 83
132 145 1
132 148 37
133 135 20
133 139 67
133 144 21
133 149 99
134 135 63
134 137 81
134 138 92
134 141 32
134 143 67
134 144 26
134 148 34
135 136 36
135 140 88
135 142 29
135 149 7
136 140 28
136 142 27
136 143 41
136 144 31
136 147 48
136 148 4
137 138 22
137 139 32
137 142 83
137 144 13
137 145 30
137 146 49
137 147 62
137 149 13
137 150 96
138 141 82
138 142 5
138 143 97
138 145 68
138 146 1
138 147 7
138 149 23
139 142 34
139 145 54
139 146 45
139 147 70
140 141 5
140 142 35
140 143 6
140 147 79
140 148 58
140 150 14
141 144 80
141 146 25
142 147 71
142 148 82
143 144 41
143 145 36
143 146 5
143 149 99
144 149 61
145 148 78
145 149 65
146 148 19
147 150 60
1 4 26
1 5 81
1 19 53
1 20 87
1 21 9
1 23 39
1 25 18
1 27 62
1 29 78
1 35 20
1 36 35
1 37 38
1 39 42
1 41 77
1 45 98
1 47 13
1 55 16
1 58 75
1 60 32
1 72 25
1 78 69
1 79 95
1 86 80
1 89 47
1 91 62
1 96 98
1 97 85
1 98 25
1 99 53
1 100 74
1 101 7
1 103 40
1 107 86
1 108 42
1 110 2
1 116 61
1 117 80
1 118 60
1 119 14
1 122 26
1 123 98
1 126 15
1 127 26
1 128 2
1 132 30
1 133 77
1 138 10
1 139 78
1 142 16
1 144 61
1 146 71
1 147 100
1 148 81
1 149 30
1 150 87
2 3 23
2 4 93
2 5 15
2 7 87
2 8 4
2 10 35
2 11 28
2 12 34
2 14 87
2 18 66
2 19 28
2 21 87
2 23 65
2 26 28
2 27 11
2 28 57
2 29 88
2 32 93
2 33 74
2 35 40
2 36 36
2 37 87
2 39 28
2 40 28
2 47 60
2 48 66
2 51 49
2 56 92
2 57 21
2 58 52
2 59 79
2 61 3
2 63 50
2 67 53
2 68 43
2 70 50
2 71 34
2 75 74
2 79 79
2 81 51
2 82 51
2 83 20
2 84 33
2 85 6
2 88 67
2 91 67
2 95 5
2 97 26
2 98 41
2 101 70
2 102 21
2 107 7
2 108 31
2 109 38
2 110 35
2 112 72
2 113 37
2 115 74
2 116 10
2 117 39
2 119 1
2 120 59
2 121 75
2 122 20
2 129 23
2 131 34
2 133 99
2 142 99
2 148 22
2 149 21
3 6 46
3 7 12
3 9 16
3 12 45
3 15 60
3 16 49
3 19 79
3 21 85
3 22 69
3 25 74
3 28 88
3 29 16
3 33 70
3 34 20
3 37 36
3 39 61
3 43 75
3 45 48
3 48 83
3 50 7
3 51 17
3 52 66
3 53 54
3 55 5
3 57 21
3 59 42
3 62 38
3 64 56
3 67 68
3 72 59
3 73 54
3 76 16
3 85 91
3 87 25
3 88 64
3 89 56
3 90 46
3 91 7
3 92 63
3 93 8
3 95 17
3 96 8
3 98 43
3 100 70
3 103 95
3 106 59
3 108 78
3 109 92
3 113 85
3 114 16
3 116 17
3 117 18
3 118 83
3 120 12
3 122 34
3 125 82
3 127 39
3 130 38
3 132 96
3 134 54
3 138 67
3 140 94
3 144 6
3 145 99
3 150 34
4 8 45
4 14 98
4 15 82
4 16 62
4 19 61
4 20 14
4 24 26
4 26 21
4 27 71
4 34 37
4 38 66
4 41 31
4 46 73
4 47 87
4 54 21
4 55 16
4 56 31
4 58 35
4 59 100
4 60 96
4 62 26
4 64 85
4 65 82
4 68 15
4 69 97
4 71 12
4 78 6
4 81 38
4 82 26
4 83 97
4 84 1
4 86 83
4 87 5
4 88 56
4 92 89
4 93 21
4 97 90
4 101 26
4 102 1
4 103 63
4 104 77
4 105 14
4 106 96
4 108 26
4 109 85
4 110 50
4 111 79
4 116 49
4 117 44
4 119 87
4 120 47
4 122 79
4 123 44
4 124 42
4 130 62
4 132 9
4 133 67
4 134 64
4 138 32
4 141 2
4 143 86
4 144 85
4 146 84
4 147 45
4 149 77
5 6 85
5 9 39
5 16 41
5 17 49
5 19 97
5 20 23
5 21 49
5 23 10
5 26 42
5 35 30
5 37 36
5 38 49
5 40 5
5 45 63
5 48 88
5 49 69
5 50 54
5 51 3
5 53 1
5 55 37
5 56 65
5 57 79
5 58 52
5 59 7
5 63 88
5 64 93
5 66 7
5 68 76
5 69 34
5 70 64
5 76 37
5 78 99
5 84 89
5 86 60
5 87 14
5 88 68
5 89 30
5 91 48
5 95 77
5 99 49
5 100 46
5 101 12
5 103 72
5 105 12
5 106 61
5 109 34
5 111 52
5 115 80
5 117 43
5 121 12
5 122 85
5 125 78
5 127 47
5 128 55
5 131 41
5 133 12
5 134 100
5 137 94
5 138 39
5 142 57
5 143 81
5 145 16
5 147 91
6 7 16
6 8 18
6 9 66
6 11 62
6 14 27
6 19 59
6 23 91
6 24 43
6 28 51
6 29 83
6 31 35
6 33 92
6 40 87
6 42 76
6 44 52
6 48 42
6 49 49
6 52 8
6 55 83
6 58 57
6 59 74
6 60 21
6 61 34
6 63 20
6 64 24
6 65 79
6 67 48
6 69 8
6 73 82
6 77 44
6 78 69
6 79 40
6 82 21
6 85 38
6 86 81
6 94 9
6 100 45
6 102 44
6 104 56
6 105 32
6 106 53
6 107 15
6 109 41
6 112 6
6 116 41
6 118 39
6 120 54
6 121 63
6 123 10
6 126 53
6 127 38
6 130 80
6 131 51
6 133 63
6 136 67
6 138 45
6 144 70
6 147 16
7 14 99
7 19 53
7 22 56
7 23 43
7 24 67
7 25 95
7 26 79
7 28 56
7 30 31
7 32 81
7 38 32
7 39 74
7 41 49
7 45 37
7 47 60
7 49 57
7 56 46
7 58 21
7 59 15
7 61 49
7 66 76
7 69 26
7 72 28
7 73 75
7 74 63
7 77 48
7 78 69
7 79 2
7 81 64
7 82 58
7 83 47
7 86 41
7 90 95
7 91 88
7 93 41
7 94 53
7 95 90
7 100 19
7 110 94
7 111 57
7 113 85
7 118 25
7 121 64
7 122 45
7 124 14
7 125 91
7 127 73
7 130 79
7 131 42
7 133 65
7 135 97
7 137 90
7 141 41
7 144 60
7 145 39
7 146 29
7 147 65
7 150 97
8 10 44
8 11 46
8 14 48
8 17 35
8 22 86
8 25 27
8 26 8
8 27 13
8 32 98
8 33 33
8 34 41
8 35 1
8 38 25
8 45 91
8 48 17
8 49 69
8 50 79
8 52 3
8 53 97
8 54 58
8 55 95
8 56 80
8 59 45
8 60 92
8 62 43
8 63 46
8 73 86
8 75 4
8 85 40
8 87 53
8 89 24
8 90 91
8 100 60
8 102 51
8 103 22
8 108 22
8 117 48
8 118 4
8 121 52
8 122 74
8 125 50
8 127 20
8 128 39
8 129 89
8 134 72
8 135 68
8 136 39
8 137 3
8 139 95
8 141 35
8 144 49
8 145 18
8 146 49
8 148 40
8 149 39
9 10 51
9 11 46
9 12 28
9 16 99
9 19 92
9 22 26
9 23 75
9 24 86
9 25 100
9 28 68
9 30 85
9 31 49
9 32 35
9 35 78
9 36 32
9 37 22
9 38 27
9 39 91
9 41 95
9 45 13
9 46 27
9 48 34
9 51 88
9 53 49
9 54 64
9 59 52
9 60 73
9 61 58
9 64 70
9 65 22
9 66 91
9 69 68
9 72 17
9 75 65
9 80 99
9 82 53
9 83 13
9 86 35
9 90 24
9 94 71
9 96 57
9 104 15
9 107 72
9 108 35
9 110 9
9 112 87
9 113 59
9 117 22
9 120 89
9 121 68
9 132 82
9 135 32
9 136 92
9 137 13
9 139 5
9 140 11
9 142 92
9 146 100
9 148 19
9 149 55
10 15 2
10 16 59
10 18 4
10 19 56
10 24 76
10 31 41
10 32 58
10 33 59
10 34 37
10 38 48
10 40 56
10 41 50
10 46 45
10 49 71
10 52 22
10 53 14
10 57 69
10 64 67
10 66 52
10 68 70
10 70 11
10 72 4
10 77 24
10 80 18
10 82 55
10 86 71
10 88 10
10 90 1
10 92 18
10 96 81
10 98 52
10 101 19
10 102 71
10 104 19
10 105 53
10 106 1
10 107 17
10 111 4
10 114 37
10 116 98
10 117 45
10 118 41
10 119 7
10 124 62
10 125 15
10 126 12
10 130 81
10 133 89
10 137 24
10 138 36
10 142 85
10 143 25
10 145 49
10 146 5
10 147 36
10 148 54
10 150 98
11 15 1
11 16 79
11 19 69
11 20 29
11 21 72
11 22 15
11 24 45
11 25 2
11 27 80
11 29 53
11 35 64
11 37 68
11 39 38
11 40 84
11 41 20
11 42 80
11 44 19
11 45 66
11 46 77
11 47 52
11 54 25
11 58 12
11 59 51
11 60 87
11 61 65
11 63 72
11 64 60
11 65 60
11 69 76
11 71 75
11 73 64
11 74 39
11 76 29
11 77 52
11 79 52
11 80 91
11 84 89
11 85 43
11 86 1
11 95 28
11 96 68
11 97 26
11 98 17
11 99 9
11 101 58
11 102 78
11 105 8
11 110 18
11 111 62
11 112 70
11 113 87
11 115 45
11 119 5
11 120 2
11 123 89
11 124 4
11 127 51
11 128 53
11 130 91
11 132 28
11 137 47
11 139 39
11 140 73
11 141 25
11 145 4
11 147 14
11 149 51
12 13 19
12 15 76
12 21 33
12 23 46
12 26 34
12 27 34
12 28 8
12 34 46
12 37 33
12 42 47
12 45 20
12 47 79
12 50 85
12 52 7
12 56 67
12 57 98
12 60 87
12 64 62
12 71 90
12 75 61
12 77 43
12 80 79
12 87 52
12 88 64
12 89 55
12 90 53
12 91 81
12 95 70
12 99 82
12 102 84
12 104 90
12 105 87
12 108 43
12 109 62
12 111 93
12 112 42
12 116 40
12 118 72
12 119 52
12 120 79
12 121 73
12 122 23
12 125 90
12 128 53
12 129 28
12 130 55
12 131 15
12 135 34
12 137 66
12 138 61
12 141 63
12 143 73
12 144 11
12 146 58
12 148 55
12 149 66
12 150 8
13 14 18
13 18 36
13 19 36
13 22 58
13 24 71
13 29 49
13 33 8
13 35 12
13 37 70
13 40 14
13 43 28
13 46 97
13 47 77
13 56 36
13 60 33
13 61 24
13 62 93
13 64 27
13 65 67
13 68 74
13 69 40
13 71 81
13 73 70
13 75 30
13 81 71
13 84 21
13 85 74
13 86 93
13 91 46
13 95 98
13 96 7
13 97 83
13 101 54
13 105 38
13 107 27
13 108 63
13 109 61
13 110 83
13 115 26
13 117 45
13 118 67
13 119 61
13 124 54
13 125 32
13 126 99
13 131 61
13 136 97
13 141 49
13 142 35
13 145 91
13 147 100
13 149 91
13 150 23
14 16 91
14 19 62
14 24 97
14 27 31
14 31 62
14 33 59
14 34 50
14 35 28
14 36 54
14 38 71
14 39 26
14 40 15
14 41 7
14 43 39
14 47 38
14 55 15
14 56 46
14 59 18
14 60 41
14 61 99
14 63 75
14 64 67
14 67 7
14 69 95
14 70 85
14 76 44
14 77 29
14 78 22
14 79 11
14 84 91
14 86 32
14 88 1
14 92 15
14 97 41
14 98 26
14 103 26
14 106 64
14 108 91
14 111 7
14 113 100
14 114 49
14 116 2
14 120 89
14 122 26
14 124 83
14 127 74
14 131 35
14 132 14
14 136 24
14 137 94
14 138 16
14 143 61
14 145 25
14 146 51
14 148 35
14 150 53
15 23 67
15 25 59
15 27 73
15 28 44
15 31 82
15 32 18
15 33 8
15 43 38
15 46 86
15 52 5
15 56 15
15 60 76
15 61 99
15 72 66
15 73 3
15 74 98
15 78 8
15 81 73
15 83 63
15 84 27
15 89 70
15 90 21
15 91 83
15 92 69
15 93 81
15 95 35
15 99 35
15 102 32
15 105 100
15 106 67
15 108 29
15 112 34
15 113 34
15 115 41
15 116 12
15 123 62
15 124 46
15 126 63
15 128 72
15 131 27
15 134 11
15 135 51
15 136 25
15 139 32
15 141 43
15 144 5
15 145 85
15 146 63
15 147 59
15 148 4
15 149 63
16 18 67
16 19 18
16 20 86
16 21 3
16 30 84
16 31 100
16 33 27
16 34 72
16 36 75
16 40 16
16 41 88
16 44 27
16 46 8
16 48 2
16 49 100
16 50 58
16 51 12
16 52 26
16 55 9
16 56 65
16 57 60
16 58 1
16 59 31
16 63 44
16 67 44
16 69 52
16 71 79
16 72 49
16 73 56
16 77 90
16 79 38
16 81 6
16 82 73
16 84 42
16 86 95
16 87 81
16 91 96
16 95 49
16 98 54
16 100 88
16 101 32
16 105 65
16 106 69
16 107 41
16 109 68
16 112 59
16 113 3
16 116 72
16 118 27
16 120 39
16 121 51
16 124 60
16 129 47
16 130 19
16 132 84
16 135 43
16 136 23
16 141 10
16 144 85
16 147 47
16 148 59
16 149 47
17 20 6
17 22 88
17 25 63
17 26 95
17 29 81
17 30 24
17 36 60
17 37 85
17 38 24
17 39 40
17 41 48
17 46 3
17 49 20
17 51 23
17 54 2
17 55 40
17 56 26
17 61 42
17 65 48
17 66 42
17 67 90
17 69 82
17 76 97
17 81 30
17 82 72
17 83 24
17 87 11
17 88 96
17 89 82
17 91 2
17 92 94
17 95 59
17 99 27
17 100 47
17 102 93
17 106 45
17 107 95
17 109 31
17 111 37
17 112 75
17 115 12
17 116 48
17 120 66
17 121 100
17 127 69
17 128 52
17 130 76
17 131 92
17 133 68
17 138 8
17 141 63
17 142 33
17 143 51
17 147 28
17 149 43
17 150 58
18 19 84
18 22 93
18 24 99
18 25 16
18 28 15
18 31 8
18 35 82
18 37 14
18 38 90
18 40 78
18 41 2
18 43 69
18 46 39
18 48 66
18 49 61
18 50 27
18 55 77
18 58 46
18 62 17
18 63 70
18 64 10
18 69 35
18 71 27
18 73 20
18 76 41
18 78 11
18 79 95
18 82 100
18 83 61
18 85 9
18 90 25
18 91 43
18 94 82
18 95 20
18 99 84
18 103 94
18 104 64
18 110 57
18 113 26
18 120 4
18 121 89
18 124 89
18 125 6
18 126 20
18 127 20
18 128 8
18 129 27
18 131 52
18 132 71
18 137 22
18 142 49
18 148 80
18 149 23
19 22 39
19 25 85
19 30 90
19 31 69
