150 10058 1
1 2 19
1 8 56
1 9 33
1 11 15
1 14 52
1 17 90
1 18 93
1 23 1
1 25 60
1 26 89
1 27 12
1 30 56
1 31 42
1 34 62
1 35 79
1 46 34
1 47 64
1 48 81
1 49 72
1 62 9
1 64 22
1 68 76
1 69 55
1 70 3
1 71 17
1 72 71
1 73 62
1 74 5
1 76 8
1 81 25
1 82 32
1 84 70
1 86 88
1 87 40
1 90 77
1 92 55
1 95 22
1 96 11
1 98 44
1 100 50
1 102 99
1 103 31
1 104 80
1 105 50
1 109 35
1 111 21
1 115 48
1 116 54
1 117 83
1 122 10
1 127 91
1 129 1
1 130 41
1 131 11
1 133 100
1 134 17
1 135 26
1 140 68
1 141 39
1 143 50
1 144 97
1 147 67
2 3 82
2 7 62
2 8 17
2 12 86
2 13 17
2 14 14
2 15 68
2 17 2
2 22 61
2 25 18
2 26 15
2 27 72
2 28 35
2 30 61
2 31 9
2 33 31
2 34 75
2 40 20
2 41 65
2 43 58
2 46 39
2 47 96
2 48 70
2 49 38
2 51 86
2 52 77
2 54 92
2 56 18
2 57 25
2 58 64
2 59 40
2 61 95
2 62 21
2 65 37
2 66 21
2 70 87
2 71 18
2 72 50
2 73 5
2 74 33
2 77 26
2 78 68
2 79 44
2 80 16
2 85 62
2 86 66
2 89 92
2 91 40
2 100 95
2 103 89
2 105 100
2 106 50
2 107 28
2 109 98
2 112 98
2 113 45
2 114 46
2 116 83
2 119 36
2 121 49
2 124 91
2 126 35
2 128 90
2 129 30
2 131 69
2 134 12
2 136 74
2 138 14
2 143 67
2 145 89
2 147 62
2 148 14
2 149 98
2 150 4
3 4 74
3 8 90
3 10 23
3 11 95
3 12 91
3 14 24
3 15 72
3 16 85
3 17 59
3 19 50
3 20 92
3 21 89
3 22 46
3 24 9
3 25 15
3 26 59
3 30 52
3 35 14
3 36 31
3 43 49
3 44 22
3 48 56
3 49 12
3 50 92
3 52 30
3 55 38
3 57 87
3 59 65
3 69 19
3 71 16
3 74 78
3 75 16
3 78 71
3 81 18
3 83 44
3 84 53
3 86 83
3 87 78
3 88 13
3 89 93
3 90 79
3 94 19
3 95 77
3 96 59
3 99 73
3 100 86
3 102 22
3 105 6
3 108 41
3 109 25
3 118 6
3 119 99
3 123 44
3 124 77
3 128 27
3 129 17
3 131 51
3 133 63
3 135 42
3 137 43
3 138 91
3 143 62
3 144 49
3 146 42
3 150 70
4 6 93
4 7 85
4 8 87
4 12 27
4 13 35
4 14 48
4 17 56
4 21 68
4 22 62
4 24 11
4 25 47
4 27 54
4 28 16
4 30 42
4 32 40
4 34 58
4 36 66
4 41 46
4 42 29
4 43 92
4 44 19
4 45 19
4 46 14
4 47 72
4 49 48
4 52 13
4 54 40
4 57 56
4 58 78
4 63 52
4 65 34
4 69 85
4 70 15
4 78 90
4 81 63
4 86 91
4 87 39
4 89 72
4 90 99
4 95 58
4 96 23
4 98 90
4 104 48
4 113 44
4 114 70
4 118 2
4 120 50
4 123 69
4 125 88
4 126 34
4 127 85
4 128 88
4 129 1
4 137 3
4 143 42
4 144 32
4 146 53
4 148 61
5 9 56
5 10 61
5 11 2
5 13 34
5 14 12
5 18 83
5 20 11
5 22 44
5 25 25
5 28 10
5 30 87
5 31 89
5 34 84
5 35 74
5 41 15
5 44 33
5 51 61
5 52 78
5 57 42
5 62 26
5 63 43
5 64 45
5 67 3
5 72 95
5 73 17
5 78 19
5 79 74
5 80 16
5 81 26
5 82 28
5 84 20
5 86 70
5 87 42
5 90 42
5 91 67
5 95 21
5 98 90
5 99 26
5 100 73
5 108 15
5 115 85
5 116 97
5 118 20
5 121 4
5 123 55
5 126 28
5 132 46
5 134 47
5 135 96
5 137 83
5 139 31
5 141 34
5 142 66
5 146 67
5 147 9
6 8 90
6 10 81
6 12 69
6 13 42
6 14 77
6 20 27
6 23 76
6 24 27
6 27 66
6 37 15
6 41 95
6 42 63
6 43 38
6 45 80
6 47 73
6 49 16
6 51 37
6 52 47
6 53 63
6 54 72
6 56 70
6 57 16
6 64 82
6 67 34
6 70 72
6 73 41
6 75 63
6 77 25
6 80 76
6 81 36
6 83 13
6 84 94
6 85 85
6 94 82
6 97 74
6 98 30
6 101 28
6 102 69
6 103 81
6 105 21
6 106 19
6 107 72
6 109 30
6 114 85
6 115 73
6 118 64
6 119 99
6 120 89
6 122 2
6 131 47
6 135 5
6 139 3
6 140 65
6 141 13
6 142 57
6 145 43
6 148 26
6 150 19
7 10 35
7 16 22
7 17 17
7 19 97
7 24 7
7 25 47
7 26 36
7 27 15
7 29 43
7 32 75
7 37 21
7 39 23
7 40 60
7 41 50
7 43 11
7 45 11
7 49 4
7 52 98
7 55 95
7 59 92
7 60 69
7 62 21
7 67 38
7 69 42
7 70 25
7 71 33
7 72 29
7 73 24
7 74 97
7 76 19
7 78 29
7 80 78
7 81 57
7 83 90
7 87 65
7 88 24
7 89 84
7 93 6
7 95 90
7 96 50
7 97 95
7 99 46
7 102 30
7 103 24
7 105 10
7 108 65
7 110 1
7 111 93
7 112 71
7 113 50
7 115 6
7 116 95
7 117 51
7 118 5
7 120 26
7 122 63
7 123 96
7 126 76
7 127 92
7 128 47
7 131 25
7 135 12
7 139 67
7 140 80
7 141 40
7 144 38
7 148 65
7 150 15
8 12 73
8 17 3
8 21 40
8 24 89
8 25 94
8 29 42
8 30 22
8 32 22
8 33 73
8 38 97
8 40 19
8 42 20
8 46 32
8 50 69
8 55 83
8 56 82
8 64 25
8 68 76
8 69 72
8 77 40
8 81 55
8 82 9
8 84 54
8 85 94
8 86 36
8 88 33
8 89 58
8 90 75
8 92 82
8 93 42
8 94 18
8 95 84
8 97 59
8 99 42
8 101 73
8 113 30
8 115 85
8 116 52
8 117 62
8 118 64
8 119 41
8 120 55
8 124 54
8 125 68
8 127 94
8 128 10
8 131 19
8 132 7
8 133 64
8 135 92
8 136 55
8 139 74
8 141 54
8 144 90
8 146 63
8 147 19
8 149 44
9 10 33
9 15 4
9 16 56
9 18 21
9 19 92
9 20 25
9 23 5
9 24 96
9 25 64
9 26 98
9 27 48
9 29 11
9 31 28
9 32 40
9 35 91
9 37 40
9 40 49
9 42 47
9 44 85
9 48 21
9 50 4
9 52 83
9 54 69
9 56 88
9 58 33
9 59 38
9 62 47
9 66 73
9 71 80
9 73 64
9 74 30
9 76 3
9 79 68
9 81 29
9 82 86
9 83 12
9 84 33
9 86 11
9 87 64
9 88 89
9 93 75
9 95 54
9 97 57
9 99 89
9 103 23
9 104 40
9 106 74
9 107 13
9 108 32
9 110 86
9 111 51
9 115 69
9 123 88
9 126 85
9 131 1
9 132 4
9 136 29
9 139 68
9 140 19
9 142 60
9 144 63
9 145 7
9 147 84
10 16 73
10 18 75
10 19 16
10 22 61
10 24 91
10 33 37
10 35 95
10 43 98
10 44 66
10 46 54
10 47 13
10 50 81
10 51 85
10 52 22
10 56 46
10 58 19
10 65 21
10 66 93
10 67 38
10 74 38
10 75 43
10 76 94
10 77 77
10 78 94
10 83 99
10 86 95
10 89 60
10 92 49
10 93 72
10 95 60
10 99 26
10 101 3
10 111 92
10 112 36
10 114 97
10 116 31
10 122 83
10 124 47
10 125 71
10 128 25
10 130 59
10 133 75
10 134 51
10 135 44
10 136 39
10 138 24
10 139 44
10 140 76
10 141 77
10 142 8
10 144 11
10 145 20
10 148 89
11 14 9
11 15 36
11 17 75
11 18 21
11 19 49
11 20 31
11 21 84
11 24 41
11 25 97
11 26 29
11 27 20
11 29 20
11 30 38
11 31 78
11 34 70
11 37 37
11 38 73
11 41 60
11 45 5
11 47 91
11 50 91
11 56 39
11 58 4
11 64 31
11 66 45
11 67 64
11 68 90
11 74 73
11 75 1
11 77 85
11 79 69
11 85 26
11 86 87
11 87 35
11 93 96
11 99 94
11 100 50
11 107 86
11 108 38
11 112 24
11 113 68
11 114 39
11 121 93
11 125 63
11 127 99
11 128 70
11 131 31
11 132 24
11 136 91
11 138 23
11 141 31
11 148 69
11 149 87
11 150 4
12 15 32
12 17 52
12 18 91
12 21 15
12 25 74
12 30 21
12 32 79
12 33 29
12 34 11
12 36 8
12 39 15
12 43 34
12 44 40
12 45 66
12 49 42
12 52 76
12 56 96
12 57 24
12 61 70
12 62 35
12 66 79
12 67 81
12 69 3
12 71 56
12 74 64
12 77 99
12 78 2
12 79 46
12 81 92
12 83 68
12 84 40
12 85 40
12 86 32
12 88 86
12 89 74
12 90 17
12 95 69
12 98 92
12 100 22
12 105 94
12 106 97
12 111 62
12 112 10
12 113 76
12 114 59
12 121 7
12 124 94
12 128 85
12 129 15
12 130 54
12 133 90
12 135 16
12 136 3
12 137 71
12 139 27
12 140 64
12 144 70
12 148 44
13 17 45
13 20 69
13 24 41
13 26 89
13 28 58
13 30 52
13 31 15
13 32 42
13 34 78
13 35 13
13 37 14
13 40 4
13 44 34
13 46 38
13 48 62
13 49 54
13 50 82
13 51 63
13 52 83
13 53 50
13 56 32
13 59 47
13 61 66
13 63 42
13 65 80
13 66 17
13 67 47
13 69 18
13 70 66
13 74 91
13 77 90
13 81 73
13 83 11
13 84 80
13 85 54
13 86 57
13 88 63
13 92 97
13 99 43
13 101 83
13 103 55
13 105 66
13 111 11
13 119 4
13 123 95
13 127 64
13 134 64
13 139 96
13 143 85
13 144 98
13 145 84
13 148 51
14 17 20
14 23 58
14 25 7
14 26 73
14 28 32
14 29 9
14 30 96
14 32 2
14 34 74
14 35 89
14 37 5
14 41 29
14 42 89
14 46 70
14 49 93
14 52 28
14 54 2
14 55 85
14 56 77
14 57 25
14 58 50
14 61 43
14 65 35
14 68 69
14 69 12
14 73 3
14 74 34
14 83 59
14 85 2
14 87 91
14 91 33
14 92 90
14 94 12
14 97 99
14 101 23
14 102 22
14 103 61
14 106 84
14 109 39
14 112 6
14 114 3
14 115 27
14 118 46
14 121 59
14 123 29
14 126 46
14 127 3
14 132 19
14 134 49
14 140 36
14 141 73
14 146 77
14 149 72
15 22 71
15 23 45
15 24 35
15 25 73
15 27 26
15 28 55
15 29 80
15 31 33
15 33 94
15 34 75
15 37 64
15 39 77
15 42 45
15 44 74
15 47 50
15 49 56
15 51 73
15 53 6
15 54 50
15 57 8
15 67 52
15 68 52
15 69 62
15 70 1
15 71 17
15 73 37
15 75 95
15 78 80
15 80 65
15 86 70
15 88 26
15 90 1
15 91 49
15 93 1
15 94 63
15 96 62
15 98 49
15 99 100
15 100 67
15 102 31
15 110 25
15 111 94
15 113 95
15 114 54
15 115 44
15 117 71
15 124 62
15 125 55
15 128 71
15 132 94
15 137 53
15 138 12
15 140 77
15 141 74
15 142 61
15 143 77
15 144 60
15 145 63
15 148 63
16 18 35
16 20 15
16 21 7
16 22 59
16 23 85
16 24 37
16 26 5
16 28 97
16 32 46
16 33 66
16 35 16
16 37 40
16 41 67
16 47 88
16 49 6
16 53 48
16 55 76
16 57 46
16 59 64
16 60 79
16 63 17
16 64 91
16 72 78
16 73 38
16 74 32
16 76 86
16 80 33
16 83 32
16 84 1
16 85 78
16 88 95
16 94 57
16 95 70
16 96 8
16 103 81
16 104 77
16 105 93
16 106 26
16 108 58
16 109 73
16 112 95
16 114 85
16 116 18
16 117 6
16 124 6
16 125 37
16 127 11
16 129 96
16 130 63
16 131 15
16 132 30
16 138 79
16 139 5
16 141 28
16 142 93
16 143 4
16 144 91
16 147 95
16 148 2
16 149 92
16 150 99
17 22 39
17 23 83
17 24 93
17 28 91
17 29 66
17 32 39
17 37 99
17 38 83
17 43 64
17 49 47
17 50 64
17 52 20
17 55 91
17 56 11
17 58 60
17 62 70
17 63 34
17 65 76
17 67 85
17 69 100
17 71 2
17 76 100
17 77 28
17 78 90
17 83 59
17 85 69
17 87 92
17 88 72
17 89 7
17 91 99
17 94 34
17 98 52
17 100 75
17 101 53
17 103 28
17 104 1
17 105 19
17 114 40
17 116 15
17 117 23
17 119 26
17 121 42
17 122 26
17 124 58
17 126 1
17 127 45
17 128 47
17 129 50
17 130 32
17 132 74
17 133 57
17 135 72
17 137 35
17 138 100
17 142 68
17 143 66
17 145 25
17 148 55
17 149 97
17 150 99
18 19 25
18 21 35
18 22 40
18 24 22
18 33 23
18 34 71
18 37 28
18 38 74
18 40 33
18 41 54
18 42 96
18 47 37
18 52 33
18 53 78
18 56 41
18 58 61
18 60 40
18 62 16
18 65 28
18 66 64
18 67 50
18 72 11
18 74 46
18 76 61
18 78 2
18 84 87
18 85 85
18 86 63
18 94 50
18 96 39
18 97 13
18 100 36
18 101 10
18 115 64
18 116 78
18 123 62
18 125 83
18 126 92
18 127 4
18 131 38
18 133 7
18 134 44
18 136 61
18 138 76
18 139 99
18 140 8
18 141 8
18 142 26
18 146 38
18 150 78
19 24 14
19 32 83
19 43 18
19 49 64
19 52 11
19 53 37
19 58 36
19 60 75
19 61 89
19 62 78
19 66 40
19 71 10
19 73 58
19 77 70
19 78 93
19 79 14
19 80 16
19 81 80
19 82 12
19 83 58
19 85 27
19 87 100
19 89 51
19 91 98
19 92 50
19 93 81
19 95 66
19 96 90
19 97 41
19 98 18
19 102 12
19 105 74
19 112 46
19 114 43
19 115 87
19 117 4
19 118 18
19 119 23
19 120 42
19 123 41
19 125 22
19 127 56
19 128 81
19 130 1
19 132 72
19 134 24
19 140 73
19 142 74
19 144 78
19 147 46
19 148 89
19 149 27
19 150 19
20 26 41
20 27 77
20 29 12
20 33 31
20 35 16
20 37 99
20 38 2
20 39 56
20 40 9
20 41 29
20 42 28
20 45 82
20 47 67
20 49 28
20 55 1
20 59 81
20 64 78
20 66 37
20 67 56
20 70 8
20 75 47
20 85 97
20 87 71
20 89 72
20 94 61
20 95 87
20 100 83
20 102 97
20 104 54
20 106 63
20 107 58
20 110 45
20 112 38
20 119 30
20 124 81
20 126 12
20 130 32
20 131 25
20 133 82
20 135 59
20 136 90
20 137 35
20 143 37
20 148 66
20 150 96
21 24 87
21 25 8
21 27 38
21 30 73
21 31 60
21 43 40
21 44 69
21 49 65
21 51 15
21 53 6
21 54 72
21 55 21
21 57 13
21 58 88
21 61 44
21 62 86
21 64 52
21 67 29
21 68 28
21 69 78
21 71 94
21 72 50
21 78 25
21 81 99
21 84 44
21 85 93
21 87 65
21 90 43
21 91 96
21 95 81
21 101 60
21 102 33
21 103 10
21 106 11
21 108 71
21 110 67
21 113 63
21 116 37
21 117 21
21 118 52
21 119 24
21 122 63
21 124 58
21 126 61
21 129 49
21 130 18
21 135 99
21 136 49
21 137 83
21 139 8
21 141 89
21 142 79
21 145 46
21 148 98
21 150 66
22 24 32
22 25 80
22 26 31
22 27 74
22 29 37
22 30 14
22 33 20
22 35 37
22 37 35
22 40 88
22 46 2
22 47 38
22 50 40
22 55 1
22 56 48
22 58 73
22 62 64
22 66 82
22 68 100
22 69 83
22 73 95
22 74 84
22 75 74
22 78 97
22 81 19
22 82 17
22 85 17
22 87 88
22 89 67
22 90 7
22 91 92
22 94 85
22 95 22
22 98 56
22 99 28
22 103 40
22 107 55
22 108 4
22 109 45
22 112 84
22 113 4
22 121 50
22 122 30
22 124 7
22 131 79
22 134 85
22 135 83
22 136 42
22 137 90
22 140 38
22 144 2
22 146 66
22 147 79
22 148 71
23 24 70
23 30 60
23 40 8
23 41 11
23 42 50
23 46 44
23 53 15
23 59 90
23 60 30
23 65 22
23 66 84
23 67 73
23 68 94
23 70 32
23 71 10
23 72 69
23 73 23
23 76 64
23 79 18
23 80 49
23 85 52
23 86 87
23 87 76
23 88 29
23 89 62
23 91 75
23 93 72
23 95 44
23 103 90
23 104 60
23 105 61
23 106 93
23 107 83
23 108 61
23 109 13
23 110 9
23 112 42
23 115 12
23 116 2
23 117 94
23 124 88
23 125 67
23 126 42
23 129 45
23 130 75
23 131 9
23 134 49
23 138 53
23 139 57
23 147 88
23 148 97
23 149 68
24 26 20
24 28 13
24 30 14
24 33 42
24 36 73
24 37 50
24 42 80
24 43 45
24 45 15
24 49 42
24 51 81
24 55 57
24 57 57
24 59 78
24 60 20
24 62 42
24 64 3
24 70 9
24 72 46
24 75 4
24 81 32
24 83 60
24 84 20
24 88 94
24 90 77
24 95 76
24 97 55
24 98 74
24 99 72
24 100 12
24 112 6
24 113 75
24 115 23
24 119 90
24 125 32
24 126 98
24 127 60
24 130 85
24 131 55
24 132 5
24 133 17
24 137 91
24 138 84
24 139 4
24 143 26
24 144 3
24 145 61
24 150 6
25 31 82
25 32 76
25 36 67
25 39 66
25 43 49
25 44 92
25 47 80
25 54 63
25 56 40
25 58 11
25 67 48
25 68 45
25 74 47
25 77 30
25 78 89
25 79 37
25 80 29
25 84 76
25 85 15
25 89 18
25 96 41
25 97 13
25 101 75
25 104 86
25 105 35
25 108 54
25 116 59
25 117 77
25 119 51
25 120 20
25 121 49
25 127 73
25 129 62
25 137 60
25 138 19
25 139 92
25 141 5
25 142 65
25 145 95
26 28 24
26 31 30
26 34 91
26 38 2
26 40 33
26 42 42
26 45 96
26 46 36
26 49 94
26 50 37
26 52 30
26 54 27
26 56 42
26 57 43
26 60 19
26 61 5
26 64 1
26 65 82
26 75 23
26 77 72
26 82 50
26 83 79
26 84 35
26 86 20
26 89 1
26 94 51
26 95 26
26 96 71
26 97 66
26 99 87
26 101 53
26 102 38
26 103 19
26 104 75
26 108 63
26 110 57
26 113 36
26 114 71
26 115 90
26 116 76
26 119 73
26 121 99
26 123 49
26 124 56
26 126 95
26 132 38
26 133 29
26 140 98
26 141 23
26 144 49
26 145 91
26 146 96
26 148 43
26 149 71
26 150 67
27 28 6
27 29 69
27 33 44
27 36 92
27 39 54
27 44 95
27 48 61
27 49 9
27 52 26
27 54 41
27 58 57
27 59 51
27 60 64
27 63 57
27 64 76
27 69 15
27 73 43
27 76 69
27 78 17
27 80 55
27 85 45
27 89 23
27 90 69
27 92 10
27 94 70
27 97 13
27 100 60
27 101 36
27 102 77
27 104 31
27 107 8
27 108 44
27 109 99
27 110 95
27 113 40
27 115 30
27 117 2
27 121 3
27 122 3
27 123 62
27 129 35
27 130 2
27 135 91
27 138 76
27 140 45
27 141 5
27 142 32
27 143 57
27 145 17
27 146 84
28 32 70
28 33 86
28 37 43
28 40 64
28 43 41
28 44 83
28 45 49
28 47 29
28 49 2
28 50 39
28 52 92
28 54 40
28 55 94
28 56 70
28 58 98
28 60 81
28 64 81
28 66 64
28 69 92
28 72 96
28 73 55
28 76 96
28 77 6
28 78 66
28 81 35
28 83 98
28 86 86
28 89 73
28 94 47
28 95 47
28 98 60
28 102 81
28 106 7
28 107 1
28 108 97
28 110 16
28 116 87
28 118 35
28 119 80
28 123 80
28 125 38
28 126 27
28 127 78
28 130 49
28 131 91
28 135 69
28 136 29
28 137 28
28 138 1
28 140 93
28 143 93
28 146 9
28 147 87
28 149 89
29 32 36
29 34 42
29 37 9
29 40 67
29 42 22
29 43 16
29 44 79
29 48 98
29 49 62
29 51 65
29 55 4
29 56 89
29 57 7
29 58 58
29 60 29
29 62 39
29 71 26
29 74 100
29 75 71
29 76 18
29 77 63
29 83 22
29 89 77
29 92 56
29 93 25
29 97 54
29 105 87
29 106 20
29 108 91
29 109 92
29 111 85
29 112 78
29 116 25
29 119 35
29 121 62
29 122 37
29 128 22
29 129 90
29 130 82
29 137 99
29 141 41
29 144 50
29 145 31
29 147 16
29 148 50
29 149 52
30 31 51
30 32 44
30 33 9
30 37 74
30 38 11
30 46 76
30 47 89
30 48 81
30 51 24
30 52 64
30 54 94
30 55 18
30 59 64
30 60 69
30 61 91
30 63 54
30 64 98
30 65 21
30 66 70
30 67 11
30 71 49
30 72 4
30 74 16
30 78 52
30 81 42
30 83 34
30 85 8
30 90 40
30 94 69
30 96 23
30 98 4
30 101 77
30 102 23
30 103 77
30 109 69
30 111 99
30 113 1
30 114 75
30 117 86
30 118 38
30 119 12
30 123 50
30 125 15
30 126 87
30 127 78
30 128 30
30 133 63
30 134 92
30 135 92
30 136 74
30 143 93
30 145 39
30 147 33
31 39 81
31 44 78
31 46 50
31 47 4
31 51 75
31 52 11
31 58 46
31 60 74
31 62 14
31 63 55
31 64 98
31 69 36
31 70 8
31 73 88
31 74 18
31 79 41
31 80 51
31 84 20
31 85 69
31 86 20
31 87 17
31 93 51
31 98 20
31 99 15
31 104 86
31 108 9
31 110 50
31 112 29
31 114 24
31 115 15
31 118 21
31 119 93
31 122 52
31 123 83
31 126 18
31 127 21
31 128 7
31 131 45
31 132 15
31 134 58
31 136 80
31 138 20
31 139 68
31 141 63
31 147 71
31 148 34
32 34 77
32 38 20
32 40 30
32 42 48
32 43 52
32 44 33
32 48 85
32 52 75
32 54 92
32 57 95
32 58 36
32 61 26
32 63 85
32 64 64
32 65 24
32 66 79
32 67 17
32 70 26
32 71 87
32 74 32
32 80 64
32 81 44
32 89 41
32 90 86
32 91 92
32 92 47
32 93 85
32 94 91
32 96 11
32 98 7
32 99 22
32 104 87
32 107 97
32 109 91
32 112 39
32 115 35
32 117 93
32 118 92
32 120 31
32 122 29
32 124 47
32 125 50
32 126 55
32 128 4
32 129 81
32 134 97
32 141 42
32 142 56
33 36 92
33 38 85
33 41 80
33 42 95
33 43 56
33 44 41
33 46 15
33 49 57
33 52 59
33 53 11
33 54 82
33 58 79
33 61 25
33 63 88
33 66 69
33 67 88
33 69 52
33 72 23
33 75 2
33 80 58
33 81 38
33 82 24
33 83 19
33 90 51
33 100 50
33 101 62
33 105 52
33 108 69
33 113 93
33 114 26
33 117 54
33 120 13
33 124 58
33 128 52
33 129 50
33 130 90
33 135 100
33 142 96
33 143 16
33 144 47
33 145 54
33 148 67
33 149 83
34 35 68
34 37 29
34 39 39
34 41 65
34 43 4
34 45 43
34 54 84
34 56 21
34 64 61
34 66 85
34 70 63
34 71 92
34 75 26
34 84 2
34 86 6
34 87 94
34 89 36
34 91 56
34 93 18
34 99 9
34 100 54
34 101 75
34 103 28
34 108 16
34 109 34
34 120 47
34 122 72
34 125 22
34 127 50
34 129 92
34 136 23
34 138 65
34 139 78
34 141 100
34 142 90
34 143 62
34 144 83
34 146 69
35 36 13
35 37 16
35 39 58
35 43 50
35 45 48
35 51 29
35 52 66
35 54 36
35 61 67
35 63 74
35 69 20
35 75 46
35 76 77
35 78 69
35 80 35
35 83 35
35 85 62
35 86 20
35 87 69
35 88 86
35 92 28
35 94 34
35 95 80
35 97 72
35 99 89
35 102 5
35 104 86
35 105 77
35 106 56
35 110 59
35 113 95
35 114 83
35 118 88
35 121 25
35 122 93
35 123 72
35 128 88
35 129 56
35 130 23
35 134 50
35 135 27
35 143 42
35 144 95
35 145 52
36 37 65
36 44 30
36 46 76
36 48 62
36 50 14
36 51 79
36 54 32
36 59 47
36 60 10
36 66 30
36 67 51
36 69 8
36 70 76
36 72 25
36 76 53
36 77 91
36 79 97
36 81 97
36 84 89
36 85 71
36 91 47
36 92 58
36 94 5
36 97 93
36 99 94
36 102 66
36 106 17
36 110 94
36 112 4
36 114 98
36 119 50
36 121 57
36 122 36
36 126 33
36 127 82
36 133 63
36 136 55
36 142 48
36 143 80
36 148 1
37 39 39
37 46 64
37 47 8
37 48 4
37 50 41
37 52 58
37 57 92
37 58 71
37 59 1
37 61 13
37 63 31
37 64 73
37 68 68
37 71 53
37 72 76
37 74 19
37 75 96
37 82 73
37 83 54
37 86 33
37 87 89
37 89 2
37 95 39
37 96 35
37 100 20
37 101 83
37 104 98
37 105 59
37 109 76
37 110 29
37 111 6
37 112 31
37 119 52
37 127 89
37 128 62
37 129 35
37 133 14
37 134 6
37 135 84
37 138 83
37 143 65
37 145 73
37 146 33
37 147 22
38 41 55
38 46 76
38 51 56
38 55 51
38 56 76
38 58 96
38 61 39
38 64 63
38 66 48
38 70 98
38 73 73
38 74 7
38 75 5
38 76 83
38 77 8
38 78 28
38 80 72
38 82 59
38 83 55
38 85 74
38 87 50
38 91 82
38 94 49
38 95 5
38 99 80
38 102 12
38 103 97
38 104 13
38 109 83
38 110 44
38 111 2
38 112 80
38 113 71
38 114 93
38 116 26
38 117 46
38 119 98
38 120 80
38 124 50
38 125 53
38 126 92
38 127 3
38 128 11
38 132 100
38 134 45
38 135 90
38 138 72
38 142 90
38 145 37
38 146 84
39 41 49
39 42 5
39 46 6
39 49 24
39 50 8
39 52 63
39 53 59
39 55 77
39 57 46
39 59 76
39 61 38
39 63 15
39 64 63
39 65 45
39 69 25
39 70 64
39 71 48
39 73 16
39 80 42
39 85 19
39 86 23
39 91 2
39 92 53
39 93 69
39 97 9
39 98 24
39 100 6
39 104 89
39 105 65
39 106 93
39 110 45
39 112 61
39 117 6
39 122 81
39 123 45
39 124 92
39 126 21
39 130 4
39 131 55
39 132 14
39 136 3
39 137 45
39 139 14
39 143 78
39 147 97
39 149 98
39 150 66
40 41 26
40 42 99
40 43 5
40 46 82
40 47 48
40 49 94
40 52 98
40 56 31
40 60 35
40 65 33
40 68 59
40 70 94
40 74 12
40 75 91
40 76 94
40 77 31
40 79 41
40 81 74
40 83 3
40 85 32
40 86 80
40 88 22
40 89 47
40 90 78
40 94 61
40 95 44
40 98 96
40 100 96
40 103 82
40 104 88
40 106 73
40 109 50
40 112 5
40 113 54
40 116 93
40 118 91
40 119 93
40 120 46
40 125 92
40 129 36
40 131 81
40 132 5
40 135 33
40 136 38
40 139 67
40 140 77
40 146 88
40 149 22
41 42 51
41 43 63
41 45 9
41 47 54
41 51 82
41 57 11
41 58 42
41 59 88
41 62 64
41 64 84
41 69 30
41 71 25
41 73 83
41 74 4
41 78 4
41 79 7
41 84 54
41 85 94
41 87 13
41 90 33
41 91 82
41 93 89
41 96 82
41 97 73
41 101 13
41 102 85
41 103 23
41 106 55
41 107 84
41 109 13
41 110 1
41 111 35
41 112 33
41 114 93
41 116 92
41 117 66
41 121 75
41 122 86
41 125 72
41 127 36
41 131 46
41 136 39
41 139 73
41 141 40
41 145 70
41 147 63
42 48 95
42 49 80
42 50 46
42 51 82
42 52 77
42 53 89
42 55 66
42 59 73
42 60 92
42 61 71
42 62 50
42 65 7
42 69 4
42 72 35
42 74 93
42 75 55
42 80 86
42 82 4
42 87 60
42 89 18
42 91 55
42 93 26
42 94 70
42 96 19
42 99 89
42 104 1
42 107 36
42 108 53
42 109 90
42 111 38
42 115 97
42 117 63
42 118 40
42 119 17
42 120 31
42 122 23
42 123 2
42 124 82
42 125 15
42 127 54
42 134 2
42 135 5
42 136 65
42 137 94
42 139 30
42 140 67
42 141 53
42 142 24
42 145 89
43 45 35
43 47 77
43 48 42
43 50 73
43 53 57
43 56 13
43 62 87
43 64 60
43 68 2
43 74 6
43 75 17
43 76 26
43 78 81
43 79 90
43 80 82
43 81 47
43 83 42
43 84 64
43 85 56
43 86 51
43 87 71
43 91 24
43 92 82
43 94 32
43 96 95
43 97 8
43 98 30
43 101 39
43 102 17
43 103 43
43 107 93
43 109 29
43 116 63
43 118 91
43 120 99
43 123 12
43 125 80
43 126 30
43 127 63
43 129 52
43 130 54
43 131 33
43 132 20
43 136 57
43 138 74
43 140 32
43 141 74
43 142 41
43 147 63
43 148 47
44 45 63
44 48 12
44 53 49
44 54 6
44 57 45
44 64 66
44 67 37
44 69 30
44 72 96
44 76 47
44 77 76
44 80 65
44 83 63
44 84 38
44 86 73
44 87 31
44 100 17
44 106 27
44 107 31
44 111 51
44 113 32
44 114 11
44 116 80
44 118 89
44 122 84
44 124 4
44 125 13
44 128 52
44 131 46
44 134 57
44 135 60
44 138 66
44 145 69
44 146 54
44 148 29
44 149 3
45 48 64
45 49 15
45 50 95
45 51 73
45 53 23
45 57 70
45 60 85
45 61 48
45 62 68
45 63 20
45 64 70
45 65 54
45 66 57
45 68 100
45 69 72
45 74 79
45 78 93
45 80 80
45 81 47
45 82 68
45 83 70
45 89 48
45 90 81
45 93 70
45 94 57
45 95 14
45 97 74
45 103 75
45 107 85
45 111 57
45 112 55
45 118 37
45 121 73
45 122 75
45 133 29
45 135 32
45 136 72
45 137 62
45 139 2
45 141 65
45 146 92
45 147 34
46 48 6
46 50 45
46 51 14
46 52 2
46 53 19
46 55 66
46 64 2
46 65 86
46 67 63
46 71 91
46 74 40
46 77 98
46 79 45
46 83 78
46 86 52
46 88 78
46 94 53
46 95 74
46 96 69
46 98 39
46 99 54
46 100 4
46 102 66
46 103 3
46 106 49
46 107 73
46 108 47
46 109 73
46 113 95
46 114 4
46 120 57
46 123 32
46 125 85
46 129 11
46 131 47
46 132 8
46 134 9
46 139 95
46 141 44
46 148 50
46 149 47
47 50 26
47 55 8
47 56 79
47 59 60
47 62 45
47 64 70
47 67 83
47 68 99
47 71 81
47 73 8
47 76 64
47 78 50
47 82 74
47 83 66
47 85 70
47 87 24
47 88 37
47 89 72
47 90 74
47 91 50
47 95 8
47 97 54
47 98 58
47 102 18
47 103 72
47 104 46
47 109 85
47 112 79
47 114 8
47 115 32
47 117 60
47 121 99
47 124 65
47 132 39
47 134 98
47 137 47
47 138 1
47 139 98
47 143 5
47 144 86
47 145 37
47 147 41
47 148 55
47 149 90
47 150 16
48 51 3
48 54 52
48 55 85
48 61 100
48 62 83
48 63 57
48 64 25
48 66 28
48 67 69
48 70 24
48 74 68
48 75 51
48 82 27
48 91 67
48 93 21
48 99 78
48 100 87
48 101 89
48 107 65
48 108 100
48 109 87
48 110 55
48 111 74
48 118 29
48 120 4
48 130 87
48 132 79
48 133 77
48 136 73
48 137 10
48 140 5
48 142 79
48 143 68
48 144 98
48 146 37
48 149 54
49 50 98
49 54 68
49 56 58
49 61 22
49 62 16
49 65 51
49 68 69
49 69 21
49 70 94
49 72 49
49 75 27
49 77 73
49 78 90
49 79 75
49 83 88
49 86 69
49 87 98
49 89 33
49 95 32
49 97 71
49 100 68
49 101 63
49 102 91
49 103 98
49 106 15
49 107 66
49 111 41
49 112 68
49 115 1
49 130 98
49 133 68
49 135 9
49 137 76
49 138 44
49 139 97
49 142 32
49 144 74
49 146 85
49 148 12
50 51 3
50 55 95
50 56 12
50 57 41
50 58 32
50 59 58
50 60 17
50 67 44
50 68 11
50 69 81
50 72 82
50 75 78
50 76 98
50 78 46
50 80 70
50 83 76
50 88 39
50 89 58
50 92 14
50 93 14
50 94 23
50 95 2
50 96 78
50 97 69
50 102 44
50 106 14
50 110 65
50 114 32
50 119 36
50 121 53
50 125 46
50 128 49
50 129 66
50 130 1
50 132 5
50 133 98
50 135 43
50 138 60
50 142 47
50 144 70
50 147 44
50 149 87
51 57 70
51 58 38
51 59 42
51 61 43
51 62 35
51 63 44
51 64 47
51 65 4
51 69 32
51 70 15
51 71 1
51 73 91
51 74 75
51 78 79
51 79 64
51 80 15
51 82 59
51 83 30
51 85 70
51 86 49
51 87 16
51 88 81
51 90 68
51 91 52
51 94 75
51 97 92
51 98 17
51 100 8
51 101 53
51 102 41
51 104 76
51 109 7
51 111 75
51 115 8
51 119 67
51 124 2
51 126 100
51 128 54
51 130 45
51 131 8
51 132 53
51 133 26
51 135 23
51 137 20
51 139 88
51 140 24
51 143 85
51 144 92
51 150 21
52 53 74
52 56 57
52 67 91
52 69 67
52 70 31
52 71 47
52 73 78
52 76 32
52 79 26
52 80 26
52 81 64
52 83 96
52 87 32
52 89 43
52 91 23
52 92 51
52 93 41
52 96 81
52 101 77
52 105 34
52 106 39
52 107 88
52 114 11
52 115 33
52 119 98
52 120 23
52 125 99
52 126 16
52 130 28
52 140 36
52 143 26
52 147 6
52 150 70
53 54 10
53 57 13
53 59 69
53 61 72
53 66 52
53 68 52
53 72 13
53 74 59
53 76 27
53 79 16
53 80 65
53 81 89
53 82 46
53 83 53
53 84 71
53 85 67
53 87 63
53 89 16
53 90 52
53 93 11
53 102 46
53 104 33
53 106 13
53 108 42
53 109 33
53 110 50
53 112 67
53 113 83
53 122 65
53 129 86
53 130 54
53 131 98
53 134 4
53 137 97
53 141 53
53 142 25
53 143 5
53 144 12
53 145 17
53 147 65
53 148 64
53 149 78
53 150 30
54 55 43
54 56 16
54 57 55
54 59 62
54 62 23
54 66 80
54 67 77
54 68 77
54 69 6
54 71 93
54 72 65
54 73 17
54 77 95
54 79 79
54 86 17
54 88 90
54 92 1
54 93 15
54 97 51
54 98 71
54 102 97
54 104 3
54 105 40
54 106 24
54 112 37
54 113 1
54 115 7
54 116 10
54 119 56
54 123 57
54 126 5
54 127 51
54 128 16
54 134 42
54 137 49
54 139 89
54 140 44
54 146 70
54 147 45
54 150 7
55 59 49
55 60 34
55 61 3
55 62 99
55 63 59
55 65 84
55 67 24
55 71 75
55 73 9
55 75 91
55 76 90
55 78 67
55 80 59
55 82 70
55 85 56
55 88 86
55 90 32
55 95 49
55 97 46
55 98 54
55 99 93
55 100 73
55 102 85
55 104 67
55 106 77
55 107 50
55 112 53
55 118 82
55 120 27
55 121 22
55 122 70
55 128 77
55 134 96
55 140 28
55 142 94
55 145 82
55 146 94
55 148 78
55 149 32
55 150 9
56 60 1
56 65 76
56 70 3
56 71 6
56 73 51
56 76 82
56 77 60
56 79 2
56 80 61
56 87 90
56 91 42
56 95 33
56 99 93
56 101 23
56 104 86
56 105 39
56 107 68
56 108 71
56 111 91
56 114 31
56 115 72
56 116 21
56 118 89
56 119 34
56 120 17
56 124 64
56 131 61
56 134 69
56 139 18
56 146 31
56 147 41
56 148 35
56 150 86
57 60 54
57 61 19
57 70 36
57 72 38
57 73 22
57 78 15
57 79 34
57 81 62
57 82 54
57 85 48
57 86 85
57 89 71
57 90 30
57 91 94
57 93 51
57 99 70
57 101 79
57 102 17
57 104 64
57 106 14
57 109 65
57 111 25
57 113 7
57 116 70
57 117 52
57 123 92
57 124 86
57 125 32
57 127 73
57 128 59
57 131 88
57 132 88
57 134 15
57 138 78
57 141 2
57 142 94
57 147 65
57 148 34
58 59 28
58 61 13
58 64 16
58 65 75
58 67 62
58 68 49
58 71 63
58 73 83
58 74 5
58 75 24
58 76 76
58 78 12
58 85 88
58 92 37
58 93 56
58 95 45
58 97 2
58 102 3
58 105 10
58 106 36
58 108 19
58 114 76
58 116 95
58 117 90
58 118 95
58 123 51
58 124 98
58 125 88
58 128 46
58 130 82
58 133 51
58 134 84
58 135 24
58 137 63
58 141 50
58 144 88
58 147 41
58 148 32
59 60 84
59 62 58
59 65 27
59 68 53
59 69 58
59 70 73
59 72 35
59 76 94
59 81 47
59 85 30
59 86 79
59 93 65
59 95 81
59 99 49
59 106 57
59 109 75
59 114 34
59 123 92
59 124 65
59 127 95
59 130 46
59 131 41
59 133 50
59 136 2
59 137 8
59 139 54
59 140 1
59 141 30
59 142 12
59 144 6
59 145 92
59 147 24
59 148 86
59 149 72
60 63 93
60 64 39
60 65 74
60 67 85
60 68 58
60 72 36
60 81 89
60 84 60
60 85 22
60 86 55
60 88 7
60 89 11
60 90 66
60 91 23
60 93 67
60 94 28
60 98 81
60 101 75
60 104 30
60 105 34
60 106 61
60 107 94
60 110 37
60 120 75
60 123 39
60 124 71
60 126 10
60 134 52
60 135 82
60 136 51
60 137 76
60 138 69
60 142 67
60 146 92
60 147 58
60 148 84
61 64 84
61 66 35
61 67 35
61 71 13
61 76 79
61 79 69
61 84 64
61 87 73
61 88 54
61 89 80
61 90 22
61 92 60
61 93 4
61 96 9
61 99 3
61 101 11
61 107 33
61 108 52
61 110 71
61 112 11
61 116 83
61 119 18
61 120 4
61 121 34
61 123 23
61 125 55
61 127 43
61 129 33
61 134 37
61 136 80
61 137 35
61 138 76
61 139 40
61 140 41
61 141 53
61 142 80
61 145 92
61 146 37
61 148 80
61 149 71
62 63 76
62 64 90
62 65 86
62 68 84
62 70 59
62 71 16
62 74 11
62 78 53
62 79 28
62 83 26
62 87 93
62 91 35
62 97 78
62 99 24
62 103 11
62 105 19
62 106 38
62 108 20
62 110 14
62 112 8
62 113 8
62 119 41
62 120 87
62 122 56
62 123 10
62 124 39
62 133 66
62 134 74
62 138 25
62 141 97
62 147 2
62 148 59
62 150 63
63 64 90
63 65 89
63 69 41
63 70 37
63 72 91
63 73 41
63 76 95
63 78 41
63 82 57
63 84 2
63 90 28
63 91 99
63 92 61
63 95 39
63 97 100
63 98 85
63 109 22
63 110 48
63 111 45
63 112 97
63 114 51
63 115 6
63 117 66
63 118 29
63 120 14
63 122 89
63 123 19
63 127 94
63 131 5
63 132 32
63 135 88
63 137 82
63 140 8
63 142 60
63 143 37
63 146 13
63 148 20
63 150 95
64 66 94
64 67 73
64 72 45
64 75 48
64 77 83
64 78 52
64 82 23
64 83 77
64 86 31
64 88 80
64 91 73
64 92 51
64 100 52
64 101 69
64 103 99
64 104 69
64 106 79
64 109 93
64 110 55
64 114 67
64 117 39
64 121 37
64 124 38
64 131 11
64 136 11
64 138 12
64 141 47
64 143 78
64 145 51
64 146 85
64 147 91
64 148 83
64 149 45
65 67 19
65 68 47
65 69 24
65 70 35
65 72 86
65 78 8
65 80 6
65 81 38
65 84 16
65 85 65
65 87 28
65 101 68
65 102 56
65 103 33
65 105 78
65 106 94
65 107 82
65 109 1
65 110 88
65 112 80
65 113 95
65 114 13
65 115 80
65 119 27
65 120 43
65 125 14
65 131 75
65 133 100
65 135 97
65 141 31
65 143 100
65 147 29
65 148 40
66 68 61
66 70 96
66 73 81
66 80 65
66 83 35
66 84 55
66 90 65
66 92 28
66 94 57
66 95 100
66 96 61
66 98 42
66 99 48
66 101 14
66 103 82
66 104 1
66 105 81
66 106 89
66 109 19
66 111 96
66 112 12
66 113 85
66 114 42
66 117 92
66 122 93
66 130 64
66 133 52
66 137 15
66 142 44
66 146 12
66 147 47
66 148 62
66 150 20
67 72 27
67 73 25
67 81 78
67 85 36
67 88 92
67 91 22
67 94 43
67 96 97
67 97 8
67 101 27
67 102 63
67 105 8
67 109 53
67 111 96
67 112 17
67 113 12
67 117 14
67 121 49
67 122 91
67 124 59
67 125 28
67 130 14
67 133 2
67 135 57
67 136 24
67 140 100
67 141 98
67 142 15
67 143 100
67 145 24
67 146 54
68 69 6
68 73 79
68 75 40
68 81 90
68 84 69
68 87 19
68 91 39
68 92 23
68 94 88
68 95 92
68 98 37
68 99 4
68 103 60
68 105 71
68 107 54
68 108 15
68 112 46
68 115 4
68 121 77
68 125 74
68 126 15
68 127 4
68 129 98
68 130 98
68 131 48
68 133 56
68 134 37
68 135 57
68 136 58
68 139 32
68 142 95
68 144 62
68 149 42
69 73 79
69 76 69
69 78 75
69 81 71
69 82 21
69 83 100
69 87 61
69 88 28
69 93 44
69 94 6
69 96 34
69 97 96
69 98 45
69 100 30
69 105 84
69 106 61
69 109 86
69 110 57
69 113 56
69 117 25
69 119 23
69 123 63
69 124 85
69 127 50
69 129 71
69 130 26
69 131 10
69 132 46
69 134 30
69 138 19
69 139 62
69 140 38
69 143 52
69 144 50
69 145 34
69 146 11
70 71 88
70 76 47
70 77 26
70 79 47
70 80 18
70 87 92
70 92 50
70 99 65
70 102 95
70 106 70
70 107 60
70 108 72
70 109 73
70 110 87
70 111 53
70 114 19
70 115 70
70 117 40
70 122 97
70 125 15
70 129 10
70 132 12
70 133 18
70 137 95
70 148 93
70 150 69
71 73 47
71 74 11
71 75 73
71 79 55
71 80 91
71 85 24
71 88 95
71 93 33
71 94 6
71 101 77
71 102 27
71 106 90
71 108 64
71 110 20
71 114 37
71 116 12
71 119 10
71 120 87
71 121 48
71 124 18
71 126 12
71 128 14
71 131 31
71 136 85
71 137 3
71 139 80
71 140 8
71 142 2
71 145 86
71 148 71
71 149 58
72 73 60
72 74 51
72 75 4
72 80 96
72 82 83
72 83 31
72 84 47
72 89 99
72 90 76
72 95 4
72 97 64
72 98 14
72 101 35
72 104 13
72 106 29
72 110 75
72 112 62
72 113 7
72 115 42
72 120 22
72 121 11
72 123 37
72 125 65
72 127 10
72 128 36
72 130 60
72 131 85
72 133 15
72 146 64
73 77 37
73 78 28
73 80 95
73 81 14
73 89 52
73 90 73
73 102 14
73 106 41
73 107 98
73 110 20
73 113 23
73 114 98
73 119 41
73 121 66
73 124 85
73 125 78
73 126 61
73 129 20
73 130 65
73 132 51
73 134 41
73 140 85
73 143 78
73 146 30
73 148 66
74 80 7
74 82 11
74 83 4
74 85 93
74 86 91
74 93 8
74 95 37
74 103 14
74 104 27
74 107 31
74 112 26
74 114 25
74 122 57
74 124 91
74 129 72
74 130 90
74 131 18
74 135 79
74 137 17
74 138 19
74 149 78
74 150 34
75 79 43
75 80 74
75 82 42
75 83 48
75 87 17
75 89 15
75 91 73
75 92 16
75 93 39
75 94 61
75 97 83
75 100 72
75 101 38
75 110 34
75 113 79
75 115 55
75 120 42
75 121 82
75 123 43
75 125 12
75 129 46
75 132 25
75 134 75
75 139 31
75 146 46
75 150 39
76 79 48
76 85 100
76 87 58
76 88 74
76 89 53
76 90 57
76 95 30
76 96 61
76 97 60
76 99 41
76 101 42
76 102 27
76 103 36
76 109 45
76 112 54
76 113 93
76 114 73
76 118 2
76 120 2
76 122 11
76 123 22
76 125 38
76 127 47
76 130 67
76 132 88
76 134 84
76 135 41
76 136 98
76 140 87
76 141 100
76 142 8
76 143 15
76 144 39
76 146 56
76 147 72
76 148 32
76 149 30
77 80 17
77 81 9
77 83 42
77 86 82
77 89 87
77 91 88
77 95 99
77 96 16
77 97 86
77 99 78
77 102 25
77 103 2
77 104 11
77 116 12
77 119 46
77 120 14
77 121 93
77 122 10
77 123 11
77 124 79
77 126 7
77 128 27
77 130 38
77 135 40
77 137 76
77 138 62
77 140 100
77 146 95
77 148 22
77 150 98
78 82 29
78 87 1
78 88 67
78 95 74
78 100 21
78 103 23
78 104 73
78 106 69
78 109 42
78 111 25
78 113 52
78 121 66
78 123 47
78 125 80
78 129 66
78 133 64
78 134 49
78 137 78
78 139 50
78 140 65
78 142 71
78 144 43
78 145 35
78 149 10
78 150 75
79 83 86
79 84 90
79 85 23
79 86 84
79 89 33
79 91 67
79 94 45
79 95 31
79 99 72
79 100 64
79 101 61
79 103 65
79 106 98
79 107 19
79 108 84
79 109 91
79 110 92
79 113 64
79 115 19
79 117 28
79 118 23
79 120 68
79 121 96
79 123 33
79 128 9
79 136 9
79 139 88
79 142 96
79 145 73
79 149 27
80 82 27
80 86 88
80 88 41
80 90 9
80 92 14
80 100 4
80 101 29
80 103 1
80 104 87
80 106 8
80 110 26
80 114 4
80 116 1
80 117 93
80 118 50
80 119 70
80 121 83
80 122 96
80 123 69
80 130 46
80 136 95
80 138 53
80 139 91
80 141 84
80 142 55
80 146 62
81 83 57
81 85 100
81 89 22
81 91 88
81 92 13
81 94 11
81 96 67
81 97 2
81 101 37
81 103 9
81 105 13
81 108 70
81 111 31
81 113 14
81 114 21
81 116 54
81 118 1
81 120 59
81 122 50
81 125 87
81 131 71
81 140 98
81 141 68
81 144 39
81 149 92
82 83 29
82 84 61
82 89 27
82 92 24
82 96 24
82 97 16
82 102 33
82 104 65
82 108 87
82 111 60
82 112 29
82 113 14
82 114 45
82 118 80
82 122 32
82 127 27
82 128 12
82 133 57
82 137 52
82 138 7
82 142 32
82 145 14
82 146 45
82 148 17
82 149 78
83 86 25
83 87 15
83 93 84
83 95 30
83 97 45
83 100 24
83 101 69
83 102 57
83 107 76
83 111 46
83 112 87
83 114 51
83 116 6
83 121 98
83 122 44
83 124 11
83 126 75
83 128 88
83 129 13
83 130 7
83 135 94
83 137 45
83 138 32
83 139 48
83 140 81
83 142 79
83 143 6
83 144 51
83 146 17
83 147 64
83 149 46
83 150 45
84 87 36
84 88 59
84 91 47
84 94 67
84 96 49
84 99 63
84 104 52
84 108 6
84 110 95
84 111 44
84 114 4
84 115 42
84 123 34
84 124 24
84 126 93
84 138 80
84 139 19
84 140 30
84 142 75
84 143 1
84 145 35
84 147 74
84 148 10
85 86 43
85 93 94
85 94 6
85 96 61
85 101 5
85 103 51
85 104 61
85 106 12
85 108 93
85 111 51
85 112 73
85 113 40
85 114 78
85 117 97
85 125 67
85 127 19
85 129 61
85 130 24
85 136 42
85 139 64
85 144 18
85 145 25
85 146 11
85 148 99
85 149 50
86 87 15
86 92 50
86 96 74
86 99 30
86 100 44
86 106 88
86 109 18
86 111 28
86 115 40
86 116 24
86 117 90
86 118 91
86 119 94
86 121 2
86 122 58
86 123 32
86 124 9
86 125 55
86 126 22
86 127 41
86 128 46
86 130 6
86 132 38
86 134 41
86 136 63
86 137 49
86 138 69
86 142 49
86 145 68
87 95 98
87 96 1
87 97 27
87 101 16
87 105 11
87 109 42
87 114 78
87 115 76
87 120 78
87 123 45
87 127 39
87 132 62
87 133 34
87 136 51
87 138 13
87 143 70
88 91 65
88 92 88
88 93 79
88 99 61
88 101 13
88 105 66
88 107 55
88 113 14
88 116 39
88 119 16
88 120 51
88 123 38
88 125 6
88 129 66
88 131 20
88 132 75
88 133 6
88 134 92
88 135 39
88 136 76
88 137 16
88 138 2
88 140 85
88 141 29
88 145 79
88 147 69
88 150 18
89 90 21
89 91 86
89 94 65
89 96 47
89 97 61
89 100 90
89 101 58
89 103 100
89 105 82
89 108 23
89 115 72
89 116 6
89 118 90
89 119 98
89 120 27
89 125 92
89 129 30
89 130 9
89 138 13
89 140 17
89 141 6
89 144 70
89 145 86
89 146 89
90 92 5
90 96 84
90 97 4
90 98 39
90 101 78
90 103 86
90 106 2
90 107 87
90 111 57
90 113 42
90 115 72
90 117 91
90 125 81
90 127 90
90 130 71
90 131 21
90 133 95
90 134 30
90 135 14
90 136 25
90 138 20
90 141 8
90 143 59
90 146 76
90 149 90
91 94 41
91 97 46
91 98 30
91 99 34
91 100 91
91 102 92
91 103 76
91 104 5
91 106 56
91 109 25
91 111 41
91 112 22
91 116 4
91 120 66
91 121 31
91 130 95
91 132 86
91 136 54
91 139 79
91 143 23
91 144 100
92 93 69
92 95 49
92 97 71
92 98 55
92 100 16
92 101 84
92 103 61
92 107 50
92 108 4
92 111 95
92 114 69
92 116 80
92 120 44
92 121 85
92 122 96
92 125 10
92 128 52
92 130 64
92 131 52
92 133 50
92 134 10
92 135 80
92 136 62
92 138 64
92 139 72
92 141 53
92 143 77
92 145 41
92 146 62
92 147 28
92 148 49
92 149 54
92 150 80
93 94 22
93 101 64
93 108 9
93 110 21
93 111 92
93 119 3
93 121 88
93 122 70
93 127 80
93 130 59
93 131 6
93 139 85
93 141 98
93 142 78
93 143 20
93 147 72
93 148 18
93 149 94
93 150 65
94 95 82
94 97 82
94 100 43
94 102 24
94 103 46
94 106 88
94 107 24
94 111 47
94 113 66
94 114 66
94 117 2
94 120 39
94 121 52
94 122 69
94 123 74
94 126 97
94 128 23
94 129 40
94 135 12
94 136 82
94 138 45
94 145 61
94 148 35
94 150 88
95 97 100
95 104 86
95 106 51
95 107 11
95 109 36
95 114 89
95 115 90
95 121 22
95 126 62
95 127 96
95 129 5
95 130 68
95 131 66
95 132 38
95 133 66
95 134 28
95 141 99
95 143 25
95 144 15
95 146 89
95 147 31
95 148 48
95 150 11
96 100 25
96 101 45
96 109 86
96 110 42
96 111 5
96 112 82
96 116 84
96 117 46
96 119 60
96 123 25
96 124 35
96 125 99
96 127 56
96 128 11
96 129 18
96 130 29
96 133 1
96 134 56
96 135 51
96 136 60
96 137 85
96 141 60
96 142 98
96 144 10
96 145 39
96 148 89
97 100 70
97 104 27
97 108 63
97 112 57
97 113 65
97 116 34
97 117 37
97 119 69
97 120 49
97 123 4
97 125 75
97 129 43
97 132 44
97 137 39
97 140 31
97 141 85
97 142 64
97 145 56
97 148 67
98 100 40
98 104 60
98 105 69
98 108 32
98 109 95
98 112 65
98 119 19
98 123 49
98 124 69
98 125 10
98 126 89
98 136 51
98 137 94
98 138 87
98 139 15
98 146 31
98 148 87
98 150 70
99 100 19
99 101 16
99 104 92
99 107 35
99 108 44
99 116 30
99 117 80
99 128 29
99 129 95
99 130 22
99 133 25
99 135 70
99 137 77
99 140 69
99 141 28
99 142 96
99 143 25
99 147 72
99 149 27
99 150 97
100 105 70
100 108 40
100 115 28
100 116 15
100 119 78
100 120 18
100 122 60
100 124 57
100 125 16
100 133 71
100 138 36
100 140 65
100 141 91
100 142 25
100 145 29
100 147 6
100 149 8
101 102 40
101 105 83
101 106 61
101 112 35
101 113 36
101 116 47
101 117 75
101 121 47
101 123 65
101 125 89
101 126 49
101 128 31
101 131 70
101 135 32
101 137 71
101 139 57
101 141 4
101 142 99
101 143 17
101 144 49
101 150 15
102 104 24
102 105 66
102 106 7
102 112 47
102 113 98
102 115 34
102 118 46
102 119 81
102 120 56
102 121 7
102 123 22
102 125 16
102 131 43
102 134 54
102 136 69
102 143 33
102 144 11
102 145 57
102 148 39
103 104 53
103 105 7
103 106 15
103 110 59
103 111 82
103 119 96
103 120 44
103 122 2
103 123 43
103 131 9
103 132 13
103 136 58
103 141 35
103 142 68
103 144 43
103 150 63
104 105 8
104 106 7
104 107 87
104 109 39
104 112 64
104 113 91
104 115 34
104 117 68
104 119 6
104 120 14
104 121 33
104 125 64
104 126 30
104 127 91
104 128 98
104 134 26
104 138 17
104 141 70
104 142 13
104 145 100
104 148 65
104 150 13
105 106 83
105 111 46
105 113 89
105 115 92
105 116 58
105 120 15
105 122 5
105 127 22
105 129 27
105 131 47
105 134 79
105 136 9
105 138 23
105 141 89
105 142 34
105 144 12
105 146 6
105 148 27
105 149 88
105 150 39
106 109 4
106 114 83
106 116 62
106 118 67
106 122 18
106 124 95
106 125 46
106 127 85
106 129 61
106 130 56
106 136 92
106 147 39
107 108 4
107 109 87
107 112 91
107 114 84
107 117 82
107 119 28
107 125 1
107 128 33
107 131 99
107 132 76
107 133 68
107 134 78
107 136 94
107 138 31
107 139 9
107 141 35
107 143 68
107 147 92
107 149 20
108 109 100
108 110 24
108 112 69
108 113 18
108 116 68
108 119 70
108 121 100
108 122 76
108 123 39
108 124 91
108 126 97
108 128 66
108 133 55
108 135 38
108 140 29
108 147 29
109 110 15
109 115 22
109 119 15
109 122 55
109 124 5
109 126 36
109 128 55
109 132 89
109 134 12
109 135 13
109 136 14
109 137 79
109 140 46
109 141 21
109 143 60
109 146 87
109 147 25
109 148 10
110 113 58
110 115 49
110 122 27
110 124 85
110 127 17
110 128 94
110 132 71
110 133 34
110 135 57
110 136 100
110 138 94
110 140 38
110 150 83
111 113 51
111 116 64
111 119 56
111 120 64
111 122 88
111 123 3
111 127 48
111 128 15
111 132 92
111 134 67
111 135 49
111 136 12
111 137 42
111 139 60
111 147 70
112 113 16
112 116 60
112 117 9
112 118 22
112 124 93
112 128 70
112 130 50
112 131 5
112 132 53
112 139 27
112 140 86
112 141 9
112 143 63
112 144 22
112 147 81
112 148 9
112 149 6
113 114 61
113 115 27
113 116 57
113 117 97
113 122 36
113 125 26
113 126 6
113 134 46
113 135 79
113 136 93
113 137 83
113 145 28
113 146 99
113 147 85
114 115 25
114 120 21
114 124 5
114 126 57
114 127 84
114 128 75
114 130 80
114 132 72
114 136 33
114 137 40
114 140 22
114 141 15
114 142 40
114 143 56
114 144 89
114 146 24
114 150 45
115 116 46
115 122 68
115 123 71
115 126 91
115 128 6
115 137 92
115 140 86
115 141 29
115 143 15
115 145 40
115 148 23
116 117 33
116 120 19
116 122 77
116 128 37
116 131 34
116 133 38
116 134 15
116 135 59
116 136 33
116 137 50
116 138 58
116 139 45
116 150 21
117 124 90
117 126 18
117 128 2
117 129 96
117 131 45
117 132 94
117 134 24
117 136 78
117 138 63
117 139 60
117 140 70
117 141 64
117 143 62
117 144 10
118 123 95
118 124 78
118 126 53
118 132 65
118 133 27
118 134 85
118 135 63
118 137 86
118 138 82
118 139 64
118 140 56
118 141 5
118 142 28
118 144 71
119 121 33
119 122 27
119 123 25
119 125 74
119 134 7
119 135 64
119 136 55
119 137 86
119 141 3
119 145 71
119 148 24
120 124 69
120 125 43
120 126 34
120 127 42
120 130 37
120 131 47
120 133 84
120 134 33
120 135 50
120 138 100
120 143 48
120 148 42
121 122 54
121 123 25
121 126 79
121 127 8
121 133 35
121 139 59
121 140 4
121 145 11
121 146 37
122 123 82
122 124 16
122 128 78
122 129 20
122 130 79
122 132 2
122 141 2
122 143 16
122 146 28
122 149 25
122 150 61
123 131 35
123 135 32
123 138 69
123 141 16
123 143 31
123 144 53
123 145 79
123 146 24
123 148 12
123 150 99
124 125 70
124 126 71
124 127 76
124 128 97
124 133 9
124 137 29
124 138 75
124 139 79
124 140 1
124 141 96
124 144 12
124 149 20
125 127 21
125 128 68
125 129 62
125 130 15
125 133 49
125 136 28
125 137 49
125 143 11
125 146 52
125 147 69
126 127 15
126 129 90
126 130 19
126 135 98
126 136 42
126 137 89
126 139 35
126 140 78
126 141 90
126 142 20
126 146 57
126 147 51
126 149 77
126 150 81
127 128 12
127 129 30
127 131 72
127 134 28
127 135 95
127 137 17
127 140 87
127 142 53
127 145 71
127 146 99
127 147 9
128 132 2
128 138 17
128 141 36
128 142 50
128 144 88
128 147 95
128 149 8
129 136 46
129 140 26
129 141 69
129 143 52
129 146 70
129 147 27
129 148 80
129 149 50
130 132 14
130 134 10
130 135 61
130 136 20
130 141 26
130 143 18
130 148 56
130 149 71
130 150 28
131 135 98
131 137 51
131 139 25
131 140 13
131 141 53
131 144 28
131 145 13
131 146 67
131 147 10
131 148 4
132 136 8
132 137 29
132 139 69
132 142 56
132 143 92
132 145 97
132 147 95
132 149 72
132 150 94
133 136 9
133 138 77
133 140 26
133 143 99
133 144 60
133 145 16
133 146 2
133 148 65
133 149 27
134 137 54
134 139 20
134 140 3
134 144 80
134 147 70
134 149 68
135 136 42
135 140 5
135 142 23
135 144 7
135 145 76
135 146 14
136 140 76
136 141 33
136 145 67
136 146 44
137 139 43
137 140 88
137 142 85
137 143 89
137 144 98
137 147 66
137 149 69
138 139 98
138 142 98
138 145 6
138 149 43
139 141 52
139 143 25
139 144 91
139 147 4
140 141 15
140 144 97
140 145 16
140 146 54
140 148 13
140 149 9
141 142 95
141 143 64
142 143 91
142 149 79
142 150 78
143 147 80
143 150 2
144 147 99
144 148 39
145 146 63
145 147 92
145 150 75
146 147 35
146 149 51
146 150 36
148 149 48
1 2 37
1 5 93
1 6 41
1 12 77
1 15 3
1 16 12
1 17 100
1 20 45
1 26 4
1 27 54
1 29 64
1 33 15
1 34 13
1 36 49
1 41 93
1 42 94
1 45 55
1 47 62
1 48 21
1 51 57
1 56 17
1 58 4
1 61 60
1 65 72
1 69 95
1 71 89
1 80 98
1 83 93
1 84 32
1 85 48
1 87 58
1 88 85
1 92 6
1 95 72
1 96 19
1 104 7
1 107 82
1 109 57
1 112 40
1 113 61
1 118 38
1 121 61
1 123 25
1 136 95
1 143 99
1 145 40
1 146 31
1 149 61
1 150 71
2 5 38
2 7 17
2 11 84
2 13 16
2 14 7
2 16 56
2 21 36
2 23 33
2 32 84
2 34 64
2 39 68
2 40 49
2 44 77
2 45 97
2 52 69
2 54 99
2 55 27
2 56 7
2 57 74
2 59 7
2 60 87
2 61 81
2 64 81
2 67 42
2 68 32
2 71 79
2 74 53
2 75 80
2 76 24
2 77 98
2 78 7
2 80 61
2 82 47
2 84 61
2 89 10
2 97 33
2 99 23
2 100 45
2 104 20
2 106 19
2 108 14
2 112 92
2 113 80
2 118 87
2 121 70
2 123 84
2 127 47
2 128 8
2 133 94
2 134 12
2 136 79
2 137 28
2 139 81
2 140 3
2 143 34
2 145 49
2 148 73
2 150 29
3 5 79
3 6 8
3 7 63
3 12 71
3 14 86
3 15 7
3 16 70
3 17 75
3 21 99
3 23 85
3 26 84
3 27 29
3 31 29
3 36 78
3 41 44
3 44 89
3 46 26
3 49 20
3 51 80
3 58 71
3 59 36
3 62 96
3 65 9
3 66 57
3 67 16
3 68 97
3 70 39
3 71 62
3 72 1
3 73 34
3 76 52
3 78 85
3 80 11
3 81 14
3 83 29
3 86 95
3 87 18
3 90 18
3 91 62
3 94 27
3 96 100
3 99 88
3 100 63
3 102 83
3 105 52
3 107 87
3 108 11
3 109 38
3 112 7
3 115 14
3 116 35
3 117 95
3 119 34
3 122 79
3 123 46
3 124 79
3 125 91
3 127 16
3 128 17
3 131 12
3 137 36
3 139 48
3 141 71
3 143 7
3 144 74
4 7 15
4 8 60
4 9 33
4 10 3
4 13 65
4 14 86
4 19 62
4 23 9
4 29 1
4 34 11
4 35 65
4 36 49
4 39 76
4 45 92
4 47 4
4 49 55
4 51 33
4 52 60
4 55 17
4 56 64
4 57 26
4 58 90
4 59 48
4 63 37
4 65 19
4 66 5
4 67 69
4 81 69
4 83 85
4 87 31
4 88 47
4 89 30
4 97 12
4 100 98
4 102 32
4 103 51
4 104 27
4 106 57
4 109 83
4 110 30
4 112 50
4 116 40
4 117 50
4 119 68
4 120 25
4 121 97
4 123 55
4 125 95
4 126 17
4 127 60
4 130 15
4 131 42
4 135 25
4 138 39
4 139 47
4 143 34
4 147 35
4 148 90
4 150 45
5 8 40
5 12 12
5 16 64
5 22 94
5 23 63
5 24 39
5 27 69
5 29 38
5 30 38
5 31 11
5 32 56
5 34 48
5 36 42
5 41 40
5 47 21
5 52 22
5 53 28
5 56 56
5 57 4
5 58 59
5 61 80
5 65 17
5 67 48
5 72 41
5 75 49
5 77 74
5 87 89
5 90 12
5 92 59
5 94 74
5 99 51
5 100 97
5 101 64
5 102 94
5 103 58
5 104 39
5 105 1
5 107 28
5 108 86
5 111 85
5 113 44
5 114 60
5 117 62
5 119 83
5 122 5
5 128 77
5 129 35
5 130 20
5 131 64
5 132 54
5 134 51
5 136 81
5 137 37
5 139 7
5 140 20
5 142 43
5 146 10
5 147 58
5 149 99
5 150 37
6 8 10
6 9 99
6 14 83
6 17 60
6 18 17
6 26 63
6 28 52
6 30 26
6 33 78
6 34 25
6 35 82
6 36 94
6 40 8
6 42 85
6 44 33
6 46 80
6 54 30
6 58 30
6 61 21
6 63 33
6 65 82
6 68 61
6 70 33
6 71 10
6 73 34
6 76 42
6 78 56
6 83 99
6 90 29
6 91 51
6 92 89
6 95 11
6 96 100
6 97 33
6 99 59
6 100 44
6 107 82
6 108 61
6 109 72
6 113 24
6 115 23
6 117 27
6 121 76
6 123 61
6 126 100
6 127 59
6 128 79
6 131 10
6 132 3
6 133 79
6 134 62
6 135 71
6 137 35
6 140 71
6 141 86
6 144 39
6 148 8
7 8 76
7 9 11
7 14 83
7 20 73
7 21 77
7 22 16
7 24 47
7 28 78
7 30 42
7 33 66
7 34 16
7 35 7
7 36 53
7 37 20
7 38 80
7 40 100
7 44 34
7 49 34
7 52 54
7 57 26
7 65 31
7 68 51
7 69 10
7 73 75
7 77 41
7 79 57
7 82 14
7 83 85
7 87 37
7 88 54
7 91 67
7 92 33
7 93 87
7 97 20
7 101 55
7 103 13
7 104 93
7 105 18
7 106 81
7 109 67
7 111 7
7 112 65
7 115 47
7 116 65
7 117 10
7 119 69
7 121 32
7 125 12
7 131 3
7 136 36
7 138 24
7 140 19
7 141 12
7 143 29
7 146 84
7 150 36
8 9 72
8 14 85
8 27 62
8 31 61
8 37 1
8 39 95
8 40 76
8 45 79
8 46 16
8 50 52
8 55 52
8 56 57
8 57 30
8 58 83
8 60 1
8 61 54
8 62 28
8 63 62
8 66 89
8 69 56
8 73 61
8 75 16
8 76 17
8 77 20
8 80 78
8 84 78
8 85 26
8 87 11
8 89 59
8 92 55
8 94 54
8 97 100
8 100 23
8 101 71
8 105 42
8 106 65
8 107 35
8 108 4
8 111 56
8 112 12
8 114 62
8 115 31
8 116 74
8 118 33
8 120 36
8 122 90
8 126 1
8 128 21
8 132 50
8 134 56
8 135 18
8 139 68
8 142 49
8 143 28
8 144 40
8 149 46
8 150 58
9 13 3
9 15 58
9 16 62
9 18 78
9 19 53
9 24 73
9 25 83
9 27 7
9 28 68
9 30 58
9 31 78
9 34 41
9 43 79
9 45 41
9 48 64
9 54 65
9 60 96
9 61 35
9 63 50
9 69 94
9 73 87
9 76 65
9 78 68
9 82 67
9 83 96
9 89 47
9 90 7
9 99 29
9 100 6
9 102 72
9 103 11
9 105 12
9 106 41
9 109 41
9 110 71
9 111 61
9 112 26
9 126 54
9 130 82
9 131 94
9 134 34
9 135 68
9 139 87
9 140 17
9 141 94
9 142 1
9 143 35
9 148 57
9 150 42
10 11 20
10 13 42
10 19 20
10 20 41
10 21 66
10 25 29
10 31 33
10 33 40
10 34 65
10 35 11
10 37 17
10 41 14
10 42 35
10 47 24
10 51 28
10 53 10
10 61 46
10 62 93
10 64 87
10 70 71
10 72 95
10 74 77
10 79 12
10 88 63
10 92 44
10 94 44
10 100 15
10 102 8
10 104 40
10 106 7
10 107 68
10 108 76
10 109 10
10 110 71
10 113 92
10 114 24
10 116 75
10 119 90
10 120 76
10 124 66
10 128 88
10 129 78
10 131 37
10 132 77
10 133 70
10 134 80
10 136 89
10 137 46
10 141 12
10 143 23
10 145 59
10 146 84
10 147 65
10 150 57
11 12 41
11 13 22
11 18 42
11 19 100
11 21 5
11 24 3
11 28 98
11 30 53
11 31 47
11 32 56
11 33 81
11 34 23
11 35 93
11 41 12
11 42 24
11 43 83
11 49 12
11 52 19
11 55 88
11 61 78
11 62 19
11 64 2
11 67 68
11 68 78
11 69 60
11 70 92
11 72 23
11 74 18
11 77 7
11 78 53
11 84 15
11 86 57
11 87 79
11 91 52
11 98 23
11 100 47
11 101 48
11 102 29
11 103 50
11 104 15
11 106 79
11 110 97
11 111 4
11 113 22
11 114 87
11 115 42
11 116 24
11 118 16
11 121 20
11 122 85
11 125 94
11 126 49
11 132 47
11 133 47
11 136 36
11 140 82
11 145 78
11 147 57
12 13 37
12 14 52
12 19 98
12 20 87
12 36 44
12 38 85
12 42 11
12 49 45
12 50 31
12 51 36
12 52 15
12 56 32
12 59 39
12 60 75
12 62 88
12 63 80
12 67 2
12 68 89
12 72 78
12 75 75
12 84 10
12 86 32
12 88 75
12 89 1
12 91 55
12 93 36
12 94 59
12 95 31
12 98 3
12 100 21
12 101 48
12 103 27
12 104 62
12 108 98
12 110 39
12 111 51
12 113 65
12 115 19
12 118 53
12 122 26
12 125 97
12 136 78
12 137 4
12 140 15
12 144 22
12 147 83
12 148 93
13 18 97
13 19 23
13 22 78
13 24 41
13 29 43
13 30 34
13 32 91
13 35 17
13 37 83
13 41 40
13 45 50
13 49 64
13 51 31
13 54 9
13 55 27
13 58 59
13 59 13
13 62 24
13 63 52
13 73 57
13 74 61
13 75 7
13 76 69
13 78 90
13 81 30
13 83 79
13 90 80
13 93 27
13 100 63
13 101 83
13 102 5
13 103 55
13 106 16
13 108 83
13 111 52
13 112 66
13 113 22
13 117 56
13 118 44
13 119 18
13 120 95
13 124 54
13 127 32
13 128 9
13 129 58
13 131 98
13 132 49
13 133 2
13 135 95
13 136 77
13 138 79
13 139 49
13 140 18
13 143 24
14 16 16
14 18 46
14 20 83
14 23 49
14 24 42
14 26 62
14 27 80
14 30 73
14 37 46
14 38 63
14 39 74
14 41 74
14 43 4
14 45 87
14 47 82
14 49 85
14 50 91
14 56 13
14 60 51
14 61 67
14 66 9
14 67 24
14 68 37
14 72 32
14 73 47
14 79 70
14 80 42
14 81 9
14 82 59
14 85 72
14 89 33
14 91 22
14 94 22
14 95 17
14 100 81
14 101 6
14 102 53
14 106 53
14 108 86
14 110 41
14 113 63
14 117 87
14 118 97
14 119 84
14 122 11
14 132 81
14 135 16
14 136 78
14 137 73
14 138 8
14 140 5
14 141 73
14 143 36
14 149 12
15 18 57
15 19 84
15 20 53
15 21 58
15 25 32
15 26 30
15 29 67
15 30 41
15 31 14
15 33 80
15 36 3
15 37 98
15 38 75
15 45 81
15 46 12
15 49 40
15 50 86
15 54 64
15 56 11
15 57 11
15 60 75
15 63 50
15 68 71
15 71 15
15 72 53
15 73 86
15 78 17
15 81 36
15 84 72
15 85 33
15 88 56
15 92 41
15 93 33
15 96 65
15 98 79
15 102 65
15 103 99
15 107 56
15 108 46
15 109 11
15 112 81
15 114 10
15 119 10
15 120 49
15 122 32
15 123 24
15 126 88
15 130 34
15 132 35
15 134 25
15 136 38
15 138 1
15 139 39
15 140 31
15 143 62
15 144 24
15 146 61
15 147 25
15 148 90
15 149 100
15 150 66
16 18 61
16 21 76
16 22 14
16 27 45
16 30 37
16 33 60
16 34 1
16 35 92
16 37 32
16 38 14
16 39 37
16 44 57
16 46 24
16 47 82
16 50 53
16 53 78
16 58 54
16 62 88
16 65 11
16 67 75
16 75 12
16 76 100
16 77 30
16 78 12
16 82 55
16 84 87
16 85 52
16 86 42
16 87 43
16 88 68
16 90 50
16 93 70
16 94 17
16 98 67
16 100 69
16 101 62
16 102 32
16 103 38
16 104 49
16 106 30
16 111 9
16 113 64
16 115 64
16 116 35
16 119 47
16 120 49
16 121 61
16 122 50
16 129 87
16 131 80
16 132 65
16 134 92
16 137 48
16 143 47
16 145 23
16 150 45
17 19 52
17 20 50
17 21 15
17 24 25
17 25 26
17 26 9
17 27 67
17 30 33
17 32 58
17 35 20
17 36 41
17 37 15
17 38 60
17 39 58
17 43 90
17 45 67
17 48 48
17 49 73
17 50 27
17 51 71
17 52 60
17 55 19
17 57 23
17 58 82
17 59 77
17 60 79
17 61 6
17 63 73
17 65 2
17 66 74
17 70 43
17 76 93
17 78 65
17 81 14
17 82 93
17 83 17
17 84 52
17 85 91
17 89 88
17 90 41
17 91 86
17 92 18
17 94 68
17 96 8
17 98 84
17 104 94
17 105 53
17 106 79
17 109 89
17 110 30
17 111 16
17 120 74
17 121 70
17 123 40
17 125 31
17 127 23
17 128 82
17 129 100
17 132 11
17 136 32
17 138 92
17 142 44
17 143 100
17 146 83
17 147 81
17 148 56
17 149 89
18 19 63
18 22 29
18 25 4
18 28 22
18 31 97
18 32 77
18 36 55
18 37 27
18 45 50
18 46 80
18 47 93
18 48 83
18 49 82
18 55 48
18 56 85
18 59 75
18 62 12
18 63 61
18 64 74
18 66 26
18 67 5
18 70 97
18 71 87
18 75 74
18 76 10
18 79 90
18 81 99
18 82 78
18 83 6
18 87 9
18 93 21
18 94 73
18 97 40
18 101 25
18 106 61
18 114 60
18 118 32
18 120 68
18 122 14
18 126 78
18 129 20
18 134 40
18 139 69
18 144 25
18 145 72
19 20 44
19 21 15
19 22 84
19 23 94
19 26 38
19 29 34
19 31 32
19 32 32
19 35 44
19 36 17
19 37 83
19 41 27
19 50 90
19 51 55
19 56 75
19 58 25
19 59 21
19 69 3
19 73 26
19 74 14
19 77 85
19 78 29
19 82 71
19 84 89
19 88 75
19 91 50
19 98 33
19 100 59
19 104 24
19 108 43
19 110 93
19 111 48
19 112 95
19 113 83
19 114 2
19 116 15
19 119 88
19 120 70
19 121 30
19 122 84
19 123 69
19 127 41
19 131 63
19 132 54
19 134 62
19 135 65
19 136 70
19 137 94
19 138 51
19 140 57
19 143 38
19 144 35
19 147 89
19 149 63
20 21 20
20 22 41
20 23 4
20 25 11
20 28 61
20 29 97
20 30 12
20 32 6
20 34 80
20 35 12
20 37 91
20 38 25
20 42 71
20 43 62
20 44 38
20 48 1
20 50 7
20 52 22
20 53 43
20 54 59
20 56 52
20 58 98
20 63 44
20 65 53
20 69 4
20 74 79
20 75 48
20 76 35
20 77 90
20 78 16
20 81 22
20 82 29
20 84 2
20 87 19
20 88 45
20 90 25
20 91 72
20 92 50
20 97 70
20 103 84
20 104 18
20 105 3
20 109 82
20 114 20
20 122 21
20 125 18
20 130 90
20 132 85
20 135 97
20 137 54
20 139 86
20 142 24
20 144 87
20 146 87
20 148 100
21 24 13
21 25 94
21 26 87
21 28 52
21 30 94
21 31 24
21 33 82
21 35 80
21 38 83
21 40 30
21 41 64
21 42 3
21 43 41
21 44 31
21 46 47
21 47 69
21 48 67
21 49 57
21 51 63
21 52 57
21 53 52
21 55 29
21 56 66
21 57 19
21 58 56
21 59 87
21 60 10
21 63 72
21 64 61
21 66 16
21 68 19
21 69 42
21 72 41
21 73 28
21 75 55
21 77 3
21 78 46
21 79 80
21 80 29
21 83 84
21 86 84
21 88 72
21 91 55
21 92 51
21 96 87
21 99 65
21 102 92
21 106 100
21 108 82
21 109 22
21 112 10
21 113 69
21 115 18
21 116 14
21 117 62
21 119 25
21 121 26
21 124 77
21 127 35
21 135 59
21 136 1
21 140 99
21 146 40
21 150 57
22 23 40
22 31 63
22 35 24
22 36 13
22 40 17
22 42 76
22 48 27
22 53 62
22 55 21
22 56 95
22 62 80
22 64 55
22 65 48
22 69 98
22 75 33
22 77 94
22 78 99
22 80 80
22 81 27
22 85 48
22 86 30
22 89 16
22 94 99
22 95 73
22 96 81
22 98 39
22 99 35
22 100 67
22 101 3
22 103 82
22 105 18
22 106 99
22 112 49
22 115 78
22 117 18
22 118 41
22 121 65
22 122 43
22 123 40
22 126 28
22 127 85
22 129 40
22 133 22
22 142 42
22 143 28
22 145 33
22 146 56
23 27 32
23 28 22
23 33 70
23 34 10
23 37 29
23 39 78
23 48 49
23 49 98
23 50 61
23 52 48
23 55 37
23 61 48
23 62 63
23 65 55
23 66 28
23 67 87
23 69 11
23 70 92
23 73 28
23 74 1
23 76 11
23 78 69
23 82 98
23 85 37
23 89 28
23 92 88
23 96 60
23 100 17
23 101 46
23 102 93
23 103 100
23 104 62
23 109 31
23 111 5
23 114 4
23 118 68
23 120 47
23 122 34
23 124 56
23 129 46
23 135 4
23 136 64
23 138 13
23 139 97
23 141 83
23 145 56
23 147 44
23 148 78
24 25 76
24 26 8
24 27 27
24 31 44
24 33 21
24 34 3
24 35 26
24 36 55
24 40 23
24 43 96
24 45 60
24 47 100
24 52 23
24 54 54
24 55 36
24 56 14
24 62 7
24 63 98
24 68 35
24 75 67
24 79 12
24 80 61
24 81 13
24 85 39
24 90 31
24 92 80
24 93 97
24 96 68
24 98 48
24 99 22
24 103 72
24 105 13
24 106 21
24 110 99
24 111 60
24 112 35
24 113 19
24 114 67
24 118 73
24 122 37
24 127 77
24 129 77
24 134 100
24 135 15
24 137 75
24 139 96
24 140 27
24 141 50
24 143 94
25 30 7
25 31 70
25 35 36
25 36 6
25 42 79
25 44 4
25 46 52
25 47 44
25 48 47
25 49 57
25 52 79
25 53 13
25 55 64
25 56 70
25 60 44
25 62 11
25 65 68
25 66 58
25 67 71
25 69 81
25 71 91
25 73 55
25 74 87
25 77 43
25 79 40
25 82 17
25 84 29
25 91 53
25 92 93
25 93 68
25 94 26
25 98 82
25 99 46
25 102 88
25 104 88
25 109 4
25 110 70
25 111 37
25 113 100
25 121 11
25 122 14
25 124 95
25 125 30
25 126 78
25 127 59
25 128 7
25 134 63
25 136 31
25 139 61
25 141 16
25 143 46
25 145 94
25 146 51
25 147 32
25 150 89
26 27 57
26 29 91
26 32 21
26 37 25
26 39 97
26 43 63
26 45 5
26 47 49
26 49 49
26 50 95
26 53 88
26 55 68
26 56 48
26 57 47
26 58 64
26 59 25
26 63 33
26 64 11
26 67 23
26 73 78
26 74 84
26 76 70
26 78 89
26 79 70
26 81 4
26 84 72
26 85 97
26 88 95
26 92 29
26 96 3
26 97 11
26 101 20
26 102 65
26 104 20
26 108 26
26 112 11
26 118 69
26 119 89
26 121 44
26 122 16
26 125 80
26 129 56
26 132 90
26 138 56
26 140 45
26 143 66
26 144 44
26 145 47
26 146 69
26 147 83
26 149 59
27 29 44
27 33 57
27 34 41
27 35 21
27 37 67
27 38 27
27 40 39
27 41 99
27 48 60
27 49 78
27 50 40
27 52 62
27 53 93
27 54 1
27 59 90
27 60 96
27 63 15
27 66 67
27 67 94
27 73 84
27 76 6
27 87 75
27 88 69
27 89 28
27 90 45
27 91 57
27 95 46
27 96 65
27 97 59
27 98 77
27 105 96
27 107 31
27 114 73
27 116 12
27 117 86
27 119 77
27 120 88
27 127 50
27 131 66
27 132 94
27 136 63
27 137 13
27 139 14
27 142 25
27 144 76
27 147 23
28 30 4
28 33 57
28 37 19
28 38 57
28 39 97
28 40 39
28 47 2
28 48 81
28 49 24
28 52 100
28 54 59
28 55 80
28 57 71
28 58 7
28 59 58
28 63 84
28 66 61
28 67 91
28 68 13
28 70 23
28 72 22
28 74 13
28 76 22
28 82 45
28 84 13
28 86 49
28 88 90
28 89 47
28 92 12
28 93 69
28 94 19
28 95 93
28 96 33
28 99 28
28 102 47
28 103 11
28 104 11
28 105 84
28 106 3
28 111 10
28 114 48
28 116 98
28 117 11
28 122 98
28 125 41
28 132 43
28 134 14
28 136 63
28 137 55
28 138 36
28 140 41
28 142 88
28 146 28
28 148 31
28 149 85
28 150 31
29 41 40
29 43 65
29 49 46
29 56 49
29 59 80
29 61 10
29 62 54
29 63 20
29 65 74
29 67 26
29 70 11
29 71 55
29 73 78
29 74 57
29 77 60
29 78 49
29 81 25
29 84 58
29 86 52
29 88 23
29 91 12
29 92 96
29 93 69
29 96 46
29 97 82
29 100 57
29 106 65
29 107 43
29 109 39
29 110 21
29 111 37
29 120 10
29 121 50
29 122 81
29 127 58
29 131 23
29 133 75
29 135 45
29 137 39
29 138 42
29 139 36
29 141 41
29 143 8
29 144 30
29 146 97
29 147 100
29 149 80
29 150 14
30 31 35
30 33 50
30 36 33
30 40 50
30 47 47
30 52 99
30 54 42
30 55 97
30 56 92
30 58 24
30 60 86
30 62 23
30 63 81
30 66 78
30 69 38
30 71 80
30 72 43
30 75 84
30 76 59
30 77 79
30 80 82
30 86 22
30 89 59
30 90 77
30 92 55
30 94 57
30 96 62
30 100 5
30 104 65
30 106 92
30 109 24
30 110 69
30 112 78
30 118 35
30 120 41
30 122 49
30 129 22
30 130 5
30 131 54
30 134 47
30 135 31
30 140 79
30 143 45
30 145 54
31 33 62
31 37 43
31 39 35
31 44 19
31 45 49
31 46 70
31 50 49
31 52 93
31 53 84
31 54 68
31 56 93
31 58 32
31 60 17
31 62 60
31 66 99
31 68 34
31 69 56
31 73 58
31 75 56
31 76 90
31 79 80
31 81 38
31 84 26
31 86 82
31 88 47
31 92 43
31 93 10
31 95 97
31 96 58
31 99 87
31 100 75
31 104 40
31 107 81
31 110 82
31 112 91
31 113 41
31 115 70
31 116 67
31 119 3
31 125 83
31 127 39
31 133 66
31 135 31
31 138 82
31 144 30
31 146 50
31 148 100
31 150 40
32 33 82
32 35 91
32 37 91
32 46 89
32 48 35
32 49 20
32 50 98
32 51 90
32 57 64
32 58 23
32 59 96
32 60 23
32 62 6
32 64 8
32 67 4
32 71 71
32 72 9
32 74 99
32 79 65
32 82 9
32 85 51
32 90 32
32 92 77
32 98 9
32 99 63
32 101 97
32 102 63
32 106 34
32 107 22
32 108 70
32 109 10
32 111 7
32 114 17
32 118 94
32 119 85
32 120 40
32 121 93
32 128 36
32 130 49
32 132 2
32 136 53
32 137 59
32 140 44
32 143 20
32 144 23
32 145 37
32 146 3
32 147 96
32 149 51
33 34 40
33 37 5
33 40 53
33 41 43
33 43 14
33 45 35
33 46 1
33 50 67
33 51 15
33 54 90
33 55 70
33 57 33
33 58 3
33 63 31
33 65 76
33 66 63
33 68 41
33 73 94
33 75 25
33 76 5
33 78 3
33 79 98
33 81 30
33 84 91
33 85 39
33 88 10
33 93 91
33 94 16
33 96 77
33 97 54
33 98 93
33 99 72
33 102 77
33 103 13
33 107 38
33 108 55
33 109 71
33 111 11
33 113 78
33 114 71
33 116 28
33 117 85
33 119 79
33 127 24
33 128 49
33 129 67
33 134 37
33 136 40
33 145 77
33 146 58
33 149 94
33 150 38
34 37 12
34 44 56
34 45 52
34 46 3
34 47 44
34 49 93
34 50 33
34 51 15
34 53 11
34 54 36
34 57 68
34 58 83
34 59 81
34 61 54
34 63 18
34 70 54
34 75 29
34 77 67
34 78 54
34 79 10
34 82 47
34 84 33
34 86 63
34 89 57
34 90 67
34 91 52
34 93 39
34 98 34
34 100 70
34 101 76
34 102 96
34 108 84
34 109 69
34 110 51
34 112 62
34 113 86
34 115 15
34 122 58
34 124 93
34 125 79
34 127 28
34 129 23
34 132 93
34 133 91
34 134 12
34 136 15
34 139 80
34 141 19
34 144 75
34 146 49
34 148 84
35 36 57
35 37 71
35 38 63
35 39 43
35 40 16
35 45 67
35 53 11
35 59 65
35 60 36
35 61 100
35 63 34
35 64 36
35 70 25
35 73 40
35 79 37
35 81 80
35 83 50
35 85 9
35 94 31
35 95 50
35 100 16
35 105 96
35 107 73
35 110 22
35 111 89
35 117 48
35 118 72
35 119 17
35 121 43
35 125 66
35 127 24
35 129 64
35 130 50
35 134 15
35 135 4
35 136 94
35 140 29
35 141 11
35 144 77
35 148 75
36 37 18
36 38 93
36 40 75
36 42 64
36 45 30
36 55 56
36 56 64
36 58 39
36 63 96
36 66 14
36 69 42
36 71 13
36 74 89
36 75 45
36 80 19
36 83 52
36 84 15
36 88 5
36 92 24
36 94 35
36 97 8
36 99 45
36 103 73
36 107 6
36 112 50
36 116 40
36 125 66
36 126 15
36 127 91
36 129 75
36 130 100
36 133 82
36 136 87
36 138 65
36 144 53
36 145 88
36 148 41
36 150 88
37 43 59
37 46 69
37 48 95
37 50 5
37 51 36
37 54 38
37 59 32
37 62 10
37 63 54
37 64 84
37 67 78
37 70 80
37 72 27
37 73 5
37 74 29
37 75 38
37 78 72
37 79 81
37 80 95
37 81 58
37 86 75
37 88 42
37 89 90
37 90 100
37 98 24
37 99 10
37 103 62
37 104 70
37 105 7
37 112 44
37 113 48
37 114 66
37 132 94
37 133 55
37 135 63
37 137 85
37 138 6
37 139 55
37 144 86
37 148 4
37 150 59
38 39 58
38 41 35
38 43 16
38 49 66
38 50 19
38 52 81
38 53 75
38 54 43
38 61 53
38 63 24
38 64 82
38 66 72
38 73 47
38 74 99
38 78 89
38 79 30
38 80 81
38 96 52
38 98 86
38 104 4
38 105 73
38 112 16
38 117 54
38 119 51
38 123 43
38 124 4
38 128 78
38 129 57
38 130 7
38 131 39
38 133 82
38 137 71
38 139 81
38 140 11
38 141 69
38 143 42
38 145 84
38 148 32
38 149 24
39 40 88
39 43 65
39 45 51
39 46 25
39 55 1
39 56 64
39 61 18
39 66 74
39 67 62
39 68 80
39 69 48
39 74 23
39 75 73
39 77 60
39 78 2
39 80 54
39 81 26
39 84 49
39 85 36
39 90 74
39 93 62
39 94 75
39 97 69
39 100 37
39 103 51
39 108 43
39 110 62
39 114 76
39 123 19
39 124 39
39 127 77
39 135 62
39 136 98
39 138 10
39 139 21
39 141 58
39 144 95
39 145 72
39 147 29
40 46 58
40 47 78
40 48 51
40 51 80
40 52 6
40 53 56
40 55 71
40 57 90
40 59 9
40 64 63
40 65 12
40 66 44
40 74 90
40 77 46
40 83 47
40 84 99
40 86 54
40 87 14
40 88 78
40 89 31
40 91 63
40 93 49
40 95 67
40 96 24
40 97 98
40 104 92
40 105 58
40 107 15
40 110 95
40 112 67
40 117 17
40 119 85
40 123 96
40 127 8
40 128 56
40 133 72
40 135 30
40 136 12
40 139 66
40 140 18
40 141 12
40 143 30
40 144 8
40 146 57
40 150 59
41 43 10
41 47 86
41 48 16
41 52 12
41 57 65
41 58 20
41 61 16
41 63 86
41 65 40
41 68 11
41 69 97
41 70 43
41 71 69
41 72 59
41 73 6
41 75 72
41 76 74
41 78 92
41 84 44
41 87 24
41 91 42
41 92 14
41 94 4
41 95 52
41 96 21
41 97 28
41 98 34
41 100 40
41 101 19
41 102 74
41 107 31
41 108 73
41 109 64
41 111 50
41 112 91
41 113 10
41 115 78
41 120 96
41 121 34
41 122 38
41 123 8
41 124 13
41 126 97
41 129 64
41 131 72
41 132 14
41 133 71
41 134 51
41 135 78
41 136 100
41 141 34
41 142 9
41 143 64
41 147 86
41 148 75
42 45 65
42 48 25
42 49 27
42 50 82
42 52 91
42 53 81
42 55 2
42 59 39
42 60 13
42 61 16
42 66 99
42 67 98
42 69 75
42 73 74
42 78 68
42 79 31
42 81 11
42 82 35
42 84 72
42 88 55
42 89 84
42 90 82
42 92 98
42 93 19
42 94 34
42 98 40
42 99 64
42 101 92
42 102 15
42 103 54
42 111 53
42 112 59
42 114 94
42 117 16
42 119 68
42 120 36
42 122 16
42 132 19
42 135 51
42 137 76
42 139 79
42 140 89
42 141 10
42 142 73
42 144 54
42 147 90
43 45 6
43 47 68
43 49 22
43 50 99
43 55 31
43 56 96
43 59 23
43 60 45
43 61 44
43 65 3
43 69 74
43 78 59
43 79 85
43 80 35
43 81 45
43 82 60
43 83 90
43 84 62
43 89 30
43 90 15
43 99 45
43 101 23
43 107 83
43 108 8
43 109 43
43 110 40
43 113 9
43 116 78
43 117 26
43 118 4
43 120 41
43 124 92
43 125 19
43 128 62
43 132 19
43 135 56
43 136 13
43 137 72
43 138 85
43 139 30
43 141 58
43 143 24
43 144 1
43 146 91
43 147 100
43 149 42
43 150 88
44 45 16
44 47 53
44 48 39
44 49 88
44 50 67
44 52 27
44 54 18
44 56 87
44 57 5
44 58 3
44 60 25
44 61 95
44 62 21
44 71 92
44 72 5
44 74 16
44 79 83
44 80 38
44 82 2
44 83 55
44 84 66
44 85 24
44 87 8
44 89 48
44 91 52
44 93 33
44 94 62
44 96 64
44 99 56
44 100 61
44 101 96
44 102 68
44 103 64
44 106 78
44 107 2
44 109 65
44 112 2
44 113 88
44 114 59
44 116 46
44 118 3
44 120 93
44 124 80
44 138 4
44 141 9
44 142 68
44 144 54
44 145 63
44 146 72
44 148 1
44 150 12
45 46 5
45 47 85
45 48 90
45 49 5
45 52 3
45 55 51
45 59 74
45 60 38
45 62 12
45 63 88
45 64 91
45 67 22
45 69 86
45 72 25
45 73 6
45 74 67
45 77 11
45 83 91
45 85 86
45 87 78
45 91 75
45 92 19
45 95 54
45 97 56
45 98 97
45 99 3
45 100 51
45 102 22
45 105 98
45 113 30
45 120 51
45 123 98
45 124 53
45 130 53
45 135 66
45 136 14
45 142 51
45 143 38
45 144 38
45 146 48
45 147 76
45 149 13
45 150 66
46 47 13
46 51 68
46 52 7
46 56 76
46 58 81
46 60 36
46 63 100
46 66 94
46 67 36
46 69 10
46 70 87
46 72 87
46 74 22
46 76 83
46 79 46
46 85 98
46 87 31
46 89 63
46 93 33
46 94 24
46 102 48
46 105 63
46 106 1
46 107 77
46 108 52
46 110 13
46 117 95
46 124 90
46 126 35
46 129 60
46 131 28
46 134 56
46 135 24
46 137 67
46 138 17
46 145 57
46 147 96
46 149 54
47 53 75
47 54 14
47 55 97
47 56 85
47 58 27
47 60 15
47 61 60
47 62 19
47 63 19
47 65 34
47 66 20
47 70 94
47 71 94
47 74 71
47 80 28
47 82 47
47 83 75
47 85 77
47 87 25
47 88 11
47 91 22
47 92 52
47 93 8
47 96 37
47 98 53
47 99 56
47 107 79
47 108 34
47 113 55
47 115 5
47 122 46
47 123 93
47 124 40
47 125 8
47 126 87
47 129 24
47 132 78
47 135 79
47 136 44
47 141 84
47 142 13
47 144 95
47 145 11
47 147 50
47 148 11
47 149 49
48 49 81
48 51 9
48 53 66
48 54 72
48 57 37
48 62 97
48 67 64
48 68 80
48 69 35
48 71 82
48 73 53
48 75 97
48 77 20
48 78 23
48 79 13
48 80 93
48 84 81
48 88 85
48 91 79
48 97 28
48 98 41
48 99 67
48 104 61
48 107 78
48 109 25
48 110 65
48 112 87
48 116 79
48 119 57
48 122 80
48 124 14
48 126 27
48 128 4
48 136 5
48 138 16
48 142 43
48 149 65
49 51 89
49 53 29
49 54 34
49 56 75
49 57 93
49 58 72
49 59 57
49 64 35
49 67 61
49 70 71
49 72 50
49 73 60
49 81 48
49 83 12
49 84 32
49 85 66
49 88 11
49 91 35
49 93 29
49 95 55
49 96 21
49 98 59
49 99 43
49 103 85
49 106 11
49 110 11
49 111 28
49 115 47
49 119 18
49 121 20
49 122 57
49 125 22
49 130 6
49 132 41
49 134 55
49 135 86
49 136 47
49 141 71
49 146 100
49 147 26
49 148 97
49 149 5
50 51 44
50 53 8
50 55 25
50 59 13
50 62 69
50 71 47
50 72 68
50 73 8
50 83 39
50 88 20
50 89 57
50 92 77
50 93 30
50 95 34
50 99 31
50 100 56
50 101 19
50 104 89
50 105 13
50 106 66
50 107 5
50 109 52
50 110 58
50 112 26
50 114 43
50 117 64
50 118 73
50 119 29
50 122 27
50 123 95
50 128 81
50 131 93
50 134 59
50 136 81
50 141 26
50 145 12
50 146 68
50 150 33
51 52 54
51 53 90
51 55 3
51 56 53
51 57 88
51 60 10
51 63 16
51 64 9
51 66 76
51 67 32
51 69 77
51 74 100
51 80 59
51 81 84
51 82 34
51 84 96
51 90 45
51 92 98
51 93 86
51 95 22
51 99 72
51 101 55
51 103 51
51 104 8
51 108 79
51 109 76
51 110 53
51 113 99
51 114 88
51 117 70
51 120 16
51 121 46
51 123 5
51 130 54
51 139 46
51 142 69
51 144 88
51 145 35
51 147 74
51 148 16
51 149 86
52 55 98
52 59 8
52 60 97
52 62 75
52 66 71
52 71 63
52 72 19
52 73 74
52 74 52
52 78 83
52 81 22
52 82 86
52 84 90
52 86 20
52 90 37
52 91 19
52 92 51
52 93 46
52 99 84
52 100 79
52 105 39
52 107 2
52 110 16
52 111 47
52 113 13
52 119 18
52 120 13
52 121 22
52 123 57
52 124 4
52 127 91
52 128 71
52 130 44
52 136 15
52 142 64
52 143 13
52 147 41
53 59 22
53 63 100
53 64 8
53 65 77
53 67 57
53 69 9
53 72 100
53 73 98
53 74 95
53 76 78
53 77 3
53 78 60
53 79 86
53 82 2
53 86 63
53 87 84
53 88 68
53 89 50
53 92 9
53 96 19
53 101 97
53 102 90
53 104 3
53 105 15
53 107 35
53 108 47
53 109 17
53 112 25
53 113 31
53 114 58
53 115 21
53 116 22
53 128 45
53 131 41
53 132 11
53 143 20
53 144 75
53 146 50
53 148 28
53 150 25
54 59 45
54 60 52
54 62 7
54 64 89
54 66 58
54 67 59
54 69 13
54 71 99
54 73 84
54 75 81
54 80 45
54 81 72
54 82 54
54 84 38
54 88 34
54 98 89
54 102 74
54 103 99
54 104 23
54 105 48
54 107 13
54 108 88
54 110 87
54 112 13
54 115 50
54 119 67
54 122 15
54 127 70
54 128 53
54 129 32
54 132 78
54 134 71
54 135 34
54 137 31
54 138 55
54 139 79
54 142 62
54 143 72
54 144 6
54 145 57
54 148 29
54 150 35
55 56 1
55 58 87
55 59 34
55 62 74
55 63 5
55 64 52
55 66 68
55 68 95
55 69 36
55 70 3
55 72 35
55 77 71
55 78 96
55 80 85
55 82 41
55 83 99
55 86 91
55 90 97
55 93 61
55 95 65
55 98 73
55 102 96
55 103 64
55 107 11
55 108 83
55 109 98
55 110 55
55 112 97
55 113 65
55 114 81
55 120 11
55 123 4
55 124 99
55 126 38
55 127 86
55 129 23
55 130 16
55 131 80
55 132 71
55 144 62
55 148 61
55 149 34
56 57 57
56 60 70
56 62 78
56 65 96
56 68 12
56 69 49
56 70 10
56 71 93
56 73 28
56 78 39
56 79 45
56 80 27
56 83 39
56 87 1
56 91 89
56 92 64
56 95 42
56 98 46
56 108 90
56 112 15
56 119 35
56 122 60
56 123 25
56 124 63
56 128 39
56 134 61
56 135 12
56 138 68
56 139 18
56 141 13
56 144 74
56 149 79
57 59 86
57 61 75
57 66 85
57 68 96
57 69 61
57 71 81
57 73 28
57 75 76
57 80 1
57 82 51
57 83 94
57 84 97
57 90 88
57 92 75
57 94 28
57 97 64
57 98 18
57 99 12
57 106 9
57 107 4
57 108 6
57 111 16
57 112 70
57 113 11
57 116 57
57 117 45
57 118 58
57 120 77
57 121 30
57 127 33
57 135 39
57 136 21
57 140 96
57 142 84
57 144 50
57 145 96
57 146 59
57 149 35
57 150 70
58 60 91
58 61 81
58 63 97
58 64 58
58 66 31
58 71 75
58 72 30
58 73 51
58 76 8
58 77 34
58 78 84
58 81 6
58 82 71
58 84 89
58 85 15
58 87 40
58 90 45
58 91 60
58 93 19
58 95 49
58 96 29
58 99 43
58 100 35
58 104 95
58 106 68
58 107 43
58 108 94
58 111 96
58 115 63
58 122 32
58 123 39
58 126 32
58 132 74
58 134 79
58 135 43
58 140 85
58 143 58
58 144 49
58 146 52
59 61 84
59 62 62
59 63 96
59 64 73
59 66 42
59 67 74
59 69 30
59 73 54
59 74 96
59 76 52
59 77 94
59 78 32
59 80 44
59 81 74
59 86 89
59 88 69
59 90 20
59 91 83
59 92 46
59 95 73
59 98 53
59 103 97
59 104 65
59 113 22
59 114 73
59 118 95
59 120 3
59 123 14
59 124 15
59 125 43
59 131 83
59 137 70
59 138 80
59 142 11
59 143 93
59 148 82
59 150 79
60 61 44
60 62 57
60 66 35
60 71 72
60 82 72
60 83 32
60 84 64
60 85 53
60 88 10
60 89 84
60 90 86
60 92 6
60 96 30
60 97 47
60 100 62
60 101 40
60 102 28
60 103 11
60 105 33
60 112 61
60 113 18
60 114 42
60 115 21
60 117 74
60 119 4
60 122 72
60 123 19
60 124 70
60 126 37
60 128 7
60 129 89
60 130 58
60 132 37
60 133 100
60 135 51
60 137 57
60 141 100
60 142 79
60 146 66
60 147 67
61 63 14
61 64 53
61 67 93
61 70 8
61 75 25
61 78 29
61 92 62
61 93 19
61 94 38
61 98 78
61 100 63
61 101 6
61 102 92
61 105 24
61 107 46
61 109 22
61 111 39
61 115 72
61 116 50
61 119 72
61 121 23
61 122 63
61 123 48
61 131 27
61 132 58
61 133 72
61 135 99
61 137 82
61 142 93
61 144 69
61 145 90
61 146 22
61 147 45
61 149 74
61 150 98
62 65 66
62 66 35
62 68 47
62 69 66
62 70 64
62 74 8
62 79 66
62 85 43
62 86 74
62 93 97
62 94 79
62 105 31
62 106 44
62 108 91
62 110 33
62 111 25
62 112 37
62 113 50
62 114 93
62 117 65
62 122 9
62 124 19
62 125 79
62 128 2
62 129 37
62 130 43
62 131 50
62 132 24
62 133 15
62 134 72
62 136 96
62 139 45
62 140 54
62 141 36
62 143 72
62 144 39
62 149 38
63 64 81
63 65 13
63 66 21
63 68 20
63 74 45
63 75 91
63 77 56
63 78 57
63 83 22
63 84 28
63 88 61
63 95 13
63 97 9
63 98 68
63 99 37
63 102 45
63 106 85
63 110 78
63 112 29
63 115 26
63 118 63
63 120 35
63 124 66
63 130 55
63 131 6
63 135 48
63 136 86
63 143 47
63 148 1
63 149 34
64 65 5
64 66 60
64 67 36
64 68 74
64 69 43
64 70 26
64 73 48
64 74 24
64 78 13
64 80 90
64 82 98
64 87 41
64 89 29
64 90 42
64 92 13
64 97 61
64 101 51
64 103 20
64 104 58
64 107 75
64 108 60
64 109 72
64 112 95
64 117 31
64 121 60
64 125 93
64 129 84
64 130 6
64 131 45
64 133 32
64 135 61
64 138 100
64 147 44
64 150 100
65 67 9
65 71 82
65 72 74
65 73 91
65 74 52
65 75 59
65 78 25
65 80 98
65 81 78
65 82 24
65 85 94
65 89 56
65 92 82
65 93 72
65 95 45
65 97 64
65 98 19
65 99 72
65 101 33
65 104 61
65 107 80
65 108 74
65 114 57
65 116 56
65 117 85
65 118 45
65 121 48
65 124 24
65 125 79
65 131 8
65 135 78
65 138 60
65 139 5
65 140 53
65 141 70
65 147 33
65 148 38
65 150 69
66 67 76
66 68 91
66 71 63
66 72 55
66 73 53
66 76 27
66 77 21
66 78 53
66 80 52
66 81 1
66 85 38
66 91 26
66 92 81
66 93 4
66 94 87
66 96 81
66 101 70
66 102 6
66 104 33
66 106 59
66 109 35
66 110 26
66 112 73
66 114 22
66 115 46
66 118 25
66 122 82
66 123 13
66 124 67
66 127 60
66 128 4
66 131 15
66 133 29
66 136 17
66 137 17
66 147 13
66 148 19
66 149 29
67 68 60
67 70 18
67 71 83
67 72 40
67 76 90
67 79 81
67 81 33
67 83 58
67 85 33
67 86 92
67 87 39
67 90 41
67 97 76
67 99 23
67 102 57
67 104 58
67 105 67
67 107 57
67 109 71
67 110 66
67 112 61
67 116 28
67 119 7
67 120 53
67 123 41
67 125 55
67 131 74
67 132 96
67 133 24
67 135 63
67 136 49
67 138 60
67 141 39
67 143 23
67 145 9
67 148 81
67 150 98
68 69 5
68 71 62
68 73 28
68 74 41
68 76 40
68 80 91
68 81 19
68 82 54
68 84 39
68 85 73
68 86 57
68 88 32
68 90 98
68 98 6
68 100 65
68 104 2
68 108 63
68 111 17
68 113 38
68 117 99
68 120 21
68 121 53
68 122 42
68 125 97
68 126 34
68 130 85
68 131 86
68 137 73
68 139 98
68 142 34
68 143 28
68 144 17
68 146 98
68 147 60
68 150 32
69 72 80
69 75 48
69 80 18
69 82 62
69 83 73
69 86 10
69 87 78
69 93 39
69 94 98
69 95 44
69 96 22
69 97 59
69 98 18
69 99 17
69 100 55
69 104 86
69 105 70
69 106 77
69 107 14
69 109 66
69 113 75
69 114 17
69 118 33
69 122 3
69 123 65
69 129 73
69 131 3
69 137 99
69 145 25
70 76 6
70 77 87
70 78 46
70 79 21
70 80 75
70 83 28
70 85 27
70 86 82
70 91 80
70 95 81
70 97 47
70 98 82
70 100 1
70 101 24
70 102 11
70 103 63
70 104 5
70 108 1
70 109 89
70 110 53
70 111 67
70 113 23
70 114 68
70 118 28
70 119 52
70 122 24
70 123 43
70 127 30
70 130 53
70 132 87
70 136 23
70 138 65
70 139 79
70 140 18
70 141 73
70 150 88
71 73 62
71 75 26
71 77 56
71 83 35
71 84 1
71 87 10
71 91 36
71 92 76
71 93 85
71 95 80
71 97 23
71 99 95
71 100 17
71 101 32
71 108 83
71 109 26
71 110 86
71 112 4
71 120 16
71 128 26
71 129 33
71 138 5
71 139 44
71 140 50
71 141 62
71 142 96
71 143 28
71 146 56
71 148 70
72 74 84
72 75 50
72 79 94
72 81 68
72 82 97
72 83 4
72 93 86
72 98 24
72 100 61
72 101 49
72 104 97
72 106 49
72 107 70
72 111 35
72 114 84
72 115 72
72 121 71
72 123 65
72 124 64
72 125 43
72 127 83
72 134 13
72 136 81
72 137 39
72 138 50
72 139 90
72 141 78
72 144 36
72 145 41
72 146 61
72 147 86
72 149 7
72 150 23
73 74 72
73 77 6
73 78 55
73 85 9
73 87 86
73 93 52
73 95 2
73 96 23
73 97 60
73 100 53
73 102 33
73 105 82
73 106 52
73 107 40
73 110 39
73 112 71
73 113 84
73 115 87
73 116 90
73 118 77
73 120 84
73 123 8
73 126 44
73 128 68
73 131 7
73 138 54
73 139 5
73 140 26
73 141 48
73 142 81
74 77 29
74 79 28
74 80 83
74 81 96
74 82 82
74 83 39
74 85 75
74 89 99
74 90 81
74 95 9
74 96 52
74 100 91
74 102 56
74 106 35
74 108 34
74 112 24
74 114 21
74 115 85
74 116 95
74 120 26
74 124 27
74 125 17
74 126 68
74 131 21
74 132 48
74 137 48
74 144 49
74 145 16
74 146 81
74 147 90
74 149 41
75 76 69
75 77 84
75 78 18
75 95 62
75 101 4
75 102 39
75 104 63
75 108 57
75 109 12
75 112 96
75 115 31
75 116 27
75 118 87
75 119 57
75 120 67
75 121 70
75 123 75
75 124 76
75 126 84
75 129 95
75 131 88
75 135 33
75 137 4
75 138 50
75 140 58
75 141 20
75 143 21
75 145 39
75 146 34
76 78 15
76 79 18
76 81 57
76 82 90
76 83 46
76 89 59
76 94 87
76 95 31
76 101 41
76 102 37
76 104 30
76 106 20
76 107 2
76 111 50
76 115 37
76 116 59
76 119 92
76 122 86
76 124 94
76 131 91
76 135 4
76 137 89
76 141 33
76 143 38
76 148 30
77 80 91
77 81 22
77 87 92
77 89 50
77 90 49
77 91 39
77 93 23
77 94 78
77 95 13
77 97 84
77 101 21
77 104 99
77 105 15
77 107 46
77 108 9
77 110 79
77 111 90
77 117 48
77 119 40
77 120 83
77 126 51
77 128 7
77 129 49
77 134 10
77 136 24
77 138 2
77 139 10
77 144 4
77 145 22
77 149 29
78 79 5
78 80 89
78 81 37
78 85 54
78 90 92
78 93 43
78 96 10
78 97 92
78 100 58
78 101 33
78 103 35
78 107 19
78 111 22
78 112 28
78 113 66
78 114 26
78 117 18
78 119 39
78 120 46
78 123 78
78 129 75
78 130 81
78 131 9
78 132 27
78 136 86
78 137 80
78 144 91
78 145 48
78 146 18
78 147 27
79 80 7
79 81 31
79 87 37
79 89 13
79 92 65
79 93 73
79 94 32
79 100 76
79 103 84
79 109 94
79 114 52
79 115 29
79 118 70
79 123 10
79 128 7
79 131 12
79 132 59
79 137 84
79 139 72
79 141 85
79 142 37
79 144 38
79 145 22
79 150 47
80 84 32
80 85 28
80 90 81
80 97 100
80 99 60
80 103 71
80 104 52
80 105 72
80 111 12
80 113 54
80 117 26
80 118 14
80 123 24
80 124 33
80 126 95
80 127 27
80 128 27
80 133 67
80 136 97
80 138 13
80 140 96
80 141 45
80 144 29
80 145 90
80 147 98
80 149 99
81 82 26
81 83 32
81 84 49
81 86 28
81 90 96
81 93 27
81 94 41
81 95 15
81 96 27
81 99 56
81 100 44
81 102 51
81 105 97
81 109 17
81 112 50
81 113 59
81 114 88
81 117 84
81 118 93
81 119 1
81 120 88
81 121 82
81 122 100
81 125 82
81 127 78
81 131 39
81 137 98
81 139 10
81 141 44
81 142 60
81 143 78
81 144 72
81 146 37
81 148 45
81 149 94
82 87 2
82 89 84
82 91 52
82 98 62
82 100 9
82 102 29
82 106 78
82 113 80
82 117 32
82 118 3
82 121 64
82 122 80
82 123 3
82 125 74
82 126 33
82 130 39
82 132 77
82 134 43
82 137 15
82 141 35
82 143 45
82 144 85
82 145 98
82 149 14
83 86 43
83 87 39
83 90 16
83 92 69
83 96 10
83 98 91
83 99 35
83 100 18
83 101 61
83 102 49
83 103 8
83 106 10
83 112 32
83 114 33
83 115 98
83 116 3
83 119 17
83 120 76
83 122 32
83 124 1
83 128 99
83 129 31
83 130 85
83 140 91
83 143 25
83 145 45
83 146 94
83 148 34
84 89 91
84 90 91
84 94 26
84 98 16
84 99 76
84 100 63
84 102 42
84 103 12
84 105 71
84 108 6
84 109 56
84 112 62
84 115 22
84 116 15
84 118 97
84 120 59
84 122 68
84 123 74
84 129 69
84 130 29
84 131 43
84 135 14
84 136 87
84 139 43
84 140 67
84 143 58
84 146 53
85 86 82
85 87 36
85 91 44
85 94 4
85 95 48
85 97 43
85 98 71
85 100 74
85 101 99
85 102 87
85 103 100
85 105 6
85 106 47
85 113 20
85 114 60
85 115 49
85 117 100
85 119 56
85 121 22
85 122 28
85 126 38
85 127 55
85 129 47
85 130 88
85 131 72
85 133 84
85 137 91
85 138 63
85 139 48
85 145 88
85 146 17
85 147 98
85 148 100
85 149 62
86 93 2
86 100 87
86 101 28
86 104 27
86 105 4
86 108 20
86 109 94
86 110 75
86 111 74
86 113 12
86 114 67
86 116 11
86 121 61
86 122 3
86 123 11
86 127 91
86 128 16
86 134 59
86 135 63
86 139 58
86 148 70
86 149 36
87 88 59
87 89 2
87 93 83
87 95 40
87 97 32
87 106 7
87 108 55
87 110 49
87 111 78
87 112 33
87 114 52
87 116 75
87 117 28
87 119 75
87 120 10
87 121 81
87 122 48
87 124 98
87 125 50
87 129 78
87 131 30
87 133 67
87 136 97
87 141 64
87 143 12
87 145 10
88 90 86
88 91 78
88 98 10
88 100 8
88 101 58
88 103 53
88 108 99
88 111 92
88 116 5
88 117 38
88 119 97
88 120 7
88 121 40
88 122 10
88 123 91
88 129 6
88 130 71
88 132 99
88 133 16
88 136 25
88 137 28
88 138 32
88 140 35
88 142 50
88 143 56
88 144 53
88 145 29
88 150 40
89 91 36
89 97 8
89 98 48
89 101 41
89 103 1
89 104 18
89 106 32
89 108 65
89 109 41
89 110 39
89 117 96
89 118 87
89 120 17
89 124 55
89 125 74
89 127 79
89 131 75
89 132 4
89 136 42
89 137 81
89 142 15
89 144 66
89 149 88
89 150 25
90 94 42
90 95 70
90 96 96
90 97 98
90 99 40
90 101 34
90 102 22
90 103 39
90 105 86
90 111 68
90 113 33
90 115 85
90 117 23
90 119 31
90 120 92
90 121 7
90 128 7
90 131 35
90 132 8
90 133 50
90 135 88
90 136 87
90 143 85
90 144 31
90 146 86
90 149 27
91 93 4
91 94 67
91 95 82
91 100 30
91 103 64
91 106 60
91 108 3
91 112 15
91 114 80
91 118 93
91 119 51
91 120 86
91 123 19
91 131 66
91 132 20
91 134 36
91 135 58
91 136 13
91 142 89
91 143 7
91 144 78
91 147 39
91 148 38
92 93 55
92 97 62
92 100 38
92 107 2
92 108 31
92 110 6
92 113 8
92 114 95
92 115 87
92 120 95
92 121 7
92 122 28
92 125 72
92 126 96
92 130 87
92 133 79
92 134 61
92 136 7
92 137 93
92 141 50
92 143 6
92 144 9
92 145 19
92 148 21
92 150 96
93 97 70
93 98 80
93 101 2
93 103 55
93 104 20
93 106 94
93 108 68
93 110 77
93 113 69
93 114 85
93 118 48
93 123 21
93 126 96
93 132 36
93 134 100
93 141 18
93 144 79
93 145 62
93 146 93
93 148 83
93 150 4
94 95 19
94 96 52
94 100 81
94 101 26
94 104 80
94 105 8
94 106 92
94 110 64
94 111 30
94 114 51
94 118 45
94 119 37
94 126 11
94 129 2
94 130 82
94 132 71
94 134 3
94 135 43
94 136 84
94 138 60
94 142 37
94 143 75
94 146 83
94 149 19
95 98 64
95 104 17
95 106 63
95 108 25
95 110 47
95 113 99
95 115 28
95 116 49
95 122 73
95 123 40
95 126 42
95 129 30
95 132 2
95 133 81
95 142 95
95 143 70
95 150 94
96 99 2
96 101 97
96 102 41
96 106 8
96 108 39
96 109 78
96 110 52
96 113 41
96 114 80
96 118 3
96 120 8
96 121 8
96 123 6
96 125 61
96 126 29
96 129 40
96 132 12
96 133 31
96 134 4
96 135 36
96 136 20
96 143 1
96 145 8
96 146 33
96 147 62
96 148 3
96 149 55
97 100 44
97 105 47
97 108 36
97 110 44
97 111 19
97 113 52
97 116 25
97 121 47
97 122 8
97 124 31
97 127 94
97 129 57
97 132 3
97 134 87
97 135 67
97 136 12
97 137 23
97 141 60
97 143 71
97 146 68
97 147 25
97 150 75
98 99 77
98 101 48
98 107 85
98 109 45
98 114 30
98 115 21
98 120 65
98 121 34
98 124 57
98 125 47
98 129 3
98 134 66
98 138 47
98 140 4
98 143 35
98 145 68
98 146 6
98 148 21
99 100 91
99 101 46
99 102 80
99 103 76
99 108 96
99 114 50
99 115 80
99 116 42
99 118 18
99 124 38
99 126 18
99 127 9
99 131 22
99 134 28
99 142 15
99 144 81
99 148 48
99 150 94
100 101 19
100 102 26
100 106 45
100 107 77
100 108 15
100 109 1
100 111 43
100 113 18
100 118 51
100 119 97
100 123 2
100 126 97
100 128 26
100 137 32
100 140 20
100 142 41
100 147 43
100 148 42
101 109 58
101 111 74
101 115 13
101 117 23
101 120 96
101 123 49
101 124 22
101 125 98
101 126 18
101 128 71
101 130 90
101 134 12
101 137 83
101 138 46
101 141 60
101 143 97
101 144 44
101 148 98
102 104 65
102 105 84
102 106 17
102 107 3
102 110 48
102 112 90
102 114 51
102 117 74
102 118 46
102 119 2
102 123 13
102 124 61
102 125 85
102 127 96
102 129 7
102 130 69
102 136 99
102 138 25
102 139 79
102 142 73
102 148 66
102 149 6
103 104 13
103 110 2
103 115 10
103 118 70
103 119 88
103 120 34
103 121 69
103 122 36
103 126 95
103 127 59
103 128 57
103 132 2
103 134 12
103 135 37
103 137 96
103 143 47
103 145 58
103 146 82
103 147 11
103 148 71
104 108 37
104 110 69
104 112 29
104 115 63
104 116 36
104 119 64
104 120 84
104 122 42
104 123 61
104 126 95
104 127 59
104 129 13
104 131 85
104 134 69
104 135 80
104 137 73
104 141 74
104 142 75
104 145 43
104 149 39
105 106 44
105 110 97
105 111 97
105 113 17
105 118 79
105 120 30
105 121 15
105 124 87
105 128 30
105 130 15
105 133 65
105 134 36
105 136 45
105 138 80
105 140 11
105 141 43
105 144 71
105 147 22
105 148 16
105 149 84
105 150 99
106 107 11
106 110 23
106 111 87
106 113 99
106 116 11
106 121 78
106 124 33
106 127 15
106 129 86
106 131 84
106 132 64
106 134 22
106 138 65
106 140 44
106 141 54
106 146 94
106 147 86
106 148 21
107 110 33
107 117 57
107 120 47
107 122 93
107 126 37
107 128 36
107 129 69
107 132 40
107 135 48
107 137 37
107 142 23
107 144 49
107 146 13
107 147 99
108 115 88
108 117 7
108 118 5
108 121 50
108 124 10
108 126 73
108 127 33
108 128 92
108 132 56
108 135 56
108 136 41
108 138 100
108 139 25
108 140 63
108 141 74
108 142 24
108 146 80
108 147 16
108 148 10
108 149 68
108 150 51
109 110 89
109 111 36
109 115 40
109 117 72
109 120 40
109 121 90
109 123 36
109 128 3
109 130 76
109 140 17
109 141 84
109 144 16
109 145 12
109 146 8
110 112 18
110 115 61
110 117 84
110 119 27
110 121 70
110 122 73
110 123 35
110 124 42
110 126 90
110 130 80
110 132 75
110 134 91
110 137 3
110 142 58
110 143 8
110 144 23
110 145 85
110 149 91
111 116 100
111 117 60
111 121 12
111 126 20
111 127 58
111 128 90
111 129 100
111 131 99
111 133 14
111 143 37
112 114 98
112 115 79
112 119 1
112 121 32
112 122 70
112 124 72
112 125 10
112 129 72
112 130 41
112 135 8
112 136 39
112 138 9
112 139 26
112 142 5
112 143 16
112 144 26
112 149 32
112 150 34
113 115 85
113 119 31
113 122 1
113 131 98
113 132 62
113 136 62
113 138 50
113 140 24
113 143 18
113 145 1
113 148 21
114 115 21
114 119 72
114 120 42
114 124 66
114 127 77
114 131 99
114 134 22
114 135 61
114 136 97
114 139 71
114 141 29
114 146 23
114 148 44
114 149 26
115 117 99
115 124 33
115 125 5
115 128 96
115 130 50
115 132 2
115 139 74
115 140 68
116 117 4
116 121 76
116 123 8
116 125 53
116 126 38
116 127 18
116 128 12
116 135 9
116 136 74
116 137 71
116 143 66
116 145 43
116 146 51
116 147 100
117 118 84
117 121 16
117 122 16
117 123 88
117 124 38
117 127 56
117 128 12
117 132 54
117 134 68
117 135 25
117 136 6
117 138 87
117 143 48
117 146 6
117 147 93
117 148 21
118 121 43
118 123 13
118 129 85
118 131 91
118 132 71
118 134 2
118 138 10
118 139 72
118 140 99
118 141 100
118 142 27
118 148 37
119 122 70
119 123 92
119 124 73
119 125 71
119 127 70
119 128 84
119 129 50
119 130 23
119 135 11
119 139 68
119 141 59
119 144 86
119 146 83
120 122 32
120 125 92
120 128 48
120 129 93
120 130 4
120 133 14
120 134 56
120 135 12
120 136 92
120 139 74
120 141 59
120 142 95
120 143 58
120 148 14
121 122 86
121 123 98
121 126 84
121 127 63
121 129 86
121 133 11
121 137 41
121 140 24
121 143 40
121 145 84
122 125 16
122 127 73
122 135 41
122 137 88
122 139 92
122 140 83
122 142 62
122 146 71
122 148 59
122 149 25
123 124 85
123 125 64
123 127 91
123 128 3
123 131 71
123 132 25
123 133 51
123 136 63
123 137 3
123 139 48
123 140 76
123 141 22
123 142 64
123 143 89
123 144 16
123 145 21
123 148 91
124 126 99
124 129 35
124 131 77
124 132 16
124 134 45
124 135 34
124 137 50
124 139 47
124 144 6
124 147 98
124 148 74
124 150 90
125 126 87
125 127 22
125 130 1
125 132 3
125 134 74
125 135 50
125 136 22
125 137 10
125 144 93
125 149 80
126 128 31
126 130 27
126 131 77
126 132 49
126 136 11
126 138 40
126 140 87
126 141 97
126 142 92
126 144 6
126 146 74
126 149 44
127 129 48
127 130 18
127 131 85
127 132 82
127 134 32
127 139 7
127 140 20
127 141 72
127 146 72
127 148 11
127 149 61
127 150 40
128 129 53
128 131 37
128 132 81
128 134 82
128 140 74
128 141 8
128 142 46
128 143 45
128 147 46
129 130 66
129 131 99
129 132 33
129 135 27
129 137 6
129 139 59
129 140 37
129 142 62
129 143 32
129 145 80
129 146 49
129 150 3
130 131 75
130 134 13
130 135 71
130 137 17
130 138 94
130 140 30
130 141 75
130 143 25
130 147 45
130 148 60
131 134 94
131 136 85
131 139 77
131 140 20
131 145 50
131 150 27
132 135 1
132 137 88
132 143 61
132 145 90
133 135 45
133 137 44
133 139 37
133 140 59
133 141 32
133 144 37
133 145 76
133 147 79
133 148 44
134 136 57
134 137 76
134 139 22
134 140 65
134 141 85
134 147 66
134 150 16
135 136 57
135 139 62
135 141 99
135 144 60
135 145 16
135 150 87
136 138 44
136 139 64
136 140 13
136 141 53
136 148 65
137 142 30
137 144 41
137 145 40
137 147 67
137 149 49
138 139 100
138 140 47
138 143 84
138 145 45
138 150 77
139 142 11
139 148 48
140 144 24
140 145 25
140 146 100
140 147 52
140 148 16
141 143 69
142 143 82
142 144 11
142 146 22
142 147 92
142 148 24
142 150 56
143 150 34
144 146 50
144 147 18
145 146 86
145 147 22
146 148 79
146 149 46
146 150 37
148 150 10
1 4 98
1 7 74
1 8 37
1 10 43
1 26 8
1 29 91
1 31 81
1 33 11
1 34 6
1 36 67
1 37 87
1 41 48
1 44 53
1 46 88
1 47 18
1 48 59
1 56 45
1 58 90
1 59 2
1 60 80
1 64 58
1 67 64
1 68 6
1 69 69
1 75 71
1 77 66
1 79 60
1 83 60
1 84 42
1 86 42
1 87 85
1 90 90
1 95 43
1 98 78
1 105 52
1 108 68
1 113 35
1 119 85
1 122 13
1 123 60
1 129 4
1 131 53
1 132 33
1 135 25
1 137 22
1 138 33
1 144 52
1 146 77
2 3 62
2 4 23
2 10 63
2 11 29
2 12 100
2 17 54
2 20 65
2 25 45
2 26 82
2 31 14
2 33 22
2 37 84
2 38 26
2 39 85
2 40 48
2 43 37
2 44 89
2 45 35
2 46 6
2 47 8
2 48 77
2 49 44
2 53 22
2 54 89
2 55 4
2 56 91
2 57 4
2 59 48
2 61 7
2 62 15
2 63 42
2 64 33
2 65 34
2 66 14
2 68 5
2 70 97
2 71 32
2 72 79
2 73 38
2 75 56
2 77 87
2 79 86
2 82 88
2 85 15
2 89 9
2 94 20
2 95 38
2 97 34
2 98 28
2 100 84
2 102 2
2 103 31
2 104 84
2 113 86
2 118 85
2 119 1
2 120 37
2 122 81
2 125 95
2 126 61
2 129 57
2 130 13
2 132 37
2 134 29
2 137 75
2 138 68
2 139 64
2 141 35
2 142 63
2 147 15
2 150 58
3 4 85
3 8 43
3 10 44
3 11 57
3 12 17
3 18 54
3 20 30
3 28 46
3 29 73
3 32 9
3 35 53
3 37 45
3 40 86
3 44 49
3 45 31
3 48 2
3 56 45
3 57 82
3 59 33
3 61 91
3 62 78
3 64 35
3 69 84
3 72 85
3 75 12
3 77 66
3 80 59
3 83 29
3 86 67
3 88 81
3 89 23
3 92 34
3 95 47
3 96 16
3 99 24
3 100 72
3 104 28
3 112 85
3 115 63
3 117 40
3 118 90
3 121 24
3 123 51
3 124 92
3 125 67
3 126 58
3 127 62
3 128 79
3 129 43
3 131 57
3 136 71
3 145 37
3 147 6
3 148 40
4 7 70
4 10 47
4 12 81
4 13 61
4 16 45
4 19 95
4 23 1
4 24 69
4 27 8
4 28 18
4 29 1
4 32 17
4 35 55
4 38 41
4 42 1
4 43 52
4 45 16
4 46 30
4 49 90
4 50 11
4 52 81
4 53 56
4 56 1
4 58 77
4 59 27
4 62 76
4 66 100
4 71 23
4 72 48
4 75 50
4 76 100
4 77 8
4 81 39
4 85 73
4 87 9
4 97 60
4 99 89
4 101 43
4 106 21
4 107 22
4 112 96
4 118 67
4 119 67
4 120 46
4 122 55
4 129 65
4 130 77
4 132 36
4 135 12
4 138 31
4 139 48
4 140 89
4 141 84
4 142 2
4 143 47
4 145 99
4 147 94
4 150 77
5 7 69
5 8 63
5 12 2
5 14 63
5 18 24
5 19 36
5 21 40
5 23 14
5 24 18
5 25 41
5 29 5
5 34 82
5 39 2
5 42 67
5 43 34
5 44 87
5 49 25
5 51 83
5 52 80
5 53 18
5 55 14
5 56 23
5 59 54
5 61 22
5 64 22
5 67 62
5 75 47
5 78 46
5 79 70
5 81 44
5 82 2
5 83 37
5 86 77
5 87 11
5 90 7
5 94 24
5 96 23
5 97 66
5 99 80
5 100 76
5 103 10
5 105 58
5 106 9
5 107 72
5 108 82
5 110 85
5 111 27
5 114 42
5 118 46
5 121 17
5 124 14
5 126 16
5 130 56
5 132 50
5 136 45
5 137 73
5 145 11
5 146 100
5 147 22
6 10 19
6 12 7
6 14 84
6 19 55
6 24 46
6 27 43
6 28 49
6 29 83
6 30 30
6 33 11
6 36 34
6 42 80
6 45 23
6 46 19
6 47 8
6 48 87
6 53 54
6 56 28
6 57 66
6 58 5
6 60 82
6 62 29
6 63 82
6 67 95
6 68 11
6 74 35
6 75 69
6 76 10
6 77 94
6 78 96
6 81 30
6 85 34
6 86 73
6 89 44
6 91 99
6 94 54
6 95 78
6 97 30
6 98 85
6 100 43
6 101 69
6 102 47
6 103 52
6 105 58
6 108 25
6 109 49
6 117 43
6 126 100
6 131 13
6 136 52
6 140 73
6 141 26
6 143 78
6 144 17
6 145 66
6 146 51
6 147 80
6 149 14
7 8 37
7 10 10
7 12 7
7 13 22
7 14 65
7 15 50
7 17 66
7 18 10
7 19 88
7 22 81
7 23 75
7 25 29
7 26 72
7 29 100
7 30 69
7 34 100
7 35 22
7 36 89
7 39 96
7 42 52
7 44 88
7 55 13
7 56 50
7 57 95
7 59 22
7 61 35
7 62 69
7 64 94
7 65 17
7 73 17
7 74 92
7 77 22
7 78 2
7 80 75
7 82 40
7 83 81
7 87 5
7 88 1
7 91 60
7 93 95
7 97 70
7 101 24
7 104 4
7 105 19
7 111 63
7 117 8
7 118 48
7 119 14
7 122 56
7 123 95
7 124 37
7 125 62
7 126 66
7 127 97
7 129 17
7 130 98
7 131 99
7 132 71
7 133 43
7 135 46
7 136 43
7 137 42
7 138 1
7 142 74
7 144 37
7 145 24
8 9 54
8 12 92
8 13 32
8 15 11
8 16 89
8 18 73
8 19 39
8 20 73
8 21 2
8 22 25
8 25 11
8 26 38
8 27 13
8 40 20
8 44 89
8 49 25
8 51 23
8 55 21
8 56 38
8 59 94
8 63 86
8 65 90
8 67 65
8 68 6
8 71 79
8 74 31
8 76 86
8 77 81
8 79 77
8 80 58
8 82 19
8 90 3
8 93 8
8 98 7
8 102 86
8 103 70
8 105 28
8 106 43
8 111 87
8 115 75
8 117 64
8 119 4
8 121 28
8 122 28
8 129 76
8 130 6
8 134 100
8 135 9
8 136 84
8 138 94
8 140 46
8 142 17
8 143 14
8 146 26
8 148 100
8 149 56
8 150 15
9 10 67
9 12 7
9 14 35
9 16 37
9 20 57
9 21 46
9 25 38
9 27 70
9 29 1
9 34 70
9 37 9
9 38 46
9 40 93
9 42 82
9 46 98
9 48 84
9 52 98
9 54 33
9 55 87
9 58 54
9 62 6
9 63 39
9 66 25
9 67 5
9 68 34
9 70 87
9 72 28
9 73 69
9 74 79
9 75 90
9 76 26
9 80 77
9 81 94
9 82 18
9 84 10
9 87 36
9 89 82
9 90 24
9 91 4
9 92 93
9 93 98
9 96 53
9 100 97
9 102 5
9 105 23
9 107 97
9 109 99
9 111 24
9 115 35
9 117 90
9 119 21
9 120 23
9 124 30
9 125 10
9 127 59
9 129 59
9 132 46
9 134 40
9 139 10
9 141 15
9 145 4
9 147 8
9 149 85
10 11 29
10 13 30
10 14 64
10 15 6
10 16 3
10 24 50
10 26 49
10 27 41
10 29 31
10 31 36
10 33 58
10 36 95
10 38 72
10 39 68
10 41 5
10 42 10
10 52 66
10 56 87
10 57 36
10 63 94
10 65 36
10 69 86
10 71 25
10 76 24
10 77 36
10 79 15
10 80 25
10 81 7
10 84 11
10 91 86
10 94 1
10 96 98
10 98 79
10 104 9
10 105 57
10 106 54
10 112 32
10 114 73
10 116 60
10 121 47
10 122 62
10 123 3
10 124 95
10 127 31
10 132 84
10 133 90
10 138 50
10 139 93
10 140 63
10 142 76
10 145 79
10 147 94
10 149 19
11 22 73
11 24 85
11 27 64
11 30 53
11 35 42
11 37 72
11 44 21
11 51 38
11 52 77
11 54 35
11 56 55
11 57 57
11 58 21
11 60 32
11 61 51
11 62 74
11 63 97
11 64 56
11 68 44
11 69 89
11 70 27
11 74 74
11 75 36
11 77 99
11 80 15
11 84 28
11 85 48
11 86 50
11 89 40
11 91 62
11 93 59
11 95 20
11 96 32
11 97 79
11 98 62
11 99 54
11 103 87
11 105 18
11 107 20
11 111 97
11 113 94
11 116 32
11 117 21
11 119 13
11 120 57
11 121 97
11 128 67
11 131 53
11 136 46
11 137 75
11 141 37
11 142 22
11 144 2
11 146 10
11 149 97
12 18 81
12 19 46
12 20 66
12 21 93
12 22 100
12 23 67
12 24 30
12 25 94
12 27 72
12 30 68
12 31 76
12 35 34
12 37 58
12 40 49
12 41 59
12 43 51
12 44 86
12 46 60
12 47 28
12 48 11
12 49 83
12 50 69
12 51 98
12 56 14
12 57 43
12 58 53
12 59 97
12 61 68
12 63 17
12 66 99
12 67 65
12 68 63
12 71 84
12 78 30
12 80 95
12 81 99
12 82 3
12 86 40
12 92 80
12 93 19
12 96 77
12 100 33
12 104 90
12 109 77
12 110 88
12 113 98
12 114 41
12 115 73
12 116 27
12 117 41
12 122 14
12 128 7
12 130 13
12 131 71
12 132 32
12 134 18
12 140 44
12 141 26
12 143 70
12 146 82
12 147 64
12 149 82
12 150 11
13 15 45
13 26 62
13 29 15
13 32 88
13 34 69
13 39 42
13 40 11
13 43 61
13 44 31
13 45 12
13 47 85
13 53 15
13 54 25
13 55 52
13 60 87
13 67 41
13 68 55
13 69 23
13 70 21
13 72 65
13 73 100
13 77 68
13 82 95
13 85 83
13 86 59
13 91 97
13 93 20
13 96 93
13 97 16
13 98 54
13 101 83
13 102 52
13 103 98
13 106 4
13 111 7
13 114 26
13 115 22
13 119 56
13 121 78
13 122 19
13 125 68
13 133 96
13 134 63
13 137 98
13 138 77
13 142 43
13 143 65
13 144 8
13 146 14
13 148 60
13 149 10
14 17 66
14 18 41
14 20 71
14 21 9
14 22 12
14 24 7
14 25 34
14 27 62
14 28 57
14 29 41
14 32 95
14 34 32
14 36 3
14 39 32
14 41 14
14 42 98
14 44 79
14 45 2
14 46 37
14 47 24
14 48 47
14 52 5
14 54 49
14 57 22
14 61 39
14 65 76
14 66 2
14 68 16
14 73 94
14 74 14
14 76 69
14 82 32
14 84 83
14 85 63
14 87 13
14 88 87
14 93 21
14 96 73
14 99 45
14 101 89
14 102 19
14 104 47
14 107 17
14 112 61
14 114 19
14 115 95
14 117 63
14 118 83
14 119 59
14 121 1
14 123 97
14 125 58
14 128 9
14 129 57
14 130 21
14 132 96
14 138 73
14 139 80
14 140 16
14 141 41
14 142 90
14 143 50
14 144 64
14 147 19
14 148 70
14 149 30
15 20 83
15 25 20
15 28 68
15 30 51
15 31 18
15 32 3
15 33 6
15 34 93
15 35 52
15 36 86
15 39 20
15 41 24
15 42 18
15 44 55
15 45 71
15 48 51
15 51 66
15 52 10
15 56 5
15 59 50
15 67 81
15 71 59
15 77 71
15 79 48
15 81 10
15 90 44
15 94 48
15 95 8
15 96 29
15 97 43
15 100 11
15 103 20
15 105 37
15 106 16
15 113 12
15 114 75
15 115 59
15 117 29
15 121 17
15 122 29
15 126 19
15 130 51
15 131 93
15 132 100
15 133 66
15 134 71
15 136 7
15 140 46
15 147 68
16 17 51
16 19 36
16 20 49
16 22 79
16 23 39
16 25 12
16 30 14
16 38 84
16 39 59
16 40 65
16 43 61
16 46 46
16 47 13
16 51 81
16 55 46
16 59 4
16 64 20
16 66 58
16 69 32
16 70 76
16 74 44
16 75 54
16 77 71
16 79 3
16 81 25
16 82 95
16 83 61
16 84 72
16 86 61
16 87 27
16 90 96
16 91 45
16 94 75
16 95 45
16 96 17
16 98 91
16 99 5
16 104 61
16 105 38
16 108 20
16 109 17
16 113 54
16 115 2
16 116 41
16 119 90
16 120 70
16 121 7
16 122 2
16 124 40
16 125 80
16 133 52
16 139 78
16 141 4
16 142 3
16 143 87
16 146 81
16 147 11
16 150 58
17 18 62
17 24 76
17 26 16
17 28 67
17 29 43
17 30 79
17 31 51
17 36 58
17 37 89
17 40 64
17 41 59
17 42 91
17 43 63
17 44 61
17 49 4
17 50 86
17 54 83
17 57 67
17 60 36
17 61 46
17 62 8
17 63 63
17 65 92
17 69 53
17 70 36
17 71 22
17 74 68
17 75 53
17 76 3
17 79 50
17 83 37
17 87 5
17 89 16
17 91 45
17 93 76
17 99 77
17 101 85
17 102 74
17 104 46
17 106 10
17 107 90
17 108 65
17 116 24
17 118 81
17 119 62
17 122 32
17 123 93
17 124 76
17 129 88
17 130 21
17 132 39
17 133 83
17 137 42
17 138 66
17 140 96
17 142 52
18 20 3
18 22 37
18 24 5
18 27 47
18 28 49
18 32 8
18 35 21
18 36 16
18 40 25
18 41 14
18 42 90
18 49 2
18 50 68
18 52 59
18 53 94
18 54 81
18 55 85
18 56 53
18 58 8
18 62 98
18 63 68
18 65 6
18 66 3
18 69 28
18 70 52
18 74 47
18 76 33
18 77 44
18 80 70
18 81 81
18 83 20
18 84 94
18 85 80
18 86 52
18 87 83
18 89 18
18 91 68
18 93 27
18 95 39
18 101 35
18 104 8
18 106 9
18 107 27
18 108 87
18 109 65
18 111 57
18 113 100
