150 10058 1
1 2 60
1 7 95
1 8 34
1 9 61
1 10 62
1 11 18
1 12 18
1 15 15
1 26 62
1 28 26
1 29 54
1 32 9
1 35 88
1 37 55
1 38 30
1 41 68
1 43 40
1 44 17
1 46 25
1 47 84
1 51 23
1 57 57
1 60 92
1 62 69
1 63 76
1 67 82
1 71 1
1 72 99
1 73 70
1 74 80
1 77 98
1 78 2
1 79 18
1 80 10
1 81 17
1 90 70
1 93 78
1 95 5
1 96 38
1 97 48
1 100 82
1 102 92
1 111 68
1 112 92
1 113 67
1 114 2
1 116 59
1 118 62
1 119 77
1 120 86
1 122 23
1 127 71
1 128 36
1 132 58
1 134 51
1 137 57
1 139 39
1 142 81
1 145 29
1 146 76
1 149 14
2 3 89
2 6 45
2 7 66
2 14 11
2 16 91
2 17 37
2 18 41
2 21 23
2 22 85
2 23 76
2 24 59
2 26 8
2 28 58
2 29 97
2 30 92
2 31 5
2 33 70
2 34 80
2 41 75
2 44 81
2 49 28
2 53 99
2 54 58
2 59 24
2 61 13
2 63 62
2 64 85
2 65 61
2 67 90
2 73 93
2 78 89
2 87 31
2 89 85
2 90 65
2 91 66
2 92 56
2 93 50
2 94 50
2 95 45
2 98 17
2 99 34
2 100 53
2 104 90
2 107 27
2 108 4
2 109 63
2 110 49
2 111 37
2 114 55
2 121 61
2 126 55
2 128 21
2 133 57
2 135 25
2 145 86
2 149 82
3 6 51
3 9 43
3 11 43
3 21 55
3 24 56
3 29 35
3 30 44
3 33 89
3 34 11
3 37 37
3 41 65
3 43 9
3 44 40
3 46 81
3 47 59
3 50 6
3 52 78
3 53 64
3 56 16
3 63 47
3 65 66
3 66 43
3 67 32
3 68 67
3 69 61
3 75 32
3 77 89
3 78 91
3 79 54
3 82 97
3 83 62
3 86 88
3 87 20
3 88 83
3 98 10
3 99 74
3 100 58
3 101 26
3 102 89
3 104 56
3 107 55
3 114 71
3 115 72
3 116 78
3 117 20
3 122 31
3 124 90
3 125 77
3 126 70
3 127 15
3 128 88
3 133 36
3 134 79
3 135 55
3 136 26
3 137 59
3 141 35
3 148 31
4 7 32
4 11 32
4 13 17
4 17 89
4 19 44
4 21 12
4 22 73
4 23 42
4 24 94
4 26 47
4 30 58
4 32 93
4 34 54
4 37 47
4 41 11
4 42 92
4 44 79
4 47 31
4 50 71
4 51 12
4 52 26
4 53 64
4 57 27
4 62 80
4 64 39
4 72 86
4 73 89
4 74 6
4 75 27
4 78 32
4 79 25
4 81 22
4 83 58
4 96 53
4 99 54
4 104 99
4 108 68
4 109 85
4 110 73
4 111 15
4 114 57
4 115 5
4 120 17
4 121 38
4 126 67
4 127 37
4 131 84
4 133 23
4 135 79
4 137 68
4 138 73
4 141 2
4 144 14
4 147 72
4 148 98
4 149 85
5 6 72
5 7 28
5 8 92
5 12 72
5 13 60
5 14 86
5 20 31
5 22 33
5 24 78
5 27 56
5 29 35
5 31 63
5 33 44
5 34 45
5 36 19
5 39 25
5 40 31
5 44 78
5 50 12
5 52 71
5 55 70
5 56 100
5 58 78
5 61 56
5 62 79
5 63 42
5 66 1
5 67 19
5 70 21
5 71 59
5 72 88
5 75 35
5 79 18
5 81 38
5 82 71
5 83 21
5 87 3
5 88 62
5 92 75
5 94 74
5 99 54
5 100 93
5 102 99
5 104 71
5 105 13
5 107 61
5 111 93
5 112 4
5 114 89
5 116 12
5 121 87
5 123 11
5 124 71
5 129 80
5 130 58
5 132 60
5 133 31
5 138 94
5 139 84
5 142 97
5 143 72
5 147 53
5 149 27
6 7 89
6 9 61
6 15 18
6 19 85
6 22 85
6 27 83
6 29 82
6 33 44
6 34 35
6 35 64
6 36 67
6 37 87
6 38 80
6 45 39
6 46 44
6 47 100
6 52 77
6 55 58
6 57 49
6 58 48
6 62 35
6 63 95
6 66 4
6 75 7
6 80 24
6 84 27
6 86 69
6 88 97
6 90 61
6 94 56
6 96 22
6 97 28
6 100 38
6 101 78
6 104 26
6 105 91
6 107 32
6 112 11
6 113 33
6 114 46
6 116 32
6 117 74
6 118 69
6 122 65
6 124 51
6 125 68
6 126 22
6 127 33
6 130 93
6 133 8
6 134 94
6 135 13
6 139 62
6 142 20
6 143 65
6 149 49
7 8 4
7 9 89
7 11 63
7 14 63
7 15 74
7 17 11
7 18 48
7 19 92
7 23 7
7 25 12
7 29 15
7 32 67
7 33 42
7 38 72
7 42 92
7 53 80
7 64 87
7 66 45
7 67 70
7 70 96
7 71 24
7 77 80
7 80 19
7 82 26
7 86 4
7 87 95
7 95 42
7 98 20
7 100 54
7 101 34
7 104 85
7 105 84
7 111 39
7 112 8
7 114 18
7 116 31
7 119 6
7 123 63
7 124 62
7 128 58
7 130 64
7 135 12
7 136 91
7 137 43
7 146 31
7 150 48
8 14 94
8 16 96
8 18 26
8 23 3
8 28 62
8 29 3
8 31 42
8 36 72
8 38 43
8 45 23
8 47 62
8 49 21
8 51 4
8 53 45
8 58 9
8 61 10
8 64 68
8 65 46
8 66 36
8 74 41
8 75 13
8 77 45
8 83 82
8 86 16
8 87 69
8 88 58
8 90 89
8 92 24
8 95 35
8 96 77
8 106 57
8 107 89
8 110 79
8 113 29
8 114 18
8 118 74
8 120 82
8 122 47
8 123 61
8 125 63
8 126 43
8 129 45
8 132 97
8 135 69
8 139 44
8 143 54
8 145 20
8 147 97
8 148 2
8 149 91
8 150 36
9 10 82
9 11 29
9 12 56
9 13 11
9 16 83
9 17 42
9 18 75
9 19 22
9 23 33
9 26 22
9 28 86
9 29 77
9 30 38
9 31 6
9 32 48
9 34 92
9 35 73
9 36 42
9 39 69
9 41 88
9 44 95
9 46 79
9 51 94
9 54 7
9 60 95
9 63 65
9 66 33
9 69 34
9 71 88
9 72 94
9 73 13
9 74 78
9 75 91
9 80 14
9 81 74
9 82 74
9 88 20
9 89 14
9 91 55
9 98 57
9 102 72
9 104 42
9 105 30
9 111 51
9 113 93
9 114 30
9 115 56
9 119 51
9 120 60
9 122 98
9 125 94
9 129 17
9 130 63
9 131 18
9 134 28
9 136 27
9 140 48
9 141 47
9 144 65
9 147 8
9 148 44
9 150 50
10 12 62
10 13 80
10 16 88
10 18 81
10 19 12
10 20 25
10 22 37
10 24 30
10 26 87
10 34 93
10 36 59
10 40 57
10 41 30
10 42 23
10 43 80
10 44 76
10 46 66
10 47 3
10 53 31
10 62 46
10 63 44
10 66 38
10 70 65
10 71 49
10 72 78
10 75 44
10 76 27
10 77 32
10 78 65
10 80 10
10 84 94
10 85 72
10 86 52
10 87 86
10 89 23
10 90 11
10 91 53
10 94 28
10 97 41
10 98 10
10 104 17
10 107 56
10 109 43
10 110 63
10 115 6
10 117 22
10 118 17
10 122 97
10 126 62
10 129 23
10 130 33
10 131 2
10 133 66
10 135 26
10 142 36
10 144 65
10 146 64
10 150 2
11 12 29
11 15 43
11 19 1
11 20 61
11 21 35
11 22 73
11 23 50
11 25 91
11 27 53
11 28 81
11 32 24
11 36 19
11 39 95
11 41 6
11 43 27
11 49 16
11 50 84
11 53 65
11 58 8
11 61 7
11 65 79
11 67 64
11 71 9
11 73 49
11 79 23
11 83 12
11 88 38
11 90 3
11 92 38
11 93 45
11 94 7
11 96 7
11 100 23
11 101 22
11 112 78
11 118 41
11 121 100
11 123 79
11 125 26
11 127 77
11 128 28
11 135 5
11 136 55
11 138 15
11 139 44
11 140 89
11 141 47
11 143 96
11 146 4
11 147 92
11 149 99
12 18 96
12 19 9
12 21 21
12 25 54
12 29 44
12 30 90
12 33 72
12 34 46
12 42 63
12 44 5
12 48 29
12 50 42
12 52 85
12 53 75
12 55 17
12 57 98
12 58 33
12 62 76
12 64 24
12 65 20
12 66 98
12 67 62
12 71 45
12 73 79
12 74 82
12 79 46
12 80 29
12 83 9
12 84 72
12 85 42
12 87 38
12 90 23
12 93 62
12 94 61
12 95 36
12 99 77
12 103 45
12 104 25
12 105 49
12 107 13
12 109 6
12 110 22
12 111 85
12 112 96
12 113 81
12 115 79
12 116 82
12 117 91
12 123 42
12 125 18
12 134 84
12 138 100
12 140 69
12 142 89
12 143 86
12 144 88
12 149 31
13 14 84
13 16 6
13 18 5
13 20 82
13 25 69
13 26 68
13 29 26
13 33 18
13 34 78
13 35 80
13 37 91
13 38 13
13 41 65
13 43 42
13 45 56
13 46 48
13 51 86
13 59 47
13 63 87
13 64 16
13 66 66
13 68 35
13 70 73
13 75 13
13 84 3
13 85 85
13 86 2
13 93 64
13 95 78
13 96 17
13 100 30
13 102 89
13 104 5
13 108 76
13 109 36
13 115 27
13 121 97
13 122 56
13 123 46
13 124 74
13 125 87
13 128 74
13 137 88
13 144 67
13 145 65
13 146 82
13 148 28
13 149 52
13 150 41
14 16 13
14 22 99
14 27 23
14 29 52
14 32 32
14 34 10
14 35 56
14 37 80
14 39 19
14 40 63
14 41 74
14 44 70
14 45 98
14 46 66
14 48 15
14 50 12
14 52 70
14 54 19
14 61 79
14 62 35
14 71 25
14 76 70
14 84 56
14 88 7
14 89 86
14 90 85
14 98 7
14 101 84
14 102 55
14 106 56
14 111 14
14 112 82
14 115 95
14 119 51
14 120 17
14 122 6
14 124 94
14 125 2
14 126 78
14 129 59
14 132 70
14 134 44
14 136 84
14 142 61
14 143 86
14 145 8
14 146 53
14 148 89
15 17 45
15 21 81
15 22 62
15 30 54
15 34 92
15 39 17
15 40 96
15 48 5
15 50 45
15 51 58
15 52 88
15 58 4
15 59 78
15 60 11
15 61 48
15 64 9
15 65 10
15 71 79
15 72 80
15 73 6
15 74 14
15 75 57
15 79 64
15 80 85
15 83 61
15 84 25
15 85 64
15 86 40
15 87 1
15 88 41
15 89 81
15 90 34
15 91 65
15 93 7
15 94 99
15 96 60
15 97 100
15 98 14
15 99 56
15 101 74
15 102 30
15 103 100
15 104 100
15 108 32
15 109 6
15 111 37
15 112 27
15 114 24
15 119 24
15 125 56
15 126 81
15 127 59
15 128 4
15 130 92
15 131 80
15 132 47
15 138 21
15 139 95
15 140 91
15 142 78
15 145 29
15 146 82
15 147 80
15 149 55
16 18 61
16 19 24
16 22 75
16 31 5
16 36 25
16 37 98
16 38 99
16 40 49
16 42 22
16 47 7
16 48 83
16 49 15
16 53 68
16 58 19
16 62 81
16 63 95
16 65 61
16 68 4
16 69 11
16 71 39
16 75 89
16 76 17
16 77 62
16 78 79
16 83 65
16 84 26
16 86 95
16 87 50
16 89 89
16 91 92
16 92 16
16 93 9
16 95 96
16 97 51
16 98 42
16 100 94
16 110 56
16 111 100
16 112 71
16 114 13
16 115 7
16 120 71
16 121 45
16 122 19
16 123 17
16 124 43
16 126 10
16 128 50
16 133 41
16 134 77
16 138 22
16 141 22
16 145 15
16 146 96
16 150 76
17 19 5
17 20 64
17 21 51
17 22 17
17 23 34
17 24 88
17 28 31
17 30 35
17 31 19
17 32 85
17 33 90
17 34 72
17 35 93
17 38 97
17 41 86
17 42 56
17 44 99
17 45 48
17 47 24
17 56 19
17 58 58
17 66 98
17 67 81
17 68 26
17 69 98
17 75 74
17 76 1
17 77 7
17 81 20
17 82 31
17 84 43
17 94 55
17 97 98
17 100 33
17 102 52
17 103 83
17 110 61
17 115 14
17 125 88
17 127 49
17 128 95
17 129 52
17 130 53
17 133 39
17 136 15
17 138 96
17 143 82
17 144 73
17 145 11
17 146 56
17 148 3
18 19 25
18 24 63
18 25 23
18 28 34
18 33 51
18 35 45
18 36 8
18 37 85
18 39 65
18 41 37
18 53 98
18 54 63
18 55 89
18 56 45
18 57 24
18 60 69
18 64 66
18 70 92
18 73 55
18 79 26
18 83 40
18 84 87
18 88 58
18 92 6
18 95 37
18 97 10
18 98 50
18 101 43
18 102 69
18 103 44
18 104 80
18 105 19
18 106 36
18 108 58
18 109 75
18 110 19
18 112 6
18 114 56
18 116 72
18 117 80
18 118 20
18 121 42
18 126 36
18 127 55
18 128 87
18 131 64
18 132 81
18 133 98
18 134 5
18 139 99
18 140 29
18 141 67
18 142 35
18 144 57
18 148 99
18 149 65
18 150 13
19 24 62
19 26 94
19 27 56
19 30 87
19 35 52
19 37 94
19 40 36
19 41 80
19 47 5
19 51 15
19 53 5
19 54 15
19 56 39
19 61 66
19 62 38
19 63 73
19 64 96
19 65 90
19 67 88
19 68 65
19 73 50
19 74 50
19 75 84
19 78 93
19 82 54
19 83 15
19 90 77
19 92 97
19 94 48
19 98 1
19 100 21
19 102 57
19 103 40
19 108 47
19 111 71
19 115 43
19 117 54
19 118 93
19 131 97
19 134 58
19 146 4
19 148 13
19 149 10
20 24 60
20 32 68
20 35 2
20 38 9
20 39 64
20 47 53
20 49 2
20 50 12
20 52 28
20 53 60
20 58 62
20 60 95
20 62 19
20 67 80
20 69 61
20 70 79
20 71 82
20 74 79
20 76 86
20 77 58
20 82 95
20 83 24
20 84 97
20 86 100
20 87 32
20 91 1
20 92 87
20 94 64
20 99 58
20 100 50
20 101 76
20 103 76
20 105 54
20 107 19
20 111 42
20 113 24
20 116 23
20 117 49
20 121 52
20 126 7
20 129 90
20 130 6
20 132 18
20 134 55
20 136 99
20 138 28
20 140 10
20 142 39
20 145 50
20 149 26
21 22 9
21 23 76
21 24 99
21 25 10
21 34 49
21 35 72
21 42 29
21 43 63
21 45 29
21 46 58
21 47 54
21 48 27
21 49 42
21 58 18
21 59 13
21 60 46
21 62 92
21 64 10
21 65 66
21 68 45
21 69 31
21 73 26
21 75 83
21 79 19
21 81 41
21 83 74
21 84 32
21 85 26
21 86 5
21 88 37
21 93 98
21 95 81
21 96 1
21 97 56
21 98 68
21 101 69
21 107 25
21 111 65
21 114 68
21 116 31
21 118 65
21 120 2
21 121 1
21 122 31
21 125 67
21 126 13
21 129 64
21 130 19
21 131 43
21 133 89
21 134 80
21 140 57
21 141 18
21 147 37
21 148 86
22 23 60
22 24 87
22 33 47
22 36 82
22 37 79
22 41 69
22 48 98
22 49 69
22 54 38
22 59 31
22 60 7
22 65 94
22 68 24
22 69 74
22 74 75
22 76 14
22 78 51
22 81 19
22 83 84
22 86 45
22 88 38
22 93 92
22 96 71
22 98 90
22 101 88
22 102 56
22 103 17
22 107 42
22 108 81
22 117 12
22 118 49
22 125 58
22 128 60
22 129 1
22 131 98
22 133 46
22 137 91
22 141 59
22 145 9
22 146 52
22 147 24
22 148 38
22 150 78
23 25 72
23 26 43
23 27 91
23 30 97
23 38 32
23 39 51
23 40 38
23 45 1
23 47 2
23 51 18
23 53 55
23 54 51
23 55 10
23 57 47
23 61 78
23 67 94
23 68 87
23 70 32
23 71 90
23 72 30
23 73 33
23 74 100
23 76 52
23 77 2
23 81 61
23 84 77
23 85 63
23 86 5
23 88 52
23 89 57
23 91 33
23 92 91
23 93 26
23 94 11
23 95 43
23 97 3
23 99 75
23 102 7
23 106 3
23 107 4
23 120 1
23 122 32
23 125 25
23 127 25
23 131 99
23 132 64
23 133 74
23 136 57
23 137 61
23 140 83
23 142 30
23 143 82
23 145 14
23 146 6
23 147 73
24 30 48
24 32 100
24 39 5
24 44 7
24 47 23
24 48 88
24 49 2
24 57 15
24 58 27
24 59 48
24 60 41
24 62 96
24 64 38
24 66 35
24 70 24
24 77 40
24 83 24
24 85 3
24 86 22
24 87 14
24 90 28
24 91 97
24 93 93
24 94 80
24 96 70
24 98 34
24 101 38
24 103 21
24 104 80
24 106 81
24 107 90
24 111 49
24 113 29
24 118 81
24 122 34
24 125 57
24 126 39
24 127 8
24 128 87
24 129 64
24 133 52
24 136 61
24 143 79
24 150 3
25 30 55
25 31 53
25 33 90
25 35 88
25 41 41
25 43 80
25 45 67
25 48 46
25 49 3
25 54 49
25 55 26
25 59 1
25 61 41
25 62 65
25 69 81
25 71 10
25 72 2
25 73 46
25 74 91
25 77 69
25 81 74
25 83 23
25 85 2
25 98 44
25 101 83
25 107 62
25 108 68
25 110 31
25 111 6
25 114 59
25 115 30
25 116 100
25 120 91
25 123 30
25 125 100
25 127 58
25 129 30
25 134 19
25 136 90
25 141 13
25 143 86
25 148 11
25 149 52
25 150 32
26 27 56
26 33 2
26 35 76
26 36 59
26 38 98
26 42 29
26 45 29
26 47 100
26 48 77
26 52 63
26 55 7
26 58 59
26 60 13
26 64 55
26 66 84
26 67 39
26 68 13
26 72 87
26 76 40
26 77 93
26 79 69
26 81 12
26 82 30
26 84 66
26 85 53
26 93 31
26 95 54
26 98 97
26 99 42
26 100 11
26 101 63
26 105 21
26 106 91
26 107 80
26 108 4
26 110 12
26 118 51
26 120 64
26 122 39
26 124 61
26 125 70
26 126 17
26 127 25
26 128 83
26 132 49
26 134 63
26 135 23
26 139 65
26 142 70
26 143 59
26 144 39
26 150 34
27 28 24
27 29 58
27 31 85
27 33 6
27 39 8
27 42 17
27 43 6
27 44 66
27 45 98
27 46 15
27 51 64
27 52 98
27 53 66
27 59 2
27 63 14
27 65 35
27 66 73
27 69 56
27 70 65
27 72 32
27 76 81
27 79 93
27 80 47
27 81 63
27 84 66
27 85 40
27 87 43
27 90 44
27 94 82
27 95 40
27 96 74
27 97 8
27 100 50
27 103 41
27 104 76
27 105 45
27 107 1
27 110 71
27 111 58
27 112 9
27 119 59
27 124 76
27 128 79
27 130 5
27 133 81
27 136 99
27 138 3
27 140 53
27 146 3
27 148 74
27 149 75
28 32 96
28 33 96
28 36 83
28 38 16
28 39 67
28 40 69
28 43 56
28 44 89
28 48 33
28 49 81
28 50 77
28 52 92
28 59 34
28 62 40
28 66 35
28 67 69
28 68 75
28 70 6
28 77 49
28 79 45
28 83 84
28 84 52
28 85 61
28 86 55
28 88 66
28 92 70
28 93 21
28 95 4
28 96 92
28 97 44
28 103 30
28 105 93
28 106 70
28 107 93
28 113 12
28 117 15
28 118 85
28 119 50
28 120 27
28 122 81
28 125 31
28 126 7
28 129 45
28 130 61
28 131 50
28 134 5
28 138 31
28 139 10
28 146 67
28 147 30
28 148 91
28 149 52
29 31 30
29 33 71
29 35 66
29 36 26
29 38 19
29 39 42
29 44 3
29 47 9
29 50 96
29 51 73
29 54 31
29 63 68
29 64 69
29 65 27
29 67 60
29 69 13
29 72 22
29 73 100
29 74 1
29 79 64
29 85 59
29 87 41
29 88 98
29 92 11
29 93 9
29 94 29
29 95 31
29 96 28
29 97 6
29 99 25
29 105 32
29 107 17
29 108 8
29 111 39
29 112 28
29 113 88
29 116 55
29 119 54
29 121 94
29 124 34
29 128 100
29 129 5
29 131 71
29 133 6
29 135 97
29 136 8
29 139 52
29 140 32
29 142 40
29 143 56
29 147 28
29 148 83
29 150 76
30 32 47
30 35 28
30 37 48
30 38 75
30 42 76
30 43 9
30 44 82
30 48 38
30 49 11
30 51 87
30 56 13
30 57 69
30 58 100
30 62 5
30 64 9
30 67 60
30 68 23
30 69 79
30 74 89
30 76 54
30 81 41
30 83 77
30 87 78
30 88 56
30 90 39
30 93 27
30 94 56
30 97 9
30 98 6
30 99 21
30 100 62
30 101 38
30 102 76
30 103 74
30 108 99
30 109 78
30 112 55
30 114 23
30 122 92
30 124 85
30 133 40
30 135 58
30 136 90
30 137 11
30 139 50
30 141 4
30 142 96
30 143 11
30 145 18
30 146 90
30 148 94
30 149 23
31 33 23
31 35 83
31 37 45
31 38 25
31 39 48
31 40 75
31 41 20
31 42 49
31 44 58
31 47 84
31 48 7
31 51 48
31 53 9
31 54 11
31 59 32
31 60 100
31 63 96
31 65 72
31 72 14
31 73 47
31 76 31
31 77 58
31 78 69
31 80 57
31 83 72
31 84 22
31 85 92
31 87 52
31 95 75
31 96 9
31 98 73
31 101 66
31 102 86
31 103 12
31 106 19
31 110 1
31 113 69
31 114 51
31 118 44
31 120 85
31 121 59
31 124 87
31 125 51
31 131 88
31 140 22
31 141 30
31 142 66
31 143 9
32 33 57
32 34 18
32 39 27
32 40 33
32 44 18
32 45 33
32 47 18
32 53 26
32 55 84
32 57 61
32 62 55
32 64 87
32 66 43
32 67 34
32 69 47
32 71 3
32 75 74
32 76 50
32 77 55
32 80 85
32 81 17
32 83 49
32 85 88
32 91 10
32 92 85
32 93 6
32 97 87
32 98 11
32 99 73
32 101 25
32 102 85
32 104 84
32 109 72
32 113 24
32 114 11
32 117 35
32 118 92
32 119 32
32 122 92
32 123 47
32 124 30
32 127 15
32 129 79
32 132 93
32 135 98
32 140 37
32 141 34
32 143 36
32 144 43
32 146 4
33 34 25
33 36 27
33 38 46
33 39 2
33 41 98
33 43 30
33 44 3
33 48 13
33 49 18
33 50 10
33 51 18
33 52 12
33 55 74
33 56 51
33 57 21
33 58 82
33 59 45
33 61 50
33 62 97
33 63 9
33 68 28
33 69 74
33 70 54
33 71 72
33 72 32
33 73 23
33 74 67
33 79 53
33 80 85
33 81 89
33 88 63
33 90 3
33 91 1
33 96 8
33 98 77
33 100 91
33 101 5
33 102 83
33 103 97
33 107 51
33 109 26
33 110 62
33 111 60
33 112 96
33 115 80
33 116 55
33 119 84
33 120 84
33 123 64
33 125 62
33 132 39
33 133 23
33 138 14
33 139 21
33 141 22
33 143 63
33 147 50
33 149 12
34 44 31
34 45 36
34 46 48
34 48 58
34 49 29
34 52 34
34 56 49
34 58 16
34 60 1
34 62 33
34 63 28
34 67 12
34 68 58
34 69 59
34 70 29
34 71 80
34 72 99
34 74 42
34 79 52
34 80 30
34 81 53
34 83 5
34 85 26
34 88 28
34 92 10
34 94 47
34 97 44
34 98 9
34 103 96
34 104 60
34 105 52
34 110 16
34 113 98
34 114 23
34 116 55
34 117 76
34 119 84
34 122 33
34 126 42
34 127 55
34 129 94
34 130 66
34 132 20
34 133 74
34 134 67
34 135 89
34 136 24
34 139 20
34 145 78
34 150 50
35 39 93
35 40 75
35 42 5
35 43 56
35 47 90
35 48 34
35 50 22
35 55 78
35 60 55
35 61 85
35 63 10
35 65 71
35 68 14
35 76 19
35 77 71
35 80 26
35 83 84
35 84 60
35 86 80
35 87 95
35 88 24
35 94 89
35 96 74
35 98 59
35 99 7
35 100 100
35 103 15
35 107 34
35 109 72
35 110 76
35 113 96
35 114 34
35 115 57
35 118 18
35 123 26
35 130 82
35 134 90
35 136 26
35 137 39
35 138 30
35 142 19
35 144 33
35 146 77
35 147 27
35 148 58
35 149 90
35 150 49
36 38 28
36 41 39
36 45 45
36 52 63
36 63 47
36 70 55
36 80 81
36 81 94
36 82 96
36 84 54
36 87 50
36 89 39
36 91 75
36 93 84
36 94 10
36 95 11
36 96 9
36 100 46
36 104 64
36 109 17
36 110 19
36 112 28
36 113 50
36 114 54
36 116 45
36 125 34
36 126 31
36 131 50
36 132 28
36 135 7
36 136 39
36 140 42
36 141 64
36 142 21
36 146 70
36 148 15
36 150 67
37 40 34
37 41 70
37 45 53
37 53 42
37 60 5
37 63 17
37 69 72
37 76 5
37 79 53
37 80 33
37 82 78
37 89 91
37 92 43
37 93 59
37 94 7
37 95 68
37 97 49
37 104 32
37 109 32
37 111 26
37 115 3
37 117 1
37 119 87
37 121 14
37 122 94
37 124 55
37 125 36
37 126 14
37 135 92
37 136 69
37 138 30
37 140 68
37 141 58
37 142 73
37 143 27
37 144 6
37 147 65
37 150 19
38 42 15
38 43 45
38 46 60
38 48 3
38 50 64
38 51 68
38 55 5
38 63 92
38 64 9
38 65 99
38 66 55
38 67 95
38 69 63
38 72 68
38 73 25
38 76 33
38 78 18
38 81 76
38 82 52
38 84 100
38 85 90
38 87 86
38 88 66
38 90 14
38 94 72
38 95 13
38 98 87
38 101 70
38 108 28
38 109 70
38 111 48
38 112 95
38 115 31
38 117 93
38 118 22
38 119 68
38 125 12
38 126 9
38 128 22
38 130 98
38 131 46
38 132 45
38 134 35
38 136 7
38 139 99
38 143 15
38 144 65
38 146 58
38 147 34
38 150 15
39 42 62
39 46 46
39 47 36
39 49 83
39 50 38
39 51 11
39 52 54
39 56 45
39 61 32
39 63 61
39 66 98
39 68 87
39 70 16
39 75 84
39 77 14
39 86 4
39 90 50
39 92 39
39 95 72
39 96 10
39 97 85
39 98 78
39 99 83
39 100 83
39 106 57
39 108 84
39 110 2
39 112 51
39 113 69
39 115 4
39 117 36
39 130 39
39 135 21
39 136 27
39 140 39
39 141 81
39 142 24
39 143 58
39 146 74
39 148 39
39 149 94
40 41 55
40 42 33
40 49 55
40 52 97
40 53 56
40 55 2
40 60 3
40 67 27
40 69 70
40 70 59
40 77 70
40 80 47
40 86 7
40 87 50
40 88 89
40 89 14
40 93 26
40 100 73
40 101 52
40 103 40
40 109 77
40 112 92
40 115 20
40 119 55
40 122 97
40 125 90
40 126 10
40 130 79
40 131 52
40 136 71
40 137 40
40 140 98
40 144 14
40 147 81
40 148 60
41 44 27
41 48 59
41 49 12
41 50 25
41 51 52
41 53 98
41 56 74
41 59 92
41 60 11
41 62 83
41 65 2
41 70 85
41 71 14
41 72 40
41 73 42
41 76 71
41 78 73
41 79 69
41 85 41
41 86 25
41 87 83
41 91 18
41 92 27
41 93 30
41 95 7
41 99 93
41 100 13
41 102 65
41 104 53
41 106 41
41 108 92
41 110 97
41 112 56
41 113 28
41 114 51
41 120 32
41 125 92
41 127 93
41 129 4
41 131 75
41 132 97
41 133 9
41 134 66
41 135 31
41 136 16
41 137 27
41 139 17
41 141 64
41 143 52
41 145 93
41 147 65
41 148 29
41 149 41
42 44 37
42 46 39
42 48 23
42 50 74
42 52 2
42 55 52
42 56 87
42 57 90
42 59 72
42 60 18
42 62 58
42 64 23
42 65 7
42 68 6
42 70 21
42 71 57
42 75 75
42 76 4
42 77 95
42 78 68
42 79 59
42 80 75
42 81 71
42 83 63
42 85 85
42 87 44
42 88 43
42 89 85
42 91 47
42 92 17
42 96 2
42 101 50
42 103 93
42 108 99
42 111 9
42 112 35
42 117 19
42 121 30
42 122 12
42 124 63
42 125 76
42 126 5
42 130 53
42 131 52
42 132 81
42 134 17
42 140 72
42 143 61
42 145 33
42 148 7
42 149 58
42 150 85
43 45 31
43 48 36
43 49 92
43 55 75
43 62 76
43 65 77
43 66 90
43 70 64
43 71 1
43 72 71
43 73 61
43 74 46
43 75 48
43 77 26
43 80 52
43 81 45
43 83 97
43 86 58
43 96 76
43 98 74
43 100 46
43 101 8
43 106 44
43 107 11
43 110 96
43 114 22
43 115 77
43 119 12
43 120 72
43 122 68
43 123 55
43 125 53
43 127 29
43 128 30
43 129 1
43 138 53
43 139 84
43 143 86
43 144 85
43 145 54
43 149 35
43 150 57
44 52 23
44 53 48
44 55 17
44 56 89
44 61 19
44 62 12
44 67 71
44 71 81
44 72 64
44 75 55
44 80 4
44 81 39
44 83 14
44 86 78
44 93 5
44 97 58
44 99 84
44 105 90
44 108 9
44 110 81
44 111 41
44 113 8
44 116 1
44 118 88
44 119 7
44 121 68
44 125 31
44 127 22
44 128 65
44 129 53
44 133 50
44 134 94
44 135 24
44 141 89
44 144 45
44 145 28
45 46 77
45 48 27
45 52 98
45 53 51
45 54 9
45 55 24
45 58 50
45 63 73
45 64 59
45 66 83
45 67 42
45 69 61
45 75 14
45 76 15
45 77 65
45 80 50
45 88 62
45 90 13
45 93 81
45 95 78
45 96 32
45 98 73
45 104 62
45 106 37
45 107 69
45 108 96
45 109 53
45 113 89
45 114 69
45 116 8
45 118 48
45 119 9
45 123 70
45 125 54
45 128 71
45 129 83
45 132 8
45 137 35
45 140 44
45 141 53
45 143 2
45 145 76
45 147 45
46 49 18
46 50 100
46 52 6
46 59 90
46 61 84
46 63 27
46 65 80
46 66 59
46 73 79
46 74 41
46 75 73
46 78 20
46 80 29
46 82 75
46 86 50
46 87 19
46 89 3
46 90 88
46 91 26
46 92 21
46 93 33
46 94 37
46 97 29
46 99 92
46 100 14
46 102 88
46 103 86
46 104 4
46 105 90
46 106 18
46 110 3
46 111 78
46 114 84
46 118 54
46 119 65
46 122 89
46 126 77
46 128 19
46 131 97
46 132 6
46 133 65
46 134 55
46 136 91
46 143 16
46 144 12
46 145 88
47 48 18
47 50 55
47 53 99
47 54 2
47 57 53
47 71 89
47 72 54
47 73 72
47 77 45
47 78 55
47 79 53
47 80 9
47 81 27
47 83 83
47 85 99
47 87 83
47 88 42
47 91 37
47 93 32
47 96 5
47 97 74
47 98 75
47 99 55
47 101 27
47 106 61
47 107 74
47 109 19
47 110 12
47 112 99
47 115 44
47 117 62
47 118 81
47 122 60
47 123 70
47 134 60
47 138 83
47 139 65
47 143 54
47 144 14
47 145 52
47 146 96
47 148 55
47 149 72
48 49 20
48 50 74
48 51 29
48 52 44
48 54 66
48 57 11
48 58 71
48 59 28
48 64 3
48 67 85
48 71 47
48 80 1
48 81 66
48 84 45
48 88 44
48 91 80
48 92 59
48 93 60
48 94 24
48 96 92
48 99 5
48 105 99
48 106 7
48 108 70
48 110 98
48 111 96
48 115 34
48 116 67
48 119 54
48 120 88
48 121 15
48 124 67
48 127 87
48 129 9
48 130 17
48 135 13
48 136 57
48 138 79
48 139 65
48 140 4
48 141 30
48 144 33
48 145 2
48 146 45
48 147 29
48 148 4
49 50 17
49 51 10
49 53 81
49 59 7
49 60 62
49 64 99
49 65 100
49 66 65
49 67 21
49 71 50
49 76 28
49 77 18
49 78 36
49 80 55
49 83 61
49 84 44
49 86 26
49 87 100
49 91 14
49 94 96
49 98 24
49 102 71
49 103 50
49 106 5
49 108 63
49 114 95
49 115 70
49 116 42
49 117 74
49 119 50
49 121 2
49 122 57
49 127 11
49 128 11
49 132 70
49 134 59
49 135 19
49 138 75
49 142 77
49 146 2
49 149 24
50 51 67
50 52 39
50 53 13
50 54 32
50 56 65
50 57 9
50 60 47
50 62 84
50 65 96
50 67 67
50 68 11
50 73 19
50 75 90
50 81 76
50 83 14
50 90 28
50 93 4
50 94 57
50 96 88
50 101 9
50 103 11
50 104 84
50 105 67
50 107 23
50 108 61
50 111 41
50 113 93
50 117 3
50 118 78
50 119 52
50 120 7
50 124 14
50 125 33
50 126 90
50 127 8
50 129 17
50 133 9
50 138 89
50 141 58
50 142 42
50 143 30
50 145 52
50 149 56
51 52 63
51 57 16
51 59 38
51 60 16
51 66 99
51 67 50
51 68 47
51 71 72
51 73 44
51 74 22
51 77 86
51 78 32
51 79 45
51 81 31
51 85 51
51 87 54
51 88 20
51 91 66
51 92 33
51 93 45
51 94 55
51 99 25
51 101 3
51 103 63
51 107 63
51 109 90
51 112 44
51 114 28
51 115 58
51 117 42
51 119 70
51 124 2
51 125 92
51 126 50
51 127 48
51 129 90
51 131 46
51 133 26
51 135 64
51 136 89
51 139 77
51 141 89
51 142 45
51 143 55
51 147 69
51 149 38
51 150 37
52 55 23
52 60 2
52 62 34
52 63 68
52 65 82
52 76 5
52 79 60
52 80 3
52 82 3
52 88 15
52 90 96
52 91 89
52 98 50
52 103 40
52 106 25
52 107 88
52 111 99
52 113 52
52 115 92
52 121 82
52 124 60
52 125 47
52 126 98
52 127 79
52 129 9
52 133 8
52 134 89
52 135 48
52 137 40
52 139 97
52 140 53
52 145 67
52 148 96
53 54 9
53 57 96
53 62 59
53 64 42
53 66 73
53 67 34
53 68 6
53 71 56
53 73 10
53 75 82
53 76 2
53 79 29
53 80 37
53 82 80
53 88 33
53 95 75
53 96 25
53 97 3
53 98 62
53 99 35
53 104 79
53 107 91
53 108 10
53 110 79
53 114 17
53 116 20
53 118 53
53 122 15
53 125 97
53 126 9
53 127 46
53 128 90
53 130 8
53 132 97
53 133 4
53 135 55
53 136 3
53 137 82
53 140 88
53 142 82
53 143 76
53 144 11
53 145 31
53 146 75
54 56 95
54 58 21
54 61 38
54 69 61
54 71 37
54 73 47
54 75 5
54 76 38
54 78 98
54 79 14
54 85 86
54 88 4
54 89 93
54 91 57
54 94 60
54 97 3
54 100 83
54 103 97
54 104 10
54 106 22
54 107 26
54 108 18
54 111 42
54 114 27
54 115 63
54 124 41
54 125 53
54 126 97
54 129 90
54 133 18
54 135 35
54 142 97
54 144 25
54 145 24
54 150 43
55 57 96
55 58 11
55 60 6
55 63 69
55 66 13
55 68 13
55 72 22
55 74 41
55 76 36
55 79 42
55 83 72
55 84 57
55 86 50
55 87 65
55 89 18
55 90 50
55 92 66
55 98 11
55 102 43
55 103 46
55 105 61
55 106 8
55 108 79
55 109 18
55 110 37
55 111 1
55 113 54
55 114 79
55 115 25
55 117 22
55 118 96
55 122 8
55 123 59
55 124 5
55 125 89
55 128 62
55 131 10
55 133 23
55 136 63
55 138 40
55 141 21
55 144 64
55 145 80
55 146 64
55 150 29
56 59 70
56 63 85
56 64 20
56 67 45
56 71 75
56 74 56
56 75 9
56 80 91
56 85 100
56 87 39
56 89 46
56 92 15
56 97 2
56 99 19
56 100 25
56 101 83
56 102 76
56 111 51
56 112 29
56 115 55
56 116 89
56 117 82
56 119 46
56 120 46
56 123 56
56 124 26
56 127 25
56 128 75
56 129 18
56 130 24
56 132 55
56 134 66
56 135 41
56 138 41
56 139 51
56 140 68
56 143 38
56 149 59
57 62 97
57 64 79
57 65 34
57 68 9
57 70 36
57 71 91
57 73 31
57 74 26
57 80 100
57 81 55
57 85 85
57 86 32
57 88 99
57 93 93
57 98 14
57 101 57
57 105 34
57 106 40
57 107 68
57 108 41
57 111 86
57 113 29
57 114 8
57 116 29
57 118 46
57 119 83
57 120 17
57 124 3
57 125 38
57 127 2
57 128 56
57 130 50
57 131 33
57 135 52
57 139 11
57 140 66
57 145 48
57 146 91
58 60 28
58 61 6
58 63 64
58 64 40
58 66 15
58 67 6
58 68 68
58 79 71
58 82 19
58 83 50
58 84 33
58 88 63
58 93 34
58 94 27
58 95 24
58 96 17
58 97 42
58 100 83
58 104 32
58 105 17
58 106 27
58 107 9
58 108 93
58 109 2
58 113 38
58 114 52
58 116 56
58 119 32
58 121 63
58 123 85
58 127 94
58 129 47
58 133 96
58 134 56
58 136 37
58 140 32
58 144 49
58 146 33
58 150 92
59 65 47
59 66 27
59 69 63
59 70 73
59 71 77
59 73 53
59 74 49
59 79 90
59 80 43
59 88 8
59 89 3
59 91 15
59 96 28
59 97 53
59 99 74
59 102 75
59 104 19
59 105 37
59 106 56
59 111 17
59 112 56
59 114 97
59 117 36
59 118 53
59 120 55
59 126 86
59 132 66
59 133 35
59 137 60
59 140 50
59 141 76
59 143 100
59 145 98
59 146 57
59 147 32
59 150 6
60 63 29
60 66 30
60 68 84
60 69 73
60 70 63
60 72 72
60 73 87
60 79 16
60 81 41
60 88 12
60 89 51
60 92 83
60 95 43
60 98 46
60 100 71
60 101 31
60 102 62
60 105 20
60 106 26
60 107 34
60 111 71
60 116 41
60 118 87
60 119 23
60 121 46
60 123 91
60 124 87
60 127 10
60 128 59
60 134 14
60 137 73
60 147 100
60 148 50
61 64 88
61 65 86
61 68 99
61 70 71
61 74 59
61 76 77
61 77 39
61 78 52
61 80 79
61 86 40
61 88 66
61 89 76
61 91 27
61 94 3
61 100 85
61 101 53
61 102 26
61 103 45
61 104 56
61 105 52
61 106 90
61 107 89
61 109 25
61 110 90
61 113 86
61 114 51
61 116 89
61 117 86
61 119 79
61 121 20
61 123 31
61 124 7
61 125 69
61 127 47
61 128 48
61 133 26
61 134 53
61 135 60
61 137 65
61 139 38
61 140 51
61 142 53
61 143 85
61 147 88
61 148 66
61 150 97
62 64 9
62 65 11
62 69 96
62 71 22
62 73 44
62 81 57
62 84 95
62 85 27
62 86 56
62 89 62
62 90 65
62 91 90
62 92 98
62 96 9
62 97 36
62 99 91
62 100 19
62 102 48
62 111 78
62 112 34
62 116 11
62 124 79
62 125 13
62 127 41
62 130 38
62 132 27
62 133 77
62 134 71
62 135 63
62 136 38
62 137 90
62 140 93
62 143 94
62 144 3
62 145 78
62 146 9
62 147 57
62 149 46
62 150 60
63 64 25
63 68 63
63 69 86
63 70 10
63 75 82
63 77 90
63 78 24
63 79 87
63 80 66
63 82 69
63 83 15
63 84 12
63 86 57
63 88 22
63 89 43
63 90 65
63 91 71
63 92 89
63 93 52
63 94 18
63 98 2
63 101 26
63 102 87
63 107 24
63 108 47
63 109 14
63 110 31
63 112 54
63 115 26
63 116 62
63 119 48
63 123 83
63 124 74
63 126 70
63 127 50
63 128 94
63 129 84
63 130 14
63 133 32
63 134 41
63 143 34
63 145 81
63 146 50
63 148 92
64 65 28
64 69 54
64 74 51
64 75 36
64 79 88
64 80 79
64 85 8
64 86 89
64 87 5
64 90 81
64 92 55
64 100 82
64 101 78
64 103 27
64 105 95
64 112 60
64 113 30
64 114 93
64 116 13
64 122 63
64 123 100
64 124 89
64 126 28
64 127 31
64 130 75
64 133 23
64 136 52
64 141 51
65 67 33
65 68 22
65 69 85
65 70 67
65 71 95
65 72 69
65 73 63
65 76 65
65 80 50
65 84 55
65 86 34
65 90 13
65 91 13
65 93 26
65 94 100
65 96 40
65 97 30
65 99 52
65 100 87
65 101 97
65 107 72
65 112 59
65 113 86
65 120 35
65 121 25
65 125 48
65 126 3
65 128 68
65 130 84
65 131 73
65 132 8
65 134 30
65 137 97
65 138 43
65 141 69
65 146 89
65 148 71
66 71 16
66 73 75
66 74 81
66 79 57
66 81 32
66 86 14
66 90 49
66 91 34
66 92 75
66 97 49
66 98 80
66 99 73
66 101 37
66 103 70
66 104 25
66 105 98
66 107 11
66 109 18
66 111 64
66 112 15
66 113 43
66 120 15
66 123 21
66 124 70
66 125 77
66 128 13
66 130 43
66 131 16
66 134 54
66 140 34
66 141 50
66 143 72
66 145 61
66 147 19
66 148 99
66 149 73
66 150 54
67 68 81
67 72 75
67 74 81
67 76 87
67 77 36
67 79 17
67 80 56
67 81 96
67 83 10
67 89 96
67 90 39
67 92 85
67 94 93
67 95 8
67 96 99
67 98 62
67 99 10
67 100 59
67 101 51
67 102 73
67 108 59
67 109 62
67 110 73
67 113 97
67 118 69
67 119 67
67 125 45
67 126 60
67 128 19
67 130 4
67 132 19
67 133 19
67 139 77
67 141 41
67 145 83
67 146 69
67 149 44
68 70 5
68 71 11
68 72 59
68 75 36
68 77 62
68 80 42
68 83 39
68 85 71
68 87 43
68 89 4
68 90 78
68 92 6
68 95 72
68 96 16
68 97 59
68 98 9
68 101 38
68 105 95
68 108 6
68 109 76
68 112 40
68 117 50
68 123 52
68 124 50
68 126 21
68 128 31
68 129 19
68 131 2
68 134 16
68 136 57
68 137 84
68 138 90
68 142 7
68 149 8
68 150 87
69 72 88
69 75 49
69 76 15
69 83 72
69 90 5
69 92 93
69 93 21
69 94 88
69 96 58
69 97 2
69 98 9
69 99 27
69 101 47
69 102 64
69 103 24
69 104 12
69 105 5
69 106 65
69 109 85
69 112 8
69 117 87
69 119 27
69 122 31
69 125 68
69 126 58
69 128 88
69 129 97
69 134 19
69 138 48
69 140 34
69 145 93
69 146 37
69 148 54
69 149 87
69 150 50
70 71 21
70 73 100
70 74 99
70 77 95
70 79 81
70 80 43
70 82 53
70 83 18
70 84 11
70 87 1
70 95 77
70 96 39
70 98 13
70 102 41
70 104 82
70 106 60
70 107 31
70 109 95
70 110 83
70 114 10
70 117 60
70 119 55
70 120 5
70 122 77
70 123 4
70 128 3
70 130 2
70 133 75
70 136 9
70 137 75
70 143 9
70 147 68
70 149 28
70 150 85
71 72 29
71 77 10
71 78 26
71 89 27
71 92 100
71 93 75
71 95 54
71 97 61
71 100 6
71 102 27
71 106 95
71 111 86
71 112 94
71 115 90
71 116 46
71 117 31
71 118 70
71 123 64
71 124 4
71 125 64
71 126 48
71 129 44
71 131 21
71 132 66
71 136 48
71 137 12
71 138 28
71 140 45
71 141 49
71 144 90
71 145 97
71 146 91
71 148 48
72 75 38
72 76 60
72 78 43
72 79 19
72 80 43
72 85 48
72 87 12
72 90 80
72 94 87
72 95 65
72 96 10
72 102 70
72 103 17
72 107 70
72 109 72
72 110 92
72 111 51
72 114 78
72 121 78
72 126 89
72 127 12
72 129 3
72 131 52
72 133 62
72 136 7
72 137 75
72 138 94
72 149 15
73 77 51
73 84 24
73 87 73
73 90 65
73 92 74
73 94 36
73 95 98
73 96 23
73 99 44
73 103 30
73 107 1
73 108 55
73 109 43
73 110 35
73 115 93
73 116 17
73 117 19
73 118 87
73 119 43
73 120 11
73 121 20
73 122 96
73 124 35
73 127 61
73 131 67
73 133 35
73 135 43
73 140 1
73 143 25
73 144 4
73 147 27
73 149 13
74 76 97
74 78 39
74 79 23
74 80 48
74 82 100
74 83 21
74 84 55
74 85 71
74 86 16
74 88 73
74 90 65
74 92 39
74 93 59
74 94 96
74 97 2
74 98 95
74 99 73
74 100 35
74 106 68
74 107 19
74 108 56
74 111 46
74 118 45
74 124 48
74 125 13
74 126 98
74 130 1
74 131 50
74 132 7
74 135 74
74 136 88
74 138 23
74 140 20
74 141 66
74 143 2
74 144 46
74 145 3
75 77 20
75 81 48
75 83 37
75 87 68
75 91 4
75 92 78
75 93 50
75 97 62
75 100 29
75 101 11
75 102 76
75 106 25
75 109 79
75 110 24
75 111 61
75 112 49
75 113 66
75 114 14
75 116 97
75 119 90
75 121 4
75 124 53
75 129 79
75 131 80
75 137 74
75 141 31
75 149 12
75 150 18
76 77 35
76 79 93
76 81 40
76 82 66
76 88 33
76 89 82
76 90 57
76 96 11
76 98 63
76 101 60
76 102 93
76 105 79
76 109 42
76 110 98
76 112 100
76 114 47
76 117 66
76 120 49
76 123 64
76 125 61
76 127 96
76 128 54
76 132 49
76 134 31
76 135 65
76 137 65
76 148 58
77 78 4
77 83 18
77 85 34
77 86 82
77 88 35
77 89 94
77 97 98
77 105 58
77 108 78
77 109 89
77 110 85
77 114 28
77 118 97
77 121 33
77 123 96
77 126 99
77 128 100
77 129 86
77 133 15
77 134 25
77 136 55
77 137 34
77 139 76
77 140 50
77 142 13
77 145 68
77 148 15
78 81 13
78 84 27
78 87 94
78 93 60
78 95 58
78 97 79
78 99 42
78 103 49
78 106 84
78 107 56
78 109 85
78 112 96
78 114 58
78 115 64
78 117 12
78 120 60
78 121 68
78 122 21
78 128 97
78 131 52
78 137 60
78 139 96
78 140 36
78 148 100
78 150 37
79 84 57
79 86 51
79 87 3
79 88 22
79 90 71
79 93 39
79 95 49
79 96 34
79 102 85
79 103 20
79 107 99
79 113 33
79 119 67
79 121 84
79 124 99
79 125 27
79 133 51
79 135 85
79 137 10
79 139 73
79 140 78
79 146 94
79 147 68
79 148 54
79 149 7
79 150 21
80 81 41
80 82 74
80 87 60
80 88 17
80 90 3
80 91 2
80 92 42
80 97 72
80 99 18
80 100 64
80 103 74
80 105 24
80 112 57
80 120 85
80 124 82
80 127 74
80 132 21
80 133 22
80 135 94
80 136 92
80 137 61
80 142 41
80 143 6
80 144 50
80 148 48
80 149 83
80 150 35
81 84 38
81 85 11
81 89 33
81 91 46
81 92 57
81 95 98
81 96 64
81 99 47
81 101 88
81 103 41
81 106 83
81 110 23
81 115 25
81 119 36
81 120 4
81 121 91
81 128 94
81 131 12
81 132 28
81 135 100
81 137 2
81 138 33
81 139 62
81 141 26
81 145 59
81 149 68
81 150 54
82 87 51
82 88 29
82 90 51
82 99 91
82 105 17
82 108 9
82 110 32
82 111 4
82 113 80
82 115 93
82 117 3
82 119 71
82 122 3
82 124 91
82 125 6
82 130 47
82 131 17
82 132 39
82 136 27
82 137 58
82 138 23
82 141 64
82 144 55
82 145 25
82 147 63
82 148 72
82 150 32
83 88 25
83 90 25
83 91 12
83 95 46
83 98 67
83 100 65
83 101 43
83 102 30
83 104 92
83 105 19
83 108 51
83 109 51
83 110 94
83 111 94
83 114 99
83 116 80
83 119 90
83 123 10
83 125 15
83 126 100
83 127 28
83 128 1
83 132 98
83 134 43
83 135 63
83 139 51
83 142 97
83 144 92
83 145 37
83 146 24
83 148 37
83 150 67
84 86 4
84 87 57
84 89 19
84 90 96
84 93 74
84 94 90
84 96 83
84 97 35
84 98 27
84 100 83
84 104 45
84 105 78
84 106 1
84 107 42
84 108 83
84 109 71
84 110 91
84 114 18
84 115 13
84 117 68
84 118 2
84 120 64
84 121 83
84 126 60
84 133 84
84 136 13
84 137 42
84 138 36
84 140 4
84 145 11
84 146 17
84 148 22
85 90 36
85 92 97
85 93 54
85 96 27
85 101 52
85 105 20
85 111 42
85 113 87
85 114 46
85 116 40
85 118 12
85 121 37
85 124 66
85 128 99
85 129 87
85 133 45
85 135 57
85 136 88
85 137 83
85 143 31
85 145 31
85 147 95
86 87 39
86 89 48
86 92 75
86 93 14
86 94 39
86 95 68
86 96 84
86 101 69
86 107 17
86 110 32
86 111 38
86 114 15
86 119 82
86 122 5
86 128 26
86 133 31
86 135 2
86 138 96
86 141 61
86 144 50
86 145 33
86 150 24
87 88 73
87 90 98
87 91 49
87 94 4
87 95 17
87 99 35
87 103 10
87 104 93
87 106 40
87 107 77
87 108 29
87 109 90
87 110 73
87 113 81
87 116 49
87 117 80
87 118 61
87 120 7
87 121 47
87 123 72
87 124 49
87 125 55
87 126 55
87 128 48
87 131 37
87 133 84
87 139 6
87 140 62
87 142 29
87 143 48
87 145 50
87 149 61
87 150 84
88 91 79
88 94 80
88 96 42
88 97 56
88 102 24
88 104 18
88 105 14
88 107 30
88 108 69
88 111 3
88 112 90
88 120 31
88 125 32
88 126 96
88 127 27
88 128 66
88 136 10
88 138 12
88 139 47
88 141 44
88 145 69
88 147 75
88 148 57
88 150 58
89 91 87
89 95 57
89 96 62
89 97 20
89 100 18
89 104 55
89 105 39
89 106 92
89 110 15
89 111 71
89 112 25
89 115 33
89 119 63
89 121 100
89 123 53
89 125 8
89 128 54
89 133 6
89 135 45
89 136 55
89 141 56
89 144 12
89 145 49
89 147 92
89 150 29
90 91 95
90 92 29
90 93 77
90 95 17
90 97 38
90 98 67
90 99 42
90 100 16
90 103 5
90 105 43
90 108 80
90 109 18
90 110 89
90 114 10
90 116 25
90 117 18
90 118 22
90 122 4
90 123 23
90 125 83
90 128 31
90 131 46
90 135 52
90 137 73
90 138 67
90 139 75
90 140 75
90 145 44
90 146 87
90 147 47
91 92 72
91 93 25
91 101 16
91 108 100
91 109 3
91 111 49
91 113 27
91 114 11
91 120 11
91 122 54
91 125 75
91 126 15
91 128 32
91 130 69
91 131 77
91 134 62
91 139 38
91 140 65
91 141 2
91 142 38
91 143 72
91 146 26
91 149 95
91 150 90
92 96 48
92 97 14
92 98 19
92 100 94
92 101 82
92 104 51
92 109 24
92 112 73
92 113 56
92 115 46
92 116 30
92 119 50
92 120 94
92 122 91
92 123 62
92 126 41
92 128 88
92 130 40
92 131 60
92 133 36
92 135 47
92 136 25
92 140 10
92 146 59
92 147 8
92 148 69
93 96 15
93 97 7
93 100 88
93 103 78
93 112 63
93 118 22
93 121 2
93 123 42
93 126 16
93 127 23
93 130 88
93 134 71
93 137 25
93 138 88
93 141 3
93 147 53
93 149 53
93 150 40
94 95 6
94 97 9
94 101 71
94 107 41
94 116 45
94 121 85
94 125 59
94 126 92
94 127 24
94 129 88
94 130 59
94 133 31
94 136 1
94 142 62
94 144 30
94 145 64
94 147 2
95 96 80
95 98 44
95 99 69
95 102 54
95 105 45
95 107 95
95 109 66
95 113 10
95 115 10
95 117 45
95 123 88
95 124 79
95 127 29
95 128 40
95 129 65
95 133 92
95 138 28
95 141 88
95 142 52
95 147 24
95 148 5
95 150 35
96 98 27
96 99 34
96 104 7
96 105 58
96 106 6
96 114 32
96 115 33
96 117 74
96 120 96
96 122 21
96 123 67
96 126 2
96 127 44
96 135 34
96 137 59
96 139 34
96 141 42
96 144 53
96 145 10
96 147 73
96 150 92
97 98 5
97 107 97
97 108 23
97 110 39
97 112 56
97 117 53
97 124 86
97 127 21
97 129 71
97 130 18
97 134 29
97 142 77
97 146 66
97 150 75
98 101 11
98 104 2
98 107 65
98 108 88
98 109 63
98 110 50
98 112 99
98 113 13
98 115 52
98 126 12
98 127 6
98 128 39
98 130 66
98 132 80
98 135 74
98 136 86
98 138 86
98 141 32
98 144 63
98 148 38
98 149 2
99 101 67
99 102 35
99 104 31
99 105 81
99 106 29
99 107 25
99 110 44
99 111 9
99 112 87
99 115 28
99 116 13
99 120 27
99 123 24
99 124 36
99 125 21
99 127 82
99 130 63
99 132 87
99 133 8
99 134 6
99 137 16
99 138 31
99 141 38
99 142 1
99 143 79
99 144 46
99 145 5
99 146 74
99 147 82
99 148 19
100 101 2
100 102 82
100 104 23
100 109 37
100 111 24
100 112 34
100 114 94
100 116 98
100 119 2
100 123 72
100 127 45
100 129 91
100 130 13
100 131 6
100 132 74
100 134 15
100 135 1
100 139 67
100 141 44
100 144 94
100 147 53
100 148 55
101 103 67
101 104 75
101 105 10
101 106 75
101 112 56
101 115 55
101 116 57
101 126 15
101 129 24
101 131 83
101 134 67
101 135 95
101 136 57
101 139 7
101 144 13
102 103 16
102 104 53
102 108 45
102 110 60
102 118 82
102 121 59
102 123 4
102 125 91
102 127 37
102 129 15
102 134 99
102 139 65
102 142 98
102 145 61
102 146 28
102 148 78
102 150 97
103 104 50
103 105 93
103 110 20
103 112 43
103 114 11
103 115 16
103 116 15
103 117 48
103 124 62
103 125 36
103 127 76
103 129 30
103 131 18
103 136 94
103 139 76
103 140 82
103 141 87
103 142 42
103 146 55
103 147 7
103 148 52
103 149 12
103 150 26
104 107 47
104 110 92
104 111 22
104 112 73
104 113 92
104 115 10
104 117 90
104 118 76
104 120 70
104 122 35
104 123 49
104 124 82
104 125 96
104 126 97
104 128 44
104 134 29
104 136 14
104 138 94
104 139 66
104 145 55
104 146 65
104 147 64
104 148 93
105 106 2
105 107 8
105 109 55
105 111 4
105 115 79
105 117 48
105 118 8
105 120 7
105 121 49
105 123 71
105 127 19
105 128 79
105 133 26
105 135 55
105 136 55
105 140 95
105 141 98
105 144 67
105 145 89
105 146 9
105 148 65
106 107 72
106 108 63
106 109 14
106 110 3
106 115 43
106 116 94
106 118 48
106 119 34
106 123 32
106 130 5
106 134 40
106 135 31
106 138 52
106 141 91
106 144 46
106 145 11
106 146 94
106 148 78
106 150 46
107 110 71
107 112 14
107 113 35
107 118 88
107 120 82
107 121 89
107 126 50
107 127 4
107 129 78
107 132 3
107 133 66
107 136 54
107 137 67
107 141 17
107 142 100
107 146 16
107 148 78
107 149 20
107 150 54
108 111 75
108 113 1
108 114 47
108 118 16
108 120 86
108 121 44
108 122 35
108 124 37
108 127 2
108 128 86
108 131 47
108 134 31
108 141 99
108 142 39
108 145 20
108 146 65
109 111 26
109 112 41
109 113 20
109 115 3
109 117 43
109 119 94
109 121 20
109 122 26
109 125 29
109 126 49
109 127 27
109 128 74
109 129 9
109 130 95
109 135 47
109 137 46
109 138 43
109 139 55
109 141 60
109 142 29
109 143 22
109 145 94
109 148 52
109 150 56
110 111 23
110 114 71
110 116 74
110 121 85
110 122 6
110 124 85
110 125 70
110 127 25
110 130 98
110 131 66
110 135 22
110 136 39
110 141 64
110 142 4
110 143 2
110 144 91
111 113 94
111 117 55
111 121 64
111 122 6
111 123 11
111 124 60
111 125 46
111 127 52
111 130 19
111 135 86
111 137 40
111 145 23
112 114 75
112 117 38
112 122 80
112 125 61
112 128 44
112 133 33
112 136 28
112 137 24
112 139 39
112 141 2
112 143 84
112 145 92
112 147 53
112 148 99
113 117 15
113 118 11
113 119 14
113 121 25
113 122 73
113 125 45
113 126 5
113 132 31
113 133 43
113 135 55
113 139 93
113 140 8
113 147 42
113 148 54
113 149 59
114 116 59
114 117 45
114 119 56
114 120 62
114 122 63
114 126 34
114 130 26
114 132 25
114 136 6
114 137 67
114 139 50
114 140 92
114 141 77
114 142 4
114 145 41
114 146 36
114 148 72
115 116 63
115 122 30
115 125 12
115 127 5
115 128 7
115 129 9
115 130 96
115 132 40
115 133 51
115 134 27
115 135 89
115 137 69
115 141 44
115 143 93
115 145 55
115 148 66
116 117 68
116 119 88
116 120 46
116 122 1
116 123 54
116 127 50
116 128 8
116 130 55
116 132 68
116 134 64
116 135 98
116 137 15
116 140 30
116 141 39
116 148 97
116 149 43
117 118 52
117 122 25
117 125 41
117 126 43
117 127 1
117 128 62
117 129 51
117 138 51
117 140 37
117 142 17
117 144 80
117 145 57
117 147 56
117 149 71
117 150 34
118 119 68
118 122 2
118 126 21
118 128 76
118 130 71
118 133 84
118 137 52
118 138 67
118 144 89
118 145 93
118 146 13
118 150 59
119 125 49
119 128 57
119 129 85
119 131 90
119 134 61
119 137 91
119 138 90
119 139 42
119 142 64
119 143 89
119 145 26
119 146 16
119 148 71
120 121 5
120 122 35
120 124 58
120 131 87
120 137 38
120 140 67
120 150 86
121 124 40
121 125 66
121 127 63
121 128 48
121 133 54
121 134 57
121 137 17
121 142 43
121 147 84
121 148 37
122 127 38
122 129 21
122 130 39
122 131 28
122 135 28
122 136 95
122 137 8
122 138 54
122 139 68
122 140 10
122 142 18
122 144 63
122 145 92
122 146 78
122 147 34
123 124 87
123 133 91
123 135 49
123 137 97
123 138 14
123 140 33
123 141 86
123 144 28
124 125 9
124 127 33
124 128 68
124 130 68
124 132 3
124 134 88
124 136 52
124 139 27
124 142 20
124 145 85
124 147 2
124 149 50
124 150 34
125 126 66
125 128 60
125 129 24
125 130 83
125 132 91
125 136 46
125 138 82
125 142 35
125 143 96
125 144 88
125 145 63
125 146 20
125 147 88
125 148 82
125 149 16
126 135 66
126 137 8
126 141 58
126 143 66
126 145 47
126 147 2
126 149 67
127 129 83
127 130 88
127 132 43
127 139 92
127 140 17
128 131 2
128 132 83
128 133 52
128 134 31
128 137 44
128 140 43
128 145 53
128 146 87
128 147 18
128 148 19
128 149 1
129 131 77
129 132 79
129 135 7
129 139 64
129 144 15
129 145 39
129 147 25
129 149 63
130 132 57
130 135 30
130 138 56
130 140 90
130 141 15
130 143 51
130 145 50
130 147 4
130 148 73
131 132 73
131 136 59
131 137 65
131 138 3
131 139 52
131 141 32
131 143 61
131 146 19
132 134 40
132 137 61
132 143 70
132 149 96
133 136 75
133 137 32
133 141 26
133 142 33
133 150 51
134 135 59
134 136 56
134 138 5
134 143 49
134 145 4
134 148 19
135 139 89
135 142 24
135 143 39
135 144 4
135 145 86
135 147 89
135 148 75
136 137 13
136 141 65
136 142 55
136 143 50
136 144 80
136 146 3
136 148 40
137 138 95
137 139 67
137 148 67
137 150 6
138 141 62
138 144 41
138 147 37
139 141 97
139 142 55
139 143 67
139 145 80
139 150 45
140 142 37
140 144 17
140 145 89
140 146 70
140 148 13
140 150 64
141 145 64
142 144 86
142 145 3
142 146 94
142 147 57
142 148 6
143 147 37
143 148 80
143 149 62
143 150 59
144 146 54
144 147 30
145 146 32
145 147 28
146 147 72
147 150 3
149 150 93
1 2 23
1 6 100
1 7 81
1 8 12
1 10 49
1 11 2
1 12 26
1 15 39
1 16 30
1 17 42
1 23 93
1 26 43
1 27 47
1 28 37
1 29 1
1 30 43
1 31 67
1 33 92
1 35 68
1 36 59
1 38 24
1 42 36
1 43 65
1 44 21
1 46 72
1 47 95
1 48 69
1 50 54
1 54 57
1 59 44
1 62 58
1 64 60
1 65 72
1 71 29
1 75 55
1 81 85
1 84 20
1 85 94
1 87 6
1 88 91
1 92 8
1 94 40
1 95 75
1 96 49
1 98 31
1 102 52
1 103 27
1 104 46
1 109 77
1 110 32
1 113 59
1 114 46
1 118 40
1 122 2
1 130 39
1 133 36
1 135 28
1 136 24
1 140 39
1 141 69
1 142 75
1 143 48
1 144 55
1 145 52
1 149 75
1 150 35
2 5 36
2 8 63
2 9 15
2 10 69
2 23 60
2 24 9
2 26 19
2 27 52
2 31 15
2 38 61
2 40 50
2 42 3
2 46 9
2 50 59
2 52 96
2 53 12
2 54 67
2 55 50
2 57 87
2 58 10
2 59 2
2 62 95
2 65 61
2 66 10
2 68 34
2 81 15
2 83 92
2 86 56
2 88 17
2 89 39
2 90 68
2 92 42
2 94 96
2 95 45
2 96 75
2 99 100
2 100 16
2 104 34
2 107 80
2 109 100
2 110 8
2 112 6
2 114 7
2 117 2
2 118 9
2 126 34
2 128 84
2 130 65
2 131 38
2 133 88
2 140 6
2 141 95
2 142 38
2 144 31
2 145 57
2 146 15
2 147 68
3 4 7
3 5 1
3 8 76
3 10 19
3 12 60
3 13 77
3 14 17
3 15 22
3 16 94
3 17 61
3 18 63
3 19 18
3 20 9
3 23 77
3 24 97
3 27 91
3 28 82
3 33 93
3 34 74
3 35 36
3 36 87
3 39 82
3 41 53
3 42 15
3 47 64
3 48 57
3 52 61
3 53 32
3 55 10
3 57 64
3 58 24
3 62 84
3 64 70
3 66 76
3 68 87
3 70 30
3 71 61
3 72 95
3 75 24
3 77 3
3 78 2
3 80 42
3 82 30
3 87 47
3 90 74
3 93 52
3 95 21
3 96 91
3 104 69
3 106 6
3 109 10
3 110 15
3 111 16
3 113 90
3 114 13
3 117 89
3 120 93
3 121 34
3 122 60
3 123 86
3 129 72
3 135 65
3 139 88
3 140 73
3 141 90
3 142 49
3 143 81
3 146 93
3 147 32
3 148 70
4 5 60
4 6 34
4 8 89
4 9 54
4 11 86
4 12 38
4 14 16
4 15 8
4 20 71
4 22 22
4 23 54
4 24 36
4 27 92
4 31 86
4 33 43
4 38 77
4 41 13
4 49 6
4 53 61
4 54 88
4 55 79
4 60 96
4 61 47
4 62 76
4 66 100
4 67 47
4 81 89
4 82 32
4 88 73
4 89 10
4 94 50
4 96 65
4 101 57
4 102 65
4 111 4
4 116 42
4 126 53
4 128 74
4 134 71
4 136 39
4 138 2
4 139 62
4 142 56
4 144 39
4 145 83
4 146 70
4 149 100
4 150 49
5 6 33
5 7 70
5 8 36
5 9 73
5 17 68
5 19 64
5 21 7
5 29 78
5 34 10
5 36 54
5 38 60
5 39 43
5 41 46
5 43 59
5 47 100
5 50 45
5 51 56
5 53 69
5 54 18
5 57 49
5 58 62
5 64 13
5 65 45
5 67 7
5 70 94
5 73 64
5 75 2
5 76 89
5 77 28
5 79 24
5 81 63
5 82 32
5 83 21
5 87 84
5 90 24
5 95 46
5 97 32
5 100 76
5 104 34
5 105 74
5 111 82
5 112 19
5 115 82
5 116 78
5 122 3
5 123 81
5 126 71
5 127 34
5 129 87
5 132 39
5 134 19
5 136 5
5 141 52
5 144 2
5 145 85
5 149 15
6 7 39
6 13 40
6 15 57
6 17 13
6 19 11
6 20 69
6 23 1
6 30 36
6 35 73
6 36 88
6 38 65
6 43 12
6 45 22
6 47 94
6 48 95
6 49 36
6 51 95
6 53 32
6 54 66
6 58 4
6 64 94
6 75 91
6 76 83
6 77 76
6 79 83
6 81 94
6 82 35
6 84 62
6 85 64
6 89 23
6 92 18
6 93 9
6 94 57
6 95 1
6 96 54
6 98 68
6 99 94
6 101 39
6 102 38
6 110 3
6 111 44
6 113 51
6 116 16
6 118 76
6 124 81
6 126 10
6 127 80
6 129 54
6 132 68
6 133 57
6 134 71
6 135 42
6 138 30
6 142 66
6 143 32
6 145 88
6 147 40
6 148 98
7 12 51
7 13 99
7 14 70
7 16 87
7 18 43
7 19 61
7 20 20
7 21 34
7 23 76
7 24 51
7 26 48
7 27 28
7 30 29
7 31 98
7 32 12
7 34 83
7 37 84
7 39 25
7 40 61
7 41 29
7 42 50
7 43 38
7 44 87
7 46 22
7 47 20
7 48 97
7 52 81
7 53 18
7 56 86
7 59 87
7 61 88
7 62 47
7 63 97
7 68 74
7 70 5
7 73 92
7 75 95
7 76 20
7 78 4
7 79 43
7 81 72
7 82 26
7 91 89
7 100 69
7 101 33
7 103 10
7 104 37
7 106 91
7 110 6
7 117 76
7 118 63
7 119 84
7 121 30
7 122 42
7 127 8
7 131 88
7 132 51
7 134 13
7 139 88
7 144 6
7 145 81
7 146 23
7 147 43
7 148 44
8 10 51
8 15 26
8 17 26
8 20 76
8 21 5
8 25 80
8 26 46
8 30 6
8 31 71
8 37 4
8 39 18
8 40 88
8 42 36
8 45 41
8 51 36
8 55 2
8 58 57
8 59 24
8 60 4
8 63 14
8 64 39
8 65 29
8 73 65
8 74 38
8 75 4
8 79 100
8 83 99
8 88 82
8 91 68
8 92 48
8 102 48
8 105 50
8 109 61
8 110 77
8 114 34
8 116 68
8 118 83
8 122 13
8 127 42
8 129 8
8 131 44
8 134 37
8 137 95
8 138 54
8 144 28
8 150 36
9 10 85
9 16 74
9 18 71
9 19 49
9 21 13
9 24 10
9 26 92
9 29 85
9 30 48
9 39 56
9 41 62
9 48 13
9 49 39
9 51 79
9 52 22
9 56 61
9 58 55
9 59 84
9 63 55
9 64 92
9 71 72
9 77 21
9 80 42
9 83 98
9 84 31
9 88 98
9 89 8
9 91 44
9 92 12
9 94 91
9 96 22
9 98 59
9 99 97
9 100 10
9 105 70
9 106 13
9 108 76
9 112 37
9 116 63
9 117 43
9 119 34
9 121 86
9 126 85
9 128 32
9 131 95
9 132 66
9 134 96
9 139 9
9 142 56
9 144 85
9 145 92
10 16 74
10 18 61
10 21 92
10 25 9
10 27 94
10 29 70
10 32 65
10 33 44
10 45 36
10 46 58
10 50 62
10 53 60
10 62 16
10 63 85
10 65 61
10 67 4
10 68 11
10 70 89
10 73 76
10 75 24
10 76 79
10 79 11
10 80 59
10 81 10
10 83 85
10 84 15
10 90 61
10 93 62
10 96 95
10 97 72
10 98 71
10 103 45
10 107 30
10 109 21
10 110 98
10 111 39
10 118 64
10 120 41
10 121 26
10 124 22
10 125 78
10 126 70
10 128 12
10 131 4
10 132 60
10 133 68
10 139 96
10 144 69
10 146 4
10 147 66
10 148 23
10 150 1
11 15 54
11 17 2
11 18 56
11 20 26
11 22 57
11 23 69
11 24 37
11 27 23
11 33 62
11 35 92
11 36 41
11 37 64
11 39 45
11 41 54
11 50 56
11 53 37
11 54 77
11 58 36
11 60 82
11 64 94
11 66 54
11 69 9
11 77 22
11 80 2
11 83 23
11 85 86
11 87 42
11 90 37
11 92 66
11 94 90
11 96 97
11 100 34
11 101 48
11 106 1
11 108 65
11 112 74
11 120 72
11 122 50
11 123 55
11 124 1
11 130 22
11 131 80
11 133 98
11 134 95
11 137 44
11 138 95
11 140 36
11 146 29
11 149 19
11 150 9
12 15 53
12 16 95
12 23 58
12 25 2
12 26 17
12 28 96
12 30 56
12 31 78
12 35 66
12 36 99
12 39 46
12 43 32
12 44 5
12 50 98
12 52 94
12 53 84
12 55 57
12 60 46
12 64 16
12 65 27
12 67 97
12 68 59
12 70 5
12 78 42
12 84 96
12 85 43
12 90 18
12 92 36
12 96 65
12 98 53
12 99 100
12 100 91
12 105 100
12 106 11
12 109 95
12 113 68
12 114 55
12 117 24
12 119 14
12 123 95
12 124 23
12 130 15
12 133 53
12 135 64
12 137 38
12 138 30
12 139 3
12 141 34
12 146 76
12 150 49
13 15 16
13 20 47
13 21 8
13 22 95
13 23 82
13 24 94
13 34 16
13 36 39
13 37 1
13 39 30
13 43 70
13 44 58
13 51 100
13 53 69
13 57 47
13 58 93
13 62 59
13 63 81
13 66 87
13 67 58
13 75 32
13 77 73
13 80 84
13 82 14
13 85 99
13 86 91
13 89 94
13 93 33
13 95 22
13 96 27
13 100 68
13 101 77
13 103 47
13 107 82
13 109 90
13 113 71
13 116 24
13 118 27
13 119 98
13 120 93
13 121 24
13 124 62
13 126 13
13 131 44
13 134 38
13 135 80
13 136 35
13 143 45
13 144 90
14 16 16
14 17 13
14 19 98
14 20 85
14 23 51
14 26 14
14 30 90
14 31 10
14 32 74
14 36 51
14 37 92
14 38 6
14 39 55
14 40 7
14 44 10
14 45 4
14 47 77
14 48 6
14 51 73
14 53 73
14 56 5
14 57 79
14 58 58
14 59 71
14 60 8
14 62 88
14 63 77
14 64 10
14 66 71
14 70 83
14 71 12
14 72 83
14 73 48
14 74 49
14 78 45
14 80 68
14 86 88
14 91 40
14 95 81
14 96 77
14 98 7
14 100 23
14 101 46
14 103 85
14 110 84
14 112 81
14 113 72
14 114 85
14 115 40
14 116 29
14 118 49
14 123 18
14 124 49
14 129 20
14 131 45
14 136 27
14 138 4
14 144 74
14 147 16
14 149 2
14 150 95
15 22 70
15 25 86
15 26 65
15 29 17
15 30 34
15 35 41
15 38 43
15 42 15
15 43 63
15 51 53
15 52 40
15 58 7
15 61 47
15 63 68
15 65 13
15 66 96
15 69 55
15 70 99
15 72 88
15 74 44
15 77 51
15 78 3
15 85 13
15 88 92
15 91 21
15 93 92
15 94 90
15 97 67
15 103 90
15 106 26
15 107 75
15 108 46
15 109 5
15 112 61
15 115 87
15 116 27
15 120 81
15 123 53
15 126 99
15 128 69
15 133 2
15 136 13
15 141 89
15 143 5
15 146 13
15 148 28
15 149 66
15 150 56
16 17 29
16 22 28
16 24 62
16 25 49
16 28 3
16 29 11
16 32 1
16 37 9
16 38 50
16 44 48
16 45 100
16 46 2
16 47 23
16 48 55
16 50 86
16 55 2
16 60 23
16 61 33
16 65 87
16 67 97
16 69 28
16 70 50
16 71 80
16 73 27
16 74 28
16 75 15
16 81 70
16 88 99
16 89 77
16 90 67
16 93 47
16 100 39
16 101 44
16 103 15
16 104 57
16 106 100
16 107 3
16 111 18
16 112 95
16 114 75
16 117 2
16 118 80
16 119 30
16 121 30
16 123 97
16 124 67
16 125 34
16 126 44
16 127 29
16 128 24
16 129 43
16 131 64
16 132 10
16 136 38
16 137 29
16 139 87
16 141 90
16 142 34
16 145 100
16 146 58
16 150 45
17 18 80
17 20 58
17 21 90
17 24 86
17 31 93
17 32 80
17 36 17
17 37 75
17 38 8
17 42 11
17 44 9
17 45 96
17 48 92
17 54 91
17 55 31
17 58 75
17 61 78
17 65 27
17 67 78
17 68 31
17 70 5
17 71 65
17 75 90
17 77 21
17 79 39
17 87 70
17 88 46
17 89 26
17 94 88
17 95 20
17 99 15
17 102 14
17 103 8
17 109 81
17 111 49
17 113 44
17 114 91
17 115 7
17 117 73
17 120 63
17 122 12
17 124 45
17 126 48
17 128 77
17 131 20
17 134 34
17 137 1
17 140 42
17 150 2
18 19 9
18 21 43
18 22 74
18 23 74
18 24 2
18 27 11
18 28 13
18 29 12
18 30 36
18 33 46
18 34 63
18 35 20
18 36 63
18 37 12
18 38 70
18 39 22
18 40 83
18 44 32
18 45 40
18 46 14
18 47 88
18 48 74
18 50 52
18 51 62
18 53 14
18 55 86
18 64 37
18 65 40
18 67 61
18 72 51
18 73 38
18 74 81
18 78 48
18 92 45
18 93 57
18 95 68
18 98 58
18 99 64
18 102 22
18 104 67
18 105 47
18 108 14
18 109 39
18 110 4
18 112 7
18 114 69
18 116 95
18 119 99
18 120 29
18 122 5
18 132 50
18 134 100
18 135 48
18 136 59
18 137 60
18 142 85
18 143 67
19 21 90
19 27 14
19 30 64
19 34 69
19 35 68
19 37 91
19 41 4
19 44 97
19 47 51
19 48 54
19 50 90
19 51 30
19 54 78
19 57 100
19 60 70
19 67 59
19 68 24
19 71 8
19 74 86
19 80 27
19 81 51
19 84 76
19 86 22
19 88 6
19 91 55
19 93 21
19 95 3
19 97 37
19 106 37
19 107 29
19 108 11
19 109 31
19 118 17
19 119 88
19 120 58
19 123 46
19 124 76
19 126 42
19 128 8
19 131 53
19 134 72
19 135 65
19 136 55
19 140 84
19 142 13
19 144 77
19 146 26
19 148 55
19 149 11
20 24 13
20 26 7
20 28 36
20 30 73
20 34 70
20 35 84
20 37 12
20 38 69
20 39 17
20 42 95
20 45 15
20 46 80
20 48 4
20 49 76
20 51 19
20 53 48
20 55 22
20 56 65
20 59 91
20 60 97
20 66 73
20 67 67
20 68 22
20 73 40
20 77 22
20 80 21
20 82 98
20 83 83
20 85 2
20 86 27
20 88 43
20 90 37
20 91 32
20 92 11
20 94 90
20 98 25
20 99 22
20 100 63
20 101 20
20 109 90
20 111 82
20 112 98
20 113 34
20 114 66
20 116 56
20 117 92
20 122 78
20 126 33
20 128 23
20 129 30
20 130 3
20 133 36
20 136 27
20 140 14
20 141 26
20 142 84
20 145 55
20 148 57
20 150 29
21 23 94
21 25 63
21 28 15
21 33 22
21 34 29
21 35 94
21 37 82
21 38 96
21 41 9
21 43 7
21 44 52
21 46 41
21 51 5
21 54 10
21 55 71
21 56 54
21 57 85
21 58 12
21 61 68
21 65 88
21 69 75
21 70 81
21 73 14
21 75 71
21 76 50
21 78 23
21 80 6
21 81 33
21 82 11
21 84 2
21 86 97
21 87 91
21 88 5
21 89 96
21 92 97
21 93 35
21 95 28
21 96 34
21 97 85
21 98 7
21 101 33
21 102 27
21 103 91
21 104 80
21 107 24
21 109 34
21 115 98
21 120 6
21 122 94
21 124 67
21 125 74
21 126 5
21 128 53
21 131 90
21 133 81
21 135 85
21 136 96
21 137 67
21 138 55
21 139 3
21 141 15
21 142 14
21 145 86
21 146 46
21 150 14
22 23 67
22 26 64
22 28 71
22 29 36
22 30 42
22 31 46
22 33 16
22 34 63
22 35 17
22 36 34
22 37 67
22 39 65
22 41 97
22 42 65
22 50 25
22 51 10
22 52 91
22 53 56
22 56 19
22 59 87
22 60 47
22 61 63
22 62 42
22 63 54
22 65 9
22 67 78
22 68 44
22 69 98
22 71 32
22 72 41
22 73 47
22 75 62
22 76 64
22 79 1
22 80 60
22 81 51
22 85 36
22 86 24
22 90 84
22 91 77
22 94 24
22 96 6
22 99 83
22 102 27
22 103 33
22 104 21
22 107 79
22 108 82
22 114 53
22 118 27
22 119 65
22 122 6
22 124 67
22 128 45
22 130 35
22 132 29
22 135 74
22 139 98
22 140 16
22 141 93
22 143 65
22 146 64
22 147 31
22 149 51
22 150 58
23 28 29
23 29 85
23 37 70
23 38 55
23 40 82
23 43 55
23 44 48
23 45 93
23 51 16
23 60 22
23 62 1
23 66 79
23 68 95
23 70 8
23 72 31
23 73 25
23 74 46
23 75 31
23 80 5
23 82 11
23 83 100
23 87 9
23 88 52
23 92 39
23 94 21
23 98 74
23 99 30
23 105 97
23 106 5
23 107 27
23 108 60
23 110 36
23 115 94
23 117 79
23 118 11
23 121 69
23 124 82
23 125 28
23 126 58
23 139 64
23 140 40
23 142 45
23 143 83
23 150 52
24 25 16
24 27 62
24 31 40
24 32 9
24 40 70
24 41 54
24 45 4
24 46 83
24 51 76
24 54 97
24 64 69
24 68 88
24 69 68
24 70 100
24 72 79
24 74 46
24 76 31
24 78 74
24 79 98
24 80 47
24 81 5
24 85 68
24 88 78
24 92 22
24 98 7
24 102 31
24 107 8
24 108 21
24 109 91
24 110 31
24 112 76
24 126 4
24 130 7
24 131 89
24 134 47
24 141 57
24 144 97
24 145 28
24 146 57
24 147 72
24 148 73
25 26 78
25 27 32
25 30 27
25 32 83
25 33 16
25 37 59
25 39 95
25 42 82
25 45 99
25 46 32
25 49 88
25 50 78
25 51 43
25 55 68
25 56 31
25 60 39
25 64 65
25 65 5
25 66 70
25 67 84
25 68 75
25 69 70
25 72 100
25 74 93
25 76 29
25 77 20
25 78 2
25 82 73
25 83 90
25 84 91
25 89 77
25 90 8
25 91 5
25 93 80
25 102 19
25 103 51
25 109 2
25 117 37
25 119 80
25 120 58
25 123 10
25 133 33
25 135 76
25 139 26
25 142 76
25 145 82
25 150 57
26 29 29
26 32 84
26 36 5
26 38 57
26 40 4
26 42 88
26 44 63
26 46 28
26 50 77
26 51 21
26 54 81
26 57 33
26 59 36
26 67 64
26 80 11
26 84 78
26 86 97
26 87 22
26 94 21
26 96 21
26 98 71
26 99 23
26 100 59
26 104 66
26 105 58
26 109 40
26 110 42
26 113 12
26 115 47
26 116 75
26 117 72
26 118 40
26 119 59
26 121 41
26 124 36
26 130 76
26 131 97
26 133 65
26 139 90
26 140 29
26 142 56
26 146 71
26 147 89
26 149 78
26 150 44
27 29 97
27 31 75
27 33 63
27 35 79
27 37 40
27 40 13
27 45 49
27 46 97
27 47 13
27 50 30
27 51 79
27 53 57
27 57 62
27 59 20
27 60 83
27 61 11
27 64 4
27 67 53
27 69 88
27 70 2
27 73 13
27 74 72
27 75 32
27 79 42
27 81 38
27 82 47
27 83 51
27 88 26
27 89 64
27 91 25
27 93 45
27 98 87
27 100 7
27 101 49
27 104 3
27 107 23
27 108 69
27 112 58
27 115 24
27 116 17
27 117 57
27 118 41
27 119 92
27 120 8
27 122 12
27 125 46
27 130 42
27 131 77
27 133 91
27 135 62
27 137 55
27 138 40
27 139 40
27 140 98
27 142 3
27 143 1
27 146 66
27 150 16
28 30 75
28 31 5
28 32 71
28 35 10
28 36 97
28 39 88
28 41 61
28 43 51
28 45 13
28 47 94
28 50 71
28 51 72
28 52 85
28 53 83
28 54 10
28 55 65
28 56 92
28 57 56
28 58 71
28 59 77
28 62 30
28 63 87
28 64 50
28 66 19
28 67 11
28 69 66
28 70 18
28 72 73
28 73 23
28 75 98
28 77 37
28 80 49
28 81 19
28 82 72
28 85 8
28 86 24
28 87 81
28 88 87
28 89 27
28 91 41
28 94 13
28 98 83
28 99 91
28 102 37
28 104 45
28 107 36
28 110 46
28 111 66
28 112 69
28 113 20
28 114 41
28 116 1
28 117 43
28 118 68
28 119 11
28 125 74
28 127 84
28 128 11
28 130 5
28 135 3
28 140 16
28 142 19
28 144 37
28 145 49
28 147 4
28 149 99
29 30 81
29 33 14
29 35 31
29 40 3
29 41 33
29 42 60
29 45 52
29 49 17
29 51 90
29 53 91
29 54 59
29 55 7
29 56 89
29 60 91
29 66 95
29 67 97
29 70 34
29 71 63
29 73 36
29 74 69
29 75 30
29 77 97
29 78 17
29 79 25
29 81 86
29 82 52
29 85 72
29 88 26
29 89 56
29 90 42
29 91 62
29 92 19
29 93 1
29 95 37
29 100 25
29 101 1
29 103 15
29 106 30
29 111 2
29 114 79
29 116 80
29 117 47
29 120 65
29 126 74
29 128 57
29 130 20
29 133 17
29 135 95
29 136 35
29 145 63
29 149 4
30 33 49
30 37 80
30 39 92
30 40 76
30 41 61
30 48 50
30 53 75
30 54 17
30 56 18
30 59 68
30 60 30
30 61 11
30 66 55
30 67 21
30 68 87
30 69 1
30 70 24
30 73 20
30 76 20
30 78 69
30 80 31
30 84 88
30 85 49
30 87 95
30 88 63
30 92 52
30 96 36
30 98 49
30 101 67
30 103 97
30 104 26
30 109 3
30 110 35
30 112 45
30 113 84
30 120 10
30 122 95
30 123 11
30 125 37
30 127 31
30 128 50
30 129 38
30 140 15
30 142 35
30 143 27
30 145 95
30 147 38
30 150 89
31 38 92
31 39 2
31 41 93
31 43 43
31 44 7
31 47 69
31 50 14
31 51 65
31 52 5
31 60 4
31 69 25
31 76 4
31 79 15
31 81 75
31 82 61
31 84 38
31 86 62
31 87 93
31 88 75
31 94 2
31 97 80
31 102 48
31 105 28
31 106 57
31 110 98
31 114 13
31 115 68
31 116 26
31 120 15
31 122 63
31 126 77
31 127 56
31 128 14
31 133 54
31 137 48
31 141 96
31 143 53
31 144 28
31 146 33
32 36 5
32 39 55
32 44 13
32 45 41
32 50 37
32 55 36
32 57 16
32 66 34
32 69 51
32 70 13
32 73 42
32 76 94
32 80 16
32 81 93
32 83 82
32 84 47
32 89 6
32 92 82
32 93 48
32 100 13
32 104 31
32 105 88
32 106 4
32 111 65
32 114 49
32 117 44
32 118 51
32 120 82
32 121 2
32 123 14
32 124 83
32 128 56
32 129 75
32 132 78
32 133 56
32 139 20
32 142 70
32 143 11
32 144 11
32 147 62
32 148 34
32 149 81
32 150 90
33 34 47
33 36 4
33 37 47
33 38 80
33 39 36
33 40 27
33 41 93
33 45 66
33 47 79
33 48 48
33 51 7
33 53 72
33 54 27
33 56 49
33 59 95
33 61 92
33 64 36
33 65 88
33 68 41
33 70 26
33 71 49
33 74 71
33 78 31
33 83 78
33 84 41
33 85 77
33 92 17
33 93 73
33 97 98
33 98 96
33 102 47
33 105 87
33 107 8
33 111 74
33 112 44
33 114 60
33 117 84
33 118 43
33 120 85
33 124 90
33 125 9
33 126 97
33 127 31
33 128 61
33 129 65
33 131 85
33 138 58
33 140 15
33 141 100
33 142 85
33 143 38
33 145 72
33 147 48
33 150 10
34 35 15
34 37 79
34 38 43
34 39 12
34 40 49
34 47 85
34 48 22
34 55 24
34 58 84
34 60 38
34 64 48
34 69 56
34 76 58
34 77 78
34 78 17
34 79 81
34 80 3
34 82 36
34 83 88
34 85 43
34 86 43
34 89 7
34 90 92
34 91 52
34 93 13
34 95 75
34 101 87
34 102 95
34 107 89
34 108 86
34 111 21
34 112 82
34 116 30
34 118 13
34 121 34
34 125 96
34 127 92
34 128 7
34 130 50
34 131 79
34 134 63
34 137 64
34 138 47
34 139 60
34 149 2
35 39 65
35 43 58
35 44 69
35 45 6
35 48 63
35 50 97
35 51 69
35 53 72
35 55 88
35 69 56
35 71 87
35 73 65
35 76 14
35 77 38
35 85 15
35 86 30
35 92 45
35 94 28
35 95 70
35 96 25
35 99 53
35 100 81
35 101 52
35 102 57
35 103 72
35 104 5
35 105 43
35 106 91
35 111 33
35 114 76
35 118 30
35 119 36
35 125 81
35 128 64
35 129 89
35 132 2
35 133 51
35 134 31
35 137 24
35 139 91
35 141 43
35 147 53
35 148 36
36 40 97
36 43 42
36 46 55
36 47 73
36 48 33
36 50 29
36 53 94
36 54 63
36 55 2
36 56 86
36 60 11
36 61 78
36 66 94
36 67 50
36 69 25
36 72 40
36 73 71
36 78 75
36 80 45
36 84 56
36 87 88
36 88 5
36 96 17
36 101 97
36 102 25
36 103 72
36 104 33
36 106 92
36 108 54
36 109 24
36 110 62
36 113 15
36 114 26
36 115 81
36 116 62
36 117 26
36 119 31
36 121 47
36 122 48
36 124 74
36 131 42
36 132 13
36 136 95
36 139 69
36 140 31
36 144 29
36 145 14
36 147 44
37 38 68
37 39 36
37 41 87
37 45 89
37 50 47
37 52 88
37 58 47
37 59 73
37 61 27
37 63 99
37 67 23
37 70 10
37 71 56
37 72 81
37 73 43
37 76 42
37 77 12
37 79 32
37 84 98
37 90 23
37 95 36
37 97 86
37 99 68
37 102 10
37 104 62
37 107 60
37 108 3
37 113 12
37 117 85
37 125 85
37 126 100
37 129 89
37 131 46
37 132 3
37 134 64
37 135 64
37 136 33
37 138 96
37 139 5
37 140 9
37 141 60
37 144 16
37 148 69
38 42 45
38 43 94
38 45 18
38 47 4
38 55 13
38 56 16
38 61 63
38 65 38
38 67 33
38 70 12
38 71 43
38 75 65
38 76 91
38 77 38
38 79 94
38 80 24
38 81 89
38 82 82
38 83 21
38 84 92
38 85 8
38 86 61
38 89 25
38 91 75
38 94 8
38 97 44
38 99 22
38 101 39
38 103 1
38 104 40
38 107 83
38 113 29
38 114 94
38 116 95
38 120 15
38 125 67
38 127 33
38 128 21
38 131 7
38 133 10
38 135 86
38 140 49
38 145 84
38 148 3
38 149 24
39 40 100
39 43 88
39 45 90
39 46 56
39 48 44
39 52 96
39 53 61
39 58 65
39 61 98
39 65 51
39 68 56
39 71 61
39 73 72
39 77 96
39 81 33
39 85 29
39 94 87
39 98 85
39 101 64
39 102 41
39 106 11
39 110 30
39 111 18
39 112 3
39 114 79
39 115 10
39 116 83
39 119 86
39 124 55
39 125 91
39 127 7
39 135 8
39 138 52
39 140 76
39 141 27
39 142 30
39 143 2
39 144 1
39 149 69
40 42 94
40 46 31
40 47 39
40 50 54
40 51 18
40 53 86
40 59 100
40 60 71
40 63 63
40 65 38
40 67 88
40 68 36
40 69 10
40 70 34
40 71 33
40 74 16
40 77 9
40 78 63
40 79 93
40 87 76
40 90 21
40 92 28
40 94 79
40 96 76
40 97 88
40 98 9
40 99 42
40 106 83
40 109 64
40 111 46
40 114 59
40 116 63
40 119 50
40 121 73
40 124 55
40 128 9
40 130 10
40 132 2
40 135 49
40 136 34
40 137 33
40 143 56
40 144 7
40 150 22
41 45 61
41 48 71
41 52 8
41 53 63
41 54 73
41 58 11
41 60 83
41 61 70
41 62 97
41 64 23
41 70 22
41 72 25
41 75 100
41 77 87
41 78 4
41 81 70
41 83 3
41 86 21
41 88 95
41 90 18
41 92 46
41 94 16
41 96 35
41 98 76
41 99 63
41 101 19
41 102 55
41 103 94
41 104 26
41 105 28
41 108 98
41 110 85
41 114 1
41 118 37
41 120 91
41 121 88
41 124 42
41 126 5
41 127 87
41 128 48
41 134 99
41 136 58
41 137 20
41 138 42
41 140 14
41 143 18
41 145 80
41 146 83
41 147 63
42 44 51
42 49 70
42 50 93
42 53 47
42 56 97
42 59 77
42 63 73
42 64 100
42 67 37
42 69 96
42 71 11
42 72 32
42 73 41
42 76 91
42 77 16
42 80 19
42 85 79
42 87 99
42 88 31
42 89 40
42 91 99
42 94 28
42 96 90
42 98 10
42 100 12
42 103 58
42 105 79
42 108 48
42 111 25
42 116 16
42 119 94
42 122 22
42 124 31
42 127 48
42 128 54
42 131 9
42 132 64
42 133 67
42 137 31
42 140 90
42 141 56
42 146 58
42 148 45
43 44 43
43 45 67
43 46 63
43 48 32
43 49 72
43 52 80
43 53 19
43 54 11
43 56 12
43 60 46
43 61 33
43 66 84
43 67 2
43 68 33
43 73 97
43 75 40
43 76 57
43 77 65
43 78 59
43 80 7
43 82 70
43 85 41
43 86 57
43 87 22
43 90 58
43 91 71
43 92 92
43 95 89
43 97 40
43 101 48
43 104 71
43 106 66
43 107 32
43 108 84
43 109 47
43 113 85
43 115 87
43 116 35
43 119 23
43 120 42
43 121 54
43 122 20
43 123 30
43 128 67
43 129 29
43 132 95
43 136 45
43 142 43
43 146 89
43 148 9
43 149 78
43 150 17
44 45 50
44 49 11
44 50 64
44 52 21
44 54 27
44 55 57
44 57 90
44 58 95
44 59 26
44 63 85
44 65 99
44 71 14
44 74 5
44 76 79
44 77 62
44 78 62
44 80 48
44 81 67
44 82 10
44 87 26
44 89 26
44 92 21
44 93 67
44 94 88
44 95 82
44 99 5
44 100 51
44 102 45
44 107 7
44 108 81
44 117 64
44 118 38
44 119 92
44 121 7
44 124 85
44 125 6
44 127 7
44 128 2
44 131 83
44 134 43
44 136 43
44 138 56
44 142 17
44 143 67
44 144 48
44 146 35
44 147 76
44 149 3
45 47 69
45 51 82
45 52 88
45 53 45
45 55 73
45 56 41
45 57 37
45 59 33
45 68 5
45 69 2
45 71 97
45 72 84
45 73 73
45 77 17
45 85 12
45 87 40
45 90 98
45 99 67
45 101 82
45 102 96
45 105 7
45 107 81
45 108 98
45 110 6
45 111 93
45 112 4
45 113 52
45 115 31
45 117 7
45 118 51
45 120 62
45 125 3
45 129 17
45 130 79
45 131 87
45 132 78
45 134 15
45 138 30
45 141 73
45 142 87
45 143 54
45 144 73
45 146 77
45 148 87
45 149 15
45 150 31
46 52 93
46 54 10
46 58 77
46 61 10
46 62 52
46 63 89
46 67 2
46 71 34
46 72 8
46 73 53
46 77 63
46 83 76
46 86 89
46 87 25
46 90 8
46 93 16
46 96 98
46 97 21
46 101 43
46 103 60
46 107 39
46 114 88
46 118 31
46 123 89
46 125 79
46 129 75
46 132 1
46 134 54
46 138 13
46 140 90
46 144 82
46 146 18
46 147 99
47 48 11
47 51 75
47 54 100
47 57 29
47 62 22
47 63 47
47 65 85
47 69 5
47 72 79
47 74 85
47 76 31
47 83 79
47 92 19
47 93 99
47 94 73
47 99 4
47 103 94
47 107 46
47 108 38
47 110 63
47 114 96
47 115 74
47 117 74
47 120 2
47 121 90
47 123 67
47 125 57
47 126 78
47 128 75
47 136 61
47 140 7
47 141 36
47 142 9
47 145 30
47 146 3
47 147 24
48 49 87
48 51 84
48 54 9
48 55 12
48 59 23
48 61 76
48 66 62
48 67 28
48 71 30
48 73 45
48 74 95
48 75 52
48 77 54
48 79 3
48 82 83
48 84 92
48 87 12
48 91 79
48 93 74
48 96 38
48 98 14
48 102 71
48 111 18
48 112 78
48 114 5
48 117 35
48 118 9
48 120 83
48 123 63
48 126 61
48 128 64
48 131 89
48 132 26
48 134 17
48 136 28
48 138 27
48 139 1
48 146 37
48 148 87
48 150 42
49 50 95
49 51 19
49 53 69
49 54 74
49 55 3
49 57 52
49 62 23
49 63 86
49 64 30
49 65 59
49 68 59
49 70 74
49 72 72
49 73 84
49 74 49
49 75 43
49 76 87
49 77 50
49 84 61
49 85 30
49 87 91
49 91 35
49 92 73
49 96 73
49 97 28
49 99 81
49 104 82
49 105 70
49 109 85
49 110 92
49 111 16
49 112 67
49 115 52
49 116 19
49 117 28
49 122 14
49 124 5
49 129 22
49 135 6
49 138 34
49 142 100
49 150 80
50 51 98
50 53 30
50 54 31
50 57 65
50 58 34
50 61 67
50 63 78
50 64 7
50 65 49
50 67 23
50 70 35
50 71 18
50 76 85
50 77 4
50 80 57
50 81 78
50 83 75
50 85 49
50 87 43
50 90 30
50 91 91
50 95 14
50 96 17
50 97 1
50 98 36
50 99 68
50 102 41
50 104 46
50 105 73
50 106 74
50 108 29
50 109 28
50 110 25
50 113 79
50 116 98
50 117 30
50 118 89
50 120 81
50 122 74
50 124 51
50 129 28
50 132 52
50 133 7
50 139 69
50 140 74
50 141 73
50 144 86
50 145 48
51 55 25
51 56 95
51 57 45
51 60 5
51 61 81
51 64 25
51 65 86
51 66 72
51 67 100
51 69 70
51 70 19
51 75 41
51 81 65
51 83 38
51 86 63
51 87 29
51 92 83
51 95 41
51 96 86
51 97 70
51 98 94
51 101 19
51 103 86
51 105 14
51 107 22
51 108 51
51 110 32
51 114 92
51 116 17
51 117 49
51 121 6
51 122 15
51 124 6
51 125 5
51 126 80
51 128 82
51 129 65
51 136 60
51 137 47
51 140 1
51 141 53
51 144 5
52 54 53
52 57 12
52 58 27
52 59 82
52 61 22
52 65 12
52 70 31
52 71 86
52 72 89
52 75 18
52 77 94
52 78 48
52 79 26
52 81 34
52 92 51
52 94 99
52 95 62
52 96 93
52 99 53
52 101 66
52 102 35
52 105 8
52 107 78
52 110 5
52 111 38
52 112 69
52 116 57
52 118 70
52 119 81
52 120 74
52 123 58
52 124 9
52 126 25
52 133 41
52 137 16
52 140 100
52 143 47
52 145 55
52 149 66
53 57 73
53 59 65
53 60 10
53 61 44
53 62 9
53 64 37
53 65 2
53 74 85
53 75 23
53 78 31
53 79 15
53 81 26
53 84 21
53 85 73
53 87 22
53 90 82
53 91 26
53 99 69
53 100 14
53 101 70
53 103 42
53 104 86
53 109 55
53 114 13
53 115 43
53 121 21
53 122 64
53 123 76
53 124 70
53 125 60
53 129 41
53 131 40
53 134 73
53 137 79
53 139 66
53 144 59
53 150 11
54 55 51
54 58 8
54 63 54
54 64 27
54 67 61
54 73 61
54 74 94
54 78 1
54 82 47
54 85 11
54 86 74
54 87 63
54 93 88
54 95 29
54 96 14
54 110 34
54 112 39
54 114 81
54 115 5
54 118 12
54 123 3
54 125 58
54 126 58
54 133 59
54 135 13
54 137 94
54 138 24
54 139 41
54 142 44
54 145 50
54 149 21
54 150 21
55 57 38
55 59 33
55 65 37
55 67 96
55 72 78
55 75 10
55 77 70
55 78 29
55 81 88
55 82 57
55 83 93
55 87 83
55 91 33
55 94 64
55 95 10
55 98 51
55 101 73
55 102 33
55 104 33
55 105 74
55 108 35
55 113 16
55 115 81
55 117 80
55 118 92
55 120 53
55 121 70
55 123 30
55 130 83
55 133 50
55 136 87
55 146 60
55 149 33
55 150 65
56 57 22
56 59 67
56 60 65
56 61 94
56 62 97
56 66 78
56 67 27
56 69 41
56 73 39
56 75 65
56 77 62
56 78 95
56 79 56
56 80 52
56 83 66
56 84 40
56 91 42
56 97 39
56 98 38
56 100 6
56 101 18
56 103 62
56 104 73
56 111 93
56 112 48
56 114 46
56 118 5
56 119 61
56 121 39
56 124 55
56 126 86
56 127 10
56 129 40
56 132 59
56 133 98
56 135 39
56 138 100
56 139 85
56 140 77
56 144 66
56 145 16
56 148 24
56 149 11
56 150 94
57 61 13
57 63 14
57 64 38
57 65 63
57 70 21
57 72 51
57 73 67
57 74 27
57 77 82
57 80 23
57 83 92
57 85 99
57 87 70
57 88 34
57 91 41
57 97 92
57 100 47
57 101 97
57 102 64
57 106 94
57 108 54
57 110 73
57 112 9
57 116 86
57 118 49
57 120 17
57 121 99
57 122 55
57 123 4
57 130 3
57 132 33
57 134 39
57 135 47
57 136 57
57 139 74
57 141 42
57 143 65
57 146 40
58 59 76
58 60 100
58 61 94
58 65 13
58 68 52
58 70 77
58 72 55
58 73 45
58 74 61
58 75 80
58 77 89
58 79 36
58 85 34
58 87 92
58 92 84
58 97 38
58 105 96
58 106 84
58 107 32
58 110 37
58 111 4
58 112 43
58 115 46
58 116 42
58 117 57
58 123 87
58 124 48
58 128 83
58 130 27
58 133 23
58 136 90
58 142 23
58 144 93
58 145 47
58 146 11
59 63 19
59 68 26
59 70 32
59 81 11
59 83 2
59 87 79
59 88 38
59 89 99
59 90 15
59 91 73
59 95 22
59 96 91
59 97 9
59 99 74
59 100 100
59 105 10
59 108 83
59 109 76
59 110 23
59 111 45
59 112 89
59 113 58
59 115 72
59 123 81
59 126 18
59 129 37
59 132 56
59 133 2
59 137 27
59 140 36
59 143 47
59 149 4
60 63 61
60 64 77
60 66 95
60 68 88
60 70 84
60 73 57
60 77 1
60 79 51
60 80 26
60 83 34
60 84 16
60 85 2
60 86 82
60 87 23
60 91 19
60 93 27
60 101 5
60 102 41
60 106 62
60 110 95
60 111 12
60 115 74
60 120 7
60 121 3
60 123 43
60 125 78
60 126 48
60 131 17
60 132 84
60 133 38
60 137 46
60 138 63
60 140 77
60 141 8
60 143 84
61 65 34
61 67 77
61 68 56
61 70 56
61 72 7
61 73 89
61 76 83
61 77 42
61 78 99
61 79 49
61 88 71
61 89 58
61 90 79
61 91 61
61 93 59
61 99 50
61 101 49
61 104 17
61 105 6
61 109 27
61 114 88
61 117 68
61 122 7
61 124 96
61 125 19
61 126 75
61 129 66
61 130 71
61 132 12
61 134 34
61 135 99
61 136 80
61 137 24
61 142 32
61 145 82
62 63 25
62 70 49
62 71 78
62 72 11
62 75 1
62 76 10
62 78 15
62 81 15
62 84 21
62 85 74
62 86 63
62 88 71
62 93 47
62 96 64
62 98 72
62 99 83
62 101 54
62 102 39
62 103 85
62 107 82
62 108 8
62 110 37
62 113 54
62 114 66
62 118 77
62 119 86
62 121 29
62 122 61
62 125 45
62 128 91
62 132 92
62 133 47
62 135 93
62 136 2
62 137 5
62 139 32
62 140 60
62 142 60
62 146 99
62 147 92
62 149 40
62 150 56
63 65 51
63 67 51
63 68 36
63 71 71
63 72 19
63 73 33
63 74 86
63 75 22
63 78 46
63 83 67
63 85 96
63 87 65
63 90 44
63 92 16
63 99 40
63 105 69
63 108 32
63 117 21
63 120 77
63 121 35
63 125 79
63 126 57
63 127 44
63 128 16
63 130 90
63 131 44
63 135 91
63 136 89
63 137 18
63 138 56
63 140 52
63 143 88
63 144 58
63 149 98
64 66 3
64 68 60
64 70 57
64 73 2
64 78 5
64 79 83
64 82 7
64 85 36
64 87 88
64 89 18
64 90 92
64 94 13
64 98 51
64 99 85
64 106 27
64 107 66
64 112 50
64 115 93
64 118 27
64 124 38
64 130 47
64 131 26
64 135 37
64 138 85
64 140 69
64 144 82
64 145 100
64 149 56
65 66 49
65 72 56
65 75 37
65 76 17
65 78 94
65 79 34
65 84 69
65 86 81
65 88 48
65 91 39
65 92 63
65 94 63
65 95 29
65 102 46
65 103 59
65 106 25
65 107 68
65 108 26
65 109 45
65 112 74
65 114 1
65 115 83
65 119 25
65 120 16
65 124 35
65 127 33
65 129 78
65 135 96
65 137 30
65 139 88
65 140 83
65 143 92
65 145 37
66 67 83
66 69 87
66 70 77
66 72 18
66 74 60
66 75 50
66 76 54
66 79 50
66 83 47
66 86 96
66 87 92
66 89 86
66 90 21
66 98 97
66 100 39
66 103 99
66 107 56
66 108 65
66 110 55
66 112 18
66 118 94
66 119 25
66 120 81
66 121 22
66 125 63
66 126 31
66 128 23
66 129 18
66 130 10
66 135 53
66 138 21
66 140 48
66 142 33
66 143 42
66 144 99
66 147 60
66 149 99
66 150 47
67 68 50
67 71 10
67 74 46
67 75 96
67 77 95
67 78 27
67 80 42
67 82 2
67 85 49
67 87 20
67 89 16
67 92 84
67 94 3
67 95 49
67 99 5
67 100 95
67 105 95
67 107 43
67 111 63
67 113 80
67 114 54
67 116 15
67 117 56
67 119 75
67 120 53
67 123 79
67 129 46
67 132 28
67 135 4
67 137 82
67 139 98
67 141 84
67 143 65
67 146 87
67 148 71
68 69 80
68 71 75
68 72 65
68 75 52
68 79 10
68 81 38
68 83 44
68 84 14
68 89 27
68 90 37
68 92 38
68 98 6
68 99 72
68 103 66
68 104 27
68 106 61
68 109 81
68 110 33
68 112 6
68 113 20
68 116 61
68 117 49
68 120 82
68 121 57
68 124 66
68 125 63
68 126 21
68 127 1
68 128 19
68 137 81
68 139 22
68 140 5
68 144 71
68 146 98
68 148 46
68 149 11
68 150 85
69 74 2
69 83 75
69 84 59
69 86 38
69 87 23
69 90 2
69 91 11
69 92 30
69 95 49
69 97 97
69 99 66
69 106 41
69 109 53
69 112 56
69 115 29
69 116 85
69 118 99
69 119 27
69 120 45
69 121 41
69 125 8
69 126 31
69 131 90
69 135 82
69 136 3
69 141 7
69 146 17
69 147 15
69 148 20
69 149 71
69 150 28
70 73 95
70 75 61
70 79 17
70 80 48
70 81 58
70 82 56
70 83 67
70 86 75
70 87 43
70 89 3
70 90 36
70 91 68
70 96 22
70 98 37
70 99 70
70 102 77
70 107 67
70 108 1
70 109 87
70 110 65
70 113 63
70 118 17
70 133 64
70 134 80
70 135 61
70 136 95
70 139 2
70 140 69
70 141 66
70 149 67
70 150 78
71 77 43
71 82 84
71 84 18
71 85 56
71 88 6
71 94 16
71 95 14
71 96 29
71 97 41
71 101 6
71 102 96
71 103 17
71 104 94
71 106 13
71 107 13
71 110 89
71 112 39
71 115 61
71 116 71
71 117 12
71 119 82
71 121 96
71 122 96
71 123 69
71 126 97
71 128 60
71 130 32
71 131 52
71 135 43
71 137 29
71 142 53
71 144 85
71 145 57
71 146 26
71 147 50
71 148 58
71 149 37
72 79 84
72 81 26
72 82 61
72 83 78
72 90 15
72 91 57
72 92 36
72 93 99
72 94 58
72 99 78
72 102 29
72 108 61
72 111 76
72 115 89
72 117 4
72 118 92
72 119 20
72 120 69
72 122 93
72 124 18
72 125 59
72 132 40
72 133 5
72 137 91
72 139 84
72 143 81
72 146 43
73 77 60
73 78 9
73 82 46
73 89 91
73 91 52
73 93 22
73 94 12
73 98 100
73 100 36
73 105 71
73 106 93
73 108 84
73 109 56
73 110 13
73 111 96
73 114 60
73 117 94
73 121 29
73 123 37
73 124 93
73 125 33
73 127 86
73 129 39
73 132 89
73 134 67
73 141 96
73 143 22
73 146 75
73 150 44
74 81 72
74 82 7
74 84 64
74 86 90
74 87 9
74 91 69
74 92 85
74 93 91
74 94 88
74 95 89
74 99 92
74 101 46
74 102 21
74 108 16
74 110 56
74 112 65
74 113 59
74 114 59
74 115 13
74 117 44
74 118 61
74 121 99
74 122 16
74 124 59
74 125 70
74 129 60
74 130 11
74 132 100
74 133 38
74 134 54
74 141 37
74 143 30
74 145 55
75 77 61
75 79 26
75 80 58
75 82 65
75 83 98
75 85 64
75 86 8
75 90 23
75 93 34
75 100 33
75 103 48
75 107 98
75 111 82
75 113 35
75 116 9
75 117 78
75 119 96
75 123 84
75 125 52
75 132 7
75 135 26
75 139 82
75 141 47
75 142 71
75 144 87
75 146 44
75 150 8
76 78 64
76 84 32
76 85 53
76 89 82
76 91 86
76 93 37
76 95 76
76 97 48
76 98 29
76 99 14
76 102 28
76 106 50
76 110 85
76 112 23
76 116 50
76 119 74
76 123 61
76 126 21
76 127 13
76 128 5
76 129 84
76 131 64
76 132 40
76 134 15
76 135 11
76 136 80
76 142 50
76 145 3
76 146 4
76 150 50
77 81 88
77 82 70
77 86 88
77 88 50
77 89 61
77 90 98
77 91 14
77 97 92
77 103 62
77 105 85
77 106 22
77 108 32
77 109 84
77 111 24
77 112 77
77 113 31
77 118 50
77 120 39
77 122 7
77 124 12
77 125 2
77 129 27
77 130 41
77 132 5
77 133 34
77 137 85
77 140 59
77 144 41
77 147 92
77 150 98
78 83 42
78 86 100
78 89 87
78 92 58
78 94 81
78 95 2
78 98 8
78 102 90
78 103 86
78 106 90
78 107 77
78 109 64
78 110 61
78 112 60
78 115 65
78 116 75
78 118 74
78 120 76
78 121 19
78 125 57
78 132 7
78 135 13
78 137 36
78 139 65
78 142 77
78 144 40
78 146 73
78 147 14
79 81 14
79 83 11
79 85 18
79 88 80
79 89 70
79 90 57
79 92 81
79 94 72
79 95 11
79 97 12
79 99 27
79 102 87
79 105 98
79 108 33
79 109 44
79 112 19
79 117 54
79 118 31
79 120 90
79 122 40
79 124 10
79 125 86
79 126 13
79 130 98
79 131 55
79 135 48
79 139 48
79 140 18
79 141 43
79 142 95
79 143 48
79 149 77
80 82 24
80 84 7
80 85 90
80 87 37
80 88 6
80 89 10
80 91 85
80 95 96
80 111 13
80 112 15
80 117 100
80 120 98
80 121 62
80 122 32
80 124 17
80 125 38
80 127 92
80 131 56
80 134 49
80 135 30
80 136 21
80 139 7
80 141 10
80 142 7
80 144 90
80 145 100
80 148 92
80 150 68
81 82 99
81 83 13
81 84 12
81 89 51
81 92 24
81 95 9
81 97 85
81 98 28
81 100 8
81 101 17
81 104 21
81 106 74
81 110 24
81 112 27
81 115 21
81 117 60
81 119 63
81 124 34
81 126 49
81 127 32
81 138 16
81 143 62
81 145 57
82 83 30
82 87 26
82 89 39
82 93 78
82 95 88
82 98 100
82 100 20
82 103 91
82 104 77
82 105 36
82 108 4
82 109 12
82 111 75
82 112 86
82 113 24
82 114 83
82 115 13
82 116 88
82 118 64
82 119 90
82 120 20
82 121 87
82 122 37
82 123 29
82 126 63
82 133 2
82 138 46
82 139 78
82 146 47
82 149 23
83 85 76
83 87 93
83 88 60
83 91 12
83 92 15
83 93 86
83 95 85
83 96 30
83 97 85
83 107 55
83 108 2
83 109 96
83 110 72
83 111 66
83 113 88
83 114 2
83 115 41
83 121 17
83 123 15
83 127 40
83 129 41
83 130 37
83 132 12
83 136 99
83 139 93
83 141 88
83 143 20
83 145 3
83 146 61
83 148 74
83 150 24
84 97 90
84 98 2
84 100 20
84 101 70
84 105 15
84 106 92
84 108 59
84 115 97
84 117 64
84 119 43
84 120 34
84 121 78
84 123 51
84 127 16
84 131 69
84 137 32
84 140 5
84 141 60
84 142 26
84 146 56
84 148 87
85 89 35
85 90 35
85 94 87
85 96 69
85 98 78
85 99 53
85 101 94
85 108 37
85 109 5
85 110 36
85 112 21
85 118 96
85 120 23
85 122 31
85 123 39
85 125 4
85 127 73
85 135 58
85 139 10
85 140 57
85 141 38
85 142 62
85 143 15
85 145 13
85 150 25
86 87 67
86 89 91
86 90 3
86 91 22
86 97 84
86 103 10
86 107 31
86 108 8
86 109 63
86 111 77
86 113 13
86 116 26
86 120 36
86 121 33
86 122 69
86 123 31
86 128 97
86 129 48
86 130 67
86 131 40
86 134 57
86 147 55
87 90 75
87 92 92
87 93 44
87 97 72
87 101 92
87 102 60
87 103 89
87 106 97
87 109 75
87 110 17
87 111 12
87 115 41
87 116 5
87 117 16
87 118 50
87 119 19
87 120 52
87 121 32
87 125 83
87 129 43
87 131 14
87 132 53
87 134 41
87 135 66
87 136 63
87 137 99
87 140 18
87 141 49
87 142 84
87 143 83
87 149 8
87 150 14
88 89 8
88 91 19
88 95 11
88 96 54
88 98 38
88 100 7
88 101 40
88 102 44
88 107 85
88 108 83
88 109 18
88 111 25
88 115 26
88 117 1
88 120 37
88 122 4
88 123 35
88 125 63
88 129 65
88 130 95
88 139 34
88 149 100
89 90 82
89 94 49
89 96 67
89 101 43
89 104 66
89 105 75
89 106 63
89 108 35
89 111 41
89 113 73
89 116 91
89 117 34
89 119 18
89 120 16
89 124 25
89 125 47
89 128 13
89 129 56
89 130 40
89 131 63
89 136 28
89 137 77
89 143 3
89 144 38
89 145 91
89 149 98
89 150 44
90 91 89
90 96 92
90 97 69
90 98 73
90 105 35
90 106 41
90 108 92
90 110 68
90 111 41
90 112 45
90 113 44
90 114 13
90 121 60
90 122 93
90 125 90
90 127 28
90 131 23
90 132 8
90 136 72
90 138 81
90 139 15
90 142 50
90 144 87
90 146 62
90 148 98
91 92 96
91 94 15
91 95 25
91 98 77
91 99 13
91 101 34
91 104 61
91 105 8
91 106 32
91 107 30
91 108 3
91 109 9
91 111 83
91 115 26
91 117 57
91 119 63
91 120 21
91 122 13
91 123 38
91 128 36
91 130 52
91 131 3
91 132 85
91 135 94
91 136 1
91 138 73
91 140 55
91 142 55
91 148 52
91 149 38
92 93 10
92 95 63
92 96 13
92 98 44
92 99 93
92 100 59
92 103 81
92 106 69
92 113 91
92 114 53
92 116 43
92 120 5
92 121 2
92 122 6
92 125 51
92 127 6
92 130 28
92 134 36
92 135 54
92 138 67
92 141 63
92 145 64
92 147 55
92 148 96
93 94 51
93 95 2
93 97 51
93 98 61
93 100 22
93 101 43
93 102 89
93 105 8
93 107 36
93 110 83
93 111 57
93 112 29
93 116 57
93 117 7
93 119 46
93 125 84
93 126 32
93 127 71
93 128 75
93 129 1
93 130 68
93 132 83
93 137 25
93 139 10
93 140 87
93 143 100
93 144 18
94 95 22
94 96 71
94 98 12
94 104 78
94 109 52
94 110 64
94 112 11
94 115 26
94 117 86
94 121 33
94 122 35
94 123 88
94 127 28
94 128 46
94 129 17
94 130 92
94 132 20
94 138 37
94 139 94
94 142 67
94 145 78
94 148 91
94 149 38
95 98 12
95 99 31
95 100 21
95 101 34
95 105 58
95 107 47
95 108 2
95 109 41
95 117 68
95 118 53
95 119 58
95 122 56
95 123 35
95 127 72
95 130 39
95 131 18
95 132 90
95 133 48
95 137 2
95 138 26
95 139 5
95 141 73
95 142 31
95 144 41
95 146 6
95 150 89
96 99 78
96 101 18
96 106 37
96 108 63
96 114 58
96 115 57
96 116 10
96 117 13
96 119 88
96 124 21
96 128 19
96 129 31
96 132 26
96 134 9
96 135 72
96 136 2
96 139 5
96 141 21
96 142 63
96 146 72
96 150 35
97 98 60
97 99 24
97 102 91
97 103 35
97 105 90
97 107 83
97 109 84
97 110 55
97 112 67
97 113 80
97 116 83
97 119 16
97 120 45
97 123 74
97 124 41
97 125 40
97 128 4
97 129 53
97 131 22
97 132 62
97 133 84
97 134 48
97 137 85
97 138 81
97 139 44
97 141 25
97 147 77
97 149 68
98 103 98
98 110 6
98 111 62
98 112 36
98 114 24
98 116 54
98 125 22
98 126 37
98 128 73
98 133 1
98 134 90
98 135 22
98 137 26
98 141 8
98 142 48
98 147 52
99 103 30
99 111 22
99 112 12
99 113 76
99 114 47
99 116 20
99 117 65
99 118 8
99 122 35
99 124 24
99 125 64
99 127 58
99 129 99
99 132 29
99 135 47
99 139 28
99 140 21
99 141 41
99 142 38
99 145 1
99 147 71
99 149 69
99 150 99
100 101 9
100 102 77
100 108 64
100 110 58
100 112 86
100 113 54
100 119 58
100 120 100
100 123 28
100 128 31
100 130 24
100 133 92
100 138 16
100 140 100
100 144 85
100 147 88
100 148 72
100 149 17
101 102 33
101 103 80
101 104 84
101 110 96
101 112 86
101 116 84
101 117 70
101 120 94
101 121 96
101 123 56
101 127 6
101 128 29
101 129 29
101 133 22
101 135 84
101 138 100
101 139 83
101 146 29
101 147 41
101 149 99
101 150 31
102 105 93
102 107 42
102 114 16
102 115 28
102 116 21
102 117 27
102 118 34
102 123 90
102 124 92
102 130 12
102 131 87
102 134 96
102 135 26
102 136 15
102 137 97
102 143 15
102 144 78
102 146 76
102 147 37
102 148 46
103 107 15
103 112 48
103 114 4
103 122 51
103 123 98
103 127 31
103 128 9
103 132 33
103 136 81
103 142 68
103 144 87
103 148 40
103 149 6
104 105 10
104 112 53
104 114 17
104 119 73
104 120 88
104 121 52
104 123 46
104 125 77
104 126 25
104 128 8
104 129 94
104 139 25
104 140 15
104 143 97
104 148 9
104 149 34
105 106 16
105 109 56
105 110 37
105 111 78
105 113 65
105 115 65
105 117 84
105 118 35
105 121 52
105 125 96
105 130 3
105 134 52
105 135 23
105 137 37
105 138 82
105 142 76
105 143 60
105 149 58
106 111 88
106 114 39
106 115 93
106 121 9
106 124 9
106 125 68
106 128 23
106 132 87
106 136 54
106 137 30
106 138 24
106 140 57
106 143 7
106 144 10
106 146 83
107 108 45
107 109 21
107 113 53
107 115 19
107 117 79
107 120 90
107 121 46
107 123 46
107 126 33
107 127 93
107 130 71
107 131 51
107 133 38
107 135 100
107 136 37
107 138 40
107 139 30
107 141 62
107 143 48
107 145 47
107 148 72
107 150 31
108 110 60
108 111 24
108 114 14
108 115 84
108 122 79
108 126 16
108 127 84
108 131 19
108 134 35
108 136 42
108 138 2
108 144 9
108 149 22
108 150 49
109 111 14
109 116 60
109 123 60
109 129 59
109 131 58
109 132 57
109 136 91
109 137 25
109 143 59
109 145 46
109 147 25
109 148 5
109 149 27
110 112 6
110 113 43
110 114 32
110 117 9
110 120 74
110 122 8
110 123 91
110 125 18
110 126 53
110 127 77
110 128 63
110 129 46
110 134 68
110 135 74
110 136 37
110 138 87
110 140 30
110 141 31
110 145 13
110 146 86
110 150 66
111 114 69
111 116 39
111 117 86
111 118 66
111 120 70
111 121 90
111 127 42
111 129 97
111 130 1
111 132 29
111 134 46
111 135 81
111 137 76
111 138 24
111 143 35
111 144 77
111 150 68
112 117 48
112 118 42
112 119 23
112 120 16
112 121 88
112 123 62
112 124 76
112 125 93
112 128 36
112 130 13
112 133 64
112 134 9
112 135 93
112 136 33
112 145 42
112 149 97
113 114 59
113 120 93
113 121 88
113 122 51
113 125 23
113 130 60
113 131 15
113 134 3
113 137 7
113 138 11
113 139 65
113 142 52
113 144 70
113 145 52
113 146 88
113 148 38
113 149 66
113 150 98
114 115 49
114 117 92
114 119 64
114 125 68
114 126 23
114 128 59
114 136 65
114 139 79
114 140 38
114 141 38
114 142 11
114 144 33
114 147 35
114 148 22
114 149 96
115 116 9
115 120 41
115 124 17
115 125 13
115 126 17
115 127 10
115 129 94
115 131 82
115 132 19
115 135 4
115 138 10
115 139 59
115 145 30
115 147 46
115 150 71
116 123 28
116 125 55
116 127 30
116 128 41
116 129 99
116 131 99
116 134 78
116 135 67
116 144 97
117 118 34
117 119 40
117 120 26
117 121 32
117 122 42
117 124 11
117 128 92
117 129 69
117 136 4
117 138 55
117 139 50
117 140 19
117 141 30
117 144 64
117 145 79
117 146 54
118 120 59
118 121 78
118 122 31
118 123 62
118 127 27
118 129 24
118 130 29
118 136 35
118 141 33
118 142 86
119 121 96
119 122 28
119 125 92
119 127 16
119 130 17
119 132 54
119 133 5
119 135 62
119 138 73
119 139 71
119 141 79
119 142 19
119 144 75
119 147 14
119 148 79
119 149 14
120 124 54
120 126 78
120 131 33
120 132 14
120 133 81
120 134 67
120 146 30
120 148 36
121 122 51
121 124 42
121 128 5
121 129 44
121 131 50
121 133 93
121 135 40
121 138 13
121 141 25
121 147 9
122 124 50
122 128 20
122 129 63
122 131 88
122 133 45
122 137 86
122 138 7
122 139 4
122 141 25
122 143 98
122 147 22
122 148 15
122 149 63
123 124 76
123 128 52
123 132 78
123 134 92
123 135 2
123 136 19
123 139 69
123 140 96
123 141 9
123 142 14
123 143 100
123 145 26
123 147 47
124 125 44
124 127 63
124 130 64
124 132 78
124 140 24
124 143 29
124 144 46
124 146 68
125 126 11
125 128 71
125 129 53
125 130 79
125 131 41
125 132 21
125 136 92
125 137 8
125 138 29
125 140 36
125 142 38
125 145 76
125 149 44
125 150 63
126 130 32
126 132 12
126 134 1
126 136 26
126 139 65
126 144 41
126 145 70
127 131 34
127 132 35
127 133 12
127 134 44
127 136 75
127 137 58
127 144 46
127 145 19
127 146 11
127 149 37
127 150 4
128 129 95
128 132 76
128 133 70
128 136 46
128 137 96
128 142 66
128 144 57
128 146 40
128 150 95
129 130 25
129 131 29
129 133 89
129 135 79
129 137 67
129 140 91
129 141 80
129 143 3
129 146 45
129 148 40
129 150 90
130 131 39
130 137 89
130 140 26
130 144 88
130 145 82
131 132 44
131 133 75
131 142 95
131 143 8
131 149 19
132 137 54
132 138 27
132 141 40
132 142 15
132 143 66
132 144 61
132 145 55
132 146 69
132 147 36
132 149 99
132 150 75
133 135 95
133 137 56
133 138 99
133 142 86
133 145 4
134 135 69
134 136 4
134 138 77
134 141 34
134 146 31
134 148 9
135 137 81
135 139 58
135 145 39
135 146 40
135 147 90
136 140 22
136 144 15
136 149 51
137 147 75
137 148 20
137 150 72
138 146 77
138 149 26
138 150 57
139 140 32
139 143 15
139 148 64
139 149 70
140 145 46
140 147 93
140 150 33
141 142 46
141 145 41
141 146 1
141 149 63
141 150 25
142 143 86
142 144 67
142 146 96
142 149 60
143 146 22
143 148 64
143 149 22
144 145 23
144 150 8
145 146 23
145 149 27
145 150 89
146 149 61
146 150 33
147 149 91
148 150 77
1 2 12
1 5 88
1 6 65
1 15 47
1 23 97
1 24 22
1 25 48
1 28 61
1 29 21
1 33 82
1 34 78
1 38 56
1 39 51
1 41 86
1 51 46
1 55 94
1 56 95
1 61 51
1 62 88
1 65 7
1 66 37
1 67 55
1 68 8
1 72 62
1 73 12
1 75 68
1 76 21
1 78 71
1 80 6
1 86 77
1 87 16
1 90 83
1 91 16
1 92 40
1 93 82
1 94 100
1 96 36
1 97 84
1 99 58
1 103 5
1 104 63
1 105 45
1 106 43
1 113 66
1 115 11
1 116 42
1 118 19
1 120 81
1 122 98
1 124 5
1 127 43
1 133 89
1 135 12
1 137 1
1 140 67
1 141 95
1 143 86
1 144 13
1 148 89
2 3 85
2 6 45
2 8 43
2 9 76
2 10 91
2 12 3
2 13 36
2 15 51
2 16 55
2 17 77
2 18 62
2 19 61
2 21 85
2 23 59
2 28 57
2 29 30
2 30 47
2 32 8
2 34 100
2 36 80
2 37 41
2 39 85
2 40 2
2 41 83
2 43 40
2 45 99
2 49 76
2 53 46
2 54 85
2 55 71
2 58 99
2 59 81
2 63 56
2 68 70
2 69 37
2 70 24
2 71 86
2 72 19
2 75 21
2 76 97
2 82 8
2 83 95
2 90 40
2 91 43
2 92 43
2 93 22
2 98 57
2 101 21
2 104 50
2 106 38
2 108 56
2 110 42
2 113 55
2 114 42
2 116 93
2 119 76
2 120 73
2 121 40
2 122 48
2 126 24
2 132 20
2 137 100
2 143 99
2 145 87
2 146 30
2 148 59
2 150 26
3 4 56
3 10 84
3 13 61
3 15 57
3 16 35
3 17 45
3 22 2
3 23 78
3 24 60
3 25 52
3 28 76
3 33 86
3 34 18
3 40 73
3 41 34
3 47 36
3 53 55
3 57 93
3 60 39
3 64 50
3 65 66
3 67 14
3 73 91
3 77 93
3 78 81
3 90 4
3 107 30
3 109 82
3 110 50
3 114 25
3 115 35
3 116 31
3 122 46
3 124 16
3 127 49
3 129 57
3 132 20
3 138 22
3 139 47
3 142 60
3 144 11
3 149 52
3 150 53
4 7 86
4 14 73
4 18 89
4 26 29
4 28 19
4 32 97
4 34 38
4 36 45
4 43 16
4 44 89
4 49 15
4 51 77
4 52 61
4 53 79
4 55 44
4 56 79
4 58 1
4 61 13
4 67 1
4 71 47
4 72 57
4 74 91
4 85 86
4 87 22
4 93 88
4 95 3
4 96 96
4 102 29
4 104 99
4 106 44
4 112 90
4 113 25
4 115 76
4 116 26
4 117 1
4 118 95
4 126 10
4 132 94
4 133 31
4 135 5
4 142 45
4 144 74
4 147 66
5 7 90
5 8 6
5 11 58
5 15 79
5 16 62
5 18 28
5 20 27
5 26 8
5 27 39
5 32 78
5 36 24
5 38 36
5 39 60
5 40 46
5 41 7
5 46 33
5 47 43
5 50 63
5 55 22
5 56 91
5 58 14
5 60 19
5 61 69
5 63 11
5 64 81
5 65 30
5 66 10
5 68 73
5 71 100
5 72 67
5 78 48
5 79 59
5 82 39
5 83 27
5 84 47
5 88 44
5 91 64
5 92 51
5 97 37
5 99 73
5 101 76
5 102 8
5 108 3
5 111 38
5 113 44
5 114 60
5 118 14
5 121 99
5 123 71
5 130 61
5 131 63
5 133 93
5 134 66
5 137 34
5 140 37
5 142 71
5 144 61
5 145 68
5 148 44
5 150 7
6 11 6
6 12 59
6 13 81
6 14 45
6 15 7
6 19 85
6 20 33
6 23 81
6 26 59
6 28 54
6 30 52
6 31 97
6 33 65
6 34 73
6 36 89
6 38 16
6 41 46
6 43 21
6 47 39
6 48 28
6 53 9
6 57 75
6 58 10
6 59 72
6 60 8
6 63 82
6 66 48
6 67 67
6 70 14
6 74 23
6 75 58
6 77 64
6 79 2
6 80 49
6 84 33
6 86 55
6 88 93
6 89 80
6 93 92
6 95 46
6 96 87
6 98 61
6 99 34
6 100 90
6 104 47
6 107 99
6 111 22
6 112 90
6 118 65
6 119 79
6 121 98
6 124 55
6 129 31
6 130 27
6 131 18
6 132 18
6 135 60
6 136 24
6 137 13
6 142 55
6 143 50
6 148 34
7 10 69
7 11 64
7 13 18
7 14 15
7 18 29
7 19 41
7 20 94
7 21 22
7 27 31
7 28 76
7 29 3
7 30 78
7 31 30
7 32 2
7 36 79
7 38 24
7 42 32
7 43 5
7 45 39
7 47 41
7 49 57
7 51 57
7 52 35
7 53 6
7 55 94
7 58 84
7 60 32
7 66 90
7 69 4
7 70 100
7 72 21
7 74 24
7 76 4
7 78 92
7 83 20
7 89 89
7 91 13
7 93 90
7 95 49
7 96 46
7 97 34
7 99 11
7 100 87
7 101 73
7 102 85
7 103 6
7 108 22
7 110 34
7 111 53
7 113 63
7 116 71
7 118 32
7 120 50
7 121 73
7 123 87
7 125 81
7 126 77
7 128 94
7 130 40
7 131 5
7 136 42
7 139 48
7 140 4
7 141 11
7 144 35
7 146 7
7 147 75
7 150 20
8 10 91
8 12 28
8 13 74
8 17 97
8 20 56
8 26 58
8 27 3
8 28 35
8 29 71
8 30 69
8 32 41
8 33 80
8 34 35
8 35 58
8 43 4
8 45 6
8 48 69
8 49 91
8 51 65
8 53 19
8 54 33
8 57 91
8 58 47
8 59 26
8 60 96
8 61 11
8 64 81
8 66 25
8 69 36
8 70 31
8 78 75
8 80 53
8 84 75
8 86 9
8 87 37
8 88 72
8 91 9
8 93 96
8 95 9
8 97 6
8 98 34
8 100 56
8 101 81
8 102 63
8 103 95
8 104 13
8 105 34
8 109 59
8 112 75
8 115 50
8 118 37
8 120 33
8 122 34
8 125 75
8 130 36
8 136 85
8 137 23
8 138 88
8 141 18
8 147 97
8 148 8
8 149 5
8 150 95
9 14 25
9 19 80
9 21 46
9 22 91
9 26 77
9 30 36
9 32 15
9 38 83
9 40 63
9 42 74
9 44 94
9 46 61
9 47 30
9 48 89
9 50 7
9 54 12
9 55 40
9 62 9
9 68 6
9 69 87
9 71 30
9 73 99
9 79 2
9 85 19
9 86 25
9 91 60
9 94 96
9 97 16
9 98 76
9 101 71
9 102 43
9 103 72
9 107 76
9 108 37
9 113 36
9 114 1
9 116 2
9 121 31
9 122 69
9 123 88
9 124 76
9 125 89
9 129 100
9 130 15
9 135 85
9 136 15
9 138 69
9 139 74
9 141 24
9 146 50
9 147 86
9 150 32
10 12 72
10 13 48
10 15 22
10 16 26
10 17 53
10 19 1
10 24 26
10 25 25
10 26 84
10 34 67
10 35 84
10 36 35
10 38 9
10 43 27
10 48 21
10 50 2
10 51 47
10 52 60
10 62 85
10 68 83
10 69 50
10 79 64
10 80 79
10 81 22
10 82 91
10 84 24
10 85 56
10 89 49
10 95 93
10 97 11
10 98 32
10 101 30
10 105 43
10 106 84
10 107 14
10 109 69
10 110 5
10 112 24
10 113 60
10 115 91
10 118 74
10 121 2
10 122 20
10 123 18
10 128 56
10 129 41
10 130 13
10 132 32
10 137 7
10 147 90
10 149 30
11 12 73
11 14 85
11 15 76
11 16 36
11 28 11
11 31 72
11 33 41
11 34 6
11 40 27
11 41 39
11 48 80
11 50 88
11 55 44
11 60 85
11 61 11
11 64 71
11 69 45
11 71 44
11 72 17
11 74 7
11 78 56
11 80 18
11 83 38
11 86 96
11 87 67
11 88 19
11 91 79
11 93 12
11 94 34
11 97 24
11 98 26
11 100 87
11 102 63
11 108 8
11 109 8
11 111 21
11 115 24
11 116 89
11 120 51
11 123 86
11 124 8
11 127 84
11 131 29
11 132 36
11 133 89
11 135 85
11 138 56
11 139 37
11 142 1
11 143 37
11 144 9
11 145 75
11 146 76
11 150 100
12 13 8
12 18 76
12 21 60
12 27 45
12 28 12
12 30 29
12 31 47
12 33 36
12 38 9
12 39 74
12 40 39
12 41 84
12 43 4
12 54 31
12 55 84
12 56 11
12 57 52
12 58 32
12 64 51
12 65 24
12 68 64
12 69 67
12 70 64
12 71 23
12 72 6
12 74 80
12 75 62
12 77 18
12 80 99
12 81 91
12 83 85
12 84 92
12 86 73
12 87 2
12 88 79
12 89 37
12 93 23
12 94 44
12 96 11
12 98 76
12 100 47
12 101 17
12 103 58
12 106 95
12 108 46
12 110 73
12 111 18
12 112 34
12 114 36
12 115 54
12 116 38
12 117 26
12 120 51
12 121 41
12 125 15
12 126 12
12 127 33
12 130 93
12 133 38
12 138 63
12 139 68
12 143 82
12 145 46
12 148 5
12 150 73
13 15 90
13 20 96
13 22 26
13 26 53
13 31 86
13 36 30
13 39 98
13 41 97
13 42 59
13 43 73
13 44 11
13 48 15
13 52 85
13 55 82
13 56 35
13 57 83
13 58 8
13 59 21
13 65 49
13 66 97
13 69 57
13 71 49
13 72 93
13 74 68
13 75 50
13 76 97
13 79 87
13 80 54
13 83 5
13 84 41
13 85 63
13 86 84
13 88 55
13 89 59
13 96 15
13 98 8
13 100 93
13 105 68
13 109 100
13 110 82
13 113 65
13 114 84
13 115 66
13 119 25
13 121 41
13 124 24
13 125 8
13 126 99
13 128 45
13 129 81
13 134 12
13 136 42
13 137 43
13 141 37
13 146 51
13 149 62
13 150 27
14 15 27
14 18 68
14 21 43
14 25 19
14 26 69
14 27 51
14 29 92
14 30 64
14 32 92
14 33 17
14 36 87
14 37 86
14 40 80
14 42 89
14 46 52
14 47 37
14 51 95
14 56 27
14 59 84
14 60 89
14 64 65
14 65 66
14 67 45
14 72 100
14 73 89
14 74 63
14 75 37
14 79 30
14 81 9
14 82 82
14 84 89
14 87 11
14 91 29
14 93 44
14 94 67
14 96 78
14 98 56
14 103 1
14 107 50
14 108 98
14 109 61
14 110 74
14 112 98
14 113 12
14 117 31
14 119 94
14 120 77
14 124 60
14 126 82
14 130 97
14 133 60
14 137 63
14 138 80
14 144 34
14 148 70
15 16 7
15 18 71
15 20 36
15 22 10
15 23 86
15 24 36
15 28 94
15 29 70
15 30 56
15 38 88
15 44 74
15 48 44
15 52 30
15 53 25
15 57 56
15 58 30
15 66 6
15 70 11
15 72 75
15 75 49
15 76 22
15 77 61
15 80 80
15 83 30
15 84 58
15 85 70
15 88 99
15 90 97
15 93 73
15 96 47
15 97 45
15 98 94
15 100 69
15 101 65
15 102 74
15 109 33
15 111 30
15 115 18
15 117 83
15 118 95
15 121 76
15 123 65
15 125 64
15 127 50
15 128 36
15 129 30
15 132 67
15 135 94
15 136 98
15 139 5
15 142 53
15 146 11
16 18 33
16 25 67
16 27 63
16 29 13
16 30 12
16 33 19
16 43 53
16 48 49
16 50 54
16 51 13
16 55 47
16 56 43
16 57 30
16 60 69
16 63 48
16 65 4
16 69 77
16 73 65
16 74 79
16 79 86
16 86 25
16 87 26
16 92 12
16 93 10
16 94 77
16 98 55
16 106 97
16 109 33
16 120 45
16 122 81
16 127 76
16 128 85
16 129 19
16 130 36
16 133 37
16 135 77
16 140 91
16 141 31
16 142 39
16 148 29
16 149 25
17 18 74
17 20 52
17 21 81
17 24 71
17 29 73
17 30 100
17 39 98
17 41 86
17 43 50
17 45 97
17 52 48
17 55 29
17 64 82
17 71 49
17 72 38
17 73 26
17 77 27
17 82 7
17 84 25
17 88 55
17 89 64
17 90 77
17 91 80
17 92 63
17 94 15
17 99 5
17 100 8
17 103 34
17 105 78
17 106 53
17 110 70
17 114 20
17 116 24
17 117 11
17 119 78
17 126 71
17 127 77
17 129 12
17 130 82
17 134 42
17 135 100
17 137 77
17 141 40
17 145 20
17 149 40
17 150 87
18 19 90
18 20 25
18 23 13
18 30 53
18 31 12
18 35 44
18 36 63
18 38 89
18 39 56
18 41 69
18 45 44
18 48 36
18 54 20
18 55 80
18 57 24
18 59 1
18 62 72
18 65 31
18 68 39
18 72 96
18 76 26
18 77 48
18 78 48
18 81 82
18 83 13
18 84 7
18 85 41
18 86 92
18 90 79
18 94 62
18 97 63
18 99 61
18 102 51
18 105 79
18 108 63
18 110 64
18 116 95
18 118 82
18 121 21
18 126 8
18 129 35
18 135 17
18 136 66
18 139 94
18 141 37
18 145 32
18 147 46
19 21 86
19 24 82
19 26 79
19 28 4
19 32 88
19 33 49
19 35 65
19 38 66
19 40 45
19 41 45
19 42 83
19 46 34
19 49 89
19 60 71
19 62 75
19 66 19
19 67 10
19 70 35
19 71 1
19 72 57
19 75 42
19 76 66
19 77 54
19 81 11
19 83 44
19 85 74
19 86 23
19 90 79
19 92 73
19 93 99
19 94 66
19 97 52
19 99 84
19 102 38
19 104 41
19 108 22
19 109 90
19 110 67
