150 10058 1
1 4 13
1 6 41
1 8 43
1 10 89
1 12 84
1 13 69
1 14 56
1 19 86
1 20 91
1 23 13
1 24 29
1 27 91
1 30 53
1 32 71
1 33 51
1 35 63
1 41 1
1 45 8
1 46 52
1 47 40
1 50 1
1 55 14
1 63 94
1 66 46
1 70 26
1 72 26
1 73 93
1 75 26
1 77 47
1 78 3
1 84 64
1 86 49
1 88 50
1 90 89
1 92 65
1 93 14
1 94 57
1 95 6
1 96 34
1 97 5
1 100 79
1 101 12
1 103 35
1 107 19
1 112 41
1 114 79
1 117 54
1 121 8
1 125 96
1 126 60
1 128 21
1 136 9
1 138 53
1 143 10
1 144 100
1 145 50
1 146 14
1 147 75
1 150 99
2 4 92
2 5 19
2 10 17
2 11 13
2 12 35
2 14 73
2 17 57
2 22 20
2 25 96
2 26 59
2 29 5
2 32 7
2 35 2
2 36 44
2 40 67
2 42 53
2 44 57
2 48 65
2 54 40
2 57 12
2 58 88
2 60 17
2 62 61
2 63 49
2 65 95
2 71 82
2 72 30
2 75 81
2 76 20
2 79 43
2 80 77
2 81 94
2 82 43
2 87 21
2 88 63
2 93 49
2 97 2
2 99 79
2 102 38
2 103 44
2 106 39
2 108 53
2 109 98
2 112 67
2 113 52
2 117 22
2 121 56
2 123 29
2 125 95
2 130 5
2 133 3
2 134 11
2 139 45
2 140 55
2 141 72
2 142 17
3 4 13
3 6 3
3 8 69
3 15 92
3 21 39
3 22 87
3 30 6
3 35 89
3 38 77
3 39 17
3 43 71
3 46 17
3 47 26
3 49 20
3 51 56
3 52 73
3 56 86
3 59 55
3 62 84
3 65 29
3 68 45
3 71 95
3 72 41
3 74 94
3 75 20
3 78 37
3 79 60
3 83 94
3 85 17
3 88 97
3 89 33
3 93 99
3 95 8
3 97 44
3 104 95
3 118 4
3 122 91
3 124 53
3 127 37
3 128 34
3 129 87
3 130 41
3 136 25
3 138 54
3 139 63
3 140 13
3 142 63
3 143 51
3 147 3
3 148 47
3 150 36
4 7 2
4 11 7
4 12 71
4 15 85
4 16 75
4 18 64
4 19 42
4 20 92
4 23 57
4 26 65
4 30 17
4 31 57
4 34 89
4 35 7
4 37 99
4 41 68
4 42 70
4 43 45
4 45 6
4 47 29
4 52 15
4 55 7
4 57 15
4 60 58
4 61 23
4 64 16
4 72 63
4 73 25
4 77 45
4 79 43
4 82 67
4 85 54
4 86 100
4 90 89
4 91 23
4 93 17
4 94 27
4 98 9
4 100 70
4 106 34
4 107 82
4 109 89
4 110 39
4 112 98
4 116 32
4 117 11
4 118 74
4 120 50
4 121 78
4 124 6
4 125 45
4 126 16
4 128 23
4 129 26
4 131 57
4 133 99
4 134 67
4 138 83
4 139 27
4 141 33
4 142 29
4 145 92
4 148 70
4 150 5
5 9 48
5 10 35
5 13 67
5 18 52
5 19 81
5 20 22
5 21 52
5 22 33
5 27 96
5 29 91
5 31 45
5 32 95
5 34 17
5 36 43
5 37 72
5 39 17
5 44 36
5 46 25
5 50 41
5 55 9
5 56 3
5 57 17
5 60 49
5 61 10
5 66 30
5 68 28
5 69 62
5 71 51
5 72 49
5 73 88
5 75 64
5 78 86
5 79 65
5 81 16
5 85 65
5 91 36
5 92 13
5 95 71
5 97 19
5 104 52
5 105 32
5 107 89
5 111 6
5 113 11
5 114 80
5 116 93
5 117 99
5 121 64
5 123 9
5 125 4
5 128 56
5 130 4
5 132 36
5 133 94
5 134 94
5 135 45
5 138 19
5 141 71
6 8 6
6 9 11
6 10 1
6 16 23
6 18 78
6 19 29
6 20 78
6 21 28
6 25 71
6 26 1
6 27 87
6 28 67
6 29 97
6 31 82
6 32 41
6 33 39
6 35 15
6 36 60
6 38 68
6 43 41
6 46 83
6 49 33
6 51 91
6 52 39
6 59 22
6 61 13
6 62 58
6 64 31
6 66 2
6 67 13
6 68 68
6 69 16
6 70 67
6 71 67
6 73 9
6 75 65
6 78 40
6 80 29
6 82 98
6 83 16
6 94 79
6 100 88
6 106 18
6 109 71
6 119 18
6 121 44
6 124 82
6 126 2
6 127 62
6 133 69
6 136 27
6 137 52
6 139 1
6 140 62
6 142 30
6 145 90
6 146 36
6 147 45
7 8 86
7 9 84
7 12 7
7 13 48
7 17 21
7 21 28
7 22 39
7 23 14
7 26 19
7 28 76
7 30 86
7 31 55
7 33 100
7 36 17
7 38 75
7 42 94
7 43 95
7 44 53
7 47 18
7 49 95
7 53 95
7 56 35
7 57 27
7 60 74
7 62 84
7 64 71
7 67 4
7 69 83
7 70 70
7 71 41
7 75 35
7 79 2
7 80 86
7 83 84
7 85 21
7 92 66
7 94 30
7 97 18
7 99 35
7 102 47
7 103 13
7 110 18
7 111 26
7 113 78
7 115 14
7 116 4
7 118 13
7 121 35
7 122 55
7 123 5
7 129 80
7 134 16
7 142 7
7 146 42
7 147 18
8 9 98
8 11 72
8 15 48
8 19 88
8 20 70
8 22 15
8 24 93
8 25 46
8 29 17
8 33 60
8 35 30
8 37 11
8 47 18
8 48 49
8 51 5
8 52 5
8 55 2
8 57 42
8 59 50
8 61 7
8 65 44
8 67 6
8 69 20
8 71 30
8 77 37
8 80 8
8 81 11
8 82 27
8 85 14
8 87 2
8 89 93
8 91 9
8 94 41
8 96 53
8 98 45
8 99 36
8 102 29
8 104 48
8 105 30
8 108 10
8 110 99
8 114 72
8 117 36
8 118 57
8 120 2
8 123 15
8 124 25
8 127 25
8 129 39
8 130 46
8 133 11
8 140 8
8 141 82
8 142 4
8 144 13
9 11 43
9 15 59
9 17 44
9 20 24
9 23 49
9 28 99
9 30 31
9 31 5
9 34 56
9 38 73
9 44 8
9 50 32
9 55 86
9 57 71
9 58 3
9 64 44
9 68 20
9 72 54
9 75 13
9 77 21
9 78 59
9 80 58
9 84 86
9 85 84
9 86 15
9 87 21
9 90 7
9 91 99
9 93 70
9 95 7
9 99 95
9 101 83
9 103 7
9 105 58
9 106 69
9 110 81
9 114 88
9 116 2
9 117 97
9 119 48
9 126 84
9 128 32
9 130 44
9 131 16
9 132 67
9 134 6
9 137 54
9 139 87
9 140 36
9 143 16
9 145 13
9 146 50
9 149 87
10 12 72
10 15 71
10 17 40
10 18 56
10 21 90
10 25 61
10 26 12
10 27 50
10 30 23
10 32 80
10 37 98
10 39 18
10 41 27
10 42 63
10 43 52
10 52 97
10 55 22
10 56 21
10 59 69
10 60 45
10 61 31
10 62 74
10 63 96
10 64 30
10 74 18
10 76 24
10 78 31
10 80 71
10 82 96
10 84 86
10 85 91
10 86 15
10 87 56
10 89 61
10 92 19
10 95 45
10 96 33
10 101 33
10 102 87
10 106 69
10 114 3
10 118 14
10 124 87
10 125 65
10 128 19
10 130 40
10 134 68
10 135 2
10 138 92
10 140 66
10 141 69
10 145 38
11 16 13
11 17 67
11 18 27
11 19 81
11 24 27
11 25 20
11 28 5
11 30 18
11 31 78
11 32 68
11 33 64
11 35 4
11 37 96
11 40 90
11 41 25
11 42 76
11 46 14
11 49 41
11 52 97
11 53 36
11 59 46
11 60 24
11 64 30
11 68 24
11 69 91
11 75 63
11 76 74
11 77 19
11 84 56
11 87 94
11 94 9
11 99 24
11 101 93
11 103 92
11 105 50
11 107 6
11 108 99
11 109 39
11 111 43
11 112 100
11 114 12
11 116 48
11 117 19
11 118 15
11 119 46
11 120 38
11 125 13
11 136 56
11 139 13
11 146 96
11 147 82
11 148 85
11 149 33
12 13 65
12 15 71
12 18 63
12 21 89
12 25 47
12 27 85
12 28 32
12 29 70
12 30 46
12 32 84
12 36 31
12 37 15
12 42 29
12 43 4
12 46 29
12 47 54
12 49 67
12 55 65
12 56 89
12 58 32
12 70 9
12 79 26
12 81 27
12 85 74
12 88 22
12 90 11
12 93 34
12 98 5
12 99 10
12 100 37
12 101 91
12 103 72
12 106 21
12 107 88
12 108 24
12 112 95
12 115 96
12 116 70
12 117 12
12 122 71
12 125 69
12 126 93
12 127 57
12 129 92
12 130 95
12 131 29
12 132 35
12 134 79
12 136 23
12 138 34
12 139 47
12 143 2
12 144 51
12 145 49
12 149 32
12 150 64
13 15 72
13 17 47
13 18 75
13 23 28
13 24 55
13 26 67
13 31 21
13 32 23
13 33 5
13 36 69
13 37 75
13 40 4
13 42 39
13 44 19
13 45 84
13 56 1
13 57 95
13 58 57
13 59 83
13 63 46
13 71 3
13 72 50
13 73 42
13 75 54
13 77 42
13 79 68
13 80 94
13 81 68
13 82 91
13 84 23
13 85 92
13 86 30
13 90 95
13 91 77
13 96 77
13 99 86
13 102 87
13 103 26
13 108 62
13 109 25
13 110 4
13 112 16
13 113 5
13 114 79
13 115 76
13 116 57
13 117 84
13 122 94
13 126 87
13 129 65
13 130 17
13 132 59
13 134 22
13 138 61
13 139 94
13 140 24
13 142 1
13 146 100
13 150 18
14 17 79
14 19 34
14 21 98
14 22 59
14 25 2
14 29 39
14 33 78
14 35 97
14 38 4
14 39 25
14 41 43
14 42 80
14 46 8
14 48 57
14 50 41
14 55 4
14 57 36
14 60 86
14 62 40
14 64 50
14 65 25
14 67 88
14 68 17
14 70 4
14 71 63
14 76 27
14 78 97
14 79 52
14 81 95
14 85 96
14 87 8
14 88 17
14 90 35
14 92 16
14 98 13
14 105 51
14 107 15
14 110 73
14 111 54
14 113 17
14 118 46
14 126 35
14 131 22
14 133 32
14 134 99
14 137 54
14 139 88
14 140 6
14 141 90
14 142 70
14 143 9
14 144 63
14 150 12
15 16 24
15 18 56
15 19 16
15 22 53
15 24 4
15 25 3
15 30 22
15 31 17
15 32 89
15 38 74
15 41 76
15 42 57
15 45 22
15 47 38
15 56 39
15 60 85
15 61 90
15 62 11
15 63 3
15 64 77
15 65 59
15 69 81
15 73 73
15 74 81
15 75 55
15 80 77
15 85 68
15 86 55
15 87 23
15 89 98
15 91 57
15 97 48
15 100 11
15 102 35
15 108 29
15 109 53
15 110 48
15 111 85
15 113 73
15 114 14
15 115 3
15 116 39
15 121 55
15 122 86
15 129 60
15 131 57
15 132 35
15 135 8
15 139 65
15 140 39
15 141 37
15 148 39
16 17 96
16 19 67
16 21 47
16 25 81
16 26 87
16 28 18
16 29 4
16 30 41
16 31 38
16 33 98
16 37 64
16 38 60
16 39 2
16 40 12
16 44 25
16 45 33
16 51 52
16 52 57
16 55 59
16 56 78
16 57 92
16 58 97
16 62 55
16 64 68
16 65 97
16 67 52
16 69 100
16 70 29
16 72 44
16 79 9
16 81 29
16 84 19
16 85 22
16 86 92
16 92 88
16 96 38
16 98 34
16 99 23
16 104 63
16 105 3
16 108 44
16 109 29
16 110 52
16 113 44
16 118 35
16 119 8
16 120 20
16 121 76
16 125 12
16 127 23
16 129 94
16 130 1
16 133 50
16 136 49
16 138 58
16 139 57
16 140 52
16 141 77
16 142 46
16 145 62
16 146 76
16 147 60
16 149 51
16 150 46
17 19 67
17 24 22
17 25 60
17 28 53
17 29 75
17 30 87
17 32 93
17 34 36
17 36 36
17 37 96
17 38 35
17 43 29
17 45 31
17 46 18
17 48 14
17 51 93
17 55 52
17 56 45
17 58 45
17 59 88
17 61 82
17 65 90
17 66 26
17 69 59
17 70 23
17 72 41
17 78 27
17 79 100
17 83 9
17 89 9
17 90 95
17 92 79
17 93 33
17 98 37
17 99 89
17 103 34
17 110 48
17 113 81
17 114 43
17 117 27
17 118 59
17 122 55
17 125 46
17 129 41
17 131 52
17 134 4
17 137 88
17 139 97
17 140 9
17 142 32
17 143 31
17 144 36
18 19 34
18 21 4
18 22 71
18 23 41
18 25 16
18 26 76
18 29 37
18 30 54
18 32 82
18 34 63
18 36 57
18 37 15
18 43 97
18 44 22
18 45 76
18 48 76
18 53 3
18 54 28
18 64 94
18 80 62
18 81 90
18 83 67
18 86 7
18 90 97
18 98 46
18 101 70
18 103 52
18 104 58
18 106 96
18 109 78
18 110 89
18 111 82
18 113 21
18 115 29
18 116 53
18 124 34
18 126 83
18 127 80
18 128 70
18 130 58
18 131 58
18 134 41
18 135 55
18 136 95
18 137 81
18 139 5
18 141 100
18 145 60
18 146 37
18 147 44
18 148 23
19 21 8
19 23 7
19 25 2
19 27 49
19 28 76
19 31 64
19 34 80
19 40 68
19 41 16
19 43 21
19 45 49
19 46 23
19 47 92
19 49 92
19 51 22
19 52 85
19 55 17
19 58 46
19 60 19
19 65 41
19 74 29
19 75 18
19 80 9
19 86 6
19 87 90
19 88 22
19 90 58
19 93 91
19 94 69
19 97 82
19 98 69
19 99 78
19 100 79
19 102 80
19 104 74
19 109 34
19 118 48
19 119 64
19 122 59
19 124 8
19 131 99
19 132 83
19 133 91
19 137 8
19 139 68
19 142 15
19 147 86
20 25 81
20 27 74
20 28 92
20 32 78
20 34 37
20 35 30
20 36 45
20 41 85
20 42 34
20 44 77
20 48 97
20 49 18
20 52 46
20 54 45
20 56 54
20 58 96
20 61 35
20 62 74
20 66 78
20 67 10
20 68 44
20 74 54
20 75 89
20 76 96
20 79 59
20 80 79
20 85 86
20 91 6
20 96 53
20 97 75
20 100 10
20 101 67
20 105 99
20 108 42
20 110 7
20 111 22
20 116 96
20 117 21
20 120 63
20 123 92
20 127 99
20 129 85
20 130 12
20 131 66
20 134 76
20 138 98
20 139 62
20 140 66
20 144 72
21 22 4
21 25 100
21 26 58
21 34 52
21 36 26
21 42 84
21 45 20
21 46 9
21 47 27
21 48 67
21 50 24
21 55 99
21 57 88
21 59 77
21 62 36
21 64 62
21 65 12
21 68 2
21 75 36
21 78 14
21 79 67
21 80 1
21 81 37
21 88 52
21 89 70
21 91 72
21 93 11
21 98 42
21 99 27
21 103 50
21 111 91
21 115 64
21 116 12
21 117 49
21 119 52
21 121 23
21 125 58
21 128 4
21 129 42
21 130 82
21 131 19
21 136 25
21 138 96
21 139 73
21 143 80
21 145 19
21 149 28
22 25 8
22 26 45
22 40 9
22 41 72
22 45 95
22 46 6
22 47 72
22 50 100
22 52 20
22 53 52
22 57 53
22 61 56
22 64 66
22 65 96
22 66 20
22 68 19
22 71 6
22 73 81
22 75 57
22 76 9
22 79 24
22 80 88
22 85 14
22 86 69
22 87 32
22 88 49
22 90 58
22 92 45
22 94 94
22 95 97
22 96 41
22 99 1
22 102 95
22 106 52
22 107 97
22 109 66
22 115 11
22 117 10
22 118 90
22 120 26
22 122 12
22 123 38
22 127 66
22 130 20
22 131 73
22 132 49
22 134 15
22 135 82
22 137 55
22 140 94
22 143 54
22 144 73
22 149 82
22 150 99
23 24 95
23 27 69
23 29 95
23 31 62
23 36 95
23 39 1
23 40 41
23 42 6
23 45 13
23 47 11
23 48 67
23 49 21
23 51 16
23 52 98
23 54 79
23 55 31
23 56 78
23 57 12
23 59 79
23 64 12
23 67 70
23 68 13
23 70 29
23 71 73
23 76 40
23 77 64
23 78 76
23 83 83
23 84 20
23 85 58
23 88 50
23 95 54
23 97 53
23 98 48
23 99 22
23 101 21
23 103 96
23 104 13
23 105 74
23 109 9
23 110 71
23 113 4
23 117 13
23 121 15
23 124 81
23 127 71
23 128 19
23 135 96
23 136 99
23 141 82
23 142 59
23 144 10
23 147 44
24 26 33
24 34 77
24 37 55
24 40 57
24 41 87
24 42 13
24 43 26
24 47 22
24 49 59
24 51 94
24 53 20
24 55 56
24 56 68
24 58 68
24 59 29
24 65 88
24 71 36
24 72 32
24 75 45
24 76 70
24 77 86
24 81 51
24 82 83
24 84 71
24 96 79
24 98 62
24 100 58
24 102 85
24 105 84
24 106 51
24 108 65
24 109 45
24 110 57
24 112 41
24 114 26
24 116 50
24 119 22
24 120 12
24 122 13
24 123 5
24 124 23
24 126 77
24 128 91
24 131 39
24 134 45
24 139 25
24 141 53
24 145 28
24 146 83
24 147 52
25 28 13
25 29 83
25 32 82
25 33 87
25 34 58
25 38 35
25 39 41
25 40 80
25 43 37
25 52 55
25 53 86
25 64 2
25 65 19
25 66 79
25 68 10
25 73 57
25 76 82
25 78 37
25 81 87
25 82 20
25 85 83
25 86 40
25 87 74
25 91 15
25 94 80
25 99 72
25 100 60
25 102 79
25 104 33
25 108 26
25 109 84
25 110 98
25 114 54
25 118 17
25 119 25
25 123 80
25 127 23
25 129 36
25 133 68
25 135 40
25 136 80
25 138 71
25 143 53
25 146 92
25 150 15
26 29 38
26 30 7
26 33 23
26 34 44
26 44 14
26 45 92
26 46 54
26 48 52
26 54 72
26 56 27
26 57 86
26 59 69
26 60 86
26 64 78
26 66 14
26 68 43
26 70 66
26 71 75
26 72 64
26 74 10
26 75 81
26 78 3
26 79 77
26 82 50
26 85 74
26 86 65
26 90 13
26 91 15
26 92 20
26 94 49
26 95 76
26 97 8
26 105 93
26 114 16
26 121 8
26 125 92
26 127 49
26 128 94
26 138 13
26 141 12
26 142 14
26 145 67
26 148 81
26 150 60
27 29 53
27 30 3
27 35 43
27 36 13
27 37 46
27 38 90
27 41 51
27 42 71
27 47 50
27 49 95
27 53 2
27 55 19
27 58 36
27 61 27
27 62 73
27 63 63
27 64 97
27 66 36
27 68 92
27 69 17
27 70 1
27 72 36
27 76 46
27 82 55
27 87 51
27 88 79
27 90 94
27 91 100
27 94 64
27 95 20
27 98 16
27 100 69
27 106 14
27 109 25
27 113 59
27 115 63
27 119 23
27 120 23
27 122 62
27 123 65
27 126 74
27 130 90
27 135 80
27 137 42
27 140 21
27 142 33
27 144 23
27 148 70
27 149 32
28 32 58
28 35 94
28 38 72
28 41 34
28 45 59
28 48 33
28 53 49
28 63 85
28 65 72
28 66 60
28 67 30
28 73 43
28 77 52
28 80 78
28 85 67
28 87 2
28 88 56
28 90 78
28 92 12
28 95 17
28 96 30
28 97 69
28 98 4
28 102 14
28 104 12
28 109 18
28 112 81
28 114 35
28 115 15
28 116 52
28 117 94
28 118 56
28 120 34
28 121 68
28 125 38
28 126 39
28 127 63
28 128 85
28 131 2
28 133 97
28 134 73
28 138 62
28 140 87
28 141 58
28 149 50
28 150 88
29 31 91
29 32 36
29 37 54
29 39 81
29 43 38
29 45 33
29 47 53
29 48 31
29 55 81
29 56 14
29 61 58
29 62 73
29 63 28
29 64 58
29 66 74
29 67 67
29 70 98
29 71 60
29 80 30
29 83 6
29 84 18
29 88 17
29 89 100
29 90 31
29 93 75
29 98 17
29 99 10
29 100 47
29 101 4
29 104 78
29 106 75
29 113 38
29 114 99
29 116 9
29 127 13
29 128 93
29 132 83
29 133 11
29 136 59
29 137 64
29 140 67
29 141 12
29 142 72
29 144 2
29 145 94
29 146 5
30 31 28
30 32 13
30 36 25
30 38 48
30 39 30
30 44 20
30 48 88
30 49 67
30 50 39
30 51 77
30 52 20
30 53 77
30 54 19
30 55 64
30 56 98
30 57 27
30 58 2
30 62 41
30 66 84
30 67 74
30 69 39
30 70 87
30 72 46
30 73 30
30 74 22
30 76 21
30 77 63
30 79 26
30 81 9
30 85 66
30 89 31
30 90 68
30 92 30
30 93 19
30 94 89
30 96 12
30 97 20
30 102 25
30 104 96
30 105 37
30 107 26
30 111 24
30 115 39
30 117 97
30 122 87
30 126 79
30 128 92
30 131 63
30 133 70
30 135 48
30 136 42
30 137 89
30 138 18
30 139 30
30 143 19
30 145 6
30 146 13
30 147 22
30 149 5
30 150 34
31 32 98
31 34 38
31 40 26
31 44 67
31 45 100
31 50 52
31 53 49
31 54 32
31 56 47
31 57 86
31 59 82
31 61 5
31 62 44
31 63 2
31 64 29
31 66 90
31 67 48
31 69 9
31 70 97
31 72 66
31 76 97
31 77 1
31 78 58
31 82 32
31 86 66
31 87 70
31 88 16
31 91 27
31 94 17
31 96 76
31 100 42
31 101 6
31 102 32
31 104 18
31 106 56
31 108 71
31 109 24
31 115 56
31 120 23
31 122 37
31 124 98
31 125 35
31 126 16
31 128 37
31 130 37
31 135 14
31 139 86
31 143 22
31 146 23
31 149 88
31 150 40
32 33 46
32 34 16
32 43 7
32 44 29
32 45 27
32 46 87
32 54 57
32 56 78
32 67 4
32 68 18
32 69 16
32 72 95
32 77 31
32 78 65
32 79 55
32 86 90
32 89 77
32 95 26
32 96 14
32 97 55
32 99 14
32 102 4
32 103 66
32 109 63
32 113 69
32 114 7
32 115 90
32 118 60
32 128 78
32 134 59
32 135 49
32 138 41
32 139 90
32 140 27
32 143 57
32 146 3
32 150 59
33 36 5
33 40 47
33 41 51
33 42 22
33 46 50
33 48 56
33 49 17
33 52 98
33 53 1
33 55 54
33 58 4
33 59 76
33 63 21
33 66 54
33 70 6
33 71 50
33 73 94
33 75 4
33 76 30
33 80 71
33 86 8
33 88 14
33 91 26
33 95 39
33 98 15
33 100 40
33 103 74
33 106 54
33 110 95
33 111 56
33 114 74
33 116 84
33 118 24
33 120 68
33 121 87
33 130 13
33 131 45
33 133 12
33 134 80
33 135 7
33 136 47
33 141 89
33 144 31
34 35 39
34 36 3
34 38 66
34 39 30
34 41 60
34 43 35
34 46 21
34 47 6
34 48 28
34 50 36
34 55 17
34 58 31
34 59 71
34 62 18
34 65 9
34 69 80
34 76 4
34 78 1
34 80 37
34 83 20
34 85 11
34 87 81
34 89 24
34 90 6
34 94 17
34 98 4
34 102 36
34 103 27
34 112 80
34 113 93
34 115 78
34 118 46
34 121 81
34 123 83
34 126 37
34 127 11
34 128 23
34 130 45
34 135 99
34 137 46
34 141 47
34 142 49
34 144 14
34 146 43
34 148 92
34 149 41
35 36 78
35 46 54
35 47 77
35 48 43
35 50 60
35 51 82
35 52 69
35 54 23
35 60 95
35 61 54
35 62 88
35 63 7
35 65 34
35 66 31
35 70 20
35 71 91
35 73 66
35 74 97
35 75 63
35 76 17
35 78 95
35 79 10
35 80 70
35 88 14
35 101 81
35 104 19
35 106 47
35 107 31
35 108 38
35 109 99
35 113 73
35 114 37
35 115 90
35 117 28
35 118 97
35 123 92
35 126 69
35 127 82
35 131 96
35 134 9
35 136 80
35 137 98
35 141 41
35 143 43
35 144 46
35 146 66
36 39 12
36 42 6
36 44 71
36 47 67
36 49 51
36 52 28
36 54 97
36 56 31
36 57 91
36 58 44
36 59 66
36 61 29
36 70 67
36 71 29
36 73 16
36 75 51
36 78 79
36 79 20
36 81 74
36 83 91
36 85 66
36 86 39
36 90 32
36 91 18
36 95 40
36 102 92
36 108 81
36 111 85
36 113 27
36 115 36
36 117 38
36 118 56
36 120 13
36 121 23
36 126 78
36 127 73
36 129 6
36 131 18
36 135 27
36 138 54
36 142 11
36 144 23
36 145 80
36 148 34
36 149 95
36 150 1
37 40 84
37 41 36
37 52 74
37 53 35
37 55 29
37 60 100
37 63 95
37 64 43
37 66 34
37 69 65
37 70 3
37 76 52
37 77 15
37 78 51
37 79 56
37 81 16
37 82 54
37 85 61
37 86 67
37 87 72
37 88 43
37 89 47
37 91 45
37 95 77
37 96 39
37 97 26
37 101 37
37 109 71
37 110 26
37 111 2
37 113 42
37 114 17
37 117 23
37 118 86
37 120 3
37 122 39
37 125 86
37 126 76
37 128 22
37 133 85
37 135 4
37 137 13
37 138 19
37 139 79
37 142 47
37 145 86
37 146 1
37 149 89
37 150 15
38 41 36
38 42 93
38 43 52
38 46 84
38 50 70
38 51 100
38 52 8
38 56 28
38 57 23
38 59 84
38 60 1
38 63 50
38 65 8
38 66 3
38 68 2
38 77 27
38 81 40
38 87 12
38 89 100
38 90 60
38 91 89
38 92 90
38 94 41
38 95 11
38 104 21
38 107 42
38 108 8
38 111 5
38 114 54
38 117 79
38 118 41
38 121 34
38 122 96
38 123 48
38 124 61
38 126 1
38 136 98
38 137 63
38 138 44
38 139 66
38 140 83
38 144 76
38 146 89
38 147 98
39 41 63
39 42 29
39 43 33
39 44 30
39 47 55
39 48 89
39 50 54
39 52 82
39 53 80
39 58 6
39 62 88
39 64 83
39 67 18
39 68 97
39 70 17
39 71 94
39 72 97
39 75 57
39 78 81
39 79 59
39 85 8
39 90 80
39 93 13
39 96 56
39 99 66
39 101 46
39 104 72
39 106 86
39 111 57
39 112 20
39 116 68
39 117 89
39 118 19
39 121 99
39 122 72
39 125 51
39 131 70
39 132 88
39 134 74
39 135 78
39 137 5
39 138 21
39 141 96
39 142 15
39 144 13
39 145 6
39 149 93
40 43 65
40 45 53
40 49 14
40 50 81
40 55 46
40 60 37
40 61 45
40 64 20
40 65 96
40 67 100
40 69 22
40 74 59
40 75 38
40 77 81
40 81 66
40 82 84
40 91 97
40 92 13
40 95 74
40 100 59
40 101 36
40 103 31
40 104 25
40 106 86
40 108 42
40 110 92
40 114 18
40 115 90
40 117 37
40 129 5
40 130 28
40 133 41
40 137 36
40 139 6
40 140 40
40 141 74
41 43 17
41 46 92
41 47 78
41 52 52
41 55 40
41 59 62
41 64 8
41 65 70
41 67 78
41 69 7
41 72 11
41 73 73
41 74 96
41 77 32
41 78 92
41 79 100
41 80 83
41 81 79
41 82 64
41 84 45
41 85 31
41 88 67
41 92 93
41 93 47
41 95 39
41 96 98
41 97 77
41 100 28
41 101 12
41 102 76
41 107 81
41 109 31
41 111 36
41 115 30
41 117 92
41 118 77
41 121 31
41 123 66
41 127 29
41 128 61
41 129 55
41 130 30
41 136 20
41 140 2
41 141 43
41 144 90
41 146 62
41 148 22
41 149 21
42 43 43
42 45 15
42 46 12
42 48 21
42 53 25
42 54 74
42 55 67
42 57 37
42 58 97
42 59 27
42 61 15
42 65 28
42 67 56
42 70 64
42 71 7
42 72 84
42 74 25
42 84 78
42 87 99
42 88 1
42 90 27
42 92 23
42 95 5
42 96 60
42 97 68
42 98 68
42 104 73
42 105 41
42 106 87
42 107 31
42 108 23
42 109 6
42 111 12
42 112 51
42 113 24
42 116 94
42 117 35
42 119 65
42 120 4
42 122 32
42 124 7
42 125 11
42 126 56
42 127 87
42 130 93
42 138 3
42 140 84
42 142 51
42 143 93
42 149 67
42 150 8
43 44 61
43 45 94
43 48 42
43 49 52
43 51 26
43 55 63
43 56 58
43 57 46
43 59 38
43 60 39
43 62 38
43 63 74
43 65 43
43 67 39
43 71 3
43 73 32
43 79 41
43 80 77
43 84 31
43 87 18
43 91 11
43 94 90
43 96 53
43 98 52
43 102 88
43 107 57
43 108 91
43 109 17
43 111 25
43 112 35
43 115 88
43 117 32
43 127 96
43 130 5
43 133 93
43 139 89
43 141 97
43 143 67
43 148 84
44 46 46
44 47 30
44 48 24
44 52 99
44 54 53
44 55 30
44 57 13
44 59 21
44 60 69
44 64 72
44 66 51
44 68 33
44 69 36
44 73 51
44 76 10
44 82 81
44 84 28
44 86 64
44 93 28
44 94 23
44 96 85
44 97 5
44 98 2
44 99 95
44 100 91
44 101 3
44 105 25
44 106 87
44 107 28
44 113 50
44 114 18
44 117 91
44 118 82
44 121 97
44 123 45
44 124 49
44 126 92
44 127 55
44 128 68
44 132 94
44 136 75
44 138 3
44 140 100
44 143 40
44 146 62
44 150 69
45 47 18
45 48 91
45 49 68
45 50 99
45 52 39
45 53 16
45 55 51
45 56 57
45 57 20
45 58 77
45 59 46
45 60 83
45 62 93
45 63 33
45 64 65
45 65 77
45 66 87
45 67 27
45 68 53
45 70 17
45 71 6
45 75 85
45 77 62
45 81 22
45 83 15
45 86 95
45 87 51
45 93 73
45 98 80
45 100 19
45 103 87
45 104 59
45 105 90
45 110 18
45 112 12
45 115 10
45 116 95
45 118 94
45 122 52
45 124 84
45 129 90
45 131 41
45 132 55
45 134 2
45 138 47
45 141 1
45 142 49
45 144 60
45 146 29
46 48 36
46 49 9
46 54 20
46 55 62
46 56 5
46 57 92
46 59 14
46 60 62
46 61 71
46 64 48
46 65 55
46 66 85
46 68 25
46 78 82
46 85 75
46 90 92
46 95 3
46 99 75
46 101 6
46 105 6
46 111 82
46 112 6
46 114 46
46 115 77
46 117 81
46 120 68
46 121 51
46 123 60
46 128 17
46 129 22
46 130 65
46 132 16
46 133 57
46 134 52
46 135 28
46 136 13
46 137 50
46 142 10
46 146 42
46 147 49
46 149 99
47 48 72
47 49 31
47 51 82
47 53 97
47 54 43
47 56 79
47 58 85
47 59 60
47 62 23
47 63 67
47 65 62
47 66 24
47 68 81
47 69 96
47 71 72
47 72 80
47 74 94
47 75 52
47 79 20
47 83 30
47 85 91
47 86 21
47 87 20
47 89 61
47 93 76
47 95 30
47 98 65
47 101 83
47 102 46
47 107 3
47 108 96
47 113 55
47 115 16
47 119 35
47 121 69
47 122 64
47 123 59
47 124 64
47 125 52
47 128 81
47 130 49
47 133 23
47 137 29
47 142 17
47 145 81
47 146 71
47 148 81
47 150 65
48 50 92
48 51 22
48 54 44
48 62 95
48 63 48
48 65 38
48 66 22
48 71 7
48 75 34
48 78 90
48 79 25
48 81 95
48 83 46
48 84 74
48 86 93
48 87 38
48 91 17
48 92 6
48 93 33
48 96 40
48 97 85
48 98 79
48 100 91
48 102 2
48 104 94
48 105 54
48 106 6
48 112 57
48 115 18
48 117 41
48 118 86
48 123 90
48 124 81
48 129 99
48 130 49
48 132 21
48 133 92
48 135 94
48 137 41
48 138 69
48 141 29
48 143 23
48 148 62
48 149 23
49 50 72
49 52 29
49 56 37
49 58 45
49 68 45
49 71 44
49 72 98
49 76 29
49 77 63
49 78 22
49 81 33
49 84 89
49 86 85
49 88 67
49 93 2
49 96 60
49 97 14
49 99 88
49 101 12
49 102 100
49 103 31
49 105 30
49 106 79
49 108 48
49 110 86
49 113 100
49 114 15
49 122 39
49 124 18
49 135 80
49 137 64
49 140 78
49 141 49
49 144 72
49 146 18
50 51 93
50 54 12
50 56 94
50 58 25
50 59 71
50 60 6
50 61 48
50 64 75
50 66 23
50 67 1
50 69 76
50 71 37
50 75 83
50 76 27
50 77 7
50 80 42
50 81 65
50 82 95
50 86 12
50 87 91
50 88 87
50 89 51
50 91 28
50 96 83
50 98 49
50 100 57
50 107 13
50 110 99
50 111 71
50 114 91
50 119 54
50 121 61
50 127 59
50 132 66
50 134 58
50 135 97
50 138 62
50 141 13
50 144 51
50 147 89
50 150 97
51 52 13
51 53 23
51 61 59
51 63 20
51 68 95
51 71 65
51 75 57
51 79 91
51 81 56
51 82 3
51 85 82
51 87 64
51 90 74
51 93 24
51 95 21
51 98 59
51 99 37
51 100 43
51 101 87
51 104 94
51 106 72
51 107 32
51 111 77
51 112 47
51 115 87
51 118 60
51 125 95
51 128 18
51 129 15
51 131 56
51 141 91
51 142 88
51 144 33
51 145 62
51 149 16
51 150 36
52 58 14
52 60 93
52 61 88
52 65 91
52 69 71
52 75 66
52 76 40
52 78 11
52 82 28
52 84 18
52 87 92
52 91 71
52 92 44
52 93 76
52 94 96
52 96 29
52 97 71
52 101 94
52 103 94
52 104 33
52 105 54
52 107 47
52 109 25
52 110 59
52 115 71
52 116 90
52 123 61
52 124 50
52 128 99
52 131 42
52 134 1
52 135 76
52 137 5
52 142 7
52 145 43
52 148 6
52 149 47
53 55 19
53 57 76
53 59 55
53 60 95
53 66 42
53 69 87
53 72 98
53 74 45
53 80 33
53 82 17
53 83 80
53 85 6
53 86 17
53 88 69
53 90 95
53 92 21
53 95 74
53 98 74
53 103 48
53 106 20
53 107 36
53 112 78
53 113 10
53 114 80
53 124 100
53 125 35
53 127 45
53 129 56
53 130 100
53 132 31
53 134 46
53 141 52
53 142 26
53 144 57
53 148 4
53 150 24
54 58 87
54 59 13
54 64 36
54 65 66
54 68 20
54 71 77
54 73 88
54 74 82
54 80 64
54 81 90
54 82 30
54 83 7
54 84 85
54 86 39
54 87 35
54 88 56
54 89 2
54 93 83
54 96 11
54 104 30
54 106 78
54 108 6
54 110 95
54 118 4
54 119 38
54 122 42
54 123 48
54 132 88
54 136 25
54 139 17
54 142 17
54 146 57
54 148 92
54 149 30
54 150 68
55 56 89
55 58 95
55 59 30
55 62 46
55 64 63
55 66 39
55 67 37
55 69 11
55 70 27
55 71 28
55 72 95
55 76 19
55 80 58
55 81 69
55 82 67
55 83 54
55 84 70
55 85 31
55 87 69
55 91 51
55 92 11
55 95 62
55 97 46
55 100 32
55 101 50
55 104 67
55 105 23
55 106 94
55 108 83
55 112 60
55 114 50
55 115 52
55 117 37
55 120 90
55 121 58
55 125 80
55 128 39
55 130 26
55 133 84
55 136 79
55 141 50
55 142 27
55 143 33
55 145 71
55 146 28
55 149 99
56 60 49
56 61 15
56 62 30
56 66 5
56 67 23
56 69 65
56 70 76
56 71 32
56 73 57
56 74 63
56 75 28
56 77 7
56 81 75
56 84 21
56 91 53
56 95 30
56 96 14
56 99 29
56 100 16
56 102 92
56 105 57
56 108 88
56 109 7
56 111 56
56 113 39
56 114 93
56 115 48
56 116 53
56 118 47
56 125 84
56 127 33
56 128 75
56 131 10
56 132 22
56 135 86
56 136 88
56 138 5
56 139 42
56 140 57
56 142 35
56 146 73
56 149 86
57 59 2
57 62 30
57 67 38
57 72 37
57 74 70
57 80 43
57 84 9
57 86 61
57 89 40
57 90 18
57 98 9
57 99 61
57 103 69
57 104 57
57 106 31
57 107 24
57 108 35
57 109 60
57 110 65
57 112 32
57 114 34
57 116 23
57 117 94
57 118 50
57 123 64
57 125 46
57 126 70
57 129 50
57 130 41
57 132 16
57 133 66
57 135 47
57 139 68
57 141 84
57 146 26
57 147 49
58 62 77
58 63 34
58 65 42
58 66 37
58 68 67
58 69 31
58 71 79
58 73 43
58 74 26
58 76 17
58 77 62
58 78 30
58 81 16
58 85 19
58 89 21
58 96 98
58 97 34
58 105 6
58 110 43
58 111 4
58 122 48
58 124 41
58 125 50
58 128 65
58 134 29
58 137 81
58 139 99
58 143 26
58 147 28
58 150 96
59 61 76
59 62 18
59 63 70
59 66 3
59 69 86
59 72 83
59 77 21
59 79 15
59 80 30
59 81 65
59 85 52
59 86 46
59 89 11
59 90 10
59 92 10
59 93 15
59 95 2
59 97 12
59 100 48
59 103 9
59 106 73
59 107 8
59 112 23
59 115 80
59 118 36
59 120 54
59 124 18
59 125 62
59 129 47
59 130 45
59 132 59
59 134 19
59 135 12
59 138 44
59 139 41
59 140 92
59 144 81
59 145 35
59 146 74
59 147 95
60 63 19
60 65 59
60 66 55
60 78 28
60 79 66
60 80 68
60 81 3
60 83 76
60 84 53
60 88 4
60 91 63
60 93 31
60 101 48
60 103 15
60 104 69
60 106 27
60 111 20
60 115 34
60 118 90
60 120 63
60 125 24
60 126 11
60 132 78
60 134 72
60 137 15
60 146 23
61 63 6
61 64 31
61 68 34
61 75 56
61 76 13
61 82 44
61 84 76
61 90 10
61 93 60
61 96 36
61 98 92
61 99 66
61 103 5
61 104 53
61 105 31
61 107 18
61 114 30
61 115 54
61 118 53
61 124 52
61 127 17
61 129 11
61 134 27
61 142 97
61 144 11
61 145 35
61 147 16
61 148 2
61 150 77
62 63 93
62 69 48
62 72 75
62 74 34
62 75 58
62 78 27
62 84 31
62 85 31
62 86 39
62 87 76
62 88 11
62 92 59
62 94 31
62 95 31
62 96 94
62 97 77
62 101 36
62 102 48
62 104 93
62 106 84
62 108 17
62 110 98
62 111 40
62 113 87
62 120 86
62 121 33
62 126 73
62 127 69
62 129 18
62 130 9
62 132 68
62 135 14
62 138 84
62 141 96
62 143 65
62 146 12
62 149 60
62 150 36
63 66 43
63 69 19
63 70 34
63 73 98
63 76 59
63 78 73
63 79 51
63 84 67
63 85 32
63 88 99
63 90 63
63 91 23
63 99 96
63 102 92
63 104 76
63 105 63
63 106 41
63 108 69
63 109 64
63 110 16
63 112 24
63 118 76
63 120 22
63 123 28
63 124 53
63 127 39
63 129 48
63 137 95
63 141 30
63 143 14
63 144 11
63 147 72
63 148 91
64 66 59
64 68 74
64 72 98
64 74 65
64 78 6
64 81 85
64 82 59
64 85 12
64 87 90
64 90 30
64 91 29
64 103 55
64 105 37
64 106 96
64 108 33
64 109 43
64 111 6
64 115 36
64 117 4
64 119 39
64 120 54
64 122 57
64 123 87
64 124 92
64 126 28
64 128 65
64 130 84
64 134 62
64 137 68
64 141 13
64 142 82
64 143 38
64 144 26
64 150 43
65 67 75
65 68 33
65 75 100
65 76 79
65 78 68
65 86 97
65 88 46
65 91 8
65 94 86
65 98 14
65 101 38
65 105 91
65 107 86
65 108 45
65 109 32
65 110 1
65 113 55
65 115 71
65 116 20
65 117 96
65 119 57
65 120 84
65 123 7
65 125 100
65 127 22
65 128 61
65 129 60
65 131 69
65 132 87
65 133 79
65 137 8
65 142 56
65 143 58
65 148 81
65 149 93
66 67 83
66 71 75
66 72 21
66 73 90
66 79 20
66 80 80
66 85 49
66 88 80
66 92 97
66 94 59
66 95 63
66 104 42
66 105 87
66 113 30
66 117 92
66 121 88
66 124 79
66 137 16
66 140 24
66 142 76
66 143 86
66 145 83
66 146 51
66 149 49
66 150 58
67 70 33
67 74 14
67 80 28
67 81 40
67 84 15
67 88 73
67 90 14
67 91 19
67 92 99
67 93 64
67 94 31
67 96 10
67 99 78
67 100 70
67 106 50
67 108 86
67 110 61
67 114 61
67 116 59
67 117 89
67 121 94
67 128 92
67 129 35
67 130 81
67 132 48
67 133 98
67 136 42
67 138 8
67 141 68
67 150 43
68 70 98
68 72 87
68 75 69
68 76 25
68 78 12
68 80 92
68 81 47
68 83 80
68 85 75
68 89 29
68 98 48
68 100 30
68 102 78
68 105 14
68 108 77
68 110 52
68 113 85
68 116 77
68 118 32
68 119 99
68 120 36
68 121 72
68 126 6
68 128 87
68 129 16
68 130 11
68 133 31
68 134 69
68 135 44
68 140 2
68 142 22
68 143 69
68 144 14
68 147 74
68 148 13
69 72 15
69 74 23
69 76 5
69 77 13
69 78 4
69 81 44
69 87 21
69 89 53
69 92 95
69 93 15
69 96 80
69 101 19
69 104 3
69 108 95
69 110 30
69 112 72
69 115 50
69 117 9
69 123 13
69 127 78
69 131 82
69 137 18
69 139 58
69 140 9
69 141 54
69 148 63
69 150 97
70 74 57
70 75 90
70 79 72
70 81 5
70 82 75
70 83 52
70 84 38
70 89 69
70 91 47
70 92 21
70 93 7
70 94 80
70 99 16
70 104 100
70 105 99
70 108 32
70 109 52
70 111 18
70 115 85
70 119 52
70 121 73
70 124 73
70 130 25
70 132 25
70 135 34
70 136 77
70 138 28
70 139 10
70 140 49
70 141 49
70 142 15
70 143 8
70 145 47
70 146 75
70 148 24
70 149 40
70 150 81
71 74 20
71 77 61
71 81 70
71 82 73
71 83 86
71 85 44
71 86 94
71 88 15
71 90 51
71 96 99
71 97 86
71 101 100
71 105 12
71 107 55
71 110 70
71 111 68
71 115 44
71 117 34
71 118 47
71 119 76
71 122 68
71 124 85
71 127 11
71 129 72
71 131 6
71 138 16
71 140 68
71 141 15
71 142 62
71 144 98
71 147 63
71 150 19
72 73 20
72 74 5
72 88 97
72 93 52
72 95 84
72 97 68
72 102 56
72 103 26
72 105 85
72 106 41
72 114 49
72 115 76
72 117 31
72 120 69
72 121 73
72 122 70
72 123 23
72 129 80
72 131 49
72 133 73
72 134 10
72 135 16
72 137 100
72 138 25
72 140 30
72 144 83
72 146 76
72 148 98
72 149 66
73 75 25
73 77 32
73 79 88
73 81 53
73 86 68
73 87 26
73 90 85
73 100 22
73 102 10
73 103 6
73 105 25
73 106 84
73 108 66
73 111 80
73 112 83
73 114 71
73 119 72
73 120 41
73 122 90
73 125 79
73 126 33
73 131 36
73 136 27
73 137 70
73 139 14
73 141 28
73 143 69
73 144 47
73 146 76
73 147 57
73 149 79
74 81 28
74 85 37
74 91 23
74 95 42
74 96 9
74 100 25
74 101 7
74 104 15
74 105 61
74 108 54
74 109 99
74 111 17
74 112 3
74 113 31
74 114 32
74 116 88
74 123 62
74 124 30
74 128 81
74 130 99
74 131 91
74 132 54
74 136 62
74 137 45
74 139 65
74 142 38
74 144 81
74 146 47
74 147 54
74 150 71
75 77 4
75 78 58
75 80 7
75 82 4
75 84 11
75 85 45
75 87 66
75 89 90
75 93 26
75 94 80
75 96 3
75 97 56
75 98 48
75 99 68
75 104 100
75 111 28
75 118 10
75 120 60
75 125 64
75 126 87
75 131 64
75 132 35
75 134 59
75 135 80
75 136 19
75 137 88
75 140 29
75 141 17
75 143 9
75 144 41
75 149 49
76 79 81
76 80 17
76 85 67
76 86 45
76 87 87
76 92 100
76 93 29
76 99 33
76 101 91
76 110 52
76 111 89
76 112 30
76 114 12
76 116 29
76 119 9
76 123 36
76 133 48
76 134 55
76 136 54
76 137 52
76 147 91
77 82 53
77 85 93
77 88 3
77 90 9
77 94 7
77 96 70
77 100 5
77 105 34
77 107 51
77 112 23
77 113 21
77 114 72
77 116 91
77 120 74
77 121 71
77 122 71
77 125 53
77 128 43
77 130 11
77 132 30
77 134 91
77 136 75
77 139 59
77 143 85
77 146 45
77 148 94
78 80 18
78 81 99
78 84 46
78 85 56
78 92 31
78 100 67
78 101 93
78 105 12
78 108 71
78 112 16
78 113 56
78 114 89
78 116 3
78 120 31
78 123 70
78 125 56
78 126 8
78 128 69
78 129 55
78 131 53
78 132 91
78 134 19
78 135 71
78 136 44
78 141 66
78 146 17
78 149 46
78 150 92
79 80 78
79 83 23
79 85 26
79 87 22
79 89 48
79 93 27
79 96 91
79 97 37
79 98 40
79 99 40
79 101 70
79 104 53
79 105 23
79 106 52
79 109 2
79 111 10
79 114 69
79 116 65
79 117 73
79 119 99
79 120 29
79 122 79
79 124 27
79 126 14
79 130 93
79 133 90
79 134 44
79 144 87
79 145 2
79 149 23
80 81 66
80 83 42
80 85 12
80 89 23
80 90 37
80 91 61
80 93 51
80 95 83
80 99 99
80 106 85
80 112 57
80 113 35
80 114 40
80 118 31
80 119 63
80 120 51
80 126 39
80 127 14
80 129 51
80 130 35
80 133 42
80 134 43
80 139 39
80 141 87
80 143 61
80 145 45
80 146 58
80 149 16
81 83 41
81 86 29
81 87 66
81 88 65
81 89 72
81 90 69
81 92 84
81 96 4
81 97 8
81 98 3
81 101 13
81 102 97
81 106 20
81 113 70
81 114 7
81 120 100
81 121 58
81 125 40
81 126 37
81 136 14
81 137 49
81 138 36
81 140 29
81 141 29
81 145 42
81 147 22
81 148 71
81 150 1
82 85 91
82 89 94
82 94 45
82 96 87
82 97 40
82 102 62
82 103 93
82 104 85
82 110 94
82 111 69
82 116 50
82 118 7
82 121 54
82 122 75
82 123 38
82 124 98
82 125 11
82 128 94
82 129 83
82 130 13
82 131 25
82 132 39
82 139 39
82 141 10
82 143 99
82 144 73
82 145 71
82 149 85
83 84 15
83 85 32
83 86 53
83 87 55
83 88 27
83 90 95
83 97 65
83 98 63
83 99 27
83 101 60
83 104 24
83 105 61
83 107 88
83 109 24
83 110 6
83 111 33
83 114 87
83 116 60
83 117 7
83 121 95
83 122 36
83 123 11
83 125 65
83 126 74
83 130 60
83 131 6
83 132 57
83 135 32
83 138 99
83 141 68
83 144 55
83 145 2
83 146 55
83 148 23
83 149 51
84 89 69
84 92 49
84 93 38
84 94 4
84 95 90
84 96 12
84 100 33
84 101 86
84 103 20
84 104 85
84 106 89
84 107 21
84 108 98
84 110 75
84 112 7
84 120 15
84 125 4
84 126 5
84 129 68
84 138 52
84 139 3
84 141 54
84 143 88
84 144 25
84 146 79
84 148 17
84 149 62
84 150 50
85 90 89
85 92 65
85 93 2
85 95 46
85 98 37
85 103 47
85 104 48
85 105 34
85 106 61
85 107 94
85 108 86
85 109 42
85 110 85
85 111 36
85 112 66
85 113 72
85 117 67
85 119 49
85 125 68
85 126 49
85 127 14
85 128 66
85 129 50
85 131 46
85 132 44
85 134 25
85 135 99
85 136 96
85 138 92
85 140 8
85 145 71
86 91 24
86 92 68
86 95 74
86 96 86
86 97 83
86 98 6
86 102 43
86 107 98
86 108 75
86 110 42
86 115 82
86 116 73
86 123 43
86 126 30
86 135 72
86 140 17
86 142 76
86 143 8
86 145 17
87 95 48
87 96 78
87 97 59
87 99 45
87 101 53
87 105 69
87 107 29
87 110 9
87 111 83
87 112 60
87 118 40
87 119 67
87 121 4
87 123 48
87 124 75
87 125 87
87 126 45
87 127 81
87 130 14
87 133 99
87 134 81
87 139 18
87 140 39
87 143 40
87 145 20
87 147 63
87 148 3
88 89 85
88 91 54
88 98 35
88 100 44
88 102 47
88 103 99
88 105 96
88 106 76
88 107 6
88 109 78
88 110 92
88 111 42
88 112 27
88 113 25
88 115 57
88 116 33
88 120 94
88 123 4
88 124 1
88 133 79
88 135 24
88 137 23
88 138 74
88 139 11
88 142 26
88 145 48
88 149 17
88 150 43
89 90 42
89 93 68
89 97 3
89 99 94
89 102 44
89 103 44
89 104 71
89 113 33
89 117 38
89 121 71
89 124 18
89 125 7
89 126 89
89 127 33
89 129 84
89 131 1
89 132 42
89 133 13
89 134 100
89 135 21
89 137 32
89 138 24
89 139 12
89 143 82
89 147 94
89 148 9
90 92 70
90 93 9
90 95 91
90 97 94
90 100 23
90 101 47
90 102 19
90 106 17
90 108 29
90 111 18
90 113 83
90 115 1
90 116 70
90 117 23
90 118 89
90 121 68
90 122 73
90 123 26
90 124 88
90 125 66
90 129 15
90 130 36
90 131 67
90 134 95
90 137 39
90 141 99
90 143 34
90 145 98
90 146 12
90 148 3
90 150 21
91 94 4
91 95 95
91 96 96
91 97 5
91 98 60
91 103 88
91 105 29
91 106 68
91 109 29
91 111 100
91 113 99
91 118 94
91 120 99
91 123 76
91 124 10
91 125 100
91 128 12
91 130 9
91 133 21
91 134 100
91 139 100
91 142 3
91 147 17
91 149 46
91 150 89
92 95 86
92 97 77
92 98 39
92 99 23
92 106 35
92 108 75
92 110 7
92 112 19
92 117 1
92 119 98
92 126 49
92 127 42
92 128 16
92 129 42
92 130 17
92 131 41
92 132 100
92 135 81
92 136 15
92 138 52
92 141 25
92 143 9
92 148 85
93 94 34
93 95 8
93 96 81
93 97 81
93 105 27
93 106 86
93 107 28
93 108 46
93 111 59
93 114 1
93 116 79
93 119 59
93 120 66
93 121 24
93 123 48
93 126 18
93 127 67
93 128 31
93 131 45
93 132 26
93 133 88
93 134 44
93 136 1
93 137 46
93 141 15
93 142 29
93 145 67
93 148 63
93 149 7
94 95 5
94 96 64
94 98 67
94 102 25
94 103 28
94 105 27
94 109 41
94 118 57
94 119 92
94 120 27
94 121 97
94 122 31
94 125 30
94 127 5
94 129 69
94 131 18
94 133 35
94 136 1
94 144 21
94 146 52
94 149 64
94 150 100
95 98 74
95 99 91
95 102 85
95 110 32
95 114 65
95 116 81
95 119 58
95 123 100
95 124 82
95 130 76
95 131 29
95 134 9
95 146 32
95 149 47
96 97 60
96 98 85
96 100 9
96 101 13
96 103 31
96 106 14
96 107 35
96 108 38
96 109 94
96 110 84
96 113 10
96 118 38
96 119 23
96 120 68
96 123 66
96 124 94
96 125 9
96 126 98
96 128 2
96 130 63
96 135 18
96 136 76
96 137 11
96 140 32
96 142 82
96 143 2
96 144 55
97 98 4
97 99 19
97 101 5
97 106 79
97 108 64
97 113 83
97 115 68
97 116 19
97 117 97
97 118 34
97 120 73
97 121 78
97 123 66
97 125 37
97 128 42
97 129 58
97 132 10
97 134 92
97 138 5
97 139 84
97 143 24
97 149 98
97 150 41
98 101 53
98 102 47
98 107 98
98 110 39
98 111 31
98 112 51
98 113 50
98 114 38
98 116 100
98 117 38
98 118 82
98 125 34
98 129 44
98 131 51
98 132 57
98 133 8
98 134 74
98 135 13
98 138 100
98 140 67
98 142 54
98 146 13
98 147 29
98 148 69
98 149 24
98 150 69
99 103 9
99 104 80
99 109 23
99 111 83
99 112 82
99 113 6
99 115 77
99 116 20
99 117 87
99 118 92
99 119 45
99 120 69
99 122 26
99 123 77
99 125 63
99 129 9
99 135 47
99 136 11
99 139 82
99 142 70
99 144 38
99 145 64
99 146 35
99 147 36
99 149 86
99 150 97
100 101 63
100 103 31
100 104 11
100 105 17
100 109 56
100 112 23
100 115 59
100 116 1
100 121 82
100 122 100
100 124 70
100 125 24
100 126 78
100 127 51
100 128 17
100 132 87
100 141 18
100 143 7
100 148 14
101 102 3
101 103 72
101 107 62
101 110 74
101 111 99
101 112 78
101 120 38
101 123 65
101 124 22
101 128 94
101 130 99
101 131 51
101 132 26
101 133 33
101 136 53
101 137 36
101 138 83
101 142 88
101 143 44
101 144 57
101 146 26
101 147 85
102 104 19
102 107 99
102 108 12
102 109 79
102 110 67
102 111 27
102 112 21
102 113 3
102 115 19
102 119 45
102 120 80
102 122 42
102 124 73
102 125 10
102 126 45
102 127 37
102 130 13
102 132 95
102 139 85
102 140 32
102 142 42
103 104 2
103 105 68
103 106 100
103 108 46
103 110 7
103 112 65
103 113 56
103 114 22
103 123 40
103 124 96
103 125 10
103 126 63
103 128 68
103 130 81
103 131 92
103 132 80
103 133 60
103 134 79
103 139 70
103 142 96
103 144 97
103 145 68
104 105 91
104 110 29
104 112 93
104 118 92
104 120 61
104 121 68
104 122 23
104 128 12
104 133 71
104 140 24
104 144 82
104 145 16
104 147 53
104 148 15
104 150 67
105 113 99
105 115 26
105 117 75
105 118 40
105 120 64
105 123 85
105 125 93
105 128 57
105 129 30
105 130 82
105 131 79
105 133 23
105 137 29
105 140 39
105 142 92
105 146 1
105 150 95
106 108 97
106 111 56
106 113 9
106 114 33
106 116 18
106 117 81
106 119 60
106 120 58
106 121 53
106 124 51
106 129 88
106 131 61
106 135 14
106 139 87
106 140 53
106 143 58
106 145 86
106 146 55
107 109 28
107 110 89
107 111 52
107 116 50
107 118 58
107 120 28
107 123 24
107 124 61
107 125 27
107 129 52
107 130 37
107 137 58
107 140 22
107 142 47
107 143 35
107 147 75
107 148 62
108 111 85
108 112 38
108 114 15
108 116 24
108 119 58
108 128 33
108 129 67
108 131 20
108 133 51
108 136 76
108 138 1
108 145 2
108 147 79
108 148 9
108 149 55
108 150 54
109 110 69
109 111 15
109 117 13
109 128 54
109 135 10
109 140 69
109 142 78
109 144 37
109 146 86
109 147 62
109 148 47
109 150 73
110 111 20
110 113 60
110 115 16
110 117 98
110 120 54
110 123 3
110 132 74
110 133 22
110 134 88
110 136 17
110 142 2
110 144 74
110 145 43
110 146 71
110 147 15
110 148 22
110 149 60
111 112 96
111 115 5
111 117 9
111 118 6
111 119 28
111 121 19
111 122 1
111 126 36
111 127 28
111 130 68
111 132 66
111 133 40
111 134 89
111 135 72
111 136 88
111 137 73
111 138 12
111 139 69
111 144 88
111 148 21
111 149 9
111 150 9
112 113 50
112 114 64
112 120 54
112 128 77
112 131 2
112 132 98
112 136 9
112 138 92
112 139 10
112 140 16
112 141 55
112 142 75
112 150 17
113 114 73
113 115 26
113 116 28
113 117 65
113 119 99
113 120 47
113 122 97
113 123 15
113 127 55
113 130 73
113 132 26
113 134 32
113 135 66
113 145 25
113 147 67
113 150 22
114 116 33
114 117 16
114 118 66
114 124 73
114 126 73
114 129 30
114 134 12
114 135 1
114 137 2
114 138 17
114 142 59
114 144 43
114 146 90
115 117 81
115 118 5
115 120 57
115 121 18
115 124 35
115 125 18
115 126 59
115 128 10
115 131 31
115 132 22
115 136 91
115 140 16
115 141 81
115 145 32
115 148 48
115 149 36
116 120 60
116 124 21
116 128 4
116 129 88
116 131 80
116 132 2
116 133 53
116 135 63
116 137 94
116 138 48
116 140 81
116 143 88
116 146 98
116 147 62
116 150 64
117 118 86
117 120 41
117 122 36
117 125 8
117 126 9
117 129 69
117 131 47
117 135 27
117 137 29
117 144 41
117 146 99
117 149 92
117 150 15
118 120 30
118 122 12
118 125 65
118 132 44
118 141 96
118 150 83
119 120 53
119 122 53
119 123 62
119 131 36
119 133 27
119 135 90
119 136 96
119 140 13
119 141 20
119 142 88
119 145 93
119 146 73
119 149 65
119 150 86
120 121 33
120 124 71
120 126 53
120 127 38
120 129 47
120 130 25
120 131 79
120 132 89
120 134 78
120 136 65
120 138 58
120 142 93
120 146 12
120 147 12
120 150 17
121 126 55
121 138 34
121 139 81
121 141 7
121 142 11
121 146 1
121 147 10
121 150 28
122 124 17
122 126 51
122 130 96
122 132 52
122 133 52
122 134 50
122 135 35
122 137 86
122 141 61
122 144 93
122 146 53
122 148 59
122 149 51
123 126 14
123 127 23
123 128 81
123 129 18
123 132 72
123 133 8
123 134 23
123 135 63
123 136 62
123 138 63
123 141 16
123 142 6
123 146 16
123 149 33
123 150 49
124 125 94
124 129 28
124 130 7
124 131 50
124 134 48
124 135 79
124 142 54
124 144 84
124 147 12
124 149 25
124 150 77
125 129 39
125 134 41
125 135 42
125 136 56
125 137 52
125 140 63
125 143 78
125 144 55
125 146 14
125 150 52
126 130 64
126 131 26
126 132 33
126 134 30
126 135 1
126 141 52
126 142 5
126 143 56
126 144 44
127 128 97
127 137 19
127 141 22
127 142 47
127 143 67
127 144 24
127 147 2
127 149 60
127 150 77
128 130 76
128 133 36
128 136 48
128 141 10
128 148 63
128 149 84
129 139 3
129 140 23
129 142 93
130 136 52
130 138 49
130 142 85
130 143 97
130 144 38
130 145 27
130 148 55
130 149 30
130 150 100
131 132 68
131 133 88
131 136 21
131 138 93
131 139 54
131 140 72
131 142 10
131 143 23
131 150 4
132 133 62
132 135 33
132 145 83
132 146 81
133 137 56
133 141 89
133 143 26
133 146 51
133 149 75
134 137 47
134 138 34
134 141 60
134 143 82
134 144 57
134 145 85
134 146 20
134 147 30
135 137 97
135 138 42
135 139 59
135 143 6
135 148 54
136 137 96
136 140 89
136 142 48
136 143 36
136 149 4
137 138 60
137 140 16
137 142 51
137 143 94
137 146 93
137 149 31
137 150 5
138 141 27
138 143 81
138 149 55
138 150 60
139 141 46
139 145 96
139 146 70
139 147 8
139 148 6
140 142 2
140 143 3
140 147 28
140 149 50
141 143 3
141 144 47
141 147 35
141 148 13
141 149 30
142 143 98
142 144 56
142 145 85
142 147 2
143 144 28
143 148 22
143 149 3
143 150 54
144 146 14
144 148 7
144 149 40
144 150 62
145 146 15
145 149 29
145 150 81
146 150 85
147 148 66
148 150 2
1 3 6
1 7 75
1 9 95
1 12 17
1 15 61
1 16 79
1 18 10
1 23 75
1 24 56
1 25 3
1 26 88
1 29 81
1 33 4
1 34 20
1 36 51
1 42 19
1 44 56
1 45 86
1 47 70
1 49 83
1 51 86
1 53 7
1 55 50
1 58 50
1 64 87
1 66 69
1 69 1
1 74 14
1 78 69
1 81 41
1 82 20
1 86 66
1 87 3
1 88 91
1 90 84
1 94 23
1 96 94
1 97 37
1 99 48
1 102 53
1 103 23
1 104 40
1 107 99
1 108 90
1 110 87
1 115 89
1 117 15
1 119 33
1 128 62
1 129 78
1 133 86
1 134 5
1 136 89
1 137 89
1 139 57
1 141 46
1 142 73
1 143 43
1 144 75
1 145 7
1 146 67
1 147 54
1 148 39
1 150 25
2 3 67
2 4 40
2 5 27
2 8 64
2 12 72
2 15 33
2 16 40
2 18 56
2 20 17
2 23 88
2 24 43
2 34 25
2 35 5
2 36 99
2 39 13
2 44 70
2 47 90
2 48 55
2 49 77
2 54 84
2 56 75
2 57 1
2 58 67
2 59 73
2 60 26
2 68 84
2 72 82
2 73 19
2 77 11
2 78 68
2 80 62
2 81 42
2 82 27
2 84 84
2 86 16
2 93 44
2 94 13
2 99 66
2 100 34
2 101 54
2 102 52
2 104 38
2 106 42
2 107 91
2 108 70
2 111 19
2 112 31
2 116 80
2 118 61
2 119 65
2 120 68
2 123 62
2 125 55
2 132 91
2 133 17
2 134 7
2 137 64
2 138 37
2 140 52
2 142 57
2 144 94
2 146 91
2 149 17
3 5 60
3 6 30
3 7 13
3 13 38
3 14 69
3 23 12
3 24 7
3 29 15
3 30 69
3 33 28
3 34 6
3 35 35
3 37 99
3 46 82
3 47 37
3 48 27
3 54 3
3 56 81
3 58 41
3 64 24
3 65 90
3 69 72
3 71 96
3 72 96
3 75 68
3 77 30
3 79 94
3 83 61
3 86 30
3 90 80
3 91 93
3 93 39
3 97 52
3 98 79
3 101 29
3 102 91
3 104 75
3 108 50
3 115 96
3 121 7
3 123 20
3 124 57
3 129 95
3 133 55
3 134 74
3 135 79
3 137 100
3 140 91
3 141 72
3 142 22
3 146 78
4 9 15
4 10 42
4 12 60
4 14 77
4 22 5
4 27 49
4 32 71
4 37 92
4 38 88
4 40 70
4 42 29
4 45 94
4 46 84
4 47 81
4 49 54
4 51 78
4 55 67
4 56 44
4 57 30
4 58 100
4 62 40
4 63 66
4 65 53
4 66 9
4 67 68
4 69 82
4 70 30
4 71 4
4 75 80
4 77 27
4 78 95
4 79 80
4 80 35
4 83 25
4 84 21
4 86 100
4 87 48
4 88 72
4 90 20
4 91 19
4 93 28
4 95 7
4 97 100
4 99 48
4 100 67
4 102 11
4 108 32
4 109 46
4 110 36
4 113 71
4 114 19
4 115 88
4 116 70
4 117 3
4 119 71
4 121 1
4 122 99
4 126 29
4 127 37
4 129 47
4 133 53
4 134 15
4 135 69
4 138 94
4 140 6
4 141 48
4 144 11
4 147 75
4 148 44
5 10 56
5 13 88
5 14 17
5 15 2
5 16 94
5 24 100
5 28 35
5 30 61
5 34 27
5 37 82
5 38 81
5 39 86
5 40 27
5 41 14
5 42 66
5 49 8
5 51 44
5 55 90
5 57 58
5 58 92
5 59 16
5 60 50
5 63 75
5 64 76
5 66 62
5 67 96
5 70 73
5 71 18
5 73 5
5 74 61
5 75 89
5 76 14
5 79 24
5 80 65
5 86 40
5 89 79
5 91 90
5 92 46
5 94 36
5 97 65
5 98 39
5 102 70
5 103 79
5 104 35
5 108 58
5 109 41
5 110 84
5 111 50
5 112 5
5 114 62
5 116 77
5 121 33
5 122 85
5 127 94
5 130 85
5 131 35
5 132 97
5 133 24
5 135 44
5 138 95
5 140 44
5 141 94
5 146 13
5 149 98
5 150 57
6 7 75
6 10 74
6 13 40
6 15 88
6 17 5
6 21 37
6 22 43
6 27 37
6 28 86
6 34 45
6 38 93
6 39 5
6 45 15
6 47 48
6 50 16
6 52 70
6 55 35
6 59 87
6 61 42
6 63 17
6 64 29
6 66 93
6 67 68
6 69 42
6 70 50
6 72 18
6 77 49
6 80 88
6 82 81
6 84 11
6 85 18
6 86 10
6 89 73
6 90 5
6 91 29
6 92 38
6 94 100
6 96 7
6 107 94
6 114 95
6 115 67
6 117 29
6 120 74
6 125 52
6 131 37
6 132 88
6 133 48
6 138 88
6 139 58
6 142 7
6 143 23
6 145 87
6 147 68
6 148 31
6 150 24
7 9 96
7 13 89
7 14 28
7 15 85
7 16 74
7 19 80
7 21 79
7 22 64
7 25 61
7 26 60
7 31 18
7 32 38
7 34 73
7 35 76
7 39 39
7 41 50
7 42 15
7 43 89
7 44 83
7 45 7
7 50 30
7 51 89
7 53 85
7 58 1
7 62 8
7 63 39
7 66 41
7 67 8
7 70 16
7 74 9
7 75 21
7 77 40
7 79 10
7 83 46
7 84 65
7 86 42
7 90 97
7 94 37
7 95 1
7 97 4
7 99 52
7 102 83
7 106 38
7 117 98
7 120 42
7 122 64
7 123 40
7 124 1
7 126 68
7 131 91
7 132 72
7 137 4
7 141 79
7 143 69
7 145 65
7 148 49
7 149 79
7 150 26
8 9 26
8 12 32
8 14 6
8 16 25
8 20 73
8 23 60
8 25 25
8 27 67
8 29 87
8 33 70
8 38 81
8 39 29
8 41 15
8 43 72
8 49 68
8 50 92
8 54 19
8 58 50
8 61 9
8 62 51
8 63 93
8 64 45
8 68 61
8 69 82
8 72 12
8 73 52
8 75 13
8 77 24
8 81 7
8 82 52
8 83 16
8 84 24
8 88 96
8 92 5
8 94 55
8 95 100
8 97 35
8 98 70
8 100 53
8 103 88
8 104 46
8 105 37
8 106 84
8 108 69
8 114 38
8 116 44
8 117 41
8 118 35
8 121 91
8 125 98
8 129 22
8 130 44
8 131 32
8 134 93
8 140 88
8 143 57
8 145 23
8 147 34
8 148 29
8 149 90
9 11 64
9 18 15
9 19 90
9 20 89
9 21 8
9 25 90
9 26 39
9 27 12
9 29 1
9 32 64
9 33 65
9 35 69
9 40 40
9 42 8
9 44 81
9 45 100
9 47 92
9 51 16
9 56 65
9 59 40
9 60 62
9 61 87
9 63 96
9 64 41
9 67 35
9 72 2
9 73 65
9 75 33
9 78 14
9 79 77
9 80 12
9 81 36
9 85 14
9 89 8
9 93 3
9 95 61
9 97 41
9 99 10
9 101 62
9 102 6
9 104 86
9 106 96
9 107 69
9 109 46
9 112 6
9 116 37
9 122 86
9 123 48
9 124 97
9 125 92
9 127 99
9 128 40
9 130 34
9 133 88
9 136 69
9 137 34
9 143 28
9 144 13
9 146 47
9 147 52
9 148 62
9 149 88
10 12 98
10 13 7
10 15 27
10 20 71
10 23 26
10 27 59
10 31 65
10 37 85
10 38 31
10 39 46
10 40 29
10 41 73
10 42 50
10 48 26
10 50 81
10 51 76
10 57 83
10 58 81
10 60 8
10 61 7
10 62 21
10 63 32
10 65 47
10 69 65
10 73 62
10 75 32
10 79 99
10 80 4
10 81 24
10 86 85
10 89 70
10 90 67
10 92 39
10 94 75
10 96 28
10 97 86
10 101 27
10 105 57
10 108 6
10 109 52
10 113 3
10 114 42
10 117 87
10 119 60
10 122 18
10 123 1
10 125 27
10 126 38
10 131 55
10 135 36
10 136 7
10 137 54
10 138 48
10 141 27
10 144 59
10 147 48
10 149 44
11 13 96
11 15 82
11 16 91
11 19 60
11 21 13
11 22 82
11 24 97
11 26 40
11 29 6
11 31 52
11 34 22
11 35 52
11 36 15
11 41 49
11 43 99
11 45 40
11 51 54
11 52 67
11 53 39
11 54 30
11 57 3
11 63 30
11 66 92
11 69 89
11 70 41
11 72 90
11 76 45
11 78 46
11 79 66
11 80 49
11 81 66
11 82 46
11 87 71
11 91 21
11 96 51
11 100 9
11 102 4
11 103 84
11 104 8
11 107 74
11 109 45
11 111 71
11 112 39
11 113 38
11 116 44
11 118 11
11 122 92
11 124 47
11 127 26
11 129 95
11 131 16
11 136 9
11 137 68
11 140 17
11 144 15
11 145 32
11 148 33
11 150 82
12 13 40
12 14 45
12 16 7
12 21 81
12 25 98
12 27 87
12 29 48
12 30 76
12 33 21
12 35 24
12 36 99
12 37 40
12 40 64
12 41 67
12 43 54
12 44 55
12 46 55
12 50 60
12 54 62
12 56 28
12 58 3
12 59 55
12 64 8
12 65 77
12 67 70
12 70 57
12 71 61
12 74 35
12 77 27
12 78 39
12 80 90
12 81 41
12 83 45
12 84 38
12 86 79
12 87 72
12 90 81
12 91 23
12 92 82
12 94 49
12 95 14
12 100 5
12 101 71
12 106 18
12 107 25
12 109 98
12 111 99
12 118 38
12 120 79
12 122 10
12 125 73
12 131 74
12 132 69
12 135 42
12 139 92
12 141 58
12 143 67
12 146 35
12 148 52
12 149 55
12 150 83
13 15 2
13 17 61
13 19 16
13 21 59
13 24 80
13 28 3
13 29 60
13 31 52
13 32 7
13 33 50
13 35 27
13 37 33
13 40 84
13 41 21
13 44 58
13 45 6
13 47 68
13 48 41
13 49 32
13 53 46
13 55 42
13 61 52
13 65 58
13 72 49
13 75 31
13 76 48
13 77 29
13 85 58
13 86 93
13 90 23
13 91 87
13 93 97
13 94 100
13 100 39
13 101 32
13 102 31
13 103 43
13 106 1
13 109 11
13 110 75
13 111 5
13 116 40
13 117 85
13 118 88
13 122 4
13 124 58
13 126 14
13 132 33
13 133 99
13 135 78
13 142 57
13 143 69
13 144 68
13 145 31
13 150 77
14 15 91
14 16 98
14 17 39
14 18 30
14 19 60
14 21 79
14 25 41
14 26 56
14 28 45
14 29 54
14 33 12
14 34 5
14 38 99
14 39 29
14 40 25
14 42 32
14 44 56
14 51 59
14 59 97
14 66 60
14 67 98
14 68 60
14 69 58
14 70 77
14 71 68
14 73 3
14 74 33
14 77 31
14 80 51
14 85 38
14 86 30
14 87 9
14 88 91
14 91 75
14 94 97
14 95 42
14 96 5
14 97 73
14 101 44
14 103 43
14 109 24
14 110 65
14 111 44
14 115 62
14 117 2
14 118 63
14 121 95
14 124 14
14 126 70
14 129 55
14 132 48
14 134 36
14 138 71
14 139 74
14 141 21
14 142 96
14 143 30
14 144 34
14 145 15
14 147 27
14 149 23
15 17 72
15 18 25
15 19 40
15 20 66
15 21 17
15 24 92
15 25 67
15 27 41
15 29 71
15 30 77
15 33 38
15 41 44
15 47 11
15 54 44
15 55 11
15 59 86
15 60 97
15 62 53
15 65 27
15 66 39
15 80 82
15 81 6
15 82 31
15 83 71
15 85 80
15 89 99
15 90 13
15 91 66
15 93 64
15 94 16
15 96 58
15 97 60
15 101 44
15 103 31
15 104 26
15 105 74
15 107 41
15 109 10
15 110 55
15 115 61
15 116 6
15 118 67
15 123 55
15 127 19
15 128 54
15 130 46
15 132 25
15 133 38
15 135 69
15 139 6
15 140 94
15 147 16
15 149 64
15 150 83
16 17 17
16 29 47
16 36 64
16 44 34
16 45 80
16 46 36
16 47 48
16 48 43
16 52 72
16 54 91
16 55 36
16 56 92
16 57 44
16 58 58
16 59 46
16 60 8
16 66 26
16 68 76
16 71 63
16 72 49
16 73 49
16 74 95
16 75 61
16 76 4
16 77 4
16 80 69
16 82 30
16 86 47
16 88 35
16 90 19
16 91 61
16 93 21
16 94 53
16 97 10
16 99 23
16 101 96
16 102 20
16 103 52
16 105 86
16 106 71
16 107 42
16 108 76
16 113 50
16 116 99
16 118 47
16 122 87
16 123 39
16 125 75
16 127 18
16 129 6
16 135 33
16 137 5
16 144 80
16 145 1
16 147 81
16 149 43
16 150 40
17 20 27
17 21 22
17 22 33
17 23 97
17 24 55
17 25 35
17 26 29
17 32 17
17 35 52
17 42 38
17 45 13
17 48 59
17 49 64
17 51 28
17 54 43
17 56 3
17 57 47
17 59 4
17 63 87
17 65 93
17 72 37
17 75 56
17 86 27
17 88 7
17 94 44
17 95 81
17 96 43
17 97 79
17 103 67
17 105 96
17 106 31
17 107 60
17 108 78
17 110 12
17 111 65
17 117 86
17 118 14
17 119 73
17 120 37
17 123 80
17 126 19
17 128 68
17 129 43
17 132 38
17 133 33
17 135 43
17 137 85
17 142 90
17 143 5
17 144 68
17 145 74
17 146 54
17 147 33
17 148 98
17 149 25
18 22 44
18 23 61
18 28 47
18 29 95
18 32 23
18 33 54
18 36 6
18 38 75
18 39 5
18 45 75
18 48 57
18 49 39
18 51 60
18 53 24
18 56 59
18 57 29
18 60 60
18 62 42
18 64 3
18 66 94
18 67 34
18 69 18
18 70 97
18 71 28
18 80 31
18 81 46
18 84 58
18 87 39
18 88 24
18 89 82
18 91 1
18 96 15
18 99 75
18 103 71
18 105 94
18 107 66
18 108 93
18 114 98
18 115 8
18 117 56
18 118 6
18 120 91
18 122 75
18 123 31
18 124 1
18 125 57
18 126 38
18 129 61
18 130 32
18 135 14
18 136 20
18 137 86
18 138 61
18 140 77
18 143 64
18 145 25
18 147 35
19 20 5
19 24 86
19 28 79
19 31 45
19 34 87
19 36 76
19 37 47
19 40 90
19 44 26
19 45 42
19 50 55
19 51 6
19 55 98
19 57 11
19 62 61
19 68 98
19 70 35
19 72 68
19 74 84
19 75 61
19 77 58
19 78 90
19 83 45
19 86 49
19 87 97
19 94 11
19 106 86
19 107 7
19 110 44
19 111 41
19 112 39
19 113 67
19 115 52
19 117 54
19 118 37
19 121 87
19 122 21
19 124 59
19 128 98
19 132 88
19 133 79
19 143 45
19 146 34
19 147 69
19 149 27
20 22 43
20 25 85
20 26 77
20 32 69
20 33 3
20 34 51
20 38 99
20 40 33
20 41 67
20 42 54
20 45 63
20 47 94
20 48 32
20 50 81
20 51 20
20 55 27
20 56 7
20 68 98
20 70 16
20 72 45
20 73 39
20 74 97
20 75 69
20 76 22
20 79 62
20 82 54
20 83 33
20 84 95
20 85 27
20 88 72
20 89 66
20 90 95
20 91 53
20 92 55
20 93 93
20 95 70
20 96 90
20 99 15
20 103 46
20 106 5
20 107 46
20 108 46
20 110 11
20 116 2
20 118 71
20 121 89
20 122 7
20 123 49
20 125 98
20 127 76
20 128 36
20 132 38
20 135 64
20 137 60
20 138 9
20 140 17
20 141 37
20 143 64
20 144 60
20 146 83
20 149 38
21 30 80
21 31 32
21 34 63
21 35 74
21 36 9
21 37 9
21 38 42
21 39 51
21 48 58
21 49 26
21 50 17
21 51 20
21 59 36
21 63 28
21 64 53
21 65 14
21 66 8
21 71 56
21 74 13
21 76 74
21 78 49
21 80 52
21 81 22
21 84 76
21 85 97
21 86 59
21 91 46
21 92 66
21 94 72
21 96 60
21 103 42
21 106 99
21 107 28
21 109 39
21 110 32
21 111 78
21 113 18
21 114 11
21 120 24
21 121 28
21 122 28
21 126 9
21 127 24
21 129 70
21 130 47
21 133 92
21 135 47
21 136 63
21 137 25
21 139 24
21 140 40
21 141 89
21 144 41
21 145 78
21 148 38
21 149 15
22 27 3
22 30 99
22 33 3
22 34 21
22 35 16
22 41 4
22 42 31
22 43 74
22 44 38
22 48 32
22 49 75
22 51 65
22 55 76
22 57 70
22 58 39
22 60 29
22 65 20
22 67 86
22 68 51
22 71 31
22 74 18
22 76 84
22 78 21
22 80 26
22 81 1
22 84 26
22 86 4
22 91 15
22 92 18
22 95 41
22 96 3
22 101 93
22 102 49
22 104 93
22 107 24
22 108 41
22 111 94
22 112 45
22 116 50
22 118 5
22 119 57
22 122 9
22 123 15
22 126 78
22 128 48
22 129 60
22 133 99
22 141 74
22 148 12
22 150 92
23 26 24
23 27 4
23 30 10
23 32 14
23 34 50
23 36 81
23 38 93
23 41 34
23 42 63
23 43 99
23 45 93
23 47 58
23 48 90
23 51 17
23 52 72
23 53 27
23 54 27
23 55 12
23 56 22
23 57 13
23 61 41
23 64 58
23 66 93
23 67 63
23 71 98
23 72 1
23 73 55
23 75 86
23 76 51
23 78 29
23 79 97
23 80 62
23 90 34
23 92 65
23 97 82
23 98 88
23 99 71
23 100 56
23 104 55
23 114 41
23 117 16
23 118 59
23 120 78
23 122 47
23 124 40
23 130 53
23 131 71
23 133 36
23 136 51
23 137 98
23 138 28
23 142 51
23 143 69
23 146 96
24 25 9
24 29 15
24 30 99
24 34 56
24 35 77
24 37 69
24 39 67
24 43 100
24 45 91
24 47 7
24 48 77
24 50 65
24 51 98
24 53 40
24 54 96
24 55 65
24 58 32
24 60 83
24 61 70
24 62 63
24 63 63
24 64 67
24 68 62
24 74 13
24 77 7
24 86 77
24 92 23
24 93 16
24 96 91
24 97 80
24 98 27
24 101 63
24 102 39
24 103 18
24 107 92
24 112 61
24 115 79
24 117 1
24 118 63
24 119 17
24 121 9
24 124 74
24 125 11
24 127 63
24 129 85
24 135 41
24 138 93
24 139 54
24 140 25
24 142 32
24 143 20
24 144 62
24 145 22
24 146 70
24 148 17
25 27 59
25 31 19
25 32 60
25 34 71
25 35 99
25 39 96
25 40 61
25 41 11
25 44 4
25 45 90
25 47 72
25 52 26
25 53 72
25 54 84
25 55 13
25 56 34
25 59 8
25 62 15
25 63 4
25 64 57
25 65 40
25 67 34
25 72 37
25 75 33
25 80 38
25 82 9
25 85 84
25 88 14
25 89 39
25 93 3
25 94 31
25 95 57
25 98 6
25 101 96
25 103 10
25 104 15
25 106 29
25 107 94
25 109 39
25 112 15
25 117 56
25 122 14
25 126 31
25 127 58
25 128 67
25 130 60
25 132 44
25 133 7
25 134 51
25 135 65
25 141 34
25 142 1
25 143 3
25 144 90
25 145 37
25 146 65
25 148 14
25 149 83
26 33 38
26 38 21
26 39 5
26 40 92
26 43 68
26 46 58
26 51 99
26 52 73
26 56 45
26 58 32
26 59 12
26 64 86
26 65 52
26 66 54
26 68 7
26 74 89
26 78 84
26 79 37
26 81 5
26 84 70
26 86 84
26 87 97
26 88 44
26 92 12
26 94 95
26 96 68
26 99 52
26 100 35
26 108 35
26 109 72
26 110 50
26 111 69
26 112 70
26 115 91
26 117 12
26 119 61
26 120 39
26 122 70
26 124 17
26 125 80
26 127 48
26 128 4
26 130 59
26 131 91
26 134 87
26 140 56
26 141 34
26 144 78
26 146 61
26 147 92
26 150 31
27 28 77
27 30 88
27 32 12
27 34 48
27 42 84
27 43 28
27 47 83
27 51 56
27 53 15
27 54 46
27 55 51
27 56 63
27 57 75
27 58 4
27 63 11
27 64 81
27 65 45
27 69 6
27 72 51
27 73 80
27 74 53
27 76 34
27 77 56
27 80 53
27 82 53
27 85 52
27 91 90
27 92 85
27 94 79
27 95 97
27 96 5
27 97 48
27 98 99
27 100 65
27 106 50
27 112 94
27 114 100
27 115 26
27 119 94
27 123 33
27 124 88
27 127 98
27 131 97
27 135 14
27 136 39
27 141 86
27 142 58
27 146 42
27 147 83
28 29 38
28 30 48
28 32 25
28 34 59
28 44 57
28 45 100
28 46 25
28 50 2
28 52 24
28 53 68
28 56 21
28 57 50
28 61 1
28 62 30
28 65 48
28 67 36
28 69 34
28 70 14
28 71 80
28 72 54
28 76 100
28 84 19
28 96 95
28 97 31
28 99 92
28 100 44
28 101 63
28 102 78
28 104 94
28 106 52
28 110 19
28 111 11
28 116 58
28 119 93
28 120 1
28 122 9
28 123 70
28 126 44
28 127 42
28 130 15
28 134 15
28 135 73
28 137 11
28 138 60
28 143 70
28 146 56
28 148 80
28 150 34
29 30 32
29 35 93
29 41 30
29 42 25
29 47 11
29 48 36
29 49 40
29 52 65
29 54 17
29 63 54
29 66 45
29 71 92
29 72 95
29 76 45
29 77 13
29 80 75
29 81 5
29 84 61
29 85 27
29 86 27
29 88 1
29 90 67
29 94 85
29 97 55
29 98 37
29 99 66
29 102 22
29 105 63
29 106 41
29 108 16
29 112 31
29 115 88
29 117 68
29 119 27
29 120 52
29 121 27
29 123 41
29 124 5
29 126 9
29 130 81
29 131 84
29 133 51
29 134 13
29 135 16
29 136 10
29 137 64
29 144 50
29 147 45
29 149 37
30 32 4
30 33 3
30 39 36
30 40 14
30 45 70
30 48 63
30 52 29
30 54 77
30 55 77
30 56 18
30 57 56
30 60 85
30 61 85
30 62 94
30 65 10
30 68 11
30 69 79
30 71 42
30 72 2
30 73 33
30 74 48
30 76 80
30 77 30
30 79 81
30 80 100
30 86 15
30 90 45
30 98 94
30 100 5
30 106 7
30 108 17
30 109 3
30 111 33
30 112 78
30 113 26
30 114 32
30 116 57
30 119 57
30 120 59
30 130 58
30 132 28
30 136 42
30 137 47
30 138 52
30 143 18
30 149 1
30 150 45
31 32 51
31 38 91
31 40 9
31 41 84
31 42 44
31 43 94
31 44 25
31 45 14
31 47 46
31 49 49
31 50 50
31 55 77
31 59 26
31 62 50
31 65 71
31 67 54
31 68 50
31 70 26
31 72 81
31 73 26
31 74 77
31 75 49
31 76 52
31 77 5
31 79 59
31 83 35
31 86 27
31 87 52
31 89 92
31 93 65
31 94 18
31 95 37
31 96 90
31 99 5
31 102 57
31 103 47
31 104 18
31 105 91
31 116 40
31 119 9
31 121 83
31 122 76
31 123 94
31 128 92
31 134 4
31 135 98
31 138 44
31 146 38
32 34 91
32 35 85
32 37 78
32 38 91
32 43 55
32 45 32
32 46 51
32 52 70
32 54 75
32 55 29
32 57 63
32 60 72
32 61 82
32 62 5
32 63 91
32 66 85
32 69 14
32 70 16
32 73 21
32 78 42
32 86 11
32 87 4
32 88 87
32 89 95
32 92 83
32 94 57
32 96 47
32 97 83
32 98 25
32 101 89
32 102 89
32 103 56
32 104 37
32 108 19
32 113 48
32 117 67
32 124 84
32 125 25
32 132 7
32 133 51
32 134 68
32 135 65
32 136 7
32 137 18
32 138 17
32 140 81
32 143 98
32 144 66
32 147 75
32 150 99
33 34 98
33 37 42
33 38 1
33 40 49
33 41 35
33 48 85
33 49 62
33 52 66
33 56 44
33 61 65
33 62 90
33 63 10
33 67 62
33 68 28
33 70 53
33 71 6
33 83 9
33 91 11
33 97 38
33 101 23
33 108 90
33 113 13
33 117 48
33 118 90
33 120 69
33 121 7
33 122 13
33 123 77
33 128 12
33 129 47
33 130 67
33 135 54
33 138 41
33 139 51
33 143 19
34 35 33
34 39 68
34 43 42
34 57 3
34 60 24
34 61 58
34 64 1
34 67 59
34 69 78
34 70 59
34 72 73
34 73 34
34 80 13
34 83 34
34 85 87
34 86 83
34 91 54
34 92 88
34 93 58
34 95 21
34 96 81
34 98 15
34 107 38
34 108 48
34 115 51
34 116 77
34 123 58
34 124 59
34 126 46
34 127 85
34 128 31
34 133 54
34 136 73
34 139 33
34 141 20
34 142 18
34 144 71
34 149 76
35 37 45
35 38 77
35 42 68
35 46 19
35 50 70
35 53 57
35 55 35
35 56 38
35 60 55
35 64 41
35 65 26
35 69 2
35 70 79
35 76 26
35 80 52
35 86 72
35 88 39
35 89 33
35 90 10
35 92 9
35 99 50
35 100 17
35 102 2
35 103 83
35 106 53
35 109 23
35 112 56
35 113 52
35 114 74
35 115 94
35 116 22
35 117 93
35 118 1
35 123 41
35 125 31
35 126 81
35 127 63
35 129 31
35 130 8
35 132 3
35 136 32
35 143 44
35 147 45
35 149 93
35 150 93
36 38 2
36 39 17
36 43 28
36 46 83
36 50 76
36 51 84
36 53 1
36 55 84
36 58 56
36 60 89
36 62 97
36 63 77
36 65 78
36 67 22
36 70 80
36 75 16
36 76 69
36 77 49
36 79 37
36 80 41
36 81 98
36 85 43
36 87 57
36 90 70
36 95 15
36 96 93
36 98 2
36 101 82
36 105 26
36 106 67
36 107 17
36 109 24
36 112 30
36 115 26
36 119 75
36 120 96
36 121 71
36 123 98
36 124 61
36 128 6
36 130 99
36 133 97
36 136 77
36 137 91
36 140 64
36 141 57
36 144 60
36 145 90
36 146 38
36 150 3
37 38 81
37 41 20
37 44 52
37 51 53
37 54 49
37 57 95
37 61 44
37 64 59
37 65 83
37 68 39
37 69 55
37 71 44
37 74 37
37 77 78
37 80 36
37 84 23
37 86 19
37 90 1
37 91 73
37 92 66
37 94 1
37 95 90
37 101 74
37 103 6
37 104 88
37 105 93
37 110 67
37 111 77
37 113 83
37 116 35
37 119 73
37 127 6
37 129 53
37 131 34
37 133 17
37 134 9
37 135 21
37 139 95
37 140 21
38 39 62
38 43 97
38 46 96
38 48 43
38 49 100
38 51 43
38 52 52
38 54 78
38 55 45
38 56 51
38 58 27
38 59 1
38 60 98
38 61 85
38 63 89
38 64 6
38 68 85
38 71 74
38 74 9
38 76 45
38 80 3
38 85 49
38 87 75
38 88 13
38 89 36
38 91 99
38 92 32
38 94 94
38 96 56
38 98 61
38 104 79
38 106 24
38 107 74
38 109 79
38 111 54
38 114 64
38 115 34
38 116 51
38 118 25
38 119 18
38 123 88
38 126 51
38 128 37
38 130 99
38 132 38
38 133 86
38 138 28
38 140 27
38 141 27
38 144 15
38 145 95
38 150 63
39 44 10
39 47 19
39 51 12
39 55 73
39 58 14
39 59 52
39 62 43
39 64 26
39 65 87
39 66 80
39 68 99
39 69 62
39 71 15
39 72 23
39 74 12
39 75 44
39 77 1
39 78 91
39 79 41
39 81 25
39 93 26
39 94 17
39 96 11
39 97 91
39 99 96
39 101 86
39 107 71
39 108 82
39 109 11
39 112 97
39 119 42
39 124 14
39 129 61
39 131 61
39 134 70
39 135 67
39 137 79
39 143 92
39 145 22
39 147 35
39 149 75
39 150 92
40 41 86
40 42 19
40 46 40
40 49 28
40 50 79
40 51 34
40 54 58
40 59 57
40 60 38
40 67 42
40 69 82
40 74 5
40 76 91
40 78 91
40 82 42
40 90 12
40 92 3
40 93 53
40 96 52
40 97 97
40 98 65
40 101 34
40 103 81
40 106 46
40 107 31
40 109 93
40 111 37
40 118 47
40 122 13
40 127 90
40 128 91
40 132 57
40 136 59
40 139 68
40 141 63
40 142 95
40 144 87
40 145 99
40 146 43
40 149 17
41 42 73
41 45 13
41 46 6
41 48 34
41 51 44
41 53 51
41 58 78
41 59 21
41 61 28
41 75 77
41 76 23
41 79 19
41 82 52
41 83 90
41 87 90
41 89 77
41 90 28
41 91 54
41 95 24
41 100 45
41 104 36
41 107 53
41 108 100
41 110 60
41 111 10
41 112 32
41 113 33
41 118 49
41 119 5
41 120 80
41 121 9
41 123 42
41 125 9
41 126 63
41 127 53
41 128 9
41 129 27
41 133 97
41 134 62
41 137 35
41 138 19
41 139 36
41 140 81
41 142 94
41 145 57
41 146 99
41 147 52
41 148 77
42 46 89
42 47 7
42 48 15
42 53 47
42 59 46
42 60 58
42 61 89
42 64 32
42 66 78
42 68 25
42 69 32
42 76 50
42 78 43
42 79 34
42 82 43
42 86 43
42 89 96
42 90 30
42 92 38
42 93 54
42 95 36
42 98 59
42 99 10
42 104 61
42 106 88
42 110 52
42 113 95
42 114 75
42 120 2
42 122 49
42 124 63
42 125 93
42 126 72
42 127 18
42 129 33
42 130 5
42 131 65
42 135 100
42 137 72
42 139 33
42 147 84
42 148 67
42 149 48
42 150 15
43 45 23
43 48 82
43 49 89
43 55 39
43 63 13
43 64 44
43 65 63
43 70 46
43 80 61
43 82 9
43 84 76
43 88 100
43 89 16
43 92 88
43 104 22
43 105 9
43 106 17
43 107 31
43 108 85
43 110 23
43 115 76
43 121 64
43 122 90
43 124 5
43 126 38
43 127 63
43 133 30
43 134 86
43 136 46
43 138 23
43 140 8
43 141 54
43 143 89
43 144 32
43 150 47
44 48 94
44 52 12
44 53 77
44 54 67
44 58 74
44 59 6
44 69 58
44 71 64
44 72 67
44 74 47
44 77 61
44 78 58
44 86 83
44 91 25
44 93 71
44 95 17
44 99 71
44 100 10
44 102 47
44 104 2
44 107 85
44 108 84
44 114 86
44 117 97
44 118 27
44 122 79
44 124 18
44 126 90
44 128 23
44 131 8
44 135 65
44 137 75
44 141 2
44 142 63
44 145 12
45 50 23
45 51 72
45 52 54
45 53 25
45 57 82
45 59 37
45 61 62
45 62 55
45 64 76
45 66 39
45 68 51
45 71 66
45 72 85
45 75 74
45 76 83
45 80 6
45 84 68
45 85 67
45 91 72
45 92 46
45 94 15
45 95 49
45 100 44
45 101 23
45 105 32
45 107 1
45 112 37
45 113 96
45 116 37
45 117 89
45 118 50
45 119 64
45 122 5
45 123 49
45 130 57
45 132 5
45 137 63
45 138 82
45 144 98
45 147 2
45 150 46
46 48 52
46 49 24
46 51 60
46 52 35
46 53 40
46 54 25
46 55 76
46 60 20
46 66 59
46 70 28
46 78 3
46 80 54
46 84 45
46 87 43
46 88 48
46 89 79
46 90 63
46 93 69
46 95 21
46 96 68
46 97 12
46 101 39
46 103 84
46 104 92
46 111 25
46 116 71
46 117 98
46 118 33
46 120 85
46 124 25
46 126 42
46 132 9
46 139 52
46 147 49
46 150 40
47 49 88
47 56 75
47 57 2
47 58 88
47 61 74
47 62 60
47 64 81
47 65 92
47 72 67
47 78 5
47 81 91
47 88 5
47 90 14
47 95 26
47 97 14
47 104 60
47 106 58
47 108 23
47 112 99
47 118 56
47 120 90
47 126 27
47 127 14
47 133 96
47 136 20
47 139 24
47 141 95
47 143 34
48 49 45
48 55 56
48 59 99
48 68 42
48 69 8
48 71 81
48 72 61
48 73 14
48 74 28
48 75 98
48 76 45
48 77 41
48 78 60
48 79 4
48 83 31
48 84 40
48 85 63
48 86 61
48 87 74
48 89 13
48 92 5
48 93 95
48 94 30
48 95 16
48 96 89
48 98 15
48 100 59
48 101 89
48 102 86
48 106 9
48 110 43
48 112 6
48 113 65
48 116 41
48 117 71
48 118 52
48 119 29
48 124 91
48 128 42
48 129 88
48 132 97
48 133 24
48 134 7
48 137 8
48 139 69
48 141 78
48 142 29
48 146 84
48 150 21
49 50 37
49 53 1
49 55 17
49 57 40
49 59 71
49 63 91
49 64 6
49 66 56
49 69 72
49 71 83
49 73 27
49 74 36
49 75 76
49 82 10
49 86 21
49 87 17
49 96 8
49 97 57
49 98 96
49 101 48
49 103 39
49 109 65
49 111 50
49 112 74
49 114 11
49 115 58
49 116 63
49 117 9
49 120 23
49 121 99
49 122 83
49 125 11
49 128 62
49 129 96
49 130 1
49 131 53
49 133 40
49 136 37
49 137 46
49 139 56
49 140 6
49 141 7
49 144 79
49 147 84
49 148 13
49 150 37
50 58 81
50 60 30
50 61 9
50 64 67
50 65 100
50 67 21
50 68 58
50 69 58
50 75 64
50 78 73
50 86 22
50 90 89
50 92 78
50 94 6
50 96 16
50 98 25
50 100 29
50 104 20
50 105 44
50 107 64
50 110 46
50 111 50
50 117 5
50 123 17
50 125 59
50 130 63
50 133 38
50 134 83
50 137 10
50 138 97
50 139 48
50 141 66
50 142 68
50 148 38
51 55 67
51 56 42
51 63 73
51 67 99
51 75 55
51 76 19
51 77 73
51 81 100
51 88 60
51 89 25
51 94 22
51 95 32
51 97 2
51 101 63
51 102 97
51 111 4
51 118 74
51 122 12
51 125 71
51 129 85
51 134 19
51 135 20
51 141 36
51 142 14
51 143 97
51 147 14
52 58 34
52 62 60
52 63 11
52 64 5
52 66 31
52 68 78
52 70 56
52 76 63
52 77 97
52 79 94
52 80 67
52 85 44
52 86 5
52 94 63
52 96 13
52 98 66
52 99 59
52 102 35
52 103 29
52 110 20
52 114 23
52 115 49
52 117 6
52 119 57
52 125 34
52 126 88
52 127 13
52 128 37
52 130 24
52 131 74
52 134 78
52 143 74
52 144 85
52 147 37
52 149 57
53 54 86
53 56 65
53 58 47
53 59 51
53 60 3
53 62 8
53 63 87
53 67 54
53 68 62
53 70 32
53 75 49
53 78 55
53 79 50
53 82 12
53 86 95
53 88 70
53 90 28
53 91 18
53 94 43
53 96 6
53 99 54
53 100 53
53 103 11
53 106 61
53 109 76
53 110 76
53 112 15
53 113 89
53 116 57
53 118 66
53 120 58
53 123 3
53 125 47
53 129 23
53 130 22
53 131 48
53 132 94
53 134 49
53 135 59
53 136 71
53 141 42
53 145 27
53 149 85
54 57 34
54 58 94
54 59 40
54 61 64
54 62 3
54 63 43
54 71 25
54 72 13
54 90 11
54 93 4
54 97 40
54 98 77
54 99 97
54 102 56
54 105 87
54 107 97
54 109 14
54 110 7
54 111 4
54 112 6
54 117 79
54 121 50
54 123 10
54 127 44
54 131 68
54 132 25
54 145 53
54 147 12
55 56 58
55 58 24
55 61 29
55 63 90
55 67 1
55 71 26
55 72 13
55 73 63
55 75 61
55 76 56
55 77 96
55 81 15
55 83 94
55 84 38
55 85 83
55 90 68
55 91 14
55 93 14
55 94 7
55 98 22
55 103 65
55 104 77
55 105 38
55 112 37
55 115 49
55 116 99
55 119 67
55 123 44
55 124 80
55 125 47
55 127 10
55 129 12
55 130 46
55 134 99
55 137 9
55 139 44
55 140 80
55 142 67
55 146 43
55 147 78
55 148 76
56 57 55
56 59 46
56 60 17
56 62 5
56 63 93
56 70 95
56 71 82
56 72 6
56 74 34
56 75 11
56 78 16
56 79 100
56 80 54
56 82 84
56 84 11
56 87 6
56 92 10
56 93 8
56 96 70
56 97 67
56 98 53
56 100 76
56 102 70
56 104 98
56 105 13
56 106 83
56 107 82
56 108 47
56 110 33
56 113 63
56 114 48
56 116 8
56 117 66
56 118 61
56 122 86
56 125 22
56 126 98
56 127 43
56 129 11
56 131 39
56 134 28
56 135 49
56 137 17
56 138 9
56 143 13
56 144 60
57 58 95
57 61 3
57 62 70
57 64 30
57 68 30
57 70 67
57 71 90
57 73 96
57 76 16
57 79 75
57 81 20
57 83 7
57 84 53
57 85 33
57 87 15
57 88 76
57 89 86
57 90 55
57 98 64
57 99 25
57 100 42
57 102 33
57 103 1
57 105 25
57 107 93
57 108 84
57 110 50
57 111 32
57 112 12
57 117 78
57 118 74
57 120 53
57 124 43
57 126 2
57 129 41
57 137 5
57 139 5
57 142 14
57 143 7
57 146 66
57 148 38
57 149 96
57 150 42
58 60 71
58 62 35
58 64 15
58 66 62
58 67 33
58 68 19
58 69 38
58 70 26
58 71 27
58 73 39
58 76 75
58 77 86
58 78 60
58 95 96
58 99 86
58 100 90
58 108 100
58 111 28
58 113 74
58 121 41
58 122 44
58 124 11
58 126 76
58 127 57
58 128 46
58 129 98
58 130 48
58 132 96
58 133 55
58 134 18
58 137 25
58 138 43
58 142 14
58 144 59
58 145 4
58 147 85
58 150 84
59 64 74
59 65 67
59 69 26
59 78 43
59 79 69
59 82 87
59 87 29
59 88 41
59 89 1
59 92 31
59 96 29
59 97 16
59 98 67
59 101 21
59 102 31
59 103 45
59 104 63
59 105 69
59 107 47
59 108 6
59 109 53
59 117 92
59 118 17
59 123 14
59 126 5
59 132 80
59 134 42
59 136 54
59 137 46
59 140 78
59 142 88
59 147 29
59 150 90
60 61 47
60 62 64
60 65 71
60 68 67
60 70 64
60 71 95
60 72 72
60 74 36
60 75 81
60 77 95
60 80 97
60 84 99
60 85 62
60 88 92
60 91 26
60 92 6
60 94 43
60 98 97
60 100 28
60 102 47
60 104 32
60 105 33
60 107 50
60 109 20
60 114 51
60 120 70
60 121 89
60 123 2
60 124 40
60 127 79
60 129 61
60 130 35
60 131 87
60 133 20
60 134 87
60 135 22
60 136 28
60 138 41
60 139 4
60 140 22
60 142 27
60 143 29
60 144 67
60 147 16
61 64 22
61 68 43
61 69 30
61 70 70
61 72 83
61 73 67
61 75 39
61 77 55
61 81 72
61 82 80
61 83 55
61 87 60
61 88 76
61 89 90
61 90 95
61 92 19
61 95 98
61 98 48
61 99 51
61 101 53
61 103 100
61 104 5
61 106 33
61 107 36
61 110 96
61 115 92
61 118 3
61 119 55
61 121 22
61 128 71
61 129 35
61 133 26
61 135 52
61 139 97
61 140 64
61 142 22
61 143 75
61 145 15
61 146 58
62 70 86
62 72 83
62 78 71
62 80 90
62 82 33
62 85 50
62 90 29
62 91 48
62 92 70
62 93 34
62 97 96
62 100 28
62 101 24
62 103 23
62 104 74
62 108 13
62 110 62
62 111 98
62 114 59
62 119 46
62 120 99
62 121 28
62 123 55
62 125 28
62 126 95
62 128 3
62 130 26
62 133 11
62 139 71
62 141 12
62 142 49
62 143 39
62 144 83
62 149 80
62 150 22
63 65 3
63 66 22
63 67 6
63 69 20
63 72 3
63 73 53
63 81 39
63 85 59
63 91 89
63 92 30
63 93 41
63 94 4
63 96 64
63 97 12
63 99 31
63 108 30
63 109 25
63 114 3
63 118 83
63 122 57
63 124 10
63 127 94
63 128 63
63 130 23
63 131 3
63 135 74
63 137 59
63 138 52
63 140 68
63 141 100
63 143 31
63 148 6
63 149 26
64 67 22
64 70 89
64 73 91
64 74 37
64 79 77
64 81 48
64 85 86
64 87 62
64 94 81
64 95 39
64 96 91
64 97 43
64 98 84
64 100 84
64 102 43
64 103 75
64 104 31
64 105 4
64 110 53
64 111 1
64 112 51
64 114 29
64 117 18
64 120 49
64 121 12
64 127 69
64 128 13
64 133 65
64 134 41
64 137 34
64 139 87
64 147 95
64 149 53
64 150 39
65 77 18
65 78 82
65 81 13
65 85 26
65 89 51
65 92 76
65 97 64
65 99 100
65 100 62
65 102 16
65 103 79
65 107 1
65 108 82
65 109 12
65 112 13
65 113 53
65 115 77
65 116 93
65 117 70
65 119 93
65 120 72
65 121 96
65 122 66
65 124 9
65 125 3
65 127 28
65 129 14
65 130 27
65 131 74
65 132 18
65 134 88
65 137 40
65 139 20
65 143 26
65 145 72
65 146 9
66 69 81
66 71 50
66 75 43
66 76 72
66 78 77
66 80 18
66 81 33
66 83 89
66 85 77
66 94 34
66 99 15
66 106 28
66 119 17
66 121 51
66 122 20
66 124 43
66 127 38
66 128 93
66 134 84
66 135 93
66 142 37
66 146 80
66 149 23
66 150 100
67 68 94
67 69 36
67 72 45
67 74 88
67 76 82
67 77 71
67 80 72
67 83 42
67 84 98
67 86 61
67 87 63
67 88 29
67 89 39
67 95 89
67 96 95
67 97 86
67 102 33
67 105 47
67 106 11
67 107 80
67 108 32
67 109 52
67 110 43
67 111 43
67 115 87
67 124 26
67 126 22
67 129 54
67 130 67
67 132 27
67 135 68
67 138 86
67 142 43
67 145 30
67 146 36
67 147 6
67 150 4
68 69 11
68 70 3
68 72 28
68 73 30
68 74 17
68 78 79
68 79 82
68 81 26
68 88 7
68 91 60
68 94 92
68 97 22
68 100 79
68 103 40
68 105 67
68 106 79
68 110 12
68 113 52
68 114 56
68 116 50
68 119 66
68 122 55
68 124 100
68 127 11
68 128 84
68 131 11
68 134 17
68 136 40
68 139 48
68 147 23
68 148 27
68 149 92
68 150 47
69 70 93
69 75 79
69 76 86
69 77 44
69 78 63
69 79 96
69 80 92
69 83 46
69 86 7
69 87 14
69 105 20
69 107 52
69 108 66
69 109 51
69 111 12
69 113 57
69 115 59
69 120 41
69 121 90
69 124 86
69 126 63
69 132 86
69 136 92
69 138 88
69 141 94
69 143 75
69 144 4
69 146 15
69 147 86
69 148 26
70 71 34
70 74 73
70 76 57
70 78 3
70 81 64
70 82 21
70 88 66
70 93 94
70 95 13
70 98 70
70 101 78
70 103 24
70 107 65
70 108 71
70 109 100
70 110 19
70 111 83
70 112 44
70 116 29
70 117 73
70 119 89
70 121 39
70 125 83
70 127 86
70 128 19
70 132 76
70 133 89
70 134 100
70 138 1
70 146 53
70 150 82
71 77 8
71 79 18
71 80 6
71 83 100
71 85 25
71 86 2
71 91 58
71 93 59
71 94 45
71 96 50
71 99 41
71 105 84
71 108 47
71 112 17
71 117 96
71 120 23
71 124 4
71 126 93
71 130 11
71 131 16
71 132 53
71 133 59
71 134 41
71 138 57
71 142 7
71 145 12
72 73 98
72 74 64
72 75 87
72 76 19
72 81 95
72 82 40
72 83 3
72 84 30
72 85 39
72 87 100
72 89 18
72 93 99
72 94 23
72 95 29
72 97 47
72 98 21
72 100 31
72 104 96
72 106 14
72 109 52
72 112 9
72 113 63
72 115 97
72 119 63
72 122 6
72 123 53
72 124 31
72 125 59
72 126 49
72 127 19
72 129 86
72 130 58
72 133 66
72 134 96
72 138 59
72 139 55
72 140 35
72 141 9
72 144 35
72 146 90
72 147 30
72 149 68
73 75 58
73 77 10
73 78 4
73 82 18
73 84 32
73 85 47
73 88 2
73 89 9
73 90 99
73 91 57
73 92 80
73 93 34
73 94 57
73 95 51
73 97 22
73 99 11
73 101 17
73 102 22
73 103 31
73 104 72
73 106 67
73 109 75
73 110 17
73 111 38
73 112 35
73 115 88
73 120 74
73 124 53
73 125 34
73 126 32
73 128 46
73 130 51
73 132 87
73 133 31
73 136 96
73 138 27
73 140 16
73 142 89
73 144 43
73 146 61
73 148 47
73 149 58
74 75 93
74 76 17
74 78 21
74 79 9
74 80 62
74 82 78
74 84 85
74 86 26
74 87 79
74 89 91
74 90 89
74 91 13
74 95 74
74 96 80
74 97 12
74 103 34
74 106 82
74 108 98
74 109 71
74 110 67
74 113 52
74 115 89
74 118 42
74 119 75
74 120 91
74 122 57
74 126 84
74 129 23
74 134 90
74 136 74
74 137 98
74 140 16
74 145 57
74 149 93
74 150 8
75 77 83
75 80 14
75 83 88
75 84 46
75 85 55
75 88 10
75 89 36
75 93 28
75 95 41
75 97 70
75 99 25
75 105 98
75 107 91
75 108 62
75 110 50
75 116 26
75 118 95
75 119 25
75 122 57
75 124 91
75 131 54
75 132 46
75 134 35
75 138 31
75 139 74
75 140 87
75 141 76
75 143 39
75 144 64
75 145 29
75 146 12
75 150 72
76 82 61
76 87 46
76 89 13
76 90 12
76 91 14
76 93 87
76 96 54
76 97 96
76 102 3
76 103 65
76 105 41
76 107 82
76 114 9
76 116 21
76 120 64
76 124 37
76 125 35
76 130 6
76 132 21
76 135 54
76 136 37
76 137 22
76 140 98
76 144 89
76 147 11
77 78 21
77 85 9
77 89 29
77 90 49
77 92 42
77 95 82
77 96 76
77 99 41
77 100 35
77 102 31
77 103 89
77 105 74
77 107 40
77 108 28
77 111 83
77 115 31
77 116 17
77 117 42
77 118 76
77 120 98
77 122 85
77 125 64
77 127 13
77 135 58
77 138 89
77 139 45
77 140 13
77 142 14
77 144 83
77 145 17
77 146 6
77 149 20
77 150 63
78 80 76
78 82 87
78 83 93
78 86 90
78 87 19
78 90 98
78 91 16
78 94 79
78 95 46
78 96 87
78 101 3
78 102 82
78 104 15
78 110 49
78 115 37
78 117 48
78 122 51
78 123 12
78 125 80
78 128 74
78 131 66
78 133 44
78 134 18
78 136 58
78 137 71
78 141 42
78 142 68
78 143 40
78 145 22
78 146 30
78 148 70
78 149 56
79 85 98
79 86 55
79 88 86
79 89 23
79 91 84
79 92 90
79 94 16
79 98 8
79 99 86
79 100 30
79 105 75
79 106 94
79 108 46
79 110 87
79 112 42
79 113 53
79 114 79
79 115 19
79 116 19
79 118 54
79 120 57
79 122 48
79 125 28
79 127 49
79 130 2
79 133 49
79 134 51
79 135 30
79 136 70
79 138 35
79 139 65
79 140 14
79 143 25
79 145 40
79 149 28
80 83 95
80 85 41
80 86 9
80 90 90
80 93 62
80 94 41
80 98 20
80 101 16
80 107 20
80 109 17
80 110 19
80 116 32
80 119 65
80 123 55
80 128 30
80 130 72
80 131 83
80 133 59
80 141 9
80 142 2
80 143 18
80 145 13
80 146 77
80 149 86
81 83 46
81 93 86
81 95 89
81 100 27
81 102 17
81 103 73
81 104 53
81 106 6
81 111 56
81 113 95
81 117 47
81 119 25
81 125 98
81 127 69
81 128 49
81 129 99
81 133 49
81 137 75
81 141 65
81 143 49
81 148 68
81 149 74
82 88 33
82 90 35
82 94 7
82 98 83
82 106 54
82 111 85
82 113 2
82 118 71
82 119 63
82 122 94
82 123 1
82 125 59
82 126 52
82 128 12
82 137 57
82 138 72
82 143 9
82 144 43
82 145 61
82 148 27
83 88 96
83 89 18
83 98 2
83 99 66
83 100 14
83 104 15
83 105 41
83 107 4
83 109 92
83 111 3
83 115 92
83 116 63
83 118 33
83 121 52
83 122 65
83 123 59
83 124 71
83 127 24
83 131 18
83 132 75
83 133 49
83 135 67
83 137 62
83 138 77
83 141 68
83 144 10
83 145 61
83 146 49
83 150 14
84 92 47
84 96 25
84 99 71
84 100 35
84 111 7
84 115 19
84 120 75
84 121 79
84 123 72
84 126 20
84 129 98
84 132 34
84 134 62
84 135 92
84 138 17
84 142 52
84 143 58
84 146 40
84 149 83
85 87 92
85 88 2
85 92 7
85 93 30
85 94 14
85 95 6
85 102 91
85 104 24
85 106 30
85 108 55
85 109 45
85 110 7
85 111 43
85 113 54
85 114 53
85 117 4
85 118 49
85 119 52
85 126 27
85 128 22
85 133 59
85 134 18
85 137 68
85 144 88
85 145 60
85 148 66
86 88 13
86 91 36
86 92 64
86 95 10
86 101 29
86 102 2
86 105 68
86 106 97
86 108 52
86 111 6
86 114 24
86 115 61
86 120 44
86 121 2
86 123 46
86 124 52
86 125 34
86 126 72
86 129 87
86 130 4
86 132 78
86 135 44
86 136 4
86 138 26
86 140 24
86 141 21
86 142 39
86 145 83
86 147 64
87 89 30
87 90 70
87 92 46
87 93 68
87 95 59
87 103 19
87 104 33
87 107 74
87 111 87
87 113 83
87 114 23
87 119 23
87 123 81
87 126 82
87 128 38
87 130 8
87 131 2
87 132 72
87 136 62
87 137 37
87 138 90
87 140 20
87 141 43
87 142 59
87 143 97
87 144 76
87 147 78
87 148 90
87 150 91
88 92 36
88 93 37
88 94 19
88 100 13
88 102 34
88 106 89
88 107 2
88 110 90
88 111 16
88 118 19
88 121 57
88 123 70
88 127 99
88 131 19
88 136 10
88 138 54
88 139 93
88 142 80
88 144 9
88 145 80
88 147 86
89 93 71
89 94 100
89 95 12
89 103 9
89 110 92
89 117 74
89 123 54
89 127 1
89 129 100
89 130 91
89 131 14
89 132 43
89 134 87
89 136 3
89 138 99
89 141 12
89 142 2
89 148 40
89 150 85
90 91 96
90 96 77
90 97 52
90 104 40
90 106 13
90 108 73
90 109 17
90 110 92
90 111 61
90 115 67
90 118 90
90 120 16
90 125 10
90 126 95
90 127 37
90 128 71
90 135 96
90 141 5
90 144 54
90 145 10
90 149 17
91 92 90
91 93 34
91 96 60
91 99 77
91 101 32
91 102 53
91 105 83
91 107 63
91 112 84
91 116 13
91 119 82
91 123 100
91 133 16
91 135 57
91 136 46
91 137 35
91 140 49
91 142 61
91 143 4
91 145 91
91 148 18
92 93 10
92 95 93
92 96 66
92 97 73
92 99 64
92 101 76
92 102 36
92 107 52
92 112 61
92 118 72
92 122 6
92 126 17
92 127 4
92 134 64
92 135 22
92 138 75
92 139 99
92 141 10
92 142 38
92 143 20
92 144 25
92 147 95
92 148 87
92 150 29
93 95 34
93 96 62
93 98 84
93 99 50
93 103 8
93 105 96
93 110 52
93 112 99
93 115 73
93 117 86
93 118 54
93 119 86
93 120 55
93 125 31
93 126 15
93 131 80
93 141 93
93 143 70
93 145 16
93 146 97
93 147 51
93 148 96
94 99 47
94 101 79
94 102 39
94 105 71
94 110 98
94 114 65
94 115 86
94 118 98
94 123 21
94 126 76
94 127 78
94 130 40
94 132 86
94 133 13
94 135 77
94 139 79
94 140 71
94 141 82
94 143 70
94 144 97
94 146 84
94 148 24
95 100 36
95 101 9
95 103 87
95 108 37
95 110 54
95 112 36
95 113 71
95 120 18
95 122 56
95 125 26
95 127 51
95 128 73
95 130 52
95 133 39
95 134 72
95 136 84
95 137 17
95 139 86
95 140 88
95 141 91
95 142 85
95 143 43
95 144 48
95 146 91
95 147 55
95 148 25
95 149 14
95 150 89
96 97 81
96 98 95
96 99 3
96 104 90
96 105 33
96 110 33
96 111 78
96 113 94
96 116 7
96 118 51
96 120 73
96 126 18
96 127 53
96 128 99
96 129 63
96 131 55
96 132 79
96 137 29
96 138 78
96 139 19
96 140 24
96 142 80
96 144 70
96 145 58
96 146 78
97 98 85
97 99 74
97 106 9
97 107 29
97 110 73
97 111 85
97 113 14
97 118 19
97 120 73
97 121 22
97 125 99
97 126 95
97 128 49
97 129 61
97 134 19
97 136 4
97 137 85
97 142 82
97 145 71
97 149 28
98 101 21
98 102 23
98 105 18
98 108 56
98 122 2
98 123 70
98 124 75
98 125 19
98 126 4
98 127 90
98 129 75
98 132 54
98 133 23
98 134 28
98 136 79
98 141 24
98 142 99
98 143 96
98 147 70
98 150 78
99 100 29
99 101 51
99 103 97
99 108 28
99 109 20
99 111 79
99 113 98
99 114 92
99 115 37
99 116 64
99 121 100
99 126 77
99 127 87
99 129 13
99 133 58
99 136 83
99 137 14
99 141 3
99 142 92
99 143 72
99 147 30
99 149 12
100 101 78
100 102 53
100 103 93
100 104 41
100 105 68
100 108 31
100 117 100
100 124 58
100 125 34
100 126 18
100 128 53
100 130 47
100 135 5
100 136 84
100 137 39
100 143 34
100 144 34
100 145 57
100 147 97
100 149 51
101 105 15
101 107 45
101 108 70
101 109 80
101 110 95
101 112 63
101 123 58
101 124 38
101 125 29
101 127 38
101 128 68
101 131 42
101 132 32
101 140 12
101 147 20
101 150 35
102 103 20
102 107 9
102 109 43
102 113 64
102 114 17
102 115 64
102 117 70
102 118 64
102 120 5
102 121 79
102 124 81
102 125 43
102 126 89
102 129 67
102 131 88
102 133 91
102 136 28
102 137 32
102 140 66
102 145 45
102 146 62
102 147 98
103 110 4
103 112 15
103 124 30
103 125 82
103 126 89
103 129 82
103 133 43
103 142 69
103 143 83
103 148 26
103 149 70
103 150 77
104 108 65
104 111 2
104 117 84
104 118 46
104 119 57
104 120 61
104 121 10
104 122 86
104 124 83
104 125 66
104 128 19
104 131 73
104 134 63
104 136 68
104 137 74
104 141 43
104 142 59
104 143 99
104 148 94
104 149 14
105 106 27
105 111 59
105 116 9
105 118 33
105 119 46
105 122 26
105 123 46
105 124 63
105 125 35
105 129 33
105 134 15
105 136 70
105 138 58
105 140 70
105 144 50
105 145 13
105 147 12
105 148 16
106 107 69
106 113 95
106 114 35
106 120 70
106 121 81
106 124 24
106 128 5
106 129 43
106 132 71
106 133 15
106 138 20
106 139 46
106 142 77
106 148 95
106 150 20
107 113 74
107 123 1
107 124 37
107 127 26
107 131 74
107 135 19
107 136 20
107 137 83
107 141 64
107 143 33
107 148 54
107 149 13
108 110 61
108 115 64
108 116 44
108 119 58
108 120 65
108 122 44
108 123 66
108 124 59
108 125 83
108 127 20
108 130 16
108 132 76
108 133 82
108 135 89
108 137 27
108 138 37
108 142 86
108 144 28
108 145 68
108 148 33
108 150 79
109 110 67
109 111 1
109 118 61
109 119 64
109 120 39
109 122 61
109 128 36
109 131 86
109 133 5
109 134 32
109 140 33
109 145 79
110 112 79
110 113 77
110 115 84
110 116 46
110 117 73
110 118 28
110 120 55
110 125 21
110 126 56
110 127 31
110 128 66
110 129 51
110 132 71
110 134 65
110 137 26
110 139 78
110 143 74
110 144 91
110 148 1
110 150 76
111 112 89
111 113 6
111 114 86
111 115 90
111 117 40
111 118 16
111 121 40
111 125 8
111 128 83
111 129 49
111 131 42
111 133 46
111 134 85
111 137 77
111 143 24
111 144 77
111 145 16
111 147 93
111 150 50
112 114 71
112 115 55
112 119 39
112 121 38
112 128 68
112 132 41
112 136 9
112 137 26
112 139 43
112 140 78
112 141 70
112 146 69
112 147 91
112 148 59
113 115 56
113 118 54
113 119 26
113 123 97
113 125 35
113 128 59
113 133 53
113 134 45
113 136 38
113 142 8
113 143 35
113 145 36
113 147 64
113 148 1
114 115 43
114 116 12
114 119 34
114 120 59
114 131 84
114 133 59
114 135 52
114 137 98
114 138 23
114 139 68
114 147 65
114 150 34
115 116 7
115 118 46
115 119 21
115 124 73
115 128 46
115 129 86
115 131 8
115 132 3
115 134 3
115 136 48
115 140 12
115 141 24
115 148 45
115 149 66
115 150 81
116 118 3
116 120 75
116 122 80
116 127 26
116 131 35
116 133 35
116 134 83
116 136 54
116 138 76
116 141 98
116 148 57
116 150 91
117 119 89
117 123 55
117 124 57
117 125 42
117 127 48
117 130 42
117 131 11
117 133 87
117 136 73
117 141 91
117 144 61
118 119 67
118 120 31
118 121 51
118 125 63
118 126 75
118 127 39
118 130 82
118 134 38
118 138 8
118 148 18
118 149 1
118 150 27
119 122 23
119 123 74
119 125 23
119 126 98
119 130 20
119 144 29
119 146 4
119 147 84
120 124 22
120 125 69
120 127 91
120 129 33
120 135 81
120 137 22
120 141 79
120 147 67
120 148 94
121 122 62
121 124 18
121 132 36
121 133 31
121 134 97
121 137 5
121 138 13
121 144 22
121 150 21
122 126 95
122 128 12
122 129 68
122 131 84
122 133 85
122 135 80
122 136 52
122 141 69
122 144 40
122 146 41
122 147 53
123 124 37
123 125 76
123 126 44
123 128 46
123 129 4
123 134 10
123 136 1
123 138 86
123 145 20
123 149 38
123 150 48
124 128 61
124 129 85
124 130 65
124 131 6
124 133 3
124 134 47
124 136 79
124 138 21
124 140 76
124 141 86
124 146 27
124 148 54
124 150 59
125 126 17
125 130 90
125 137 23
125 138 34
125 139 37
125 140 66
125 143 18
125 144 37
126 128 33
126 129 29
126 136 13
126 137 60
126 140 30
126 142 20
126 145 68
126 149 68
126 150 44
127 133 40
127 134 93
127 135 42
127 136 88
127 137 42
127 139 72
127 141 19
127 147 70
127 148 52
127 149 12
128 131 43
128 134 71
128 135 59
128 144 44
128 145 31
128 147 55
128 149 54
128 150 24
129 133 76
129 140 20
129 147 25
130 131 93
130 133 87
130 137 11
130 141 80
130 150 55
131 133 81
131 138 38
131 139 64
131 140 84
131 141 71
131 142 56
131 143 1
131 144 80
131 145 61
131 147 93
131 148 12
132 133 73
132 136 22
132 138 89
132 141 55
132 143 84
132 145 89
132 146 92
132 147 80
133 134 91
133 136 59
133 138 61
133 141 75
133 142 71
133 143 87
133 144 11
133 146 8
133 150 58
134 137 44
134 141 19
134 145 11
134 148 18
134 149 34
134 150 58
135 137 26
135 140 95
135 141 28
135 145 8
135 148 34
135 150 59
136 137 7
136 142 43
136 144 22
136 147 27
136 149 75
137 141 52
137 142 68
137 148 77
138 139 2
138 141 93
138 146 57
138 148 61
138 150 61
139 141 77
139 145 64
139 146 78
139 150 11
140 141 39
140 144 16
140 145 48
140 146 29
140 149 7
141 144 50
141 147 56
141 148 23
142 143 21
142 148 86
142 149 97
142 150 49
143 145 98
143 146 73
143 147 96
143 149 35
144 146 81
145 147 29
146 149 89
146 150 14
147 148 62
147 149 17
147 150 11
149 150 68
1 3 28
1 4 80
1 6 68
1 7 72
1 8 93
1 9 17
1 10 5
1 11 59
1 12 78
1 13 9
1 14 87
1 15 19
1 17 86
1 18 31
1 20 49
1 25 77
1 26 5
1 27 67
1 29 61
1 30 89
1 33 40
1 36 67
1 40 47
1 43 85
1 45 99
1 47 10
1 51 92
1 54 49
1 55 91
1 57 39
1 63 17
1 64 14
1 65 47
1 67 17
1 72 60
1 73 43
1 74 53
1 77 70
1 79 61
1 80 84
1 84 32
1 88 21
1 89 77
1 91 25
1 95 89
1 96 66
1 97 29
1 100 79
1 104 39
1 107 41
1 110 21
1 114 47
1 120 53
1 123 40
1 126 50
1 127 72
1 128 23
1 130 43
1 131 68
1 132 33
1 134 92
1 140 38
1 144 7
1 145 84
1 146 88
1 147 43
1 148 19
1 149 38
2 5 62
2 8 70
2 11 82
2 12 12
2 13 2
2 16 21
2 17 64
2 18 51
2 21 27
2 25 16
2 26 7
2 27 28
2 28 84
2 29 19
2 30 55
2 34 74
2 36 91
2 38 1
2 39 1
2 40 23
2 46 53
2 48 20
2 50 44
2 51 58
2 53 75
2 54 46
2 57 30
2 62 70
2 65 70
2 68 47
2 69 15
2 70 28
2 71 25
2 72 6
2 74 18
2 78 20
2 86 68
2 87 100
2 92 36
2 95 21
2 99 22
2 101 40
2 102 93
2 103 96
2 105 42
2 109 32
2 111 55
2 114 72
2 115 4
2 121 66
2 125 17
2 127 91
2 130 75
2 131 88
2 136 25
2 139 21
2 142 75
2 147 76
3 10 17
3 16 29
3 21 52
3 25 13
3 27 94
3 31 34
3 33 73
3 35 47
3 36 10
3 37 73
3 38 2
3 39 58
3 42 87
3 44 9
3 45 41
3 46 33
3 47 46
3 48 73
3 59 63
3 60 84
3 65 99
3 66 10
3 67 78
3 68 81
3 69 21
3 73 26
3 74 87
3 75 26
3 76 61
3 79 2
3 82 51
3 83 63
3 84 58
3 87 43
3 89 51
3 95 43
3 96 12
3 99 63
3 100 79
3 103 17
3 105 70
3 111 51
3 112 9
3 116 46
3 117 88
3 119 90
3 122 31
3 124 10
3 125 28
3 127 10
3 131 75
3 132 23
3 135 84
3 136 28
3 137 22
3 138 14
3 139 11
3 141 20
3 143 42
3 147 13
3 150 16
4 7 81
4 8 47
4 10 51
4 11 41
4 14 14
4 19 97
4 21 39
4 24 69
4 26 6
4 28 87
4 29 5
4 34 86
4 36 15
4 38 21
4 40 14
4 41 55
4 43 43
4 44 39
4 45 29
4 46 91
4 47 94
4 51 35
4 53 60
4 54 14
4 57 81
4 59 4
4 60 60
4 66 98
4 69 26
4 70 86
4 72 44
4 74 74
4 75 50
4 85 97
4 86 35
4 91 23
4 92 64
4 93 82
4 97 13
4 99 95
4 101 74
4 102 81
4 104 30
4 105 10
4 108 4
4 109 35
4 116 85
4 121 54
4 124 26
4 126 60
4 131 66
4 132 85
4 134 93
4 140 10
4 141 73
4 142 59
4 146 87
4 147 96
4 149 26
4 150 36
5 9 94
5 13 25
5 14 29
5 17 72
5 18 82
5 23 24
5 26 89
5 29 56
5 30 100
5 32 92
5 38 100
5 39 82
5 40 33
5 41 75
5 47 48
5 48 53
5 49 17
5 53 90
5 54 31
5 66 16
5 72 48
5 74 33
5 77 70
5 79 88
5 82 41
5 83 2
5 84 92
5 86 52
5 87 42
5 88 33
5 91 21
5 94 50
5 95 62
5 96 62
5 97 85
5 98 59
5 101 12
5 102 36
5 110 99
5 111 38
5 113 28
5 114 98
5 120 27
5 122 13
5 123 65
5 126 47
5 128 63
5 129 10
5 130 24
5 131 2
5 132 59
5 134 66
5 135 61
5 138 2
5 139 48
5 142 72
5 147 75
5 149 1
5 150 42
6 7 29
6 10 37
6 11 29
6 13 24
6 14 94
6 21 9
6 27 21
6 28 74
6 30 45
6 33 39
6 34 51
6 36 23
6 37 13
6 39 41
6 42 70
6 44 80
6 46 87
6 51 27
6 54 49
6 60 34
6 61 95
6 68 61
6 71 2
6 72 66
6 73 64
6 76 26
6 79 40
6 83 23
6 84 22
6 85 84
6 86 28
6 87 57
6 89 53
6 90 89
6 91 90
6 93 38
6 94 71
6 100 58
6 102 57
6 104 68
6 108 78
6 110 49
6 112 49
6 114 30
6 120 82
6 124 63
6 125 24
6 126 90
6 127 62
6 131 26
6 132 43
6 134 33
6 135 30
6 136 35
6 138 78
6 141 23
6 143 64
6 144 99
6 145 94
6 146 22
6 147 10
6 149 67
6 150 43
7 15 57
7 17 31
7 25 67
7 26 60
7 27 43
7 28 62
7 29 19
7 30 67
7 32 98
7 33 79
7 35 40
7 38 40
7 40 73
7 41 96
7 45 27
7 48 69
7 55 39
7 58 86
7 62 67
7 64 78
7 65 89
7 67 74
7 69 94
7 71 95
7 74 56
7 80 6
7 82 90
7 83 94
7 84 52
7 85 8
7 90 32
7 92 9
7 94 32
7 95 82
7 97 27
7 98 46
7 105 36
7 109 45
7 112 3
7 116 67
7 118 64
7 121 91
7 122 60
7 125 56
7 131 33
7 133 14
7 134 92
7 140 57
7 148 76
8 11 13
8 12 64
8 14 2
8 15 100
8 16 52
8 21 54
8 24 11
8 25 84
8 26 20
8 28 80
8 31 92
8 35 42
8 44 16
8 45 14
8 47 49
8 49 53
8 50 92
8 54 74
8 55 57
8 56 12
8 57 33
8 59 82
8 60 30
8 61 56
8 63 32
8 64 73
8 65 11
8 66 90
8 67 4
8 71 77
8 77 54
8 79 68
8 85 88
8 88 68
8 89 23
8 90 8
8 95 79
8 97 25
8 98 58
8 100 66
8 102 55
8 103 55
8 104 20
8 107 44
8 112 72
8 116 24
8 120 74
8 132 84
8 133 36
8 134 65
8 140 91
8 141 38
8 143 46
8 146 36
8 149 76
8 150 78
9 11 35
9 15 49
9 17 93
9 20 90
9 21 98
9 23 13
9 31 75
9 32 12
9 35 72
9 36 28
9 37 76
9 39 50
9 40 45
9 43 37
9 45 77
9 47 20
9 48 2
9 49 36
9 50 100
9 51 61
9 52 43
9 53 97
9 55 6
9 56 98
9 58 22
9 59 26
9 60 10
9 61 46
9 62 79
9 63 51
9 66 73
9 67 97
9 68 68
9 76 45
9 79 31
9 82 68
9 83 96
9 89 65
9 94 81
9 95 57
9 99 30
9 102 60
9 103 53
9 104 62
9 107 85
9 108 44
9 110 87
9 112 83
9 116 13
9 117 49
9 120 27
9 122 66
9 126 80
9 131 3
9 132 53
9 134 47
9 140 23
9 141 80
9 142 44
9 143 50
9 145 48
9 149 44
9 150 33
10 11 2
10 13 34
10 14 35
10 15 98
10 19 70
10 21 62
10 22 80
10 23 36
10 25 15
10 34 3
10 35 45
10 36 85
10 38 79
10 43 72
10 44 38
10 45 63
10 48 10
10 51 49
10 52 90
10 59 8
10 61 10
10 62 62
10 68 72
10 72 38
10 73 13
10 76 94
10 80 8
10 83 43
10 84 99
10 85 48
10 86 59
10 90 34
10 94 37
10 96 18
10 100 61
10 101 25
10 104 62
10 105 90
10 108 24
10 111 15
10 116 20
10 117 77
10 119 49
10 121 57
10 122 33
10 125 71
10 127 58
10 130 98
10 133 41
10 134 74
10 140 17
10 142 10
10 145 70
11 12 62
11 13 21
11 18 49
11 19 90
11 20 13
11 22 92
11 26 71
11 28 65
11 30 12
11 32 66
11 36 28
11 37 23
11 38 2
11 41 95
11 45 93
11 51 56
11 52 40
11 53 91
11 58 60
11 59 59
11 60 35
11 65 97
11 66 40
11 73 56
11 75 51
11 79 36
11 81 98
11 83 99
11 86 20
11 88 11
11 91 27
11 92 93
11 96 29
11 98 27
11 99 34
11 100 1
11 103 47
11 108 79
11 110 72
11 111 9
11 112 50
11 114 39
11 115 37
11 120 52
11 123 49
11 124 35
11 125 20
11 129 36
11 131 75
11 132 71
11 137 52
11 140 51
11 141 27
11 144 56
11 146 36
11 148 95
12 13 59
12 16 20
12 17 58
12 19 45
12 21 11
12 22 70
12 23 31
12 25 57
12 26 49
12 27 3
12 28 78
12 30 21
12 31 77
12 35 35
12 37 13
12 46 8
12 51 23
12 53 6
12 54 13
12 61 42
12 64 20
12 66 93
12 67 79
12 72 46
12 73 52
12 74 97
12 76 16
12 78 41
12 81 96
12 82 37
12 84 13
12 89 81
12 95 91
12 99 74
12 100 5
12 102 16
12 103 14
12 108 77
12 115 22
12 117 92
12 120 36
12 125 49
12 126 46
12 129 61
12 131 37
12 132 70
12 137 68
12 138 43
12 140 25
12 142 22
12 150 42
13 19 84
13 24 49
13 26 26
13 27 3
13 29 46
13 30 74
13 31 97
13 32 4
13 35 24
13 38 58
13 39 67
13 43 56
13 53 82
13 56 37
13 57 7
13 62 10
13 68 48
13 71 14
13 72 58
13 74 49
13 77 57
13 79 95
13 80 32
13 81 20
13 85 62
13 87 89
13 90 2
13 91 12
13 97 30
13 100 75
13 102 65
13 105 8
13 114 30
13 116 96
13 117 100
13 119 45
13 120 82
13 121 47
13 125 50
13 126 54
13 128 97
13 130 16
13 140 47
13 142 80
14 17 30
14 18 73
14 19 91
14 21 52
14 26 47
14 30 75
14 31 47
14 32 100
14 33 46
14 34 12
14 36 52
14 40 12
14 43 32
14 44 48
14 46 78
14 50 21
14 51 33
14 53 75
14 54 71
14 55 93
14 58 50
14 60 87
14 61 27
14 63 49
14 69 89
14 70 21
14 71 74
14 72 87
14 73 28
14 75 43
14 76 93
14 77 76
14 78 69
14 79 52
14 81 1
14 82 33
14 88 56
14 89 15
14 91 7
14 97 62
14 98 4
14 99 26
14 104 26
14 106 80
14 108 23
14 109 94
14 111 35
14 113 98
14 114 38
14 116 28
14 118 60
14 121 7
14 123 75
14 126 36
14 130 29
14 132 59
14 133 99
14 135 20
14 138 45
14 142 78
14 147 8
14 149 79
14 150 14
15 16 5
15 17 39
15 19 92
15 22 47
15 28 59
15 30 37
15 31 5
15 38 15
15 53 72
15 54 51
15 55 51
15 59 33
15 60 24
15 62 43
15 63 26
15 67 83
15 68 46
15 70 31
15 71 4
15 72 2
15 75 65
15 76 3
15 77 38
15 79 75
15 83 42
15 87 68
15 88 38
15 95 93
15 104 50
15 105 9
15 113 47
15 114 80
15 115 41
15 122 55
15 123 27
15 125 6
15 132 40
15 133 37
15 134 15
15 135 81
15 137 34
15 139 54
15 140 46
15 142 24
15 143 11
15 144 14
15 148 43
15 149 5
15 150 33
16 20 95
16 22 65
16 27 14
16 29 81
16 32 55
16 35 15
16 36 43
16 38 85
16 41 9
16 44 55
16 47 88
16 49 53
16 50 13
16 51 12
16 52 44
16 53 65
16 55 43
16 58 27
16 61 85
16 62 30
16 63 98
16 66 72
16 67 5
16 69 5
16 70 73
16 74 79
16 75 69
16 78 1
16 80 32
16 81 56
16 82 51
16 83 39
16 87 35
16 88 1
16 89 11
16 94 29
16 98 9
16 100 50
16 101 52
16 102 68
16 105 98
16 108 63
16 109 11
16 113 62
16 114 84
16 119 66
16 120 41
16 122 37
16 123 98
16 124 85
16 126 25
16 127 65
16 128 93
16 129 92
16 131 65
16 134 22
16 136 29
16 140 76
16 144 84
17 21 42
17 22 91
17 23 37
17 24 5
17 25 48
17 28 3
17 29 30
17 32 15
17 33 74
17 36 47
17 38 67
17 39 9
17 48 9
17 49 99
17 51 46
17 57 3
17 59 21
17 61 69
17 65 60
17 68 39
17 72 62
17 74 15
17 76 43
17 78 32
17 82 8
17 83 71
17 84 40
17 86 49
17 89 54
17 93 59
17 96 80
17 99 17
17 101 57
17 106 94
17 107 10
17 109 71
17 110 59
17 111 88
17 114 62
17 116 17
17 119 14
17 120 35
17 121 85
17 123 46
17 124 28
17 126 55
17 131 65
17 133 26
17 134 50
17 135 75
17 136 68
17 138 54
17 146 1
17 147 49
18 20 14
18 27 25
18 31 71
18 33 47
18 34 31
18 37 26
18 40 60
18 41 72
18 44 78
18 46 19
18 47 52
18 50 30
18 53 51
18 55 29
18 58 35
18 59 78
18 62 9
18 63 73
18 64 85
18 65 96
18 71 28
18 72 7
18 77 71
18 78 90
18 79 4
18 81 10
18 82 70
18 84 86
18 85 66
18 87 79
18 89 11
18 93 13
18 95 13
18 96 91
18 100 1
18 102 8
18 105 74
18 106 29
18 110 4
18 111 73
18 112 39
18 113 45
18 114 58
18 121 23
18 123 80
18 129 10
18 131 30
18 132 93
18 133 90
18 134 25
18 136 88
18 137 10
18 140 21
18 141 23
18 142 59
18 143 57
18 144 21
18 145 94
18 149 83
18 150 44
19 20 37
19 26 64
19 27 50
19 28 23
19 29 20
19 31 64
19 32 83
19 36 6
19 39 76
19 40 1
19 41 1
19 43 21
19 46 84
19 48 13
19 49 91
19 51 17
19 53 54
19 54 96
19 56 91
19 57 70
19 61 72
19 62 90
19 66 53
19 67 30
19 69 31
19 71 78
19 82 83
19 84 98
19 86 6
19 88 38
19 89 68
19 91 8
19 94 54
19 96 75
19 97 29
19 99 50
19 101 13
19 104 67
19 108 17
19 109 100
19 112 9
19 115 30
19 117 29
19 119 2
19 120 25
19 124 29
19 125 7
19 126 34
19 127 86
19 133 35
19 137 31
19 138 10
19 139 81
19 142 37
19 143 31
19 144 16
19 146 86
20 21 94
20 26 66
20 28 79
20 33 93
20 34 13
20 36 78
20 37 13
20 38 46
20 41 90
20 42 65
20 44 65
20 48 78
20 49 18
20 53 20
20 57 39
20 59 9
20 61 79
20 64 80
20 65 21
20 70 31
20 74 71
20 76 86
20 81 78
20 83 25
20 84 19
20 88 55
20 91 44
20 99 44
20 108 11
20 109 37
20 111 40
20 113 72
20 116 71
20 117 20
20 119 3
20 125 71
20 128 59
20 129 9
20 131 45
20 139 61
20 140 43
20 143 41
