0.000000
0.000000
0.000000
0.000000
0.000000
0.000000
0.000000
0.000000
0.000000
18762000.000000
0.000000
0.000000
0.000000
0.000000
0.000000
31237000.000000
15582000.000000
0.000000
0.000000
0.000000
0.000000
0.000000
15658000.000000
0.000000
0.000000
0.000000
15669000.000000
0.000000
0.000000
0.000000
0.000000
0.000000
0.000000
0.000000
15621000.000000
0.000000
0.000000
0.000000
0.000000
16888000.000000
0.000000
15621000.000000
0.000000
0.000000
0.000000
0.000000
0.000000
0.000000
0.000000
0.000000
0.000000
0.000000
0.000000
0.000000
0.000000
0.000000
0.000000
0.000000
0.000000
0.000000
0.000000
0.000000
0.000000
0.000000
0.000000
15622000.000000
0.000000
0.000000
15622000.000000
0.000000
0.000000
0.000000
15670000.000000
0.000000
0.000000
0.000000
0.000000
15621000.000000
0.000000
0.000000
0.000000
0.000000
0.000000
0.000000
0.000000
0.000000
0.000000
0.000000
0.000000
0.000000
0.000000
0.000000
0.000000
0.000000
0.000000
0.000000
0.000000
0.000000
15662000.000000
0.000000
